10
2.19757,4.79009,3.92601,2.85355,4.22815,3.45509,5.15339,3.6146,3.44609,4.12116
3.63495,4.97393,3.6367,4.01103,4.92789,4.78178,4.8276,3.08805,3.75567,5.03948
5.06702,3.43912,3.41876,4.73565,4.3958,3.22415,2.80769,4.04832,4.62183,5.02423
1.77972,3.71712,4.95847,3.26608,5.53287,4.06027,4.39603,4.55362,3.87353,4.59203
4.52732,3.84634,3.19476,2.37622,3.11296,3.88153,4.23907,3.50859,1.35219,3.16718
4.46801,4.76808,3.34419,3.08389,3.36473,5.59639,2.99694,5.23766,4.32521,2.19078
4.54813,2.0915,3.34039,2.07912,3.84899,3.73953,5.42769,5.27162,2.37871,4.92972
3.33112,4.24034,4.75691,4.25323,4.14152,4.93091,4.3087,4.3274,3.71234,2.53868
2.94711,4.48782,3.6445,4.29953,3.37174,4.0485,5.68219,4.33324,4.37231,3.31666
4.37365,4.12958,3.92001,3.70546,4.86251,4.12876,3.72675,2.04243,3.13692,4.04449
4.05485,5.29437,3.20332,2.09893,3.56589,3.67235,2.73429,4.73477,4.98273,4.81229
3.68472,3.41029,4.26447,3.40846,3.66918,5.04462,4.59569,4.76829,3.12825,3.50821
4.74785,3.91679,2.53616,3.22855,4.28193,6.42468,3.72949,4.61402,4.91996,3.15176
2.90535,3.324,4.13797,5.34655,4.22568,5.30005,3.42839,2.95608,3.45464,4.49597
3.82297,4.27641,5.26212,4.81302,3.84952,4.8815,3.10752,2.97277,3.32139,3.87909
4.2222,4.20238,4.22955,2.72037,3.39452,4.4158,2.73141,3.70634,2.4365,4.61179
6.13151,3.54902,3.17234,4.30193,4.14352,3.81769,3.2581,2.64933,3.59422,4.52235
4.44188,3.78266,3.86079,1.99347,4.05661,2.39839,5.74528,6.88239,3.50091,2.72013
5.00342,3.92738,4.3138,3.6221,4.48195,5.19231,5.32838,3.90186,3.91914,2.73727
4.34595,5.03324,4.05012,5.57591,3.17057,4.05473,4.47312,5.08305,4.46167,4.67603
3.2831,4.40942,4.12062,6.05851,3.60585,4.25813,5.40112,4.95089,4.93724,4.65085
4.43761,6.19456,2.51511,2.79146,5.08967,6.15014,4.07089,3.98381,4.11215,2.34604
3.31575,5.28625,5.2523,5.59466,2.14654,3.05003,4.34534,5.80642,5.68455,3.57395
5.14049,4.51728,3.45359,4.46216,5.69014,3.5104,5.72228,3.336,3.35382,2.42969
4.90317,4.08783,3.40276,4.34856,2.4521,4.86952,4.36763,4.01096,3.74918,3.07469
2.76108,4.82089,3.54852,4.21067,4.60138,3.01501,3.51634,4.92722,3.29281,5.65954
2.82729,3.65682,5.55046,4.82973,3.24795,3.4636,3.77173,3.5273,4.62841,2.96388
3.77047,1.71536,2.425,2.784,5.11257,4.01139,3.57274,3.92068,4.6403,3.71978
3.26971,2.5801,4.92537,4.80964,3.69061,2.80092,4.67479,6.0452,3.14866,3.64156
4.50534,5.0503,4.07895,4.85471,2.69249,2.5935,2.89375,3.8686,4.23956,5.00237
2.66212,2.53104,4.15978,5.33771,5.00966,5.10828,3.8046,5.05493,2.35797,4.77576
3.45836,5.6007,2.85396,1.96132,4.40281,2.33233,5.27328,3.93506,6.00102,4.63771
2.83089,3.88761,3.86493,3.47045,4.03376,4.46385,2.56352,3.94165,4.71007,4.75874
4.69452,6.03302,4.20469,5.67834,3.05829,4.1472,5.08577,3.47178,4.81287,4.09464
3.55279,2.7127,3.1797,4.18075,3.77274,5.14412,3.77233,1.88351,3.46818,4.39548
3.82578,2.83187,4.67015,4.00123,1.20478,4.31377,3.07758,4.44043,4.1647,3.6379
3.30124,2.17182,4.30794,3.14676,4.98196,4.91656,4.88767,3.01295,4.13427,4.7091
2.84945,3.62828,2.5823,4.43932,2.9006,3.49612,3.58971,2.9657,4.98746,3.55823
4.20874,4.89325,5.17487,4.38753,4.77174,3.21951,4.01299,4.06674,5.59211,4.27597
2.35184,4.44959,2.13407,2.44849,4.52332,4.69995,3.50092,4.24376,3.01343,4.23409
4.3749,3.63601,3.50836,4.17783,3.52221,4.32976,4.08496,3.25072,4.3591,3.78982
2.0465,3.39777,2.10822,3.80872,4.87466,3.65719,3.61926,6.07741,6.16137,6.64491
4.02522,4.55681,4.97323,4.01289,5.28287,4.13153,3.73715,4.05382,2.40662,4.96041
2.75888,2.89598,4.29831,3.81972,4.71304,3.16116,3.30179,4.46647,3.01625,5.03497
3.86528,4.11341,4.69667,3.87214,3.84164,3.82674,3.89602,2.541,3.17247,4.48457
5.19373,4.17963,3.02496,5.21575,5.74446,4.43226,3.43118,5.62604,2.59805,4.77135
4.80192,3.73269,5.17007,3.85375,2.86499,2.69594,4.42426,5.86539,3.22693,4.61382
2.61308,6.14503,4.23537,4.24805,6.08243,4.80972,4.0002,4.22564,5.31853,4.44124
3.28335,3.16943,4.58866,5.23402,2.60052,3.46321,4.63469,5.28306,2.64912,2.88026
3.73892,4.44039,3.25415,3.91952,4.5703,4.1617,2.53085,4.4286,3.01257,3.95751
2.9487,5.22854,3.16938,3.56256,4.92579,3.29617,3.63469,4.38666,4.12898,3.72275
3.89368,4.28245,4.10386,3.72466,4.96532,4.56728,5.29248,4.432,4.29655,4.96475
5.82982,3.95784,3.15443,1.96841,3.34668,4.01622,2.76969,3.79696,3.7198,4.31983
5.41575,5.33102,5.97236,5.40803,3.86008,4.01436,3.87493,1.69071,6.08852,5.75885
2.42795,3.78249,4.32834,3.65464,5.34147,3.25524,4.71199,3.4081,3.21165,3.7667
3.62041,4.22604,2.57052,4.86601,2.92111,4.98849,3.15881,2.61981,5.24546,3.8365
1.68755,4.37583,3.50851,2.76829,4.26925,3.87594,4.58522,4.95683,5.55914,3.74144
3.51607,4.24227,3.26989,3.33747,4.04614,4.84284,2.76791,3.94364,5.03787,6.42259
5.50758,4.16613,4.56708,2.7719,2.45231,2.9522,4.28413,5.8373,4.45955,3.22638
3.6378,4.01055,2.40603,1.9847,3.94468,5.65079,4.17856,2.52217,3.39853,4.45644
5.18663,3.82549,2.96224,4.94213,4.44593,2.89079,4.27954,4.52724,3.93987,5.10996
2.39225,1.98913,3.7702,6.15657,2.2093,2.98525,5.16147,4.67587,4.75911,2.66673
3.86898,4.4937,4.0599,3.90776,4.31728,3.85177,4.42917,4.60512,5.75421,2.23116
5.0205,2.74354,5.75309,5.04935,4.33382,4.89312,2.41234,4.66654,2.55169,4.69433
5.55296,4.76125,3.90438,3.88544,3.02518,4.40844,3.23456,2.90536,5.28774,6.71496
3.65527,5.32341,4.61098,5.29788,4.30401,3.36469,3.73653,3.10379,4.61657,5.18266
5.08618,3.53332,3.63601,2.98946,2.15363,2.84632,4.56171,2.6666,4.94195,2.81588
3.90969,3.85042,3.96942,3.92325,2.6693,3.95298,3.85005,3.90669,5.04219,4.97139
3.70626,5.28706,3.17719,4.48609,2.03415,5.15822,3.83821,2.97944,3.49281,2.844
2.87993,3.70775,4.56354,4.65621,2.77749,3.18969,4.64991,3.56791,3.08047,3.68364
4.22257,5.73016,2.53526,5.88954,3.50151,4.28156,4.22563,4.95427,4.18831,2.57154
3.65864,3.28393,2.69918,4.51003,5.10707,4.3806,3.30087,3.9883,2.99255,4.01054
3.52879,2.88626,3.82866,5.62633,5.36647,3.74156,3.5915,5.27085,3.26334,3.94369
3.7693,3.78507,5.47579,3.5505,3.75836,3.91696,4.22249,4.34877,4.39669,2.93787
4.01056,3.74062,2.96783,4.77869,4.57682,5.81425,3.3204,2.8753,2.59844,4.06212
4.28677,4.64333,5.8258,4.7116,6.44633,3.19539,2.31057,4.14715,4.72909,3.10153
3.25657,4.48008,4.085,6.21794,4.00242,4.07999,4.29661,3.7338,3.59639,4.20655
3.86264,4.11555,5.16332,2.18577,4.58958,2.27491,2.62499,4.26117,4.31211,3.76691
4.40713,3.35602,5.32166,4.19296,4.46688,3.50165,4.71975,3.80682,4.42125,3.71872
2.87549,4.04026,3.02689,5.17308,4.62361,2.9058,3.01667,5.42717,4.49873,3.75705
2.79021,3.00061,3.84511,4.70093,5.11256,2.49891,5.15885,2.65757,3.43583,4.02262
2.38041,3.22934,2.50526,4.38238,4.32223,2.87214,4.03442,3.41485,3.19379,3.49751
3.12444,3.48868,5.91832,2.59799,4.30169,4.35979,4.48182,4.26423,3.89867,3.95742
4.2108,2.77421,4.33982,4.71355,4.18175,6.41558,2.9257,4.675,4.90289,5.38807
6.08835,3.95253,2.92588,1.28809,4.71072,3.02486,3.13523,4.04087,5.44484,3.64244
5.26891,2.03131,3.59547,4.2701,4.42706,2.77881,3.33724,3.86813,3.96252,5.21896
2.71895,5.53707,4.72625,3.37716,6.12724,2.45483,5.55593,4.05973,4.79806,5.30867
4.65419,2.56947,3.50037,3.29873,2.80095,3.6241,3.38375,3.82728,3.46128,4.00966
4.29215,5.21963,3.90901,3.42316,3.88342,5.3704,1.93337,3.26442,2.88491,3.49607
6.01035,3.67812,1.79327,1.89022,4.65585,4.05673,4.8308,2.13954,3.62568,5.50482
5.89271,4.39137,2.55287,4.37927,3.77366,5.78385,5.00685,4.47674,4.192,5.20913
3.00398,4.48355,5.26163,5.31905,3.75961,4.83631,2.99067,3.73538,3.797,2.31807
2.79419,3.09331,3.34596,5.1941,3.34014,2.50644,3.16522,4.49566,5.88291,3.3054
4.35146,3.10127,4.89555,4.24586,5.24148,5.75906,4.87041,4.60902,3.15071,4.38166
5.14056,3.9489,2.25911,2.56762,4.41647,2.13505,4.40941,3.53636,3.86943,3.37212
4.45174,4.79723,3.47168,4.48337,3.65126,3.89335,3.70362,4.69679,5.10026,2.24532
4.39337,5.29552,5.51216,5.06644,4.67827,4.44355,2.08406,3.24972,3.97768,3.84836
5.23722,4.74223,3.31588,4.59981,3.53709,4.79473,0.978612,2.53767,5.09507,4.15847
3.48017,3.74029,3.24645,3.69981,3.53844,4.14105,3.97248,5.12121,4.4008,3.84032
2.82062,5.56749,4.60648,4.57745,4.59065,3.84471,5.31992,4.08332,2.65312,2.70828
3.97711,4.02772,4.5622,4.31978,3.76818,5.60332,4.8066,4.37876,4.00011,3.65
4.73795,3.3411,4.52576,2.86194,5.11377,3.65294,4.28541,3.0252,4.52297,2.05236
2.71722,5.88652,4.41497,4.28508,4.46364,3.88751,4.73362,4.22813,4.04127,3.27975
4.93448,4.81116,4.35787,4.14984,5.47766,3.62067,3.86355,6.46894,4.90923,4.04295
2.97611,4.08433,4.5608,3.71082,3.80842,5.25109,2.61643,2.32031,2.79942,3.70121
2.00512,3.00508,6.00263,3.90102,4.28551,4.83758,5.68467,2.90956,5.28994,4.07351
4.6409,3.888,4.07552,3.19669,4.4237,3.87788,3.39102,5.52814,4.83995,2.83967
4.2658,4.2794,5.24979,4.0531,3.09964,3.63522,5.90763,4.14741,5.65658,4.20211
2.12194,4.64499,4.58185,4.73243,4.01243,4.29085,4.50208,2.7348,4.84377,4.68504
3.35315,3.64455,2.49987,4.69639,5.12924,4.45633,2.62863,3.77296,2.89663,3.53177
3.97124,4.67154,3.28184,5.97419,4.62925,4.51983,4.82781,3.08026,2.81647,5.3469
5.67041,3.97915,3.24717,4.2469,4.79178,3.52682,4.94044,3.69825,5.20705,3.46571
4.06391,5.12852,4.20917,3.54892,4.07621,3.63004,3.27291,3.22755,4.31273,4.63962
3.53557,3.43385,5.37405,3.86314,2.93086,1.60272,3.57462,2.54511,5.78299,2.72155
5.00473,3.40583,5.38658,3.25747,2.88153,5.06058,4.7355,5.75196,5.04696,4.09748
3.18584,4.57312,4.48247,4.33518,3.29378,4.15136,4.88746,5.31262,4.43479,5.08175
5.63305,3.94886,6.12046,4.53312,3.9003,3.63339,3.89017,4.44903,4.47374,4.57824
4.49295,5.4158,5.4391,4.58825,3.66835,1.78485,4.71926,2.90089,4.12746,3.74564
4.68109,3.49856,2.95709,3.71273,5.29943,4.19281,6.56368,5.45658,4.48027,5.147
3.59012,5.77503,2.77622,5.89027,4.63723,3.7403,5.79793,4.48844,2.52576,3.052
3.14108,4.77779,4.75824,3.36407,5.59279,2.88361,2.98056,3.49896,3.96916,4.30034
2.8085,2.99708,3.55294,4.91671,4.09724,4.41957,4.11873,6.20594,2.67406,4.61372
3.38284,4.61289,5.16564,4.23696,5.06113,4.32069,2.84917,4.19676,2.64405,3.86079
3.51104,5.46154,3.22629,2.01298,4.82536,1.55886,3.25305,3.34146,6.04483,3.44874
2.89539,3.84656,4.4215,2.89896,5.07786,2.61456,1.63214,4.86642,2.26874,3.83033
4.23509,3.1913,3.8943,3.56473,3.18414,3.78981,3.47794,3.29302,4.23718,4.26741
6.18256,5.04369,5.66441,4.22779,3.42714,3.06448,4.0882,3.7176,4.18729,4.06359
3.60158,4.88634,4.81353,4.67524,3.04984,4.15,4.23395,1.89572,4.67068,4.68712
3.74392,5.57303,2.09939,2.01269,2.68521,5.39239,5.31694,4.24563,4.09608,4.77876
5.06807,2.37969,3.45093,4.13193,4.88684,5.32144,4.47933,5.36672,3.29081,6.47945
4.34196,2.91721,3.60919,3.59909,4.46928,4.9908,4.9284,4.52593,3.06673,3.70633
4.26104,5.37878,3.99826,3.66716,2.4099,2.23762,4.88062,3.18677,2.63216,4.87939
4.01983,5.532,3.16167,4.9675,5.563,3.66911,3.927,4.07252,4.24863,4.31563
3.31292,2.70587,6.4212,4.21793,4.0825,4.10602,3.37702,4.01222,2.08127,3.48475
5.03916,3.89158,5.80606,5.53959,4.48933,3.41261,3.29228,3.28475,4.58059,4.24538
4.63855,2.21045,4.27893,3.00366,3.95797,4.41898,3.34885,4.54415,4.06028,2.69695
3.62917,4.23655,3.40564,6.05616,3.03622,1.65791,2.76757,3.97369,3.12546,5.82383
5.0903,4.30223,2.56859,3.58362,4.01538,4.5518,3.74316,5.63139,3.1682,6.47504
5.21638,4.82199,4.11829,3.32765,3.41586,6.62673,5.419,4.35336,5.91919,5.05381
3.2219,4.97181,3.0273,4.09226,3.00865,2.5527,3.85367,3.74584,4.7549,3.3989
4.79143,4.90316,3.38352,3.5744,4.39517,1.51068,3.92479,3.51626,3.55953,4.66934
3.38637,1.89355,6.28027,3.29822,2.9825,4.49045,3.74307,4.11443,4.61892,2.92871
3.8476,4.01235,2.57315,2.6685,3.17544,3.49319,4.33323,3.19587,4.38946,3.14328
5.38907,2.87889,3.18602,3.99474,5.35737,4.52457,3.64203,3.59837,3.7949,4.34784
4.71184,3.70342,6.00593,2.69185,3.28791,3.98428,3.28655,4.35828,4.90798,3.26291
5.01006,4.61713,3.77394,4.62016,5.16142,3.15491,3.20389,4.40894,5.16932,3.33665
3.87823,4.19766,3.40746,4.55933,3.61475,3.6977,4.11701,4.05786,3.64492,4.5417
5.72689,4.51127,3.96491,4.50373,3.90633,4.50447,4.59936,3.90006,2.18574,2.60411
3.0745,3.24311,3.51613,4.09942,4.91436,6.83771,2.26689,1.54938,4.98621,3.32123
5.16484,3.47153,4.30481,2.32181,4.01306,2.50287,1.68755,5.11528,4.20112,3.07776
4.19248,3.71459,3.27302,3.59505,2.51569,3.47145,4.97648,3.35186,6.21619,3.58688
4.56907,5.39591,3.75625,3.96883,2.37283,4.83464,5.75537,3.27453,4.2316,5.08437
2.77561,3.74612,3.67149,4.88899,4.66709,4.30677,3.61506,1.45278,3.80574,3.23186
3.09158,4.8117,3.9641,4.11077,3.48671,3.78622,4.37213,4.43577,4.85637,3.12507
4.41917,3.78461,4.51482,4.32464,4.45126,4.33248,3.77865,3.50335,5.80805,3.21179
5.06642,5.7642,3.93803,2.37473,5.94343,4.50725,4.47626,4.15037,4.15507,3.8296
4.08197,4.47899,2.86706,4.83164,4.20611,3.97744,5.3477,3.32119,2.44469,3.61581
4.30587,4.23328,4.97186,3.75581,2.2337,4.41464,3.91102,5.16527,3.81522,3.61454
2.45014,2.74626,3.51465,3.30517,4.1224,2.47409,5.32332,4.0679,2.59312,4.55963
4.64915,5.13935,4.06992,2.85794,4.98773,4.02991,3.4321,3.23977,2.63422,4.79403
4.24212,3.65379,3.05863,2.88888,5.88006,2.93156,3.67039,1.88082,2.35394,5.027
2.82534,4.82788,5.0535,2.34846,3.34196,6.04789,4.34928,3.63211,3.34284,3.62617
3.04578,2.71755,1.49327,4.01836,6.16876,2.96004,3.93493,3.31956,2.78237,4.53965
4.1043,2.67875,4.48938,3.83633,3.55269,3.78949,4.76735,3.96904,0.740872,2.64479
4.05506,4.16559,3.78836,4.95927,4.51061,4.05413,5.02164,3.83847,4.70107,3.3798
3.33115,3.8507,4.11851,2.93934,5.76341,4.01911,4.2842,5.21446,4.60317,3.2082
0.775246,3.87878,3.07845,4.67394,4.32225,3.90409,4.66317,3.79377,5.16972,5.03429
3.22346,5.02237,2.47891,4.05173,4.96108,4.79317,4.14368,2.78847,6.11895,3.02912
4.32153,3.43774,4.51798,4.55623,3.86521,5.08103,2.8097,2.40401,4.74592,6.30665
3.99935,4.08863,2.17039,3.84921,4.38115,4.91931,3.93924,4.78197,6.09963,2.94028
3.92663,4.73623,3.40477,3.53698,4.2357,4.4735,3.52481,5.82386,4.66073,3.79168
4.5869,5.00999,3.92761,3.72835,3.92903,5.27793,4.89108,2.74522,3.25289,2.82836
2.96566,2.62741,4.24874,4.20871,3.2128,4.92539,5.7001,4.51167,3.73161,3.06388
3.529,2.73694,4.84196,5.17006,4.5764,4.77158,4.04556,5.02079,4.39131,5.0995
2.85683,4.78318,2.82115,3.03897,2.97333,4.69803,5.63892,2.97101,4.30789,4.97174
5.0161,3.83276,6.28029,5.01951,3.81626,4.43024,1.92051,3.90879,4.09763,2.42346
3.61522,5.85537,2.65644,4.43524,4.89439,3.69934,5.1989,3.20635,4.3095,3.72224
4.4537,3.96803,3.28982,3.05314,3.18865,5.65749,2.50394,3.54194,3.84197,3.29332
4.23632,5.63232,3.92007,5.13683,2.76827,4.78822,4.0545,3.62649,4.21422,4.81475
3.7486,4.33455,2.64379,3.54287,3.91854,2.81028,4.11446,5.17013,3.34247,5.04986
4.22642,3.22219,3.68404,4.88337,3.59084,5.00675,4.45038,4.83611,3.53013,6.34748
3.83686,4.52509,3.41663,2.35244,5.60717,4.1667,4.30034,4.44455,4.31962,3.1815
3.28234,1.83614,4.39382,4.06566,4.59777,5.24685,3.05167,3.48095,3.65739,3.84509
3.08613,3.90271,3.23827,4.68583,6.00972,5.34776,5.10823,3.93495,4.13245,4.43863
1.61144,5.31553,3.75539,5.39402,3.94024,4.18578,3.39667,5.79563,2.58593,4.43674
2.62885,5.09256,4.04351,4.39105,3.7298,3.98135,3.8769,5.88123,2.25529,3.14124
6.02345,2.49042,3.23975,3.7685,4.22243,5.48111,4.83608,4.2711,3.45113,3.01005
4.9191,4.576,4.7288,4.20718,3.16616,2.34761,4.57589,4.57441,2.53071,3.05728
3.94232,5.26323,3.47093,6.18777,2.90751,4.40309,2.84017,3.50171,3.4658,3.3612
4.74,3.37474,4.20532,3.11786,4.36901,3.45824,2.14384,3.10123,3.90149,2.83148
2.96871,2.54958,3.74088,3.37724,5.0463,4.11366,3.5503,4.50819,5.44967,5.98861
3.05445,3.6744,4.49425,3.63188,5.43253,4.58515,4.93246,3.95386,2.79989,1.61554
5.16797,3.22332,1.48868,3.34744,4.1457,4.81499,4.1839,5.45542,3.83427,5.16657
4.34624,2.77681,4.12022,4.32546,3.48798,3.5524,5.60309,4.75111,4.05956,3.30483
2.9987,3.37538,4.55797,4.08807,4.71463,3.8825,4.10445,3.37657,3.74658,4.74207
4.21119,4.06241,4.93482,5.2731,3.09874,4.42878,5.6145,3.58966,4.30447,5.27314
4.13347,3.72216,2.98001,4.24254,3.71903,4.06531,2.74195,2.89411,5.8457,3.84789
2.53722,3.44659,4.10061,2.74429,3.43291,2.09025,5.97514,3.65278,4.75143,4.03785
5.01567,2.29968,4.54469,4.20554,4.51299,4.6484,3.53962,6.31645,2.97831,6.39213
4.53787,3.74084,5.15685,3.81426,4.94627,3.66594,4.49793,3.99343,4.99096,3.15439
3.16072,3.43977,3.38517,3.82746,4.37843,4.18213,3.39437,3.90969,2.82964,3.56391
2.97619,5.1468,3.95431,3.457,5.10985,1.50862,5.36289,5.12336,3.25368,2.96602
2.94543,4.73248,4.33245,3.92301,4.48428,2.82234,4.08457,3.77644,6.00602,3.14792
3.59312,4.48734,5.04085,2.2939,1.58169,3.87307,4.71769,4.06543,3.06066,3.81995
3.58401,3.82238,6.02899,3.87829,5.4199,4.02206,4.2887,3.57709,4.94443,2.14251
3.19654,2.5849,3.91869,4.54478,5.91716,4.8865,4.4375,3.36314,3.15768,4.06937
3.04989,3.6843,2.17824,3.22564,3.55575,3.72707,4.27533,2.86043,4.04425,4.19574
4.03571,2.55303,4.78281,4.63827,4.04993,4.14634,5.0561,5.68617,3.59364,6.62921
5.64543,5.07557,3.22556,4.40667,3.67997,4.06896,5.15138,3.26566,4.23979,3.71371
3.80253,4.16516,3.79043,4.31115,2.12659,3.33219,2.53261,3.49266,4.44755,4.2318
3.36214,3.22259,5.26626,3.57345,4.81768,3.49384,3.79835,3.24978,5.30567,2.0678
2.66462,3.78202,4.41219,4.14871,3.28964,3.38105,3.68544,4.50195,4.15809,3.43341
3.40462,4.2937,3.69593,4.11936,1.7634,5.41294,5.07878,3.3605,4.67428,3.16737
2.18782,3.07901,3.14659,5.00743,2.46093,3.88717,3.44621,3.34844,3.58544,3.5685
4.82613,2.59358,3.48754,3.38388,3.26066,5.37438,5.39057,3.64533,5.99343,4.67435
4.41829,2.6227,3.71423,3.07482,6.15174,2.13431,3.09971,4.20992,2.54631,4.6783
4.86601,4.24334,4.8754,2.86502,3.27412,3.17377,4.10732,5.82803,5.17424,2.76485
3.44798,2.9599,3.20622,6.01309,4.00828,4.87529,3.29003,4.89347,1.47264,4.35054
2.56947,2.44984,2.29045,3.56696,3.00119,4.09188,2.70559,4.36011,4.41233,5.63962
4.42133,5.30105,6.19286,6.23672,4.16454,5.08859,5.21637,5.2888,3.7272,4.48503
5.26671,3.22046,3.42668,4.37615,3.73184,4.30036,6.12397,3.80308,4.38454,4.30057
6.34261,3.71867,3.12803,4.27291,3.97677,4.21002,4.76235,4.92452,3.40152,4.33652
2.92652,5.19735,4.30168,4.92079,3.60735,2.92945,3.50289,5.384,3.58749,4.64875
4.3064,3.89195,5.6923,4.19828,2.43465,2.36932,3.40446,5.17951,5.23004,4.11166
4.55609,3.33882,3.18399,4.52944,4.94162,3.87077,3.76675,4.2399,2.11978,5.27924
4.82244,5.46615,3.60609,4.95896,4.5133,3.91915,3.56144,3.79403,3.13181,2.87301
4.49023,3.2917,5.06232,3.39875,3.18939,4.59976,5.00458,4.84053,2.65104,4.62775
5.73557,4.18129,4.34451,2.58096,3.76163,1.90023,4.14014,3.17925,3.1555,4.06792
3.46938,4.1723,4.14305,5.70324,4.69742,3.08064,4.78488,3.49913,4.38078,3.06145
4.82293,4.37139,1.97806,3.82042,5.25752,2.93744,3.32468,3.78907,3.31171,5.09353
5.36644,3.4177,3.88321,3.86897,3.76347,2.50502,3.11031,1.48428,4.37637,3.99312
4.22689,4.36083,2.87508,3.20886,3.93222,4.89152,2.15017,2.96519,2.17223,3.94629
4.68226,4.61847,5.34525,4.20209,4.50586,4.11164,3.78644,4.03307,4.16746,4.25793
2.56483,5.1186,4.20117,4.34353,3.79301,3.97193,3.44267,4.19006,4.16152,2.07016
2.5383,6.64766,4.86416,4.40689,2.79198,4.45477,4.09382,4.51508,3.13911,4.18925
4.88505,4.66406,3.95922,3.9754,2.98739,4.39031,4.83455,3.5338,3.9325,3.97904
4.66712,4.65663,4.04228,4.42036,3.97386,2.96267,5.35378,2.4085,4.72298,3.4142
2.343,4.26028,2.15129,3.95874,3.2444,5.40994,4.21948,5.57255,3.1719,3.48516
5.29493,3.19351,3.8223,5.02434,3.43916,3.87837,3.86377,5.29975,4.86768,5.22175
4.22083,3.86415,3.96843,3.75616,3.27643,3.19776,2.31036,6.53602,4.76525,2.76911
4.09865,5.36461,4.49167,3.75877,4.76495,4.09058,4.72876,1.13293,4.33128,2.62096
3.51979,3.55172,2.18463,3.37508,2.93677,4.52212,3.06789,3.57311,3.52384,3.83287
2.5873,3.32314,1.62532,2.57875,6.17625,5.27575,3.49582,5.13776,1.73821,4.07233
2.67739,3.58872,2.3555,5.43153,2.6763,3.96953,4.82843,2.99483,4.6045,4.98106
2.10677,4.11516,3.60053,2.56956,3.80378,4.94691,2.55588,3.37963,5.77597,3.97845
3.36673,1.71272,2.69594,2.55967,3.80951,4.09268,4.42982,4.86938,3.42506,1.94919
5.79158,5.14282,3.66944,4.44568,3.82762,4.12944,4.65955,1.52528,2.37226,3.28673
3.34257,3.93743,3.98804,4.03409,2.96868,2.27922,4.13914,3.90224,3.29285,3.01526
3.57859,4.0099,4.93938,2.29693,4.11082,2.12368,4.70137,5.24276,3.92785,3.25009
5.16406,3.91192,5.00518,3.71688,4.10531,4.26635,4.25676,2.77413,5.21777,4.66787
4.49534,3.84287,3.15507,3.04312,4.69836,4.70994,3.42452,4.31921,5.11929,3.75748
5.6435,1.8369,5.14936,3.83891,3.49161,4.75456,3.12788,4.45649,2.53646,4.78569
3.96909,4.50141,3.83379,5.76401,3.52949,5.10192,5.21539,5.69697,3.07037,3.12996
3.62295,2.8249,5.26096,3.66946,4.81169,3.91137,3.1164,2.27819,6.03473,3.50686
3.73065,4.86266,2.13807,4.38998,4.41629,4.076,4.30537,3.70844,3.16409,4.69029
3.43431,4.65858,3.89986,2.28128,3.9584,4.51696,5.47761,2.50798,4.4584,2.47755
2.54369,4.01131,3.91789,3.38451,4.06618,3.36201,3.16491,4.86922,4.42765,4.09632
3.60531,4.46625,4.22304,6.32298,3.45042,4.61416,4.01407,3.58873,7.9333,4.36082
4.72826,3.99744,4.27441,3.92824,4.47359,4.14927,2.69751,4.17747,3.13649,5.20791
2.13506,3.48786,4.97673,3.01938,3.59925,3.6046,4.88682,3.8386,4.31003,3.66354
4.67377,3.96773,4.72555,4.16895,3.03912,4.47615,3.85106,5.05355,1.1528,4.76304
3.96576,4.99476,4.54564,2.96188,4.27301,2.18853,3.78673,4.41475,4.22968,3.56811
4.02639,3.25878,4.57076,5.14502,3.07608,4.87514,6.30056,3.93099,3.89634,5.83756
5.13568,5.72639,3.02982,3.51644,3.57798,4.30277,1.60434,3.32069,3.42718,4.425
3.75027,4.11774,4.87988,3.15989,3.98784,5.58828,4.94695,3.06796,4.42889,3.14502
3.92719,4.32651,3.49234,3.31039,3.26654,5.47418,4.57109,4.17628,6.42839,5.1282
4.41172,3.95984,3.5508,4.00436,3.93298,3.93183,3.7161,5.21871,4.42558,4.23351
4.81476,2.97037,3.08433,4.15277,3.12551,4.77091,5.94212,5.25319,3.83026,2.81969
4.4288,3.64415,1.89707,3.76396,4.54238,3.1597,2.48666,4.7601,1.71503,2.51195
4.08626,2.53187,4.39201,3.91884,4.05923,4.45689,2.43711,4.39119,4.79336,5.51748
4.08809,3.60685,4.24493,3.79287,4.16733,6.63239,2.23023,5.68581,3.69323,4.97957
5.51366,3.43917,2.55557,4.00378,4.49203,5.01246,3.82358,3.68317,3.31389,4.89832
3.83702,4.78564,4.14467,4.69757,5.37136,3.3547,5.29081,4.04837,3.50192,4.5601
4.97545,3.00122,3.31479,6.0274,4.44537,4.69813,4.28683,3.73795,3.63918,3.90205
1.62398,2.28018,5.51937,6.25954,2.92065,3.52703,2.73075,3.97659,5.30109,4.96002
3.74001,4.80947,4.3466,3.84663,2.60302,3.24288,3.04436,4.79811,3.88603,4.40905
4.33793,2.67377,4.66679,3.04876,4.03233,4.52786,1.19972,3.95082,2.67239,3.64209
2.92305,2.95284,4.19327,4.6882,2.8332,4.9892,3.67577,3.49411,5.09017,2.17621
4.07538,4.98128,3.56251,3.87337,3.8831,4.3672,3.83122,3.21181,5.90215,3.64868
3.6085,4.36481,5.07461,3.67167,5.09572,2.04328,4.11312,3.57256,5.71926,4.62172
3.95421,5.47633,4.51924,2.96699,4.22095,4.14036,2.78376,4.34511,3.03062,3.48027
4.63458,2.99393,1.31672,3.3668,5.6824,2.56213,4.59881,3.72068,4.3431,5.04658
3.51701,4.23568,4.20345,3.97617,4.75642,3.74497,3.35498,4.60631,6.45756,4.06832
1.67393,3.96423,3.44888,3.60906,4.97481,4.30013,4.80302,4.86598,3.81785,4.86834
5.62186,5.19992,4.76835,4.3233,6.39091,5.50136,2.07118,5.43628,4.32525,3.11003
3.778,2.70932,4.58803,3.6711,3.25706,3.26227,4.63411,4.86099,4.09491,5.52873
5.73965,4.23923,4.78483,5.05889,4.83018,4.38398,3.57754,4.49419,4.82858,2.80836
4.07149,4.93615,5.56818,4.41253,2.8747,3.87901,5.19129,3.12291,3.18657,5.26991
3.6761,3.69421,6.31562,4.81595,4.6106,5.24738,4.84627,4.91001,2.0964,4.76534
5.31091,2.89839,4.16886,4.04552,4.55336,4.57555,4.04292,4.14816,5.00569,4.38572
4.69054,3.86119,4.76456,4.73222,3.49866,3.89936,3.71083,3.46088,3.4193,1.85363
3.96973,2.48783,4.62128,3.32993,3.9812,4.72644,3.54417,5.40728,2.9885,5.33111
2.94331,5.04414,3.19575,2.48302,5.2704,4.80142,4.72046,2.3682,4.19168,4.38563
3.9693,4.13151,4.65845,4.1678,2.23846,4.08418,3.30048,6.28046,5.08027,2.70715
5.11131,3.74648,5.26622,3.29145,4.75489,6.12137,3.22162,1.91148,5.94322,4.16661
2.80195,4.21595,5.13343,2.44163,2.69653,4.6284,5.01958,5.74275,5.27228,5.59151
1.8808,3.24627,3.56517,3.29579,4.15228,4.02966,6.04362,4.38785,2.34052,1.93198
2.87424,4.01323,4.00932,4.20089,4.16002,4.44884,2.90834,3.90115,3.04307,3.02253
4.9072,3.01687,3.04779,3.57325,2.08318,5.1246,4.19855,6.25329,4.16746,3.56009
3.63077,3.72534,4.08823,3.90523,2.88073,4.99929,3.88728,3.44734,4.07097,3.34546
4.69483,4.06961,3.9958,3.70856,3.76419,5.72162,4.85206,4.17008,3.67652,2.79156
4.29397,4.54124,4.05445,4.78015,3.48747,1.50372,3.36765,3.52276,4.30564,2.11654
4.23767,5.01093,5.39606,4.73932,4.54463,5.46844,4.55169,4.80769,5.43724,5.63538
2.88877,4.90435,3.79965,2.58637,4.46938,4.73012,2.66917,3.75301,3.94637,4.17591
5.49679,4.42485,2.88222,2.81975,5.43684,3.87493,5.8507,4.1742,4.16721,1.97098
4.29166,5.39608,4.10223,5.44636,3.29304,3.8568,4.4089,2.33403,4.91418,3.68727
4.12859,5.68983,2.89605,3.7113,5.64355,3.53383,2.86297,4.19799,3.92542,4.19205
3.01889,4.45161,3.75305,3.45456,3.7187,3.6466,3.40413,2.75411,4.41788,4.32409
4.03189,3.21033,2.95756,3.30857,3.72606,3.45145,4.75488,3.2879,4.59449,4.18851
2.77886,2.50076,3.49301,3.19317,3.63945,3.26102,4.63071,2.54209,3.84261,4.53947
4.67947,3.28016,4.57477,4.76484,3.25844,4.00973,5.34836,4.12293,4.39856,4.56163
2.69113,3.38554,4.21042,3.82133,3.22134,4.17281,3.67216,5.56913,3.58269,3.92838
4.52424,2.04385,5.12047,5.45738,3.46514,6.24354,4.93951,4.73159,4.26153,2.87709
3.66468,5.27577,4.51388,6.99763,4.30921,4.44495,3.91286,3.53388,3.20517,4.60188
4.94786,4.21269,3.69797,4.60716,4.74658,5.19355,4.11359,4.47941,3.8437,2.5479
1.78698,4.85331,4.53068,2.36797,4.42236,5.29119,4.80385,2.76601,4.82353,2.46535
4.32165,2.09423,3.36347,1.8831,2.27723,3.76282,1.70059,4.10964,6.06179,3.20704
5.18322,5.48977,4.91394,4.16535,4.63268,2.69437,2.70748,3.28613,4.32904,4.16121
4.89902,2.97542,4.3719,2.07989,7.12814,2.92747,3.92785,3.61718,4.89531,4.81483
3.98844,4.97045,3.01242,3.02892,2.84955,5.85424,5.10862,3.71066,4.08446,6.04707
3.6676,3.8066,6.1854,4.9293,4.08646,3.76415,2.76781,4.57724,4.49693,3.52685
2.25043,5.08685,4.55815,3.35431,4.61634,4.05488,4.28876,5.08848,3.62231,1.65183
5.14135,4.25093,4.21859,5.48516,5.40748,4.72847,2.64327,4.77953,2.83028,4.73584
2.75947,2.56195,4.87912,3.67796,5.4333,5.02011,2.88205,3.15201,5.27157,4.62921
4.77972,5.32014,3.28594,5.53555,4.09465,4.34222,4.29255,3.20033,3.06279,3.28249
5.11322,2.54418,5.13766,4.92465,4.92197,4.37017,4.1159,3.30804,4.82806,3.55619
3.67817,3.33692,3.38334,2.02366,3.37233,4.24119,5.19447,3.14409,4.40337,3.93274
4.78657,4.38758,2.43566,3.85512,3.06566,3.87129,4.53768,3.65791,6.03442,4.5998
4.82747,3.55791,4.30617,5.65487,4.85744,3.96473,2.57375,3.93849,5.12193,2.30262
4.71174,3.25677,3.80789,3.27603,4.69416,4.39295,4.66989,6.21154,3.42286,3.54803
5.10601,3.69755,4.95889,2.91591,3.76643,2.93504,3.032,5.63939,5.05825,4.8904
5.69425,3.79035,5.21677,4.55967,2.67298,2.95173,3.83049,4.06101,3.72515,3.51234
3.56574,4.38563,4.24246,5.91928,3.58344,4.10272,3.38735,4.54042,5.87384,5.21075
3.86738,4.54653,2.97717,0.551698,4.95799,4.30546,4.75701,3.9478,3.07968,3.43082
6.44531,2.88041,5.43091,2.98659,5.90509,4.3566,3.97077,5.74859,4.77172,4.13719
4.10328,4.36512,6.32633,3.02148,3.46001,5.14935,4.27793,4.83976,3.42064,5.46048
3.16486,2.25443,4.80676,3.59169,4.46837,2.41241,4.31659,3.08559,4.58503,6.78356
2.82735,3.62039,5.71908,2.92322,5.56405,4.23577,4.21534,3.11907,4.63983,3.58545
4.21495,5.23296,3.09338,4.51646,4.13512,3.47206,2.98086,3.20349,4.28594,4.6364
3.69028,1.26589,3.98379,4.77936,2.49054,5.58406,4.6001,5.11568,4.72785,3.59709
2.12277,6.55888,3.50167,3.232,3.07423,5.41514,4.48191,5.18919,4.09914,3.28503
4.0002,4.78038,3.74597,3.62603,3.52673,2.80012,4.33492,3.49528,3.71319,2.57512
4.9349,4.17132,3.65928,5.30266,2.89881,5.1282,4.14701,4.12375,5.10575,3.21319
4.65904,3.72723,6.14463,5.46632,4.67072,3.7016,5.42092,4.86789,3.33598,3.42427
5.80403,3.29036,3.28807,5.25161,3.12546,4.6893,3.84913,4.80312,3.95815,3.9806
3.49553,3.56612,5.10328,3.14867,2.6468,2.85144,6.07598,5.1658,3.84654,5.36663
4.49395,4.13559,3.93208,3.52719,4.05702,3.79115,4.30995,4.07584,5.79965,4.71961
4.88857,4.18092,4.26515,5.05508,3.6377,3.37186,5.17859,4.12452,4.02205,4.22561
4.21647,3.67047,5.3799,5.51454,2.51587,3.52363,5.23474,4.20439,3.46436,3.89707
4.62136,4.83607,2.90484,5.03339,4.55962,3.52632,3.17755,4.42796,4.04992,4.02811
4.65766,3.31537,3.49868,3.84528,4.93715,3.91795,3.86384,5.18991,2.46697,3.47746
2.48173,3.5005,2.97249,3.28086,4.18283,0.55261,3.95653,3.71593,4.7337,4.08795
3.60043,4.84343,3.64667,3.72026,3.35128,2.87304,3.43559,6.40301,2.94753,4.41883
3.07444,2.74912,4.48001,6.76997,4.99088,2.76618,3.49577,3.43259,4.08507,4.02697
3.10215,3.68499,2.74156,4.46527,3.50312,3.32227,2.03094,3.97285,4.2562,4.49468
3.81282,4.0775,4.85309,4.32487,3.97347,3.93648,3.67144,4.30737,3.67466,3.43866
3.98264,4.40038,5.36267,3.31085,2.95476,3.95322,3.71108,4.71692,3.27211,4.44243
3.12122,2.1512,4.58489,4.59229,4.74657,4.6108,3.67063,5.97097,3.79321,5.43261
3.06555,2.88297,4.5611,4.41677,3.54707,4.39273,2.6384,5.64452,4.67122,5.13419
0.942444,3.77498,6.26843,3.19439,3.8343,3.87447,4.94926,5.40243,4.62911,5.0664
4.7008,3.94691,3.70986,3.62858,2.39601,6.02121,3.1836,4.08226,3.37719,6.03631
3.57891,3.73927,3.67984,4.32203,2.73185,5.44771,5.20086,4.53905,6.21748,5.91979
3.74801,3.53136,4.8854,4.66467,3.86689,1.81196,4.31295,4.89474,3.92236,3.07206
3.23601,3.84812,4.30896,2.51376,5.18835,3.47722,4.84438,4.58573,3.96732,3.58271
5.99407,3.81089,3.42199,3.62774,4.02939,4.15912,3.10889,2.91951,4.37881,1.88221
4.24394,4.89094,4.35809,3.07766,2.91696,5.30377,6.03069,3.06621,3.61732,4.22893
4.98,7.14128,3.15003,5.87681,2.12157,3.60306,3.50562,3.30824,3.70116,4.5589
4.77124,4.81034,4.28541,4.59793,5.22178,3.51591,3.17874,3.02409,1.97086,4.6326
3.90387,3.50188,5.55976,3.83235,4.84078,4.99857,4.21705,4.18688,4.75254,4.23188
3.02734,3.03631,5.15535,4.44741,5.45253,5.3808,5.70176,3.61055,4.40748,3.71301
4.7552,3.32381,4.67064,4.18382,5.98342,4.85675,4.18886,4.52646,5.68018,5.32079
4.71953,3.71312,6.67607,3.554,3.3817,3.20947,3.16965,4.29022,3.36211,3.86747
4.08685,3.60596,4.86662,3.79346,4.58476,2.17899,4.53198,4.17408,3.80352,5.0201
4.17578,4.75497,4.00316,2.18392,5.06961,2.77212,3.56731,5.28867,3.31774,3.07418
3.56179,4.46226,4.1634,5.11611,3.41651,2.39223,3.41759,3.28468,5.74062,4.02534
3.73949,4.16529,3.8775,4.17049,6.10838,2.87361,3.7044,3.59794,3.74534,4.43543
4.77717,2.26988,2.7245,3.89265,5.12541,5.2632,3.70099,3.23888,4.16778,5.12683
3.81874,4.28524,4.08013,3.36978,4.12703,4.17978,3.83655,1.95981,4.26933,2.8771
5.59965,3.34075,4.64268,4.57843,3.98191,5.28888,3.50155,3.78748,2.64928,4.33627
4.57185,3.40391,3.14061,3.34226,3.66467,3.11859,3.39431,4.36687,3.08612,4.58596
2.35172,4.23558,4.54042,2.7842,1.57664,6.76477,5.81528,1.86609,1.98748,3.29567
4.7453,2.28622,4.47032,3.18095,4.31433,4.51399,4.07084,5.02386,3.16359,3.34097
3.90844,3.36477,3.73565,3.68744,4.87508,4.0709,4.49082,1.51256,4.66649,2.54882
3.67993,5.09037,4.67667,4.68126,3.51505,4.49628,4.37088,4.04202,5.75074,3.68663
3.33868,4.69598,4.3944,4.49593,2.55627,4.58269,3.34914,2.65911,5.57425,3.55972
3.79659,1.78551,2.65988,5.47095,4.02259,5.07719,4.5454,4.46092,5.71273,4.36695
3.75501,3.58846,4.38661,3.23643,3.58266,4.27522,2.25958,2.4703,3.53127,3.7759
3.4125,4.00938,2.79678,4.52954,4.25885,5.87327,5.71534,2.59052,3.63223,3.59158
4.85367,3.23303,4.53607,2.21624,3.4591,5.69428,4.65195,3.88906,5.05054,3.6983
3.29437,4.33342,2.07204,2.30732,4.43149,4.78739,2.80651,5.49306,3.6169,5.05469
4.60654,3.3459,4.55253,3.07195,3.79672,3.75408,3.54728,3.30166,3.83363,3.89231
1.5081,3.58133,4.72703,3.61732,3.64811,3.8667,3.62982,4.5292,2.79417,3.40522
3.09336,3.81412,4.13426,4.21311,4.20449,1.87142,3.62559,3.02013,5.29189,3.71856
5.02508,3.2277,5.00491,4.9001,2.84316,3.12325,6.1583,3.24107,3.42084,3.53627
3.40048,3.7207,4.27785,4.52051,3.26253,4.44187,2.53973,2.10588,4.43191,4.32292
5.04409,4.64171,2.93838,4.12101,3.67644,4.65845,6.71156,3.7983,2.65302,3.16021
5.23184,3.45169,1.24253,5.33636,5.17038,5.88877,4.23656,2.5395,4.36258,3.16121
3.91509,3.5149,4.98483,5.60012,5.43212,5.26342,2.16214,4.63799,3.5642,5.63571
3.82751,3.84164,5.27342,4.65739,3.44766,2.80257,3.58762,3.59117,4.42124,3.66787
3.2582,4.46215,4.25328,3.67863,3.39179,3.27437,5.61666,5.002,3.24229,2.99928
4.5884,3.50479,5.30167,2.48119,2.20987,3.86231,3.33661,2.98596,4.90071,2.80675
5.03764,3.81259,4.12841,4.92185,2.91471,2.20564,3.55899,3.40538,5.71611,2.13983
4.01392,3.82145,4.79874,4.51004,3.86473,4.05541,1.98615,5.40448,3.55739,5.30055
4.10275,5.52179,2.70639,6.3162,4.30891,4.61065,3.5329,5.00825,2.6816,5.70048
3.85847,4.51683,6.04934,5.78791,4.28398,4.08317,4.35167,5.15458,4.27178,2.71612
5.19617,3.83103,4.27424,5.28289,4.71833,5.66277,3.04417,4.50402,2.96571,2.73984
3.87053,2.98413,3.97452,5.22247,5.16472,4.84345,3.69535,4.3311,3.90361,3.71479
4.73618,4.67621,4.47728,4.15245,5.15229,3.47967,3.21878,2.95689,3.44421,4.12839
3.80076,3.46044,3.15205,4.41774,3.65869,4.6468,3.9733,3.77373,2.32296,4.36024
5.12826,5.46738,5.08917,3.16177,3.90725,2.76945,4.46741,3.49445,6.20105,4.02661
4.98071,1.7803,4.32309,3.27287,4.52995,6.4717,3.22666,3.85016,3.62122,5.4376
2.1208,5.58227,4.02284,3.0441,3.62248,3.99034,4.56424,4.2755,3.24062,5.30169
4.86632,4.84319,5.05569,3.22928,3.29519,4.032,5.44801,5.29151,2.29217,4.35524
3.35945,4.08838,4.75094,4.96155,3.57876,3.96602,5.2864,3.89609,5.11229,3.69709
4.99838,4.67302,3.00028,5.52338,2.74584,3.35335,4.60317,4.50268,4.04154,4.01574
3.99678,4.85425,2.86071,2.69355,3.92455,5.64756,3.78796,3.52603,4.13077,2.17101
1.9952,5.22797,3.06473,4.16288,4.20438,3.56422,4.29379,2.28583,5.54939,2.93395
5.03862,2.60124,4.8657,1.55049,4.85704,4.98463,3.59604,3.85366,3.48338,3.21336
4.06545,2.85705,2.50886,4.85986,3.26559,2.28898,6.48201,3.58647,3.72845,4.93009
5.07844,4.64545,5.28847,3.50657,3.41756,2.331,4.61778,4.60028,3.51156,2.26335
3.24692,4.61359,3.81439,3.12065,2.85605,4.05393,4.10614,4.30722,2.7173,4.04613
5.48525,4.45943,3.70058,3.85749,5.20591,1.85591,4.82934,3.51157,3.96372,3.37455
4.0504,3.34157,3.01866,5.11922,3.65055,3.87716,4.62944,5.17408,3.59969,4.68043
4.80792,3.10289,2.36364,6.37391,3.23335,4.07828,4.01985,5.3963,3.40893,3.12246
3.59679,4.12609,4.31206,3.54124,3.86804,3.42384,5.25884,2.47249,4.89882,1.31909
4.165,2.74958,3.97606,3.53167,5.32146,5.31949,2.5125,3.61763,4.3291,4.59426
6.56175,4.51332,4.44631,4.0688,4.23281,5.03933,3.34297,5.64058,4.24021,2.85518
5.05593,3.09515,4.53029,5.12028,5.05254,5.2257,5.12668,3.98968,2.75792,3.88303
4.11589,2.3429,4.56629,4.6538,4.33211,4.25755,2.6929,3.80183,4.26571,3.46097
4.98673,7.66713,2.73569,6.49241,3.38437,5.07206,4.18017,2.95773,4.85929,4.46699
3.44261,3.49532,3.4172,5.03509,3.93896,4.43066,5.85481,5.25512,2.04605,5.8076
6.22075,5.12738,4.54266,3.74239,3.09847,2.71715,5.19813,4.50928,3.88448,4.09436
3.37391,3.29433,4.33275,4.02669,4.04776,3.01787,3.17453,3.19898,2.13833,4.51316
3.33669,3.85981,3.14718,4.871,3.52013,3.80524,2.89286,2.42276,4.27599,4.74082
2.4665,4.38556,0.287577,2.95658,3.03253,3.27562,3.4833,2.19781,3.2309,4.71063
5.80661,5.30855,5.13858,4.58911,3.41515,4.56792,4.68862,4.97898,4.08712,4.66928
4.27534,4.07968,4.28143,2.81781,5.12443,5.39931,4.61659,2.34548,2.29092,2.1136
4.43174,4.05407,2.51397,4.20253,3.43983,3.92992,3.093,5.79329,4.27749,4.23339
2.74935,5.06987,4.73526,4.045,4.61801,4.43828,4.20189,3.08404,3.41535,3.37337
2.98797,3.72049,3.97019,4.23995,3.50368,4.06484,5.08919,4.23466,4.81492,4.00652
3.99913,5.38056,2.26758,3.34788,4.6697,5.59084,3.93296,3.89081,3.985,5.19767
4.10638,5.24047,5.2418,4.48361,5.22283,6.89647,3.70537,5.80379,2.83451,3.79261
5.10126,2.88446,3.98979,4.7215,4.87148,3.56765,3.35574,5.0045,3.95743,5.80286
3.74926,5.12121,4.89293,5.40294,3.30322,5.03514,3.35589,2.90399,3.92844,5.01856
3.75123,4.27559,3.35866,3.34997,7.14761,4.27381,5.71073,5.18176,3.7824,4.08824
3.44101,4.53907,5.05844,4.0701,4.77727,2.91759,1.95804,3.48266,4.06668,3.71265
4.5389,4.1807,3.67497,4.51998,4.19633,4.54845,4.6509,3.89585,3.14016,4.66342
4.07254,4.43592,3.42655,3.89661,3.39882,2.35235,3.91952,4.14452,4.36433,5.32062
3.541,4.97118,4.09701,3.98981,3.2471,4.26236,5.32546,4.24823,4.66894,4.7094
4.08129,3.4089,2.28081,4.06864,3.05414,3.04593,5.72963,4.03784,4.16219,2.98483
3.72588,3.05832,2.93146,4.3263,3.11569,4.35896,3.06775,5.68759,3.91956,4.00996
4.59318,3.4011,5.2457,4.63654,4.59262,2.60364,3.41935,1.94947,3.95181,3.54864
4.67712,3.74199,4.13482,4.54136,4.02232,4.35048,5.82266,3.789,2.03687,3.71321
2.14237,3.7545,3.91596,3.30998,4.90475,3.88838,4.18202,3.62317,3.23566,2.1652
3.31026,3.13364,3.06884,7.44134,3.20406,3.18197,3.91993,5.0137,2.65104,2.32527
4.84371,4.51646,4.7806,4.8395,4.09788,4.46499,4.28014,4.5657,2.84118,3.01346
4.807,1.20714,3.17827,4.62051,4.44509,4.89296,3.50423,4.98575,3.51393,4.88261
5.61452,5.08846,3.67692,3.78499,4.16857,4.49449,3.39394,5.84332,4.28952,3.97487
4.85311,4.24515,3.08179,4.38228,5.81127,3.32892,2.49797,2.87321,4.46163,4.18085
3.53193,3.8907,4.34085,2.20524,4.56673,5.97281,4.76284,4.99212,2.94661,4.00655
5.30658,2.24779,4.08249,1.75183,5.86563,2.39607,5.17417,3.64369,4.28633,3.90559
5.04969,5.75373,5.37752,1.75781,4.35058,4.30703,3.32939,3.57593,5.73124,4.16908
4.24658,4.05585,3.56513,2.23167,3.16878,3.01218,5.34085,4.16245,4.3262,3.18871
2.80712,5.62155,3.22623,3.74618,5.90945,4.11993,2.80754,3.30146,3.63396,3.60948
4.70897,3.62766,4.4763,5.15294,4.67129,4.74036,2.69338,5.24161,2.82906,3.70839
4.10491,3.08108,2.32445,3.15923,1.66359,5.2275,5.05791,1.70343,6.14805,3.56395
3.99196,5.54824,3.25319,3.09311,0.850164,4.25974,4.73382,5.47858,3.61645,4.3872
2.80488,4.21225,4.78747,4.90268,3.86334,4.24153,3.45855,5.47805,4.88769,5.06916
3.11918,3.81735,4.61307,5.17991,5.08668,3.20123,4.25352,3.8139,3.05646,4.69044
4.68609,3.95451,4.72106,4.5195,4.78077,2.51356,4.55661,3.04405,3.52524,4.05846
3.08887,5.989,2.9341,3.48988,4.35038,4.2443,5.36742,4.46654,4.88325,4.90443
3.54624,3.01386,4.56411,3.15795,1.59232,4.49302,2.34003,3.50535,3.34711,4.27052
3.65391,5.4241,3.2383,3.52967,5.41077,2.41096,3.2692,4.92323,4.91929,5.14826
4.00693,2.8158,5.75845,4.58493,4.9025,3.92023,5.46889,3.27687,4.07209,4.55524
3.30043,4.46412,4.4574,2.82685,5.25508,4.07836,2.26403,2.67897,4.97782,2.62923
4.85027,4.07207,3.52513,5.08812,4.18658,2.75313,4.48186,5.82065,4.2276,4.29132
3.81316,3.84339,3.06622,4.76959,5.53501,2.5596,3.04564,6.858,2.55554,3.32274
5.97518,2.71271,4.2603,4.21683,3.10177,2.20189,5.40544,5.50586,2.77076,4.78858
4.21626,5.2587,2.88679,3.84331,4.01376,4.2184,2.98294,5.11609,5.20176,4.15961
3.78065,4.32199,5.35429,3.34161,4.51428,3.0938,4.37472,3.07526,3.74793,5.19369
3.12705,3.49035,3.19577,3.71595,4.61071,3.17447,4.00106,3.4913,5.74329,6.03635
4.70713,3.08918,4.52779,3.80246,4.42001,2.93579,2.63836,3.48089,6.30782,4.72298
4.92085,4.97785,3.37175,3.83051,5.11399,3.39726,5.29623,5.1706,4.76352,2.93777
5.27793,4.07276,5.93971,2.71215,4.07286,3.95719,3.86982,4.02643,3.90411,3.10743
4.29568,4.62862,3.93134,4.27305,3.39599,3.5964,4.37999,3.49877,4.60911,4.37478
4.08305,2.25515,4.81193,5.19089,4.2814,4.25103,3.40391,2.99784,3.73646,3.2355
4.96949,1.09888,5.06587,3.71677,2.22979,2.87658,4.44129,3.90911,3.61174,3.05835
3.09943,6.42145,5.04914,3.9936,3.74429,2.25113,3.68854,5.77187,4.31071,3.85706
4.52767,4.64849,3.90458,5.80332,2.09045,3.55652,2.64185,6.28457,5.41571,3.58243
3.70761,2.4473,3.81691,5.56991,5.91101,5.50829,2.02505,3.90688,4.57962,4.63879
4.05318,4.01286,2.90471,4.61154,2.79087,4.86979,3.94874,3.52516,4.77544,2.9562
4.08058,5.04035,3.83188,3.67779,3.87072,4.65708,3.16699,6.04983,4.22707,3.90532
3.55517,3.23534,3.64839,2.47634,6.2972,3.09604,2.90554,3.89267,1.40127,3.94152
4.00597,5.05499,1.73495,2.75049,4.66644,4.3433,3.10165,4.74883,2.62622,2.82513
3.55492,3.30345,4.61736,5.84024,4.87019,3.29206,3.75223,4.23596,4.45088,4.45774
4.38665,3.98043,3.68469,3.81368,2.78068,3.87596,4.98855,4.88281,4.06675,6.05935
3.45837,4.47633,3.64483,6.28594,5.07388,4.86312,6.67493,5.35584,3.43204,4.14897
2.37852,3.91409,3.4434,3.1877,3.91477,4.59596,3.76343,4.61963,3.94237,3.83289
3.52222,1.63294,2.96331,4.57233,4.12671,3.89141,3.11164,4.07946,2.74832,2.59435
5.54172,2.93018,3.6405,6.24726,4.55509,3.55851,2.66296,3.54697,4.93076,4.04345
3.38518,2.5306,3.81958,3.87673,4.28675,4.35822,4.03751,5.19723,2.85649,4.39479
3.02694,3.28166,3.35965,4.22271,5.2579,4.12439,5.73187,4.23908,2.06203,2.95556
5.04296,5.03037,4.79587,3.20194,3.77615,5.26902,1.78192,4.73977,2.02275,3.81614
4.04918,3.13657,2.59782,4.7041,3.09802,3.38428,4.68943,2.52824,3.34114,4.76132
3.90628,3.58295,3.29835,3.25364,4.44285,3.85573,4.72329,3.25617,2.76512,4.4596
5.50184,3.41822,3.60347,5.53927,5.046,5.48478,2.40673,5.62778,4.91328,2.38091
3.76426,2.33591,4.53959,3.0298,5.08688,3.79942,5.95931,4.92716,3.98495,2.55139
5.19398,1.38912,3.48175,4.01394,4.19785,4.9906,4.38225,4.85223,3.09342,5.0562
4.89048,4.47474,2.18796,4.38161,2.84309,4.61681,3.89639,2.75125,4.27329,4.53432
3.30249,3.99171,4.34425,3.11662,4.03126,4.5575,1.55282,3.9832,3.62339,5.62555
3.98871,4.1139,4.98996,4.00015,3.63775,4.98375,2.18738,3.8626,2.7485,4.47799
4.57544,2.67956,3.41672,4.70739,6.3922,4.03548,3.97368,4.75201,4.35598,3.94055
4.04387,4.36854,3.96648,2.68311,5.36181,4.60629,4.67028,3.99143,3.05421,4.22729
4.75937,3.21705,5.31672,2.83693,4.07239,5.01424,5.76944,4.59799,3.23463,3.41958
4.44244,2.7608,2.67205,5.31691,3.62927,2.17616,3.65531,4.87494,4.40656,4.06884
4.04845,3.42339,3.79406,5.0931,4.01276,4.51801,4.60929,4.97136,5.00041,4.68425
4.47277,5.70794,2.93307,4.68433,3.66707,3.94459,4.34551,5.20341,3.204,5.07076
4.1467,3.5373,3.46276,5.82006,3.94686,2.79612,5.15591,5.37211,4.4403,4.913
4.61906,3.54638,4.86237,3.21424,4.18497,6.24417,3.4915,2.64327,4.19957,2.06347
3.15971,3.94353,5.21124,4.05911,3.33165,5.01164,3.98555,3.47766,5.16268,4.421
5.54286,4.2678,4.18829,3.36342,3.18736,3.7436,3.01235,3.27608,4.31548,4.35468
4.62201,4.59097,2.31093,3.48503,4.3853,3.35562,5.40042,4.98912,2.94312,4.25235
4.26768,4.60025,3.44844,3.68043,5.20345,2.61707,3.30222,3.02351,4.03229,3.00248
3.36095,5.53221,2.76881,5.1963,4.77286,3.42274,4.74259,4.19711,5.44014,4.37023
2.52186,4.87562,4.49214,3.01568,3.77614,3.90232,4.43689,2.86296,3.95153,2.86964
5.10079,6.86454,3.95125,3.56428,6.12565,2.63847,3.97143,4.79571,4.23084,3.94868
3.68833,5.66916,3.79719,3.28369,5.57368,2.78542,3.81889,4.35306,4.62972,4.24669
5.77769,4.67423,3.44861,4.75837,3.07237,3.57672,3.5091,3.40831,3.38865,4.27012
4.06562,6.47134,3.17188,4.71237,3.13304,4.53451,3.91727,3.28695,4.10369,3.77784
3.64733,4.54427,4.82162,2.89797,4.23003,4.26787,3.73602,4.3466,5.08934,3.46694
5.43904,3.31602,2.332,2.89167,3.77996,4.55935,2.69582,4.20098,3.91809,4.11504
3.92256,4.85876,4.39359,3.92489,4.43104,4.69433,3.80626,4.09432,3.89323,2.42016
3.52384,3.0956,3.0704,3.26771,4.49928,3.65998,4.55345,2.66921,2.79311,4.60313
4.25065,4.09429,5.40935,3.19388,3.33906,2.87107,3.73078,3.89979,2.22966,4.0043
3.11905,4.21192,3.12022,3.39807,4.13636,2.86189,5.77068,4.92099,2.42224,3.79347
2.73399,3.04427,2.52816,3.9158,2.44662,3.66418,4.4733,3.6119,3.4355,4.51913
2.36777,5.18984,4.28731,4.62665,4.28028,3.77014,4.91456,6.77419,4.14475,5.60414
2.87956,3.75427,3.72428,3.69027,4.52539,3.16951,5.11012,3.80236,4.89087,3.77394
4.14643,4.18146,3.51515,4.84305,3.19871,3.95889,3.41256,1.87767,3.84887,3.97743
3.14784,5.02539,5.84042,2.91549,5.09391,3.67052,4.89624,5.30795,3.58535,4.44443
4.48943,3.15796,2.54208,2.91845,6.55171,4.95322,4.21329,3.77649,2.05227,3.22967
4.61736,4.17507,3.0667,4.36934,4.15378,3.98353,1.82098,2.48877,3.95569,4.90882
2.8563,4.65647,4.68285,3.12509,5.27265,4.9107,4.00095,3.68709,1.63546,3.99998
2.36837,3.49182,4.40413,2.58212,3.06756,4.46564,5.62626,5.30973,3.78865,3.27677
3.67308,4.40417,3.59793,4.59335,4.70514,2.75797,4.05939,4.43882,2.85367,5.50578
5.30227,3.95611,2.73432,3.46488,3.50337,4.13597,3.32949,3.81777,4.23435,3.39335
4.87961,5.77436,3.86848,3.06148,4.1134,5.19779,2.51516,4.45539,6.27235,5.52248
4.0172,4.35314,2.84698,3.16596,5.11133,5.51542,2.20328,2.61564,3.13362,3.04226
4.0743,3.67028,3.35667,3.32003,3.60494,3.71858,3.87851,3.17912,3.4819,3.67813
5.37158,4.31888,3.66547,2.89371,2.64131,2.8966,4.73008,2.3401,3.49904,2.94657
3.87943,2.43623,4.75092,2.44354,5.26453,4.38863,4.52034,3.8841,3.51925,5.59375
5.61111,4.62725,6.03585,6.13152,2.64421,5.21323,3.49531,3.14592,2.73474,4.9418
4.22093,2.10647,3.15172,4.71917,4.0155,2.7267,3.89478,4.46468,4.09918,4.44819
3.67609,5.17124,5.87731,5.60145,3.85409,4.14272,4.1215,3.83042,5.01402,4.63121
4.64031,2.88107,3.05451,6.99105,3.13561,4.26461,3.4323,5.26086,2.60929,2.83836
4.21822,3.45303,3.18418,5.16031,4.11269,4.92005,3.58206,4.52255,4.93442,2.95227
4.86798,4.98959,4.02556,4.09493,3.60757,4.01384,4.13863,3.97181,4.07943,3.10349
4.22549,5.15744,3.24714,5.32334,2.39787,5.74075,4.07649,4.2599,3.04732,4.45916
4.3042,2.47977,3.36017,3.10601,5.29788,4.39645,3.09884,3.06697,4.14771,2.39959
2.54019,5.05819,5.26295,3.49206,3.85103,2.09244,2.55454,3.98963,2.74823,3.52277
3.97406,3.79377,5.08387,2.99287,4.56102,4.56608,3.86247,5.37814,5.74799,3.87169
3.00265,3.48134,3.65043,3.61288,3.61721,4.60752,4.37042,3.31428,2.33104,5.17091
3.4938,3.86345,4.07467,2.91091,4.86863,4.26238,2.21975,3.15218,4.55348,4.24456
2.89193,3.53524,3.29624,2.20009,1.35878,4.60282,4.16613,4.99831,3.8762,1.12563
3.87608,3.91395,4.66726,2.78579,3.67359,3.56385,2.65993,4.89045,3.44546,4.85232
3.44554,4.71567,4.3504,3.8758,4.54367,4.62856,4.39488,3.61997,4.1228,3.56128
5.0938,1.2407,3.27207,4.03609,4.08471,2.15737,3.67288,3.84607,4.12607,4.43191
5.95674,5.7347,2.79331,3.59986,2.82985,3.57242,4.14891,3.86035,1.92327,4.40536
4.0759,3.79128,3.15138,4.30005,5.19691,5.16057,4.58706,3.56268,3.71375,3.2201
3.30502,2.93634,3.93341,2.0055,3.50028,1.94245,4.74126,3.93298,4.45008,4.22652
3.79754,5.07938,4.64736,5.67139,3.65236,3.22136,2.22217,4.55188,3.9879,4.12993
2.23046,3.52473,4.15792,3.72864,3.01285,4.2825,4.96261,3.8698,3.36515,3.16239
4.1372,1.59549,4.11401,2.20226,4.51178,2.96663,3.41979,3.80615,3.7175,4.27259
5.07481,3.33517,4.23191,5.05199,4.68999,2.99755,3.08767,3.79956,5.03116,3.1622
5.3298,3.81957,5.38173,4.16789,2.9913,4.94752,3.42392,4.7596,4.84282,6.04711
3.63905,3.5243,4.29974,5.63695,3.84994,4.63314,2.67507,4.82087,4.54098,4.15993
2.01427,3.06472,2.87699,3.93804,3.57125,4.75986,3.63741,3.39652,3.93318,2.98617
1.6057,4.50304,3.38763,3.90303,4.35011,3.40959,5.88209,3.65272,5.24681,2.55589
6.12066,4.59135,3.37666,3.53945,2.92132,4.45526,5.29218,4.86519,2.57586,5.89705
4.71274,3.9441,3.98088,1.89454,3.78307,3.26323,5.95759,4.18945,4.74025,3.11662
4.55962,3.04264,4.43908,3.60093,2.98165,4.40553,4.39619,3.43557,3.41617,4.58127
4.97605,3.85456,4.72418,3.20528,3.72426,2.01523,5.28915,5.64829,3.14179,3.82916
4.51377,2.70358,4.05883,5.67331,4.12077,2.63324,4.3867,2.55727,3.92112,3.84957
3.0964,4.12481,5.8014,2.7713,3.81461,3.8538,4.686,3.47975,2.98552,2.66696
5.28225,2.84683,3.98905,4.4528,5.0517,4.47053,6.21629,3.52313,3.57967,3.69007
6.04313,3.44434,4.30729,4.82848,4.06526,3.76131,2.23751,4.79412,3.82101,5.99549
3.24562,2.98315,4.26994,6.16095,3.4977,2.79837,3.5995,4.21136,3.4368,3.34196
5.40714,4.69867,5.5776,3.53858,3.06996,4.10205,3.59118,3.37113,4.60925,4.07197
4.17565,2.99355,3.55976,2.98106,2.62474,3.89284,4.93342,3.95462,3.41457,4.39684
3.93966,2.24944,2.629,5.41471,3.36002,4.29414,1.35965,4.03107,4.91217,3.53948
4.2655,2.55917,3.84646,4.84466,4.67465,4.00669,2.89534,5.09246,5.76169,2.58477
2.52772,3.43891,1.79454,5.13832,4.03906,5.37982,3.8223,4.13285,3.64202,4.54503
2.71717,2.89678,3.06324,2.85628,3.36118,4.24796,4.19274,5.29225,4.04986,4.80926
3.22376,5.75096,1.62777,1.90174,3.33276,4.8654,1.25542,4.94996,4.17925,3.85244
2.70981,5.31371,3.52216,5.47945,3.94034,2.49326,4.85989,3.53425,4.32273,3.57046
4.52726,3.28525,4.06798,3.86249,4.68657,4.02941,5.30581,6.09316,5.68765,3.97438
4.3705,3.97666,4.20594,3.84332,4.27179,0.960516,4.83693,5.39828,4.03212,4.27371
3.34695,2.96272,3.91571,3.23759,4.63429,2.90795,3.84094,3.0965,2.3138,2.06999
3.83258,4.935,3.14701,5.24517,3.74377,4.65641,2.99801,4.60135,4.1569,4.07121
6.82054,3.43293,3.62763,4.77325,2.76387,4.88464,5.72798,4.32315,2.97983,3.82939
3.12562,5.93631,3.53904,4.74809,3.8753,4.21084,5.94682,3.89944,3.60761,3.61124
4.5668,4.4494,5.16342,4.36226,4.4329,3.1295,4.44001,2.46504,4.51938,4.10506
5.24137,3.36323,2.86759,4.58157,3.17181,3.049,3.97021,4.33802,6.35363,3.99427
3.85619,1.78391,2.9994,4.76854,4.98349,3.54715,3.83704,5.08889,4.90744,4.28892
4.5369,3.14902,3.71574,2.09834,3.37324,2.06479,4.73731,3.50859,5.65768,3.19313
5.6587,6.99152,4.91078,3.40955,3.49849,3.87236,4.32709,2.83594,4.57556,5.04474
4.84065,5.20143,4.23584,3.43262,4.55292,1.60878,3.2817,4.04616,3.08805,2.17356
2.8806,6.09762,4.96027,3.83878,2.71346,3.9759,4.17532,5.08547,5.20544,2.94431
2.28127,4.55939,5.18668,1.43036,3.32928,3.61968,4.71312,3.96462,3.20954,4.60536
5.02153,3.80958,3.5058,3.83022,4.3198,3.27123,3.14065,3.51977,4.03077,4.45237
3.91143,4.21259,4.32938,4.00568,1.03501,3.88713,3.89107,3.42673,3.42882,5.08761
4.3552,3.70768,3.97252,4.96616,3.86806,3.65846,3.38667,2.80074,4.64353,5.12745
4.09877,3.80455,3.69425,5.21922,3.88576,5.08972,4.51264,3.99674,3.97345,3.28516
2.86457,4.79145,3.85074,6.10386,5.78775,5.46508,4.40673,3.84463,3.76085,1.57885
5.24562,4.25143,3.33359,5.00335,3.07772,1.85333,5.03559,4.84332,3.89775,4.77164
4.31692,4.13351,4.65348,4.40049,5.8177,3.72545,5.21584,4.88317,5.16848,3.77328
4.01179,3.62181,2.4057,3.09929,5.47682,4.3306,5.02298,5.73291,3.3163,2.9371
4.98991,1.44789,2.84722,4.39711,3.70347,1.81374,3.28784,3.76549,4.6423,4.47103
6.38481,3.33232,4.17649,3.20688,4.21872,2.20578,5.65877,3.9838,2.42463,4.93887
4.19279,2.99393,3.55538,4.76161,3.79193,5.38573,3.58158,4.40607,3.38495,5.64602
4.17895,2.92831,4.45473,6.57061,3.20667,5.30259,1.61705,4.48116,4.01321,2.97877
4.33156,3.62749,2.52816,3.42705,4.37511,2.96024,3.16118,6.47717,3.77155,4.15279
2.32385,4.59093,3.81592,4.55394,4.98619,3.85165,4.94063,3.33299,3.24608,4.02001
2.5525,3.6132,1.75725,3.32469,4.10663,3.59158,2.03857,3.69615,3.46369,3.68341
4.2737,4.34076,4.04396,4.30867,3.66361,4.42398,5.83983,2.77666,5.90521,3.43862
5.85338,4.40437,4.45459,4.41816,2.74177,2.47128,3.15244,4.60955,4.4291,2.96548
3.838,2.84547,5.1594,5.95375,5.40727,3.90142,2.89263,4.0634,2.94681,4.99646
2.96802,3.87424,4.00585,3.71862,5.5441,4.98697,4.43123,3.65543,3.81637,1.58053
5.47331,3.7415,2.03224,2.55621,4.54414,5.19409,3.24923,4.61242,4.13735,3.48745
5.53656,5.65081,3.94345,3.82023,2.95188,3.35276,4.98719,5.20204,4.64413,3.64949
5.72455,3.89956,5.35254,3.41784,3.53556,3.17064,4.984,3.71965,3.07542,5.00811
3.02152,3.24996,5.87808,4.09205,6.02053,4.41628,4.9488,2.37667,4.22413,1.0095
3.4423,3.64978,3.92359,2.67067,6.93479,3.60191,2.1473,4.88163,4.07274,3.34137
3.54206,4.05712,5.51686,3.54108,3.81388,3.69393,3.44398,4.16345,5.23701,4.22952
4.89227,4.28348,2.81836,4.08479,5.13802,4.05334,4.26661,4.26222,5.5468,4.60329
4.4137,3.12086,4.27374,5.04984,4.64217,5.43095,3.9236,4.82645,4.12627,3.93363
4.35604,5.14654,3.56489,5.08425,2.42724,3.71009,4.17133,5.19866,3.87815,4.76331
3.90024,3.09328,4.22962,4.05881,4.65878,3.43426,3.82,4.42031,4.50184,4.2574
2.0933,2.83158,5.40994,3.487,4.25984,3.52883,4.63073,3.62799,4.67372,4.40937
5.49986,2.96226,4.93475,2.80549,5.65611,5.09076,3.56604,3.08506,5.58827,2.55326
4.04119,3.43714,5.09295,3.54419,2.41689,5.01962,5.07498,4.33605,5.2501,4.13547
3.74128,4.50272,3.92094,3.03331,4.77622,3.05095,4.27136,3.94544,5.6679,4.33497
5.29512,3.86283,4.84087,5.33375,3.6698,2.05001,2.99824,3.51892,3.189,3.39573
2.98104,2.44429,2.74865,4.08267,5.62203,5.05435,4.29519,6.36705,3.56834,3.38389
3.13301,3.741,3.15792,4.19228,4.64645,4.85394,3.52721,4.40522,3.89514,4.1168
5.47411,6.5544,4.25275,2.42202,4.87639,4.97139,4.13832,4.78253,5.15818,3.89941
4.31268,4.73882,3.9321,5.17219,4.06235,5.19159,3.61782,4.33748,3.6207,4.12504
4.25084,4.35766,4.20541,4.8554,4.99667,4.07046,4.30696,5.14035,1.82192,5.09642
3.49649,4.49562,5.44516,4.10149,3.99106,6.29695,2.41372,3.86299,4.66993,1.92487
3.32658,5.56494,2.48964,3.39221,2.33257,3.00811,4.84288,3.24478,5.19836,3.66701
4.13935,4.78229,4.05302,3.87553,5.22407,5.03124,6.16036,3.23949,5.38111,5.87684
3.54637,5.09912,4.93314,4.80769,3.44517,3.12708,4.76698,3.79827,4.97657,5.03819
3.27166,4.85003,3.24602,3.31628,2.57231,4.62626,2.52374,5.81919,3.25313,4.74442
3.60989,3.9172,2.6388,3.26499,3.58658,3.13495,5.65703,2.73307,2.08408,3.78946
3.89637,3.36985,3.95319,3.04247,4.02606,3.85793,3.15943,5.09891,4.25501,3.30742
3.79361,3.9438,4.90323,3.91466,5.1642,4.62467,3.27065,3.62352,2.45202,1.33987
4.98293,4.52764,3.75156,4.10487,4.35507,5.66807,2.27756,3.58608,2.82848,5.00471
4.32988,5.3958,2.60336,3.20672,1.98564,3.22331,4.58062,5.35953,5.12795,3.53901
4.27731,4.91553,4.02093,4.27725,5.08244,5.37735,3.75857,3.60858,4.34338,3.75136
3.45542,4.0639,3.74981,5.70073,4.36415,2.2297,2.67804,3.54179,3.41751,4.02309
5.63989,5.12324,3.73121,4.61297,4.50988,4.26731,4.80113,3.77773,3.34447,3.03705
7.53705,4.11147,3.8667,4.26414,2.37712,4.40137,4.52909,2.75831,3.01252,5.17965
2.81025,3.25983,3.52487,5.5336,4.12815,6.00525,4.16205,4.84555,4.48297,3.31757
4.25847,3.35229,4.26434,5.27128,5.3517,3.50225,5.4559,3.30277,3.53798,4.70601
4.50461,2.83979,1.96695,4.94989,4.15937,4.84433,3.38924,3.82267,3.97601,2.33404
3.0833,5.26431,5.06469,4.13029,6.29278,5.91292,3.16072,2.14452,4.15339,3.41625
5.61779,3.31486,2.90241,5.55955,5.0264,4.016,4.05378,4.41188,4.98063,4.14339
5.83908,3.25074,4.73711,4.89384,4.89753,1.9866,5.41937,1.85905,3.53219,4.53257
3.43542,2.79014,2.90936,2.66564,4.17216,5.41343,4.53562,3.85001,4.49021,4.80994
3.58639,3.83886,6.58715,2.69215,3.09547,3.25085,4.5339,1.6138,3.68928,3.16559
4.47605,3.30773,3.18894,3.40264,4.58206,2.64395,4.27691,3.32487,2.80493,2.62311
4.41026,3.13589,5.34996,3.97811,5.11541,2.39776,3.77943,4.49621,3.96917,5.26665
5.06468,4.39016,4.15948,4.38084,2.92628,5.03354,4.25447,2.1323,3.72265,4.01733
2.348,4.28912,4.84335,1.49265,4.87583,3.81485,3.40388,1.96605,4.28893,4.41272
5.3175,2.9826,3.3894,2.96482,3.18273,4.26374,3.78792,4.18352,4.90498,3.00215
3.63086,4.26196,2.35497,4.58242,4.87357,5.05384,2.84598,4.38563,4.07151,4.52373
4.19823,4.42899,4.8614,4.27203,4.25154,3.83462,3.73531,2.63896,4.62779,3.83348
2.6141,4.05651,4.17095,4.35606,4.24681,4.14345,3.82966,4.19601,4.77294,4.84783
5.00008,4.20966,2.94686,3.31969,2.34661,3.67038,3.82161,5.0027,3.26855,3.87647
3.95147,4.09896,2.52233,2.51988,3.56703,3.7318,3.78147,5.35241,4.42575,4.45291
3.45716,4.33862,2.82512,3.37319,5.16502,3.14407,4.25009,4.41726,4.23296,3.72295
4.21784,4.02319,5.12151,2.72364,4.28977,5.4398,2.89285,4.93644,3.90009,2.03502
2.95873,1.16943,5.96603,5.54083,3.47216,2.62761,5.17082,2.60579,3.62825,3.45072
4.87214,1.61334,4.98289,2.99798,2.58508,4.89468,3.32566,3.69917,5.91484,3.94944
3.38073,4.62238,3.20044,5.10392,3.42398,3.76413,3.74069,4.97314,3.26819,2.99461
5.24471,3.02773,3.33742,2.80493,2.70481,4.4395,5.39749,4.30911,3.52819,3.92564
3.88811,4.31146,3.8616,3.90258,1.51919,3.62712,3.88648,4.1236,3.58173,1.71197
5.58156,4.38252,4.45864,3.63402,4.22366,4.59169,5.1313,4.15712,4.95702,4.78177
3.52199,4.29993,2.81572,4.31257,5.05165,4.09225,3.68102,4.60368,4.95325,4.14044
4.689,4.31831,5.25009,3.48883,4.67866,3.63225,5.27802,4.91987,4.00036,1.4225
2.90039,4.17909,4.97202,4.65203,2.36739,3.39089,1.7841,4.03066,4.20247,4.09695
4.68401,3.21561,3.04416,1.48628,4.18946,3.66769,4.82028,3.2292,3.8376,3.99681
4.59844,3.85063,5.88168,3.09104,4.11427,4.74148,2.31517,4.24159,2.44945,2.96343
2.63883,3.97741,4.7097,2.76788,6.58582,4.6488,4.6496,5.71377,3.70093,3.34023
4.15104,4.53428,4.80409,3.85495,3.28398,4.31262,6.72787,4.09085,2.24263,2.7291
2.91434,4.02751,4.53606,3.70129,5.21874,2.32018,3.26351,3.76543,3.55377,5.12475
6.14622,3.82514,2.76196,4.11125,6.26017,3.7178,4.22756,3.81804,3.27991,3.70151
5.33332,3.81718,5.24578,2.8859,3.41556,3.54455,4.71413,1.42605,3.54824,4.04739
5.57271,3.30021,6.01888,5.8371,5.21248,3.49485,4.21856,4.51568,3.80066,3.62083
3.945,2.4927,5.52488,2.48388,4.12886,3.94687,4.93994,5.14028,5.31715,4.78933
4.02799,2.35736,4.72014,4.836,3.02552,4.4537,1.37409,1.80633,3.32196,3.4476
3.3495,3.81429,4.01211,5.75497,3.16797,2.76232,2.89203,3.61785,5.73147,2.45604
5.4413,3.78429,3.80998,4.53371,4.32371,4.49997,4.57201,2.16232,4.87968,3.69936
3.2873,4.82881,2.81855,4.27502,3.56504,4.99698,4.0147,3.15096,2.90857,3.63555
4.37225,2.92635,3.81146,3.36951,4.13848,3.8348,4.18433,5.18163,6.89804,3.9262
3.42335,4.2547,3.54232,4.47603,2.85791,5.36139,3.7807,4.55777,3.15552,3.794
4.89953,5.11427,3.27534,3.19996,4.08824,5.29797,5.39406,3.81452,2.14133,4.57376
2.97005,2.35724,3.72586,3.40059,1.60174,5.0515,2.02644,4.89371,4.42404,5.31796
1.97344,4.32648,3.50438,1.535,4.39014,2.6184,4.21745,4.46689,4.78288,4.41044
4.01371,5.40553,5.21589,4.27854,5.85821,4.39184,4.35909,2.63948,4.03306,3.87873
3.34359,2.64826,3.57265,3.87358,4.60444,4.25651,5.30419,3.11239,5.25566,4.24027
3.15385,4.18436,2.38731,3.66159,1.93653,4.79719,4.75634,4.15473,4.52342,2.9822
3.97071,3.61496,2.92745,4.49442,5,3.26676,3.61647,2.05129,3.76871,4.48574
4.69554,4.8665,2.52132,3.31799,4.91797,2.97459,3.96525,3.53144,3.13587,1.79036
4.42875,3.71402,4.03914,4.06665,5.03702,0.84094,5.47239,3.69183,3.3862,3.90637
4.61081,4.78623,3.54053,4.93286,3.213,3.4246,3.8988,2.89726,3.61869,4.196
3.80089,2.71773,2.87959,3.80462,3.39516,5.44896,3.86539,5.04288,4.06108,2.404
3.53978,3.99401,2.29944,4.14076,3.63299,3.75845,6.57586,3.02223,2.54506,4.35078
4.86936,3.7868,2.67038,4.76184,4.84635,5.87194,3.43998,3.83663,4.33155,3.62325
3.20686,3.23472,5.89846,2.5195,2.45063,4.47895,4.39513,5.5836,4.4482,4.16855
3.29453,3.60682,2.66964,3.39309,4.77979,1.83511,4.21659,3.33562,5.93325,3.31977
3.34028,3.36323,3.76167,2.73609,4.16227,4.34837,3.80628,2.53897,3.68254,4.43684
5.56665,3.78042,2.71859,3.40743,3.30279,3.19747,3.60616,4.93497,4.34459,3.98345
3.22669,4.1738,2.88515,4.22659,4.15821,4.5727,5.88898,4.44172,4.68702,5.31849
2.20507,4.33129,5.29517,4.76781,6.23107,3.47033,3.19933,4.44185,4.16684,1.6616
3.96456,5.04028,3.10721,5.53094,4.07348,4.58266,4.52671,4.09422,3.50813,2.79565
3.34356,4.9397,3.77429,4.0523,3.68786,3.79718,2.94964,4.12864,2.96602,3.33355
5.72753,4.56004,2.69385,3.43019,2.97118,5.27129,2.45426,4.05637,3.87786,4.25153
4.41625,3.63961,4.16262,5.47336,3.78941,3.11992,5.38677,3.81478,2.62447,5.23281
2.51799,3.82136,4.39098,3.92656,4.2793,4.32635,3.76683,3.13102,3.96778,3.32954
4.83944,5.34852,4.54594,3.95987,3.4316,4.11692,3.71295,4.78585,5.08452,4.47277
3.90864,3.47308,4.30409,2.32294,4.08103,2.20942,4.65811,3.1569,4.01968,2.91107
5.58049,4.52505,4.0716,4.41996,5.79571,3.21827,3.75973,4.17333,3.86889,5.19433
4.41502,3.88607,3.88829,5.50733,4.04696,4.22693,2.99059,4.56539,3.93501,3.94051
3.20683,1.9189,4.87192,5.12285,4.85371,4.11603,4.65709,4.77297,4.38939,3.29974
3.83841,4.24362,5.23855,3.59545,4.24671,3.50556,3.94312,2.66236,4.62412,1.19182
5.45246,3.672,3.89888,4.46799,4.61184,1.69673,2.65045,2.28025,3.36059,2.71692
2.96393,4.83245,4.65859,3.46283,4.27479,2.77721,3.91107,3.41333,3.90312,5.58244
4.06436,3.56578,4.22511,2.80963,4.126,3.23669,3.80856,4.74159,2.89029,5.72002
4.16285,3.29224,3.36152,2.4208,3.52321,3.16378,4.98339,3.79655,4.35545,1.79106
3.05459,2.49949,4.32049,4.69786,4.37801,4.79382,4.59196,4.46295,3.16329,4.35638
3.14111,2.88289,2.95825,4.27639,1.84415,3.87448,4.17283,3.24086,3.28236,4.00461
4.23425,3.68612,4.62305,2.88858,3.01283,3.86977,4.32677,2.839,3.94077,4.31984
3.92874,4.81597,3.26104,2.6135,3.55986,2.99042,4.28598,2.38101,3.40132,3.74292
3.40518,3.57241,2.93251,3.01753,3.20768,2.81623,3.55025,3.38443,4.10472,4.43544
2.68486,2.50438,6.4548,2.11698,4.53404,3.46029,3.70199,2.19934,5.10071,4.11299
4.87332,6.08794,2.83282,3.08487,5.5344,3.71401,2.42776,4.00534,3.57393,2.22557
2.69811,2.31584,3.35324,5.16265,7.46569,5.06277,3.46174,6.66138,3.07254,4.60554
5.07074,6.15746,3.68479,2.71639,4.22516,3.78861,4.97768,3.46547,3.10446,3.17772
3.10355,3.08252,2.23454,3.75686,4.8067,3.80061,2.7603,3.97255,4.08475,4.22871
4.15934,3.57726,4.1794,4.1154,3.85081,4.06432,4.24681,4.88481,4.42013,4.60148
4.52369,3.97566,3.55137,5.57135,4.92807,2.79133,3.41772,3.84088,4.25826,3.33712
3.61307,5.33736,4.97336,4.18721,3.54172,4.15091,3.59569,5.11929,5.23109,1.67361
3.82341,2.93271,2.42615,2.59612,3.79672,4.09564,3.71687,4.75622,4.75709,5.7096
4.96132,4.72751,2.68809,5.0856,3.45773,3.71294,3.51343,3.18064,3.44375,2.98912
5.25619,1.71268,5.67568,3.54627,2.80219,4.48953,5.32859,3.70063,3.56083,5.06625
3.54797,1.75751,2.51378,4.25447,3.95302,4.00289,4.46658,4.13517,4.47547,4.55966
1.41642,3.34455,4.48496,5.51119,5.35773,4.01328,4.00212,3.83737,3.65928,3.15225
3.67017,5.7848,4.43501,2.10454,3.98786,2.9477,3.70784,4.9717,4.36776,4.67968
3.42824,4.29837,5.60526,4.91923,4.00171,4.53312,4.2099,3.92756,4.7974,2.98102
4.37189,4.40237,3.56718,3.46365,5.18762,3.83174,3.0642,3.46911,2.25393,3.76761
2.83726,4.77143,3.43698,4.10607,3.72997,4.62907,5.44196,3.57175,5.67069,4.48375
4.41764,4.03993,3.84494,4.58868,2.95024,3.8985,4.75523,5.10304,2.70058,3.07025
4.83123,5.21854,3.93842,4.70316,4.07781,3.33781,4.31542,5.12543,3.90376,2.76493
2.65195,4.34139,5.94867,2.73242,4.52737,3.90616,2.62181,2.80183,5.36355,4.71867
2.78373,4.69525,3.89124,3.97782,3.38584,3.08634,2.93052,3.05976,6.24949,4.83299
4.15127,4.69575,4.86973,5.85607,4.01032,4.35525,4.5363,3.11282,4.41701,3.91413
5.46873,5.75781,3.39443,3.99775,3.1533,4.26016,4.07749,1.99451,5.01438,3.69301
4.7163,5.2442,4.75276,4.10277,2.66613,3.77618,2.30727,3.10171,3.50113,5.08428
3.72896,4.26975,4.47009,3.77747,4.5924,3.51594,3.18147,3.10027,3.67399,5.59493
3.96935,4.52367,3.66647,4.59472,5.1732,3.93572,4.73091,6.22796,5.24972,3.09086
3.34592,4.66077,5.4305,4.42162,4.85532,7.3347,4.62824,3.16448,4.06509,3.68917
4.31278,5.05058,4.33782,4.58159,1.75786,5.55993,4.04331,4.26062,6.4706,3.94209
4.17247,4.30545,3.25841,4.22149,6.05419,4.15874,3.10776,4.55526,3.60486,5.67417
4.18644,4.28759,4.27963,3.49248,2.66818,6.55982,3.47099,4.73131,4.02197,3.84408
4.00698,3.47013,2.37442,5.61339,5.15471,4.15275,4.24294,2.81276,3.87872,2.56503
3.67341,2.69352,2.96303,4.0823,3.2393,6.62235,3.67139,4.8619,4.55108,5.15527
3.31805,2.89179,5.71396,4.12517,4.9508,5.60514,5.77795,3.06861,2.48619,4.94138
3.1553,3.86069,3.46753,3.81768,5.12156,4.86107,4.26535,3.09204,4.51617,3.62484
5.11122,3.6365,4.11307,4.7647,2.00182,5.27888,4.24129,2.33535,2.40003,1.09813
3.35225,4.34388,4.83754,2.8259,5.11338,4.60413,6.90378,3.118,3.5038,2.93251
4.57072,3.9317,5.43683,4.69296,2.33294,3.88142,5.35853,2.75009,2.47225,4.16259
4.34877,4.58207,4.91232,2.26948,3.44191,4.08749,2.76413,3.36676,4.48559,4.16919
3.08147,2.94079,5.1399,3.10097,4.79504,4.31916,3.87339,5.96458,5.12391,4.56004
4.2316,3.57765,2.22442,3.38052,5.02364,5.20584,3.46535,4.41144,3.59858,3.46954
2.98636,5.30672,3.86541,5.65284,3.99804,2.40584,3.15976,2.85344,5.52318,3.80199
4.64782,4.96482,4.82225,3.84183,3.33777,4.04472,2.2511,4.40128,3.78502,4.41075
3.38218,3.68168,3.91982,3.45215,3.13897,3.36491,3.35202,5.47635,4.11434,3.51165
4.46976,2.29674,3.73316,4.33425,3.63188,3.98403,2.89771,5.21318,5.04389,3.88635
3.56665,3.08429,1.7756,5.82427,3.2992,5.64563,3.35985,3.59307,3.4376,5.37228
3.97297,3.19955,3.80868,3.66002,3.82996,3.27504,3.45689,4.5038,5.15661,5.45913
4.36819,3.22075,3.47802,5.04462,1.52425,3.27223,4.58959,4.02657,2.27532,4.43013
4.65966,4.75235,4.29123,3.59677,2.46549,4.10806,2.77233,3.53846,2.02897,5.98183
4.00888,4.68279,5.39561,2.46583,4.58339,4.32438,3.64916,3.66586,2.90304,4.31
2.73548,3.62537,2.28591,5.98371,5.08189,4.41644,3.91996,3.1931,3.54156,5.2316
5.47244,4.76892,3.53444,2.98886,2.55045,3.26744,5.49525,4.41023,1.12496,3.77416
2.16591,2.65171,4.54401,5.9371,3.87924,5.24243,4.89653,5.11114,3.90129,3.42964
4.36829,4.1237,6.19111,4.65662,4.7709,4.38666,5.54598,4.07027,4.39529,3.92031
4.26206,5.52606,2.70701,3.06226,3.68481,4.41189,3.75002,3.164,5.41477,5.59003
5.39723,4.99919,3.06366,4.42401,2.90709,3.39481,2.5363,5.9406,2.74846,3.78826
2.35638,3.90683,3.06908,5.45223,4.68296,5.36925,4.46136,3.8887,2.74202,3.25871
4.56286,4.0834,2.9718,4.15776,3.68431,4.97747,4.12955,5.82431,4.45394,3.10148
3.29059,1.90574,4.08617,3.37143,2.71498,3.79771,5.2624,2.71996,5.33749,4.20042
4.75161,3.48729,5.00935,4.42695,3.47231,3.1912,3.66999,3.94937,3.23526,5.92228
3.97727,6.12683,3.63034,4.19037,3.5885,5.03583,3.03566,4.72405,4.13479,3.40931
3.43544,4.59244,2.78258,3.23384,4.2992,4.89909,3.69245,4.39505,3.90154,3.36189
5.43731,3.97421,4.39477,2.42743,4.01027,4.64931,5.1987,4.23253,5.3193,3.74184
3.62539,2.52167,4.169,5.57102,3.2158,3.07908,4.21269,4.77665,4.76047,3.17689
3.707,6.58908,2.73047,3.70191,2.92695,4.50161,3.75072,3.27302,5.90894,3.60096
5.37802,4.20863,4.14628,3.68291,5.11561,3.41802,2.97159,5.73066,2.94696,4.29947
3.78508,3.90141,2.82164,4.79183,5.78768,4.80322,2.79652,4.96428,5.1309,3.14684
3.79328,3.25766,3.96458,3.35798,5.90315,5.03613,3.68771,3.8067,4.72606,3.63723
4.90841,5.09222,3.86462,4.41999,3.86862,3.89408,2.9601,1.61404,4.1552,5.05343
1.89084,4.10015,5.04771,3.94622,3.81394,4.26333,3.09325,4.55844,2.94701,2.92816
5.57397,1.91254,4.93259,4.03379,6.33521,5.11557,5.12305,4.79529,4.52924,6.02809
4.54995,2.08823,4.15124,3.8097,5.78195,3.81192,4.88452,4.65691,3.35384,4.00155
4.22521,4.2118,4.01562,2.82938,2.67899,1.81191,1.35627,3.84317,5.22875,5.25372
3.81618,6.02598,1.33189,4.73621,4.07736,3.37995,4.04337,3.0364,2.54385,3.00332
3.07028,3.46267,5.28559,1.56564,3.26569,1.81525,4.1601,3.87128,3.5767,5.38396
3.83339,5.06094,5.45388,5.63694,3.05654,3.89034,4.31764,3.08907,3.15248,3.16814
5.54018,4.32853,4.17184,2.94157,4.40234,2.64252,4.79054,6.51582,6.4115,4.9041
2.31501,3.03453,3.88082,4.86728,3.3083,4.99741,5.00704,4.54225,4.1891,4.31737
4.28983,3.66035,3.59269,4.91025,4.02829,4.64474,3.80168,3.87212,4.15219,3.6634
4.13837,2.36714,5.43228,3.26426,4.61803,3.58621,4.57766,4.20923,5.01157,2.75531
4.00357,4.13408,2.64593,3.74758,3.17616,3.40906,5.35458,3.05811,4.58473,3.12809
4.77623,4.5867,4.50696,5.29141,3.87024,3.69639,4.32311,3.33992,3.9403,2.81109
3.55592,3.21606,3.76172,4.82997,4.43495,5.08296,4.06248,4.24915,5.56038,4.49185
3.31777,4.55021,2.67003,5.02534,2.97915,5.20757,5.52261,5.0818,2.93169,3.57199
4.19314,3.99601,4.86576,3.68474,3.2326,3.11777,3.63299,5.56727,2.99386,5.64593
3.69,5.3386,3.06559,3.8338,3.11927,3.90347,4.61535,3.75173,3.24619,3.43699
2.95025,3.81322,4.41843,2.63881,4.69412,4.02126,3.73983,4.67922,2.94728,3.29363
4.91199,4.44579,3.42065,4.08648,3.68942,3.52303,5.58754,4.04748,3.05467,6.47657
3.31644,4.44565,4.34922,4.86025,2.50204,6.5848,5.12953,5.20026,5.50737,3.54578
4.81389,4.39337,4.61804,2.75319,5.09972,1.94552,5.02916,4.35829,4.68078,2.77336
5.37605,2.79212,5.57506,4.73394,3.67694,3.67732,4.18334,3.37357,4.38201,5.43171
3.81175,4.98799,4.13388,4.47659,2.79648,3.49661,5.41321,3.88746,4.03217,4.73936
3.3376,4.02966,2.11942,2.83674,3.12253,3.77741,5.05723,2.63218,5.07592,4.86054
5.40877,1.18038,3.77608,5.725,3.99507,5.56832,4.79267,3.70024,4.35009,2.95388
4.09949,3.04676,4.76635,1.46175,3.39001,3.22915,4.59865,3.74355,3.51545,4.89532
4.76621,4.21039,5.53806,3.39949,4.79467,1.88609,3.57888,3.24055,5.42427,4.75809
4.56983,3.27134,4.20738,3.09005,4.59986,4.74688,2.974,4.0063,2.75472,3.98453
2.50759,3.9102,4.88629,3.48301,5.87391,5.60448,3.80726,4.98248,2.97138,3.5448
3.07597,5.50812,3.34128,4.03748,2.77851,3.09063,3.71997,2.9719,3.39791,4.16351
2.46484,6.08575,5.77442,2.43551,3.85234,5.28892,3.86256,2.71629,3.86265,3.59581
4.9925,3.60728,4.8136,2.93272,2.64893,3.1714,4.20484,3.80455,4.27225,4.86993
2.2995,4.50013,2.61606,2.51492,4.80278,2.94856,3.19005,3.42691,4.38758,3.33241
4.79769,2.92047,4.4739,4.05196,4.81001,4.59745,2.4453,4.55423,3.71231,3.89572
5.84495,4.31636,3.53503,2.32641,3.80323,3.67538,3.48031,3.5563,4.18339,3.3239
4.50431,2.62388,3.99315,1.84662,3.66203,4.10802,2.62188,4.80941,1.86755,2.75244
3.76568,3.57742,2.95147,4.01289,3.43198,2.96288,3.59906,4.74709,4.6728,2.32831
4.65969,3.6544,3.75081,4.63757,1.93665,4.18266,4.60633,2.83448,4.09297,4.77903
4.79859,3.89965,4.91088,2.78535,3.59655,3.62328,4.03785,3.34648,4.63809,4.14564
3.70378,3.87897,4.57132,3.05172,4.93444,2.86007,3.67431,2.11666,2.56552,5.34231
4.65438,4.02225,4.71205,6.57525,3.80613,3.32751,5.07937,5.16345,3.99075,4.64126
5.90558,4.83565,2.38893,4.33884,3.51248,3.42415,4.50788,4.70667,5.15349,2.80505
5.19547,2.62014,4.6608,5.94193,3.2258,1.6534,3.55239,4.13274,3.65089,3.64043
3.24195,4.42723,3.07898,2.75345,4.64627,2.02187,3.10794,5.77301,3.86109,3.31028
4.63907,5.99718,3.67324,3.11337,3.00964,5.90831,2.48948,4.57839,4.33153,4.64885
5.23023,4.66318,3.37469,5.15756,3.57176,4.59315,2.67394,4.90043,4.10656,1.26647
2.25171,5.77308,3.58568,3.56391,5.54648,3.92606,4.31167,2.76871,3.77025,3.02572
2.70442,4.65574,4.16522,4.22442,4.03608,5.90158,3.91432,5.01125,4.73723,4.26603
5.94055,2.36419,1.77042,3.54226,5.63839,4.74096,3.98047,3.53984,3.74954,4.49557
3.62499,4.98229,4.15987,3.52299,4.27804,5.08899,3.27506,3.7515,5.12335,4.58929
4.41197,3.86066,4.52683,4.5128,4.6087,3.51581,4.57592,5.04384,3.96169,4.72163
3.50498,2.98878,5.0036,4.54199,2.80699,6.44042,3.661,2.69631,4.01405,2.77376
3.06156,3.28945,3.25566,4.43131,5.20361,3.1892,2.93932,3.78349,4.28076,5.1782
4.90401,3.12549,3.74747,3.63559,3.41224,4.66549,2.67223,3.53012,4.36642,5.79889
3.24439,4.7297,5.13837,4.98011,4.17086,4.23817,4.82897,3.70196,4.01514,4.14075
5.77135,3.67686,5.06869,6.48942,3.7075,3.3177,4.7149,3.1378,2.91466,4.27516
4.21943,4.09743,4.41519,3.90373,5.28369,4.62736,3.69862,4.52346,5.60615,1.86821
4.30866,4.28337,2.43781,4.85737,3.546,5.61076,2.45594,4.1232,5.41414,4.3854
4.13602,2.93692,3.15917,3.51241,4.25468,3.04598,2.7225,3.97973,2.9401,3.73628
4.85923,3.66398,3.52241,4.18337,3.05579,4.8498,3.40292,5.7283,3.45557,4.03032
3.17201,4.46072,3.87946,5.43415,4.04134,3.71447,4.92771,4.91774,4.02756,2.89886
3.99033,3.64026,3.31186,4.25008,4.88818,4.13896,2.8419,4.77833,3.711,1.24318
3.95931,5.0999,4.37599,3.07962,4.32572,2.81199,5.07557,2.94996,3.47658,5.32685
4.19078,4.35744,2.96,4.15315,3.69214,3.32722,2.09397,4.27548,4.71015,4.56012
3.26696,5.91121,2.92802,3.71408,3.97227,3.86386,3.6681,6.46233,3.44868,4.06937
4.62664,3.2721,5.4184,5.36435,3.16606,4.92802,3.16621,2.6965,3.23983,2.59215
2.63154,6.9454,6.06505,3.47984,2.82939,4.58182,3.15501,5.66359,4.18224,5.12018
3.77671,3.15064,3.81249,3.0131,4.63844,3.84115,4.30229,4.32283,2.91491,4.99828
2.80865,4.83981,4.09589,4.24976,3.91988,4.27548,4.51146,4.23355,2.85209,2.84019
3.88077,4.4544,4.0904,5.00318,3.16115,4.65072,5.24495,3.62636,4.82111,3.33771
2.64706,3.83113,2.98183,3.98037,4.00866,5.42722,4.79116,3.85049,3.63397,5.39731
2.3845,4.37684,4.63534,3.39423,3.74142,4.19266,2.79285,3.90076,4.97046,3.70318
3.45749,2.40238,3.17629,3.487,3.98443,3.90463,4.70412,4.34988,5.23323,3.60562
4.00833,2.66947,5.44114,5.85138,3.82412,5.06309,2.39664,3.60123,4.35949,2.55941
3.72076,4.26923,2.80536,5.49464,5.29704,3.67496,4.25194,4.79292,4.69239,5.55208
3.83987,3.47971,5.43878,4.25809,2.73529,3.48591,4.12916,1.99101,4.78009,3.78475
2.50678,5.6403,3.77882,3.5073,6.06765,2.61912,4.81501,2.73589,3.5518,4.54828
5.40872,5.03643,4.08273,3.78274,3.62457,3.15079,6.84625,4.98529,5.25825,4.5027
3.53056,3.42102,1.78232,3.29517,4.63056,3.55137,2.94537,2.04088,2.81971,3.25821
4.70212,3.92546,4.12273,4.58874,2.82468,3.80863,3.879,3.97735,2.85714,3.31954
3.63803,2.34348,3.39909,5.44564,4.05622,4.53856,3.76564,4.1307,3.48768,4.38625
4.22912,3.66889,2.25199,5.56451,4.75652,5.02888,4.1028,5.76748,3.59331,3.26485
4.8131,3.89412,3.12633,4.67194,3.45633,4.35025,3.88511,3.8284,2.78151,2.79796
3.86989,5.24298,5.59878,3.27766,6.03651,2.09527,4.5827,4.21195,3.23994,3.82605
3.47468,1.89022,4.28097,3.29234,3.27846,4.26532,4.45882,4.21706,4.58621,3.62556
4.66,4.25081,4.91456,3.33309,3.21779,4.46971,3.19784,4.61274,4.81191,5.36508
3.16797,5.27673,3.68605,3.62368,3.98691,3.78108,3.97332,4.95797,4.69276,3.88392
3.42271,3.95856,4.5488,5.15692,2.31026,4.42722,4.9626,3.67213,4.45107,3.49815
3.51645,3.44897,4.59557,3.45868,3.61377,3.98319,4.74327,3.47261,3.45386,4.7544
3.4849,6.1141,4.94236,2.39627,5.14671,5.57568,2.63043,4.29248,3.6841,4.40892
5.07412,2.90416,5.01464,2.21838,3.34827,3.03969,4.64686,5.57834,4.24512,3.22604
4.94261,3.85164,3.63867,4.2554,3.71109,3.16011,6.12695,4.48309,3.3109,5.14353
2.5523,4.70171,4.18041,7.08452,3.84114,3.34023,3.03512,3.17144,3.91343,3.10139
3.30818,2.92138,4.82788,3.45593,5.68345,4.30204,0.825064,4.27671,3.87369,3.68458
4.86404,3.56002,2.8109,3.3802,4.00974,4.29282,4.21354,3.54963,4.21245,2.85155
3.40035,5.05135,3.24573,4.50319,4.37568,2.06008,4.66337,4.88993,5.22564,3.04162
2.41671,5.37858,3.78724,3.95935,3.87642,4.58185,4.65307,4.53946,1.90594,4.92552
4.75738,3.51447,4.45204,4.37741,4.12097,4.6452,4.64578,4.331,3.64774,5.47558
4.36125,4.63825,2.59205,3.00921,5.25345,4.09593,3.74568,3.93046,4.0464,3.7831
3.20594,3.80295,2.82966,3.88381,4.04056,4.35713,1.86127,4.13615,5.69572,4.47442
5.36095,3.90408,3.3537,3.27946,2.83622,5.11885,3.30068,5.94954,4.68984,4.50771
4.99427,4.27634,1.21124,3.1694,4.55408,2.15573,7.29183,3.70025,2.9886,5.52392
5.16633,3.71755,3.82382,4.1211,4.25136,3.36166,3.58003,5.16304,4.49732,2.01887
4.98812,4.75632,3.43888,3.97521,4.76474,3.88931,3.84227,3.40699,4.90435,4.68157
5.30894,3.91142,3.75959,4.34822,3.38271,4.32277,3.68527,3.23463,3.77704,4.51377
4.32321,4.68964,3.78882,4.36914,4.5217,4.12736,3.339,5.22354,3.27317,4.75755
4.9716,3.86941,5.31106,5.40626,4.06082,4.03046,4.72256,3.39,4.75877,3.64885
5.76327,3.74122,4.15833,3.28079,3.2434,3.4374,3.86483,2.98463,3.72077,3.26124
3.75091,2.86338,6.07615,4.60597,3.13912,4.60551,5.30323,4.58504,2.85261,2.86181
4.43748,3.95225,6.3106,3.24131,4.05021,3.38101,4.163,4.64178,4.03631,5.41734
5.02434,3.63467,4.2274,2.98355,4.18481,5.52311,3.16248,3.04986,5.36934,3.81462
3.68973,4.87868,4.18563,3.92061,3.73109,3.54868,4.17759,4.36693,4.20175,3.46451
3.05698,5.20328,3.27448,4.29414,2.98852,2.46354,4.65841,4.63284,4.0391,4.23192
5.86924,4.52242,4.72102,3.66939,4.67821,3.94025,5.90866,2.09583,4.21867,4.62022
4.42888,4.54065,4.1903,4.60514,3.63471,4.65357,4.46261,3.90492,4.86113,4.20065
5.6165,2.93927,3.32157,2.47903,4.40753,3.05959,5.42496,4.93906,4.2277,2.81474
3.5582,2.22896,3.89378,3.69203,4.00364,3.43746,2.90013,3.57455,3.08959,4.3812
4.38316,5.14355,5.45399,6.1161,3.29638,2.36019,5.44871,2.72425,3.83596,2.75847
4.43678,5.25827,6.18525,4.27301,3.36428,4.72484,3.29008,4.65283,3.89983,5.50454
2.64144,5.48584,4.823,3.62914,4.55463,3.77867,4.94157,3.06222,4.13679,2.55735
3.69328,6.01911,3.99632,3.33677,3.71873,4.37642,3.92974,5.65564,4.6003,4.80919
4.41947,4.45584,4.83361,4.43071,4.43683,4.34072,3.24758,4.37575,2.06387,4.20642
3.61405,3.48607,3.53446,3.38472,2.77723,4.70417,2.50851,4.77499,3.6315,5.12331
4.41407,4.60573,3.67988,3.4811,3.62322,3.68826,3.79728,2.82186,2.44842,4.08716
4.32903,5.64362,3.57415,4.16786,3.03617,3.88083,3.56065,2.81428,4.30275,2.71983
5.10813,4.27538,3.75388,2.50428,3.99357,5.26091,3.78682,1.6357,3.87177,2.65041
3.25129,2.98401,3.48035,3.985,4.24624,3.33155,3.53647,3.475,5.26198,4.49959
4.86427,3.11965,2.96799,4.6747,5.81142,3.68369,4.22279,4.43052,5.85676,1.25479
4.23629,4.71212,4.64252,4.3134,3.85359,5.32611,2.32076,5.36849,5.01703,4.74893
4.97615,4.76471,5.03829,3.06588,5.63796,4.46629,4.7075,3.67677,4.87145,3.93042
3.61346,4.72189,1.93846,4.48212,5.52312,6.02867,2.61417,4.60749,1.50533,5.14359
4.16081,3.91854,3.12849,3.96173,3.48505,3.78873,3.04327,3.90532,3.34256,2.87597
4.00642,4.25367,2.58422,5.13884,3.68462,3.81336,2.08247,4.75878,5.25162,2.70736
4.20642,4.95668,3.82239,4.69512,4.12699,4.71983,4.6798,3.97875,2.8432,6.31287
5.25878,4.46389,4.23898,4.52473,2.82148,4.46595,5.17795,4.2288,4.52616,3.89275
5.23862,3.48971,4.93734,4.91849,3.67746,4.62658,3.00331,2.65697,4.94851,4.91859
3.23292,3.13471,3.91044,3.67042,4.26274,4.58335,4.56491,5.30731,2.66691,4.51814
4.26494,3.38854,4.79526,4.35789,4.57489,4.85148,4.34114,4.21381,3.38643,4.32735
2.89927,3.65382,4.00751,5.20354,3.06291,4.67318,2.62334,4.87113,2.94409,4.22225
3.60088,2.75629,3.152,4.57351,4.20496,4.26881,2.99105,3.75689,4.1556,4.51894
3.68662,4.82399,2.6555,4.6562,4.28162,4.31839,4.59407,5.25439,1.93987,2.35958
3.221,4.09805,4.49497,5.22718,3.34119,4.59106,4.571,3.42554,2.00124,3.59009
3.26,3.1969,5.13144,3.51775,5.27668,4.38799,4.90664,3.70899,3.69039,4.17668
3.94063,3.92914,3.7349,4.03944,3.62089,2.9695,4.2974,4.12023,3.97356,3.3548
4.66579,4.46936,4.66516,3.17653,1.78855,5.26048,4.5238,4.94078,4.58402,4.60173
4.39345,2.9506,3.41226,4.86775,3.33107,3.40196,4.51998,3.46151,3.94927,4.80684
4.7138,5.8785,5.23275,2.93338,4.69669,4.28039,4.08271,1.68292,4.44826,3.23514
3.18056,3.59159,6.37945,5.69171,3.40901,5.43468,3.64065,4.97141,3.20686,3.84741
1.33565,4.64217,2.6049,3.42831,3.42606,3.37561,4.44637,5.14899,3.75303,5.12732
2.99311,4.03805,3.0298,4.7358,3.59817,3.12725,4.39598,5.02814,4.58746,3.49066
4.29704,3.69458,5.27004,1.96781,4.00148,1.56998,5.16626,2.12142,4.76931,4.22151
4.49471,3.61557,4.86739,3.36601,2.44361,2.8251,3.88151,5.021,3.00858,3.25126
3.54869,3.65744,5.86456,3.60422,4.20114,4.35034,4.66097,5.33773,3.8884,3.25271
5.07581,2.48484,2.71992,3.23167,5.09087,3.65025,3.795,4.12258,2.75449,2.17202
2.44145,2.68883,3.13653,3.2416,2.95002,3.08993,4.08117,3.05399,3.5766,4.06318
3.51996,3.58424,4.04761,2.86166,4.04629,3.90397,4.13035,4.79126,4.44894,2.96165
4.45353,4.53618,4.48197,2.80794,3.78857,4.67624,2.76046,3.01591,4.24555,2.94787
4.22972,4.32787,3.61218,4.98905,3.53141,2.88859,4.96203,4.64323,4.52101,4.87317
3.33678,4.08988,5.20696,5.24865,2.86245,4.60989,3.53154,5.21519,4.31438,4.42133
5.35839,2.9036,5.41214,5.78284,2.71585,2.55052,3.29149,3.27538,5.18653,4.68254
4.50534,3.83989,4.83879,5.15596,4.25281,5.18311,4.69682,2.82896,4.77879,4.35317
3.91157,4.68103,5.07198,4.32412,5.40463,3.81429,2.70677,5.16734,5.21394,4.57667
3.96443,5.35654,4.4474,4.53293,4.67303,3.5652,3.39418,3.39506,4.48954,3.74314
4.58587,3.86519,3.70579,4.41327,2.3875,5.0855,4.02562,4.13968,4.31477,3.53878
6.44844,5.38729,3.3103,6.17568,3.07348,2.18784,4.09647,2.54361,2.30653,3.29666
2.84746,4.78438,4.11629,4.48586,3.58982,5.13634,3.74194,4.47161,2.96093,4.39047
3.66061,5.03201,4.39582,4.44191,4.44827,3.43457,3.49027,4.08922,4.97755,3.79056
4.58253,5.43802,5.11768,4.22679,4.91415,4.33972,3.06046,3.25896,5.6326,2.30183
4.18748,3.72742,4.1415,3.346,3.22271,5.10316,5.33458,3.89352,4.33048,4.78708
2.97861,3.44349,5.19792,3.47064,4.18789,3.78122,4.78991,4.06249,2.26589,3.62499
3.71976,4.24826,5.4654,4.32189,3.14043,2.71963,4.7339,3.84015,3.95206,4.05079
4.67653,3.60295,4.19534,4.04394,4.99431,1.8743,3.51617,2.8389,5.08098,4.47447
4.64291,3.9805,4.7213,3.72033,4.03118,3.61433,3.36101,4.12872,3.16898,5.22716
3.21367,3.33964,3.12283,5.94665,4.74932,5.06208,2.83816,3.43458,5.82537,3.21354
3.47373,3.23448,5.1699,3.33939,3.70806,3.90317,3.09861,4.01578,3.75385,5.46764
4.48664,3.38089,3.23425,6.29376,7.01767,3.82051,3.54221,2.95635,3.29065,4.3683
4.57962,4.0514,2.41903,5.02613,3.84407,3.56922,2.61438,3.39438,4.60059,5.76786
3.50241,3.81979,4.42258,4.37101,4.2208,1.96856,5.13514,5.18624,5.28968,4.77624
3.70307,4.23063,3.11761,4.17966,2.69706,2.89731,3.38482,2.25502,3.83544,4.22163
4.93459,3.55287,3.59707,2.50605,2.45598,3.58419,2.49189,4.43789,5.14624,4.0514
4.62406,1.44123,4.32755,4.21362,5.80697,2.73427,3.10044,5.7009,4.76892,5.35105
4.2622,2.52952,4.55615,5.042,3.62388,2.96259,5.2591,3.0998,4.08707,4.49254
4.41761,4.55879,3.01517,3.94763,4.70414,4.22414,4.14361,4.47142,5.0281,3.08752
3.30275,4.53709,5.09415,0.837436,5.35342,3.18984,2.79258,5.74283,3.08527,4.32927
3.94878,4.35183,3.69441,3.87503,4.62307,6.00085,4.27137,4.02541,4.6328,3.925
4.21159,3.9385,3.03866,3.55866,2.35321,6.01847,3.7061,4.0447,4.46658,4.98328
4.07126,3.11966,5.03355,4.43915,5.19041,4.00209,2.12051,3.84351,5.02568,4.42847
