10
2.72112,4.14933,2.68889,2.667,3.13024,4.04654,4.22975,3.40829,4.41547,4.61598
3.98776,3.40926,3.25913,3.03101,3.84216,3.48243,4.29689,5.1732,2.60035,3.45994
3.18567,2.84876,5.04128,3.32942,3.73376,5.28752,1.85292,4.31343,4.91926,3.33074
3.14281,4.21558,3.41544,4.88619,2.2695,5.09337,3.15097,3.21361,4.92722,4.08754
3.86547,3.42739,3.48711,3.8887,3.64889,3.22963,5.07131,5.58791,4.44595,3.44937
3.00921,3.33854,4.06008,3.037,3.84497,3.97563,4.66657,3.95153,4.96655,3.82925
3.3772,6.82956,4.89194,3.45727,2.11953,5.19328,3.21953,3.29155,4.18729,5.16075
5.50224,2.61735,3.71527,3.3118,3.80008,3.53256,4.00891,4.23366,4.71416,3.94533
5.06958,3.5311,4.27487,4.16208,3.57801,4.47725,3.99989,3.8567,2.73989,4.06378
3.40815,5.5961,4.46402,4.16323,4.24731,2.38436,3.15026,4.74035,5.14003,3.40298
4.95361,3.34644,5.06271,3.95765,3.84337,4.20013,5.5019,7.74564,3.44413,4.52861
4.85176,3.83396,2.6939,2.62025,4.74318,4.887,4.73548,3.60923,5.25156,1.05941
2.36519,4.69506,3.42993,5.55183,2.93231,5.6549,3.68042,3.92337,3.346,3.41579
3.54464,3.0359,3.87565,4.84054,4.16898,4.1565,4.9911,1.83696,2.89327,3.85943
4.04737,3.6016,6.29198,4.02501,3.64995,4.06365,2.66886,4.56107,3.34446,3.83036
3.84411,4.28162,5.48158,3.77998,4.78317,4.35305,4.24726,4.98796,3.36255,4.07269
4.35506,4.38005,3.41495,3.79726,1.81092,4.35516,4.68258,2.33505,4.89571,5.04292
4.48866,2.80593,4.32004,2.57695,4.22845,4.12994,4.98222,3.23923,4.1085,6.4245
4.72413,1.40302,4.11898,4.40892,3.25586,2.06144,4.47004,3.00679,5.61682,3.42454
3.29107,4.12777,2.7508,2.93382,5.23996,6.48226,4.39294,2.08576,4.44129,4.60721
5.52262,4.50625,5.51944,3.53854,4.47961,2.48634,3.91452,3.92481,4.71754,4.9763
2.79291,4.95608,5.32881,4.09193,4.17813,4.01661,5.47756,2.28639,3.93937,5.45208
4.35841,3.49272,4.30376,5.39629,4.04288,2.2863,4.56075,3.34172,4.52302,2.77924
3.06097,2.55924,3.57,5.21121,3.56451,3.20164,3.6876,4.75688,3.77714,4.90507
6.77401,4.31592,5.40667,3.44161,3.45382,3.46795,3.11317,4.58657,4.37751,2.34734
3.55887,4.60583,4.2761,3.67291,5.87933,5.42364,4.99186,3.72742,4.22364,3.40083
3.16984,2.76844,3.35691,2.4373,3.26461,3.86892,2.11089,4.79308,4.79924,3.15108
1.50182,3.34617,4.92322,3.89938,3.64848,4.64515,4.68844,4.27058,3.05117,3.89184
4.43265,4.64739,3.37651,5.56869,2.94703,5.32211,3.64023,4.32044,3.88213,3.4062
3.23998,5.43363,3.59655,3.8343,3.36392,3.76834,4.75347,3.77088,4.0392,3.92881
5.27942,4.28301,4.4757,2.93216,4.55576,3.74814,3.76545,4.24259,6.68051,3.35832
3.13364,3.02776,4.40916,4.60471,3.89351,2.97057,4.77997,6.56452,4.52855,3.86754
3.48997,3.38979,4.02361,3.10297,4.83282,4.6097,4.72435,4.42328,4.96096,5.24323
2.6346,4.28127,2.28807,3.73542,5.04583,4.57432,3.1994,4.57613,2.77667,4.15649
2.91592,3.25537,4.36417,3.89339,4.06252,4.02045,3.03593,3.8082,5.01218,4.39953
4.48151,4.05345,3.80368,6.04107,4.11403,2.70896,4.99937,3.41679,3.9518,4.06179
4.53488,4.09436,3.70237,4.49267,2.93749,3.45205,3.26181,3.22477,4.88301,2.9668
4.89273,4.03896,4.23518,4.12567,2.84559,3.07744,3.44408,5.60158,4.22363,2.25541
2.90389,4.08424,2.32775,3.33034,5.42214,5.37944,3.75986,2.23446,4.22017,2.68447
4.176,4.10048,1.95336,4.09848,4.31821,4.86784,5.65462,3.03509,4.35543,3.74244
4.04263,4.43725,3.33625,3.62958,5.79664,4.97474,5.8295,4.90076,4.96493,3.58982
5.26526,4.87863,3.43502,3.22935,1.7826,3.69412,2.95718,3.55042,3.47294,4.38625
4.51812,4.82688,4.28488,2.35766,3.68972,3.32283,2.75997,5.67177,3.7041,4.20112
3.69118,5.19628,3.39545,4.82616,4.93508,3.49773,4.87668,5.25664,1.95753,2.86314
2.42113,2.62774,2.28243,5.4674,3.16569,4.59131,4.08017,4.48677,4.39401,2.60509
4.29808,3.88995,3.61892,4.37667,1.94727,2.96597,2.86174,4.84966,3.89718,3.47435
3.09481,3.69703,3.20843,3.46866,5.04921,0.315808,3.31168,6.12379,5.12858,3.38197
3.7904,6.25872,4.03298,2.24809,4.72191,6.10831,4.2726,3.67776,4.46037,4.62912
4.86302,4.86995,2.99439,4.00534,3.79442,4.5115,2.85486,5.13037,2.74308,3.51696
4.2324,4.62159,4.92313,4.32873,4.80097,2.48235,4.41591,4.29876,4.01865,4.64654
2.93064,5.37115,4.11198,3.32232,4.14755,3.40895,3.8151,5.21256,6.87154,4.87177
3.36129,4.46049,3.7214,3.80853,3.20178,3.34112,4.16432,3.93647,3.21211,4.04571
3.13361,6.12395,2.32216,3.11566,3.35963,3.4302,3.88565,5.01028,4.89423,3.45309
0.894134,4.76601,4.47182,2.67035,5.22895,2.62288,2.27149,2.45217,4.86141,5.13028
4.47024,2.01328,3.82062,3.24564,4.7935,4.33486,2.18155,2.63709,3.58169,4.84544
4.87663,5.38597,5.51788,4.22036,2.87384,1.36069,3.54311,3.4167,2.56798,4.26735
5.26303,3.01655,3.57006,1.92883,5.14309,4.22781,1.57482,4.79149,5.65088,3.38213
5.0978,5.00763,3.74428,2.46293,5.13042,3.45011,3.02246,3.21058,5.85412,6.49349
3.94319,3.42739,4.04863,4.78607,4.40877,5.3051,3.96614,3.81276,2.86487,3.73663
1.80711,2.3966,3.57097,2.0008,2.06231,4.40825,2.66587,4.51816,3.45057,4.42726
3.94739,4.96125,1.51478,3.7272,3.13693,3.18546,4.86183,4.30725,5.09399,3.51022
3.52132,4.14342,4.7563,2.95797,5.52239,3.89646,3.82291,4.29151,3.57997,3.72951
3.60551,3.88701,3.77409,1.96693,4.65659,3.75621,3.04842,4.3498,4.44579,4.46697
3.03869,3.13767,2.78014,3.51931,5.14527,3.73322,3.02194,4.32067,2.81989,4.70119
3.89583,4.67423,4.89833,4.79167,3.74831,5.28836,3.5456,5.02511,3.82832,2.6525
5.0483,4.03913,4.03465,3.11189,3.1912,2.63994,3.50184,4.9412,4.98431,2.51852
3.41702,3.50393,3.88999,4.6753,2.99205,1.7591,1.96117,5.09267,2.21999,2.76473
4.03908,4.31429,3.79004,3.76214,3.17027,4.06127,3.72875,3.2506,3.68737,3.62022
4.44546,4.98919,4.15595,3.1189,4.38505,4.76559,3.96014,5.30926,4.00287,4.39039
4.62463,3.60968,3.65466,5.54284,3.16736,2.83067,3.61894,4.73734,4.13332,4.77165
5.00973,3.72802,5.52225,2.03774,5.80936,3.02204,3.42306,5.0807,3.09388,4.73263
5.71736,4.64023,2.81064,4.45893,5.45254,4.39348,4.61169,3.56391,2.38995,5.55146
4.12733,3.34831,3.67356,3.40336,4.09627,4.61882,5.28622,3.41196,3.94395,5.61139
4.19573,4.87777,2.11949,5.13148,4.55125,4.37006,3.59034,3.91918,4.86019,4.31831
3.23618,3.5296,3.16839,4.25036,4.34092,3.60066,4.19326,4.43017,2.68496,5.28626
2.67658,4.81055,4.39163,4.54799,2.69042,4.66941,2.33646,1.30904,3.85866,1.73246
3.83775,6.54674,4.92706,4.97324,5.11319,5.36616,3.1704,4.15034,5.19138,6.01361
3.32741,3.74267,5.04433,4.84134,5.25308,3.58114,3.69314,2.95052,2.76624,3.1743
3.62899,3.57291,4.37406,4.17905,3.13248,4.1276,2.33021,5.26019,3.18248,4.06187
4.3704,4.02087,3.84002,5.05932,5.9897,3.69,4.68128,6.86808,4.61505,4.60899
4.0627,4.0043,3.69067,2.08736,3.56054,4.78532,4.88107,5.15024,4.89256,3.66615
3.20274,5.49922,3.66165,3.5114,4.20272,2.86796,5.40709,2.78952,3.76957,2.85287
3.82561,2.68854,3.72927,2.258,4.39881,4.00114,5.46587,3.14041,4.20525,3.4792
4.84586,3.99195,4.27078,1.73108,3.29868,3.60928,2.95032,4.71798,3.61808,5.41338
3.89499,3.68164,2.85093,4.83824,4.07203,2.69792,2.10709,6.27097,3.74855,5.74718
1.32239,4.1489,5.69792,4.43513,2.77432,4.54687,3.3223,3.71055,4.55249,3.30223
5.02825,3.89152,3.89529,3.2337,4.72758,4.3954,4.73487,5.14775,5.18524,3.81499
3.80751,4.00562,4.41294,4.09785,4.5581,4.18676,4.03666,2.25581,1.54177,6.31391
4.75301,3.04201,4.52141,4.91706,4.24522,4.46011,4.44647,3.85482,2.85658,4.9858
3.22757,5.30157,3.95164,2.70441,4.00438,4.29409,4.27884,4.66584,4.18494,4.7583
2.24368,2.66329,5.17731,2.6776,1.89031,3.06207,4.64892,4.72509,4.59466,3.28068
5.31587,2.68369,4.15291,3.13231,4.8589,4.62273,3.2077,4.38964,5.52101,2.55977
3.23177,3.39732,2.5665,4.26065,2.86484,2.43496,4.56886,3.39573,5.85055,5.0085
3.60665,4.33158,3.54414,4.62098,4.14886,2.07994,4.45984,4.02255,3.22911,4.04895
2.90706,3.3268,5.30236,4.60378,3.13503,4.65686,5.04509,3.44528,3.01951,3.62755
4.55681,3.14849,3.99027,2.8279,4.12615,3.00227,5.08872,3.89872,4.25614,3.55354
4.33342,4.22464,3.14758,4.8395,5.118,3.68423,4.1639,3.86522,3.4207,3.99087
2.7808,2.64575,3.70899,4.66342,4.01849,5.82109,3.85366,3.25375,4.34883,4.79082
2.08142,6.41787,4.85816,2.81942,4.43253,2.81772,4.4498,3.69968,4.32276,2.99933
2.83575,3.97072,6.00248,2.05286,4.87155,3.22488,4.95612,3.83795,4.59645,3.99703
1.97195,3.01483,4.2861,5.46546,5.69919,4.45156,3.95787,4.91967,1.99604,3.71111
3.80295,3.98948,4.10355,3.98947,5.15049,4.54318,4.00858,3.86305,2.69924,3.02716
3.73681,3.75458,3.76271,1.84712,3.95109,4.35002,4.30883,2.72854,3.26214,2.7196
4.09994,2.46657,5.72559,4.55685,3.81664,4.62699,4.24026,3.22042,5.08051,4.54887
6.65471,6.34346,3.55645,3.82506,5.08511,2.77952,6.21728,4.43109,4.41983,2.91667
3.60358,4.65589,3.5958,4.35496,3.42332,2.78769,1.88901,3.54178,3.57798,3.1278
4.0125,5.44813,4.85356,3.91592,3.86784,5.88011,3.78064,4.05512,3.55716,3.00126
4.08804,4.72722,3.65075,4.92346,3.12379,3.95999,2.98434,5.13724,4.60515,2.50772
2.97535,4.37716,3.70565,2.5911,3.51231,3.0177,3.54313,5.0757,4.01219,1.52148
5.07324,3.54124,4.5379,3.36043,3.61264,2.22423,3.70012,4.14966,4.43546,5.10647
3.46827,3.34014,3.29063,2.75597,4.27312,4.00178,2.71051,3.90558,1.92541,3.26287
4.23183,4.90163,3.83529,4.08055,4.84849,5.46676,3.36452,2.02977,5.18936,3.64054
4.12185,6.20458,5.65951,3.54821,2.94208,3.4053,4.12772,4.93159,5.34918,0.976012
3.71976,5.24455,3.37581,3.60345,2.06018,5.56118,3.69498,4.05546,5.44994,2.73851
5.30142,2.58781,4.05188,5.39632,2.77827,2.97633,2.6155,4.56964,4.65329,4.73388
4.25142,3.71784,2.83966,3.91547,4.65128,3.90428,5.82413,2.82797,3.74893,3.48376
5.2201,4.93279,5.53536,4.4986,1.85231,6.28377,4.21174,4.51048,3.40039,6.49821
4.7146,3.74734,4.07236,3.51157,3.46023,5.47038,4.32983,4.08628,3.16649,5.87069
4.38503,5.42931,3.38582,3.66618,3.35956,5.30253,2.28497,4.00323,3.87449,5.74591
3.98788,3.1898,4.21004,3.68101,3.91899,2.49412,5.92244,4.66317,3.14845,3.54064
3.20086,2.60189,3.83206,4.63034,4.15057,2.34819,3.69094,5.28426,4.34014,4.68716
5.98214,4.96337,5.07972,2.99704,4.43646,3.97917,1.21974,4.889,4.39963,4.00364
4.61208,4.78384,2.91913,4.97258,3.61439,3.44329,4.53468,4.0424,4.00089,5.95543
2.94009,5.22052,4.20959,3.3654,4.45245,2.17321,3.37399,4.49418,4.88254,4.59976
4.36018,4.87192,3.71239,4.66088,2.67564,3.19033,4.16964,4.6183,6.01735,3.77397
3.98877,6.67151,3.67041,6.10499,2.9662,5.07426,3.25621,3.81595,4.43418,4.64037
2.49371,3.89731,3.41106,3.63851,3.54657,5.68847,4.43112,4.09606,2.80978,3.14617
3.89745,5.25605,3.74369,4.83421,4.66318,3.28422,3.65216,4.02907,3.42709,4.64575
3.68387,3.86303,4.33324,3.97348,3.81113,5.3669,4.25549,4.29288,4.21196,3.36538
3.75782,4.57106,3.13966,4.28027,5.94364,2.63018,2.55931,4.12854,4.38644,3.96169
3.29077,4.35913,2.80104,4.16452,3.90082,4.15822,5.27186,3.5089,1.45323,4.95024
3.11384,4.30718,5.67277,5.45338,3.69647,2.96349,4.4362,3.67014,4.14878,3.71106
5.00729,3.32483,4.43459,5.05054,3.72391,2.29646,1.66493,3.31497,4.61768,4.46474
2.80271,3.72448,2.96496,4.42777,3.6004,4.31026,3.5295,3.26806,4.78223,2.75206
4.04836,2.50659,4.48186,3.89867,4.6265,3.88647,4.5777,4.73992,4.37685,4.82622
3.95803,2.68997,4.31773,5.00005,3.88491,4.54702,5.3876,5.53226,4.51029,1.8604
4.38344,4.18459,1.60918,3.34235,4.01482,3.81121,2.31835,4.99389,2.76108,4.08495
4.85541,4.10153,1.63919,4.73131,3.63433,3.93792,4.83563,4.31082,3.33519,4.17934
4.29901,3.40514,4.0167,3.71112,2.24003,4.67635,2.44068,4.48464,3.99525,3.92393
3.48469,3.90392,2.99012,3.52983,3.54356,4.36123,3.71607,3.83165,2.70975,4.5394
3.44063,3.7734,5.62407,4.45683,3.25735,2.48728,4.3507,4.07449,5.02172,3.6846
3.75292,2.20079,5.74033,3.47523,4.39195,4.60035,3.77419,5.56567,6.16099,3.67859
5.33719,4.24578,4.26861,4.38153,3.8825,4.12084,4.62964,2.87665,2.61769,3.24941
4.0375,4.17045,3.86174,3.06606,3.05603,2.88558,3.26495,3.93101,3.4856,4.36519
4.55884,3.00772,1.92559,4.56592,1.36827,3.45034,3.22932,4.5578,2.85552,2.81605
4.33243,3.71201,1.46814,3.69479,2.32331,0.832892,4.32482,4.21819,4.31572,4.08473
4.57692,2.76982,5.6612,4.15676,4.11009,3.9765,2.75877,5.62703,4.83107,4.4321
3.93865,1.35034,2.27436,3.63874,5.95145,5.71427,3.64852,5.414,2.41399,2.76199
3.18794,3.14879,3.82387,2.10085,3.57911,2.63526,4.69082,4.54646,4.20648,1.48964
3.77808,3.80728,4.93844,4.49569,4.4092,4.79162,1.9208,2.26127,2.97407,4.69237
2.1454,3.08143,5.99762,4.11516,4.87698,2.45811,2.80328,5.60038,3.94671,4.17255
4.57377,4.11615,3.27918,3.95817,5.15285,4.91636,4.70081,4.66402,3.90084,2.32679
3.34364,3.28666,3.19002,3.8502,2.59762,4.65714,4.63317,4.59804,3.51877,2.60749
3.59426,4.9196,4.91722,3.04133,3.40376,4.77087,5.87081,4.57965,3.94634,2.85243
1.82141,5.0276,4.98971,4.84627,3.23964,4.4536,4.27962,4.31969,3.57556,5.09097
3.67487,4.89295,4.13502,4.48821,2.85271,4.76956,1.62057,2.88531,3.69994,2.70446
4.5455,3.46095,4.15109,2.48982,2.9712,2.61279,4.20581,3.80886,4.86929,3.7757
4.90654,3.93884,3.9341,5.62944,4.70417,4.65643,4.58825,5.57098,4.78494,3.66923
4.66382,4.42785,2.54292,2.18478,3.59433,4.70591,5.15017,3.53025,4.79136,5.20739
3.16673,3.19961,2.74645,3.09222,4.82287,2.93715,5.26733,4.087,4.78808,5.64977
3.60682,3.6725,4.09564,4.28162,3.84216,3.674,3.58567,5.79649,2.45168,3.67407
3.54949,5.22169,3.89736,5.05955,4.99369,4.88631,3.79478,4.1573,4.05221,4.85963
1.86261,2.58176,4.48005,4.98354,3.29334,4.91487,4.36795,3.12937,3.01874,3.91459
3.8673,1.93405,3.19258,5.152,5.37397,3.90657,3.38715,5.62954,3.39836,2.28607
1.94139,4.7724,3.77074,3.69908,5.39183,1.06345,4.92017,6.12134,2.00835,3.82414
3.63155,4.72785,4.14994,3.71238,5.2712,2.71086,5.22771,5.69479,2.54277,3.78401
1.74472,4.56041,4.27737,2.90418,3.54288,4.11584,4.04608,3.24073,4.02187,5.28229
3.60725,5.19331,3.56394,4.46093,3.58897,3.11992,4.526,4.14234,3.88717,3.4652
4.08119,3.4001,3.06216,3.84757,3.66571,6.06436,4.77702,4.47859,3.02051,3.2326
4.47935,3.15589,4.56676,4.76793,2.57689,3.09886,5.09407,5.56811,5.608,1.99288
5.11585,3.11596,4.64302,4.80764,4.53526,3.50895,3.08761,4.00284,4.17615,3.79959
4.82814,3.05624,5.94984,2.22767,2.66529,3.99592,2.67874,4.85545,4.12814,4.97956
5.28192,6.2841,4.20567,1.0915,4.97772,2.34415,4.04594,4.2951,3.54877,4.71748
4.23242,5.63636,3.82955,4.78027,4.84927,4.64946,3.09911,3.64222,2.86683,2.54622
3.95175,4.87198,4.36995,4.0438,4.11217,1.95634,2.88644,3.78379,4.43181,2.90985
2.98605,2.07889,5.5074,4.52531,3.52013,5.66376,2.13529,2.99392,4.12057,3.81473
4.09852,1.77437,2.70143,4.43496,3.04565,4.65701,4.89185,4.55108,4.79504,4.22943
4.67197,4.26559,3.90368,5.57335,3.83891,3.85247,4.04684,4.30454,4.75179,4.88669
3.73439,3.13638,5.83351,3.81227,4.11427,4.17058,4.39937,4.74301,4.26817,3.83809
3.42371,3.83419,4.24212,3.83508,2.48506,4.72738,3.38149,3.64419,3.1952,3.22776
2.08551,3.75084,4.18085,4.88103,3.76389,3.79359,2.97185,4.12768,4.76956,4.51122
5.94533,2.71496,2.631,5.31541,5.97569,3.8741,4.62797,4.14028,4.07613,3.31315
4.41987,3.11747,3.27238,2.60497,4.3121,3.51619,5.64878,4.03677,2.8572,4.01599
2.0689,3.11045,3.47568,3.38613,2.95478,3.64736,3.69776,3.34308,1.61216,1.50821
3.12646,3.67125,2.26149,3.84428,5.17701,4.75201,3.97363,5.42222,4.33651,3.10526
5.61453,4.14659,5.56134,4.68577,5.95688,5.0739,4.33999,4.41708,3.79843,3.11
3.47724,3.85521,4.60391,4.93518,3.43742,4.33099,2.66038,3.84248,3.82272,4.88837
3.9962,5.58046,3.5458,6.06128,3.99922,2.18823,4.63177,4.59498,1.72075,4.27191
4.41056,3.92504,3.27293,3.60559,4.17315,2.04667,5.23874,3.41713,3.91922,2.91218
4.66492,3.99907,4.51485,3.65295,4.75127,3.98876,6.51496,2.08829,3.41757,4.88901
3.55309,2.626,4.14555,3.62017,4.47746,4.38104,4.54392,4.75187,4.64778,5.27643
2.79031,4.7256,4.37561,3.2203,3.97517,4.63369,3.26397,4.34952,5.4581,2.74922
4.30343,3.26649,2.91036,3.20953,3.44682,5.29366,2.91685,5.36971,5.57073,2.56953
3.88734,2.52894,4.62085,5.93965,3.64954,4.73911,4.33101,5.47181,5.02037,3.42616
3.45062,6.24028,5.59053,2.88887,4.76406,4.4151,3.70329,5.1506,5.56151,3.64744
3.33914,4.17166,3.51157,3.52025,3.49435,1.97034,5.16971,4.26563,5.42785,2.88044
6.58494,5.35562,4.21242,3.07742,3.35736,6.09769,4.57191,4.71619,2.42172,3.71604
3.90845,3.25664,4.13069,3.50767,4.41569,2.34322,2.44582,3.45049,4.70193,4.66382
4.22532,2.82801,4.5086,1.9004,3.96039,3.32276,2.81259,4.18816,4.23996,3.64166
5.11873,4.98317,4.13639,3.56095,4.42437,3.84517,3.18578,4.50514,5.48429,5.12489
2.04397,4.68471,3.95067,4.71071,4.49776,4.54994,4.29742,1.86111,3.71664,4.93518
4.69257,3.26764,3.96098,3.23781,3.67183,3.64028,3.51356,3.38354,2.66984,4.61433
4.20499,4.75115,3.98438,7.26062,3.90152,5.08649,3.41973,4.41864,3.84762,1.77128
3.0587,3.5858,3.67791,3.88133,3.92643,3.72381,4.89747,4.52754,3.42818,2.74288
3.27385,3.9031,3.61483,3.64377,3.23765,4.37189,5.45743,5.49754,3.87801,3.33067
3.7511,3.91387,3.54164,5.20228,4.38172,2.66532,3.4441,4.62741,5.11212,4.40963
3.97036,5.23847,4.64182,3.0669,1.88961,5.24172,6.22503,3.21609,5.19819,3.2026
4.06381,3.02042,5.63319,3.77291,3.60102,5.20068,4.64005,6.19692,4.62852,3.13249
4.09108,3.45352,3.49246,3.55208,4.53474,5.3267,4.48348,2.6445,3.62446,3.76799
5.268,3.51134,4.68341,4.17314,4.83014,3.58415,3.74148,4.71459,3.50738,4.69133
4.60312,5.01408,4.89836,4.23494,5.01145,3.7042,5.53264,3.34704,4.02691,3.83325
3.36254,3.83728,2.31679,4.34069,1.03631,1.00145,4.36409,2.3953,3.62886,3.46698
4.0071,4.27668,6.10491,2.88706,2.36891,6.16331,3.9685,2.29006,4.14044,1.51416
4.0903,3.53505,3.09928,4.79954,3.32101,5.74506,3.63082,2.42715,3.4584,4.69428
4.39253,3.69081,4.64969,5.21912,5.08429,4.87483,2.96056,4.3136,1.80524,4.51649
3.19743,4.31942,4.1468,4.59602,3.79768,3.92919,3.58957,4.59779,5.70971,5.6589
4.82565,4.33288,5.16738,4.40298,5.00647,3.00841,3.85479,3.24698,4.96002,4.98801
4.43244,5.75427,5.30668,5.32138,3.51053,4.01814,2.66972,1.73655,3.79551,3.20877
4.16503,4.61479,2.74129,4.48784,2.56005,4.26251,4.58669,4.31617,5.30181,4.49004
2.90772,3.66146,3.31578,2.73483,4.84323,4.12223,4.97438,3.45431,4.26735,3.94978
4.31455,3.95876,3.0903,5.11645,3.52615,3.58586,5.41974,3.73461,6.18397,3.58338
4.3466,5.33678,5.69455,3.22508,4.04618,4.7989,4.27486,3.0851,3.77818,2.94799
4.02615,3.71054,3.78166,5.66883,3.66981,3.45348,4.4848,3.94355,4.51341,5.28163
3.5421,4.18697,4.78705,2.83117,2.33116,5.99268,4.60572,4.59006,4.76455,4.55489
4.02199,3.8025,2.74178,4.33258,5.01694,3.7518,5.75143,2.2109,2.02126,3.10394
3.6494,5.6467,3.41183,3.60747,3.47644,3.67217,3.91877,4.42357,4.60483,3.73616
2.82717,2.68198,3.61843,4.50326,5.23984,2.97795,5.44773,4.96374,2.57442,4.57978
3.76022,5.15071,3.35604,5.59705,2.55773,2.93791,2.49843,4.86567,5.31983,4.41717
4.08555,4.74882,3.26853,3.23563,3.49341,2.49408,2.35837,5.0283,4.02053,2.63549
4.37665,2.63139,4.8984,5.38652,4.45697,3.59144,3.90085,2.50182,5.9343,3.50938
3.07089,5.1933,3.64773,4.76411,4.66704,4.131,4.47836,3.31024,5.1492,3.65613
4.30421,5.52215,3.22563,2.4634,3.85402,4.77054,4.27691,2.65715,3.27991,1.21019
2.94843,3.30924,3.54402,4.49732,2.88859,5.6075,5.08178,2.41326,3.74525,4.80585
3.29944,5.02264,4.51608,5.49565,4.13549,3.28556,5.05006,3.62613,3.82507,2.58356
4.1311,5.81509,3.23961,5.24637,4.60005,6.15423,4.25309,3.55791,4.36699,2.69028
4.29382,4.01826,5.43664,4.42123,4.00532,3.44894,5.02723,2.64474,3.40248,4.69868
3.68621,3.88862,3.99073,3.3031,2.79132,2.91403,3.99661,2.59387,2.90484,5.54167
4.35787,2.93642,4.11462,5.46475,3.72931,4.04021,4.0675,6.42209,4.22609,3.78911
2.81439,2.79679,2.67668,3.06385,3.58809,4.13546,3.36042,3.79804,4.45414,5.45117
3.051,3.90735,5.62543,5.04394,3.98837,3.46549,1.79289,3.84192,4.11699,1.92361
4.0666,5.14359,5.3461,5.31535,3.52368,4.36001,4.67554,5.06108,4.68757,4.17844
3.49647,4.44298,4.06863,4.44658,3.90692,5.0835,4.62295,4.54251,5.41038,3.05494
4.28693,5.06413,3.78236,4.92276,4.43572,4.09593,3.46801,4.00803,1.89375,3.6326
1.88494,2.9262,3.24245,3.90787,5.03709,3.54835,3.9612,5.5045,4.87243,4.68012
4.68653,4.19547,3.37082,5.53914,5.15511,4.01026,5.05886,3.26277,3.27973,4.7198
3.6475,2.09064,5.7892,3.07637,4.65743,3.37383,5.19144,3.7052,1.58266,4.19586
5.17507,4.60101,2.27689,5.60172,4.15435,4.65207,5.64238,4.72263,3.88247,4.50991
2.29081,4.46218,4.80227,3.30442,3.99616,5.57822,5.52558,3.74341,3.90664,3.13434
4.97418,3.16535,5.10346,4.48056,4.32176,2.72916,4.06239,3.62179,2.33875,4.00079
4.49142,5.35842,1.70024,4.67299,2.61591,3.23946,5.18908,4.39903,4.68749,3.67509
3.27672,6.10606,5.30123,6.08885,2.75863,4.06895,4.71087,3.77763,4.64635,5.04214
4.49056,4.11153,3.47427,1.73167,4.69563,3.10831,4.93485,3.27724,4.7366,2.93829
5.29589,3.57954,5.27298,3.36124,4.03561,3.54984,3.41742,5.12404,3.8746,5.36325
4.94615,4.17987,3.20244,4.45777,3.0078,5.4481,4.43443,5.5054,1.28096,2.44335
5.75296,2.93732,4.7825,4.95141,3.64675,4.99642,3.56062,5.2132,3.94076,3.22133
2.60193,5.75351,4.56618,3.12279,4.74935,4.56268,4.01388,4.07609,5.43794,3.86414
4.08248,5.79379,4.12675,3.143,3.34092,3.84712,0.366367,6.54859,2.88699,4.02704
4.2892,5.26237,5.13949,4.4951,5.13888,4.46645,5.75403,3.79406,3.37466,5.4729
3.38077,4.33464,4.58238,1.92333,3.96731,6.10559,4.26567,4.98749,3.18561,5.66252
4.63111,5.46695,5.15831,3.82556,3.93012,3.14997,4.52822,5.25587,4.71064,6.13912
4.94241,2.0943,2.77553,5.25547,2.84613,3.52327,3.43021,3.34891,3.09087,4.53608
4.75011,4.59258,2.5291,5.71231,5.11877,4.18879,4.17566,4.50431,3.20552,2.86706
3.48795,3.27362,4.36457,1.6477,4.03142,3.13494,4.3646,4.74583,4.19697,4.77062
5.31959,5.56762,5.93472,3.45811,3.14617,4.77909,5.06377,3.68015,3.22102,5.90722
4.82497,2.67285,2.18357,3.45615,4.08398,3.60866,4.61496,3.19787,2.08054,4.83239
2.36388,2.02255,2.93291,5.61764,4.16487,5.80843,3.12423,4.13781,3.23354,3.29453
2.50077,3.72975,4.05244,3.86172,2.8335,5.09256,2.65767,3.98577,5.78007,3.60159
4.20486,4.72071,4.41251,2.88777,4.21037,4.66478,4.55961,4.10989,5.71167,3.51951
4.12003,4.09878,2.68441,3.42615,5.34466,1.63563,3.57373,3.68386,5.32806,4.85562
2.92077,4.09239,3.66585,2.66303,2.4915,3.21509,3.42682,3.24758,4.24322,2.17565
3.98397,3.58744,4.7249,4.43919,2.77965,4.40212,4.6465,3.11033,5.1961,3.53021
4.32563,3.04102,3.49574,6.24646,5.80402,4.53176,5.18453,4.0549,4.13203,3.56891
4.22157,5.03751,3.78415,3.87599,4.83519,4.79889,4.01274,1.44367,4.70378,0.713124
3.42974,3.54131,5.48252,5.51146,4.19897,5.02534,3.8396,5.9944,5.69443,4.31902
6.57166,3.27828,2.73451,2.94369,4.0681,4.47645,3.43082,6.15134,2.34666,3.65531
3.47558,5.00763,4.43117,3.75845,2.67502,3.36396,2.49967,3.93121,3.38668,3.60134
2.42923,3.81854,2.66287,3.91793,3.9252,5.36471,3.28682,3.09798,3.71851,3.79552
4.47942,4.74575,3.21194,6.40586,2.64733,2.56549,3.50162,3.8468,4.1504,4.06896
4.2658,4.18149,3.28152,5.87776,3.72489,3.4231,4.73495,2.65344,2.82837,4.50988
5.50527,4.39325,3.35065,3.82651,3.42629,2.81027,4.99128,3.26302,3.25438,3.03215
4.34062,4.45801,5.48219,5.09009,3.36167,2.75837,4.5638,2.97815,1.95446,2.93033
6.33342,4.83292,2.40383,3.61255,2.82384,2.62968,3.77764,3.00149,4.05993,3.70654
2.80847,4.14089,1.60182,4.68917,5.19772,2.25082,4.39307,4.8964,5.33436,5.46827
3.48145,2.93682,4.20081,2.84237,5.67934,5.87727,3.48649,3.02837,2.63495,3.94788
4.13929,2.64077,2.52809,4.08678,3.82687,4.46627,3.34457,3.20126,3.98113,3.34801
4.00543,3.66151,3.7956,4.54911,5.34769,3.29489,3.4665,2.43144,3.60179,2.65419
4.42635,3.49796,3.81236,4.62114,3.1401,5.31262,3.42143,5.33667,3.7157,6.33895
3.07006,2.48756,4.52167,4.71671,2.87779,4.86223,3.01088,3.60144,4.31721,5.82622
4.04599,3.49671,2.85072,4.83666,4.34483,4.5096,4.228,4.25434,4.69685,4.48393
4.13893,2.05405,4.64002,4.47453,3.84705,4.66798,3.84769,4.75406,2.46305,3.48157
4.24375,4.50275,5.27853,2.80515,5.92275,4.38178,4.94003,1.45875,2.88,4.43494
5.15025,4.71925,3.65125,5.80321,3.90753,5.60853,4.53486,3.85023,4.88622,3.06046
4.3877,5.16363,3.31345,4.38369,4.81515,2.95034,4.66543,4.0474,5.48317,3.66415
3.33521,3.14086,3.99254,3.15896,4.27556,4.26446,3.62087,3.61461,4.66236,2.279
4.04854,4.42905,4.07699,3.81235,3.63042,3.55944,3.73995,5.25781,4.21679,4.24225
4.01246,3.29758,4.65943,3.14269,3.29417,3.66003,4.68213,4.51873,4.52563,2.06929
1.73541,3.79326,3.71537,1.14325,4.95823,3.74065,4.2976,3.13307,2.4454,3.7813
3.22106,4.10815,4.45933,4.12305,3.56502,3.60053,2.98014,3.15215,3.93269,5.26185
2.84343,4.09311,4.03883,4.57946,5.19853,3.70531,4.12023,5.38154,3.83281,2.82467
3.64562,4.81439,3.77462,5.07299,3.45955,4.93325,4.60569,3.34671,2.13672,3.21678
4.26639,3.24706,3.22412,3.60482,4.28452,3.28703,4.88584,3.87009,3.68888,2.26872
3.69109,1.65657,3.5005,3.59397,4.02316,4.20301,3.89464,2.00151,4.60589,3.7238
3.35153,4.89394,3.6597,3.45989,4.65121,4.01965,3.1713,4.86065,5.37482,3.99004
3.11167,1.76958,4.5989,3.52384,4.49466,3.29905,2.06597,3.5829,3.46948,3.49674
4.42652,3.59687,3.2298,4.20983,2.54471,3.02454,4.22794,4.38644,4.69999,4.09923
3.13388,3.60027,4.86284,4.35187,4.65694,4.36372,3.34417,4.72299,3.70132,2.09189
3.71625,4.49945,3.99564,3.37581,4.45175,4.6247,4.58338,5.10405,4.65813,6.06789
3.09071,4.80873,4.03359,2.85775,1.97963,3.55726,5.1611,3.98612,2.10067,4.47962
5.20358,2.93616,3.22672,5.68512,4.17176,1.92426,2.88669,3.60552,3.17333,2.7374
4.22574,4.66423,3.82179,3.16592,4.19608,3.22809,3.61786,2.2017,4.1286,3.83284
3.51739,4.3634,3.68636,4.95985,4.26127,5.04755,4.36445,5.79596,2.99697,4.38443
4.36351,2.50962,4.21906,2.00787,3.76418,4.97778,5.62282,4.10279,5.8523,4.26778
4.81423,3.55204,3.4323,4.88693,3.80357,2.58513,3.08552,2.91637,3.75436,5.00376
2.47552,5.04872,3.60085,2.73114,5.12564,3.50345,4.85672,4.6869,2.4778,2.98503
3.02745,4.48604,3.59839,3.97906,5.01157,3.38549,2.69142,5.38143,5.29049,4.41416
2.78731,4.36672,3.56169,4.97501,3.20634,4.1682,5.37115,4.85796,4.24119,3.62777
4.11762,3.55208,3.76807,3.97758,2.92736,2.12733,2.4659,3.0548,4.06493,4.19844
4.23633,4.57495,1.96257,4.72512,3.50641,3.49364,4.97016,4.38464,5.16101,5.17185
2.05286,4.2653,4.3484,3.70219,2.83867,3.85053,2.23434,5.04266,3.81708,2.1499
3.68373,3.45859,4.61356,4.38317,3.71169,3.46917,2.2649,3.58288,4.27295,4.85932
2.98103,5.0591,5.50114,3.44502,4.74104,5.68681,3.46215,4.00809,3.61714,4.75577
6.29976,4.61614,5.12306,3.26725,5.17134,5.06717,3.84298,4.2903,4.97365,3.81501
4.63073,3.7947,3.57493,5.346,4.09969,3.95428,6.37406,5.16268,3.42898,4.15321
7.58969,2.66956,3.80417,2.5613,3.32807,2.92448,5.21483,5.76663,2.67655,4.19481
4.77882,3.48964,3.34079,4.83717,2.14794,3.34848,2.24999,4.00853,2.99009,3.53133
3.39106,4.09081,5.05025,3.18801,4.98551,4.85256,4.97119,4.19477,3.89745,5.19769
4.39644,2.74015,3.594,5.23863,4.75502,5.24811,4.81474,2.35152,2.66646,4.18005
5.07743,4.48991,4.6198,4.06617,4.42905,5.22683,5.07757,1.82499,4.95981,3.58948
3.90374,3.06434,3.99092,4.81459,5.22739,5.56034,4.58569,4.11043,5.7936,4.06284
4.06362,4.67375,4.34649,5.03535,3.40231,3.65116,3.24013,4.60991,4.36465,3.49154
2.6704,4.75962,3.0209,4.70259,2.8146,4.14081,2.21356,4.38996,4.97152,3.01315
5.12653,1.63338,3.67798,4.44952,3.16368,3.32399,3.34192,3.36313,4.10739,2.10467
4.8654,3.48078,1.5282,3.87757,3.65351,3.84714,2.52524,3.89474,4.02557,4.26283
3.92605,3.11748,2.97052,3.07676,3.70249,5.05366,4.09696,4.78347,3.32237,1.49048
3.01339,5.0216,4.0863,3.73145,4.12907,4.33938,5.05736,3.74333,4.07498,3.33004
3.37645,3.24811,3.78036,4.44851,5.76077,5.5455,4.55177,4.22842,4.27482,3.98355
5.53167,4.20088,5.19397,3.24453,5.97069,3.22373,4.31255,3.89403,4.4129,5.25367
6.32603,5.65757,3.18544,3.92683,6.34349,4.26489,2.09917,5.54352,3.65657,3.82373
5.07719,3.49377,3.76662,4.29884,5.07855,5.62852,3.84734,4.72273,4.57546,4.46835
3.96452,4.04651,3.43249,3.59603,4.07759,4.90919,3.50109,4.07763,4.7786,4.30346
5.44342,4.18105,5.78417,3.67935,3.90929,4.82235,4.03579,3.31293,3.42036,4.89539
4.67952,4.8258,4.91705,3.75004,3.67411,2.92411,4.8841,5.02231,4.00789,5.05554
4.33965,6.52938,2.74856,4.71013,4.2169,3.12284,3.44896,3.38661,5.18768,4.99692
4.10441,4.73281,4.99194,4.24631,3.11087,3.61813,4.42638,1.84423,3.37982,2.68045
2.78137,4.51429,3.89162,3.60261,5.87302,2.05588,3.77933,6.24453,4.88098,5.19071
3.96778,3.8257,3.61638,4.61678,5.3897,4.21782,3.03256,3.22248,4.73869,5.37311
5.18366,3.31452,3.36831,6.36028,1.74281,4.05446,3.03044,3.85608,3.80182,3.7773
4.27843,3.25216,3.21383,5.03974,5.48789,3.13783,5.3272,3.47533,4.91113,2.9602
3.56586,4.4743,5.53441,4.24144,4.7897,3.80251,4.32842,3.19515,3.63772,3.52966
6.22205,4.62173,4.57213,3.90673,3.0223,6.33908,3.36683,3.71347,4.82876,3.1979
2.96662,4.74729,5.23166,4.81783,5.10193,2.2042,4.43683,3.77452,4.39714,3.83091
2.99129,4.07155,3.552,2.13628,3.74159,3.7944,4.38218,4.23629,4.28445,2.33643
3.98775,4.30091,4.6221,4.00239,3.22227,3.42586,4.28,3.25241,4.16246,3.15809
4.12923,4.47404,5.03695,4.41864,2.9566,3.96828,3.54834,3.83435,5.46395,4.35415
4.09669,3.94704,3.3036,3.82071,5.51077,3.83586,1.53024,5.67353,3.93145,4.44869
3.05343,2.49495,3.11469,1.94396,4.32281,4.19997,5.05083,4.52501,2.88052,4.51
1.74821,2.954,4.64054,5.69119,2.43797,2.40716,5.32052,5.04813,4.22532,3.65761
3.61933,3.64003,3.61578,3.98631,3.03246,3.78338,3.749,4.89128,2.85356,4.09727
3.54518,4.93132,2.2968,3.35811,3.64309,3.34142,3.68558,4.16946,5.50817,2.78271
3.52208,4.74321,3.60521,3.89842,2.63439,3.86766,4.52618,3.62035,2.9601,2.2454
2.93629,3.53089,2.37156,2.41549,3.67265,3.89591,5.70777,1.66474,4.54096,1.66035
3.54433,4.47447,5.29862,3.41391,4.61853,6.72221,2.48293,3.48284,2.94498,3.03892
4.51016,4.52187,3.70838,4.01543,3.67782,3.29032,4.71201,4.6861,3.65896,4.05559
4.82894,3.94751,3.4431,3.55676,2.4047,3.84292,3.7623,4.43008,4.48286,4.27115
2.95543,4.9089,3.85602,3.28064,4.08564,4.05332,4.67676,2.90038,4.17781,4.94972
5.09163,4.8695,3.71645,4.69697,3.53605,3.7784,3.26087,2.51604,4.70498,4.64464
3.13438,4.42959,2.96001,4.86632,3.49983,2.65974,3.34174,4.72591,4.47639,3.94931
4.37651,3.51232,2.97753,2.09605,3.96726,3.85999,3.37759,5.95079,4.27257,3.18309
4.56191,4.13413,2.93357,3.47092,4.21018,6.94594,6.07126,3.13055,4.17928,4.99385
4.20098,3.06072,4.4793,2.38167,3.18231,3.5297,3.99866,4.6126,3.67408,3.75801
5.51964,2.48088,3.88406,5.52694,2.88064,4.70746,4.51236,4.32807,5.41546,1.3575
3.83223,4.60694,3.46566,6.10867,2.76768,3.58072,5.75365,5.35958,3.8395,4.37119
4.851,3.24468,3.36169,3.75643,4.36542,4.79551,4.12697,4.26465,5.58283,4.67388
4.90704,4.23044,2.88297,4.56303,2.43677,4.49668,3.40182,4.24307,3.26458,4.66517
4.45956,2.96125,4.22934,2.57841,3.72638,3.63901,4.32605,4.10737,2.12631,4.8568
3.68239,3.25268,3.90319,5.08687,4.4589,5.14732,5.09536,3.29506,3.39861,2.10253
2.43952,3.80039,4.03769,2.57692,3.37181,3.97423,3.52272,5.14481,3.27011,6.40453
2.85119,4.34685,4.12279,3.17778,2.93509,5.38702,2.49521,3.65915,2.41955,2.78005
3.2767,3.30366,2.84511,4.7609,4.52176,3.67329,5.73957,2.20806,3.20098,4.15727
4.41515,4.33065,4.57432,5.56239,2.22395,1.35912,2.38119,4.01718,3.53917,4.7364
3.27375,3.20517,5.19119,3.00765,4.87272,2.32198,4.08907,3.84672,2.71707,4.95376
4.38668,4.19081,3.02681,3.60602,5.01144,5.2064,2.16411,3.43012,5.96664,4.11846
2.69618,3.34344,4.0959,5.07099,4.86909,5.80618,3.94141,5.28828,3.61032,4.03035
2.23651,4.80228,3.52262,5.61719,4.13248,4.53556,5.15997,5.69336,4.47824,5.54219
2.8303,2.67562,2.59037,4.70037,4.76954,4.16778,4.13463,2.66908,3.40346,5.23104
2.22324,2.67709,4.09175,3.96432,3.99055,4.79186,2.26993,5.09058,4.27492,3.31523
2.38883,1.38932,1.71995,4.3768,4.40705,5.12412,4.205,4.43434,3.8312,5.10026
4.84317,2.59915,3.05117,2.64145,4.24014,4.08564,3.73619,3.27881,4.13159,2.80247
2.83512,4.32492,2.39166,5.66579,3.90454,2.31557,5.35776,4.39395,3.58538,3.53967
4.94723,3.47194,4.08538,4.61413,3.44659,3.36191,3.91718,5.05632,3.27365,2.10357
4.07219,3.99192,3.0952,4.10638,3.02689,4.91261,4.91457,4.46032,2.04551,4.82633
5.7636,4.18429,4.18514,5.09097,4.43801,4.02913,3.7769,2.57195,1.24987,4.5974
5.25703,2.49466,4.79996,3.45783,3.6173,5.58394,3.08718,2.66595,4.59208,3.95835
4.13045,3.55045,4.15561,3.45516,3.35964,3.88969,5.75639,4.91951,4.36302,3.99456
5.40574,3.51835,2.50895,4.05445,4.84648,2.95987,2.98671,3.7366,3.36363,3.47644
5.43181,2.95828,3.70227,4.73553,5.51994,3.73972,3.62076,4.14084,2.36094,2.38388
5.68471,3.90808,4.27691,6.67083,2.45592,2.9687,4.28055,4.50055,3.79329,3.17018
4.82116,4.46666,4.28906,4.16281,4.18553,4.19561,4.15466,3.79944,4.63982,4.15399
4.00586,6.35707,3.07905,4.55877,5.21826,4.37735,4.38651,4.27923,3.84001,3.92842
2.05272,4.74588,3.46105,2.92354,5.88321,3.15193,3.98874,3.2364,5.02735,4.93682
5.50855,3.51646,4.76023,3.79412,6.21529,3.67278,3.19166,4.12621,3.89869,4.3945
3.29486,3.06487,5.53083,4.34778,3.90924,4.43412,2.25504,2.67377,1.80166,4.96804
2.81565,2.75781,3.16174,3.99937,5.52268,3.54906,3.30764,5.97339,5.45517,3.20456
5.71204,3.81823,4.44284,3.55054,4.7785,3.48053,3.96338,5.12173,4.33083,3.36832
5.36844,4.71969,3.2079,3.97929,3.57158,3.36031,2.1212,3.59593,3.86256,3.98486
3.90443,3.61835,3.42152,4.16541,5.14153,4.04518,4.19449,4.48248,2.30274,4.55286
4.029,2.30845,2.56951,4.79423,4.83648,3.30919,3.77636,2.9845,4.68154,3.99853
5.198,4.61394,4.07587,4.17182,3.93266,4.65921,5.32451,3.80637,4.4276,3.77591
2.8469,3.51122,4.24165,3.81521,4.0865,1.97478,5.26624,3.11101,4.96782,1.52322
1.91516,5.24605,4.6232,4.48893,1.90991,5.28715,4.70301,5.0807,2.76369,4.43112
4.70743,3.85764,4.209,3.30968,3.69272,2.91654,4.7912,2.82376,3.46955,5.15145
5.78482,2.9576,4.93559,4.54669,2.86269,4.96993,3.86996,3.71817,3.72573,4.30646
4.14952,2.61337,2.72841,2.20529,5.56232,3.86757,4.32156,5.17606,3.90889,5.70139
4.0725,5.36965,3.97805,3.47464,4.21311,3.47229,3.18722,3.43558,6.11821,4.10528
5.84538,4.78507,5.84822,5.08245,6.07691,6.69215,3.82981,5.4443,4.2599,3.36561
3.90081,5.83524,4.2874,4.32051,4.93994,4.25434,2.75127,5.195,4.91243,2.01343
3.59645,1.37957,4.02393,3.66731,4.39628,4.33126,4.16167,3.70151,4.21533,4.83864
4.38457,3.37673,4.68613,4.22169,4.67068,4.82447,3.78029,4.67736,2.44392,3.32059
3.86608,3.35875,3.7577,4.37082,4.10805,2.40731,4.66539,4.61936,4.76686,4.58332
6.08397,5.01401,2.82755,3.7883,4.32792,2.97774,3.3805,4.21386,3.0141,4.39092
4.85313,3.32026,3.80348,4.08378,1.60333,3.73397,3.3693,5.34881,2.60058,4.75067
2.21593,2.70313,5.55136,4.47059,4.46783,4.88777,4.41873,2.99286,5.59784,4.30798
4.05477,5.88664,3.4164,3.80809,2.16872,5.71246,2.96041,5.46294,3.95075,3.34563
2.75141,4.31537,3.65222,2.66629,2.92106,2.02434,3.67541,4.28768,4.27713,4.69529
3.27883,3.08367,2.35143,2.7448,5.79342,4.38399,1.53771,3.40588,4.36721,2.63062
4.39284,4.30466,3.88786,2.80927,4.14948,5.28984,4.35347,3.81629,4.07701,5.10119
4.31172,3.37668,3.62929,4.58368,1.50991,3.89804,3.01668,2.34048,2.99049,4.7915
4.47532,4.42653,3.17846,4.70794,4.27444,2.84821,3.85617,2.80232,2.60672,3.47798
4.54267,2.44661,4.10442,3.80748,3.75427,4.81311,2.91453,5.53233,4.21957,2.57325
3.37704,3.68429,4.73561,3.95584,5.63942,4.20049,2.45625,3.84911,3.84647,4.6949
3.91874,6.5664,3.93449,2.84389,3.16571,3.27909,5.61435,3.23802,5.31414,5.42131
2.68985,4.37227,2.66944,4.15197,4.60686,5.47197,5.18497,1.98753,4.17163,3.59265
3.27827,4.53631,4.94588,1.80179,1.88154,4.16517,2.37255,5.45911,3.30928,4.0467
2.29085,3.40238,3.68017,2.74448,2.68605,2.40182,4.03318,3.95849,3.62654,4.18049
3.45847,3.87249,4.85557,4.55083,3.57362,5.27439,4.10516,5.36654,1.84979,2.8292
4.25159,4.15963,4.8561,6.32995,3.72015,3.85892,4.29738,3.28532,3.51911,4.78137
2.58254,3.0345,5.96795,3.10626,3.18922,4.39349,4.35798,3.24368,3.5853,2.77009
5.59851,4.70692,4.22647,4.77525,4.15245,3.02146,6.40624,5.53526,3.54408,4.44601
3.34096,3.59411,3.95152,3.51391,4.09241,4.33052,3.21893,4.59419,3.90722,4.94953
3.44902,3.62021,4.21797,3.03865,4.21275,5.93579,2.92068,3.72874,5.33447,3.32375
5.22628,3.1018,4.3949,4.31884,5.17918,5.39581,4.32706,5.38353,4.11331,3.24662
4.24573,3.46628,2.82324,3.96445,3.00208,4.06328,4.38434,4.74189,4.90364,3.6733
4.20823,5.0238,4.32304,4.87908,5.01497,4.14697,3.00632,4.87676,3.47069,5.34383
3.95428,3.83866,1.52666,3.07411,4.38072,5.1092,3.29006,6.64686,4.92433,4.47395
3.17173,3.55376,4.39918,2.90469,3.87005,3.45292,4.47964,4.06274,5.04578,3.78038
5.05874,2.23202,4.29071,4.14979,4.86271,4.76693,2.48646,5.77936,3.19865,3.30721
4.98748,4.15602,3.5774,4.37264,3.02199,3.48553,3.48969,3.38305,4.23288,3.96345
3.21196,3.43608,6.2093,2.61922,4.27053,2.55559,3.20106,4.52936,3.48642,2.51322
4.65817,2.9619,3.62301,4.26903,3.6103,3.93527,3.40182,3.66696,4.39806,2.71773
3.69878,4.29727,4.38184,2.98909,4.5627,2.76452,3.80766,4.14003,1.92905,1.94613
3.81495,4.12273,4.15153,3.96897,3.69792,3.60896,5.06505,4.49433,3.30076,3.43518
3.98377,4.33612,1.68658,4.05101,5.31273,3.1186,4.3098,2.43731,4.7497,4.05536
3.57641,3.98133,2.65577,2.09581,1.90632,3.74423,4.02471,3.79337,6.4002,4.63109
3.25169,3.75023,4.04101,4.00166,2.61118,2.8087,3.93499,4.16814,4.68366,2.93766
2.55582,3.74234,5.05616,4.06513,5.71814,4.47381,4.80616,5.22554,3.44271,3.91514
5.67231,4.46175,3.53536,2.17249,4.24675,5.0262,3.50876,3.29894,4.58206,3.80151
4.52086,3.07538,4.18007,4.75566,2.31563,1.87303,3.35534,3.91854,3.8252,3.97483
5.96251,3.69816,3.13024,3.79061,3.66308,3.34824,2.39175,4.72106,4.21942,4.51345
5.0106,3.63406,3.14179,4.88734,4.07181,4.86388,3.29444,1.73391,4.16127,3.78582
5.51592,3.05329,3.02308,2.7563,4.62956,3.35108,2.16261,4.72084,4.19215,4.60344
3.78889,3.05421,5.33615,3.34725,4.67448,2.96968,3.62298,4.30738,4.86087,2.33715
1.85522,5.16738,4.39482,4.30501,2.48985,3.33728,4.17327,4.08099,3.6563,5.7931
7.08264,3.99502,3.69019,2.75889,3.5465,4.51795,3.59067,4.44176,4.86086,4.27154
4.54022,4.30318,4.02354,2.97854,5.07607,3.66246,4.39258,4.51683,4.61908,5.16911
4.66836,4.24368,2.86686,4.06424,5.3581,3.923,4.02959,6.46284,6.43068,3.46589
5.48585,4.0388,3.6837,3.8995,4.40857,4.65754,2.08847,5.00434,2.69524,3.40997
5.5228,4.61155,3.37713,5.01348,3.94894,4.87025,5.26187,4.48272,4.94109,5.2966
5.91151,4.07883,4.31102,3.08097,4.37298,5.11478,3.5602,2.97777,2.41009,4.32194
4.42039,1.06372,4.64396,4.73209,3.54653,5.24956,1.95363,4.57211,3.6653,4.23768
2.9142,2.61242,5.62392,4.26095,4.2839,3.62223,4.85695,4.78053,4.22421,5.66146
2.44445,4.49635,3.20394,4.65252,2.92234,3.37396,5.21693,3.29634,3.61285,5.45173
3.58352,5.69627,2.765,4.18066,3.14114,3.6162,5.41252,4.27312,1.74386,3.97761
4.5445,3.67992,2.27574,4.75457,5.13232,5.53168,3.91482,3.21107,3.7081,6.09649
3.2862,4.43825,3.25659,3.92603,4.94002,2.8721,4.34532,2.16595,3.85396,3.99112
3.94083,4.28422,2.91721,3.6326,3.42284,3.2813,3.60348,4.32122,5.62811,5.01477
4.82972,4.62327,4.53856,4.57502,3.45886,3.5637,4.75433,2.85814,3.12263,3.66448
3.87506,4.09888,4.64777,2.95463,3.46953,3.20695,3.6393,3.88779,3.49811,3.34409
6.95228,3.25292,5.11451,4.19846,3.85305,5.16243,2.63764,3.58688,5.36415,3.24432
3.69344,5.72294,4.82072,3.64377,2.64554,6.02056,4.44949,4.2782,4.85719,5.55057
3.77479,3.18623,2.62559,5.86776,4.18586,3.94426,3.46873,4.47593,2.01975,2.85234
4.77111,3.19038,4.16992,4.61705,1.96796,3.67236,5.14365,5.54666,4.70101,5.05033
4.93468,3.85674,5.67273,5.63466,4.61076,3.90107,3.19315,4.41398,3.68108,4.5845
2.77177,3.22202,4.36763,4.20394,3.91269,4.95862,3.50548,5.30508,4.03142,2.71671
2.36737,2.89422,5.57261,5.10919,4.28694,3.98205,2.65008,5.29746,4.48022,2.57263
4.72568,3.88058,3.11888,4.55346,4.18483,6.74686,4.92587,4.01512,5.039,3.13167
4.38215,4.69207,4.21647,3.54043,4.50224,3.79877,2.59753,5.4467,4.69763,3.33458
5.94074,4.12433,5.06094,3.65528,4.71114,3.9915,3.90021,3.92757,3.51434,4.0078
4.1325,2.91607,3.83251,6.3916,2.69542,2.61078,3.76046,3.78518,4.70545,3.69978
3.58896,4.56232,3.56332,5.19756,1.92708,5.90268,3.67912,4.67413,3.84688,2.00775
3.91119,3.81677,5.5307,3.80229,4.09387,3.36676,3.00298,4.10666,4.39097,4.42551
3.48435,2.89722,5.55256,3.92089,3.85821,3.43295,3.5873,4.49594,3.80768,3.78953
3.47397,4.11915,3.08585,2.06403,4.47222,3.45179,4.79988,3.66965,4.32445,2.4069
2.88411,3.56292,4.55349,2.30962,3.05631,3.59622,2.74631,2.72372,2.68048,3.75019
2.42812,4.41644,3.00587,4.41953,4.561,5.17664,3.44029,3.93696,4.60059,4.48389
4.40512,3.76573,4.08237,3.64682,4.38805,5.81841,3.21435,2.11152,5.06587,3.18691
6.06724,4.53237,3.48155,4.45537,3.29172,4.86495,5.22914,4.6934,2.7722,3.97098
2.35911,5.0812,2.82701,4.05087,2.77385,5.39248,6.13957,4.58342,6.20859,4.56385
3.43825,4.09643,4.74617,2.62786,4.63182,4.50579,4.25859,4.3561,2.90375,3.13724
3.59821,4.51442,3.28581,4.32631,4.30374,3.98832,4.21364,2.21065,4.83724,4.13222
4.18874,4.45181,4.8107,4.2607,3.82281,2.90332,3.12449,3.04778,3.69118,2.41676
5.66159,5.02655,3.39756,2.6683,4.65872,4.07094,1.92422,5.62377,4.19928,4.20009
4.13645,6.64786,4.47756,3.71089,3.94391,4.09849,3.51925,1.99051,4.88682,4.51998
3.29781,3.56973,4.04586,1.77604,4.06715,5.01498,3.68157,3.47966,2.96476,5.61538
4.90068,5.92249,3.25929,3.49757,4.31482,3.33431,3.76138,5.15598,2.75262,3.2601
3.85499,1.85301,5.39729,3.6792,2.83779,4.34057,5.43106,4.92194,5.04749,4.60443
3.82812,3.59172,2.75922,3.34243,5.01741,4.38632,2.87969,4.79456,3.14133,4.25532
4.31459,5.22413,4.45397,3.29671,3.22542,3.62763,3.70632,5.9302,4.29122,4.70538
3.57586,4.02643,4.094,3.48644,5.10365,3.9971,2.38128,4.29673,2.82336,4.32521
2.08099,4.65587,4.11817,5.01706,2.92159,3.99844,3.9934,4.03601,2.9492,5.58991
4.13681,2.61952,4.74561,4.60053,3.26536,2.69663,2.36169,1.61727,3.59807,3.07463
4.26829,4.51931,3.89339,5.61856,4.8331,3.1363,5.38688,2.65716,5.66584,1.4435
4.21475,3.75826,3.5714,6.75699,2.84881,5.01282,5.02468,3.25234,3.87837,3.30476
4.27018,3.48655,5.52742,3.06305,4.64154,3.20571,4.3448,2.37063,2.53238,5.65297
4.4442,4.4108,3.94851,3.15796,4.69271,2.61345,5.68656,3.69182,4.70693,3.63415
4.55912,5.20214,2.90559,2.45536,5.26356,2.63865,4.50641,5.13488,3.67406,3.28541
6.04602,2.73326,5.15409,5.1263,3.21277,3.84291,2.42891,3.56115,4.07232,2.48018
5.50407,5.42081,3.67062,3.0681,4.25853,3.67462,4.19586,3.9552,3.32137,5.52874
5.48402,4.00957,4.77063,3.3574,2.58063,4.74078,3.60518,3.82049,4.49671,4.19182
3.69643,4.64982,3.03481,4.21216,4.21515,3.1835,2.88225,4.49195,4.15563,3.0596
4.19518,3.51568,3.3646,2.38895,2.82648,3.16025,4.60557,4.26697,3.96135,3.70285
4.14873,3.08559,5.17983,5.59126,3.51412,6.24986,3.10618,4.30111,4.79193,3.79436
3.14719,3.40344,4.41872,3.33108,4.29473,4.73246,3.4464,4.31704,3.07646,3.05489
2.25532,3.88562,4.09441,5.58571,3.3771,4.44861,4.50898,2.04656,3.1692,4.59791
5.66797,3.03612,5.29629,4.79483,4.48297,3.37283,2.36579,4.40044,4.16618,2.7125
3.53095,4.94832,2.64357,3.12228,4.58142,3.49079,3.62219,2.13287,4.89392,4.69835
5.02057,4.19109,3.25098,2.27078,3.91467,2.45255,3.66036,4.41016,4.91823,3.20027
4.69114,2.26365,3.79318,4.00403,5.82058,4.46412,2.50574,3.33847,2.62782,4.59736
2.55674,4.50794,3.25393,1.91383,3.01105,4.33369,4.35877,3.63044,3.95281,4.75071
4.86159,4.15979,3.55457,5.20743,5.0341,3.3532,4.427,2.98235,3.27303,5.51698
3.18788,3.29502,3.24329,4.36213,1.41027,4.54365,3.20157,3.72016,2.62723,3.68171
3.67265,3.87762,4.46421,4.70826,3.56548,4.44393,4.81771,3.07766,3.4448,4.89232
4.32039,2.62376,2.78058,4.42157,3.56096,3.94923,3.89142,4.50363,4.06193,4.23373
2.56332,5.43314,4.04757,4.10448,4.69636,3.56278,3.25801,3.30521,4.04311,3.72622
6.57828,3.51733,4.58576,3.51674,4.14572,3.40562,2.92676,5.01654,5.25309,4.47996
4.35001,3.26129,4.31513,2.56559,4.42343,3.82516,5.5316,4.07121,3.8341,4.18029
4.71513,5.35663,3.09944,3.65516,2.76106,3.13154,5.05017,5.25312,2.58893,3.11969
3.9699,5.37819,2.27405,3.44114,2.62169,3.50157,4.31271,5.91805,5.22499,3.42738
2.81323,2.18043,3.43657,4.55055,4.17779,4.93177,4.46126,5.14345,5.17035,3.49506
4.19664,4.30135,2.69348,2.5616,5.20931,4.56465,2.44682,4.13263,4.73133,4.27385
4.22526,4.09794,4.63116,4.13817,2.77964,2.74594,4.00739,4.07768,2.96342,3.41156
3.48929,4.86036,3.84107,4.03837,5.30249,4.51557,2.34848,5.57837,5.07638,3.34926
4.47216,3.66186,0.84221,4.1929,2.7072,4.65424,5.66065,2.21182,3.23504,5.56961
4.11314,6.3542,3.42933,4.25484,4.46064,3.62388,3.85397,4.05543,5.27502,5.30558
3.34514,2.30229,4.19561,4.55277,4.19597,5.06777,3.54758,3.65342,4.45644,4.4307
3.08359,5.78219,1.9749,4.49894,3.91496,3.58956,3.19126,4.14927,5.34896,4.07087
2.67583,5.29005,3.1419,4.07791,3.96079,4.16448,3.07427,5.19314,3.52742,3.2216
3.71954,5.37338,4.44096,4.72335,4.36805,3.62153,4.85945,4.69136,2.56969,4.027
5.13221,3.2654,5.8237,4.99752,4.23293,3.55083,3.04676,5.6048,3.32539,3.25049
4.67002,3.39268,4.68087,4.95759,2.8703,3.72221,3.26201,4.35393,3.98616,6.36285
4.30105,3.84812,4.28257,6.03486,3.18853,3.76061,4.05586,5.02368,4.06897,4.64465
3.38225,4.81344,4.31065,4.41719,5.96279,3.25308,4.94917,3.54889,3.52795,2.59097
5.67298,3.65779,4.54237,5.88343,4.46335,5.36595,3.31348,4.5183,3.07939,4.8593
4.65688,2.93153,2.94743,3.68557,3.24077,5.55023,4.96785,4.41324,3.91315,4.94995
2.82377,1.89732,4.31702,3.81857,4.82,1.28765,4.1212,1.49052,3.58078,3.91841
4.29949,4.23654,3.90592,4.9159,3.90459,4.46947,4.76222,3.32225,4.5548,4.68337
4.01688,3.08002,3.53338,4.89304,3.53232,4.09502,3.63528,2.02789,4.43646,4.06946
4.79282,3.5787,3.7618,4.85784,2.22356,2.90462,4.86737,0.908899,3.73371,3.21698
5.89167,3.24106,4.44234,4.73249,3.38234,4.16676,4.71946,3.27189,3.70436,4.26216
3.62433,4.5354,5.00384,4.36077,3.92676,4.6601,3.63644,4.39094,4.26534,5.46342
2.78008,5.03433,5.03474,2.82261,3.07776,2.33452,4.47216,6.17543,4.55501,4.16219
3.01047,3.69193,3.38599,4.45316,2.52646,2.51101,4.59502,4.62966,3.66947,3.51156
4.80383,4.12393,4.7873,3.97038,4.31332,3.14242,3.40178,3.60776,5.71184,4.32098
4.54108,1.5686,3.74332,3.22895,4.44491,4.75158,3.49629,4.2598,5.21935,3.41309
2.05276,5.5135,3.26352,4.01856,3.36501,4.96999,4.26512,2.94585,4.82703,4.94804
4.76663,3.30741,4.4278,4.15372,5.02777,5.54199,3.25874,5.5865,5.80033,4.11634
4.69231,4.45195,2.85864,4.3657,3.08188,4.25661,4.86879,1.3296,2.4498,2.44604
2.93799,3.05793,1.35231,5.98592,2.71477,4.29198,6.43085,1.38189,6.30462,4.05309
3.15642,2.55854,2.77596,4.81718,3.72696,4.70408,3.16019,4.19,3.08882,4.66922
4.73809,3.35607,4.59265,5.36888,3.46775,5.12465,4.9242,4.0184,3.83111,5.02084
3.42988,4.03428,3.21294,3.87544,4.07138,4.27913,5.19023,4.23879,2.68094,3.97759
3.97144,4.644,3.18099,4.64835,4.12817,3.59986,5.73378,3.72262,4.35165,5.60108
3.31926,4.20348,5.79514,5.4363,2.39064,4.0961,2.83915,2.9972,3.27378,5.41251
3.8494,3.84516,4.72981,4.9502,3.06521,3.752,3.94549,5.22687,3.07162,2.18845
5.27359,2.8848,3.04168,4.47998,4.95681,2.79021,3.7238,4.9149,3.30058,3.81914
4.52624,2.86266,5.12839,5.43265,2.18683,5.61745,3.96543,3.84277,3.93942,3.89495
2.23172,5.24133,3.34074,3.70263,3.88273,2.73503,3.00777,4.88684,4.16298,3.40262
4.3202,3.20158,5.34861,6.38082,4.23519,4.22722,4.28235,4.19298,4.34476,3.79055
3.7262,5.13608,3.85089,4.94605,5.60392,3.07996,2.97421,4.34831,3.68096,2.60554
4.52803,2.97134,3.9901,4.78279,4.47974,4.13147,3.70924,4.49808,3.67464,5.48981
5.46568,4.46729,4.41792,2.64428,4.55324,2.9752,4.0319,5.33315,4.0549,3.34453
2.81243,2.72004,2.14353,3.67844,1.52345,4.11903,3.16885,5.281,3.62204,3.99554
4.08334,2.94918,3.96639,3.69686,4.66089,2.23012,3.99084,3.85614,4.04468,5.02769
5.41943,5.61844,3.45151,5.11999,4.17724,4.34016,5.04673,5.00333,2.98459,4.79964
5.55969,3.47804,5.40124,2.93601,4.41681,4.21992,3.92064,6.19018,4.81391,4.62942
3.05633,3.87921,1.4697,3.15713,2.58249,4.68856,2.53981,4.7199,4.37764,5.27036
5.94264,3.13417,3.79784,1.76667,2.39377,3.43584,2.66606,2.94473,3.91844,4.45705
4.43651,6.5317,3.77671,3.8262,3.50498,3.98403,4.13616,2.96792,3.87819,5.74523
4.99979,3.09728,2.38528,3.25591,3.65812,3.79158,4.46805,4.60296,4.42621,4.05785
5.95155,3.91935,4.59866,2.57879,4.62901,4.31427,5.11965,3.60296,5.5054,4.94263
4.19137,4.40911,4.42239,2.89189,3.69631,4.91812,4.28602,4.56615,4.00124,2.23131
2.04641,4.17839,4.10441,3.01024,4.64876,5.02595,3.94495,4.60568,3.59629,3.67221
5.35396,4.26331,4.76766,2.52878,4.42335,3.92369,3.09505,2.50417,2.19872,5.16653
3.32507,4.51994,3.37394,3.58152,5.22106,5.67811,5.21675,5.19517,4.04697,5.35477
3.25155,5.05798,2.94601,4.06236,4.82477,3.58368,2.7183,3.47607,3.17346,1.61401
4.24951,3.92631,2.41863,5.03441,3.91536,3.72258,2.80193,3.60777,4.83091,4.29881
4.36161,4.40737,3.54334,5.3445,4.10429,4.93963,3.44317,3.8844,2.94268,1.84523
4.23379,3.04969,5.13722,4.29618,4.56406,3.72436,4.3698,2.83212,3.75997,4.07282
2.7011,2.67558,4.06737,5.45333,3.35535,3.32658,3.64911,3.74731,3.27518,3.90801
2.39516,3.30001,4.23226,3.39764,3.63255,3.93757,4.21088,4.15156,3.247,3.36034
3.31572,4.24945,5.27273,4.71722,3.71542,5.17395,3.55567,3.42997,3.52362,4.95766
4.73576,3.18104,3.54633,4.03907,4.90978,3.26126,3.85813,3.87852,4.17027,1.16422
3.7141,4.18839,3.27964,4.45466,2.96515,2.9606,2.72123,4.74836,3.53674,2.17401
3.15806,4.44308,5.60927,3.49959,3.32953,4.92746,5.58125,5.91346,4.16146,3.89815
3.63944,4.18828,4.0931,4.37274,3.73859,2.98652,2.69036,4.33245,3.91369,2.24423
4.85882,4.21318,4.08397,2.53453,3.48363,3.25302,3.73927,5.05854,2.09346,4.4197
3.02951,4.61164,4.64538,3.22312,3.34619,4.08799,4.6113,3.07424,2.82524,4.34748
4.03137,3.59472,5.77722,1.64624,5.54445,1.7417,4.82131,3.89648,3.2055,3.53764
6.51834,4.30729,4.54156,6.0918,4.29831,3.69023,4.80699,3.1366,4.52642,3.50879
4.18975,4.63844,2.44999,3.6861,5.17264,4.2774,4.13548,5.46548,3.90323,2.43572
3.53195,4.77129,2.32029,4.10357,2.9678,2.91584,4.01138,4.14356,5.0556,2.47468
2.56818,5.73782,3.68072,3.61345,6.2775,4.92192,3.97731,1.53117,3.68648,1.69806
5.05154,3.1048,4.88112,5.02473,5.67613,3.07639,3.93637,4.8744,4.44574,4.7789
2.76287,4.79296,3.04751,3.27258,1.2982,3.8474,3.83778,2.97179,3.06239,5.11178
4.57786,3.03126,4.33604,3.25178,3.11084,3.46864,4.95773,3.15406,2.96506,1.89338
5.47521,3.77877,6.28915,4.59783,3.73032,5.09583,5.71046,3.70894,2.33568,4.35555
5.96825,5.75768,3.85321,4.4935,4.56546,2.45759,5.94499,4.2748,3.04504,2.3157
2.9773,5.11295,3.61969,4.7439,3.11285,2.87485,2.58023,3.03574,4.32984,1.1858
4.31743,3.35312,3.58853,4.21013,5.29521,3.14959,3.7808,5.33365,3.09673,3.56219
3.26001,4.05855,4.72881,5.45511,4.2917,3.10549,3.71675,3.63619,5.79808,3.49121
3.25623,4.4152,4.90067,5.42396,2.77697,3.18949,4.32215,4.9501,2.60142,5.9656
2.51293,3.78742,2.65802,2.29572,2.97297,5.24199,3.26646,1.21164,4.86596,2.66797
3.14016,5.01286,1.50427,3.66275,4.13115,2.95274,4.27287,3.95759,4.40845,2.84262
3.47763,2.91028,4.52042,1.93441,4.47024,4.10083,3.42463,4.49878,4.10165,4.80382
4.01976,3.46804,5.70978,4.04059,2.59709,4.94191,5.47175,4.48957,3.25186,2.28573
5.66213,3.75711,3.32286,4.58153,2.49428,4.67288,2.89548,3.67249,3.38445,4.77052
3.53934,2.72001,5.55299,4.07098,5.01271,4.13721,4.9264,3.96876,3.87964,3.38469
4.33857,4.45358,4.75612,4.22465,4.81586,4.06519,3.53687,3.06196,4.20913,4.93348
2.5078,5.21587,2.64844,4.20714,4.28675,5.58901,4.04687,2.12819,4.98293,3.40303
3.39344,3.11904,4.36121,2.92907,4.88592,5.06858,5.57407,5.85826,4.59668,4.20812
3.49906,3.33341,3.7282,2.89121,5.26515,2.94806,2.93297,5.75222,3.49004,2.72325
3.27222,4.74507,3.18267,2.73669,2.5844,3.00717,5.56323,3.76931,2.63208,4.25658
3.66573,2.13137,4.34965,4.57847,3.6929,3.45503,3.40962,3.75716,3.8859,6.47652
3.44847,2.28767,4.47656,3.50117,3.52158,4.18874,4.67362,3.28602,5.31841,4.55331
5.16658,5.09736,3.96637,2.33474,4.6596,3.33312,4.05262,3.04504,3.99736,4.604
3.78898,2.95992,3.87082,1.99285,3.3689,4.22,4.4998,4.05555,3.008,4.5473
5.24886,6.24698,2.71018,5.75156,4.11316,3.73336,3.74846,5.6513,4.1212,4.9016
3.28998,2.50859,5.02261,4.44514,2.52156,2.70152,4.6222,3.68513,3.58061,3.01244
4.58997,4.1273,3.21928,3.24153,4.66062,2.25947,3.6841,4.67037,3.90534,2.49128
2.64784,4.45257,4.28012,2.76077,3.93381,4.42026,2.65257,4.85868,5.63382,4.1241
3.54136,2.89227,3.5591,2.43684,5.28124,4.32614,3.17524,2.92435,4.81149,3.46199
4.53565,2.83569,4.42961,3.51137,5.79475,3.75356,5.23085,4.41988,2.60976,4.65495
3.83353,2.62808,3.16936,3.34676,4.42508,4.56693,2.06987,4.39793,2.77659,3.29164
2.85668,4.92156,4.76221,2.75625,3.57684,4.57437,4.28878,4.05147,3.639,3.58062
2.80618,5.88554,2.66502,4.17968,5.234,3.38461,4.67781,3.30131,4.81641,4.72073
5.75255,6.4826,1.94104,2.70114,4.62927,2.63446,3.34481,4.55524,4.57698,4.66827
4.62294,2.98144,4.95642,4.11426,4.78545,4.08357,3.67682,3.50343,4.55384,3.55915
5.97503,5.51327,3.46714,3.27252,4.90189,4.03656,2.9357,4.29675,3.33056,1.23898
4.45049,2.53001,3.02646,2.19928,4.21991,5.03919,4.8153,3.86837,3.40101,5.79797
5.69675,4.1828,5.04273,5.37866,3.65703,4.02952,3.22052,5.45137,3.58506,3.61414
4.38046,4.52703,3.34845,6.39453,6.54307,4.93129,4.12982,4.524,2.84071,4.19598
1.99748,2.37139,4.43168,2.84379,3.41096,4.49111,4.21904,4.25937,4.28246,5.06482
4.76853,3.60735,2.35407,3.66366,2.97175,5.72327,2.10559,4.06171,3.78073,4.6273
4.30094,4.74323,5.69736,3.01787,4.27915,2.08983,2.97331,4.57133,3.68524,2.08777
5.78112,4.17486,3.58953,4.05298,5.09446,4.73709,2.9957,7.02744,5.41753,4.51198
4.06557,3.58385,4.67224,3.27856,5.4561,3.0254,3.33095,3.03132,5.11681,2.25119
3.26143,3.60773,4.22091,4.68528,4.87724,4.26241,4.0507,4.31402,3.5832,5.49696
3.92252,5.03643,2.75982,2.97054,4.03987,2.65555,3.53554,3.86647,3.75585,4.33168
3.83598,1.80802,4.81088,5.69086,3.40725,4.59346,3.49609,3.86006,4.80612,2.93731
5.46376,5.02142,3.40108,3.95976,3.55311,2.9068,4.19472,4.18872,3.36572,2.7685
3.8098,3.40146,2.97823,4.39923,3.43853,4.50011,3.5275,3.80204,1.6516,2.76883
4.435,4.10843,5.16391,3.91824,4.78296,5.0638,5.6607,3.5514,3.48419,2.28295
4.38342,4.01557,3.95808,1.997,4.44289,3.88882,5.90254,4.12874,6.08608,4.63715
2.84621,4.92259,5.12398,4.84662,3.14373,4.87734,4.85069,5.74571,5.64353,1.35593
3.88949,3.3422,4.93295,3.74432,1.50715,4.2598,4.56408,3.80261,4.32554,8.25888
4.50932,3.50556,6.75543,3.92348,4.83834,3.83912,4.83883,3.42653,4.57434,4.71405
3.11627,3.9964,4.32732,6.52915,4.81102,3.65542,5.48885,5.42257,3.5283,3.90865
3.52835,5.23704,5.13028,2.68336,1.49938,3.5799,2.59714,3.98208,5.14246,4.06179
4.05465,4.37077,4.46906,3.45073,4.49969,4.74515,4.86452,6.64841,3.20236,2.56265
5.33127,5.85717,4.27391,4.27683,4.33107,4.25392,4.60341,3.94318,5.14022,3.46655
4.38729,4.20745,3.10328,3.0213,4.89623,5.2714,4.80139,2.59914,3.44487,2.7568
3.77016,3.83097,5.05773,4.17496,2.94892,5.36203,2.74,4.074,4.55478,5.84664
2.11243,4.80271,2.87522,4.03807,4.92263,6.14769,2.95112,3.88928,4.5657,3.29792
5.44125,3.78716,5.12288,4.77699,2.91402,6.73631,3.65245,3.11059,4.1781,4.65533
3.64599,2.77373,2.69719,2.85631,4.20405,3.36427,3.58746,4.98848,4.35102,5.87371
2.98565,5.5256,5.97637,4.75635,4.64545,4.37222,5.35048,5.19549,2.17226,2.65243
2.49965,2.97549,1.80623,3.36652,5.99726,5.35828,3.26573,3.65396,3.19567,4.17959
3.05493,4.71856,4.45376,4.65199,3.3865,4.27538,2.01615,5.09668,4.27798,3.38994
4.44064,2.10283,3.00093,4.69892,3.14687,4.63854,4.31171,4.06918,5.79654,5.17029
3.67039,2.7523,3.53059,4.20062,3.20578,2.46366,5.16198,3.7459,5.54956,3.29287
4.20469,3.18124,4.90537,4.44482,4.25867,4.1619,2.95856,4.36065,4.25423,4.21938
5.14482,3.68355,3.39437,3.4813,3.14473,3.63628,2.96886,4.05778,5.35337,3.9342
4.79605,3.06807,2.91708,3.87442,4.08427,2.60754,3.71031,4.01826,4.94252,4.78039
3.84562,4.52049,3.80092,2.72305,3.18938,5.14169,4.34977,3.65973,4.16758,2.84282
2.48595,3.38361,5.33925,1.89664,2.8201,5.50939,3.97887,3.55813,3.97205,4.19552
4.32294,2.58032,4.62322,3.11317,4.75434,5.24657,3.54113,3.78587,4.25658,3.97014
3.81719,1.08917,4.83229,2.66126,3.85991,3.50168,2.69445,3.92729,4.68935,3.76606
4.30841,2.25654,6.04078,4.77661,5.01058,2.57009,4.66514,4.29243,2.95572,5.92002
2.70953,2.67921,4.7009,4.08289,2.59759,1.97767,3.20541,4.41016,3.58848,5.05011
3.45756,4.74458,5.06921,3.8246,4.88714,5.21257,2.91994,3.39942,7.3889,3.44661
3.20068,3.53824,3.71776,4.93028,4.272,3.94386,4.17991,4.38068,4.94461,4.72295
5.85267,5.28219,2.13121,5.31069,4.32173,6.16203,2.91856,3.26121,4.95363,3.59069
3.24614,3.61192,3.72715,4.46029,5.59462,5.00453,3.07551,3.78462,5.64103,4.42868
3.63166,2.76832,4.10934,3.8445,4.09193,2.79256,3.49602,2.85787,3.88119,3.69485
3.94215,3.50627,3.24228,2.67184,3.07556,3.15013,3.63997,4.0926,4.24379,4.17759
2.40708,3.95917,3.06932,3.27358,3.72551,3.09833,5.3664,3.38449,3.72681,3.45947
4.73052,3.06631,4.55064,3.95054,3.1433,3.33733,4.25873,3.98739,3.55667,4.70803
4.49185,2.61056,4.4016,4.786,2.95891,5.45569,4.76537,3.16975,3.19481,3.42251
4.63204,3.42868,3.5444,2.66987,3.96123,4.53489,3.12183,3.36841,4.19841,3.71592
2.82118,5.7319,3.09119,4.46945,2.60031,3.13392,4.17238,3.52063,4.17561,3.55745
4.70066,4.92213,3.50927,2.687,2.08085,4.02724,3.85772,3.06386,4.94586,2.52984
3.95664,4.62457,4.19924,3.69654,2.51183,4.2448,3.74798,2.28582,3.58037,4.09604
4.17218,3.5203,2.9411,4.25097,2.81641,5.72588,2.31151,5.0274,4.48145,5.83175
6.22793,3.40797,4.94971,4.80697,3.56096,3.64309,2.35842,4.25098,5.34727,3.89627
4.92711,3.73816,5.01126,5.08958,2.83625,5.38192,4.35997,2.55599,5.58228,4.3676
2.78349,5.43006,4.86994,3.87999,3.48494,2.70736,3.30596,5.4353,2.57782,2.19971
4.59314,4.09676,4.05173,3.31616,3.3296,4.06435,3.77006,4.93163,3.30909,3.10946
3.64837,3.08946,2.90838,3.88294,2.47986,5.4482,4.18053,4.61453,3.84345,4.62845
4.21601,4.27755,4.55216,4.21953,2.2005,2.57952,4.74414,3.49448,3.36817,4.09986
4.21684,4.27976,4.10502,3.01062,2.90765,5.56042,2.44156,4.30427,5.02842,3.08455
2.41243,4.12485,2.8835,2.88046,5.97966,5.09225,4.07068,4.58658,5.37754,4.0983
3.88429,2.46239,2.83207,5.48606,4.0319,4.67632,4.886,3.40388,4.59093,4.35567
3.65104,4.24503,4.06668,3.11921,3.45107,4.38236,2.8958,4.23758,2.55475,2.73382
4.25564,3.23032,4.86013,2.82243,2.6782,4.47554,5.13958,3.97453,2.51405,4.76866
4.44599,1.83042,3.79335,3.53915,3.04753,4.79653,4.25791,3.97255,2.46999,2.51257
4.03479,4.63493,3.53659,3.06878,4.23922,4.03649,2.49516,3.6249,4.52903,2.78318
4.41553,5.60709,1.34459,4.75389,2.96158,4.01583,3.88991,4.16174,3.27238,2.23481
4.77505,3.20448,2.35738,2.98588,4.36439,3.68802,4.62506,4.07844,4.60738,4.25095
3.37129,2.15879,4.53592,3.41774,2.54368,5.48201,3.11513,5.58065,2.56302,3.61219
3.68175,3.79601,4.76034,3.33157,4.39437,2.71786,3.38491,5.11034,4.82496,4.52369
4.28948,5.34896,2.82782,3.4793,5.00577,3.51369,2.88993,3.88405,4.97947,4.17538
3.53798,4.28769,5.0177,3.9179,4.87144,4.31994,3.94189,5.56536,4.57608,3.62128
3.36041,2.55588,2.2254,4.60138,3.03544,3.28965,4.78582,3.15562,3.01597,5.70211
3.14682,4.72556,3.72885,4.51374,4.92908,3.63355,2.89149,2.92024,3.55643,4.69928
4.64521,5.3353,2.1133,2.82183,3.88426,1.34706,4.68013,4.24216,4.32237,2.88113
4.44161,4.11009,3.97657,3.08704,1.29212,2.30311,4.90751,4.67618,4.75416,4.79696
4.3648,6.41462,3.48881,3.33124,2.5487,3.77886,4.5611,5.31601,4.68356,4.36317
4.60625,2.67818,4.80827,3.48338,4.51932,3.30625,3.52357,3.98118,5.82805,3.71234
2.92094,4.57732,5.21519,4.48131,4.00376,3.82443,4.41464,3.1498,2.69508,3.44385
3.56181,0.835622,3.55942,3.91722,4.70421,3.44311,4.96478,5.09154,4.47006,4.32102
4.86878,4.743,3.25753,3.93018,3.84578,5.02851,3.76588,4.85503,2.07965,3.76452
2.32402,3.67306,2.82948,5.64228,3.79385,5.65301,5.32564,3.82882,3.82431,4.2536
3.29878,1.83732,3.8574,3.1297,3.66351,4.64644,2.83746,2.33798,3.8807,2.76015
3.81014,3.74198,4.44703,4.92157,1.67342,4.37742,2.4752,2.49825,2.969,3.46795
3.87686,5.11116,4.37055,3.18818,2.84608,4.63938,4.77527,4.01258,4.83117,4.5546
2.68896,4.23301,2.9933,4.56825,4.7447,3.96949,4.14197,4.97338,3.25526,3.79977
4.22279,4.1402,3.32666,3.01986,2.71817,3.26932,4.47439,4.40943,4.32285,3.87552
3.50454,3.08604,5.29563,4.73407,4.92165,3.47703,4.03564,4.65726,5.05445,5.73753
3.64831,3.92055,2.25596,5.26665,4.30983,3.44388,5.56229,4.58185,2.50617,5.35243
4.67122,3.5419,4.2842,5.61957,2.66566,4.42529,4.32386,4.6005,4.52397,3.79584
5.24494,3.82951,4.73352,2.00665,6.37072,4.30635,5.30618,3.76322,3.90214,0.877229
4.86117,3.25309,4.44492,4.5357,4.84063,3.94728,4.51951,5.13737,4.49404,1.94887
2.01642,2.96957,4.16323,4.83984,5.02896,3.97876,3.2657,4.46311,2.57075,4.07531
4.0416,3.85449,3.14074,4.1544,3.58643,2.50898,3.09668,4.67442,2.78053,3.25902
4.28986,1.97463,2.84185,3.01024,4.11058,2.83775,4.06136,6.04631,6.40641,4.28891
3.24615,3.53811,3.19649,3.99317,2.76921,3.95901,3.19316,5.43281,5.78155,5.85356
3.74598,2.46874,3.80094,3.35955,5.56366,4.10911,3.97836,4.3958,4.60788,3.83104
4.26659,3.34839,6.11553,1.8617,3.96602,3.75148,3.74209,4.62248,3.65557,5.71957
3.97485,2.24337,2.93957,3.65801,4.35197,3.37858,2.57798,3.3268,2.57932,5.24906
3.48793,4.71992,4.40224,3.71407,2.82764,3.91487,5.22921,4.2579,3.52233,4.28108
4.31363,3.65633,2.92145,4.70753,4.32786,2.90723,3.97056,4.09143,5.17711,4.01698
3.28366,4.60541,3.26985,4.59839,3.12345,2.95938,3.5252,4.37232,2.56084,4.96883
4.69604,2.80062,3.37414,3.04481,5.10734,5.89604,3.61216,3.92945,4.22088,4.20517
2.9414,4.14199,5.30531,5.95145,4.94467,2.91723,1.12129,3.41651,4.58059,3.24348
1.84103,6.16811,4.45348,4.75251,1.22928,3.35669,5.63259,3.11597,5.49996,4.29428
3.98222,3.11024,2.44322,3.37461,2.7265,4.7812,3.56845,4.02748,4.08286,2.37437
4.09376,4.70591,2.58105,3.22269,3.31677,6.81261,3.96722,2.22077,5.26601,5.31764
4.13158,5.01471,7.00025,4.02735,4.50251,2.86796,1.51932,4.59689,3.35593,3.76384
4.19003,1.45,5.23497,3.63042,4.19242,3.64006,2.64603,2.597,4.00132,4.92174
3.73411,4.01196,2.87114,5.20999,3.2583,3.59812,5.48711,2.12707,3.87457,3.55652
5.03322,5.06108,4.64497,2.47056,2.48794,2.53991,2.39907,4.86011,5.42859,3.58032
5.17384,4.22453,4.5669,3.53977,3.36932,4.29479,3.06652,3.46603,4.35501,1.33677
3.76122,5.34292,4.84723,6.8433,3.07387,5.06173,5.73465,3.40375,3.52906,3.81674
3.45003,2.56657,4.56128,4.84255,3.88477,4.53683,3.62471,2.2386,2.921,5.60339
6.18475,3.20191,1.81586,3.99065,4.46246,3.88172,2.76378,5.24158,4.14388,3.48913
3.46635,6.11971,5.18518,3.64692,4.98746,3.97945,2.95877,2.82884,3.64548,4.20438
4.65738,3.81471,3.05143,4.36206,3.26693,4.38028,4.2193,4.34766,3.10887,4.54447
4.84446,4.55821,2.38177,4.10324,6.04909,5.16068,3.9015,3.04481,2.32817,3.66529
3.10357,5.96815,4.90329,3.39859,4.3389,5.08904,3.7188,3.69234,3.51551,4.59952
4.18387,4.59506,3.55058,3.65188,4.46186,3.20431,4.60033,5.47609,2.72735,2.10908
4.23193,4.07908,2.93811,2.99317,4.49776,4.85687,3.35455,3.33735,5.04178,3.41045
3.46508,4.78393,6.93175,3.41166,5.00768,3.95841,4.2933,4.47568,5.58808,3.28282
5.50299,3.61424,3.20933,4.03458,3.92044,4.63189,2.83646,6.17657,2.31346,1.8754
4.59569,6.92243,3.09965,3.04836,3.26178,4.6185,5.38335,2.90507,3.58549,4.40306
3.34702,4.39478,3.58209,3.71539,3.15697,4.95781,5.0951,2.5356,4.05268,5.69729
5.11092,3.48854,3.34823,4.01508,3.68716,4.64217,3.9103,3.3586,2.33313,6.6728
5.11134,2.25234,1.49416,4.31721,4.41281,3.01985,4.99296,4.0238,4.41457,4.16698
3.9244,3.87896,3.22549,3.49459,2.89114,3.89048,4.22622,4.04729,4.46448,3.28068
2.97383,1.94435,4.47897,4.06679,2.48742,5.04392,2.70305,3.06286,3.75975,5.00424
3.79126,2.41931,3.14308,4.2987,6.23945,3.88912,4.76401,3.5724,3.95611,5.92402
4.58596,2.81134,4.9974,5.0119,4.0997,2.86455,4.57766,2.87739,5.334,4.62005
4.07794,2.72643,2.26342,1.36423,4.56227,4.58125,1.86009,3.69924,4.03956,2.7173
3.92758,4.85072,3.55632,5.1772,4.63553,3.50395,3.96718,2.23661,5.1632,3.39745
5.80633,3.90537,3.67651,4.42042,3.63595,4.11772,4.03468,3.60005,4.37815,3.40249
3.89214,3.53899,2.36827,4.37036,2.53132,3.00773,4.0899,4.4959,3.78702,5.47026
4.47909,5.49357,3.78337,3.34429,4.77099,6.00384,2.80139,3.30224,5.66304,3.68095
2.47476,3.14471,3.79601,3.38305,3.78285,4.71031,2.58406,4.56148,4.95379,3.72745
3.75817,4.46601,3.7306,4.1587,2.68284,3.72442,3.09224,4.19929,3.95391,2.92924
4.68674,3.70608,3.78786,1.58919,4.50978,3.14815,2.84538,3.99587,4.39291,3.20875
3.31926,3.55404,5.62628,3.54216,5.24613,4.41903,5.28972,3.15203,7.60982,3.1119
4.28236,2.7144,4.5037,4.44793,3.26398,4.16556,0.301484,3.73958,5.1925,2.99293
3.93914,4.98877,2.30447,3.64363,5.17297,4.3227,4.91352,4.20013,4.45981,4.30679
3.88855,1.18726,3.75877,3.42096,4.31848,4.78714,4.53407,4.51365,2.80508,3.19385
5.01779,2.43225,2.82054,4.18907,3.1947,3.69658,2.75165,4.42183,4.33901,3.64447
5.52537,5.36408,3.93231,3.57076,3.63002,1.90533,3.43515,4.17779,3.94555,3.7684
4.11707,5.54145,4.21266,3.9598,5.23319,4.71012,5.17254,2.40568,4.80888,2.81195
2.8732,3.33394,5.08426,2.82594,3.46325,3.92021,3.83725,3.39132,3.3385,3.72754
3.23959,3.84155,4.10797,1.62112,5.03518,4.97017,4.51912,2.83045,3.03888,2.73747
2.65499,4.17701,3.59177,4.75496,5.10238,3.94014,3.01199,4.66801,2.8019,5.08317
5.58295,5.23145,2.71422,4.84412,3.73123,5.84543,4.8979,3.93107,5.87887,5.20949
5.1452,5.27334,1.9169,2.51544,2.6616,3.03345,1.47494,4.14207,3.08179,2.47291
4.11759,3.26184,3.35405,2.68442,3.38124,5.27236,4.48675,3.90915,4.40289,5.87828
4.57598,4.60015,3.77366,3.21761,5.01071,3.71156,4.31645,4.12299,3.40942,3.88099
4.56509,4.12861,3.2793,3.47145,3.83247,5.78016,3.50273,5.13417,3.09801,4.33688
3.15809,4.03767,3.76934,4.04446,3.49952,2.89196,2.93904,3.67941,3.10106,4.29347
5.22388,4.56829,3.92813,4.97399,4.93054,3.37659,4.15887,5.66897,3.40857,4.40866
3.96935,4.18204,2.81528,2.61058,4.29854,4.21173,4.94276,4.42784,5.00496,3.92933
4.24922,4.7178,5.20181,3.0626,4.51262,3.59762,3.65525,3.56088,4.38534,3.82613
3.45773,3.61532,5.1206,3.74188,4.93731,3.42612,3.39109,4.45758,3.98321,4.74631
3.89461,3.27154,3.84614,5.05067,3.97546,4.04154,4.47437,4.02631,3.40299,2.53022
1.898,3.39706,3.58032,3.72177,2.71242,4.10122,3.12496,2.94034,4.50434,4.64059
5.31776,4.70015,3.57685,3.21125,0.0750898,3.98876,4.81693,2.81357,4.48154,4.72111
4.83025,5.48373,4.56433,5.5464,3.71227,4.13986,4.38772,3.62413,3.17923,4.08754
4.17395,1.4502,3.64495,4.25035,5.50739,5.07679,4.81461,4.07137,5.19202,4.15687
1.35951,3.80996,6.45704,3.1722,2.29868,3.46171,4.20682,2.19397,5.14424,2.94658
4.87233,2.01768,4.92176,2.58468,4.24804,3.7068,3.77499,4.03847,4.37671,3.02146
5.41227,3.96377,4.96018,4.49829,4.44416,3.53739,3.71831,4.20022,4.23931,2.57076
4.15694,4.23139,3.75594,5.40179,4.47099,3.38177,4.25417,3.37296,4.06826,4.87332
4.14284,3.93938,2.29,1.04029,3.80288,4.35149,2.46742,3.18098,4.74527,3.92675
4.60355,4.899,5.32328,4.52913,4.2528,3.87061,4.48448,3.82933,3.64604,3.52554
4.27724,4.02911,3.94308,3.06154,3.42945,5.81517,2.94189,3.73493,4.65623,2.39759
5.46568,3.676,4.29274,4.42726,3.95464,3.8388,3.67696,4.60135,3.63151,3.10067
2.82014,4.34773,3.97634,1.56569,3.28866,4.42091,3.67042,2.34704,3.19502,7.01645
3.24145,2.90472,5.9869,2.52317,5.71546,4.70193,4.3117,3.72783,3.25437,4.79121
3.65238,3.47578,3.39321,4.32244,4.13987,4.53577,3.65248,5.44704,2.53381,4.16489
5.62995,3.97252,3.85845,3.7291,5.05339,3.31664,2.95992,4.42931,2.28832,4.26149
3.52605,5.91942,5.64256,3.68943,4.89094,2.56562,4.05637,3.74222,3.29411,3.32968
4.88624,4.0567,3.64697,5.47188,5.17719,3.75879,4.07036,3.83901,4.33776,4.13733
4.48347,3.70875,2.96512,3.99448,4.43662,3.21655,2.85868,5.24497,3.67307,2.96547
4.7449,3.31648,6.18194,3.8407,2.7224,4.83251,4.39179,3.16986,4.20623,4.3465
4.15685,4.91193,6.97652,3.57116,2.58491,3.73534,3.47634,4.9412,3.66115,3.35353
4.3285,6.23774,4.40519,5.01165,3.15595,4.20513,2.63203,5.27028,4.34946,2.85078
3.73289,5.04931,4.08975,4.9939,4.09334,4.85562,4.64607,3.52748,6.00376,4.32564
3.67006,3.78354,5.0603,4.67232,4.09779,3.81528,3.80265,3.38539,3.51185,3.40548
4.23252,5.33865,3.35316,5.46096,3.5304,4.42488,3.84801,3.50433,2.44409,4.06574
4.07626,2.76226,3.07256,3.38583,3.96209,3.60873,4.89278,1.46313,5.37844,3.23352
4.94754,4.51001,4.41685,3.26052,4.57317,5.01131,3.57616,3.91656,4.54465,3.41672
4.05575,3.96772,2.53739,3.00653,4.92316,5.85955,2.85465,6.44196,5.36901,2.37214
4.52789,3.52425,4.40676,3.36468,5.23708,2.59305,4.05043,3.14145,4.27512,3.70544
3.93164,2.60112,4.17918,3.62203,1.45,4.03201,3.30586,4.5589,1.59972,4.26112
4.42945,3.17999,3.77702,5.06894,3.85739,3.77508,4.95859,2.09979,2.84091,2.73096
2.17008,3.28557,3.74916,5.13197,5.00357,3.13607,3.46589,4.4775,5.69682,4.5721
4.27334,4.61366,3.37777,4.35517,1.63266,4.90022,5.01954,3.26218,3.62672,3.61082
2.73673,1.54584,5.09229,3.21721,2.35354,3.91987,3.46981,4.65778,4.74677,3.86679
3.40845,4.65416,3.78737,4.31558,5.01557,4.02837,4.21263,5.10398,2.83168,4.01201
4.87097,4.57105,2.68004,5.0503,3.21577,4.78458,4.14756,3.71403,3.8417,4.30059
4.54663,4.24421,5.22659,3.89739,2.58828,2.90106,4.96345,4.07215,4.03985,3.10416
4.87679,4.64692,3.41629,2.89181,3.68389,5.88109,4.14662,6.14563,3.21301,4.22047
2.26677,3.68785,2.55075,5.20285,4.71614,4.1723,4.76257,4.45198,6.2194,5.37871
3.24237,4.65222,3.88532,3.95609,4.56932,2.13109,5.2513,4.36725,5.23998,4.13221
5.09642,4.6468,4.65361,3.21808,2.67491,4.43088,4.04872,4.86761,4.49779,4.90342
3.58126,3.24512,5.76763,5.29822,5.00949,4.02853,3.78532,4.06858,5.00532,5.06024
4.69066,3.28187,5.40752,3.93243,4.05297,3.96718,3.51247,4.88745,4.78336,2.84842
3.59043,4.90428,4.79755,3.85022,3.66983,4.62754,3.35385,3.43646,4.44294,3.1178
5.08232,4.95857,4.9791,4.31765,3.52121,4.63736,4.69282,2.77022,4.52556,4.8255
2.81799,4.55577,3.18473,5.48923,2.58545,5.38746,4.41488,3.98432,3.8662,3.61102
4.9365,3.63688,3.35965,3.27165,6.09367,4.11369,3.40722,3.19269,3.56819,4.13844
2.19367,3.50055,3.2461,2.97554,3.93414,2.75532,3.11025,4.36827,4.97609,4.40217
3.22498,5.0351,3.84393,3.69018,4.73777,2.62524,3.80847,5.71351,4.51559,2.93851
3.50714,4.48117,4.8406,2.14063,3.46745,3.73863,3.85781,3.28072,3.18399,3.35991
4.36129,4.99406,4.03634,4.36837,3.40826,2.60463,4.89054,4.27026,4.15289,3.56177
4.78055,3.79899,6.15651,4.7649,3.66308,2.23329,4.37373,3.93199,3.32593,5.23198
4.14792,3.21221,3.55129,5.33824,4.10817,3.63954,3.95709,3.12656,2.72209,2.80706
3.21449,3.34106,3.85081,4.30457,4.52226,5.10353,4.90269,4.11592,5.04423,3.70193
3.31767,4.28675,5.22233,4.18177,3.50418,5.06531,4.44314,4.14699,7.55201,4.04855
4.51273,2.8399,5.44351,2.87716,4.04692,3.26643,3.43592,3.73391,4.78205,3.88312
4.37528,3.83345,3.82979,4.18799,4.62834,4.57909,3.93611,5.17869,3.93667,4.07849
2.69223,4.22126,2.99615,2.40628,5.75342,4.49407,4.85307,3.8047,3.01921,3.685
4.74517,5.28923,2.67196,3.62016,3.49906,5.02717,4.09788,4.15004,1.88319,3.30564
4.49111,4.27628,4.90622,3.59418,4.21468,4.66392,4.98301,2.74001,3.69066,5.25622
2.33997,4.18438,4.45435,3.29517,3.57205,3.36271,3.06885,2.70937,3.15159,2.88382
4.98134,3.09053,3.64997,5.33612,4.65942,4.46628,4.194,4.73507,3.89151,3.06455
3.38256,2.87325,6.72801,6.08485,4.73794,4.34034,4.37267,4.26435,3.83181,2.40011
2.89947,5.2918,1.71083,3.08013,5.37575,4.94463,2.82681,5.21739,2.92206,4.76418
3.69661,4.79863,3.26663,3.00714,6.68511,4.63877,3.82801,4.18754,2.86745,2.69789
3.80043,3.71233,4.32566,2.9003,3.78166,3.93248,3.78643,3.17418,3.5795,6.41536
5.4992,6.20416,5.05933,3.83353,3.05523,3.07892,4.3284,2.49988,5.63916,6.36011
3.80654,4.74469,3.55522,4.5894,3.75824,5.13795,4.0786,3.39293,4.63573,3.39235
4.74177,3.32142,6.5975,5.40652,4.02806,5.90466,6.37238,3.816,4.27269,3.22316
3.77751,5.73892,3.01579,4.68433,2.50346,5.83842,3.3111,4.55209,2.64042,2.57958
1.32689,4.0235,6.12702,4.14414,3.5802,3.19113,3.65128,3.40875,4.61754,4.56438
4.32567,2.97469,3.33471,3.9851,4.58086,1.94359,5.47795,3.9567,4.85253,4.87711
2.07156,2.75616,5.35655,4.61745,4.00666,3.31137,4.46601,4.69108,3.38723,3.98553
1.92959,2.92746,2.7028,3.53198,2.67698,3.48047,4.46805,4.48876,4.26864,5.04097
4.82116,1.97904,3.64587,2.75202,2.23548,5.65126,3.46681,5.19165,3.71623,3.37128
4.56954,3.54286,3.70864,5.78168,2.26294,2.76922,4.07045,4.55074,2.83483,2.19405
1.42382,3.5585,3.72196,3.9832,5.14078,4.53772,2.37259,3.34164,4.02865,4.42397
4.62194,5.78843,3.11097,5.54335,4.89196,2.82367,3.29508,4.36901,2.40167,2.82938
5.45058,4.32957,5.27849,3.56202,4.69554,3.35957,4.40089,4.53631,5.22669,5.06326
3.3835,4.13566,2.64642,3.1604,5.36038,6.28856,4.02579,3.2081,1.99751,4.40631
3.18704,5.12725,4.35631,3.62656,3.35313,3.58453,5.12935,4.62369,3.7936,3.5013
4.189,5.8909,5.12964,2.62311,3.20326,3.32456,2.40559,4.27906,2.76593,4.37745
4.63648,3.06727,5.62147,4.1859,3.9242,3.56107,4.77329,3.64726,4.63329,4.07164
3.91306,5.38624,5.12117,5.09611,4.35501,3.8113,2.56227,6.25983,4.09862,2.16661
4.09407,5.63791,2.31767,6.17914,3.26177,4.73459,3.12189,3.38452,5.92647,2.04475
2.60599,4.32077,3.68039,3.66277,5.31322,3.57558,2.859,2.79117,4.37004,3.93615
3.22266,3.86846,5.19516,5.44542,2.97945,5.03249,2.36038,6.51116,4.35051,3.80264
3.46188,3.71645,3.15538,3.9049,3.72825,3.77294,5.14441,5.73769,3.41984,3.16328
4.62641,2.36791,4.37917,4.93374,5.50214,5.20361,2.98462,4.40866,4.6217,2.71824
5.96792,3.77686,5.10382,4.30317,4.9251,4.83903,4.46799,4.36872,4.52047,3.81402
3.89923,2.45618,3.70452,3.11947,3.56215,4.01551,4.58277,3.77768,1.91172,3.54656
3.77071,3.5979,3.00926,3.46053,4.60068,5.3955,3.44081,3.50258,2.33158,5.45282
3.79269,5.82573,4.99297,4.77698,5.59639,3.51177,5.83784,5.87532,5.46823,4.59133
4.25595,5.38544,4.41301,3.76532,3.79405,3.59193,4.23196,5.13388,3.19407,4.2741
4.84345,3.29674,4.77601,3.94986,5.22187,5.82334,4.53743,3.10468,4.80628,4.49824
2.96475,4.14394,4.89427,2.84294,4.6659,3.40932,2.19456,4.54853,4.35134,2.31133
6.14664,4.54929,4.66695,3.09189,3.94959,4.09653,5.3465,3.149,2.87258,4.2519
3.98977,4.20485,5.45968,2.47406,5.82451,2.95124,5.21694,3.41876,5.05091,4.58845
4.47792,4.50133,3.81991,3.54668,2.55018,4.10149,4.75737,4.20368,2.17649,5.16235
5.75921,3.01683,4.17535,4.3494,5.33939,4.4926,4.90306,3.9498,3.84953,4.03333
4.91231,5.58827,3.64018,5.12264,1.3254,5.46457,2.62987,4.57909,2.68087,4.83813
4.2494,3.40515,4.23512,2.48982,3.7843,4.54813,4.49398,4.96747,3.74617,2.33586
3.44595,3.60674,4.89947,2.83785,4.69716,4.72873,3.52169,2.94302,4.75213,2.18777
3.15914,3.72378,4.28791,4.59474,5.67738,2.73567,4.07147,4.57253,3.65612,4.16974
5.9444,2.92838,3.5334,5.21542,5.27166,3.68209,4.77807,3.84002,3.1175,4.00879
3.4342,5.09304,3.79502,2.92519,3.63017,6.95675,3.93769,4.27379,6.50689,3.86581
1.99905,3.35835,2.75585,3.69809,4.8159,4.47988,4.12113,5.06827,3.09233,3.78265
2.13849,4.33027,3.77886,4.51805,3.56416,4.65006,2.39726,4.75624,4.04533,4.12432
5.3488,5.06048,4.90256,3.89684,3.07183,3.15816,3.3181,3.57138,3.08085,5.38402
3.15059,2.15573,3.69037,4.77804,3.37009,3.84434,4.34377,3.81959,4.85174,4.99501
2.68139,3.16214,4.28994,2.57994,6.04025,2.02686,4.96184,5.53602,2.97381,4.84361
3.99726,4.40799,6.04454,2.57735,3.99585,1.78039,2.23074,4.04326,5.12208,2.76365
5.47906,2.68917,3.42576,5.24863,3.35294,3.50176,3.4997,3.23124,3.75114,4.37924
4.36836,4.00577,3.89016,4.37662,2.77192,3.46636,4.10829,3.60172,1.60979,4.58388
3.69093,3.84113,5.45729,3.25877,2.86464,5.68249,4.05102,3.1461,4.82527,4.03395
3.32407,4.70405,4.78002,3.56724,3.71542,3.23996,4.24879,3.19745,4.00003,4.42182
2.02619,5.45448,3.72176,2.92265,3.47288,5.56888,4.14619,2.78468,4.37483,3.58604
6.60761,2.90616,5.24952,3.31104,4.37501,5.40662,4.12986,5.76874,4.46642,5.42944
3.23082,4.95601,4.29168,4.15519,3.586,4.67967,3.8921,2.24744,5.15936,3.19292
4.55456,3.23208,2.28944,4.64375,3.29571,3.3859,3.78969,4.91627,5.43577,4.21777
2.86913,3.5743,3.97811,6.11091,3.9781,3.44896,3.60107,3.59284,2.68967,4.79674
2.60372,3.38525,4.40359,5.28936,5.25339,5.57225,4.44457,3.80408,3.11687,4.50851
4.82703,4.99775,4.14305,3.48004,2.40807,6.26029,5.49316,3.11828,2.4746,5.08337
2.99341,4.60017,5.07687,4.92598,2.36241,5.00333,3.69179,3.77586,3.54132,1.70354
3.99344,4.28826,4.66174,2.59621,4.57562,3.58401,4.75802,4.26069,3.7013,5.70273
4.13514,2.13642,6.1359,3.41398,4.40284,4.13735,3.65068,4.51081,5.11462,4.68643
5.69704,3.61664,4.05123,4.22674,2.75386,4.31646,2.67993,5.10971,3.38293,3.87579
3.00497,4.85284,5.53982,4.97946,4.16163,5.42353,3.51145,4.90459,4.44658,3.04039
2.56521,3.74563,3.86893,4.53772,3.43725,3.5909,2.39757,4.5205,3.08374,3.66638
4.21237,4.37231,3.77663,3.13485,3.37006,4.93733,4.71094,2.93858,4.23485,3.9668
4.82641,3.54171,4.42808,2.77715,4.79783,4.1611,3.68683,5.58753,3.18505,2.43464
4.58394,4.07494,4.25357,5.09569,3.03621,3.04027,4.21701,3.96699,5.04199,4.56527
2.47877,3.68617,2.77543,3.59927,3.93786,4.95799,2.74188,3.13507,4.88835,2.84577
2.85645,4.31434,3.74944,3.11617,4.37236,5.51116,5.28538,6.16834,3.47866,5.37323
3.49184,3.62533,4.07444,4.23185,3.14971,2.5493,3.18779,3.60612,4.23425,4.41669
3.22978,4.1033,2.74998,4.18658,2.02477,4.67762,4.08337,4.59283,5.41202,4.10215
3.61677,2.86895,4.77544,4.31378,2.45845,3.24258,3.44541,4.56321,4.68187,4.01211
2.36844,2.9197,3.4151,3.41725,2.30344,3.19391,5.83359,4.12036,4.01213,5.68065
5.1078,2.53825,3.98952,5.06117,4.89513,4.17193,6.04735,3.69719,3.99551,4.25604
3.33098,4.30403,4.67192,1.84986,3.11463,2.22945,4.38802,4.7583,3.77677,4.30669
2.50512,3.9809,3.73642,3.51797,3.22361,4.30291,5.25709,1.62708,3.75263,3.70705
2.41731,4.42852,3.43856,4.68684,4.17486,4.43378,3.75889,3.8591,2.9326,3.38033
3.52686,4.85557,3.72573,3.57549,4.38244,3.64024,3.95411,4.85804,4.8796,3.87857
6.1591,2.22771,2.74638,3.49645,1.67599,4.92149,2.67432,2.22843,4.16321,3.41193
5.68512,2.44034,2.53487,4.67836,3.94105,3.78834,4.65589,3.43904,4.24195,4.5617
5.16643,3.75584,5.48151,3.85334,4.66008,2.4892,2.82238,2.81591,4.78623,4.40665
4.33771,5.19435,2.86721,3.82676,1.8074,4.69247,5.20326,2.27721,3.06028,4.47607
4.56146,3.22854,3.53099,3.29668,6.2583,5.09317,3.20208,2.89815,5.0198,4.06545
5.59941,3.28857,3.24446,5.62401,3.23704,3.5637,4.13919,3.31271,3.55829,1.9617
1.96264,3.68084,4.65326,4.10784,4.88901,2.12785,3.41231,3.50911,4.26975,3.79413
5.1158,3.77912,2.4742,4.54726,4.62381,3.98011,3.7946,2.11799,5.43179,3.93307
2.32348,3.81589,3.34394,4.81647,4.22994,4.93267,5.86156,2.78406,3.20903,3.6539
5.53041,4.12979,3.67528,2.48965,3.89503,5.15401,3.27228,3.40191,3.78804,1.43421
3.08808,2.41568,2.72442,4.82214,4.46777,3.85675,1.606,3.96494,2.53826,2.38218
2.49987,4.17495,2.77331,3.44555,3.05843,3.71092,5.08477,4.16452,1.71675,4.02684
3.80193,4.64645,3.29938,4.82193,3.48034,4.37595,5.55286,3.82563,2.9756,5.48931
4.70416,3.64858,2.24993,2.95265,3.52199,4.22976,3.81224,5.40873,4.1934,4.34119
4.45145,4.96818,5.96047,4.30782,3.16381,3.51826,4.83679,5.26751,4.47235,4.40581
3.79525,3.2957,5.32598,4.6269,5.47764,4.29613,5.00554,5.03068,4.73796,2.83548
3.44809,3.75767,4.3423,3.33445,4.28885,4.88602,1.96118,4.60529,3.85834,4.5674
2.92814,2.84245,3.28485,5.00516,3.91617,4.38173,3.83476,2.29208,4.50698,4.78802
4.79659,3.07086,4.05578,4.19877,3.85304,3.36456,4.71071,2.92922,4.13431,3.38151
2.43622,4.4899,4.3714,3.77087,3.73971,3.62691,3.43283,3.44257,5.01565,3.97528
5.37285,2.88729,4.95304,3.29629,4.06386,3.51139,3.0756,3.89756,3.23667,5.25337
4.22617,4.67685,3.98361,3.5153,7.71509,3.74983,5.10742,5.0926,5.32259,3.54856
4.00637,4.49018,3.77901,2.90265,3.71884,4.17937,3.90894,4.10932,2.49159,3.552
3.10122,3.20633,2.79241,3.48732,5.38588,4.03471,3.52754,3.71439,5.7673,2.34128
3.2137,5.85668,1.51069,1.63129,3.46616,3.57977,4.92,3.51057,4.59591,2.74636
4.84718,4.49472,5.41578,3.80729,4.38553,4.18955,4.85257,4.54208,4.33359,3.71173
3.76649,6.03827,3.69215,4.33245,3.76571,4.3666,4.86027,4.31402,3.01097,3.8125
2.97061,5.28707,1.5008,3.16587,3.56306,3.72919,5.86488,3.95807,4.07021,3.34439
3.55359,2.4235,3.54888,2.47558,2.89783,3.75378,4.28636,4.9415,6.05038,3.73094
5.10302,3.81584,5.37957,3.88378,2.97715,4.04291,4.03679,5.03705,3.94764,3.16784
4.04479,4.32532,4.50069,5.28677,2.79347,2.21055,4.2208,5.16057,4.84351,6.9871
3.94886,5.6477,4.18827,4.81828,4.19389,3.10136,3.91262,2.70456,6.40045,4.02392
3.75414,3.9311,3.35883,5.24947,1.4616,3.22836,4.54955,3.09031,4.82687,3.90604
3.77817,5.83596,4.44384,2.63756,5.87295,5.27468,3.21489,2.80506,4.20623,3.77195
4.03524,5.06957,4.67142,3.51022,3.7577,3.72696,4.01847,3.37346,3.89261,2.77146
2.67395,3.93308,4.68649,5.19872,3.08327,2.94041,3.85061,1.79207,4.43423,5.07473
5.6309,2.22027,4.01689,3.88543,3.12329,3.33241,2.43519,5.22012,1.45124,4.86217
3.47516,3.46452,4.05832,6.45659,3.24674,4.61579,4.6466,4.68559,3.8099,5.34478
5.1181,3.44541,2.1549,4.18087,5.37279,4.06718,2.60202,4.25068,3.56975,3.94895
5.77149,4.1475,2.41827,3.33761,3.76129,5.72861,2.93891,5.09748,4.86799,2.728
3.48333,4.39211,3.28432,4.25061,2.85337,3.72595,4.47879,4.74349,4.48213,3.36813
2.86349,4.10124,4.27092,3.6516,3.06085,3.02371,3.29795,3.22654,4.44803,3.04608
3.53261,5.83687,4.39632,5.57015,3.38902,2.91878,4.46222,4.12352,3.24433,6.66389
3.06925,3.75614,3.34909,3.38535,2.3256,5.41861,5.50558,4.08006,2.20829,5.11756
4.50911,4.22218,4.18517,4.19123,4.57415,3.73424,2.51816,3.70957,4.11672,3.72397
1.75952,1.62216,4.36676,4.06257,2.42922,5.07576,4.30385,3.43464,4.71902,4.10325
3.36865,5.77283,3.90398,4.42424,4.55492,4.46683,4.87923,4.0687,3.26644,5.05942
3.05561,4.82586,3.28162,3.91113,3.38793,3.89645,2.77603,3.13689,2.99455,3.3933
