10
3.0384,3.85772,4.41372,4.18474,3.05932,3.57806,4.11902,4.97009,2.6494,5.05594
5.12863,6.06047,4.45734,5.35339,1.78529,3.93083,3.15546,4.85259,5.23247,3.43605
2.54292,3.34065,4.48887,3.51238,3.82664,3.07536,3.3118,3.20855,3.04854,4.27581
4.24548,3.99879,4.45353,3.44029,5.76908,4.11683,3.20003,4.47102,3.96146,3.65246
2.98469,3.30848,4.51005,2.56853,5.04383,2.17867,2.86142,2.99548,4.17015,3.50715
5.63182,4.0936,5.14705,3.65594,3.72519,3.55226,4.49634,3.64805,3.44036,5.85737
5.02446,2.14216,2.73854,3.0947,2.41199,5.50095,2.55224,3.17193,3.14734,3.63546
4.28697,3.50982,4.62197,3.90295,2.13762,5.88293,5.84201,4.10488,4.35039,1.61893
3.46402,3.98351,3.95509,2.92702,6.17556,3.63567,3.44975,3.35739,3.25042,4.3034
4.24571,2.52153,3.18148,3.63383,5.15079,3.8444,6.61251,3.85448,6.04998,1.97453
3.66759,3.08828,4.19407,3.95,1.53095,4.00073,5.04187,3.04577,3.09528,5.90092
5.15386,3.75761,4.26853,4.33666,3.08673,3.70033,2.41699,4.52948,3.36804,3.00026
3.81845,5.39413,4.67017,4.30015,3.96318,3.69209,3.44896,3.89253,5.43294,4.25888
3.52679,4.36035,4.43858,3.99842,3.05282,2.98538,2.99855,2.86056,4.47099,5.19708
2.98067,3.67517,4.69283,4.15063,2.96326,5.90338,5.60287,3.8573,5.81697,3.71409
5.08799,5.45575,2.80294,1.74989,3.97606,2.85544,3.95492,2.76323,3.38909,4.7488
3.80815,2.87865,3.35876,4.42829,1.55348,3.47241,4.18672,4.95637,3.52884,4.3846
3.63291,5.08665,4.94447,3.36864,5.01803,3.88999,5.21876,3.28974,2.33514,3.34942
3.36577,3.9116,1.82676,4.5751,4.16718,4.99079,3.29413,5.24888,5.61884,4.12708
5.96163,5.0278,4.48402,5.54976,4.43284,3.59524,2.90593,5.34767,3.57158,4.94467
4.04249,2.43553,2.45018,4.35074,5.14917,3.51732,5.05695,5.33997,5.158,5.95529
4.11227,3.34346,2.78737,4.44506,4.68016,3.2326,4.64124,4.64929,4.59159,3.9395
3.98877,4.12667,4.08369,3.47455,4.23456,3.52412,3.35513,2.96518,5.01092,4.89806
3.67463,3.8901,4.71433,4.91047,3.2151,5.39984,3.4102,3.8867,4.28468,4.66614
4.27673,3.87129,4.00667,5.37173,6.38969,3.96488,4.78871,2.93526,4.09333,3.07755
4.24669,3.97021,6.40575,4.20976,3.9366,5.70319,2.98301,5.95239,3.24109,3.56587
2.54966,4.3507,4.13808,4.6332,4.28884,3.28711,4.78152,3.10113,4.84386,5.56777
3.72161,4.97532,3.92963,3.94046,5.92255,5.08872,4.27107,3.57342,3.57332,2.93294
4.36222,2.99175,4.88586,3.68228,4.53433,4.03196,4.6963,6.11223,2.94505,5.6484
3.96288,3.99763,4.59963,4.57064,4.55723,5.61451,4.58426,5.34269,6.40659,4.63482
4.87969,5.00023,4.24072,3.62678,5.66302,5.05049,2.25944,3.32499,5.58801,2.67316
4.85465,4.12984,3.14903,4.97731,3.50094,3.60832,5.43065,2.96687,4.13403,3.47354
5.09912,4.12545,2.88405,4.70126,5.35569,3.76947,3.57097,6.72796,4.13997,4.77022
4.15674,5.21509,2.26024,5.24927,3.72033,3.70391,5.27949,5.21588,4.04214,4.39378
3.15608,3.05361,4.73729,2.16525,4.79508,5.14234,3.53866,3.85557,4.06351,4.25393
3.22652,3.68626,3.26858,2.84967,3.47451,3.65774,3.93192,3.85542,5.22577,4.23291
4.21517,3.0181,3.17714,3.02998,3.77567,3.9647,4.57313,4.69775,1.76583,2.00513
4.05076,2.26771,5.27433,4.19977,4.21945,4.12351,3.57942,6.24256,3.11583,5.47109
4.39494,5.47905,4.7572,4.84309,3.31836,3.54914,3.31196,4.43453,3.78985,3.78349
5.55451,3.9574,3.84452,4.45538,5.71144,1.69155,5.15541,5.08346,3.41935,3.19084
4.16169,3.47898,3.70789,5.10056,3.98794,3.41709,2.89097,3.60293,4.81054,3.20755
3.71665,6.2199,4.22967,3.72136,3.20918,5.06259,4.42587,5.29655,4.86883,1.75638
2.56234,3.74824,5.11403,2.34483,4.15597,3.55309,5.44654,4.32689,4.3087,4.81893
3.27121,4.82579,5.00564,3.76039,2.56559,2.90968,4.27212,4.5931,4.61424,5.08452
3.15446,4.006,4.63887,3.62203,3.88428,3.67872,4.42342,4.5806,4.32517,6.01924
3.46028,5.2764,3.51358,3.57363,4.26941,3.45172,5.19837,4.47647,5.73555,4.23792
2.31788,5.72159,4.49368,4.88293,4.60469,3.70156,3.83981,3.96734,5.65767,5.66402
2.71314,1.9182,4.35669,4.56253,3.52926,4.83458,5.24423,2.92062,5.50547,4.58199
3.81806,3.00263,4.16136,3.59332,2.34566,3.04641,3.13531,2.63014,2.33682,3.23591
4.01369,4.94302,5.06135,3.37414,5.41628,3.20298,3.99088,3.82073,1.89946,5.45292
5.68718,3.66722,4.36622,4.57978,3.38974,4.32587,3.57407,6.06918,5.24653,4.06954
4.21852,4.98545,4.00192,1.74689,4.55949,4.36623,3.22311,4.8363,2.76296,4.20986
2.87894,4.88659,3.95163,3.17431,4.13044,4.84093,4.97277,3.30525,4.59162,3.40246
3.81434,5.10952,2.04002,3.73845,3.2325,2.9886,4.71908,4.57423,2.67324,3.3676
4.56601,2.71901,3.68999,4.98111,3.87904,4.95347,4.09684,3.31148,2.08087,3.92252
7.06755,4.58505,4.87372,4.35145,3.78049,6.51611,2.12614,4.61103,3.29225,3.91776
3.97421,3.90757,4.64515,2.78891,3.84082,2.37115,4.90379,3.67452,5.23901,5.33174
3.44553,2.87869,4.22625,3.44448,3.94644,4.7765,5.59733,5.74055,4.13452,4.41616
5.51536,4.83238,3.51855,4.16659,4.71377,2.32329,4.12982,4.57974,3.89705,3.16622
3.58373,3.53208,3.72305,2.97804,3.26065,2.38245,3.05386,3.09099,2.79023,3.96611
4.11948,5.27377,1.87558,3.67709,2.78343,4.42257,2.64237,4.17237,3.1054,2.77083
1.9907,5.28001,5.00749,5.47965,3.16638,5.3269,1.96688,2.84972,6.39959,4.5948
4.89814,3.63018,4.1876,4.50774,2.28397,5.97122,5.8755,2.42443,2.21431,4.51443
4.01068,3.12099,3.50674,4.44592,3.21523,3.77752,3.93378,3.63721,6.65882,3.93455
5.18667,3.45396,3.97125,5.05442,3.81898,5.2488,3.64057,1.86377,4.87455,4.03317
2.60494,3.33803,4.67189,3.52371,2.58794,4.87703,4.80986,4.56501,3.94125,3.99415
3.13585,1.45443,5.37306,4.49803,3.64285,3.18727,3.75964,2.21122,3.04537,5.40354
3.73149,3.9229,5.43522,5.22357,4.50205,5.60947,2.15699,3.33061,4.0937,5.26078
4.71299,4.41544,4.98128,1.83083,3.89677,1.87088,2.37056,2.88209,2.09154,4.47837
6.09611,2.68112,3.6532,3.69859,2.69932,4.18984,5.01666,2.46312,3.87719,3.04919
3.63247,2.44317,3.32963,2.24879,2.75867,2.72784,5.21272,4.31896,3.83104,5.29585
3.45861,4.55145,4.53002,3.83901,4.09071,4.45479,5.03694,2.72751,3.8678,3.304
4.05327,3.05495,3.39068,4.73616,3.41242,4.21362,3.77884,2.05371,3.10525,3.08012
3.34261,5.90475,3.49408,4.25048,4.79721,2.4401,4.01428,4.60407,4.56874,4.61689
4.74064,2.74322,5.39403,4.30527,4.04491,3.16882,4.51475,3.78911,4.24215,5.40591
5.45695,4.51929,3.72081,5.56239,4.31664,5.70388,2.69307,2.74773,3.51969,3.98528
3.8596,3.60095,2.42711,2.86504,4.41788,2.1889,4.11753,3.13811,4.31995,5.54636
2.97206,4.95539,4.24025,3.6324,5.63673,3.71782,5.61957,3.3101,3.68591,2.70363
4.26575,3.32041,3.57317,4.50213,4.78627,2.67137,3.56658,2.63848,4.22075,3.4519
2.40885,3.79976,5.00558,4.47353,3.97947,3.26822,4.09964,5.33422,3.92269,4.06767
2.83279,4.26554,4.56999,4.48158,4.99955,3.84608,3.6906,3.85791,1.90251,3.26074
4.77882,6.42988,4.02786,3.19566,4.24438,3.90343,4.06651,3.11499,2.69103,3.87676
4.92099,6.29039,3.62785,4.2483,3.38639,4.23176,5.22728,1.87207,5.01871,4.29999
5.33429,5.01108,2.82049,4.39642,3.74498,2.89526,2.87166,4.88438,3.14115,4.96117
3.93155,4.14186,5.64076,1.88301,5.61956,3.13913,4.25942,4.72156,5.11932,1.98257
5.08924,3.43253,3.61002,4.78018,4.09514,4.27894,6.00872,2.36831,3.9355,6.06757
5.08737,2.87984,4.56552,4.48657,3.30993,5.32609,5.19426,5.61908,1.08738,3.78679
4.09959,5.26361,3.89382,2.79364,5.05235,4.31013,1.49777,3.10025,3.79437,2.27303
4.28572,4.45023,3.16096,3.28614,3.91455,4.56359,4.08448,3.43412,4.91518,3.29103
4.31192,5.24084,3.18362,5.3252,4.7104,5.28528,4.36863,5.13765,3.46795,3.84612
3.80846,5.62504,5.20435,4.02782,5.29817,3.54084,4.55766,4.17397,2.88097,6.14267
4.9492,7.06534,4.5753,3.93067,2.79357,1.59852,4.92364,3.37011,2.90095,4.93011
5.93266,4.31762,2.85065,5.17584,5.19264,4.69193,4.7851,2.24554,6.26648,3.84771
6.40166,2.26071,4.39871,5.95003,3.92457,3.83243,4.69276,3.76186,5.43428,4.83817
3.79514,4.63413,3.17732,5.50756,3.70871,4.14737,4.96982,5.38335,3.40672,5.10441
3.50589,4.62848,4.30312,4.12399,4.86845,4.13337,5.84862,3.89808,3.67915,4.22238
3.3292,3.41585,5.43726,4.10644,4.90763,4.67872,2.23863,5.05,5.32613,4.92147
2.664,3.52529,2.89327,4.25436,4.76908,3.96435,6.00371,5.06703,2.00187,4.26532
5.20717,2.49483,2.00725,3.97591,3.57206,5.09874,4.15578,4.57639,4.54857,2.56011
4.33157,3.42013,4.71377,5.62753,2.85169,4.00813,2.59515,4.20382,5.08329,3.60562
4.82554,3.83417,3.62498,1.45176,3.04409,4.62163,5.07204,2.70329,4.78495,3.31884
3.41788,2.90826,2.51433,5.50991,2.84608,4.79777,4.11043,3.60013,3.32442,4.57464
5.69653,5.96405,4.01458,3.40325,2.89473,2.44938,3.82133,2.09845,3.46491,3.41625
4.85131,4.10831,2.96953,4.26493,3.14641,3.50651,3.60271,3.55152,3.46145,4.4888
4.02187,4.34774,3.7535,3.27215,2.9607,4.40197,4.71643,5.62515,4.18999,4.47771
4.47297,1.72534,4.31482,2.98704,2.57231,2.57509,2.29283,3.45616,3.29419,4.60612
4.79704,4.35372,4.47397,4.14696,3.70243,3.28566,6.22291,1.67256,4.1386,3.18364
4.40079,4.68409,4.09278,3.82498,5.31321,4.42698,2.84731,4.13641,5.55311,3.88558
5.38309,5.36029,2.60755,2.43179,2.44745,1.9994,4.41759,2.37167,4.0816,5.68808
2.73873,2.87165,4.38573,5.71456,3.28008,5.05651,3.23385,3.32219,4.19367,2.9764
4.43805,4.93928,4.57281,3.79895,3.05592,4.73596,3.03871,3.94232,3.2751,4.39358
4.56656,3.5825,4.30909,5.29191,4.45585,3.22348,4.95839,3.31711,2.79079,4.14934
4.35809,3.52507,6.51402,4.55109,3.89774,5.10975,5.93861,4.75944,3.44788,5.00865
3.80867,4.28142,2.49333,4.4989,3.54556,5.98221,5.37108,3.03915,3.87485,2.29388
2.55496,2.78497,5.14393,4.44114,5.52501,3.51579,3.37737,4.95465,5.36586,3.57479
3.11246,3.74028,4.00359,2.22901,4.51121,4.16293,3.80441,3.75628,2.8064,2.884
2.64553,3.36117,4.59525,4.30425,3.2153,3.91397,4.81331,4.902,3.88751,3.11576
5.34524,3.85738,4.44082,4.31245,3.90443,5.03369,4.56077,4.94666,3.99915,2.30156
3.89558,3.02632,4.76131,5.49735,2.75282,2.98711,4.95981,3.08114,2.70011,4.01987
3.57165,3.77926,6.17382,5.64785,1.44752,2.43236,3.37672,2.67113,5.62481,3.82254
2.3252,4.09327,3.89181,4.48198,5.27835,3.51071,4.22081,5.49649,5.54541,4.68784
1.27995,5.12639,5.11223,5.03532,5.78263,5.74533,5.0734,2.91587,3.8464,4.3074
5.16753,3.55068,3.69728,4.07814,4.81222,2.26997,3.28682,3.93969,4.99942,2.34914
4.70876,3.2404,4.28031,4.5725,1.34198,5.50757,6.0838,3.82869,2.91952,3.539
4.03834,4.94973,4.36352,4.39952,4.60243,4.10309,4.40097,1.83916,4.0498,3.73749
5.24755,3.39346,3.05621,4.20923,3.55971,3.604,4.58833,2.77633,3.47189,4.39141
3.40455,4.1001,5.38957,2.13049,3.21611,4.10189,3.56339,4.13606,3.74286,5.42754
4.86952,4.16068,3.90043,3.01754,6.14979,3.10943,3.7281,3.28092,4.35629,2.64482
3.86906,2.33812,2.52178,5.36216,4.09171,3.10504,4.73899,3.70177,5.57604,4.3634
3.41093,4.25423,3.9634,4.01356,3.08882,3.21663,3.62886,4.11805,4.71889,5.0611
5.11546,5.72175,4.12927,6.5314,2.23145,5.88522,2.39448,2.8018,4.13228,5.17835
3.5107,3.78049,3.65022,2.9858,3.73241,3.53607,5.40265,4.86419,3.41917,4.84444
3.95713,4.34439,3.27463,3.37977,5.56593,6.2991,6.13771,3.75253,2.31141,3.75135
4.91332,2.98456,4.03595,4.53441,4.08543,2.5803,3.83604,3.98052,5.17342,5.37747
4.17564,3.21308,4.33749,6.01148,3.01922,4.93128,3.94597,6.27622,3.55856,4.56251
4.95767,4.39847,2.97326,2.75244,4.27413,5.12843,4.99488,4.94772,3.30524,5.3112
5.04644,5.70452,5.24381,4.05235,4.58004,1.5726,3.89749,5.18853,3.78615,3.76571
3.41037,2.84031,2.87255,4.20777,2.60106,3.51763,3.73585,3.8757,2.19353,2.85332
4.31882,5.64406,3.75198,2.10049,3.75141,3.37725,4.17511,4.26895,4.32667,5.23943
3.5317,4.00472,3.26456,4.24574,3.97933,3.33546,3.45903,3.10899,4.40533,4.94021
4.44989,4.87146,3.68833,2.23666,2.48013,3.82866,4.21072,6.35616,3.81538,3.82698
5.33871,4.0537,4.33942,4.00114,4.36114,5.41042,3.44862,4.01087,3.18313,4.05986
2.8632,2.53459,4.05712,2.16173,2.54924,4.68749,3.16183,4.04163,2.90125,2.21794
3.36661,3.64533,5.85949,3.59979,3.19563,2.94024,3.38625,3.98932,3.68238,2.88903
2.5487,3.19339,4.06273,3.37605,3.00621,3.54627,6.47887,3.76936,4.13243,4.93766
2.31894,3.97254,4.04418,4.33426,3.56926,3.27518,3.37612,1.55207,3.8167,3.25696
3.09048,5.52593,4.23879,4.67501,5.60739,2.96045,3.23242,3.28369,5.34582,3.37256
3.21377,3.04947,3.81189,5.42212,4.09623,4.70778,6.45838,4.79425,4.24367,4.33953
5.22003,4.60494,3.5507,2.55271,4.12285,4.02461,5.07948,2.99131,3.29758,2.82068
3.72904,3.05303,3.79257,4.02317,5.15837,3.96584,5.22555,4.03263,3.77685,2.95024
3.96669,3.14563,1.67821,4.75505,2.40871,2.99618,3.32738,4.39853,5.08473,3.5847
2.79496,2.7122,4.64719,1.73358,5.50041,5.66617,4.27097,4.94753,3.77815,2.81251
4.24958,2.6388,2.50217,4.01131,3.41768,4.10098,4.39529,3.67519,1.70845,3.40656
5.38093,4.13842,2.52656,2.82115,2.5862,4.51512,3.70879,4.35501,4.83782,3.21122
4.00419,3.58521,3.42774,4.09283,5.40789,4.38374,3.47774,2.98235,5.07048,5.73413
4.8409,2.85286,3.96132,2.99974,3.8595,3.48983,3.80199,2.62879,2.67482,3.92959
2.48196,4.65821,2.58551,3.29567,3.6881,2.61601,3.05356,3.99504,3.06069,5.1449
4.07755,4.34365,4.56174,3.82946,2.44039,3.92807,5.01604,2.52589,3.06004,4.14368
5.14398,4.76879,2.59115,3.44593,4.56474,4.14337,3.06824,4.32472,4.4713,3.07549
4.79027,2.97536,2.2891,4.65425,4.36539,3.95086,3.06461,3.35003,5.06357,1.97192
3.62297,4.66094,5.74998,3.96683,5.74572,3.9821,4.52667,5.92786,4.09427,3.52097
2.53693,6.33931,4.2888,4.95807,3.31641,5.17542,4.10766,3.68376,3.69377,3.17554
4.11002,2.50445,3.40515,2.28487,4.87668,3.49335,5.72904,5.30027,3.49609,3.40641
4.16841,3.62325,4.15242,4.68595,4.68208,3.92267,3.66591,3.81962,4.11051,5.18054
3.39415,4.02964,3.98597,5.15664,4.96245,5.64949,3.16735,5.1781,4.76339,2.99626
3.3149,3.58306,2.83762,4.99753,2.91885,3.19841,3.85767,3.16457,4.29788,3.87555
3.96304,4.99011,4.56512,5.2676,4.4758,5.0524,4.35896,2.73775,3.63594,4.28008
6.93357,2.66743,3.51867,3.2751,2.48138,2.90787,3.87891,4.08649,4.35981,2.61103
5.35471,4.40793,5.18785,4.99886,4.27638,3.82065,4.1467,4.98526,4.34678,4.42867
4.84955,3.4965,4.01769,3.97744,2.0701,3.40719,4.35378,4.64865,4.44282,3.54036
3.32919,4.95532,5.88192,4.18406,3.24646,4.81941,2.31507,4.45271,3.65855,3.41941
6.43078,3.05313,5.97356,3.27494,4.11631,5.26036,3.73742,4.23584,2.93146,3.49875
4.20858,3.39458,4.41729,4.55536,3.04769,4.50781,4.64182,5.90201,3.34057,5.10796
3.4109,3.55857,3.269,4.03283,5.55481,3.44511,4.02407,4.42309,5.60454,2.09095
2.65295,3.39174,4.91671,3.68302,3.76162,4.33445,1.58532,2.69472,2.92219,4.38822
3.87221,4.86735,4.83154,4.67339,5.15578,5.99181,1.89366,4.15365,4.40797,2.95349
2.85729,3.503,3.85037,5.96079,3.24262,3.90639,4.85226,4.31851,7.10363,4.41166
4.46717,3.88469,5.34757,4.72307,3.57037,5.69743,2.70143,3.99042,2.75533,2.71363
3.90713,2.70885,3.26732,6.07663,3.59183,3.86924,5.12974,3.4208,4.89683,3.25757
4.29079,3.13102,4.68808,6.0885,3.0248,4.45605,1.2859,4.08452,3.70846,5.00363
4.38087,3.60526,2.95287,4.07979,3.28455,2.51244,3.8999,4.14375,4.88325,4.2988
3.62198,7.97658,5.25585,5.03419,3.99671,4.32167,3.4214,3.96824,5.3019,2.5609
4.10815,3.84943,2.26326,2.98146,4.0948,4.0099,4.10585,5.07275,2.88824,5.46979
4.57565,4.80711,3.25343,3.31666,2.48169,3.19639,3.6687,2.86221,4.1446,3.55964
3.97972,3.43415,2.71297,4.11792,3.63573,5.02563,3.6908,3.28779,4.49311,5.74337
5.17979,2.44876,5.07402,3.46219,3.92495,3.30125,4.41591,4.7153,3.1619,5.55833
4.6259,6.44919,4.13138,5.48272,3.72178,5.08017,3.7335,4.62158,4.20154,2.9722
5.49717,2.37706,4.48508,3.99158,2.70625,3.80767,4.35527,4.28165,2.51095,2.76333
2.94855,6.86099,3.31914,5.43348,2.08326,3.65259,3.813,4.39173,5.07903,5.34862
3.07443,3.30904,5.39502,1.71772,3.53421,5.17139,1.5177,4.71372,5.53448,5.93253
3.64776,3.68865,5.73242,2.56821,4.64233,3.56538,2.78574,2.90476,4.19952,4.37188
4.4236,4.15826,3.79696,2.41238,6.24448,3.13703,4.99489,5.0884,2.91996,5.14707
3.71777,4.38961,3.22835,3.4031,2.62751,2.29368,4.77568,3.92792,4.57355,3.97988
4.82169,3.45582,4.63411,3.51646,4.06845,3.261,4.87171,4.94148,4.23229,3.18136
4.4403,5.42402,3.47077,2.51474,3.93104,3.70735,2.74884,3.51995,4.61398,4.74474
2.55856,4.89269,3.62142,4.98521,4.55605,2.42784,2.80378,3.10614,6.50314,2.84757
3.61784,2.62732,4.85629,3.85664,3.05148,3.75971,4.13378,4.66198,3.57349,4.58217
3.84539,5.22386,3.52625,4.73805,4.54504,5.8726,4.09266,3.89398,4.00689,4.5916
2.79266,3.67687,3.45955,3.74418,4.55472,2.64958,4.29273,4.57995,4.78313,2.543
4.14553,5.17719,5.61477,5.49456,2.59002,3.58471,3.81569,4.74275,2.98741,3.57601
3.28052,5.14466,4.71938,4.94527,2.13812,4.80514,4.02306,5.51541,1.7252,3.68239
4.35563,4.54201,3.49241,1.70989,3.53177,4.70461,3.08605,4.45335,5.19673,3.83427
3.57057,3.84754,4.25518,3.45265,2.35947,3.4802,2.69532,3.1162,4.18379,4.54558
4.34557,4.51798,3.32081,4.35419,4.93284,3.60253,4.07868,4.06241,2.6062,3.95001
5.1185,3.36159,4.67971,4.36553,2.50942,4.5072,6.94701,6.26606,3.71954,4.66679
4.45908,4.87041,5.29708,3.79937,4.13652,3.99753,3.17327,5.8974,3.4683,3.16827
3.90878,3.89229,4.30285,3.84437,3.77608,2.60467,3.14221,2.65434,3.94985,4.6106
4.07457,2.06929,4.31594,5.21992,3.90695,3.87255,3.15742,3.41464,6.29945,2.20404
3.84583,6.44365,2.87424,2.68015,3.86005,4.90713,2.86999,3.87933,5.43602,3.06324
6.00419,5.67499,3.88727,4.50949,3.50439,5.03303,3.69023,3.53769,4.88516,5.63337
3.98278,6.06988,2.77599,5.19601,2.78969,3.43807,3.29464,2.97072,5.62144,4.32298
5.34708,6.59348,6.80517,4.70701,2.57202,4.31027,4.58719,2.81666,6.27651,4.26113
3.66858,4.33315,4.42506,5.18868,3.67275,3.79638,3.23827,2.56006,3.72047,4.15171
3.85712,3.00929,4.4723,3.68646,4.46528,3.2953,2.60981,3.21941,4.30525,4.54632
3.73316,3.59157,5.09286,4.15155,5.02386,4.71951,4.25839,5.42907,2.69835,4.80258
4.79064,2.97905,5.21493,2.2764,2.71265,4.97855,5.07201,3.20146,1.70458,5.14346
3.26704,3.55892,3.46063,4.04441,3.6596,4.48912,5.04405,4.98881,4.68084,5.14661
3.72393,3.88699,3.11202,3.15173,3.61336,2.47513,4.2011,0.958908,4.35009,4.89712
4.34055,4.09747,4.48273,4.40199,4.13123,3.40976,4.64967,3.83535,4.19386,3.78913
3.40726,4.122,5.17824,4.30133,3.49051,2.21165,3.93139,4.85578,4.17054,3.14773
5.27178,2.98746,2.82245,3.47078,2.31707,3.72477,5.25276,3.70621,3.97603,2.96713
4.83282,3.01741,4.66868,5.36846,3.47134,5.15997,4.34506,2.98761,3.36672,5.01838
4.77501,5.27344,2.06875,4.41928,4.40758,5.72376,4.04631,3.84427,4.32098,2.38061
3.74781,3.79335,1.67016,4.78089,4.49905,5.20743,4.48108,4.55016,5.73422,3.79743
3.97353,4.50925,3.17703,6.14145,2.27451,5.70072,4.0727,3.86953,2.47169,2.97727
4.49563,5.19332,4.9651,4.92825,5.50046,4.57855,3.65115,5.68097,4.50562,3.82286
5.03317,4.44345,1.62315,5.63136,4.0737,4.22275,2.74244,4.06231,4.93597,3.3957
3.15977,3.26472,3.8294,3.30118,2.67537,3.01764,2.61241,2.93321,5.83591,5.3217
3.93506,4.79953,3.27735,5.03518,3.39786,4.70837,3.55032,5.81608,4.14421,2.78577
4.72687,5.37744,6.28328,2.43545,4.12076,2.93418,2.68436,3.67843,4.74291,3.89411
4.2431,3.52128,4.74661,3.78206,3.76701,4.54911,5.6092,4.26928,2.05916,4.0323
4.41035,4.15287,5.77976,4.53689,4.79134,2.48751,3.74902,3.6764,2.72295,5.21211
5.24676,4.31341,3.73709,3.21206,3.29353,3.50805,5.2152,3.20832,3.59743,4.52894
2.03965,3.43491,4.50436,4.85184,4.65033,3.24971,3.63149,3.06981,3.18936,3.20955
3.78341,2.28586,3.91637,4.76849,2.68124,4.8597,5.02013,3.03,5.03494,4.67275
4.41404,4.04553,2.01882,5.14376,2.95854,5.24943,3.55091,3.67622,3.68505,5.40535
3.64801,3.91812,3.4992,3.77157,2.72639,3.28023,4.95692,4.2826,0.963824,5.10605
3.23269,4.63144,4.71891,4.72105,2.81826,3.15321,3.03199,3.39545,3.41691,3.23267
3.95359,3.40896,3.85239,3.04444,4.19284,2.02407,4.33732,3.48429,4.52823,3.5333
3.45662,2.3852,3.68662,3.73389,4.47363,4.40272,5.62172,6.24922,3.90654,6.52937
4.80036,1.09781,4.49127,3.24866,3.0905,2.74646,4.54939,4.64512,3.84758,4.18595
3.14712,4.33993,3.86334,2.54299,4.24002,3.96742,4.69396,3.72032,2.1186,4.23113
3.34099,4.72561,3.5338,3.85573,3.12632,2.19846,4.21369,2.45285,3.6226,3.48555
5.23937,3.97849,3.6079,3.8335,3.71948,3.91285,3.17541,3.00506,3.68231,3.84818
3.38887,6.58543,3.68739,3.11564,4.72783,2.43197,5.26557,4.68026,3.97312,4.49061
3.66382,2.46783,3.27909,5.00209,3.01764,4.75831,3.09298,3.09615,4.75061,4.85101
1.9522,2.77034,4.75095,3.63678,4.11938,2.73608,3.73361,3.57443,4.3701,5.24897
6.04792,2.70751,3.63824,4.84095,6.06951,4.625,5.12959,5.9234,4.17553,4.88891
5.7635,3.22484,4.6328,4.77608,3.27965,3.03913,4.93388,5.5246,4.47328,2.7098
3.90135,4.77758,2.55582,4.48093,3.10458,2.99073,3.91908,3.07473,5.81625,3.91667
3.11779,3.66417,4.48213,3.43615,3.38511,4.26581,3.68724,3.61417,4.25435,3.33389
3.85935,3.28855,3.35181,4.17519,2.49599,4.44612,3.66964,3.93726,5.70024,4.53747
4.63142,2.98631,4.33214,3.71984,3.16604,4.58155,4.8512,2.61767,5.25996,3.87567
3.07515,4.44265,4.75903,2.86182,5.35106,3.83453,3.65,3.24196,4.45986,4.11913
4.21696,5.2031,4.83958,5.2795,4.29124,4.2508,5.4546,3.92523,4.49425,2.40338
3.65886,3.02196,3.61534,5.05651,3.48917,4.39292,3.4552,3.54404,2.93846,3.77449
4.20252,3.99981,4.24874,3.00378,2.65381,6.01759,2.91581,3.38215,4.22292,6.01641
4.47938,3.19635,5.37368,3.93295,4.36639,2.39325,4.55893,4.15924,4.19339,5.27687
4.81425,3.00991,3.36671,3.07502,5.26683,4.08004,4.28486,5.23011,2.51339,2.76624
3.06215,1.59624,3.59341,2.94855,3.93827,3.84188,3.83164,5.1055,3.12241,4.21612
3.94731,4.22097,4.42422,2.75183,4.55714,4.8179,5.94814,5.25208,5.12616,3.50137
4.26296,5.44625,2.42883,1.45119,4.66763,3.9875,3.74058,4.95186,3.29875,3.72584
3.86563,5.80373,4.36563,3.74438,3.98489,3.71011,5.70074,4.34222,4.30985,4.66004
4.47504,4.12037,4.53143,4.807,4.68858,4.15863,3.94601,5.63292,4.97089,5.65928
4.24869,3.44258,3.31258,3.51655,3.65162,4.35283,3.06052,3.59213,4.3311,1.84612
5.08504,3.20498,4.73258,5.99919,2.6251,3.96108,4.34535,2.10579,2.42696,4.46772
3.68765,3.50402,4.73426,3.83768,5.17183,4.51251,3.90261,4.29266,2.55639,4.55014
4.91723,4.00398,3.25034,5.88098,3.30148,3.05584,3.76884,3.44568,2.32,5.04742
4.13147,1.90585,5.02306,1.83674,3.12869,3.8023,3.26572,3.99973,4.13779,3.14807
5.04793,4.85706,3.57205,3.16464,4.12504,4.76397,4.06068,3.67717,4.11852,4.80727
3.82239,5.17192,2.37515,4.77552,2.99373,4.39778,3.79884,5.02955,2.91155,5.34711
4.84411,3.67625,3.92102,4.15188,2.37609,4.93243,4.06934,3.08774,2.52899,4.20008
4.27036,4.91627,5.27232,2.54138,3.52807,4.99617,3.57672,2.77938,6.01695,4.27666
2.50926,4.27555,5.48147,3.59731,4.80129,5.26748,3.76792,6.68056,4.31133,2.86529
4.70771,3.94497,4.69994,5.11088,5.42374,3.59508,4.4406,2.50661,3.18318,4.04331
4.85841,3.72499,1.83875,5.2726,6.20581,4.01353,3.31221,3.96188,4.41887,4.94886
3.33175,3.63549,5.56211,5.45964,3.46454,1.57111,2.96707,2.63167,2.81421,4.0331
4.06146,2.49554,2.04664,4.50863,3.85143,3.76265,3.01767,4.62155,3.1015,4.88431
3.62896,4.03098,2.39144,2.89241,4.05993,4.65817,2.85378,3.86369,4.57024,4.25328
6.0718,2.99551,5.4855,3.94322,2.94871,3.11188,3.92956,3.70276,5.93494,5.96964
3.36429,3.98603,3.90495,4.69982,4.42489,4.02424,2.26003,4.78818,3.77305,2.82997
3.66535,4.2082,3.21957,4.10162,3.71178,4.80735,1.14973,5.13389,3.81992,4.35435
4.49913,2.95599,3.64286,3.68078,2.81017,3.03121,3.25073,2.86459,5.12372,3.593
5.52609,3.49893,5.50802,3.8525,5.2018,3.26439,0.836687,1.73193,5.1505,4.69669
4.8244,2.62955,5.30053,2.98112,4.00763,4.81106,3.94881,4.21081,3.65306,5.13415
3.45472,2.60942,4.48567,3.29932,1.32474,5.15107,2.73104,4.89431,1.60945,5.07227
3.74783,3.6833,4.55897,4.42246,3.16316,3.84285,4.04239,2.71933,1.58645,4.401
5.5795,2.52512,4.13068,4.50033,3.8245,4.1867,4.44258,3.68203,3.55396,4.28842
4.91927,4.30006,3.85695,4.19078,3.33781,3.05165,3.34159,4.10272,4.01796,4.46778
5.42742,3.32573,2.81072,4.59911,4.82706,3.17746,5.21719,3.46528,3.24847,3.84926
4.49835,3.80477,1.97167,4.34121,3.29407,4.7804,4.4201,3.3236,4.01754,3.4786
4.78709,3.28201,3.7111,2.69128,4.05368,3.44178,4.19793,4.65053,3.51894,3.45917
3.9794,3.9281,2.74637,4.81312,3.1266,2.13252,4.6648,3.64593,4.01844,2.81305
4.48328,3.1193,3.36425,3.98489,4.26376,4.17118,4.59295,2.75458,3.40124,3.41092
5.50204,3.12819,3.53457,6.49612,4.6277,3.17093,2.41274,3.00565,3.78225,3.94675
3.82203,2.93734,4.67071,4.94149,4.42151,5.37981,3.30267,4.84629,4.14041,5.1525
0.670421,2.58476,4.29704,4.35296,5.0008,4.31936,3.00508,4.19401,4.41143,2.75907
3.42546,3.90975,2.83155,4.17392,4.29047,4.42319,4.03181,5.61936,5.83283,4.63343
1.39793,5.36451,4.45723,5.07218,3.34232,3.83506,3.46714,4.58012,4.5656,5.71525
3.77182,4.72365,2.76409,3.13232,5.7049,4.62265,2.10747,3.53876,4.69532,3.68486
4.13876,3.69014,3.85121,1.54713,4.21149,3.85507,3.16194,4.08684,5.28986,4.40222
3.73547,5.48078,4.07701,3.32289,5.15758,4.45434,5.19022,4.57345,4.48415,3.26422
1.52115,4.50494,2.11165,4.04115,6.39856,4.08169,3.17474,2.74163,5.53701,4.32579
2.29454,3.36357,1.62584,4.79618,3.59826,3.47439,5.15181,4.16694,4.1771,5.51286
5.19271,3.44673,3.53061,2.8774,3.73846,5.2237,2.80716,3.90554,3.25636,4.41474
4.38186,4.71851,2.63476,2.79115,2.80392,4.38394,1.21342,3.94897,4.79976,3.55256
3.98904,3.86573,4.29527,4.60832,3.68259,2.24702,4.01142,5.44635,2.53945,3.16648
5.53228,4.25603,4.54074,4.2434,4.33516,3.68989,3.27408,4.50935,5.97692,4.01707
6.29092,2.91315,4.32319,4.86036,4.33445,5.45288,4.96752,4.24601,4.55477,4.90755
3.76246,5.36148,3.17062,4.81242,4.70903,2.59996,3.8319,4.2423,3.83434,3.62405
4.2837,5.03312,3.89097,3.56705,3.43489,2.07735,2.08245,4.8904,3.35339,2.35111
5.19371,4.37948,3.05098,4.62707,4.19986,3.20774,4.78321,2.85876,3.33324,3.46504
3.44858,3.04037,3.92698,3.10756,4.08901,6.5505,4.15528,3.5763,3.73103,3.83065
5.25792,4.70934,2.25469,2.15764,3.77207,4.06358,2.96152,5.43469,5.40055,2.85802
5.82393,4.83271,3.37053,6.03164,3.05248,3.33806,4.29269,3.15112,3.83931,2.70922
4.21507,4.03752,2.63112,4.06605,4.77046,3.72282,3.44408,5.21552,4.18141,4.21675
4.87818,2.04888,4.30592,4.41077,1.56746,3.27276,4.20285,3.23602,3.66987,3.86776
4.24654,5.2837,4.6151,5.19256,5.28951,5.29535,2.86433,5.00643,3.77012,3.99099
4.49365,1.2903,3.42117,3.97922,3.71058,1.35763,3.98658,3.60188,2.38838,2.58393
4.52543,6.41083,5.2926,4.5762,2.9374,3.77735,2.27306,5.71029,3.32684,3.82369
3.9425,3.90891,3.74943,4.93425,5.91196,5.35267,4.42781,4.05256,3.14878,3.8427
1.56247,1.39668,2.77106,4.30929,4.19925,5.52011,5.24922,2.04905,3.16155,3.39225
3.75981,5.63297,3.69195,5.02595,3.65444,2.58277,4.61513,3.82053,4.8846,2.68681
4.53511,4.153,2.77697,3.33706,3.36822,4.40829,3.61995,4.98805,2.92209,3.73294
2.93212,2.01363,4.27689,3.29763,4.83103,1.74571,4.24645,5.54672,3.81248,5.31029
2.06125,4.91646,3.09573,4.83976,4.20384,4.22009,2.10433,2.3953,4.4297,3.11759
4.25023,3.35132,4.80033,4.07388,4.53049,3.31753,5.3659,5.24422,2.69791,3.09984
4.27799,3.89415,3.83819,3.95311,5.40108,4.74734,5.1528,4.58178,4.81614,3.65028
3.81436,2.76032,4.5851,5.62772,2.74607,5.40997,3.58373,3.15262,3.55754,3.28497
4.60871,5.25513,2.82412,2.5558,2.99393,4.07428,3.77289,5.03932,3.17536,3.68093
4.25413,2.95236,4.84213,4.38337,4.70884,4.1921,4.02607,3.2329,5.18292,2.87043
3.44964,4.72489,5.0854,5.10658,2.75215,3.52725,1.68317,4.27172,3.07461,3.1071
4.57138,3.56137,3.02755,5.40327,2.36731,3.28583,2.91671,3.0752,5.05747,2.95567
2.86111,3.75378,3.95799,4.93166,3.39736,5.62446,5.1227,3.16417,5.28699,7.46125
3.89409,3.56768,3.33977,3.37078,3.9394,3.72398,4.74962,4.34819,3.05019,3.5285
5.2194,3.92367,3.81845,4.6572,3.451,1.93775,4.22401,3.2155,5.14715,4.47934
3.7624,3.05357,4.15773,3.94895,5.50789,4.51599,4.39979,6.33858,4.55039,4.67608
2.56642,4.20201,3.38752,3.08536,4.76495,5.73601,4.21777,4.20459,3.69402,3.01453
3.96051,4.21024,4.8167,2.82013,3.19671,5.08452,4.57249,5.36203,3.55261,4.18443
4.55355,3.39475,3.58683,4.84909,3.72189,5.56964,6.15733,5.5926,4.42514,2.8015
2.80734,4.02263,3.37191,4.48388,3.81964,2.6371,5.27001,5.00596,4.58132,5.65911
4.7826,4.80531,4.19818,3.76927,3.4318,4.60815,3.94449,3.90624,4.06945,4.80505
4.30089,2.45499,3.27792,3.40723,4.41599,2.76622,5.06076,3.47947,3.65491,3.17282
6.59965,1.50041,4.67031,3.41405,2.29144,4.61778,4.82268,2.58163,2.60889,3.8002
6.33891,2.41038,3.54024,2.72747,4.28954,4.01454,3.92264,0.900473,2.64939,3.0723
2.53796,4.17115,2.45328,2.84396,4.63161,5.27989,2.31337,3.73534,3.1366,4.36404
4.04054,4.06464,3.97504,4.17656,3.98235,6.03233,3.22413,3.20031,4.80973,5.59014
4.74387,4.00157,2.7992,5.91785,4.09087,3.97675,3.09793,2.43432,3.31138,5.56456
6.02011,4.16005,4.12463,4.9131,2.97829,3.60876,4.18772,3.65968,4.24725,4.6447
3.52394,5.15485,3.72266,5.30774,3.54999,5.18951,3.27534,3.6378,4.28093,0.922933
3.58441,3.66141,4.65463,5.09579,2.6715,2.76666,5.07771,4.13885,1.97279,3.74408
3.47183,3.67999,4.23634,2.57761,3.86586,3.54346,3.39229,4.32472,3.79664,4.18021
2.86782,4.39663,3.97043,3.16034,2.99399,3.64317,3.90816,5.67439,2.4936,3.30216
5.23179,3.46704,3.77467,4.80453,3.51661,4.26335,3.89393,2.67795,4.2607,3.94911
4.60027,2.41638,1.44432,4.491,4.64366,3.01864,3.7395,3.80613,2.59776,2.78084
3.24034,2.50653,3.20384,4.24253,4.13144,3.44997,3.34922,2.50004,3.47007,3.73345
4.16633,3.2557,5.81612,5.31158,4.52924,5.11392,3.45703,3.69114,4.34997,4.22697
2.68423,3.90064,5.33829,3.80472,3.52319,4.78293,3.39408,2.1966,3.47301,4.41743
4.15841,3.36938,2.48894,4.11492,4.11657,3.02533,4.20636,1.85148,2.24353,3.3353
4.59205,3.64976,2.82845,3.63335,4.95061,6.90563,3.83533,5.08906,6.97823,2.90002
4.70251,4.40137,5.64469,7.13833,3.99785,3.04984,4.80317,4.11422,3.86009,2.95145
3.57818,5.93359,4.8563,4.50765,2.22921,5.46547,3.19277,3.33226,3.99077,3.67378
3.68425,5.22386,5.6009,6.66663,4.01291,3.74784,2.32284,3.28965,3.98584,5.61848
4.01813,4.18599,5.18856,3.70175,4.27433,4.58685,2.86238,3.64719,5.74724,4.37726
3.03088,2.42482,3.43685,2.49651,4.55883,3.41781,4.4762,5.01387,5.74825,3.12314
4.24342,2.36395,4.16693,4.56509,5.1542,3.37064,6.43713,4.29112,5.65394,3.56088
3.2706,3.78133,4.83788,2.84526,3.98974,3.99409,4.92945,4.47577,4.94844,4.23656
3.11129,2.86754,4.46544,3.50349,4.34505,4.35767,3.63966,3.51277,4.51944,4.01916
3.47816,3.08701,3.66959,3.3168,2.22689,5.02055,5.85681,3.00181,3.05025,6.23502
3.11703,4.83869,3.22929,3.10037,4.64261,4.40419,4.09535,4.71197,5.558,2.95471
6.08818,2.32011,3.49065,4.51888,5.87501,3.54161,5.12275,4.93236,4.20081,3.28544
3.96855,4.55357,3.27727,3.06043,1.78617,5.84592,4.63047,4.50362,5.32218,5.25964
3.15417,4.10782,2.32566,5.17688,5.1065,3.92693,1.95326,4.41826,4.39172,2.03982
4.51818,5.79656,2.834,2.30451,4.45573,3.25132,3.30066,3.20948,2.03992,2.17424
4.19031,5.12428,2.92124,3.64863,4.45621,3.99434,4.25215,4.7276,3.95628,3.38284
3.85123,4.35089,3.28623,4.28869,4.09605,4.89554,2.77533,4.16296,5.08451,3.82361
4.98239,4.84077,2.86337,4.31573,2.69238,5.28118,4.9822,5.14903,4.92873,3.09033
2.44607,3.86986,3.43217,4.21158,4.12956,3.36588,3.04949,4.26115,6.39621,3.48499
3.53307,4.32082,5.27246,6.50681,3.6841,3.96341,4.58811,4.27417,3.99806,4.64835
3.42109,2.80897,3.86072,4.60592,5.74765,3.9384,5.29535,3.5874,3.81528,3.05086
5.93853,5.40231,2.56438,2.46917,3.29436,4.21396,3.75751,4.57572,4.81114,4.43362
3.39847,4.09297,4.01274,3.65357,2.45278,2.79315,4.93372,4.68782,4.16722,4.2757
3.21573,4.88692,3.0064,4.48694,4.47355,4.89604,3.1903,3.19011,4.19357,3.78034
3.77121,2.67666,4.6287,3.55492,4.63478,4.32677,2.6217,4.0575,2.03517,3.02166
3.13886,3.73138,2.88444,2.18589,2.86867,5.88129,4.08954,3.3989,5.09547,2.91502
2.90824,6.38455,2.87806,3.52029,5.69271,4.11017,2.72302,2.97253,3.37145,3.03862
2.76023,3.43101,2.9608,4.02282,0.759342,1.87677,5.25789,3.05386,3.63045,3.52254
3.87646,2.63612,3.72472,3.10828,3.56088,5.15392,4.27625,3.59744,5.08948,3.77907
3.34729,3.84317,3.45645,3.78351,4.50616,4.55233,4.29844,2.18714,5.35867,4.1631
4.99457,4.62694,5.43399,4.05705,4.19236,3.81548,4.92417,3.22249,2.64989,6.00713
4.08509,5.33627,3.54866,3.74587,6.51602,5.35704,3.21414,5.2564,3.12399,2.02023
3.99228,3.61996,3.65479,4.78888,4.23913,3.48459,2.29313,3.97865,4.18465,3.26241
4.95539,4.91788,4.59737,3.78983,2.60647,2.41155,4.82845,5.21007,3.74202,3.72955
3.88496,4.38354,6.47136,4.14427,2.53257,5.85382,4.05858,5.07202,3.76534,4.88211
2.89905,3.03379,4.91491,3.95001,2.07824,1.79175,3.31062,4.13558,3.89314,4.59188
4.24409,3.18717,2.85897,4.90654,3.8354,2.13071,2.66481,3.24273,3.44343,3.88574
3.11245,3.31675,3.72321,4.79146,3.62109,5.14333,3.3309,3.23173,3.90816,3.28333
5.22558,5.57136,4.92773,4.52107,3.98345,1.39235,3.45116,3.00297,2.82109,5.8879
4.71457,5.23088,4.2567,3.5314,4.43689,4.27528,3.67139,4.89958,2.49771,3.79989
4.40472,4.42326,5.6248,4.46785,4.55035,3.99328,2.75143,4.93298,5.01558,6.2177
2.87535,4.37868,4.98629,5.93126,3.5472,6.69456,3.59708,4.91231,3.41869,5.1029
2.8018,5.20815,6.59536,1.47508,5.01835,5.78774,3.95291,4.23182,4.01314,2.94458
5.19332,6.07977,2.33684,4.95185,3.89753,2.0562,4.81427,5.75353,3.57642,4.47045
4.13897,2.98702,4.84573,5.39577,5.30224,3.49134,3.38065,3.14731,5.74735,4.63449
3.27596,4.63971,1.7393,5.90731,4.38847,4.23532,5.71057,3.10513,4.82551,2.67527
5.67723,3.33431,1.58947,3.63257,4.98857,3.08543,4.66205,4.22477,3.40546,4.39436
4.92569,4.68744,3.03387,6.99889,4.47706,3.99885,2.74429,5.38493,4.8589,4.6699
5.26641,2.2346,3.89676,2.78792,6.14216,3.80554,5.17836,2.73591,5.98587,3.96489
5.0525,3.35785,4.52442,5.08579,3.81281,4.3507,3.21088,5.53803,3.77889,4.72892
5.484,3.28035,3.9702,5.18203,2.31993,2.77203,4.26034,3.79214,4.47383,4.19986
4.64781,4.91269,5.72912,4.88598,5.19421,4.75501,3.83008,3.2068,3.44024,4.68209
3.56665,6.31844,3.34388,4.56533,2.0911,2.98451,3.81878,3.92555,4.27694,2.67134
4.47537,4.78844,5.30602,4.10549,3.81992,3.25728,6.03968,4.24572,3.18703,4.56708
2.77897,2.07272,5.40767,2.62251,4.55467,5.23993,2.94912,4.77311,4.43437,4.1734
5.5824,5.43663,3.01434,3.28137,2.93024,3.96479,1.96074,3.48316,5.08881,3.18804
2.77114,3.78584,3.64141,5.25767,3.08884,3.70152,4.16261,3.06681,2.55875,2.29032
3.14377,5.35671,4.80848,5.24817,5.88858,5.12775,4.13581,3.79117,3.33425,3.60319
4.72629,2.9095,3.37342,5.28565,3.81216,5.21005,3.64875,3.56394,4.01681,5.87432
4.42759,3.13504,3.81146,5.76026,3.60669,5.08263,3.10191,4.81698,3.20323,3.96168
4.61624,3.83487,3.55484,3.18445,4.36121,4.11588,4.86735,3.93783,3.4569,4.78378
4.03261,2.09093,4.95714,5.39528,4.16632,3.60885,2.9885,4.54878,2.65316,3.88265
3.33981,3.66243,3.60263,2.85366,3.55729,4.02762,4.77263,4.80899,2.55153,3.59237
3.67124,4.00894,4.32914,3.50068,4.39582,2.32776,3.6045,5.48453,5.71549,5.31112
4.8786,3.46853,4.39229,3.00403,4.51278,5.42396,3.32708,5.15778,4.0527,4.81841
3.42852,4.44508,4.13998,2.62534,2.93632,3.78411,3.45636,3.31579,4.47112,3.71869
4.36692,3.16122,3.78197,1.76201,2.95288,5.62772,4.84387,3.76557,3.7828,5.40754
4.5719,3.81109,3.35768,5.21573,6.29197,4.0165,3.39451,4.55187,2.48394,5.76373
1.95975,4.98905,3.61253,3.9997,4.23222,4.55514,3.98241,4.73557,2.8849,5.45656
4.04702,5.76342,2.14028,2.71059,4.50671,4.46314,4.42032,4.91722,3.07743,5.65974
4.39775,4.41076,4.27882,4.12975,2.92531,4.85977,4.15893,4.81541,4.88842,3.91161
3.37224,3.08629,4.69781,4.63234,4.05972,4.65307,2.93103,4.87503,3.91158,4.28827
3.93877,4.72926,2.9028,4.35633,4.46977,4.22595,4.35831,3.34043,3.83035,4.53986
4.65238,3.94594,3.76561,3.42737,4.8006,3.04922,2.63878,5.09537,4.80851,3.36685
5.04537,4.82439,3.43645,3.92383,4.63365,3.53726,2.92669,1.75534,4.44626,3.27629
3.22354,4.3493,6.05747,5.15205,2.64088,3.81616,1.942,4.1574,2.73407,4.12564
4.30027,4.55297,2.78477,5.37888,4.28426,4.70272,4.79826,2.87995,6.11532,2.21109
3.61716,4.37033,3.19844,3.59032,2.46314,2.86612,6.60801,2.11279,3.41381,5.25583
3.1613,4.16332,2.39626,3.92926,3.36794,4.18709,4.07657,4.79914,3.79841,2.79254
5.41138,2.54919,4.91994,3.1008,3.01049,3.42272,3.16901,3.3965,4.84589,2.79792
1.98153,4.32466,3.43137,3.7808,1.85939,3.03288,3.03428,4.02046,3.71972,4.43098
2.42458,3.76338,4.0746,4.85224,4.52068,2.75526,3.4741,1.8923,5.23804,3.71129
4.52852,4.23109,2.4065,4.86946,5.4875,4.51676,3.99562,3.47603,4.46035,3.9785
3.5452,7.02167,4.10319,4.4044,1.71754,3.78799,3.48927,4.26998,4.53321,4.5333
3.35621,3.60785,5.06634,5.5924,3.56634,3.84721,5.43544,1.78265,2.25905,3.92407
3.70529,3.71622,2.78819,3.62964,3.80476,3.03612,2.88427,3.43061,2.84405,4.09746
5.25485,3.25062,3.8221,3.38655,4.416,4.38999,2.92256,3.45202,3.06213,4.68952
3.1727,5.72372,4.52865,3.46938,2.90915,4.28767,3.18514,4.95145,2.67403,5.51077
4.02383,4.37582,4.96925,2.67106,2.92856,4.7411,3.71798,3.85468,4.04312,6.4352
4.71817,4.02507,5.64809,4.90188,4.04782,3.0222,3.61251,3.04719,4.96681,3.22519
3.40207,4.06281,4.51468,4.57669,4.81758,4.46342,5.56794,4.45652,3.47457,3.67751
5.50662,4.73811,5.12738,3.23528,2.81069,4.32538,5.75757,3.79599,5.03815,2.58986
3.67604,4.85472,5.80167,4.98667,4.82404,3.5355,2.9155,3.64484,4.49382,5.36565
4.742,5.23842,4.67796,4.95375,3.44172,7.62522,2.75743,4.63155,3.60607,2.44241
4.38141,4.85316,3.79924,4.50211,4.11513,4.07701,4.59721,3.39503,4.26357,4.06409
5.86246,4.60079,3.98588,2.27428,3.64638,4.66037,5.10239,4.23469,3.53018,4.3651
5.77925,3.35571,5.59916,5.35189,3.70669,5.33659,3.30551,4.85237,4.35184,2.92163
3.88965,3.68937,2.67131,3.33372,3.29017,1.76688,5.42388,2.71563,4.56837,2.39914
4.54247,5.34056,4.34489,3.13428,3.80108,3.21015,4.47364,3.75688,4.80776,3.82664
2.56081,4.89656,5.31341,4.87868,5.65859,3.86168,4.4586,2.48483,2.61006,6.28926
3.62979,3.53993,5.07466,4.35514,4.49469,4.55849,5.68856,5.32295,3.32849,2.16025
4.70249,4.68313,2.96666,1.78842,3.47905,4.25686,4.59279,2.64826,4.34613,4.36192
4.58246,5.43671,2.42413,3.97883,2.66126,3.85061,2.80826,5.66921,5.08915,4.9449
3.52016,7.06153,3.19488,4.295,3.9154,4.15563,5.26019,2.82146,2.29249,4.76655
2.45549,5.40826,3.37633,3.38677,3.01028,4.82297,4.17341,3.44953,3.65866,3.18627
3.15979,5.77679,4.41248,4.22578,3.89366,4.18766,3.81845,3.46734,3.84396,4.52975
4.51479,3.43379,4.93871,2.21747,5.35706,3.44157,4.08545,3.43977,3.2113,4.46508
3.8084,3.62876,4.66202,4.46038,4.22546,4.26273,5.308,2.95401,3.41618,3.88262
3.33538,4.27082,3.86557,2.87714,3.55253,3.92606,4.4584,2.73391,4.5648,4.28042
3.68747,3.71695,4.48851,4.79168,4.80535,1.43249,4.51465,4.33761,4.43465,4.27781
3.3112,3.55155,4.22663,2.76212,2.94898,2.0588,2.96265,3.94939,2.04609,2.39704
4.51549,5.38769,3.74247,3.66251,4.25876,3.07825,3.62016,4.6393,2.69402,4.152
4.85897,5.65006,4.02379,3.04462,4.9286,3.03724,5.50055,4.28853,4.23007,3.29598
2.11214,2.30513,3.62958,4.67342,5.2477,3.12499,4.58628,5.75522,3.15187,4.36175
5.38515,3.34455,3.41271,5.15112,5.63139,4.72098,5.45519,2.00897,3.20534,3.01682
2.32227,4.8732,4.14855,4.70847,2.5454,4.87518,5.81352,4.55315,3.9336,4.27122
4.59263,4.00481,5.87709,3.86401,3.56368,6.17006,1.76806,3.98286,3.94191,3.07257
4.08816,5.2288,4.52716,4.32176,4.83629,4.21505,2.32049,3.15774,4.24696,3.17208
5.01682,4.03038,3.39949,5.22282,3.60606,3.00144,3.53645,5.66773,5.28087,4.78364
5.86458,3.4289,3.74426,4.6077,3.68632,5.14915,4.1825,3.44829,4.07857,2.07757
3.80881,3.51218,3.83656,2.75928,4.46301,3.23985,2.76236,4.64913,4.13589,5.51128
5.34232,3.0645,5.03879,3.34916,4.69339,3.53149,3.37132,3.95865,5.95457,2.2067
3.11472,4.40077,4.5601,5.70012,4.14243,2.87826,4.54792,3.46979,5.71933,2.77829
3.9631,5.63407,3.13284,5.77019,3.74666,3.61284,3.70553,4.0067,3.37936,3.34032
4.37949,3.8653,5.10831,3.3537,5.05366,4.49839,4.0994,4.34835,3.49455,2.9093
4.20555,4.23217,3.42104,4.95807,3.2014,2.31546,5.04673,2.5246,5.02066,4.29649
3.8252,3.0867,2.51551,4.6442,2.42891,3.23613,3.42616,3.28221,1.82148,4.52855
3.54622,3.49378,2.66737,3.77647,1.90558,4.53519,4.2388,5.78009,3.89202,4.92335
3.73259,4.66088,3.29581,5.5585,3.74703,5.33944,3.72046,3.3602,3.98325,4.19131
2.16517,3.00555,1.01773,3.37183,3.86847,6.14916,3.33023,3.70931,3.62991,2.9155
3.92346,3.17317,3.97822,5.84556,5.76086,3.80423,4.64486,3.5571,5.13582,2.32627
4.21075,2.01148,2.95542,3.91473,5.45545,4.02392,3.38627,5.47464,1.42069,3.83504
3.65814,5.07598,4.54856,4.27931,4.16839,4.58775,1.79776,4.64254,3.57346,4.82693
3.07519,5.04606,4.80882,3.52803,3.31412,3.24832,3.66645,3.7337,4.04053,3.5812
3.44534,2.29167,4.12746,5.08583,2.89457,4.17948,3.58194,3.29653,1.96722,2.73231
2.12523,3.22785,3.25752,3.64682,4.72654,4.46892,4.12436,3.35429,2.7138,3.10017
3.30456,3.58459,5.50359,5.31978,3.77056,5.42652,4.55943,2.52948,3.69487,2.55822
4.60623,3.40446,4.02188,2.88396,2.021,3.8896,2.0127,5.69895,2.56276,3.82807
3.92171,4.85793,4.74487,3.8726,3.66819,3.98739,4.03883,2.76485,3.50092,5.94803
3.04897,5.28661,4.57594,6.31698,3.63267,3.91218,3.57174,3.99654,4.56358,3.60793
6.1467,2.69649,4.44384,2.15985,5.40339,3.41854,4.72983,1.7787,2.26554,5.05536
5.25065,4.0888,4.8664,4.87864,4.86032,6.39047,3.92021,5.82413,2.87431,4.90939
4.95809,3.55797,2.81783,4.45405,3.99538,5.47113,4.01697,2.17755,5.06167,3.82565
3.42375,6.82043,5.63146,4.47857,3.50751,3.66412,3.10567,5.007,3.48544,3.25089
2.2277,4.18819,3.9855,5.46715,5.26432,3.32736,3.84089,3.35858,5.21513,3.78664
4.13371,4.60173,4.57841,3.86133,3.25904,4.62785,2.28137,5.16742,4.46423,5.10899
4.32852,3.76586,4.19458,6.40421,5.9021,3.29759,4.35418,2.96589,3.5297,3.2497
5.12388,5.86084,4.71111,3.69115,5.41362,3.583,4.84854,5.41319,5.10592,4.30906
1.38818,3.09574,5.26735,5.13993,5.09147,4.03867,1.65988,5.22243,4.41395,4.79799
4.76885,4.76025,4.30069,3.09832,4.34906,4.53632,4.41302,4.38264,3.69623,2.75801
5.07539,5.73169,3.99476,3.66172,2.56864,3.75504,5.24587,4.01426,3.97808,6.17881
1.71314,2.73618,3.40857,5.22573,4.24215,4.75832,5.60449,6.33337,5.74101,2.71393
2.13143,4.61521,2.7665,5.00692,4.718,1.93667,3.91619,5.50608,4.05631,5.26928
5.56909,2.6881,4.86811,2.38954,4.03566,3.327,4.80944,3.1465,4.09944,4.24595
3.951,6.03348,3.96473,3.14303,4.26567,4.84752,4.6853,2.81375,4.65869,1.8333
2.93664,4.42749,4.87977,2.97652,3.04782,3.22767,4.96187,2.02067,3.41399,3.76826
4.84703,4.59751,3.6557,4.10698,4.1498,4.17855,5.0876,2.51183,4.79687,4.0333
4.32604,4.7145,5.13279,3.52217,4.52463,2.216,3.88346,4.42825,4.15869,2.85894
4.99836,5.83585,3.81614,3.94091,4.73906,2.98141,3.72262,3.72969,4.37329,2.72219
3.66708,4.14961,2.73927,2.41514,4.94214,3.44265,4.02116,2.89293,3.18704,5.42754
3.19955,3.87281,4.87245,6.00187,3.65851,2.70896,5.68757,4.21325,5.39666,2.68907
4.64158,3.2052,5.11837,4.60801,2.96062,3.59389,3.07104,2.63814,3.59226,4.95683
1.39364,6.20321,4.02844,4.09294,4.41905,5.03222,4.47914,3.17839,6.02853,3.90812
4.55828,4.80079,3.81414,4.38632,4.80984,4.25944,4.73448,3.91791,2.63405,3.78651
3.32789,2.64084,3.75228,4.47778,3.32416,4.71345,4.04188,4.03802,2.19704,3.45193
4.39309,3.76089,4.63515,3.79142,4.66858,2.77623,2.4183,4.42584,3.51234,3.5203
4.79174,4.03334,5.83841,3.27449,3.70441,3.80865,5.38779,3.34548,2.30358,3.71104
5.01575,4.84199,4.83264,4.6605,3.99131,4.04467,5.45884,3.92976,3.81605,2.3744
4.2413,4.29199,2.46739,3.63939,2.29397,1.79923,3.36946,2.72306,4.40363,3.43426
3.66532,1.72273,2.88434,3.15002,3.80952,5.10322,3.40235,4.79474,5.04594,4.33468
3.29577,5.65771,3.51754,3.64425,4.21435,3.20843,4.29265,3.74303,2.77297,3.42551
3.04601,3.16308,3.14669,1.42461,3.08499,5.14265,4.55002,5.25704,4.91486,2.29326
5.60649,3.10329,6.63753,5.85434,2.9299,5.34366,5.49154,1.55504,2.77177,5.42928
4.37633,3.93111,3.30895,6.20395,4.66532,2.67124,6.19124,2.44109,4.12453,3.34342
2.6213,3.23731,5.43413,4.79135,3.41747,3.00487,3.35955,3.69629,2.9051,4.91766
4.49319,4.88971,4.06774,3.21847,5.8314,2.98982,4.75705,4.45026,4.36773,4.73842
3.19041,5.12653,4.02375,3.13325,3.4967,3.15366,4.62005,5.69878,3.71398,3.21584
3.87771,4.28971,3.00472,4.67478,2.63424,1.40484,5.24172,3.68464,4.79413,4.69197
5.1843,3.88814,2.64627,5.7711,3.20801,4.88775,4.47734,3.79639,2.16798,5.43998
4.90475,4.20509,3.07965,3.62029,3.17462,2.15427,5.50777,3.84959,2.85532,4.20027
3.7789,3.37179,4.05779,3.17105,5.49767,3.31705,4.75735,2.89279,4.73939,3.23415
2.646,2.97225,7.16285,4.39147,3.63702,4.89092,4.01308,4.32398,5.10019,3.61545
4.74547,4.16401,4.6757,4.95034,3.0868,3.42032,4.28271,4.99425,4.47624,4.83397
4.16952,2.90094,2.30607,6.0707,4.79865,4.33037,3.81309,4.13218,3.53262,2.50524
3.30763,4.36962,3.97867,5.06465,2.59948,3.49205,5.80686,4.07613,4.04067,3.07057
3.94648,4.7141,3.14873,4.89952,4.20598,5.98539,3.34845,3.34044,2.29982,3.91319
5.08093,3.91087,4.50743,4.09578,4.96056,4.22032,3.45098,3.92403,4.70221,4.94338
4.68908,4.34596,4.18866,5.56035,4.85643,3.93808,4.9887,5.57373,5.58499,3.52695
4.7197,5.44484,4.86024,4.9766,5.12047,5.47317,3.20384,4.1194,2.92328,4.43356
5.99539,2.36574,3.92172,3.18955,3.94779,3.73092,4.53631,4.26815,2.81222,5.39877
2.13524,5.14326,5.74285,3.97452,3.58088,4.09505,3.33075,3.77506,3.99299,4.74449
3.52271,4.01553,3.86808,2.49851,4.07246,4.63366,2.99919,4.49389,3.58478,4.24216
5.2493,2.4775,2.54519,4.49015,4.91252,1.44609,3.35237,4.29959,4.77263,3.63841
5.59827,4.42157,3.74944,2.58584,2.89369,3.10732,4.76882,3.76807,4.32215,2.50427
3.0977,4.30545,2.88653,5.10485,4.34408,4.35343,5.11803,3.94181,4.93333,3.03611
3.46741,6.14606,4.9615,3.84058,3.10215,4.51549,2.58615,5.53703,3.14034,4.14143
4.53112,4.40518,2.54705,3.78256,3.00598,3.05876,2.3992,5.08481,3.64216,3.82671
4.68706,5.67884,4.69791,2.25024,3.65265,2.32655,4.30008,3.59828,4.14778,4.27282
5.71188,3.86203,3.45104,1.71363,3.04756,2.65848,3.70117,3.3531,4.46511,3.80487
2.5673,3.30497,4.30544,4.04918,3.04844,3.13001,2.98529,5.76049,4.16329,4.045
3.67344,4.53292,3.5468,3.6979,5.34587,2.29896,3.99407,5.97217,4.52281,4.75698
4.89031,4.0475,4.44917,4.16426,4.42882,3.5123,3.1541,4.71384,4.49849,1.93589
4.11098,3.44853,3.19827,4.48692,2.80333,4.50474,3.96412,4.0225,5.14536,4.29845
4.78629,5.29837,5.0724,3.84224,3.47797,3.96512,4.57407,2.33434,5.97012,2.92045
3.12677,3.03531,3.09006,4.02569,2.35468,3.98859,4.02668,3.89629,3.21351,6.36843
4.92314,3.25715,3.62414,4.6848,4.08615,4.46117,3.3864,4.94165,4.04206,1.86823
4.31252,4.8902,1.81635,3.49547,4.5852,3.88766,2.78421,5.11277,4.85345,4.84722
3.75219,4.2353,3.82548,4.98083,4.42079,4.1847,2.88829,3.59902,3.58292,4.52752
4.21911,4.84301,5.45816,3.34508,4.77339,3.28038,5.01444,5.76552,4.47963,5.12828
3.03735,3.63645,4.94908,4.17333,3.58898,3.67653,2.18937,4.97569,6.96088,3.75249
3.49765,6.00746,4.29964,3.97169,3.21819,4.47688,6.1742,3.80841,2.50447,4.35841
5.75444,4.07529,3.95247,4.93183,3.27923,5.97941,4.19068,3.3878,2.78609,4.86716
5.82419,5.19392,3.10643,3.67307,4.22802,2.54752,3.91731,3.22522,3.6666,4.14008
4.53683,3.50353,3.71433,7.01623,2.95008,3.79393,4.44344,3.47222,4.42123,3.63556
3.50164,4.97487,4.17316,4.02773,2.92375,2.07686,3.9572,3.81238,3.31138,4.79528
4.26727,6.24144,2.49234,4.51531,3.34057,3.64559,3.50819,3.95434,4.36754,3.55081
4.64856,4.056,5.74171,4.79469,2.40829,3.81047,4.15114,5.13555,3.93782,4.53101
5.50401,4.10111,2.36385,4.33251,4.30423,3.30649,2.32723,2.71258,4.21823,3.36557
3.02802,4.0068,3.87467,5.48273,3.82136,4.34417,4.73053,3.82381,3.9212,4.95782
5.05642,2.54301,1.15189,4.1426,4.53689,4.22318,4.61401,2.77925,3.39247,1.69538
5.27762,4.43008,2.89371,4.03608,4.74025,2.96154,5.10146,3.5181,4.07083,3.56189
4.14855,4.13808,5.36091,2.65782,3.88113,3.03535,2.42012,4.92387,3.3183,5.47736
5.10787,3.72144,5.1477,3.73248,3.60856,5.36548,4.76544,3.20462,5.67622,3.68333
4.16907,5.35916,5.58186,6.17361,4.34557,4.98438,4.43855,3.5872,3.4503,3.93654
3.04768,2.84419,4.31013,3.23062,3.72536,4.88157,3.29154,4.15868,3.40892,3.11283
2.37452,2.63188,4.36976,3.33612,1.72192,2.86634,4.35352,4.31348,0.966685,3.97334
3.66758,4.15263,2.48176,4.60541,4.74662,4.43073,3.57025,5.2042,4.43521,4.6024
3.61572,3.49577,1.8132,4.77703,3.68015,3.29827,4.60975,5.45435,4.3973,4.07425
4.09907,2.74526,5.36409,4.60627,4.94949,2.26722,4.33863,2.41912,5.53114,5.60187
2.02139,4.46382,5.54102,4.2862,3.63505,4.26288,3.06876,3.33888,3.49485,4.83435
3.85411,3.75715,4.03457,1.85366,4.53343,4.39762,4.1009,3.36713,4.81658,4.88504
2.30477,4.45861,3.71811,3.77247,6.18958,3.48878,3.34807,1.6179,5.43177,4.46186
2.51366,4.70893,6.67678,3.63536,3.28775,6.0071,3.47313,5.52675,3.58378,3.73805
5.69099,3.94595,3.95774,3.28229,4.06923,1.51462,3.36119,3.73712,4.8362,3.84081
4.30422,4.8163,4.91485,3.53808,4.9558,3.6683,4.42642,3.97418,4.26478,3.70119
4.60232,3.34208,3.17614,2.88518,4.00159,1.63764,3.26115,3.48501,4.33277,3.29045
3.26503,3.63898,4.39093,4.38974,3.38372,4.05249,2.81953,3.34694,3.16288,1.89914
2.83089,1.94859,4.2967,3.41332,3.31365,4.1942,4.50216,5.21427,1.98248,4.45325
6.63315,4.28857,3.85086,2.45996,5.12716,4.18115,5.93855,5.24433,3.78496,4.46162
4.52769,4.42303,5.08881,4.71048,2.78282,2.51061,3.87106,5.20116,3.366,3.40538
5.5431,4.96298,4.07318,4.37259,5.07176,5.13189,2.80158,4.43573,2.97414,3.67339
3.87977,3.34812,6.46343,3.00368,5.25225,5.03898,4.04438,4.44507,3.95673,4.58961
0.261833,3.44218,4.44735,3.82637,4.6171,4.94705,4.27191,4.16753,4.7452,3.40727
2.93831,3.68878,5.13719,3.23363,4.8421,4.55747,1.24423,5.42019,5.98904,3.09945
2.74328,4.36862,3.08247,3.70412,5.47622,4.0227,3.65561,4.50694,2.90824,2.76679
3.24522,2.93181,6.04141,3.81259,5.62211,5.25453,4.68378,4.78436,3.28756,2.62775
3.53345,3.89238,4.25849,3.17998,4.52749,2.88227,4.22989,4.14489,3.3022,4.61453
2.82507,4.85033,2.86279,2.41957,3.95528,4.1126,3.0138,2.98636,4.00647,4.91436
4.20463,1.87198,4.35975,4.90212,4.34815,1.73514,4.71856,3.74444,4.10976,3.03381
4.18896,3.20359,3.49855,3.33652,4.20373,3.50771,5.32687,4.37083,4.07845,3.86038
6.42946,3.63835,4.87574,3.62864,5.45635,2.34696,2.5215,4.98242,6.04299,2.49334
4.29628,3.64687,4.77091,5.51044,3.67934,4.6423,3.43874,4.4582,3.96803,3.19247
4.84943,4.41388,3.02162,3.79983,6.29154,3.03605,3.38827,3.64885,4.49573,4.60151
3.02291,3.02344,2.39829,4.67648,2.58431,4.22235,3.22497,4.44561,4.75677,2.4745
3.91852,4.54029,3.99793,4.05806,2.69068,3.46357,3.53876,2.27684,3.02839,3.62422
2.01465,3.18107,4.66475,4.39416,5.09092,3.71285,4.45501,4.22212,3.87964,4.90609
1.61932,5.53676,4.45556,2.55564,3.76679,2.11769,4.07748,3.73247,1.63981,2.97802
4.19348,2.08351,3.69342,3.78204,5.40668,3.4478,4.04229,2.18054,3.27926,3.97594
4.01932,3.07571,3.95765,2.23833,5.6547,3.99799,4.26934,3.40302,4.63833,3.89567
5.10969,3.62093,3.52856,4.41799,2.41358,2.32276,4.20066,4.54331,3.37001,4.9682
2.78854,5.73011,4.08676,4.17739,4.49432,3.44774,4.47036,3.52495,5.19579,4.14649
3.86135,5.48494,3.36551,2.89245,5.48746,4.05325,4.71637,3.43234,2.58755,5.99214
5.59671,4.57113,4.13899,4.26421,4.57641,1.93321,2.81588,4.06178,3.03658,3.05554
2.13171,3.20114,2.99728,4.1326,5.2965,3.58304,3.19377,4.16576,2.08876,4.56804
2.3854,2.25989,5.01135,4.10409,3.94315,4.67581,3.0669,3.8862,3.50565,2.95698
3.96906,5.14967,2.59373,4.0748,3.6101,3.51552,3.34004,4.74332,4.44176,4.18693
2.43231,4.30213,3.08452,4.37341,3.80082,2.57349,3.54426,5.22285,2.52648,2.99955
3.80925,3.95778,6.17854,3.4785,4.37881,5.74074,3.29871,4.27125,4.92476,1.18208
4.55238,3.38826,3.83244,3.94752,4.57183,3.61357,3.9398,2.70233,4.27367,3.83285
4.66003,6.33838,5.60827,6.09729,3.65442,3.89986,4.44805,5.39502,3.15992,4.70357
4.52322,4.72541,3.59939,3.58938,3.74583,3.35715,5.4665,3.76601,4.03436,4.89683
3.61007,4.46276,4.34484,2.53983,4.07084,3.29033,5.23599,4.62542,3.55652,3.56075
4.94622,2.0638,4.85585,3.98017,3.85552,5.8413,3.39181,3.94239,3.46115,4.24114
2.96885,6.66734,4.44021,4.3452,4.73837,4.68921,2.77068,4.86715,4.4278,3.97697
3.15385,6.56654,5.09577,3.24792,4.86196,4.66138,4.21076,4.68583,2.80721,3.57115
4.05599,5.60352,3.27441,1.88046,6.3,3.99469,4.62247,2.25365,2.55223,2.52362
0.816427,3.29569,3.40266,3.80482,2.91639,4.53972,5.72492,4.41509,4.34013,3.54544
4.64223,2.9518,3.82831,4.42532,4.04813,3.65243,3.95165,2.40032,3.76095,2.20125
2.58757,4.35121,3.46583,4.68684,4.14071,3.25627,3.05744,4.73993,5.01082,5.81917
4.37784,4.29145,4.92836,3.46589,3.021,6.62487,4.4947,2.46595,4.62376,3.79579
4.91491,2.436,2.54283,5.12995,4.40878,1.58895,5.34982,3.35659,3.83799,4.23248
4.25951,5.02611,4.67127,4.17983,4.73841,4.46722,3.12475,4.10091,3.70791,5.08108
4.8212,3.70761,3.38361,4.518,3.30149,3.67793,3.97859,3.90515,2.36059,5.3307
2.75654,5.55045,3.11302,4.65911,3.70624,6.05209,2.19675,2.97996,4.15907,3.09817
2.89973,2.25531,2.23992,3.9855,3.7949,3.55439,2.73241,2.76833,3.94598,3.62255
5.89699,3.84118,2.95465,4.10405,2.7534,4.6194,2.97227,4.7159,4.17379,3.20183
3.43453,4.29173,4.99497,2.47831,4.00126,3.97945,2.25543,4.57221,4.44404,3.93076
5.28822,3.74752,4.55649,3.86198,3.85755,4.75799,3.83765,2.41397,3.30581,3.62618
5.28294,4.52821,4.5687,5.41621,4.58781,4.77421,6.05475,4.105,4.56035,5.41313
5.5654,3.85012,4.43255,5.35559,5.04899,5.29262,3.72239,2.94645,3.52659,2.68595
5.94379,3.3427,3.62805,4.83684,4.31399,4.82582,5.59217,2.71326,4.22575,4.40528
4.33603,6.23194,1.7143,3.3033,3.96035,3.0197,3.05888,3.47122,4.05569,4.06958
4.17639,3.83319,4.20752,5.9174,3.6211,3.4467,2.49284,4.596,2.56766,5.1023
3.63235,6.22837,3.69389,4.66689,5.16967,5.10262,4.29489,2.68924,4.43171,2.75242
4.51278,6.61408,5.31143,7.37492,2.06881,4.3957,3.17001,4.21524,3.59211,3.64497
3.33207,2.61635,4.8695,3.41724,5.05103,4.59192,5.18009,4.90629,3.67364,2.97152
4.22307,3.62196,4.91372,3.97899,3.87647,4.52086,4.50543,2.66959,2.86804,2.21679
5.80292,4.75687,2.91568,3.30331,3.22635,3.15124,4.584,4.58631,4.63689,4.26703
3.32658,5.26686,3.07456,4.01185,5.90302,2.42853,3.63709,3.40249,4.36365,2.84128
3.54644,3.87517,4.90777,3.73474,5.69074,3.61929,5.80303,5.79797,4.27774,4.05249
4.14503,3.2924,2.88787,3.53959,4.21025,5.53162,3.06274,3.61582,3.8227,2.43538
3.89884,4.0422,2.66656,3.60581,3.69109,5.56784,2.79021,4.13084,2.47494,5.33537
4.23823,4.26018,1.97502,3.95952,4.05518,2.76864,3.03533,5.29848,6.01973,3.85908
1.57403,3.70196,3.10013,3.49747,3.1829,4.26502,2.93913,3.60645,4.13879,3.3759
3.89301,3.79628,3.07747,5.38065,4.18639,3.83445,3.58396,3.18066,5.60109,2.22995
4.47142,4.91557,3.77307,6.10198,4.28024,3.58216,2.86173,3.17958,3.19056,4.19518
3.20811,4.31753,4.80501,3.85871,5.64796,4.847,3.59223,5.02329,3.95778,3.10952
3.13406,3.4642,3.28769,2.11675,4.06708,3.06625,6.19922,2.73482,3.53959,3.53327
5.39911,4.06397,5.56684,2.80875,3.72339,4.09353,4.01899,4.04767,4.88656,4.01782
2.67718,5.05762,3.62824,4.38958,2.39517,2.59214,3.8507,4.58359,4.11475,2.78948
3.22555,4.02381,4.67905,2.03898,4.81196,3.63846,3.00354,3.23894,4.52347,3.62753
4.70109,4.77804,4.45225,5.87839,3.37001,6.5793,4.74656,3.32408,5.21475,4.54583
2.58617,3.22028,3.04893,2.44051,2.6051,5.16906,3.30984,3.91866,4.17128,5.70876
4.17247,4.24452,4.15508,4.44718,3.71711,4.73901,4.35774,3.68787,3.85428,2.18214
4.24954,5.23607,2.72429,4.57622,3.53702,4.76659,3.35285,3.00471,4.30467,4.06218
4.66519,3.3446,3.00547,4.08929,3.96497,4.20817,5.38268,5.21451,5.45654,5.63889
3.88989,5.5887,3.44277,4.01773,4.42421,3.14397,2.60068,4.32485,4.60652,1.38006
3.84393,4.97239,4.81304,3.86846,3.25396,3.40297,4.34001,3.56411,5.47334,3.51193
2.85216,2.32403,3.10754,4.57111,3.72497,2.76615,3.07396,3.95714,4.4192,5.82212
4.88098,1.97544,3.73868,5.13007,3.7512,4.33211,6.02025,6.76036,3.37308,5.36311
3.01498,2.70859,3.94647,2.99832,3.45799,1.83246,1.74597,4.68497,2.79931,4.32331
2.95473,5.46979,4.25782,4.49024,4.71552,4.70585,4.76622,3.86706,4.00921,3.87753
4.91269,3.96562,1.80751,4.20754,3.60448,4.80947,5.42498,4.16127,4.42823,3.42368
2.74621,3.97674,4.83796,2.71356,3.60272,4.17488,5.37834,2.89715,3.85759,4.29533
2.60521,4.71762,4.80177,3.98824,4.27358,5.63091,6.85186,5.46339,2.78545,3.09243
3.89643,4.08105,4.00364,3.53837,4.41827,4.1171,4.03775,4.39803,3.66199,4.01765
4.97019,4.3132,5.20818,3.32889,3.52764,6.52722,4.65181,5.08082,3.96588,4.3936
2.65843,4.5057,3.64916,4.8767,2.56351,4.30199,2.52242,4.93588,4.93602,3.20968
3.45182,5.04112,3.19126,2.99261,4.57129,4.72136,4.32871,4.23063,3.82421,5.52019
5.21119,3.45557,3.81132,4.24659,4.18164,4.93262,4.87449,3.33629,4.39767,5.93846
3.38318,3.31852,4.28622,4.98464,3.56069,4.77518,5.74621,4.30158,3.18401,6.18264
5.14341,4.60605,2.81057,5.01044,5.35483,5.26548,3.46222,4.95591,2.92953,4.43423
4.12594,3.68605,4.0149,4.20467,4.69082,3.90909,3.53978,4.46992,4.09348,4.44493
3.96305,2.99458,2.69175,5.27046,3.93143,4.33561,3.74129,6.02654,3.59756,3.24976
2.48214,3.89598,5.21476,2.95258,2.67987,3.94267,3.12757,4.31889,2.5438,5.65319
6.48041,4.3915,4.2646,3.82195,3.02883,1.92056,4.2414,4.21408,3.58625,4.14533
3.45178,3.06847,3.95311,4.51065,3.54615,4.19453,4.43533,4.10205,3.73962,3.78846
4.878,4.86696,4.96474,5.2798,3.32204,2.97516,4.41866,5.15451,5.10695,4.0185
3.36499,3.54045,5.27953,2.30281,3.94357,4.15949,6.175,3.35656,3.31732,3.06832
4.83776,2.44315,3.2113,4.24942,5.30574,2.96547,1.74985,4.36217,4.65934,2.95127
4.10707,2.59412,4.82946,4.98651,5.4733,5.14501,4.84903,3.43281,2.40281,3.13295
3.022,2.11083,3.91382,3.74123,4.38909,6.29961,3.52841,2.35313,4.80867,3.37126
3.59867,5.51091,4.33589,2.48698,5.70422,2.93517,3.96444,3.69139,4.88921,4.39163
2.61491,2.54541,3.8757,4.79067,3.35555,2.1362,4.83096,5.08528,3.65169,5.02997
3.05434,3.01179,6.2605,3.71268,2.20224,3.76307,4.58708,3.97202,5.26157,5.49561
3.95296,4.77614,4.88891,3.56034,2.78553,2.93615,2.33145,2.27415,3.93221,5.2706
5.54158,3.45287,3.06585,4.79038,4.39455,2.25452,3.94207,4.96304,2.88015,4.00982
4.25289,2.56126,6.04543,3.91448,5.50317,4.43097,5.80806,4.46061,3.76649,4.28494
3.85346,2.85206,3.31162,3.4619,4.51402,4.6685,3.0854,5.31763,4.39709,3.19937
2.97405,2.7246,4.656,2.55909,4.08975,3.9314,3.25155,3.07797,3.47455,4.52915
4.42704,4.76853,2.97299,3.41029,2.77594,2.64355,3.62442,3.82669,4.44182,2.23783
5.17066,5.09522,1.93672,3.91218,6.12321,5.9527,4.24138,3.08328,4.98582,3.94452
4.6429,3.63281,3.23984,2.71786,4.01626,5.10192,3.51815,4.05757,5.26678,5.20053
3.11598,3.88944,5.73852,4.15002,5.66021,4.35539,3.20479,5.49517,2.96193,4.28873
5.39017,6.25379,3.62673,4.12225,5.07415,5.02435,4.1153,4.60267,3.59668,4.67474
5.06542,5.00187,5.07401,5.12537,4.2855,3.56922,3.19969,4.73899,6.43951,2.45841
3.20033,4.24405,2.91823,6.08259,3.69964,4.6498,2.5946,3.98783,4.25739,3.8896
3.8168,2.82634,5.27894,4.68751,3.34868,3.64238,5.72442,3.81238,5.51708,5.17564
3.5598,4.06875,5.07039,4.27537,4.38399,4.35468,3.4837,4.7059,2.26963,4.64573
1.69374,4.77531,3.66903,3.55557,3.27204,4.41071,4.82298,2.52903,4.35722,5.56503
2.8728,4.14006,6.21411,4.32142,3.21888,3.5378,4.25708,4.59205,2.75466,2.85388
2.07479,4.23966,3.56596,4.04973,5.57373,3.1297,3.0379,5.74945,4.7767,3.59292
5.04134,4.1321,4.91013,3.09105,4.58189,5.69409,4.00122,2.73188,5.41671,4.06564
3.15422,4.68881,4.49588,2.37757,4.6316,1.82365,3.11304,3.33629,3.07218,3.37973
2.00738,5.97886,3.87135,3.33822,2.19724,5.19121,3.96782,2.04294,4.15839,4.00383
3.53918,4.51537,2.84227,3.26469,3.71989,3.12546,4.63292,4.64922,3.04836,4.47609
3.07599,3.59209,5.25121,5.27922,4.57573,3.21774,4.26881,4.34917,4.56541,4.00418
3.77018,3.998,3.13553,5.14146,4.65273,5.63001,4.12556,3.77718,3.69633,3.74598
5.87037,3.66841,2.97643,4.4591,2.41862,2.62925,3.51845,5.13801,3.42613,5.53227
5.01933,3.15694,3.51378,3.15813,3.21527,5.88245,3.73262,3.08732,4.01275,4.01969
3.7426,3.76284,5.02977,4.6459,4.59954,2.89515,4.37711,3.63434,4.03019,3.07536
3.21773,4.37337,4.84712,4.48478,3.79022,3.41785,4.8017,5.20936,5.01664,3.80438
3.71585,2.6804,5.08823,4.0468,3.18652,3.27606,4.24243,4.63925,5.14838,3.84626
4.01986,2.67693,4.74692,4.65395,3.87216,3.13877,4.54143,4.85665,2.81718,4.10305
6.15663,3.3874,3.46758,3.94522,2.91613,2.86111,4.56883,3.63878,3.8498,3.79268
2.88469,4.91377,5.32096,3.57899,4.04204,3.92544,2.60994,4.10743,3.27467,2.54462
2.32428,4.67347,5.31347,3.44961,3.77986,4.85321,2.87373,4.23352,4.9455,3.62373
4.54764,2.69264,2.89635,3.28932,2.26633,4.68164,6.39444,2.64007,4.61708,1.88204
3.63802,3.94345,3.49188,5.27819,4.74272,4.71516,3.40935,3.96168,4.14559,5.78394
4.24316,3.39162,3.98879,2.9625,4.33936,5.52531,4.25855,3.4198,1.8565,2.98491
5.61667,4.73233,3.46141,5.30076,3.00341,5.36011,2.96423,4.62032,5.15001,5.30134
3.60899,4.59559,5.4537,4.19755,4.88999,3.34539,4.72609,2.1739,4.03667,3.71125
4.41765,4.38874,4.19988,5.8935,3.97718,4.44232,2.94428,4.21995,5.86986,3.37495
4.98415,2.70822,4.28613,5.28316,4.03778,4.56682,1.72796,3.09938,4.04929,3.67427
2.66054,2.62058,3.10669,5.55852,2.46628,3.50347,5.4177,4.45273,4.09584,5.16457
3.83761,2.7893,3.29734,2.995,5.4094,5.18759,5.29238,4.40742,4.30775,2.65556
2.22782,3.79795,4.35803,4.08455,2.93733,3.41283,3.9049,3.86621,4.20887,2.56884
2.87879,7.07065,4.23968,3.43302,3.81635,2.71691,5.66209,3.05749,3.36615,4.65426
2.83787,2.41597,3.45346,3.70846,3.09821,3.48004,5.07568,4.16038,3.61201,3.24316
1.71977,4.67586,3.26237,4.75066,2.68885,2.74265,3.02466,3.92196,4.18828,3.43312
2.18729,5.48468,6.12245,5.61681,3.60342,3.4056,2.98941,3.47448,1.31427,3.9472
3.81477,4.674,1.97399,3.5622,3.23741,3.26447,3.48347,4.07463,3.86579,4.21767
4.09686,2.41404,3.20572,3.52341,3.95602,4.91142,3.35898,3.07424,3.586,3.40869
3.443,3.07646,3.09287,4.35103,3.5865,2.98081,3.79322,3.58252,3.64514,4.19372
3.47969,3.23446,4.89302,4.80389,2.86353,3.01251,1.74923,3.27593,3.86135,4.58694
4.71213,3.7632,3.49436,3.64152,4.83244,3.79634,4.28734,1.15776,4.13789,5.17706
3.53108,2.6384,6.65752,5.03308,6.35487,5.80728,2.61278,3.62121,2.14519,4.1156
3.99025,4.47236,6.1889,5.27692,5.22392,3.64431,3.33668,3.45623,2.65699,3.03632
5.13326,2.49451,3.63204,5.05468,5.52318,3.89162,2.73632,3.36654,5.81671,4.75258
2.59438,5.03153,4.45061,3.00042,5.04874,4.78994,5.54751,4.25023,3.40558,3.18425
5.91082,4.24621,5.1255,4.09435,5.31092,2.34546,3.7454,3.4668,3.18299,3.01514
3.02628,4.50497,4.58056,3.07974,3.59718,4.34957,4.30622,3.2285,3.8168,5.11768
4.90698,3.97258,2.96904,4.52482,6.17884,4.55233,3.44521,4.25579,5.07379,4.71781
3.48929,3.20396,2.8825,3.67282,3.44322,2.84575,3.85569,5.44088,4.30782,3.72714
3.51105,4.68049,3.04793,4.16205,4.05419,5.13965,5.66971,4.26101,2.32051,3.92209
3.63079,4.5223,3.28466,4.21836,4.48137,3.83326,5.15336,3.02889,5.79849,5.27024
4.58451,4.75635,2.8687,1.47458,4.47289,1.42021,5.33761,4.76642,3.259,2.83544
4.0475,4.85743,3.76432,4.14897,6.33501,4.01957,5.13387,3.55889,3.68601,2.88418
3.51368,3.41648,3.86877,7.29318,2.93235,4.16866,4.17436,5.79522,5.55592,2.1486
4.00681,4.36567,4.14977,2.21249,4.81249,2.89977,4.65208,4.96162,4.13451,3.45646
1.8965,0.490156,4.77922,3.36367,2.96807,4.23143,4.14888,3.31356,3.98271,2.44853
3.43574,4.56105,2.6733,5.3808,5.62173,3.98196,1.84373,4.38207,3.66859,3.64299
4.6998,3.98033,3.65321,5.60742,2.85354,5.79952,1.57451,3.71495,3.45003,4.85023
3.74538,1.51431,2.66931,2.94471,3.78664,5.00619,3.23017,5.80912,3.84159,2.769
5.51287,3.20433,4.61908,4.36187,3.52456,3.30425,4.09406,4.42966,2.79036,5.02341
4.74792,4.83073,4.3453,1.36019,5.47738,3.38361,3.52612,5.62606,3.47938,5.73479
2.99622,4.55091,2.81409,3.25954,4.02843,5.03537,4.65871,4.88723,4.2433,3.50526
3.43602,4.61917,5.54424,4.38704,4.71183,3.89864,4.8791,4.86781,5.83516,5.0754
3.23064,3.19938,4.51304,5.95819,2.86451,4.46336,2.5001,2.93846,4.89926,3.67028
5.81981,4.67666,2.82842,5.10505,3.59011,5.10522,3.66874,2.55592,4.12307,3.38847
4.90178,4.00719,4.27673,4.67103,4.97688,2.96677,4.37665,4.45941,4.37146,5.04244
3.25748,6.06119,4.74755,4.13414,4.732,1.80497,2.92843,4.51611,4.06086,3.80695
4.41167,4.73656,4.59195,3.26527,5.25467,3.29254,4.32219,5.90538,3.26903,3.85534
4.22915,3.77653,4.48193,3.98844,3.54891,1.99436,2.68325,3.9239,2.71033,5.19492
2.95277,3.90321,3.79083,4.47015,2.26803,2.85385,3.46131,4.74634,4.99973,4.45726
4.26585,3.96891,3.5191,4.72349,4.12294,3.66586,4.05564,3.201,2.22192,5.70139
4.81933,3.80707,4.14692,3.67042,3.91468,4.28466,1.86492,2.20636,4.59196,3.75981
2.93646,3.93991,3.75411,4.48871,4.28104,3.9984,3.86451,5.12571,4.67579,4.27007
4.21673,3.48751,4.89846,3.56202,4.02021,4.88426,3.60161,4.28739,3.94728,3.55603
6.09093,5.32331,2.53795,3.78013,3.80038,3.77616,2.90733,4.73174,3.619,4.16728
3.74669,2.57997,3.40438,4.84039,4.13267,3.19033,4.3247,2.81076,2.19417,3.94549
2.65623,3.73437,1.06059,3.93691,4.18685,5.31118,3.18946,4.58723,3.23126,5.37591
3.49502,4.62935,1.67974,2.78038,4.2548,5.03182,4.02248,3.90944,3.50366,3.02857
3.7638,3.87422,4.58903,3.25337,3.86112,5.68095,3.49573,5.21743,4.11497,3.6881
5.90382,4.51477,3.86137,3.23636,3.42909,2.22856,3.72635,2.95484,3.52191,6.39296
5.40961,6.08659,4.54303,3.33206,4.13431,2.26871,4.59635,3.26606,3.62742,5.37053
4.70974,4.87659,4.16153,3.70814,1.9913,4.58114,2.75136,3.7646,4.00787,3.83688
3.72364,5.27676,6.16039,4.65173,4.79081,2.4417,5.55694,3.45255,4.37735,6.40475
4.89368,4.42144,3.33934,4.60568,2.84442,4.38431,3.81441,5.00847,5.38786,2.3523
3.65839,3.03304,3.10095,3.68551,2.47934,4.2281,3.91211,4.70292,4.98987,2.54444
5.20953,2.87933,4.80338,3.97769,3.84829,4.41775,6.6873,4.39228,5.26623,4.82499
2.70597,4.73749,4.53522,3.6154,3.3108,5.62318,3.30543,3.87132,4.59075,4.15936
3.96796,2.72431,3.70394,4.3234,3.37931,3.36839,3.71146,4.27013,4.39605,3.3216
2.3046,3.79188,3.13958,5.50866,3.69904,6.1181,4.17734,3.61095,3.79776,3.14338
4.0061,4.54677,4.55968,3.62066,3.69603,3.6272,2.61185,5.69158,3.0609,4.37783
3.01293,4.18654,4.24569,4.12151,2.46514,3.79041,3.71848,5.55815,4.80271,3.59916
2.66825,4.37057,4.03395,2.81227,1.66588,4.15898,5.05694,4.81215,4.09513,4.88891
3.11687,4.13075,3.85487,3.4271,3.88097,3.42611,4.0159,5.60469,3.54195,3.8959
4.83406,4.29833,4.4416,4.59785,3.7933,4.43715,4.01926,2.88328,3.67691,3.651
4.1113,4.47533,2.69806,3.80238,4.12354,3.31082,4.16777,5.47929,2.5858,5.76023
3.79075,5.56693,5.26141,4.52212,5.59612,2.51981,2.93387,3.9465,5.3733,4.89884
4.39988,3.42447,2.72229,3.43967,4.49509,2.58285,5.04479,3.16297,4.82911,5.03586
3.45152,2.70176,5.05492,4.36618,3.87156,4.06831,4.2369,3.23193,5.62705,2.97426
4.60091,4.08192,3.75301,4.02589,3.80746,4.12144,4.10325,2.47772,4.21037,3.6886
0.596329,4.25045,4.5121,4.86456,2.92861,3.43675,5.83822,4.57991,4.66425,6.22264
4.82929,3.82523,3.2018,4.52637,4.98321,4.29106,4.23472,3.96984,3.64409,4.85533
3.15936,3.97396,3.09144,2.54117,3.55334,4.22434,5.52929,3.99472,4.52407,3.65704
4.21317,5.67455,5.15247,2.92472,4.39765,4.92685,3.17925,5.3645,5.10919,4.07687
2.82073,3.5525,3.86084,4.54288,3.45123,4.4483,6.10444,3.89424,2.73858,3.58951
4.46226,4.66628,4.26311,4.7479,4.20036,4.07362,2.5929,3.54486,2.70655,4.94421
1.97239,3.81785,2.47473,2.70953,3.67535,2.82111,4.36419,4.29838,4.55568,3.46737
2.54629,4.59817,4.81261,3.28466,4.42588,4.52843,1.86817,2.80013,4.62303,3.1404
3.26544,5.12064,5.40655,4.21419,4.42382,3.97363,3.36243,4.4247,4.10119,5.06735
4.03625,3.25998,4.14406,3.61203,5.79796,3.24293,1.20027,3.30258,3.95651,3.64696
4.96092,6.15859,4.31162,3.11018,3.05701,4.42125,3.62536,3.99059,3.32247,4.61651
4.43771,4.17846,4.05319,4.28422,5.44846,3.02391,2.635,4.16248,3.12047,3.00203
4.36363,3.59077,2.99241,3.8146,3.3291,3.81519,3.68245,4.61567,5.9198,3.26342
3.72488,4.84929,3.91869,2.85798,3.50739,4.12706,5.10639,4.73406,1.13969,2.83489
4.59467,2.36068,5.22733,3.43451,1.67735,4.30702,5.85686,1.9072,6.0646,3.05397
4.21894,4.81964,3.87816,4.76906,4.7043,3.22407,3.59334,3.32641,4.39182,3.74319
3.06713,3.29596,4.3487,3.12311,4.47834,4.07274,4.63725,4.34806,6.09601,6.05818
2.9617,4.32271,4.69275,2.54104,6.48994,4.05253,5.15428,5.22446,4.29353,3.60393
3.64876,4.14417,2.59609,3.24873,2.73761,2.04375,3.51229,5.22895,2.23792,3.53931
3.98943,4.76908,3.61693,3.18864,5.05134,5.29059,4.82603,3.94594,4.37024,6.21777
5.14481,4.51392,3.68333,3.86274,5.12544,3.67858,3.156,5.83248,4.47858,3.9443
4.21321,5.23172,3.116,4.88912,3.32598,6.08793,4.13926,5.08652,3.32097,5.3094
3.98273,4.01587,1.1579,3.14001,3.087,4.8638,3.37808,5.13463,4.35663,2.94317
3.11835,3.10682,3.80783,4.01145,4.6931,3.82557,4.56227,5.24653,3.50128,5.02013
4.88542,3.73331,4.2584,5.32707,3.73241,2.33843,2.72074,4.50708,5.12125,3.9042
3.09829,3.80709,3.4058,5.63713,3.15301,2.93631,4.17379,3.9363,3.55264,3.598
4.34812,4.79005,4.13904,5.43452,2.56781,5.1759,3.40567,4.50589,5.23016,3.68498
3.6413,2.96242,3.22156,4.96328,3.63364,2.44075,4.07385,2.69387,4.05145,4.68974
4.5678,3.03295,1.65828,4.64649,3.35738,4.14235,1.34939,2.62402,5.93691,3.71157
5.45052,4.19056,2.80389,4.11679,3.04967,5.0146,3.9992,3.81638,6.09396,4.33275
3.81015,4.33932,3.98541,5.26903,2.99497,4.32534,4.62562,3.99886,3.69949,4.19808
3.73229,4.88947,3.76478,2.49636,5.60608,4.78964,1.13425,4.2245,4.68967,6.30256
3.91524,4.08074,4.15672,3.56946,2.00275,5.29018,2.87929,3.56516,2.99472,4.75267
3.29868,4.58414,3.433,2.58864,4.19302,2.85129,4.63177,4.06068,3.15842,5.46824
5.40472,4.64188,3.85039,2.23909,4.28463,3.47863,4.88153,4.47981,3.834,5.08038
5.34532,4.86052,5.32348,4.02389,2.27811,4.45608,4.11467,5.36139,3.57699,3.22112
3.45073,3.97616,4.62984,3.94836,3.07325,3.62976,2.81055,3.25526,4.59622,2.91595
3.95515,3.95177,3.63554,4.55325,3.2038,4.57812,4.88505,3.69181,2.71025,6.79399
5.92796,4.73742,4.62246,4.5281,4.73797,3.0932,4.24375,3.3531,4.628,3.69249
4.02623,4.04258,4.44235,3.73188,3.70012,3.57789,2.42296,3.35177,3.52878,3.86341
2.81998,3.08804,2.74285,5.24591,3.94913,4.66272,4.32851,3.86569,4.38995,2.79547
5.21707,3.30295,3.4845,3.76596,2.5907,3.76357,4.10336,5.84232,2.77951,4.10941
3.89422,5.09679,4.1845,5.23593,3.85299,3.96374,4.05511,4.88736,3.00526,5.17517
3.12772,4.9733,4.56544,3.62865,2.52051,3.4879,2.92941,4.36499,4.16702,4.45552
3.51409,3.38891,3.2851,4.00191,4.22213,5.39331,4.09306,4.70927,4.29709,3.746
5.12775,3.1145,4.069,3.33716,4.41572,2.19261,2.93707,5.53462,3.03094,2.40437
3.06178,0.351635,3.49835,3.28604,3.44668,5.27431,3.83712,4.14637,2.72059,3.18375
5.4601,4.28858,3.95013,5.41731,4.11259,4.18077,5.59187,3.3898,4.63507,3.12295
3.78041,5.58364,2.12148,3.78131,2.55076,4.31256,4.88071,4.64974,3.73933,2.9949
4.26721,5.18381,2.96369,4.6744,3.82454,2.74277,3.9018,4.71468,4.79801,2.94701
4.39389,4.88822,2.74169,5.6141,4.75145,4.19502,4.06249,5.2595,2.54845,2.73652
6.74277,3.41563,2.92021,5.52833,2.38758,3.2222,3.86143,3.53497,4.45775,4.53228
2.92304,3.66066,5.07747,5.92923,4.72886,4.00638,3.94697,3.33562,4.62258,4.95213
3.52795,3.17904,3.62631,3.33511,2.79796,5.29194,2.38639,3.75,3.22563,2.87726
4.43191,4.68479,5.64436,5.44421,2.74542,4.12151,4.50119,3.58596,6.07116,2.95064
4.73616,3.21748,3.84649,2.59647,4.9412,2.34985,3.80673,4.06523,5.453,3.00103
3.61907,4.70882,3.24277,2.99361,3.39023,4.88047,2.41803,4.28432,4.5124,4.89187
2.93981,4.22759,3.93642,4.47402,3.3629,3.26534,5.40707,4.11892,3.07161,3.60547
3.42269,4.57775,2.81432,5.53849,2.1024,3.16544,4.05841,2.7488,4.48169,5.03118
4.21195,5.87592,5.24305,4.32476,2.82269,2.83448,4.10826,4.72257,4.74301,3.24113
3.12054,3.38224,4.91757,4.19972,3.09004,4.23713,6.04855,4.74712,3.72245,4.34056
3.43645,3.77094,3.48923,3.7329,3.45128,6.57277,2.48364,4.14506,3.37641,4.83832
3.38206,2.9518,5.60466,4.03463,4.2958,5.0673,3.94446,3.19561,4.24539,4.13426
3.77489,3.45898,3.12751,4.41581,6.24701,4.98826,5.40638,6.70259,4.63915,4.77602
5.21682,3.57748,5.0304,3.25172,3.56354,4.60138,2.69054,4.66481,5.23851,6.00901
5.11741,4.02916,5.34772,5.46822,4.01661,2.60192,3.70665,3.04265,3.35256,2.86946
3.40368,3.81266,2.75359,3.53471,2.6094,2.67319,2.39575,4.35427,3.99645,3.30299
5.32613,2.25757,3.50488,4.89897,4.80805,5.53684,2.0597,3.99985,2.61866,3.69287
5.11679,4.24439,2.16133,5.00902,4.30975,4.14188,2.1293,4.29676,2.5645,4.11541
3.36357,7.41212,3.05997,3.06732,3.79383,1.72322,1.47143,2.92317,2.64847,3.54245
3.41816,4.94748,2.934,4.53835,2.84477,2.94308,4.18926,3.43512,3.78741,2.31348
4.64287,3.1726,4.90896,3.77423,3.46004,3.41336,5.11881,2.76623,2.94428,1.71773
3.81815,3.8665,5.17509,3.8219,4.47463,4.86855,5.33905,3.99394,3.88305,3.81438
4.38159,4.32873,4.88367,3.78924,3.3005,4.24517,3.22273,4.93874,3.29098,5.69825
3.1825,2.86856,5.597,5.2753,5.14191,2.54547,3.93984,4.23221,3.68978,4.08461
3.6783,1.94721,5.27484,4.47666,3.21988,4.63585,2.66248,4.24133,2.79646,3.50157
4.23911,6.05342,3.67803,3.41902,3.32404,5.45294,3.61581,3.66632,5.88137,2.22927
3.70688,3.8124,4.39357,5.01931,6.06237,3.58291,3.73074,4.7063,3.69494,5.14074
3.48744,6.25119,3.20931,4.07863,5.13576,2.72591,4.08134,2.75539,3.97603,3.11683
4.57098,3.36376,3.90716,3.70874,3.20435,4.1159,2.53938,3.70654,3.2075,4.52047
5.57116,4.26059,4.7819,5.37606,5.04838,3.6649,4.57931,3.90121,5.12804,4.1363
3.57328,3.7124,4.06906,4.50139,3.38591,4.1856,5.12222,4.28148,3.57151,4.27428
3.96051,3.29442,5.48529,4.40442,4.82742,4.65832,4.29669,4.3842,2.25782,4.5173
4.56622,3.56138,4.89979,4.08238,3.92178,4.45099,3.78769,2.58218,4.89474,4.38815
4.84334,4.11407,2.8293,4.37849,4.56476,3.48213,6.46928,2.18506,4.41351,3.189
3.39777,4.74549,2.66496,4.56319,4.2758,2.24006,5.3224,4.32716,5.55114,4.88883
1.91437,3.39821,4.30703,3.50519,3.83043,4.16569,4.95063,3.57414,4.35406,4.37402
3.35395,4.25684,3.78447,4.49643,5.94108,3.68377,5.04528,4.46591,5.25336,4.38444
4.26644,3.17025,4.8679,3.66854,2.6576,5.6229,5.42154,4.52054,3.20192,3.72516
2.13228,3.02815,3.94268,3.9688,4.96693,2.65447,4.80706,7.47059,4.50632,5.31704
4.49873,4.49163,3.9737,1.82615,3.19678,4.2424,2.94325,3.47549,3.71556,4.5607
4.18638,5.22172,3.50941,3.90438,5.22356,3.2082,3.98867,4.1971,5.47644,2.53163
3.15329,4.63425,3.38833,3.56189,5.45855,3.3727,4.92232,3.9051,2.37462,5.09833
3.96024,5.66011,1.21473,3.19775,3.39628,3.44507,3.07082,3.86493,4.87305,3.46935
4.05127,2.04693,4.87991,5.21985,3.63621,3.39055,3.52742,4.11657,2.74001,3.89546
4.514,3.66374,3.05082,4.54293,3.83994,4.12435,3.87008,3.67378,2.60343,4.22709
3.30273,2.39978,2.01077,2.614,4.11342,3.26355,3.62665,4.07257,4.47666,5.87848
4.47313,5.37358,4.65972,4.52715,2.29704,3.91246,3.94278,5.33474,4.29633,3.43792
3.93748,3.68134,3.35741,3.19183,6.59807,2.98375,4.53374,3.50114,4.31289,4.26415
4.54491,4.04377,4.06836,3.13892,4.66216,5.87619,3.08858,5.82588,3.76541,5.46973
3.85278,3.35252,5.40275,3.58182,5.22411,4.02847,3.20686,3.06334,4.49524,4.5015
1.35115,3.42061,2.88429,3.78935,5.64127,2.3065,4.7896,4.40179,4.4224,4.2822
4.82559,2.91435,5.14392,3.90584,4.82082,3.3697,5.46197,3.8575,4.51102,4.76446
3.48558,4.11355,4.31334,2.933,2.97778,3.99272,4.69448,2.77352,6.68744,6.45445
5.00853,3.56328,3.53614,3.57224,5.56503,3.36364,2.57696,2.30235,3.5605,3.16725
3.49489,4.32844,3.85822,2.86454,2.99874,4.80872,2.7058,5.96186,3.83709,4.68966
4.3229,3.24756,2.99412,4.77505,4.0096,4.44893,5.23218,4.28683,5.27431,1.47648
5.21146,5.59403,3.37389,5.60226,4.40761,5.03273,3.01155,4.2935,4.6602,3.39614
4.65195,3.36867,3.95993,2.57256,4.7841,3.53253,4.02429,5.09937,3.47811,5.93079
4.50336,2.63827,4.51248,4.21993,3.5691,3.65364,4.41442,3.70672,5.25386,2.93683
4.89975,4.86358,3.50028,2.56048,2.71322,4.80785,4.99742,5.0414,4.65819,5.26282
2.57391,2.88018,3.10794,3.01769,2.52925,3.21332,3.79672,3.41852,3.91831,5.27755
2.67842,4.33128,4.60156,3.88102,3.96151,5.08374,3.10331,5.68181,5.67711,2.04518
3.67373,5.68384,4.02365,2.49866,2.99719,3.22199,4.09641,4.22763,3.4271,4.77393
4.95429,4.98751,2.8921,4.28188,2.68422,5.42696,3.52715,4.89348,3.10694,4.67896
3.49522,4.43713,4.40436,3.10597,2.49342,3.57829,3.73056,5.39559,4.63356,4.54095
5.17988,3.92082,3.91536,4.08038,5.08663,3.17368,2.84818,5.32468,4.37022,4.59764
3.94351,4.89208,5.27072,2.86479,3.94545,2.87881,2.9831,3.13653,5.31741,2.97663
4.16592,4.58141,3.76074,4.2439,3.61627,3.02038,3.14433,5.22836,3.81201,2.85974
3.81842,4.61078,4.40014,4.75154,4.79631,4.67721,3.33436,4.34326,3.18014,4.73081
4.8846,2.98907,4.32708,4.43397,4.14491,4.6501,3.59269,3.0495,4.39228,3.29887
4.77563,3.95792,5.32364,4.05872,6.42377,4.76949,4.32867,2.25791,3.81089,4.41686
3.1469,6.12854,4.12244,4.69385,4.13558,4.39755,3.3599,2.60064,4.44154,3.95803
2.74897,3.02959,3.24153,3.4734,2.14637,1.94892,3.23263,3.9124,4.07643,3.85466
4.79768,2.51487,4.00531,3.62654,3.58835,4.35146,4.90739,3.5245,4.45605,2.9859
4.12937,4.68921,2.51164,3.92238,4.09318,3.39312,3.68957,4.46279,1.49578,4.63297
4.00582,4.38435,5.43842,6.89944,4.09898,4.27162,4.07631,2.594,5.93937,5.12312
5.3593,2.62217,5.53251,3.61292,2.54785,4.98473,3.89462,3.75525,2.21605,2.96756
3.72296,3.36593,6.46112,4.2428,2.80628,4.87873,4.06354,2.90984,4.19967,2.7771
4.25498,4.91646,6.12432,4.07818,3.01087,4.04873,4.27809,2.17446,4.38278,3.04703
3.0249,4.9284,3.19385,3.7333,2.60199,4.27749,5.64738,3.80948,4.89247,2.68361
4.55128,5.29871,4.52822,2.58296,2.78045,3.11241,3.93152,2.95193,3.44557,4.8773
3.34562,4.3417,3.68654,3.08323,3.93232,4.66861,4.21156,4.4429,4.92742,2.93053
1.54126,4.36581,3.88868,3.63135,3.81833,3.92098,3.95846,2.73831,4.12406,3.73962
3.86537,4.78776,2.87506,3.66918,2.99991,3.80046,4.5954,4.17851,2.71747,5.31687
4.89105,3.96137,2.91503,4.2846,2.93669,3.91196,2.27272,4.83901,5.02563,5.63108
2.43363,3.71835,3.1908,1.43585,3.6971,4.6946,2.57513,3.07252,3.94376,2.12579
4.31459,4.70637,3.0375,4.28738,3.13319,4.43927,3.24664,5.89031,4.71792,5.59542
4.54106,3.55368,3.76819,4.83806,3.85827,3.55212,3.92774,3.94461,4.98392,3.89449
4.46726,4.21114,2.62971,3.6293,2.38384,5.35197,4.71318,3.1578,3.23819,3.1118
3.08519,2.22116,5.82939,3.00592,4.6208,3.78315,4.18719,4.40148,3.70692,4.3429
3.94241,2.28976,4.03524,5.38775,3.22129,3.90648,4.57204,3.23924,3.24508,4.83785
4.23632,3.6763,3.53547,6.04828,4.03057,5.62262,4.1181,4.87655,4.50895,5.20292
4.99391,3.25272,3.3119,4.16901,5.22207,5.17695,4.92618,2.70437,3.38612,4.30617
3.27902,4.92946,3.29326,2.97539,5.53455,3.76531,3.32974,4.63037,4.60828,4.03054
3.12946,4.47325,3.4232,3.77862,4.78665,5.14414,5.56111,3.99896,4.21182,4.03634
4.66898,3.6356,4.22282,4.91479,4.14883,2.68323,5.30679,3.28585,2.84569,3.58593
5.34035,4.36485,5.19728,4.5276,5.03612,3.39131,4.18498,5.15504,4.0426,4.09047
5.10763,5.39472,2.31492,2.61793,5.61074,2.23651,2.88728,4.8444,3.35378,3.29641
4.19276,2.80127,4.22867,4.33249,4.39587,1.14837,4.18923,2.76221,2.81592,2.7054
4.47494,3.52367,4.77602,2.74176,4.16393,4.04847,3.79142,2.87721,4.23001,4.45625
4.18817,4.60544,4.13795,3.18687,4.58647,5.60353,3.58177,2.60863,3.62426,3.83296
3.00911,5.91863,4.12349,5.40263,3.38884,3.38721,4.3773,2.7088,4.74155,3.5986
4.80261,2.02292,3.49389,4.32829,5.01972,4.13516,4.13171,4.52685,4.16586,4.2881
5.25142,3.13627,2.50378,4.42793,4.97122,1.6475,4.07799,3.46911,2.70871,4.03926
3.57235,4.01242,3.46918,3.38421,5.10863,6.17556,4.53477,3.91077,3.53294,4.34029
4.86996,4.02437,4.62473,4.95334,3.25194,3.55614,3.80691,2.41554,3.61524,3.00388
4.326,3.85174,5.4355,2.88726,4.69901,2.68966,2.48033,4.16337,3.646,5.1782
4.41594,4.60431,3.09497,5.36467,4.41578,4.1551,4.82818,3.19381,3.91749,4.14295
3.48437,4.58997,4.17931,4.12183,1.48734,4.43252,2.1114,4.86787,4.86297,4.39948
3.88287,2.50313,3.78086,3.72103,3.27316,3.66552,2.42672,3.34082,3.17552,5.56908
4.37367,3.21604,3.90088,4.35311,4.17869,2.3674,4.80147,3.73046,5.24305,4.49025
3.71121,3.09909,2.82903,2.45817,3.17121,3.37854,3.90561,3.85128,5.86555,3.78369
3.20094,3.4133,4.12341,3.87497,3.34748,1.82106,4.34749,1.91643,2.49137,4.96625
5.7139,3.51723,5.22048,5.45611,4.75196,2.08625,4.44956,4.46661,4.08477,5.47364
3.6844,3.4009,3.9564,5.6216,4.46371,2.92,5.29367,4.5958,3.54228,4.4517
4.78767,3.96676,3.41063,4.42664,4.77515,4.34676,3.82206,5.42152,3.35984,4.74691
4.07999,2.7115,2.53738,2.32699,3.33961,3.6809,4.93791,3.21102,3.9415,5.90288
5.03976,4.58759,2.59854,3.58444,2.13496,3.15452,3.20984,3.10139,5.33791,4.8352
3.84902,2.72277,2.4532,2.77921,3.04588,4.2947,1.51767,4.24482,4.88728,4.51594
4.27185,4.37199,4.63344,5.77138,3.70594,4.26806,3.89509,4.67066,4.80265,4.19719
3.27099,3.3532,4.08434,3.49334,2.82063,3.73719,3.95722,5.33212,5.52056,2.99009
1.85197,4.76656,3.42758,2.80531,3.90155,2.30884,3.97597,2.0071,4.85368,2.86888
4.86179,6.13009,3.83091,5.11633,3.41556,3.01676,3.80057,6.17046,3.80447,4.4853
3.3865,2.63081,4.02295,3.72548,5.27061,4.64427,4.25035,4.71307,4.40744,3.34571
4.37928,3.55644,4.62736,5.26856,3.71812,4.10885,4.8508,3.08826,3.66765,3.74994
3.99009,3.75147,4.52738,3.77186,4.48677,3.32163,5.43698,5.77344,4.20064,2.55193
3.46614,5.24104,2.5331,3.16324,4.32012,3.88364,5.26978,4.40648,4.19417,5.20713
3.40212,4.61744,2.54292,3.79532,3.1285,4.7093,5.87611,5.25172,4.77639,4.50641
3.03329,4.81189,3.07183,4.22892,4.47282,3.61027,4.13614,4.25246,3.51219,2.79504
3.3905,4.31542,4.41498,2.77108,3.95717,4.36516,4.06319,3.79471,3.67251,2.01011
2.8689,4.54819,5.67111,4.23262,4.68671,5.30197,4.03741,3.11953,2.91053,5.1234
3.19861,3.51046,4.60307,3.9026,4.52799,3.91192,5.93354,4.01393,3.54594,3.09914
6.07132,2.76344,3.81749,3.79049,3.6466,5.27301,3.26202,3.60826,3.41296,4.88874
3.65939,3.66882,4.83511,3.96205,3.02868,3.68267,3.5386,3.95443,5.42787,3.56278
5.46618,4.63815,3.59334,5.19911,2.53255,3.6551,4.36775,2.74836,4.05514,3.88901
4.53958,4.03164,4.2783,4.78218,5.8938,1.0493,4.08322,6.01581,3.41447,3.45162
