10
3.28076,2.67928,2.44338,2.29199,4.25777,2.97324,3.22688,4.80285,3.47645,3.10157
4.7323,3.76325,5.64327,4.09991,4.16915,4.87293,4.66309,3.47244,2.72455,3.5089
3.80241,4.70917,5.33269,5.53143,5.3756,5.41468,4.69073,5.05151,6.52815,1.90009
4.36578,3.14507,5.20613,2.39828,2.91003,3.53774,3.82445,3.89505,2.77643,4.67269
6.33526,4.62192,4.29318,3.0352,4.45511,3.81144,5.46812,3.11616,4.76581,2.89671
2.53111,5.09937,6.16023,4.34785,4.4417,3.17346,3.32186,4.62609,2.3581,3.71399
3.65327,4.66246,3.97594,4.12023,2.99684,4.78339,3.51194,4.06796,3.16226,3.81738
3.1045,2.9433,4.68542,3.55945,3.43863,5.39012,4.95999,5.78751,3.86565,4.02396
5.07568,3.37339,3.82628,5.88464,2.70883,3.46569,4.5403,4.36261,2.67845,3.62502
3.27594,3.96007,3.83154,2.5268,3.50037,3.8735,5.38974,5.29771,4.12775,2.898
3.88087,3.49429,6.57962,3.81382,4.49259,4.24453,4.64473,5.75161,4.36457,4.62745
4.57582,3.72088,2.45312,3.94105,4.14286,4.40491,3.50241,3.04763,4.48872,4.85911
3.18509,3.40274,3.71405,2.88508,3.59569,5.42327,5.27018,4.75777,3.53417,3.57798
3.14546,3.83078,4.75958,3.17762,4.64505,4.32906,4.91223,5.81169,3.27993,4.16036
7.13885,2.23636,3.12146,4.25569,4.04509,4.32893,4.20503,3.88463,3.68071,3.16894
4.68787,3.83661,3.45975,3.74418,4.34219,2.827,3.85535,2.52058,3.95928,4.49481
5.48886,5.74179,5.14149,3.95336,2.78042,4.01415,3.19782,2.05108,4.6303,1.87846
4.52048,4.28949,3.79656,4.84102,2.93602,4.34171,3.94105,3.34649,2.83949,3.67435
4.30684,4.55141,4.47023,4.38001,3.51282,3.9381,3.66167,2.45795,3.36186,4.70219
4.66808,3.63108,4.64981,3.56351,4.5764,3.55552,4.24587,4.34824,5.09415,4.79603
3.22275,3.14533,4.11633,3.95063,4.83512,4.51002,2.69307,4.90046,2.82407,3.11293
4.41548,3.6135,4.0577,4.9439,3.88894,4.16247,4.44965,4.20111,4.19506,5.45881
4.08033,3.75629,3.91644,3.57487,4.56547,2.00111,3.79799,4.83288,4.23063,4.18391
5.15882,5.20516,2.8254,5.04304,3.74976,3.66179,4.24208,5.0169,2.69414,4.2489
3.06554,5.04534,3.14874,3.44106,2.66798,2.38602,4.25586,5.00475,3.34436,4.13107
4.51169,4.82558,3.64491,3.60812,4.75011,3.35582,3.37468,1.94224,3.94117,4.4687
5.01752,3.69,3.19052,3.46248,5.86542,2.8211,3.72541,4.01223,3.73953,3.18319
4.1147,2.41521,5.21768,4.23135,4.19846,3.18152,4.02249,3.06152,3.63737,2.40876
5.54444,4.2338,3.50031,3.17123,4.67327,2.39995,2.79579,3.82984,3.60872,2.41978
2.99896,4.48675,3.86245,2.96338,3.64068,5.44831,4.13461,2.28615,3.30306,2.67026
3.78548,4.36544,6.49366,2.12915,3.40076,5.42627,3.95327,2.90401,4.64822,3.75305
5.25514,3.57536,3.36179,3.92664,3.08235,4.5482,3.54708,3.87449,3.28395,2.06204
5.12472,3.51921,2.86667,5.13261,6.72278,2.91967,4.41951,4.56013,2.33933,2.38608
3.51468,5.76302,3.18022,3.43825,4.07127,2.72803,3.93524,5.20762,5.93474,5.65654
4.57523,4.67177,5.90396,2.66838,4.21041,4.37504,3.50438,4.88234,6.45186,4.11578
4.73034,5.20564,3.27226,2.61087,5.48416,5.03533,4.43305,4.1575,4.19474,4.10357
3.47363,4.82576,3.35499,3.14143,4.86237,4.41326,5.55776,2.8922,4.6426,2.79395
5.3103,4.89058,3.5657,3.53864,5.15141,3.10748,4.6947,5.10401,4.48401,4.42918
5.08161,2.70388,5.1638,5.92015,2.97149,4.30848,5.95424,3.69689,4.89192,2.87643
2.3538,2.77316,6.16096,3.60344,2.54797,3.8274,3.57073,6.22028,5.84521,3.6369
4.99457,4.81548,6.56824,3.83578,6.1281,4.45598,4.77647,2.51711,4.40698,4.09864
2.84585,5.55923,4.45391,4.54694,5.9154,3.60535,3.34849,4.8764,3.95381,6.07539
4.54742,4.02257,3.4698,4.05694,3.26108,3.49303,5.02582,5.44163,6.0778,3.34898
3.42766,3.54714,5.42624,5.85822,3.56401,4.11177,4.27425,4.76625,3.83432,4.41605
2.78917,4.70234,4.32854,4.06121,4.23485,4.51683,4.14633,3.86013,4.30611,4.80705
5.45087,3.09191,2.75765,3.74376,3.6968,1.8868,4.07493,5.01395,3.00607,5.65601
3.52739,3.57648,4.22511,5.35945,2.49756,5.07898,5.39418,3.53662,5.65165,5.87031
2.32331,3.18969,3.82448,4.9555,3.2278,3.56343,4.39855,5.46994,4.78058,3.77414
2.20433,5.28955,3.69947,3.51365,3.47958,4.35328,3.49347,2.68875,2.82962,3.35875
4.5827,5.95702,3.89829,5.35468,5.31738,2.84715,3.86549,4.027,3.56216,2.83657
1.42911,5.57986,2.60729,4.35249,5.24057,4.58155,4.25839,5.31735,5.51941,5.30251
2.815,4.08096,5.0397,4.03232,4.33262,4.27305,4.38482,3.27595,2.69904,2.99568
3.00481,5.12555,4.63728,4.32971,4.31662,4.79736,2.31174,4.86064,4.24632,4.65973
4.12459,4.7182,5.54343,3.321,4.39645,1.9112,4.68776,3.81842,3.86393,3.20342
5.47335,3.77256,4.56453,5.40559,2.10152,3.91734,2.97056,3.54288,2.565,3.02182
3.49462,2.67082,3.67325,4.13802,3.00904,6.51795,5.64715,3.55865,5.21228,3.83535
3.07805,2.12331,4.31937,2.08029,5.34202,1.06632,3.81268,2.72777,4.17384,3.50065
4.28837,5.1229,2.22309,4.14762,5.05845,5.94369,2.7527,3.06048,2.83298,4.68672
2.88802,3.05756,3.74385,2.53754,5.45297,5.32825,2.81873,3.55009,4.28256,3.83566
5.5476,2.96008,4.08028,1.40562,3.47719,6.30757,4.60127,3.28666,4.372,4.61031
3.36227,5.68085,4.28069,5.45556,4.49259,3.17438,3.67877,4.55326,3.43764,2.71016
3.52901,3.83761,4.41896,4.61849,3.64352,4.54384,4.14987,3.84784,2.44664,3.37105
6.0053,3.08234,4.19867,3.63319,4.49155,3.12038,4.07614,3.76601,2.94945,3.53796
3.98519,5.04082,4.68139,2.42947,3.34775,2.56182,2.24901,4.93079,5.70224,4.57434
4.35073,3.53006,6.68726,5.73801,2.8212,4.49434,3.52213,6.16957,4.53622,4.27389
1.98597,4.2012,5.60365,2.84517,3.83868,4.43013,3.66017,5.67419,4.35806,1.80889
4.6758,3.04125,2.79292,5.26514,5.83315,3.1296,4.28172,3.78963,4.41935,5.56899
3.94179,3.55653,4.1825,3.99185,4.164,3.16657,2.58349,3.63798,4.39438,3.59601
2.12934,4.19931,5.52342,5.0299,5.18119,5.31101,2.91142,4.70341,5.50155,3.08635
4.91708,4.00151,1.843,4.07348,4.89721,3.43692,4.08305,3.81831,5.78144,3.52232
4.93965,5.47578,4.76588,4.09727,4.32106,2.72703,4.41673,4.25018,4.75632,3.09051
4.06224,2.94573,2.49177,3.05691,4.3389,4.299,4.69295,3.58429,4.63851,4.56251
4.64641,3.72036,4.4636,3.83117,4.69292,3.48255,2.98283,4.84084,3.49833,2.18875
4.59848,2.73565,6.28898,4.20265,5.58306,4.16468,4.82386,2.93135,3.35665,3.894
2.28636,3.78049,3.0901,4.44982,2.91076,5.20486,3.23745,3.55005,3.89767,4.28903
4.48778,4.46394,3.10026,6.01098,4.66697,3.07857,4.73077,3.53905,2.77915,3.78851
4.62624,4.12054,5.31857,4.086,3.71302,3.88341,4.41422,4.33804,3.12129,4.35718
4.23422,3.9074,3.40226,4.50717,4.06138,3.70996,5.17169,5.01321,5.18044,3.73632
4.73578,4.85431,3.66115,2.3233,2.00156,5.0913,3.90616,5.14223,3.5824,2.59841
2.08067,4.47094,5.20148,2.70351,4.61703,4.82563,4.80078,5.04169,3.37646,5.22219
3.5419,3.93437,5.06788,4.22695,4.32367,4.50056,7.0057,3.60784,2.77065,3.93406
4.82875,3.97419,3.001,2.56685,5.11701,2.26299,3.94308,3.67312,3.61885,5.90106
5.52658,4.32238,3.87157,4.8132,3.2545,5.76078,4.40396,3.57758,2.97043,4.3683
4.58533,3.17603,4.65704,3.59443,3.7743,5.65077,3.37897,4.12285,4.53268,4.0993
2.60538,2.9451,5.11899,4.42866,4.7007,3.9471,5.52236,3.00503,6.43635,4.56808
4.06446,3.72622,3.09151,5.34013,5.0947,2.87215,2.79087,5.26126,4.59644,3.84245
2.98061,5.49884,5.28514,3.78209,5.24717,0.996147,3.54175,2.07739,3.81821,3.01135
5.28011,4.37232,4.29801,3.34709,3.89627,3.70679,5.18481,3.82595,3.87711,3.2484
3.73698,4.00069,3.16722,5.01172,6.46986,3.32062,4.02242,3.14533,4.88226,4.88296
5.03662,3.4915,4.81998,2.78199,4.7836,2.5875,4.82087,3.21333,5.97775,3.7998
2.94396,5.07785,1.94361,4.64017,3.80844,3.69634,3.03491,4.74579,4.64835,4.56364
1.08583,4.2493,5.53335,2.06527,5.58013,4.28508,2.14389,3.33313,3.07101,2.64127
2.93475,4.03534,2.22623,3.75839,3.72069,4.04762,5.69896,4.49789,3.74648,2.81236
4.01142,5.82492,3.97785,3.30117,5.96747,5.343,5.58843,4.60698,5.06559,4.13922
3.54276,5.19064,5.91709,2.37927,4.15028,4.80594,4.17311,5.32785,6.1051,4.54573
4.73131,3.53919,3.72668,4.01578,3.27062,4.28924,4.4116,3.66934,4.40807,3.7855
2.85419,3.1641,3.50906,4.11002,6.44981,4.65757,3.65982,4.0064,2.64902,5.46018
4.44677,3.20898,3.42874,4.63723,3.85824,2.37357,1.73199,2.34123,3.14205,2.49813
2.83368,4.46282,4.18528,3.95667,4.00999,4.82424,2.74373,3.73439,3.22742,3.71907
6.05744,3.60233,3.2912,3.99617,5.07533,5.54581,4.3423,3.20592,3.18533,3.47238
3.59049,4.85987,3.51932,2.13322,3.23742,2.61877,4.87968,4.62738,3.63531,3.40381
4.91807,4.43637,4.77198,3.48837,2.7655,6.20634,4.14162,4.87693,4.51434,4.33693
5.4499,3.25065,3.49864,5.41762,2.86574,5.73456,5.96594,3.14355,3.80414,5.38868
6.15699,2.3194,4.3936,3.46944,3.41713,3.19982,2.63268,3.11862,3.2355,3.03482
0.456375,5.7217,5.07419,3.0394,3.43872,4.81153,4.13226,5.849,3.48443,4.44834
3.40496,3.98386,3.47326,4.18013,3.31717,5.23705,4.99162,3.91426,3.29831,3.59605
3.38645,4.37891,4.22103,4.6393,4.2988,5.4304,3.86011,4.73705,5.86388,3.44922
5.32571,3.53622,2.88717,3.87989,3.58798,3.92679,2.52835,4.1244,4.34248,5.74357
3.84663,4.57621,3.97956,2.94264,4.19383,1.75209,2.73784,3.1589,4.14483,3.8367
6.53189,6.77349,1.52538,2.19788,4.73447,4.07406,3.68419,3.08304,3.05577,4.48153
4.07106,4.9636,4.66705,6.92063,4.79922,4.55576,4.84944,5.7038,5.01173,2.93198
2.55219,4.27312,3.75293,5.83478,3.89188,2.37014,3.82356,3.88876,4.56734,4.16296
2.45048,4.69179,3.67719,4.41785,4.57594,4.07089,4.23689,6.08419,4.65635,3.99224
4.25217,5.57763,2.53379,4.99281,4.75381,3.0923,4.91459,4.68499,4.68007,3.02672
5.27802,1.581,3.02219,3.73312,3.93796,5.22234,3.67992,6.85497,3.35786,3.36671
3.619,5.01399,3.10933,2.54029,6.74532,3.5676,3.54256,2.18958,4.50264,3.79385
2.57725,3.15788,7.28142,4.12241,2.31497,2.32955,5.50856,4.36383,4.28922,3.25206
5.33264,4.27143,3.97576,4.27113,3.80797,5.19511,2.22155,4.5813,5.24294,3.66332
5.11443,3.82872,4.11809,5.03316,4.31644,4.01166,5.17839,3.52563,3.00502,5.11059
3.05835,3.74788,6.19125,5.0959,3.62679,3.32823,4.45474,3.77393,4.82585,3.96272
1.77591,3.46864,3.16797,3.63723,2.16883,5.3606,4.46922,4.37114,5.26728,4.48116
1.66961,3.92289,3.12012,3.81164,3.54452,4.97472,3.91402,4.97224,3.02477,4.29134
5.66064,3.01382,3.52622,2.94952,4.82005,3.84604,3.38392,4.43873,5.01744,3.13469
3.69389,4.99381,4.00729,3.65726,3.75829,2.99565,2.94669,4.00539,5.38878,3.62985
2.87135,2.36182,4.1052,3.53262,4.94709,3.87273,4.8089,1.18431,4.15329,1.67045
5.8198,3.55577,2.58336,2.86141,2.09341,3.95188,3.99909,4.80354,3.55498,4.54063
3.60509,5.03499,5.39107,3.79878,3.71094,2.48049,2.36014,4.50939,4.52207,4.33413
3.35665,3.51356,4.50173,4.12208,3.52781,4.26027,3.45435,2.98921,2.63524,4.33949
4.12537,3.56874,2.66936,3.91011,3.46916,2.59263,4.31734,2.52567,4.61468,4.68949
1.95692,1.93045,3.10295,3.52422,4.69269,4.03738,4.93026,4.82617,1.44841,3.42043
4.95729,4.04415,3.65219,5.78749,5.26888,3.5685,3.56567,3.39088,4.93636,3.3821
3.33231,3.79863,4.15891,2.96906,4.00524,5.11779,4.81737,4.18501,3.10269,4.22551
2.51793,3.36128,4.99632,5.14483,4.27442,3.94738,4.75272,4.23994,4.06504,4.04166
2.70997,4.44727,3.74067,4.96161,2.43253,3.74726,3.22794,3.8596,4.12973,5.1923
5.50943,2.47596,3.67442,3.54891,5.05579,4.29128,4.45563,2.2546,4.46823,3.84303
3.67036,5.0902,2.77825,4.50263,5.25919,2.8516,5.68557,3.34385,4.10289,4.70857
2.07803,1.71623,4.40428,4.06102,4.13099,3.91414,5.05447,4.0389,5.81366,4.1588
4.38019,4.21241,4.32104,4.02697,6.0697,4.86059,4.8457,5.42631,4.18832,3.88764
3.60984,3.73057,4.77489,5.38344,3.46988,3.28528,3.19796,4.73274,2.90069,3.55962
2.51323,3.49601,4.43526,4.89244,3.47459,3.32834,6.45858,2.80031,3.72198,4.45534
6.18032,4.24605,3.45943,4.3776,3.96182,2.50635,5.01642,4.36052,5.47815,3.69672
4.16587,4.99659,3.84762,5.17508,5.33449,3.54531,3.11802,2.55381,4.7156,2.79382
4.70914,4.84156,5.64037,4.59607,4.27284,4.33468,3.6973,3.95126,2.98201,4.80922
3.45121,2.85669,3.60999,4.32206,3.22678,2.83227,4.9493,3.76445,4.17321,3.3664
5.42662,4.27551,5.58939,4.23519,3.93782,4.11579,4.18232,3.79526,4.09092,2.44588
3.28883,5.98135,3.80932,3.0342,3.52009,2.72266,3.97238,4.52208,5.21001,3.68479
5.91763,3.62543,3.89162,4.92287,2.90071,3.53412,3.65393,3.03166,4.18299,3.57627
4.25716,3.37123,3.29496,4.20122,5.35971,3.93689,5.89238,4.35885,4.09268,4.42359
4.94201,4.01505,4.85268,3.92598,3.70002,4.17493,3.40252,3.38989,2.70615,2.40592
5.36909,4.02202,4.61556,4.33779,4.46619,4.08433,5.05317,2.46692,2.16022,3.99471
3.17967,4.75403,2.90508,5.40254,4.43767,3.95426,3.00325,4.57306,5.04828,3.79807
3.83333,4.18275,4.47617,3.43272,3.0303,5.73414,4.8638,2.50078,2.40019,4.33451
2.5834,4.08372,5.01085,1.96001,3.84312,6.37556,3.89681,4.87529,4.44083,4.58552
2.93291,2.96483,3.80043,5.44111,3.22636,3.46154,3.91767,2.46214,3.19896,5.10056
3.87274,3.37974,4.50101,5.97103,3.81782,3.0648,4.62241,5.71303,3.77549,4.52956
3.49456,3.72688,4.65063,5.94242,1.93038,2.81721,5.32928,4.88892,3.26199,4.40426
4.3716,5.49503,5.70759,2.54639,3.75586,2.08084,4.26119,5.29345,2.60033,4.3773
4.07655,4.32497,3.912,4.58568,3.80683,4.65608,2.29193,5.09441,4.9373,4.21596
3.36505,4.19301,3.80161,3.47863,3.78121,3.87009,3.46467,4.53968,3.20935,2.90242
4.41894,4.50658,0.772791,4.03837,4.00994,2.0514,3.37159,3.16682,4.92406,4.68499
4.7063,3.95801,2.51552,4.24586,4.17389,4.46239,3.9682,3.10391,3.32873,4.24835
4.0848,4.07761,4.41131,3.83459,3.54462,3.65586,3.80788,2.9715,4.01199,4.80492
3.71179,3.01954,3.58734,5.17593,3.82298,5.60513,1.99842,3.20208,2.58129,4.59741
5.24215,6.08611,5.33109,5.31803,3.49372,4.87395,5.41135,3.13864,3.13737,5.06957
4.50219,4.71894,3.5674,4.26286,3.53921,4.75982,7.22425,4.20289,3.86014,4.12658
4.65399,4.74278,4.26964,3.78083,2.84623,3.52553,2.85292,4.73676,3.37985,4.90826
4.54055,4.29784,4.88247,4.44422,4.06892,3.94109,2.78694,2.33464,3.89899,5.56714
4.54166,4.4024,4.50508,3.16395,4.51802,3.95563,3.79107,3.37637,3.61005,3.68978
2.94823,2.87047,5.06311,4.43512,4.06327,5.23277,2.65757,3.8296,4.57334,4.37005
3.33833,1.95593,3.50643,3.77609,5.22368,4.0355,4.5121,5.75708,3.85716,3.3585
2.65854,4.32015,3.80799,4.84956,5.03331,3.85627,3.61637,4.19868,4.19841,2.6867
3.22002,5.33126,2.69278,4.29648,4.50918,3.40366,3.91663,4.72579,3.43309,3.94833
4.39978,4.70422,3.87464,3.43751,5.74138,4.427,5.51865,3.00286,4.88083,1.77315
4.43161,5.5017,4.20304,3.12192,6.319,4.99406,4.2036,3.82521,4.63915,4.80005
4.74556,3.99658,3.87095,3.95251,4.31669,3.21394,4.47139,4.20013,4.49715,4.09693
4.65491,5.13171,3.55107,4.3468,4.6089,2.77121,4.94997,4.44531,5.39367,4.19606
3.90467,3.07101,3.82589,3.22678,4.35152,5.46236,4.20631,3.31306,3.07068,4.42706
2.85869,4.11248,4.28489,3.4058,3.48215,5.33376,4.05293,4.15824,5.04795,3.8628
3.743,4.59013,2.61948,6.76074,3.61884,3.24394,3.90861,3.83279,2.51246,4.89873
4.26101,4.32181,4.36488,5.68944,3.4272,3.37557,3.76879,2.79414,2.04799,2.51932
4.28478,4.28777,3.14924,4.20444,3.53659,3.71646,4.3978,6.05395,4.37883,3.11719
3.36131,5.25984,3.55113,3.55922,2.3071,3.73406,4.2351,6.13622,2.70102,3.79477
3.05565,3.54909,3.44267,4.31892,4.78299,3.75529,2.72492,4.60029,2.08502,4.55189
5.03416,6.02998,4.2185,4.09527,2.94769,3.93521,3.73728,2.58046,4.71891,4.03033
3.37115,4.05874,4.45935,2.9092,5.08811,5.00466,3.9557,5.15562,2.73145,3.50096
4.65048,4.51483,4.48642,3.79681,5.13563,4.86,4.84951,4.27823,3.35019,2.8372
4.32786,4.09429,4.63279,5.56929,3.57341,3.37358,3.99016,4.56837,5.60282,2.18408
3.55998,4.88524,4.3133,5.0722,6.2178,4.56094,2.7837,2.33297,4.14968,3.99653
3.97902,2.98168,5.16241,5.21524,5.19178,4.33529,3.14227,4.53693,4.24911,4.53515
2.81278,3.17242,4.52602,4.71584,3.15818,3.83936,2.9973,3.75055,5.4251,3.33131
3.13388,3.63183,3.63037,3.19092,3.1232,3.97277,4.7083,3.21815,4.36864,4.05006
3.51441,3.29858,4.10182,3.80493,4.78649,5.31191,3.92261,2.57181,3.35337,2.69844
4.55114,3.07678,5.59725,4.08111,4.90215,3.65535,2.77808,2.16714,3.5963,2.26561
3.49257,2.42432,3.38073,2.24947,4.76027,4.38184,4.70365,5.38279,3.70688,4.57519
2.58313,5.9231,4.12511,4.07417,4.89785,4.31295,5.18107,4.35111,5.57532,3.27145
3.64794,3.29971,3.23885,2.78244,4.76895,4.38119,2.64264,4.36309,3.85052,3.84542
3.29162,2.88003,4.54168,2.17699,4.47583,5.54366,4.92369,5.00596,4.18482,2.69389
3.88136,2.10295,4.08029,4.62602,2.8681,5.84722,2.53614,5.40853,3.64631,2.90632
4.65806,1.99726,3.65494,4.1804,4.42978,3.62007,3.36445,3.36316,5.00851,4.3111
2.9436,4.10224,1.9069,4.34352,3.21047,4.08354,4.97139,4.03611,4.80795,3.71142
3.33851,3.37717,4.42141,4.0572,2.97541,4.37028,3.80182,4.48616,5.77892,2.21029
4.94255,4.45218,3.45681,4.86833,4.40603,1.82802,4.55375,2.10882,2.86973,4.88351
5.16881,2.13468,3.55847,4.89381,5.76775,3.69504,5.26333,3.08111,1.68893,2.33239
3.17857,3.87223,5.84152,2.67483,5.91611,4.10962,3.57485,4.54989,4.12876,3.84444
4.46593,5.35656,3.64346,3.27343,5.76759,4.16665,4.28689,3.71929,2.86119,3.56756
3.31951,4.15673,4.44353,5.91755,3.63549,4.60039,5.19689,3.38571,3.0673,4.95179
4.63742,5.04221,5.13633,3.50413,1.75285,2.57577,3.4841,3.39809,4.43011,3.91882
3.68284,6.09416,4.52697,1.58843,4.79757,3.75011,4.74306,2.24327,2.95299,2.78085
6.24409,3.4207,2.42067,5.91373,4.78033,3.64953,4.69109,1.4109,4.56552,2.93115
3.13964,4.96833,5.78403,6.47013,3.90027,3.4544,5.33916,4.49988,5.37738,3.62149
5.58713,5.71992,5.61285,3.43186,4.37405,1.89167,4.57952,4.1983,2.34071,2.90446
4.1703,4.22754,4.9896,6.14253,4.613,3.18154,3.72797,4.25255,2.61253,4.98179
3.31737,3.66417,5.09188,3.52358,5.10696,4.32236,3.24086,3.54095,3.57875,5.96139
3.97742,4.23042,5.24876,5.67557,3.54861,3.75559,3.01984,5.13634,3.51945,4.57389
4.13443,5.08895,4.95606,5.04255,3.05181,5.33707,5.13882,2.58365,4.92515,4.51273
3.98418,3.75186,3.28378,4.88718,3.88543,4.33139,3.39688,4.2899,4.39782,4.58298
3.65311,2.50024,4.51223,5.4443,2.55487,5.09021,2.64929,3.84734,3.97383,4.3725
3.59012,4.39101,2.18409,4.95416,4.37476,3.46306,4.04359,3.91676,2.88169,3.9362
2.63706,2.59195,5.09897,4.60148,4.4204,2.90247,2.39424,3.4374,4.44578,4.87051
4.19868,3.38805,4.6769,3.89961,4.65721,5.11775,2.01876,4.28544,3.19079,4.25496
4.45746,4.84063,4.5151,4.51141,4.19013,3.35038,5.60075,4.4574,3.27147,2.1268
3.24729,5.18064,2.74746,3.17099,4.07063,4.0185,2.29112,2.25335,4.5356,6.08637
3.04623,3.25584,4.21927,5.83856,2.59358,2.44622,4.62299,4.15065,4.2971,4.51775
2.80166,4.12302,3.25689,3.17897,1.99034,3.69479,5.39166,5.24694,3.71269,3.50835
4.68428,3.1801,4.77375,4.60547,4.0476,3.27812,3.93957,3.85432,3.65051,3.70633
4.82887,5.11334,3.67129,4.47318,2.83332,4.90783,4.92528,4.85205,3.34006,3.73316
4.22699,4.79567,3.65348,4.52197,3.71526,4.49418,2.55023,2.02133,4.77184,3.50726
3.79208,5.09435,4.16606,4.8705,5.89694,3.7309,3.65992,4.99254,2.07581,4.29605
3.17854,4.37524,4.63652,2.36472,4.29311,3.10093,2.1854,3.52372,3.10876,4.13972
4.04771,5.25815,3.47384,4.82197,3.35923,3.19616,3.82542,4.45817,5.1556,3.42614
4.47175,3.19245,2.91734,3.7224,1.31781,6.7187,6.23046,5.15871,2.23573,5.66906
3.55822,4.14434,2.81304,5.34848,3.90583,4.29679,3.95952,4.612,4.26529,5.00906
2.57116,2.97229,4.19541,3.12417,3.17869,4.61514,2.04303,3.55966,3.47586,3.40457
4.41389,4.89448,4.9612,4.14905,4.59431,3.56207,2.11853,3.69397,4.4981,4.00336
3.47486,3.12356,2.32729,4.5434,5.78232,3.04335,4.80386,2.31072,5.1828,3.6827
6.14225,4.48291,3.5087,2.79194,4.16914,3.3482,2.75852,4.63771,3.27474,6.49665
5.22147,1.74825,3.61282,5.98236,3.72921,3.78127,3.14239,2.72601,4.45274,3.84458
1.36427,2.01942,3.42411,6.11639,4.24848,5.06868,3.78239,4.33815,3.06721,4.39869
3.81474,4.02987,3.05774,4.25314,3.75516,2.02822,4.15402,4.10777,4.27075,3.96102
5.35964,5.15596,3.21265,3.02893,4.2491,3.90608,4.07954,3.39768,2.79612,3.3714
4.88777,3.86835,3.89059,3.23539,3.70008,2.65875,3.19828,3.0153,5.70936,4.34666
2.69093,3.33369,4.08475,4.50445,3.74379,5.25221,5.81385,3.13438,4.04392,2.88441
4.77599,5.16319,3.19716,3.97452,5.28157,3.77128,3.78385,4.49266,4.85307,3.60005
3.94938,4.54371,4.21147,2.84407,5.27956,6.142,4.93854,5.92074,3.99602,3.11298
5.02519,5.09848,6.57716,3.91576,4.47725,3.89913,3.27179,4.77581,4.49958,0.718287
3.98495,5.03281,4.3084,2.70991,4.4379,5.47521,3.76567,6.19281,2.71039,4.8468
4.90251,5.3787,3.79727,3.87642,2.08256,4.70117,3.72519,4.20751,4.9181,4.4439
1.99585,2.32612,1.89155,2.26112,4.0568,3.615,2.05746,3.66303,3.48821,2.04155
5.04419,3.80748,1.83657,3.29212,3.96105,3.91468,5.24739,4.92715,4.70302,2.95814
2.8876,4.57698,3.43268,3.22359,3.33793,4.77595,4.52806,2.58563,5.6629,3.49378
5.45807,5.1226,4.28593,5.4618,3.57989,3.2179,4.84121,3.78433,4.30413,3.77351
3.33364,3.90601,3.4966,2.84661,1.88838,4.03374,2.92873,4.49986,4.55663,3.36313
2.23766,2.98032,4.87354,3.16618,3.55981,3.82365,4.22884,3.45974,5.79439,4.37803
4.53358,4.04299,4.36748,4.76934,2.65451,4.36709,4.29313,5.74605,4.35976,2.5116
3.92673,3.16097,5.19412,4.09591,4.94618,3.41582,3.43116,3.49186,3.49563,3.79574
3.60862,4.5349,3.31748,5.26243,4.31562,4.45733,3.90225,4.62264,4.69657,3.67644
5.42576,2.6516,4.85696,4.27527,4.35321,4.31976,5.56744,3.86017,4.64411,3.9422
5.11497,5.05632,4.75006,4.02264,5.32004,3.4974,2.38493,3.23608,3.64623,4.84554
4.07128,6.99968,3.5749,4.18384,4.38881,3.33667,3.40336,3.68573,5.00738,3.6518
2.24957,4.2573,4.3278,3.62815,6.95949,2.65386,3.94648,3.48519,3.29222,4.02205
4.06324,3.21646,7.25309,2.99848,3.70502,2.81209,5.52736,2.09758,4.56441,3.86085
3.38148,4.9185,2.89767,3.76273,5.46741,1.75731,4.05201,6.13211,4.26543,4.55245
4.40564,4.31487,4.23946,2.75179,4.6767,3.2693,4.11668,5.01668,2.71517,2.44495
3.74952,3.36084,5.28803,4.14819,5.45105,4.5523,3.05529,4.24065,1.92472,4.73426
4.05783,3.10746,5.69452,4.63136,3.63595,2.29045,3.89391,3.66511,4.01854,5.68442
4.18045,4.23827,5.11717,3.9784,5.00022,3.51076,4.36133,4.00634,3.75629,3.74076
3.35361,4.17112,3.93079,5.16259,4.30274,2.90515,5.08987,4.7535,4.15642,4.14003
4.01913,5.13163,5.4645,3.02108,2.97944,4.16766,5.05309,4.55799,4.47909,4.06287
4.40141,4.75577,2.61021,4.09322,2.72708,5.80886,1.54235,5.53682,4.04064,3.73385
4.21063,2.79229,1.54983,4.42164,3.54427,2.281,4.3941,3.17741,5.05674,3.03785
4.01895,2.33828,3.06707,3.96653,6.4887,5.18318,4.15487,3.57077,3.85485,3.61821
4.95786,4.62123,5.79135,3.74648,7.05375,5.52315,4.18372,4.52871,3.32021,3.84995
4.36887,2.86015,4.74059,4.26753,2.0358,5.08149,5.29512,4.45501,3.79894,4.06675
4.82056,2.86692,3.37693,3.21871,3.42323,5.84379,4.41308,3.76486,4.93578,1.85855
4.78668,3.79045,4.57936,2.56518,4.64401,3.82219,3.73434,3.16584,4.9175,3.59117
2.50831,4.79466,4.69361,6.16123,3.65175,3.48873,4.05537,3.44225,4.31168,2.98532
1.94347,5.83938,5.06506,3.45659,2.98504,5.10442,5.16357,3.64368,5.0853,2.00705
4.47218,4.77213,5.73929,3.99282,2.29807,2.56671,3.44941,3.91586,3.28116,5.75829
2.50495,1.83076,3.37698,2.40867,3.5706,3.15018,5.02544,5.42033,4.28859,2.70891
2.64663,4.12278,2.44955,3.95184,4.20798,4.41311,2.59974,2.80297,6.19598,5.08191
4.09534,4.46983,3.74448,4.44999,4.79972,2.79778,6.45485,4.50732,3.0518,2.20715
3.7247,2.87626,2.62613,4.25085,4.8863,3.60382,4.60782,4.19888,4.66076,2.62708
2.05673,5.27183,4.92451,4.21509,4.45887,1.75845,3.42127,4.27431,2.63303,6.55467
3.52126,3.88961,5.08013,5.03807,4.48049,4.77295,4.98389,4.68698,2.91469,1.82504
4.14349,3.88475,4.9673,2.86506,4.43781,4.72628,5.15599,3.2937,4.46324,3.2595
4.24697,4.63641,3.62195,4.81949,2.50874,4.31764,4.24237,3.6097,3.10234,2.4624
5.06562,2.90024,4.5149,4.0095,4.88636,2.5928,4.77559,3.48481,2.62929,3.55972
4.35836,1.97872,4.67172,3.84298,2.27601,5.12376,4.13962,3.85725,3.82406,3.5452
4.35621,3.14796,3.54638,1.94215,2.29154,5.26195,3.63354,4.84508,4.09864,3.42045
3.89853,3.82189,3.06319,3.58243,3.07069,5.34787,5.39909,5.23326,3.27253,3.9797
4.583,4.0466,3.06905,3.48571,4.0411,6.71388,3.02645,4.25043,3.50288,4.38126
3.82766,4.14977,2.04284,4.02375,3.7865,4.22304,5.21017,5.66255,4.33801,4.82583
4.28757,3.95752,5.35335,4.6542,4.31709,2.36592,4.0234,4.43556,2.20081,3.79286
3.35117,6.02938,6.00152,3.08442,4.233,6.77699,4.15356,3.08589,3.26054,4.42981
3.47573,4.34786,4.7782,3.06729,4.46758,3.38586,3.41261,5.2233,2.44704,3.74757
3.89685,4.36279,3.54309,3.59723,4.17388,3.97315,2.88593,2.53913,5.59727,5.27009
5.80292,4.7732,4.02073,4.3286,3.81556,4.37892,4.9607,4.55495,2.70087,3.2262
4.6588,2.28508,3.69803,5.5665,4.23882,3.56869,6.55624,3.55985,2.74556,4.65838
3.32361,2.31685,4.09227,4.47835,2.82729,2.86189,3.99911,4.27119,3.35343,6.18333
5.15597,4.92049,3.08168,4.91826,3.07953,5.14014,3.19523,5.66736,1.96882,2.89807
3.9779,4.63386,2.54266,3.83196,3.9509,3.66296,5.1719,4.56784,3.38151,3.97558
4.55667,4.72706,4.57696,3.89153,3.59019,4.42296,5.60547,2.15499,3.63826,3.1122
5.02184,3.57897,0.866605,4.12206,4.21761,2.89645,3.89708,5.36191,4.04021,2.85079
4.13991,4.75613,5.53737,2.99155,4.92644,3.63137,1.45154,4.47893,2.22537,4.52865
3.51705,5.03349,3.58553,3.66163,4.8374,3.67666,2.95276,4.31818,4.87232,5.68502
4.08959,2.69393,3.52607,4.73173,3.36723,2.97321,6.84947,5.22716,3.68689,4.42572
5.0329,2.23495,3.65829,2.69912,5.29042,3.01192,5.83897,4.43406,4.53228,5.8291
4.85215,4.90636,5.24939,4.55529,3.17665,5.65148,4.21209,4.25198,2.42348,4.75302
4.78215,4.03694,4.4457,4.02525,5.56959,0.927421,3.97402,4.53851,5.51758,5.15707
4.5982,3.40589,4.53066,3.95843,4.28331,4.40742,4.3295,4.63674,3.76332,2.10675
4.49976,2.54534,3.68025,3.78343,4.11057,4.50429,3.99677,3.85449,3.70992,4.47795
3.75171,5.23012,3.23332,4.68901,3.73334,3.7408,4.21543,4.63989,2.54458,4.49722
4.67189,5.29066,2.94519,5.07217,4.10055,4.57351,4.09131,2.74455,4.28551,5.84999
4.1882,3.45659,3.29466,4.25073,3.0693,4.75528,3.11565,2.86702,3.64555,4.43897
3.66888,4.18806,4.55298,3.63031,5.3758,4.8726,4.7749,3.69164,4.43727,3.84271
5.02481,3.99811,4.76247,4.19634,4.43606,4.87358,4.63494,1.47887,3.69006,5.19591
4.03642,3.16462,3.23081,2.57202,2.13659,3.25429,4.22656,4.50634,3.41948,4.93049
2.38705,4.75708,6.33742,4.02309,2.92986,3.01611,4.47429,2.69133,4.39213,4.11117
4.15082,3.35818,4.37115,2.63091,5.59394,3.19515,4.68997,2.95628,3.00093,3.68355
3.45138,4.12626,4.0383,4.3241,4.05985,4.19357,4.27502,6.09501,3.63673,4.49177
3.32708,2.03535,4.89058,4.49992,4.92165,4.08185,4.06384,5.60196,3.62627,5.18459
5.64801,3.14703,2.66992,3.70291,4.65323,4.51556,4.60438,2.79029,4.65603,4.87565
3.21871,3.62507,3.18498,3.08818,2.27425,6.67882,4.51532,4.3706,6.08485,3.4663
4.77534,3.81662,4.33272,3.32161,5.37724,3.96848,1.43618,3.65057,3.65779,3.01764
5.43589,3.83946,4.09478,3.33316,3.76102,3.34485,5.0722,1.77291,4.65707,2.82371
3.92003,2.66566,4.07831,5.84842,6.11621,2.92954,5.35924,3.84368,5.3924,4.83158
4.2394,3.81596,4.80902,4.72996,4.71722,3.53647,4.16373,6.21455,4.73148,5.34966
2.8778,4.40588,4.19244,4.36414,3.34278,3.74898,6.58664,3.79338,3.68917,4.69891
4.42362,3.24645,5.1269,4.28893,3.13594,2.18303,4.57587,2.40457,3.43366,4.31381
4.36878,1.75929,3.0266,3.97236,4.45988,6.84291,3.10145,4.43862,3.82538,4.31825
5.24833,2.77727,4.35185,5.86745,2.52376,4.05593,4.18334,4.10728,3.80942,5.34434
5.06831,3.69734,3.19148,2.45208,2.43386,3.74719,2.79523,4.3657,2.86979,1.94208
1.99803,3.21983,2.49998,2.89002,3.56833,6.07466,3.54026,5.10219,1.90417,3.69512
4.89967,2.67426,5.36319,4.02014,3.42189,4.89217,2.56653,2.34041,2.52258,3.72538
4.20423,4.69096,4.26999,3.62749,3.03123,3.44683,4.32165,2.77751,4.27751,3.93569
3.18749,5.28228,4.44389,3.73863,4.52074,1.34278,3.3609,5.25222,4.44716,5.93495
5.20899,3.34535,4.26609,3.59028,4.72411,3.83035,4.36711,3.41324,3.41759,4.88767
2.09022,3.65758,2.71307,4.8518,3.73507,3.70625,4.96801,4.64946,3.69517,3.41708
4.1,4.6431,4.29017,3.79373,1.63197,4.36797,4.22408,2.1566,4.72483,4.73995
2.9837,4.00788,4.50027,5.7506,2.82264,3.26718,4.53158,4.98369,4.71428,3.75008
4.78826,4.76934,3.07752,2.78053,4.67034,5.61802,5.34207,5.30643,2.44786,4.66558
4.22539,2.93016,3.67642,5.17417,5.52264,3.98779,3.37781,4.01665,3.38844,6.26418
2.73864,3.28548,4.73756,2.79747,5.48314,3.06938,2.3032,4.18061,4.52748,3.84028
4.19012,6.23685,2.08414,3.9952,4.31519,4.23848,3.33743,3.58876,4.54921,4.55093
4.90362,3.45243,2.96921,2.67735,3.31284,3.22742,5.18221,3.70283,3.04626,4.3342
4.41283,2.35459,5.52437,3.50371,4.39019,4.46234,4.40013,4.62585,2.47457,6.88955
5.20039,4.23743,4.70582,3.1325,3.24111,4.3277,3.99561,2.60917,4.32872,4.21667
4.90491,2.33428,4.26385,2.81849,4.6211,3.26092,5.68204,4.03564,3.05611,1.97063
3.05733,5.75465,3.81035,5.09876,2.92142,2.64504,5.13047,4.92867,4.41103,5.53115
3.2992,3.30314,3.65812,3.98846,4.57546,2.50241,1.60437,3.80872,4.21214,4.81355
4.7076,3.70001,3.38124,4.08716,5.22774,4.23386,4.47582,1.80535,3.81289,3.12826
2.68781,4.33066,4.95357,5.28325,5.63714,3.7041,4.62019,3.09121,2.91339,4.89112
4.76894,5.10614,4.69655,4.1658,4.17321,4.40374,5.29358,4.49571,3.54678,4.41335
3.76047,4.07603,3.69421,2.11678,2.45218,2.49807,5.54788,4.59285,4.5866,4.59253
4.30632,4.55322,5.12043,4.90665,4.11759,4.2404,5.39453,3.58969,2.00126,5.51888
3.95196,4.49113,3.87287,3.09101,3.61829,2.65228,4.0831,4.13943,4.39995,2.8344
5.5102,4.11165,2.98712,5.05118,4.80871,3.69121,3.62019,4.51468,4.09446,3.82297
3.67006,5.71086,5.11034,2.61019,4.78657,5.52461,4.21124,3.96221,4.9453,3.84424
2.51609,3.66648,4.04322,4.09356,3.071,3.02463,6.08726,3.38394,2.78607,1.89578
4.41121,2.35376,4.77069,2.14613,4.63904,3.26621,3.03691,4.81781,4.58935,3.89451
4.38505,3.08847,4.54438,4.49438,3.08553,4.23615,1.85514,4.74129,2.08431,2.91779
3.94762,3.64436,3.0431,3.61027,2.1745,3.17665,2.5705,5.01185,5.00065,4.8007
4.54259,3.07426,3.88362,2.86942,5.11115,4.6091,4.70176,4.59334,3.75475,3.21161
2.80032,2.22315,4.85434,3.92761,2.58719,2.97024,3.85603,2.25518,4.93672,3.33676
4.2698,4.1567,4.79404,5.87668,4.90744,3.10088,3.9593,4.9552,3.81115,5.29757
2.1972,4.31977,3.29044,4.5174,2.78016,5.42655,2.5962,4.20143,4.78837,6.24193
3.52549,6.39848,5.16401,3.9101,3.68941,2.62533,2.59302,5.17507,4.08206,3.83345
2.7627,3.79487,2.62332,4.48021,3.83187,3.93935,6.02016,4.93216,3.37184,3.43572
2.89915,5.358,2.97386,6.30115,4.55478,2.90509,2.61574,3.98228,4.35124,4.91954
6.23306,4.30996,4.436,2.53713,2.13903,2.67162,3.6671,5.06424,3.59269,3.29142
3.20943,5.20327,3.12513,1.19709,4.89015,5.48215,4.84315,3.81184,4.06497,2.82048
3.00491,4.68474,2.82059,3.4598,4.08964,5.09526,4.00258,3.64485,5.98823,3.16765
4.2977,4.80679,3.99549,3.92898,3.94486,5.59628,5.74138,2.63218,4.77868,3.74796
3.03084,4.65515,4.01237,6.12271,3.89856,3.64138,4.86392,3.4164,4.15361,4.60653
3.04687,3.1066,4.92319,4.40646,4.1884,4.96649,1.78745,3.59545,3.55102,3.6621
3.45928,3.61314,3.47267,2.39301,3.18918,4.60869,3.5644,3.15134,5.65412,5.05468
4.28836,3.56327,4.46675,4.47173,3.97274,5.62307,3.41302,3.43023,4.16339,4.07895
3.38949,2.7656,2.34995,3.79491,5.7499,3.60692,4.15972,4.55942,5.11725,4.61314
5.77013,4.96751,2.99151,6.12263,4.25124,3.36399,3.68669,0.838494,3.24195,5.29817
1.86733,3.12723,4.7452,3.33574,5.15908,4.36009,4.17179,3.98444,2.82639,6.57328
3.70048,3.87965,3.24272,3.82996,2.68532,4.0504,6.48934,3.45188,4.78316,3.05566
4.03166,3.36541,3.35963,5.10299,3.67915,4.68666,2.57156,2.90118,3.9623,2.34235
5.13462,4.46925,4.68933,3.91243,4.19402,3.44213,4.77214,4.67858,4.94129,3.53072
2.99558,5.37998,3.57711,3.95746,3.34987,2.9991,3.43962,5.04568,4.69223,3.58784
5.79933,4.97476,3.70546,3.46042,3.50563,3.14945,4.32853,3.08684,3.99005,3.94197
6.6155,5.07187,5.77577,4.64378,3.71278,3.75881,5.48418,3.2674,4.46026,3.45823
3.22274,6.15856,4.51785,3.14686,3.07295,4.05364,3.80775,2.91158,4.43848,3.81282
2.9204,3.45079,2.93953,4.61367,4.42484,3.96738,4.59508,3.47895,3.09897,5.51909
4.57433,4.0395,3.99628,3.16458,0.743666,1.88146,3.84424,5.47764,5.3398,3.799
5.31756,4.56098,4.13077,3.25683,3.37659,3.49638,3.30139,3.91227,2.62732,3.30147
4.51786,4.17498,5.10604,4.8538,5.40778,3.90601,4.41307,3.52017,3.15261,2.97681
5.47885,3.72133,4.42629,2.68251,4.30306,3.15006,4.49347,4.01053,3.85712,3.80269
2.23007,2.18478,3.78059,3.05825,4.4372,4.46008,5.00477,3.36408,4.71263,3.05473
2.66947,3.6811,3.36487,4.04982,5.04881,2.21838,3.71971,1.50449,5.8527,4.32973
4.26579,4.02722,3.86426,4.22831,4.89746,2.79608,5.02001,3.50815,5.7154,4.48919
4.71065,3.93266,2.82525,2.44734,2.34185,4.91896,6.3677,4.43968,5.12058,3.68579
3.48853,3.59566,4.82311,5.21808,3.28227,3.5045,1.81682,2.88362,3.27431,3.96144
3.01273,3.8591,3.91086,4.95566,4.70305,4.3243,3.74514,4.03005,4.15117,4.98352
4.89639,3.12942,3.62915,3.86552,4.77047,4.00751,3.77484,2.83433,4.11434,2.87482
3.29707,4.2472,4.79905,4.69144,4.01303,3.14295,3.30799,1.20545,2.66669,4.1282
4.91507,4.00753,4.97915,3.53689,2.39636,4.73035,3.43114,5.89518,4.1438,5.75393
2.90135,3.59097,3.88329,3.05163,4.43406,3.46202,3.87244,4.15612,5.34051,4.47935
4.59573,4.11459,3.63313,3.53781,3.91765,4.63708,3.31639,4.03297,5.21857,4.62198
4.85169,4.40149,3.8701,5.12671,4.02117,2.6137,5.50797,3.85851,4.23409,4.78997
5.42196,3.95324,2.51043,3.37591,4.55065,3.53534,5.07425,4.53106,3.31724,3.18761
5.08123,3.77868,3.03168,3.89552,3.71116,1.9345,4.42768,6.07534,4.3241,3.2983
4.93238,3.73152,4.83489,4.215,3.20424,4.75654,3.70126,5.60258,3.4769,3.37286
6.11195,4.81351,3.96516,3.08138,3.12217,5.05285,3.39021,3.10631,4.8043,1.61146
2.30715,2.87805,4.5237,4.00507,3.22317,3.41905,3.21816,1.34623,3.73907,5.38553
3.05284,5.07291,2.90467,3.87221,3.61622,2.21912,4.81602,5.4998,4.83967,5.71061
4.64688,4.65226,3.89611,5.68589,4.15338,3.27681,4.73288,3.38506,2.26571,3.48715
5.16753,3.57625,3.45547,3.64202,3.29024,5.21352,3.19955,3.72622,4.91236,2.83781
4.17055,4.9239,5.05313,5.29641,5.26801,2.46972,4.06444,5.6732,2.30145,4.2557
1.80208,2.62707,3.64361,3.57403,4.54667,4.02117,7.10076,4.82063,5.63575,6.27296
3.75229,2.67611,4.57953,4.63357,4.70214,2.16411,3.63948,3.65893,4.69848,3.64124
4.04484,4.11787,4.25036,5.0855,4.5209,3.5151,2.50418,6.09254,4.39568,3.63619
2.28773,3.67614,2.88803,4.01128,4.4648,2.29002,4.74903,4.64611,4.06857,3.18339
6.07838,3.68296,2.04756,3.84511,3.70116,2.82208,3.54402,4.22723,3.53159,3.9665
5.35713,2.97701,3.65339,5.72579,3.13362,3.50867,3.42819,2.3962,2.71171,6.39621
4.02,5.0361,3.01877,4.66162,3.99384,5.5066,4.07683,4.63959,4.78781,4.63425
3.83516,3.12495,2.66749,4.52726,2.76207,3.93466,4.35975,2.95333,3.67327,3.67913
6.42645,3.41921,4.59128,2.69444,6.01868,4.33211,5.06207,6.1479,3.03076,3.74908
3.47022,3.15189,5.2451,2.9492,3.63442,3.78145,2.94021,4.71005,4.12721,3.16
5.04179,3.71602,3.88165,5.0739,4.33677,3.64811,3.00786,4.29035,3.57572,3.86816
4.96668,2.45926,3.89891,5.41086,4.76542,4.40472,4.15329,3.04012,5.54205,4.11234
5.13049,3.65673,5.28721,4.93898,4.07216,4.57144,4.0617,3.89864,4.48743,5.65648
3.33688,4.32992,4.17666,3.89326,4.32853,4.52775,3.04199,4.05544,2.10277,4.28447
3.87635,2.74225,4.45376,4.64687,2.86379,4.97939,4.48472,4.93517,2.5951,4.87491
2.34498,3.9542,3.31071,2.32409,4.28016,3.78716,4.77219,4.25915,2.14117,5.49853
3.56311,4.40977,4.3511,4.76886,3.89916,3.86046,4.13642,4.05031,5.03856,5.75293
2.44895,5.05718,4.76314,5.17895,4.1233,2.38617,2.71361,4.00966,2.90185,3.66193
3.55807,3.69159,2.87837,4.08625,5.58576,4.26687,3.63251,5.03831,5.85428,3.95132
2.78792,4.73951,2.35247,4.08416,3.16777,4.00293,2.37878,3.00469,4.69464,3.64451
3.52424,2.68246,3.82406,4.77715,3.62363,4.51342,4.8932,3.73057,3.76927,3.26391
5.39868,3.85055,3.40193,3.04296,4.29328,4.41691,4.81658,4.68282,4.8077,3.73482
5.13033,3.06983,3.97278,3.31183,3.52471,4.31438,4.49631,4.34496,4.76142,1.40666
6.79705,3.3758,5.5194,4.39029,3.11861,3.85215,4.70002,5.43772,4.7841,3.55288
5.14195,4.2022,3.28748,3.44648,3.19008,2.37088,4.84916,5.00903,2.40226,3.62349
2.54364,3.17358,2.70789,4.70637,5.62634,4.28717,4.86941,4.72756,6.87338,4.02162
4.60699,5.41692,3.9983,3.06332,4.37503,4.73099,2.8424,2.71717,5.04786,2.87945
4.32044,1.8592,3.62605,4.47382,4.00786,5.28343,2.52308,4.00834,4.93511,3.65147
4.93036,3.66193,4.85081,3.92892,6.32722,4.92936,4.27584,5.48339,1.57896,3.92264
4.25306,4.46112,2.64078,4.96282,4.10433,4.88255,4.10774,5.0875,4.0435,2.85888
4.79369,5.27042,4.29709,5.35503,5.17521,2.95501,5.33363,3.97988,5.60976,5.94055
4.05638,3.10988,1.94327,3.75927,5.55413,3.96297,6.57781,4.38861,3.25396,3.16573
5.20567,4.24614,4.00391,4.15989,4.65034,4.69522,4.36656,3.51185,4.32949,3.4266
5.14226,3.71349,6.3557,4.75547,4.99177,3.48302,3.61984,5.01863,4.46353,2.04482
2.68939,4.9561,4.42848,2.52892,5.2828,3.60346,3.62294,5.26214,4.68482,3.81136
4.33205,3.74114,3.78399,3.75569,4.33186,4.48243,3.60117,4.54184,5.25214,4.88751
5.37203,3.29668,4.61437,4.01219,3.65524,4.48399,2.3771,4.4055,3.9976,3.72802
1.58431,4.21489,2.42795,2.97629,4.08334,3.83476,3.0174,3.52375,2.95311,3.27406
3.34262,4.46345,3.74044,4.41482,5.92943,3.18926,3.41237,4.29482,3.45216,3.53228
5.12047,4.40243,3.74535,3.28684,2.72205,3.4143,5.37891,4.64645,4.27877,5.0177
4.11756,4.87819,3.76039,1.94168,5.1533,4.40209,3.47123,3.49313,4.16024,3.63451
4.23629,5.93209,3.53478,4.51398,4.56962,4.85792,4.43432,4.23266,2.42663,3.86424
4.05738,4.44913,1.83501,4.91575,4.39241,3.11769,3.96561,2.94848,3.12449,3.92004
4.29079,3.53464,3.19067,1.41343,6.40084,3.50482,4.88185,2.70326,3.10426,3.66281
4.54091,4.72455,4.04952,3.45094,2.29049,4.79196,4.52876,3.62278,5.59774,4.6381
4.21573,4.27579,3.41225,3.80027,3.49719,3.79696,5.36824,4.12365,4.44363,4.0038
4.45976,3.123,4.37978,4.8132,4.6769,3.03109,2.79685,3.54164,4.7629,4.28862
4.16461,3.51058,4.6419,5.71377,6.16251,4.49424,3.92505,3.05162,4.23099,2.0099
1.90511,3.61691,5.46977,3.26693,4.09885,4.40009,3.02945,4.81951,3.09249,3.4468
3.11436,2.17245,5.51631,3.1634,4.02035,3.43632,4.24253,4.29758,3.40853,2.31296
3.66249,5.21044,4.25108,4.44118,3.81169,3.81281,2.10421,3.53002,3.66062,4.38542
4.09303,5.53734,4.9054,4.51751,3.83602,2.52813,5.7113,4.58111,2.69202,4.06383
3.46066,4.04322,5.36668,5.68125,5.01626,3.65191,3.68227,4.94127,5.43263,5.99998
4.57887,3.94555,3.08218,4.2424,2.70069,3.50511,4.11213,2.39146,4.646,4.01414
4.0701,3.93798,6.11933,3.22442,5.62548,4.42994,3.59736,3.89029,2.49982,4.43766
4.37905,4.24776,4.7956,4.30605,4.53073,3.47225,1.9915,5.09533,6.80941,5.40011
4.51864,3.0471,4.11183,4.28738,5.57416,3.65053,3.74382,4.58345,4.07265,4.00594
3.29818,2.9545,3.90384,3.88506,2.86629,6.10182,6.47353,4.29176,5.25051,3.10538
4.36074,5.18724,4.54739,5.23227,3.26952,4.77746,2.73523,3.2641,4.27465,2.71191
4.88742,5.03199,4.07031,5.32818,2.64578,3.31022,2.72195,3.48483,2.61151,3.57789
4.68918,5.09241,3.95048,4.00141,4.02891,5.4264,3.68406,2.62364,5.47964,4.04577
4.56108,4.10594,5.31454,4.58817,3.64938,3.58113,4.17603,4.01119,6.36451,5.48651
3.80471,4.57751,6.56261,4.38691,3.74571,4.96693,2.65831,2.17138,4.61092,4.58803
4.83296,4.40017,3.86151,2.10029,4.87287,3.71194,3.41219,4.82869,2.09248,4.17275
4.55507,2.12423,4.16702,3.70661,3.82176,4.75512,2.14111,6.08729,4.22759,2.87462
4.67978,2.99955,3.72579,3.90289,3.53892,1.87695,3.03711,6.1459,4.31284,2.93328
4.57695,4.68813,3.87412,4.97972,1.89825,4.02606,3.21057,3.65992,3.79667,4.63769
3.99869,4.2707,4.99743,4.65053,4.99533,3.9822,3.41549,4.10754,2.5157,3.67329
5.06494,2.47522,4.89703,3.4793,3.85135,3.43895,4.06767,4.19115,4.43639,4.924
4.63686,2.43967,3.32046,3.09889,5.11372,2.16228,2.93936,4.88385,2.56608,3.3148
4.13952,3.97738,2.9184,4.22777,3.40892,4.19699,2.66154,3.16395,5.2498,4.91059
3.21072,5.70516,3.5219,3.51966,1.8246,3.17471,5.91807,4.91582,3.40946,4.46542
6.07046,4.88685,4.94358,4.84879,5.74964,4.21716,5.71922,4.06587,4.58153,4.67011
3.2634,4.69732,5.62449,2.64213,2.42757,4.37701,5.37575,4.3812,5.00279,2.36045
7.04439,3.72065,5.11082,3.67621,5.57915,3.60249,3.69928,5.48296,4.75628,3.80391
3.61025,4.05227,5.62708,4.12066,4.76415,2.62253,4.05836,3.2135,2.989,4.46163
2.29516,4.92562,4.57969,3.72264,4.01272,4.61864,5.49739,3.28664,2.41371,2.95029
4.67023,2.40584,4.36364,4.22826,3.59766,2.60078,3.14108,3.83471,4.06055,4.86966
3.51637,2.52804,3.35462,4.78399,3.45847,3.47996,3.76606,6.1007,3.41321,3.81042
3.77931,4.77048,5.05702,4.04633,4.11034,2.74206,6.26118,4.73994,3.28203,3.5609
4.89199,3.09905,3.34035,2.13248,3.93351,3.56453,2.63235,3.30155,4.69286,4.14983
3.83692,3.75436,3.14871,3.58174,4.67402,2.87376,2.97238,5.00919,4.69136,3.42858
4.12307,3.14435,5.05906,3.8244,2.83876,2.60667,5.40319,4.01557,5.8345,3.00938
4.71241,3.26807,4.04369,1.87546,3.91273,2.43196,3.14179,3.09659,2.91665,4.29197
3.88695,3.6462,2.8659,5.04739,4.51277,2.81715,3.4648,3.27385,3.78009,2.73267
6.97575,4.09683,5.58483,4.94564,3.17511,3.89819,3.7576,4.43993,3.58312,5.42724
2.91048,2.07239,3.45675,2.50194,1.70768,2.18056,4.25234,5.75345,3.38092,2.81825
4.69444,2.97777,5.27266,3.29459,4.52698,3.08993,4.8765,2.42412,4.26491,3.89238
2.40871,5.26177,3.40446,2.90908,3.50531,4.35288,6.48693,3.85657,5.4826,4.49571
3.74185,4.71938,5.72921,4.10102,3.45037,4.79021,4.42348,4.61605,4.00451,3.83448
3.51448,1.30685,2.97281,3.17268,2.49645,5.24834,3.38559,2.38295,3.11658,3.73452
5.23143,4.68398,3.71302,1.96113,4.25616,3.74627,3.56834,3.59273,3.91437,4.445
2.58973,4.69537,3.42054,5.28298,5.3415,2.91119,3.78,2.93839,4.06279,5.3001
2.12562,4.6985,3.90838,3.9334,3.15917,4.26785,4.0836,3.7346,4.70271,4.05259
3.52428,5.24222,3.02207,4.10059,3.75801,3.38111,4.39355,2.0315,5.3973,3.61248
4.37807,1.97405,4.38912,5.70262,3.59959,5.21403,3.33551,3.88489,3.1594,3.06688
5.22646,2.64141,4.24059,3.32168,3.60271,4.06768,3.97402,2.96406,4.32375,4.19666
4.80326,3.53301,4.17007,4.95837,4.32664,4.80866,2.31151,4.47002,4.1849,4.2339
2.73188,4.32089,4.05608,5.90798,3.89054,6.77784,5.08394,3.7015,3.9986,3.67891
4.55775,3.89216,5.21232,5.24931,4.65114,3.15899,4.00748,4.08995,4.26973,3.96869
2.7221,3.86095,4.78487,3.18169,3.87531,4.16557,4.80277,4.28897,4.33279,3.15767
3.19991,3.38983,4.09592,5.26527,3.31545,4.64384,4.57089,4.56558,3.47106,5.42791
3.21019,2.75367,3.25672,2.86571,5.3171,3.30302,3.73827,4.40191,5.41042,4.2066
3.73222,4.51655,3.65836,3.49687,4.80557,5.45738,2.74167,3.08264,4.17076,0.996291
3.80468,3.33354,5.20222,5.16283,3.50458,6.41392,2.94016,5.38465,3.82216,3.84847
6.59197,3.96411,5.32634,4.33776,2.9973,5.78396,3.49541,4.72115,4.84795,3.27077
5.5677,3.44162,3.68179,3.62046,2.0992,5.23283,3.58192,4.28982,5.13228,4.28536
3.0221,2.55209,2.39458,3.33037,4.58941,4.427,4.81254,3.86707,3.30449,3.69133
3.34035,4.13535,4.5621,1.86196,3.93965,2.20087,4.58842,2.63204,4.1766,5.40352
5.4122,3.08621,4.60504,3.90401,2.81165,4.22628,3.79854,4.17775,4.26284,4.1168
2.78527,3.90801,3.35109,3.8886,2.81289,5.4907,5.38477,3.59176,5.56764,5.77829
3.93838,2.91479,5.00752,3.25469,3.62935,4.45586,3.62009,3.77234,2.03623,5.28976
2.64014,5.40818,4.04912,4.51972,4.30744,5.80705,3.54317,3.69534,3.35464,4.20166
3.82414,3.19524,4.2865,4.70159,4.1901,5.80463,4.90821,3.2919,4.38954,3.47741
5.02231,4.4829,2.43303,4.74703,2.42744,4.24446,4.10273,3.61429,3.93055,4.2116
4.74484,4.10573,2.09334,3.91501,4.1049,6.46971,5.1448,3.903,3.09202,5.58539
2.40285,3.35033,4.8218,2.85537,5.30439,4.71239,3.35648,2.77562,3.67797,4.95467
3.73141,4.02436,4.57898,5.53733,3.5798,5.2156,5.7328,3.92777,2.81204,4.64611
3.69648,2.32845,4.41187,3.10626,2.38752,3.54495,4.58821,4.30598,4.00037,3.01064
4.83517,3.53174,3.5522,1.92418,4.22709,3.40931,3.48634,2.14029,4.718,3.55534
3.70833,3.96288,4.20065,3.27176,5.18399,4.03756,5.08074,2.01104,3.84785,2.45987
3.05513,3.49617,5.61144,5.29035,3.79758,4.2166,3.72154,3.17092,4.3208,2.44122
3.5863,4.6334,3.94303,3.66191,4.53748,4.69925,5.39073,2.51587,3.81081,3.25465
3.52711,5.17827,4.24383,4.27093,4.08685,2.57331,3.53125,4.29289,2.90709,4.46936
4.44301,5.99163,2.78557,3.94484,5.78603,4.08332,4.52977,5.1252,4.68613,1.71076
4.14466,2.6051,3.10539,2.55546,2.66509,3.48425,3.5488,6.36597,4.30152,3.24646
4.23404,5.11908,2.55978,5.80769,4.58294,2.9167,4.48349,3.65274,3.56358,4.29132
5.166,4.42196,3.95876,3.46846,5.21042,5.51191,7.10851,4.41536,4.5728,2.5311
5.29431,4.106,5.39629,4.0282,4.4032,5.30059,3.97838,4.65593,2.4674,4.34692
2.8917,3.48515,5.10046,3.27124,4.65753,3.73942,2.97198,5.05747,1.91154,3.8723
5.16086,3.82652,4.41144,2.72659,3.71139,4.44443,3.24617,5.437,5.21833,2.36692
4.936,6.20083,5.9488,5.75948,3.29424,5.66302,3.0936,4.14566,3.38651,3.09143
2.1014,3.40563,4.84561,1.94268,3.12842,5.76558,5.03379,3.32406,3.26221,3.95245
2.89843,3.95942,3.46777,4.31768,4.02902,4.19353,3.39132,2.2896,3.16238,4.96192
4.24314,5.46152,2.99154,4.52886,3.44381,3.75733,4.34188,3.55223,2.7663,3.46457
3.80694,3.16034,4.78234,3.92378,4.11945,2.84285,4.45438,2.04977,3.48618,5.07451
3.28323,2.50657,3.94012,3.76768,4.0055,2.60277,4.83897,5.86548,5.62337,4.62137
4.67412,5.41227,4.35576,4.50243,6.10198,3.48766,4.78382,3.09729,3.34999,5.76998
4.63761,4.56848,3.91118,4.13882,4.06386,3.59364,4.93137,2.46436,4.90483,3.26602
3.9865,4.98299,4.78327,5.35013,3.30199,3.3174,5.50161,3.90394,3.6636,3.34215
4.46195,4.38336,2.99101,4.17985,4.10055,5.07646,3.8895,4.78821,4.86795,3.06985
2.87252,4.30618,4.88348,3.79509,6.40232,3.03643,1.88542,3.64556,4.60907,4.98153
4.97258,2.85072,4.59974,5.20355,2.40305,3.7182,3.50573,3.05673,3.5545,3.43905
2.94529,4.71844,4.63516,4.52482,4.1925,4.6302,4.39096,4.4123,4.31996,2.55504
6.11499,4.79289,5.09008,2.23377,4.26585,5.46277,3.34714,3.41069,4.2226,3.70388
4.71143,3.73257,2.83276,4.21932,3.90939,2.45651,4.5286,4.7879,1.72059,3.79986
4.91862,5.2176,3.76533,2.58102,5.19676,3.34518,5.09992,4.40001,3.14476,4.20379
5.9522,4.57316,4.20375,4.16831,2.63966,4.38472,4.19272,6.02227,3.11194,4.03956
4.59796,3.81163,4.31805,4.0754,4.89007,4.10367,4.44879,5.73268,4.51774,4.73208
3.64804,3.43293,0.992982,4.83466,4.29066,4.44339,4.38091,4.56193,2.82079,4.663
3.97836,3.94084,1.47901,5.35956,5.32746,3.21322,5.56533,5.31663,2.75458,1.55522
3.91278,3.45174,4.71241,3.07771,4.47805,1.96734,5.24111,2.18388,3.1162,3.75992
4.31065,3.03336,4.28457,4.37089,3.95826,2.97163,3.99679,4.163,4.72311,2.96037
3.86507,2.31666,3.60879,3.48574,4.70992,2.85382,3.23641,1.69809,5.06547,3.12558
3.60105,4.50743,4.19366,5.04919,5.12183,4.01713,3.66596,4.15577,4.71741,3.7523
6.76052,3.22709,2.96316,3.46335,2.91976,2.07937,3.90867,5.85785,2.82073,3.95044
3.74122,4.92847,5.39898,4.82759,4.93356,2.75437,5.54788,3.65026,4.05967,5.65175
3.41028,4.57296,3.53335,2.68802,3.49552,4.39869,4.29671,4.26219,3.83975,4.86159
3.18145,3.06697,4.44319,5.10836,4.56063,3.77789,2.58963,4.21896,3.64547,3.00185
2.33315,4.72523,5.73454,2.88783,5.97191,4.3393,3.53633,4.84112,4.89709,4.5516
2.57114,3.02869,4.01793,3.07671,3.33361,2.27374,5.20993,3.76814,3.66093,2.89317
3.19239,3.39063,3.29062,2.81374,3.01221,4.44163,3.41609,4.47522,4.08992,4.11251
4.24077,5.08371,3.44006,4.60302,2.5202,3.38074,4.9512,3.85387,5.08949,2.39706
4.32366,3.052,1.84643,4.74576,4.98101,2.41297,3.17085,2.15327,5.411,5.34202
4.67783,5.89257,3.1004,4.02705,2.73754,4.85302,4.22252,6.98057,3.41446,2.72122
5.12952,2.86961,5.0067,5.75089,4.19546,3.63324,4.1751,4.40738,3.26831,4.15527
4.77102,3.08552,3.48531,3.9119,3.48768,3.48425,4.29919,3.62232,2.98315,4.75913
2.0086,3.93968,3.74063,3.74263,4.37367,4.29463,3.64831,3.63452,4.38817,3.29975
3.5386,1.59673,4.88735,4.92596,4.34116,6.02517,3.63587,2.78148,3.64588,5.32088
4.50771,4.40317,3.05669,4.84878,3.48538,4.40959,4.89533,3.60002,4.4628,3.63968
4.322,4.0293,3.55257,4.89507,3.80376,2.92155,3.48179,4.67745,2.92275,2.33943
3.67016,3.69081,1.87551,2.42836,2.5125,5.1289,2.75088,4.24483,4.59736,3.61939
2.77001,2.52488,3.07351,3.12768,3.67893,4.1245,3.66534,4.73619,5.32312,3.062
3.62208,3.13718,5.22714,4.58941,5.19211,4.75232,3.37167,6.77603,3.23166,3.44929
4.32838,3.67888,2.95306,4.21286,3.65823,5.51391,5.24788,3.94107,3.64284,4.21133
3.54143,3.987,3.62923,4.86213,4.46181,3.89989,5.35237,3.1115,4.64077,4.68455
3.79171,2.89824,3.823,2.51498,5.7326,4.58132,4.2719,3.88915,1.87212,4.92482
3.19038,4.40181,3.14319,3.74857,4.44321,5.35113,4.76413,5.62795,4.38418,3.38327
2.87601,2.95612,4.26991,2.62625,3.94102,5.50996,3.14487,4.61085,3.78517,1.13682
4.85187,4.19878,4.16418,3.9163,5.28238,5.16869,2.83547,4.8886,3.40625,3.03921
5.01702,4.46204,4.80992,4.88577,3.98944,3.97606,3.28747,4.46151,3.29554,4.49795
2.85704,6.18469,3.30457,3.56375,3.87151,4.95817,4.21473,4.60279,3.3239,3.43104
4.56555,5.0126,5.01877,3.82442,4.76722,2.79792,5.12974,4.38746,2.91327,3.75436
3.29337,3.1145,3.24622,2.94044,6.29586,3.68836,4.39287,2.12851,2.71174,4.2421
3.61149,4.17716,4.44499,2.62695,3.0204,3.4885,4.4542,4.60733,2.16564,4.88698
4.79366,6.42955,4.95224,5.83067,5.08228,4.20928,4.99446,3.80358,3.06433,3.40311
4.27698,5.08791,4.05217,5.01802,5.63252,3.33702,2.63176,3.78338,3.72122,2.95927
3.15107,6.16725,4.25831,4.14513,5.08694,4.41314,4.04132,3.95699,3.78695,4.92214
2.85298,2.39659,4.26,4.11155,4.96711,1.64657,3.47431,3.09163,4.15385,3.30942
5.89887,4.7615,5.17881,3.1277,5.1805,3.92741,4.81378,3.35577,3.83218,3.53016
4.11799,5.40031,3.71258,4.44208,5.0365,4.6285,4.86398,4.53191,2.98105,5.25721
4.78851,4.5562,3.54406,2.51325,3.5928,2.10731,3.86609,4.31948,3.77629,3.70841
3.73229,2.12072,4.50846,3.84401,3.52533,3.1604,3.53451,4.49772,4.34599,3.86435
2.64852,3.483,3.35051,5.3553,3.41174,1.36858,3.3398,2.51272,3.27728,5.61395
4.48063,3.72262,5.28488,2.4669,4.84268,4.48972,4.53209,4.51106,2.74633,4.1557
4.81801,3.85634,3.68227,5.87408,3.01867,4.8085,5.19135,3.89801,3.38443,4.03177
2.58392,2.81025,3.39451,5.10761,3.85708,6.96484,4.23852,5.05739,3.31213,5.27251
4.67867,4.14249,2.95161,1.44307,4.16149,3.35498,3.93865,4.02674,4.41347,4.47906
3.14749,3.6074,3.01829,4.36667,1.93968,4.94503,5.01882,6.36816,2.74609,4.61042
4.02987,4.02674,5.91753,4.17515,5.02564,4.26748,5.24813,4.61164,4.17341,4.34364
5.40568,3.02718,1.84797,3.59816,5.0718,4.58135,4.37339,4.25861,3.9455,3.40736
3.64232,3.70817,4.73273,3.76689,5.01818,3.46844,4.2827,3.23527,3.2385,4.5046
1.81055,3.34299,4.20871,3.50278,4.78442,3.77859,4.34262,3.84225,3.90076,3.56187
4.443,4.66885,4.38345,6.28305,3.42303,6.13622,3.50598,2.68931,3.44039,5.05603
4.18287,4.64009,2.64169,3.89655,2.0193,2.02809,4.66822,3.93198,3.08215,3.27376
2.73125,2.77103,5.80454,4.64667,2.8613,4.59976,3.85231,3.68216,3.31791,4.41565
4.65716,3.36969,2.50324,3.44818,4.00966,3.99349,4.00008,3.99482,4.50879,4.413
5.72435,3.56377,3.54492,3.68389,3.89415,5.35485,3.85969,4.10063,4.60038,3.6229
4.78827,4.25505,5.22747,3.02182,4.91068,4.12439,4.27669,3.36861,4.06657,2.3793
3.30708,5.27018,2.16075,3.37627,3.99003,2.08885,5.22767,3.57365,4.50919,6.25979
3.43423,5.91838,3.08866,4.51211,4.98988,4.87995,3.31224,4.37263,4.07802,4.19616
3.30286,3.993,2.72734,3.9279,4.25467,4.75304,4.80208,3.60706,4.13466,4.55274
3.49437,3.27578,6.41836,5.17034,3.14865,3.87593,4.46288,3.67564,3.9033,3.09331
3.39095,5.05689,4.05527,4.55652,4.57085,3.36671,3.36419,2.62769,3.50662,3.64999
3.24657,3.93929,3.43712,4.11107,4.20875,4.59933,3.70862,3.43214,2.16989,2.00841
3.20664,3.12025,4.20976,4.66247,4.27189,5.53652,4.07463,3.39191,4.30377,7.0986
2.62153,2.68126,4.305,3.47166,6.73305,3.1238,3.809,3.31537,5.92724,5.53817
4.38616,4.29533,3.71972,3.83095,3.76515,3.96194,5.23397,3.27491,5.19291,3.70198
3.1282,2.9465,4.77312,4.8265,5.19583,5.36493,2.56461,3.04961,3.76072,5.42627
4.72593,3.07913,4.09514,2.50499,6.14392,4.07188,3.22359,5.67936,3.45229,3.05075
3.82588,4.8106,3.17122,3.81697,5.17179,4.27788,4.10432,3.12189,6.49993,4.67918
3.91046,5.59129,4.00296,4.73961,4.42095,4.86629,3.61243,3.64258,4.04254,3.05531
3.18938,3.23396,6.10218,3.37993,4.06745,1.98422,3.66332,3.7653,2.67343,2.31577
3.84791,3.37919,4.32598,2.95506,3.77609,4.34651,5.76327,3.67056,3.27193,2.6086
5.0522,3.56447,2.76766,5.28102,4.10969,4.01232,4.51387,4.55597,3.93245,5.9118
3.89306,4.69339,3.32636,3.01506,3.21191,5.64693,4.75952,3.03826,4.94418,3.37039
3.67205,4.06741,3.91314,5.03151,3.13025,3.86015,3.67368,1.62694,4.24892,2.07583
3.66872,4.56202,4.50738,3.90951,4.5453,3.65273,2.00478,2.72075,2.83406,5.53619
3.72241,4.15905,3.81971,4.13987,3.85198,3.75994,2.63648,1.44673,5.43376,4.01921
3.17265,5.14334,2.45507,3.65331,2.14295,3.79509,5.81141,3.01578,4.47915,3.71905
3.38548,3.02553,4.29299,3.20089,4.45648,3.65324,4.01747,4.74484,2.25403,4.36752
3.06602,5.26917,5.07328,4.55743,3.96945,3.64796,3.08001,2.99421,2.99977,4.04981
3.39187,3.54439,5.05919,4.94289,5.53318,4.4484,5.04149,3.48351,3.64985,5.76209
2.82392,3.6376,3.17287,3.36149,4.38971,4.8874,5.35787,3.35814,3.91086,3.6629
2.41592,4.03504,4.35244,2.97605,4.36605,3.70472,2.51817,4.15149,3.82772,1.65846
4.79689,3.86656,5.73134,3.43418,3.45989,3.37941,3.42304,3.58426,3.45689,4.00758
3.36517,3.72969,5.97361,2.92316,4.90404,4.29946,6.26775,3.55911,5.43888,4.28765
4.73842,3.96969,1.75167,6.02334,4.23536,4.93102,4.59614,4.55828,3.23173,2.35382
3.86533,4.9542,4.4308,6.64283,3.03759,4.26828,2.85096,3.16727,3.36253,3.65936
4.65194,4.06578,5.08184,3.33922,4.1521,2.98136,3.07682,2.56743,3.75306,6.13897
6.23481,3.50627,4.65031,3.25827,2.72318,4.46076,3.6387,3.00932,3.61355,4.45201
4.57382,3.95619,3.7491,2.26822,4.67944,6.17338,3.90414,3.83181,4.80833,2.54318
3.93376,2.18629,2.70637,5.78209,2.39422,2.90414,4.00765,4.68201,4.47265,2.46286
3.97242,4.87993,4.93631,4.19623,4.81505,3.02278,4.54552,2.67457,5.32232,4.28053
4.33894,1.88376,4.14207,3.99403,4.52316,6.4762,4.40152,2.61217,3.81095,3.7582
4.74292,3.67468,4.44919,4.07932,4.38137,5.1925,1.61303,3.23298,5.68244,2.56516
4.6993,3.168,2.62943,4.06854,6.76568,4.98969,3.39598,3.90068,4.38196,2.94174
2.9765,3.31862,4.49132,3.28534,3.32928,3.56837,4.87188,4.47025,4.40409,3.92498
4.47686,4.45108,4.69962,6.32379,2.33993,3.67497,5.12669,6.37416,4.95222,3.39299
4.87745,2.83097,3.91453,3.70824,3.55788,3.29993,3.37356,5.49777,4.32453,5.12046
2.88027,4.31673,3.92702,3.9492,4.07125,3.34354,2.96768,5.16964,2.53224,4.50992
4.23908,5.02652,3.51986,3.42183,4.0953,4.90216,3.54056,2.7834,4.93464,4.35737
1.77412,4.16721,5.89478,4.30032,3.20583,3.9369,4.25211,4.139,4.75926,3.93825
4.95055,4.51541,4.18578,3.74285,3.28189,5.43884,2.82447,5.02173,3.93768,2.71385
4.99268,3.98273,4.72371,4.57546,3.82114,3.32849,3.76322,3.3524,5.98746,2.15515
4.16835,3.8221,5.3462,4.0236,3.44944,3.42056,3.24046,5.69502,4.37222,6.03666
3.48592,3.67347,4.01466,3.43173,3.394,4.21109,5.30677,4.51526,3.91981,3.74923
3.95014,1.74496,3.4756,3.91768,3.99676,4.06007,5.27219,2.23771,2.03428,3.64477
3.07663,4.46252,4.53162,3.6651,1.88141,4.48943,2.11891,4.45383,4.76466,5.27082
3.12315,3.49153,2.8638,3.66735,2.91971,3.11729,2.49624,3.22921,3.52531,4.99196
5.62929,4.72393,3.42241,3.25113,4.61196,4.92128,4.69467,3.48817,3.60348,3.97602
3.57694,3.71374,3.18207,5.08163,4.79103,3.06802,3.80499,5.28735,4.57923,3.28491
4.25006,3.41215,3.06185,4.50806,4.74971,3.8765,3.33642,3.15947,3.26758,4.8651
4.28616,4.11801,4.42083,5.868,5.29954,3.40035,5.171,2.01195,3.20475,4.21234
3.42979,3.28824,3.6593,8.04011,4.6411,3.40477,4.60818,3.94557,4.74872,4.8527
4.11416,6.20454,3.68862,4.65497,5.5038,4.76107,3.72169,2.22929,2.42906,4.60898
4.72214,2.49938,3.67854,4.12598,3.59834,3.04613,3.82604,3.98247,6.02181,2.84711
2.76403,2.5067,3.43695,5.12597,4.79643,3.45109,3.91869,5.52094,2.81115,4.18771
2.85216,2.67781,3.36924,2.62423,2.47817,3.84106,4.99279,4.7457,4.58174,4.39924
4.62576,3.54692,4.89708,2.84873,5.02748,3.91868,3.7859,4.81435,2.90604,3.34491
3.3012,2.08748,5.08223,3.98641,4.6337,3.49246,2.9775,5.17834,2.8064,4.05144
4.35294,2.64246,5.54341,5.66132,1.80242,3.25608,3.67422,4.60554,4.17565,5.19095
2.4593,5.10184,3.44797,4.89326,5.72496,2.55354,3.89792,3.69641,6.05609,3.3522
4.82137,5.06829,2.31156,6.06311,1.94143,2.98242,5.78924,2.9441,4.91008,2.48726
4.25437,5.08673,4.65212,2.51254,4.34083,5.8339,4.58849,5.28541,3.18494,5.31711
3.30181,4.05439,3.30384,4.77014,3.84243,3.3509,5.03483,4.51372,3.63637,2.47174
3.12047,3.40515,3.5902,3.03169,3.8411,5.60153,4.2552,3.40976,4.26258,4.3791
5.24672,4.23,5.64985,3.85431,2.32576,3.85374,3.72602,6.05929,4.201,5.55347
3.7974,3.53129,3.76646,3.14711,3.81996,3.54162,3.67029,3.42099,2.61494,3.42204
3.56179,5.25908,4.48116,3.96389,3.44426,3.81727,3.50219,3.02557,3.66077,5.37327
4.29139,4.35061,3.5998,4.98154,4.95888,3.60378,4.27846,2.86113,4.12885,3.39574
3.93725,3.67532,5.76556,4.94703,2.95442,3.91079,3.98699,3.23875,4.30976,2.34929
4.84021,5.39152,4.86055,3.18847,3.0623,5.22358,3.65874,3.61003,5.28746,3.61042
4.62224,3.29106,5.34218,4.40439,4.81703,4.55042,2.91101,4.35786,3.87893,4.08478
4.66823,4.19006,1.88354,3.23711,3.90976,3.24593,3.18723,4.54403,3.07869,3.78902
5.11811,3.90114,4.80611,4.14338,5.32884,2.79891,4.28771,5.01814,3.72266,5.9499
4.14354,4.43094,2.17873,3.89308,3.83595,5.59607,3.21585,4.26037,3.6643,5.37438
5.5178,4.3991,5.59868,5.66741,2.72237,5.68895,4.68972,5.47555,4.16836,5.73883
4.25602,3.82759,5.06587,4.25301,3.44665,4.86049,4.06659,4.48522,3.9572,5.61885
3.12127,5.95443,2.66837,3.04271,3.08152,3.59055,3.22649,5.14411,3.3152,3.34833
4.1848,3.80719,4.54269,4.49521,2.49,3.81541,4.95937,2.44886,5.354,3.5579
1.41735,4.74002,3.65725,5.29189,4.25927,4.47293,4.47697,1.9953,3.57091,5.46777
3.83478,2.04847,2.3542,4.59707,4.12187,3.51476,4.45006,5.76922,4.33134,5.78281
2.04528,2.35858,3.52002,3.25567,6.20042,4.81391,4.59406,4.24815,4.7311,3.37212
3.97986,2.49375,3.18892,3.85924,4.27489,4.52819,2.94167,3.72299,4.5785,3.33765
3.8125,4.26224,4.99562,4.83847,4.12862,2.8839,4.32806,3.71442,3.32579,5.13149
3.11792,5.65368,4.27118,4.68087,3.36146,4.90181,2.75478,4.82999,3.32726,3.43348
3.02488,3.82771,4.59519,3.34045,4.96571,5.34006,4.65711,4.27249,6.40323,4.54545
5.54645,3.8381,3.07234,2.42025,4.30172,3.37759,5.73416,4.17777,3.47036,4.89124
3.25511,4.84523,4.97283,4.52816,3.56572,2.92043,3.23066,3.69647,4.25829,4.33325
3.41359,3.59384,4.22419,3.54388,5.82124,3.74431,3.28719,5.9193,4.27894,4.74495
4.0598,3.58426,5.04708,1.70156,4.02875,2.88867,3.22817,3.97424,3.46183,3.80723
3.00396,5.1999,3.78574,4.21899,4.70179,3.47808,4.71301,5.28268,2.51465,4.67246
4.99387,5.38988,3.32048,4.13172,2.53379,4.50244,1.37031,2.29384,3.87896,5.62669
2.68508,3.6838,4.52548,2.63819,2.04737,5.25854,3.1055,3.89137,5.17624,4.16549
1.44224,4.49979,5.40032,3.70824,3.63503,5.29027,3.86838,4.38679,5.61767,4.31574
5.49541,2.80251,5.22537,3.2175,2.63881,3.81234,4.32225,2.25668,4.45587,3.8303
4.68388,3.29645,3.12971,3.33122,3.77901,5.48405,3.55558,3.48523,3.70468,4.1585
3.61516,2.91096,5.54521,5.21807,3.18158,5.54761,4.52288,4.2543,4.23129,3.06585
3.55863,5.55283,4.27202,6.30468,2.83898,3.16865,4.4155,4.14742,2.47183,4.81838
3.24346,5.66773,3.94129,5.30082,4.75653,5.03495,5.04601,2.75979,2.54557,2.70913
4.93148,4.26493,3.29626,1.99915,6.79116,6.2727,4.76399,3.93281,4.22144,6.1541
3.69479,2.90573,4.31074,4.44941,5.32331,3.95435,4.3935,3.30833,3.24881,3.46944
3.01175,2.71221,4.57995,3.16266,4.45951,3.25228,3.64,3.40505,4.50736,2.68814
2.96517,2.7815,4.59287,4.14295,4.87956,4.41193,4.29761,2.58038,3.8902,5.24939
4.48318,4.34244,3.05806,4.67724,2.5548,3.56476,3.94305,3.31419,3.25415,2.66436
1.94715,3.44581,3.93171,3.6318,5.60296,2.00489,3.73769,4.7737,3.45905,2.95099
2.51768,2.64075,5.02646,4.1795,4.91375,3.69869,3.1938,3.82865,3.88193,4.46267
6.29413,4.45992,6.67621,3.27836,3.9612,2.66335,3.89318,4.15083,3.03922,4.20066
6.62469,4.32907,3.8955,5.1282,4.29165,2.63263,3.9126,2.18079,3.66796,2.74896
4.7209,3.71858,3.53416,3.73734,5.92143,3.05029,2.83979,3.746,4.29893,5.90189
5.18851,4.8008,4.569,4.40035,3.83382,5.55768,4.15551,5.64262,1.44708,3.23226
4.67619,4.75397,3.63184,3.05531,3.39339,4.28175,5.34279,4.13375,3.48456,4.28603
4.23348,3.37924,4.8015,2.26027,4.80955,4.41294,5.8376,2.98436,3.75703,4.42427
4.86754,3.67653,5.56081,4.46947,3.30495,4.74173,3.7834,4.33898,4.63334,4.73183
2.69259,3.63136,3.31607,2.72559,6.20336,3.81311,4.05075,3.84307,3.77491,3.64334
4.91375,4.85423,4.23528,3.53169,2.43925,2.79032,5.19605,3.64809,4.35762,3.99136
1.64746,3.49081,5.20409,4.58365,3.9534,4.15296,5.73128,2.10782,5.11131,3.43821
2.80682,4.9244,3.98905,4.41054,3.41288,3.59579,2.50146,3.53335,3.7936,4.67221
2.98119,5.6771,2.92828,4.02434,3.6481,5.08165,3.05307,3.38034,3.44058,4.46937
3.75372,3.41662,5.22506,5.22625,4.21198,1.65587,3.45361,2.43464,3.33399,3.71167
5.09869,4.09188,3.98573,4.27848,4.64372,3.329,3.49865,5.12234,4.53232,4.04501
3.45867,4.31162,5.05468,4.09372,2.51414,4.89509,2.34808,4.47579,4.67683,4.77858
4.90473,2.54824,4.25482,3.35566,3.34118,2.43153,5.18456,3.53561,3.92503,4.3837
4.85079,3.75185,3.55571,4.88701,4.44851,3.70685,4.54411,4.40408,4.39014,4.62968
2.29033,1.74109,4.20954,4.60296,5.01989,4.91615,4.81667,4.04243,4.36758,3.78448
4.23079,3.43088,4.31595,4.28194,5.89906,4.42005,5.40293,3.15147,2.74271,3.04301
4.20562,6.00411,3.10582,4.68741,4.41009,4.71153,3.6926,3.86128,4.24838,6.0156
3.80732,2.59181,4.90202,3.73924,4.05832,3.59899,6.35019,3.5919,3.54033,4.88716
4.12597,3.65013,5.13497,2.49625,2.98698,3.53141,3.86209,3.05358,3.87466,3.64792
3.31114,6.58921,4.88519,4.24592,4.40087,2.52545,4.93232,3.74089,3.80474,6.45944
2.67419,3.97583,4.12434,3.17236,5.10208,5.59713,3.83445,4.40971,3.44274,4.93757
3.89648,3.10398,4.3514,4.63721,1.75076,4.41691,5.87306,4.94519,6.04585,4.03014
1.09549,3.16545,4.16295,3.91339,3.93262,4.75375,1.93445,2.36987,6.79346,3.15787
4.12354,4.73014,2.68789,3.8286,2.38663,6.1785,4.35916,3.38088,4.83581,2.95309
2.45941,5.78555,3.02034,2.37515,2.42815,2.37124,3.72132,2.26479,3.39391,4.94744
5.9486,3.00178,4.10506,3.83523,3.97094,4.57721,5.11185,2.56597,3.25225,3.61207
4.69324,4.43868,4.56917,3.12425,3.38135,4.0914,3.55677,4.60555,4.38418,4.00152
5.45387,6.22752,5.42251,4.20773,3.03968,6.11325,5.84447,5.58378,5.20323,4.96164
2.74238,3.73293,4.27377,3.48091,5.19724,2.72271,5.96169,4.66661,3.6024,4.97575
3.05259,5.96382,4.95803,5.11653,4.40349,4.16162,3.71536,4.98173,1.21108,4.60195
3.94868,3.78281,4.97426,4.31995,4.1704,2.24649,4.86971,5.01284,5.1359,3.05288
2.89433,5.3047,2.42597,2.86896,3.26075,3.9433,2.44931,2.84656,5.25411,4.78315
3.62276,3.88619,4.75479,4.94987,5.46947,6.5275,5.87385,4.32717,2.08143,2.6841
4.46441,2.67315,3.61888,4.11264,4.69286,4.47268,3.22152,3.51035,3.2943,4.84649
4.61577,4.30402,3.94292,2.13322,4.34281,4.19821,4.3933,3.57977,5.08569,3.92409
5.55935,5.23469,2.86064,3.52758,2.82761,4.31362,4.40333,3.22801,6.44017,3.86915
3.93381,4.55454,3.07851,2.87101,3.55372,3.69883,5.08766,4.1483,5.02093,3.30761
2.52589,3.81672,3.97763,3.9355,2.61009,4.73396,3.59917,4.59065,3.37244,7.02625
3.44259,2.28735,4.61817,2.6956,3.78546,2.98559,3.06965,4.97902,3.28147,3.25855
3.74472,3.43345,2.06287,4.3786,5.7049,3.05365,3.92432,3.70278,4.03393,3.80806
5.37615,4.27717,2.65143,4.23882,2.98213,5.16163,5.94263,1.20668,2.6089,2.49061
2.91041,4.72444,3.90091,4.37195,2.39613,2.36924,4.84253,4.21144,3.32907,5.45865
3.0478,4.37877,4.56258,3.88698,2.27946,3.83187,2.71681,2.99419,3.9866,2.7219
4.12925,4.0622,3.93409,4.34414,3.35577,5.13633,2.45052,4.44747,4.76801,3.90744
3.73677,4.04472,4.64761,4.95371,4.30976,3.60317,3.31317,4.15653,1.92048,3.58684
3.96149,4.84667,3.7944,5.74597,5.43128,4.34234,5.39268,2.85103,4.26145,1.90463
2.85868,2.45728,4.0533,5.16545,3.74925,3.51162,4.75201,4.47327,3.6164,4.08655
3.40516,2.94206,5.3831,3.09885,3.92561,4.03213,5.24828,2.98315,4.26094,5.03771
3.36419,4.73955,2.79228,3.95729,4.38862,4.99157,4.21392,3.88739,2.80976,3.75677
3.97301,3.91345,1.99305,6.5467,6.16184,3.21398,5.17763,4.6693,2.25117,5.71891
3.11109,5.35017,2.39945,4.76628,4.37513,3.62668,4.26819,5.89189,4.21033,4.45327
3.51238,4.04832,4.19405,2.30381,4.51024,4.18674,3.83779,3.456,4.43957,4.99294
5.15111,2.42739,4.4009,2.88385,2.31126,4.05659,4.01411,4.8373,5.14115,3.03694
2.52923,4.09521,3.2866,2.76428,5.72968,3.20298,2.60377,3.95296,3.35258,3.12285
4.08969,4.01222,3.55441,4.42186,5.22608,3.48889,3.24293,4.94332,3.81324,3.32378
3.38626,3.80175,4.81538,4.42137,4.08767,4.03661,4.79062,3.03873,4.05356,4.53723
2.33978,4.50443,2.94554,3.80818,4.37642,5.20342,5.05576,2.97287,3.74342,4.88251
4.45757,3.83622,2.70901,2.03428,1.61025,3.14373,2.56915,2.37459,4.1055,5.59157
3.92449,5.13199,3.52891,3.89184,4.63686,3.92636,4.88404,6.06194,4.58319,4.63646
4.80264,5.2288,4.30468,3.13475,5.26531,2.79133,4.63123,2.39159,3.92031,3.04272
2.11871,5.16506,4.59391,4.02437,3.24968,4.08007,3.25954,4.7879,4.09958,2.257
5.1132,3.09213,3.93861,5.55541,6.79616,5.51608,4.16185,5.29464,1.20832,2.88278
3.77478,3.62476,4.63088,4.61548,3.49563,2.11802,2.36273,4.21102,5.52725,3.76623
2.96115,3.26211,3.981,3.49208,5.72956,3.54509,4.94774,2.53409,3.83372,2.77839
3.92836,4.53957,4.41011,4.69579,3.38037,2.8764,5.64922,4.34065,3.27349,4.15446
3.65932,4.46232,4.00634,3.65268,2.65055,2.9115,5.74436,5.74868,4.81476,3.71712
4.70655,3.99338,2.27065,4.3336,3.46977,3.11465,4.59427,3.10795,3.74399,3.58352
3.96545,3.08814,4.19025,4.37639,3.06814,4.35782,3.67763,3.08055,1.80447,4.50785
2.29272,4.15716,2.65325,5.34534,3.32471,3.97627,3.01297,2.8427,4.43458,4.99627
5.20552,4.52825,4.24419,4.39625,3.79254,3.17117,4.39276,3.83297,5.39328,3.63237
4.4927,6.11952,5.11163,4.1914,4.00495,3.59166,3.75057,4.44661,3.32424,4.83608
6.3612,2.95594,4.79706,4.50735,4.00142,4.85869,4.88564,3.33177,4.0646,3.28989
5.08096,2.09057,3.68234,4.98334,4.65705,3.80802,4.80275,4.58132,4.63798,3.71271
3.00413,5.54219,3.68875,3.74555,4.41135,4.94413,2.44549,4.21374,1.59352,3.57209
3.81386,5.61707,4.75687,4.81098,4.99804,3.55589,3.46587,4.06412,4.35072,3.0279
4.73627,2.53269,3.6476,3.52097,4.75436,3.85908,3.28979,5.70181,5.50404,5.27583
2.27908,4.41451,2.88288,3.87788,3.21395,3.67103,4.18687,3.60717,5.37769,5.07103
3.41173,3.42292,5.13004,3.65226,4.2439,4.94141,3.37933,4.32947,4.13613,2.83566
3.7935,2.54337,4.19615,3.81586,3.51112,3.90754,3.76242,3.35404,4.54508,4.47472
4.54307,4.78722,3.50429,4.48685,4.84119,5.70727,3.57606,5.37874,4.76362,1.71547
4.06689,3.47508,2.88812,5.9035,3.31958,4.01559,5.64188,3.83432,3.27679,3.26702
3.81139,4.61976,5.19142,3.14333,3.03524,3.87191,5.16552,2.30077,3.88185,4.81782
4.27204,4.97919,5.02254,5.30663,4.7986,4.71652,3.69775,2.75079,4.89501,3.02887
4.44263,4.43026,4.41496,2.58181,4.2668,6.30131,3.75858,2.98996,4.68806,3.25955
4.70844,3.37379,3.38579,3.07117,2.90759,3.76899,5.97077,3.62786,5.59627,4.15445
2.31934,4.90455,3.08325,4.82289,6.42665,3.73282,4.59539,2.99416,2.27393,4.07308
1.41657,1.82664,4.91777,3.71212,3.29474,6.40626,3.29269,4.23087,4.59491,5.37092
5.14196,3.08271,5.94207,4.2932,3.74491,4.41528,5.08256,4.29415,4.39936,5.1605
2.72097,4.5083,3.02908,3.81365,2.53055,2.89371,3.49886,5.43284,3.25689,4.68073
3.48331,3.60659,4.46921,2.17336,5.52126,3.9845,3.33975,4.28065,4.60564,4.74952
5.42049,3.79397,3.93683,4.10204,4.77566,3.14783,2.05714,3.63104,4.11217,4.2973
5.45495,2.13978,3.11368,4.01582,2.85551,3.62823,3.88969,4.38228,5.76535,1.91603
2.47599,3.80346,4.80518,3.50073,2.20541,4.39833,2.80599,4.69341,3.7206,3.58391
4.86946,5.91407,6.16598,3.96913,4.15118,4.30365,4.18858,4.65482,3.33624,1.71359
2.27622,3.59893,5.36959,3.91329,3.17976,3.23077,2.31004,2.92444,3.09645,4.84629
2.67002,4.23093,5.28846,2.91832,6.22186,4.62094,4.04728,3.29603,4.98955,3.31634
4.57054,3.57855,4.05201,3.4775,3.73076,3.64901,5.05082,5.04588,3.81512,3.5279
4.15554,2.96387,4.56016,3.64237,4.27992,3.13054,3.35014,4.7124,4.19937,4.93093
3.63686,4.9553,5.63046,3.89938,2.88764,4.63248,5.26202,4.94138,4.36016,3.97106
2.95,5.50856,4.80078,3.35337,3.78181,5.03547,4.74809,2.64057,3.24813,1.80617
4.69447,4.5089,4.25548,5.03619,5.2562,3.05067,5.964,2.53854,3.1134,2.45777
4.68255,3.3406,4.74115,4.19594,2.23546,4.15125,5.52786,2.00013,4.93034,3.66998
4.41132,4.18817,3.33779,4.37989,2.58935,3.39429,5.44749,4.78328,1.72553,5.1313
5.73256,4.43809,3.87529,4.34167,1.75966,3.56138,4.01009,4.45416,3.58035,3.88207
4.86189,4.39061,3.64798,3.06289,5.14129,5.11231,2.92648,5.29369,4.52828,4.44422
3.92713,3.88152,5.59108,4.48729,4.49461,4.25285,4.21599,1.32787,3.24549,4.78267
2.62898,3.47498,3.31094,3.99318,4.4165,5.33585,2.96149,4.01088,3.3571,4.5345
3.70603,2.26676,3.90099,2.12788,4.86134,4.64745,3.19135,2.94616,5.93184,3.05062
5.27966,3.1928,3.11025,5.48623,3.0867,4.23968,5.92352,5.44418,3.84792,4.33646
4.08183,3.68263,4.20431,3.58445,5.40982,6.23582,3.90713,4.6948,2.44693,1.85166
1.87048,5.38847,3.06513,3.11929,4.66584,4.11982,2.11896,4.89228,3.64288,4.65005
4.57777,1.26758,5.76669,3.7624,3.55436,2.79649,6.31185,2.88221,4.18281,4.9156
2.46835,5.1536,4.09284,5.66284,4.92625,4.18205,3.35855,4.38853,4.44786,4.42521
4.16182,3.15605,5.43127,4.73281,4.42577,3.76005,3.38898,2.63069,3.56313,4.51174
1.71372,4.3406,2.3622,5.6776,4.06213,2.67752,4.80474,3.78911,3.57608,3.30345
5.15281,3.58035,4.52188,4.87745,4.91596,3.76525,5.15013,4.07227,3.84761,3.90257
4.38986,3.22629,3.64362,5.41739,4.35298,3.83931,3.85511,4.90163,4.8828,3.56015
4.18402,3.49935,5.23644,4.81831,1.71797,6.31258,3.10656,4.56368,5.45239,4.56105
4.18634,4.43772,3.27907,3.86911,3.13786,4.57689,5.49298,3.96296,3.9815,2.77789
4.68475,3.41132,3.78589,3.85153,3.2105,3.6339,4.71886,4.60129,3.71184,4.19236
5.10379,4.37015,3.65364,3.92718,1.21527,5.03862,2.65095,3.5146,2.80002,4.39335
6.10526,3.99916,4.10621,2.39051,6.06939,2.64658,3.97489,4.72861,4.03842,4.39713
3.08275,4.84611,3.61849,4.12286,5.0705,2.70019,5.97039,5.28772,3.90535,3.1464
4.99951,3.10541,5.62899,4.8141,3.93647,2.40037,3.01504,3.50527,4.77191,3.40236
3.29065,4.62977,5.22154,4.16289,5.41201,4.07033,2.51841,2.88404,3.13858,3.93046
3.45901,3.08791,3.75935,6.15342,4.57531,5.21812,4.69789,3.1284,5.52758,3.33314
3.20267,2.82464,4.15521,5.14261,4.03122,3.89246,2.44242,6.12184,4.69746,3.99105
3.55509,4.78047,4.61894,3.92218,4.4329,4.33804,2.92722,2.49528,3.39178,4.47469
4.74147,5.6049,4.412,2.64586,4.57154,3.36402,3.60695,3.32306,4.34963,1.61842
4.45006,3.68669,5.69864,3.27315,4.29508,2.97126,4.29084,3.55087,3.95242,3.57651
3.26158,3.40028,3.3639,3.56727,4.91476,5.34946,3.98587,3.31021,4.63628,3.78231
4.30992,3.70773,5.6738,4.61324,5.19458,4.69839,4.81874,3.24402,4.81581,2.89302
4.89169,5.67621,4.11736,4.56282,4.68467,5.26816,3.03213,3.94506,1.93327,3.61794
5.18515,5.05014,6.13074,3.04546,5.4798,4.54792,3.12293,5.07464,1.14004,5.46814
5.70882,2.96175,4.64908,4.30959,5.05492,5.06569,4.1363,4.33536,4.01973,3.76618
5.51022,1.11418,4.47595,3.35922,2.34274,5.16582,3.23474,2.59527,2.82826,2.00172
4.78723,3.83146,4.12779,2.44328,2.80531,3.93624,4.06977,4.74993,3.63492,4.68836
2.35881,4.97792,4.3536,4.32859,5.09401,4.38736,3.64527,0.813871,3.88843,2.62231
6.44518,4.03042,4.65978,4.97599,4.7172,4.1534,4.93112,3.36641,3.63805,3.97428
7.00839,3.86035,3.9069,4.48183,4.12427,3.4912,3.62821,4.12488,3.98657,3.88967
5.48105,5.0799,3.49434,3.8399,5.72836,3.21727,5.09725,4.85968,2.97218,3.83553
3.7345,4.31747,4.18378,4.06567,4.68345,4.25687,5.03175,5.57285,5.13518,3.60003
2.76735,3.59992,3.5043,4.79285,4.48491,3.71005,4.68513,5.54816,3.55991,1.1283
3.49982,3.60236,3.31082,4.52836,5.02963,4.36935,2.8408,3.60123,6.13014,2.89541
4.93045,2.52122,3.32214,5.30482,4.60638,4.72127,5.14553,3.52559,3.7439,4.83359
4.08647,2.4836,5.99589,3.99079,2.52689,5.61336,3.87722,3.73599,2.82142,4.7173
3.58027,3.79315,6.30787,3.93327,4.4009,3.71193,5.77953,3.84243,3.75318,3.03447
3.6908,3.26586,4.33038,3.05337,4.63107,3.31522,3.88469,4.03428,2.72,4.02988
4.1848,5.53809,2.67542,4.58508,4.58273,3.91315,5.22485,4.35159,4.70636,3.4061
4.9386,1.65992,3.78047,4.55704,3.19953,3.96347,2.28177,2.46195,5.02761,4.79248
3.10258,5.06435,4.65621,4.78835,3.83423,4.07479,4.88469,5.41888,2.2324,2.19522
3.12935,2.10602,1.72675,4.88196,3.48709,3.66069,4.46316,5.51652,3.22974,2.50131
4.3867,4.74853,3.22223,5.43724,3.67724,3.45104,4.89466,4.97719,4.65249,2.77567
2.73657,4.12367,3.15832,5.79878,3.99947,4.19195,4.98742,4.12068,2.95565,4.86467
4.33563,4.24499,3.27488,4.2866,2.61323,4.67245,4.90203,5.10763,4.58252,4.14716
5.22051,2.15721,5.29755,2.7763,4.07158,6.47052,3.59116,4.54979,4.29291,3.24679
3.27172,6.46861,4.89895,3.41786,4.78351,4.26585,3.2099,4.732,3.79685,3.5035
4.64411,4.23535,4.5815,4.79723,6.58609,4.59973,1.46416,6.54451,5.69001,2.94462
2.9482,5.37129,4.64388,3.3724,3.52312,3.75388,3.95031,4.087,3.50847,3.56129
4.99639,2.67673,3.39489,1.87514,4.61319,2.68651,2.82759,4.08457,5.50988,6.40533
3.75925,5.50191,1.77796,3.83355,3.85237,2.71119,4.36117,3.18589,5.13565,2.78151
3.55054,5.1206,5.28849,4.51671,3.61879,4.82013,4.38139,6.31274,4.3278,3.86042
3.71277,5.44923,4.25228,2.54927,2.4419,2.14232,7.1025,5.1405,3.93026,4.25721
2.53274,4.28553,4.5527,3.95422,5.21537,6.08224,3.05584,4.22676,4.3519,4.15764
4.03665,3.70441,4.63302,4.21106,2.22864,3.99536,4.29349,3.36219,4.59169,4.01742
2.80586,4.08921,4.49878,6.51743,5.72805,5.02606,3.43862,3.48485,4.00912,3.71332
2.98579,4.75808,4.17515,3.81622,5.40768,4.18884,5.03261,4.37923,2.82216,2.95961
2.80035,4.57182,3.14939,4.6006,2.55959,3.19545,3.75959,2.68898,3.4461,4.93546
4.51448,4.71076,4.7458,2.25007,3.44947,5.45165,2.7425,4.43824,5.06427,4.46099
4.64395,3.29649,3.22021,4.80568,4.30085,2.71788,3.70859,3.71385,4.09545,5.52529
2.3059,5.55525,4.49705,2.12209,6.4791,4.54607,3.75586,3.97509,3.15112,3.89013
2.96618,3.72044,2.08608,5.48146,3.23028,2.44854,4.85306,4.60058,3.65883,4.79171
3.6172,2.6575,5.24551,4.10766,4.32234,4.56037,4.78869,3.90329,4.85341,4.39351
3.4711,4.439,4.96121,3.74028,3.19376,3.66344,3.28987,4.23477,2.82144,4.37841
5.01465,4.13918,3.89574,4.36873,4.1898,2.71454,4.97364,2.63982,4.02236,3.14762
4.15447,3.98073,4.95604,4.01368,4.81447,5.59647,3.36305,1.76873,4.98837,4.38513
6.47702,3.11608,6.25466,4.58833,3.87924,4.30968,4.31777,2.46796,5.54471,3.51369
2.52577,5.37668,3.61901,4.67821,4.22151,3.21443,4.50685,3.43577,4.64471,6.08614
4.91276,3.31374,3.37384,5.42257,4.07316,4.28406,4.41358,3.37872,5.42896,3.31281
5.07306,3.88797,3.39402,4.66893,1.92364,4.78019,3.70352,4.09372,4.78727,2.99749
3.068,3.27145,4.40454,4.88869,4.68946,4.12411,5.23255,1.79337,4.60523,3.74729
4.48763,3.79358,4.76103,5.58438,3.41999,3.50607,4.9338,4.46576,4.19172,2.77735
4.87746,3.51118,3.86539,3.78407,4.23009,3.92249,4.73011,3.80519,4.2131,4.43812
4.58551,4.28821,2.75747,3.04176,1.57924,3.52454,3.12869,4.19397,4.69105,4.11481
2.66409,4.50521,2.48364,3.41325,3.94205,4.77182,5.80601,4.45068,2.88185,4.76456
4.94581,5.97545,4.92529,3.46131,3.08326,2.27501,2.57252,3.84782,2.66691,4.97649
4.48003,5.13516,3.05593,5.35124,1.39833,4.67724,3.98414,3.05232,5.92405,3.37008
4.45061,3.75673,3.76582,3.55087,2.5146,4.95802,5.71023,2.40994,3.04068,2.34244
4.91861,2.60292,4.1334,2.81506,3.83446,4.34522,3.82013,3.25823,6.9619,3.85361
2.39863,2.57349,5.42528,4.06957,4.07736,4.89383,2.01169,4.45782,3.65527,3.38855
5.76267,6.2861,3.69277,4.80864,3.91118,4.27339,3.21561,4.45453,3.58717,5.1419
3.54175,3.28099,3.54825,3.51984,3.51007,3.76205,4.09354,4.55082,3.5282,5.25669
3.46947,2.95572,2.99039,5.06629,3.66761,4.71649,3.73085,3.68021,3.49288,4.63091
5.20952,5.91168,3.74773,2.71816,3.65013,2.05783,4.57175,4.55582,3.6833,3.86841
3.90406,3.64636,4.47213,3.35559,3.32225,4.08966,3.29212,4.56506,4.68488,3.80889
5.00556,4.03112,2.40221,3.58496,3.91322,4.36206,3.10852,3.94017,4.30474,4.39904
5.86696,3.60372,3.58234,4.03446,4.51874,4.29357,5.29623,4.40465,5.32264,2.75288
2.09887,4.14948,3.20348,4.41311,4.53549,3.0118,3.6088,4.34562,5.68263,4.14608
4.88588,4.82003,4.28497,4.95821,5.48149,4.66142,3.19032,3.67459,4.17706,3.02165
5.175,3.73174,4.61551,5.22653,5.43393,3.16497,4.31909,3.89953,3.54401,4.10186
5.05479,5.21662,3.43828,4.1247,4.74533,4.3033,1.55312,4.70905,3.5979,3.30396
2.46257,3.90688,4.64173,4.07411,5.0307,4.31521,4.39787,5.75971,3.35481,4.46561
3.59513,3.59595,3.73877,4.9304,3.28713,3.56248,3.66629,4.82891,2.52354,4.79958
1.98365,2.84206,5.17501,5.33947,4.82403,5.37977,4.77695,4.41625,4.69868,2.59155
1.89721,5.66481,5.14752,4.29668,3.7198,3.61683,3.27017,3.47974,4.18663,4.28783
3.60387,4.83086,3.46237,4.96761,4.61774,5.23271,3.64925,4.53736,3.25134,4.56526
5.2868,4.19384,6.13513,3.81087,3.02397,3.84442,5.0034,3.6347,2.79774,3.03418
1.65153,3.95962,3.48995,3.27453,4.62703,2.78779,3.45203,4.87765,3.53925,4.12571
2.39725,2.59804,2.5575,2.13865,5.186,3.97157,4.12477,2.74075,2.65374,5.51012
2.84799,5.8855,4.16701,2.4699,5.06557,4.13783,2.25024,3.81132,3.35267,5.38523
4.93393,3.00613,3.00677,4.17728,4.06968,4.14399,3.73022,4.94962,4.8264,4.52343
4.42532,3.99464,4.08085,4.11993,3.2644,4.71818,5.30401,2.76659,4.22771,3.90557
3.55435,1.6319,5.2362,5.15467,5.31309,3.69711,3.72741,2.1688,3.92876,3.82309
3.36537,4.09199,4.67582,5.69185,5.62998,1.81526,2.61585,3.56751,5.03093,2.84641
4.45446,3.93836,3.79904,3.12627,2.88368,4.22299,4.03262,4.19587,4.1518,4.23863
3.67729,3.54705,5.29348,4.10421,2.48691,3.92789,3.77263,2.45386,4.8073,5.12123
3.31297,5.16704,4.98445,4.52549,4.69464,5.16891,3.86652,5.1114,4.46164,4.68807
4.01374,4.34333,5.17247,3.07592,4.98703,5.73072,3.86079,3.67643,5.35885,2.94228
2.69532,4.50907,4.0017,3.25484,3.91639,3.77111,4.21611,4.83523,3.75049,3.80358
2.84318,3.01646,4.11433,5.07248,4.04113,4.1359,4.83496,3.49076,3.94573,4.23312
7.61589,3.16806,3.82838,3.46038,3.88953,4.26369,5.25767,3.00052,2.15261,4.16393
4.38585,4.79097,3.94733,5.22484,2.86119,4.81104,3.00807,3.8242,4.33612,2.14756
3.91263,0.743497,3.60982,4.06519,3.48833,4.67279,4.31107,3.05709,5.22758,4.13526
4.20856,4.65077,4.63008,2.86534,5.42016,3.94244,3.5797,3.87797,3.27449,3.71459
4.9209,5.17611,4.19523,3.43714,4.11201,5.30694,3.33443,3.96613,5.13781,4.12158
3.99735,4.31473,4.30452,6.64298,2.99325,1.47043,3.86464,5.793,4.71159,3.09226
2.3705,3.54279,4.08949,2.76899,4.44044,4.64012,3.38834,3.48126,4.70249,3.2994
3.19482,3.20511,3.26941,5.69307,4.0534,4.40425,3.44887,3.54172,3.84343,4.61256
4.26056,4.34592,5.18835,5.60018,4.23139,5.76904,5.20237,4.92477,3.36474,3.57239
3.34107,5.47522,2.55823,3.91314,4.58804,4.09746,2.24215,2.33677,2.30551,4.49836
4.01984,3.89445,2.0067,3.92597,5.73466,3.08369,4.4122,5.79909,4.38487,4.06984
4.3359,4.74553,2.71724,3.54233,4.56243,5.66108,4.38598,4.14908,3.33159,4.43651
5.4628,5.46917,2.33939,4.32514,4.86759,3.64136,4.09849,2.94633,5.30987,2.95461
2.10797,4.8593,4.35554,3.28238,2.87775,3.19132,4.47796,5.54167,5.67388,3.5574
4.09042,3.97766,2.90761,2.80042,3.03084,4.07262,1.76116,4.72184,3.79384,5.21597
1.71426,3.84624,4.28475,2.61634,2.05848,5.27694,5.48163,3.46836,5.66633,3.66846
4.02158,3.05758,3.76383,3.36632,3.76723,5.16734,1.16601,5.05449,4.02453,4.55193
4.58287,3.25305,6.1636,5.2443,4.45207,3.22637,4.52928,3.66138,3.09241,4.32892
3.49076,5.32881,6.41319,3.24302,3.40077,3.38085,4.58369,3.45468,5.53036,4.99237
4.46031,3.94613,2.93792,4.74575,3.88059,4.6091,3.14175,3.33734,3.75392,3.22517
4.76967,4.31447,4.40714,3.79569,2.53208,3.65409,4.59421,5.57709,5.09929,4.94878
4.48816,2.64445,6.02528,3.97109,3.61278,4.93537,3.63772,4.31747,5.10599,5.36326
3.56981,3.13589,2.42029,2.47535,5.54401,3.81664,3.5436,2.81548,4.17421,5.22161
4.13525,4.78292,4.60013,4.32738,3.03133,5.50004,4.58549,5.79005,4.19607,2.88145
3.97807,2.63496,2.9995,3.39427,4.70763,4.13226,4.26791,4.48821,4.12056,3.90614
3.97416,3.18878,3.96594,4.94402,3.92417,5.79681,3.65846,4.70685,2.99486,3.52876
3.20477,2.78979,4.03765,5.66659,5.47277,3.60157,3.40261,4.22981,4.47721,5.06093
3.94102,2.95189,4.52241,3.79422,1.65312,3.60206,3.00692,4.16097,5.00834,3.98005
2.78586,4.17369,6.54237,3.94,5.60366,4.08211,4.25212,3.16583,5.47142,3.6519
5.39343,2.79445,5.88099,2.57324,5.41819,3.57709,5.34546,4.01286,3.68606,4.92485
3.31584,4.9724,5.23946,4.94007,3.40061,4.73392,3.91232,4.38125,5.23399,4.39835
5.26974,5.17331,3.3009,3.71059,6.13389,4.40551,2.83461,4.21182,3.63781,2.94237
4.08412,4.30018,4.47612,4.96259,4.89515,3.96766,4.55533,4.91173,4.68928,3.65653
3.97313,3.4386,3.51991,2.67978,4.3297,3.51592,2.92571,2.37437,3.49655,3.72772
3.18581,3.29,2.48472,4.71507,4.93359,2.77553,4.7579,2.9749,4.59936,2.75469
3.94415,3.04856,3.95532,5.24574,3.92522,5.00041,4.03052,4.53119,3.36152,4.92678
5.38853,2.96684,3.85728,3.53684,4.80793,3.10107,5.03496,5.02784,3.66751,3.8606
4.12511,2.83198,3.10562,4.04734,3.56493,4.47979,5.3648,5.26935,3.0714,2.8537
3.13633,3.63444,4.15606,4.98656,4.53496,3.99291,4.85088,3.88033,4.81648,5.10357
4.43159,4.78927,4.03445,2.53878,4.68656,2.79294,3.38931,4.73931,3.84298,1.53612
5.1895,3.0769,3.13465,3.36307,3.84392,5.03017,4.08959,4.13779,4.7925,3.97091
3.71953,5.75997,4.61747,3.22074,3.94983,3.3061,4.91731,3.87639,4.97415,3.38005
3.62639,3.67051,4.70527,4.202,3.59921,3.30004,4.98365,4.02803,2.92482,4.35255
4.0167,4.14082,4.33592,4.54246,2.19274,5.58154,4.7811,2.6243,4.70398,5.25105
3.98163,5.50709,3.54721,5.79237,5.03234,3.37051,4.83882,3.92587,3.19313,3.64376
2.93812,5.16085,4.99155,2.37277,4.62872,4.08739,4.35522,3.51871,3.5749,4.26891
