10
5.74447,3.77983,4.76387,2.61665,4.41885,1.5574,5.44605,4.17541,3.335,3.91834
3.33904,3.4958,1.88744,4.78981,5.45275,4.59351,4.77993,4.70237,4.65842,4.02009
5.87485,4.55356,3.97061,5.73962,1.76198,3.11698,4.65086,4.54042,3.33619,3.06194
3.0522,3.36367,2.83708,2.31945,5.19662,5.39825,4.0154,4.26548,4.29393,4.24988
4.7883,3.53135,4.47201,5.07586,3.59659,3.61445,2.37654,6.02665,3.90557,3.49726
4.59475,4.02574,2.92678,4.81169,5.40814,3.05084,4.28598,4.72677,3.52674,5.03125
4.92673,3.51176,3.86748,3.84977,5.31941,4.17795,3.81071,2.66396,3.20885,4.02533
3.82659,3.84411,2.26731,5.33862,3.11755,4.67971,5.51108,2.28774,4.25729,4.66466
3.88966,5.52322,4.49129,5.11896,5.22659,4.41738,3.64003,3.87587,4.46971,4.80251
4.00691,4.65293,1.08864,4.33598,4.44754,3.8343,4.70772,1.60884,3.04201,3.12193
5.11619,4.17593,2.74748,4.68529,1.8912,2.64007,3.54315,4.03424,2.6951,3.45054
6.57454,3.36808,5.53886,6.03864,4.84014,3.88361,5.03235,1.75791,3.13544,4.63907
4.27955,3.80965,2.45249,4.18504,2.80652,2.89301,1.32598,6.11378,4.78255,5.68792
3.19893,4.81368,3.25272,3.438,3.58329,4.93542,4.28194,4.08001,3.5452,4.64414
4.56563,5.38648,3.79773,3.18453,3.20218,4.82945,4.92041,2.67882,3.10992,3.56364
3.85405,3.79251,4.10465,4.88379,3.69833,2.74661,3.7695,2.16908,4.96616,4.52294
4.38754,6.28163,2.81026,3.0813,4.7438,3.66762,4.89637,4.50822,3.28401,2.76074
3.24666,5.46359,4.79416,3.85761,4.24884,5.51553,3.91105,3.03392,4.37367,3.11119
4.41527,5.46348,3.2005,4.03805,4.21567,2.80746,4.91601,3.10792,5.02891,3.23902
3.60389,6.45259,2.80529,4.19791,4.03436,4.31507,4.65485,3.21101,3.37643,4.81944
2.80057,4.4771,6.71032,2.60729,3.93871,4.72048,3.15867,5.71641,3.42062,2.71141
5.51946,4.16738,4.74724,2.73758,4.71327,3.71386,4.3024,3.01596,4.93054,4.5666
3.70923,4.82981,4.39079,4.07356,4.86267,3.78553,5.85221,4.04512,2.92587,2.83917
3.94594,3.68639,0.495585,3.05394,4.3714,5.20175,3.96411,4.91084,3.09808,4.75013
5.88397,6.17876,3.01489,2.33892,3.4739,3.78522,3.64225,3.9611,3.19891,3.46897
2.49653,4.25874,4.10186,4.75606,5.13319,4.68447,2.22663,3.95664,5.58346,3.51449
5.07876,4.12639,5.49509,3.49284,4.59806,4.80301,2.71157,2.99274,3.85086,4.50212
3.60711,5.52011,4.60131,4.65443,4.5643,3.1415,3.31139,4.33678,6.00468,2.92562
3.60468,4.73231,3.36785,2.85067,2.17696,4.3242,2.91056,4.17101,2.71496,2.3161
4.3533,3.47505,4.38659,5.22874,3.54599,4.49716,6.20238,4.17255,3.94398,4.21801
3.717,4.53838,4.20426,3.35678,3.48356,4.3575,5.52116,1.88446,5.17613,4.18358
5.03962,6.34852,3.63509,3.8694,3.29022,3.56936,4.63948,2.81678,4.03154,2.5981
4.64096,2.97892,4.98996,3.57258,3.92633,3.80246,4.15702,3.08693,3.60003,3.26114
7.00081,4.52751,2.99041,4.35304,4.89427,3.74701,4.01708,3.16253,3.05552,2.84186
4.92025,3.52142,4.33789,4.83051,4.1124,3.89984,4.24875,3.64148,4.87886,4.61299
3.95223,3.5674,2.87806,4.47531,4.08957,3.99957,3.69685,4.0388,4.00972,3.22125
4.10146,4.93518,3.59031,3.30413,4.70698,1.35726,4.22047,3.12712,4.66331,3.41403
3.8859,3.56067,5.24424,4.80866,4.08785,5.18698,6.36734,4.91468,5.75187,4.74091
4.49795,4.59491,2.99359,4.22892,4.97483,5.05164,3.49012,2.83499,3.04611,4.09168
1.54344,4.59854,3.6425,4.31196,6.01289,3.70173,3.60745,4.01244,4.46932,2.99305
1.97143,4.25775,3.74753,3.48496,2.85779,3.57421,3.39636,4.25028,5.10334,2.40339
4.02976,3.15916,4.60928,4.48791,4.85793,4.8773,2.19184,3.53098,1.91095,3.39907
4.85285,5.85642,3.71474,2.97513,2.65084,3.8105,4.37249,3.37506,4.88182,4.19586
4.75454,4.79884,1.99566,5.47077,4.18104,4.04837,6.57225,4.33443,3.57978,4.09709
4.52872,3.04552,4.18991,4.54258,3.02267,3.71554,5.17977,3.62744,3.8537,2.89893
4.54422,5.76771,2.86911,3.6102,1.62135,3.68101,4.64022,4.57262,1.88033,4.35377
1.43504,1.49489,5.87671,4.52697,3.43695,4.19066,3.47491,4.79063,5.63994,3.72293
4.53585,3.72831,3.54727,5.74377,4.2549,3.10609,3.3496,4.55755,3.4144,2.65519
4.24819,3.24795,3.22619,3.9565,5.40217,3.76477,3.67611,3.57702,1.59375,4.86719
4.65791,2.62474,5.38369,3.78924,4.87906,5.70088,4.59614,2.19976,6.43503,3.03375
6.18267,4.60599,4.48957,4.15571,3.67013,3.75208,4.65281,4.769,2.937,7.10728
3.9057,4.69116,3.86764,3.54726,5.81101,3.71285,4.66579,4.27108,3.94528,4.55541
4.9303,5.94375,4.77743,4.97114,4.56648,4.25268,3.80357,3.25829,3.18634,3.89065
5.26223,3.5129,3.9573,4.5918,3.29271,4.24387,4.45239,3.36718,3.8829,4.49599
5.23842,3.54516,2.37552,2.45754,5.17581,4.1913,5.14211,4.09356,4.68538,4.93181
4.82165,3.95989,2.46646,4.11082,3.33574,4.69149,3.74371,5.65034,3.98262,4.95382
5.59126,4.87757,5.51548,3.01769,4.16295,4.09434,2.82406,4.28121,4.12723,5.15276
4.21221,2.48674,5.25725,3.54324,4.10735,4.11476,4.60515,4.06211,4.63249,4.58605
3.70732,2.57085,4.4427,5.14775,5.91768,3.73685,4.28502,5.20445,4.75186,4.86471
4.69159,4.50701,1.83463,4.85737,3.79473,5.1555,2.92812,3.99567,4.21453,3.9139
5.27521,4.84861,2.45726,2.64691,3.93304,4.19386,1.62715,5.48037,4.18046,6.58048
4.75307,5.29127,3.59266,4.37376,4.49494,3.64475,4.31821,3.80017,4.55045,4.05739
3.99276,5.25312,3.65993,2.36736,3.09836,4.00445,4.68925,3.66445,1.66564,5.33381
4.31084,4.19285,2.67814,4.12928,4.23339,3.35799,4.19311,3.66911,4.55039,2.04927
5.98984,4.20532,3.70067,2.93686,5.40729,4.77071,1.86898,4.01271,2.14346,4.17097
5.28059,3.53366,2.95507,5.3945,2.92679,2.52159,5.922,5.66134,4.05822,3.91483
4.42673,4.85446,5.11872,4.04124,2.47086,5.17901,3.59743,3.83115,3.14066,3.89213
4.10342,4.1687,3.50845,5.41021,3.08428,4.90976,2.46484,3.27813,4.47159,5.1592
3.92601,1.59043,3.79029,5.78586,3.99388,5.62214,4.60685,2.97858,2.51569,4.00661
3.76672,3.1053,4.85096,3.53828,3.99973,3.60186,4.42845,3.25843,3.16379,3.03089
3.80885,5.86984,3.88352,2.85444,2.64117,5.97422,3.80357,4.64239,3.52281,5.59646
2.08823,3.90121,3.80023,2.35578,4.30769,4.72878,3.53304,5.48009,4.61452,3.69275
2.96472,3.92506,3.425,4.54658,3.50202,3.16122,2.3495,4.22098,4.79421,6.51454
4.43453,2.69009,3.23255,5.94773,4.2505,3.4534,4.09798,5.48385,3.74032,2.88426
3.08467,3.85221,4.65408,5.22587,3.62332,4.49793,4.70329,3.3076,2.08567,5.2477
3.72637,2.66711,3.9374,5.44159,2.31299,3.65283,5.48101,2.92367,4.2741,4.43582
3.46915,2.83529,3.02343,0.663221,2.94568,4.61448,4.20981,5.93439,2.85757,4.51418
3.72181,4.49954,3.60084,4.21865,3.29289,3.64756,4.38689,5.86575,4.42578,4.50364
3.99667,3.99467,4.87894,2.48271,2.56588,4.35691,4.08836,3.60944,2.37824,3.15711
3.13047,5.36515,4.91152,3.97656,4.06991,4.01305,4.66284,3.2831,4.44089,4.47083
3.29529,4.91147,3.38881,5.80889,1.86476,3.08525,4.03881,4.23614,3.00163,4.36442
2.82206,2.5988,4.40621,4.54567,3.60186,3.66995,3.28791,2.47672,4.38788,6.07355
3.74792,4.74282,3.59277,4.50071,4.77904,5.56814,2.84154,4.86201,4.64799,3.64853
4.54287,3.39844,3.33501,2.69069,3.18998,5.73593,5.3786,3.79152,3.34202,3.25686
3.51632,4.42605,5.90515,3.97648,4.3325,4.6001,4.04639,2.56526,4.74165,3.63149
2.78396,3.07849,4.57127,3.56509,5.10216,3.77889,4.68233,3.85896,2.90048,3.83526
3.71323,3.02645,4.61387,5.2763,3.56331,3.10936,3.46147,2.92039,3.9629,5.31691
6.21322,3.03094,4.81943,4.7535,3.35282,3.78518,4.13809,4.11511,5.53814,3.76495
5.11177,5.08888,4.46198,4.71357,5.29131,2.46079,2.63631,3.25848,5.12188,4.38912
4.6724,4.02449,3.71608,3.86599,3.07434,3.50478,4.45145,4.77052,1.74921,3.94954
5.17261,4.41508,4.89503,3.79148,3.58328,3.53792,4.1288,3.8007,3.54305,4.17972
3.78091,5.24124,5.38837,5.50491,5.46902,5.018,3.15023,4.63485,3.61488,4.9706
2.15799,5.03641,4.0291,3.59867,4.36251,3.12566,3.49073,3.95531,3.44916,5.25135
3.94844,3.50501,5.00227,3.68639,5.1927,5.59731,2.86656,4.49746,5.43632,3.55187
3.25575,5.43586,2.99434,3.33767,4.60968,3.74687,3.73001,2.87357,3.73027,3.16917
3.576,3.85953,4.36096,3.36873,4.24004,4.5111,4.65822,4.67902,2.75545,3.38703
4.87738,5.7423,4.52871,5.26538,5.01123,4.71289,5.48014,3.56784,4.33072,5.30715
3.08554,4.40288,3.79052,4.42577,2.99519,1.99178,3.69122,4.28466,2.81852,3.38423
5.99633,3.4348,3.91682,3.49825,3.46466,3.12934,3.97881,3.9613,3.46898,3.63907
4.6878,4.33609,4.35081,2.08426,2.97177,4.64005,3.42922,6.47853,5.45872,4.13449
4.20327,4.23951,5.70156,3.6709,4.14234,4.14801,3.89636,5.99015,3.31644,3.60791
4.90926,5.07321,4.43567,3.30299,2.15198,3.88878,3.49975,3.54215,4.07643,2.97842
3.533,3.97693,2.55287,6.05372,3.38007,3.02909,3.02017,3.04517,3.05712,3.24326
3.03601,2.28628,2.88129,4.21851,4.22954,6.05952,5.55689,5.21252,3.88289,5.09952
4.89372,2.73018,1.7217,3.50826,2.90447,3.04143,3.87172,2.9148,4.79154,3.22801
2.52292,3.46577,3.55217,3.93933,4.0796,2.76736,3.15373,5.19438,4.5372,4.25001
3.59295,1.91425,5.16483,5.04133,5.00158,5.59603,4.4485,6.30859,5.32071,1.46092
4.12511,4.34742,2.20183,4.12051,3.37211,4.54746,3.91188,4.34168,4.2096,2.67764
1.99643,3.68735,4.91243,3.75869,3.40815,5.28465,4.48171,3.45535,1.97714,3.58815
2.51278,4.44381,4.09138,3.14532,4.21445,1.74507,3.85992,4.36847,2.51372,2.59141
5.98235,4.10436,4.5882,4.16963,3.27816,5.32851,3.48453,4.63317,2.92664,5.72982
3.44199,4.38624,3.30106,4.6859,4.44065,5.18203,5.02803,3.22417,5.47996,3.64516
4.29766,4.52153,2.74144,4.26475,4.86606,4.26156,4.74358,3.02324,3.61469,5.60867
3.29442,4.12169,4.6291,4.91323,5.02789,3.24368,2.61393,3.9417,3.97015,2.30295
4.90523,5.73004,3.1888,4.59422,3.74421,4.72125,3.5755,3.46876,4.64657,3.31839
3.70487,4.09349,4.99246,3.51616,3.43928,2.36025,1.64393,3.86091,5.09891,2.27217
4.84659,4.80217,4.23195,3.52225,3.8112,5.07197,4.63965,2.83686,4.50151,3.91189
4.77567,3.40936,3.71277,4.80005,5.22992,5.48014,4.58435,2.23401,3.93048,6.09082
2.8231,4.4473,2.42816,3.39003,2.84968,5.41298,4.14553,3.29354,5.34541,4.54791
3.7999,4.87334,2.54601,4.40499,3.88893,2.86775,5.8254,3.69389,3.96782,2.62535
3.18927,6.29152,1.8768,3.91138,3.65893,4.26342,2.98303,4.54048,1.83093,3.37968
4.37022,4.47045,3.13232,3.49702,4.45712,3.93643,4.14044,1.91841,4.6378,3.91546
5.60501,2.91528,3.0737,4.11427,2.92871,2.79274,2.9779,3.29534,4.66241,4.57503
2.85864,4.42556,1.20936,1.8722,4.17353,1.63365,3.81951,4.59123,3.03796,4.55042
3.07963,4.20112,3.66515,4.34857,5.13761,5.16479,3.30575,2.21867,4.72754,4.68956
3.22313,3.35364,3.48926,5.54855,4.42506,5.70672,5.0708,4.50114,3.30262,4.7791
4.43946,6.21595,3.56575,5.28122,3.79532,6.92171,4.42488,3.71238,1.60809,5.27909
3.81398,5.46441,3.59402,4.66908,1.69276,4.35055,3.4802,3.47425,3.82414,3.80898
3.01267,4.06515,3.64454,1.6234,2.50697,3.60836,4.75372,3.73705,4.28926,3.32935
4.83867,3.59648,4.63979,2.68879,4.84586,3.84457,3.84131,4.48776,3.96456,3.90239
4.88708,4.53027,4.62631,4.2137,4.20056,3.42786,2.70689,2.34451,4.49681,4.00674
2.6352,3.77552,5.54567,3.57835,2.38119,1.98914,1.36459,6.00499,3.59147,5.04168
4.10463,3.59158,2.87083,4.29502,5.41939,3.79316,5.13327,4.29229,3.72511,2.42513
2.92188,2.96781,5.06846,3.6668,2.88448,4.49268,2.29012,4.25036,4.21974,1.65729
3.67512,4.99342,3.85565,3.11401,5.01443,2.6484,4.11625,3.47858,6.48044,4.67732
3.67421,2.96924,3.46905,4.39098,3.06983,3.25867,4.85791,4.38882,3.59465,3.97491
3.62578,2.51204,3.56507,3.19127,3.51011,3.20056,5.86572,3.62257,5.65552,3.99321
3.71025,3.71863,4.36322,4.84056,3.94741,3.83897,4.27791,4.53674,2.90266,4.48213
4.22077,4.01432,3.63712,3.50168,3.84511,5.87971,3.5714,3.58562,3.79735,3.69575
3.74626,2.86553,3.03661,5.36202,4.58357,3.31904,2.88154,3.4111,1.80944,3.20407
3.51313,4.41149,3.02551,5.31284,3.97038,4.42211,3.86157,2.86365,2.37965,4.7248
3.52659,3.96163,4.58556,3.91004,5.43675,5.96256,3.42688,3.90992,4.2361,2.28807
4.65448,3.27184,2.01182,3.87556,2.55822,5.71223,3.58744,3.84731,3.60971,3.70745
3.32057,4.46558,2.33468,3.81269,3.00302,4.06979,3.23142,3.59422,2.92847,4.98471
4.87436,6.2013,4.83729,1.82949,5.10362,5.07934,4.12939,4.03958,4.64171,3.3385
4.48256,5.14439,4.68189,5.401,2.71965,6.52169,2.96122,3.36184,4.61733,3.85354
3.62131,3.25363,3.71658,4.08174,4.92954,6.34621,3.00498,4.90007,3.5954,3.68255
3.91978,4.93495,2.88829,3.29749,3.22141,4.95144,2.25179,3.52705,3.54523,5.2333
5.67863,4.3354,4.07882,4.79611,3.81419,4.35711,3.94753,3.69083,3.84304,4.06236
5.08572,3.87226,2.87432,4.09472,2.92766,3.14992,4.52727,2.35565,4.85147,4.47585
3.97909,4.9891,0.845679,2.46826,4.82743,3.13393,3.96024,4.00462,2.67711,4.2111
4.09041,4.91527,3.20345,2.00371,3.37795,3.0735,4.47616,3.33112,2.74853,3.36669
3.241,2.50238,4.08815,3.0659,3.52276,4.40349,3.49773,1.99894,3.12138,4.07435
3.10112,4.41908,5.67259,3.90887,3.29497,3.32979,4.82064,4.03031,1.46084,4.00026
3.96619,4.64414,5.79311,3.28754,4.18846,4.09883,5.33671,3.81239,3.76789,6.15588
4.23982,2.55197,2.46717,2.91347,2.182,4.87009,4.27472,4.50361,4.2586,4.78282
4.06346,6.73324,3.86847,3.57851,3.43924,3.7133,3.63242,2.85989,3.52671,4.18749
4.58437,4.61049,3.14891,4.96391,4.79088,3.52405,2.28377,5.17505,3.47224,4.20121
4.87887,2.53516,4.02994,4.72447,4.74988,4.74351,5.29117,3.69767,5.44753,3.37172
4.62645,3.80513,4.30928,4.09948,4.30852,3.60425,4.51026,3.31984,2.22527,5.89817
3.41563,3.81598,3.93854,3.69779,5.22589,3.61647,3.27251,4.11902,4.60281,3.48003
4.27865,4.46908,4.44797,4.36963,5.69282,4.75172,3.39549,3.28806,3.56249,3.92482
3.11599,3.79756,3.55026,3.40606,3.6757,3.71352,5.0615,5.27247,4.49242,2.18029
3.65716,4.40094,2.66859,6.15914,4.69159,3.49066,5.5217,4.91256,4.21751,4.25292
4.23571,4.50593,2.93924,3.80153,2.53686,4.50829,2.98995,4.1536,5.23896,3.50602
2.87986,1.16625,5.79408,5.2671,1.72353,3.1643,6.38793,3.83537,4.39454,2.89715
4.53046,2.90446,3.44829,3.52103,4.88854,2.74081,4.75486,2.98741,3.97124,3.04093
4.11176,4.11133,2.128,4.8786,2.25262,3.92847,4.33593,3.80633,4.73564,2.65106
3.30154,5.66066,3.33758,2.72337,2.24012,3.53865,2.93661,4.76337,4.32041,4.70234
3.80691,3.48852,4.46715,5.38825,4.13043,4.24781,2.98276,4.66621,2.42061,4.65778
4.62167,3.37957,2.47239,4.0705,4.32702,4.02673,3.3473,5.72714,4.55133,4.69945
3.67906,3.47872,3.6757,2.15147,4.94732,4.13037,4.65301,4.21259,4.33247,3.59801
3.5278,3.42037,6.04154,2.32971,5.55025,3.4173,4.04746,3.26453,3.24125,2.46623
4.92716,4.91988,3.88302,3.06906,3.68797,2.02316,4.97663,3.78035,3.6096,1.91056
4.12459,3.759,2.3003,3.98168,5.07916,4.52609,5.02072,3.45771,5.07455,4.15401
4.90136,3.2189,3.78987,4.9179,6.20344,4.2397,4.36715,4.37961,3.84504,3.06522
4.5302,4.42859,4.01994,3.78702,3.6266,4.07296,5.92791,5.10028,1.98297,3.2864
4.90983,4.11578,4.01492,4.21528,4.02725,4.13872,4.4204,3.38112,4.56496,5.64766
3.82204,2.87716,3.37218,4.44605,4.94356,3.26016,5.63029,5.06396,4.77921,4.47076
3.61715,4.18131,5.6419,3.73721,4.21061,5.16252,4.16207,4.89555,3.79476,6.17125
4.30454,4.00118,3.86243,3.43268,3.98617,3.81404,3.79874,4.35396,5.36133,3.69794
2.90229,5.96741,5.15634,3.235,2.72858,5.18476,4.69923,2.82968,3.56073,6.42054
5.77493,3.62311,3.58344,4.54154,3.98859,3.76888,3.23897,3.46648,4.67132,4.68303
6.17993,4.22823,4.41198,2.43128,4.91317,6.06499,4.66199,3.09523,3.529,2.57956
4.53965,4.09095,4.72002,5.10669,3.56343,6.91749,3.97456,3.82754,4.07627,3.59685
4.25384,3.1953,2.78127,4.34084,3.03391,2.5449,3.02616,2.179,3.92439,2.68141
3.44561,5.89698,4.03861,4.25221,5.01037,5.98998,2.93257,4.09726,4.79608,5.08941
3.2069,3.4633,5.09248,2.12876,4.52672,4.74205,4.13851,4.97052,5.10353,4.10514
2.75295,3.41847,4.53469,5.25194,5.7267,4.87487,5.71609,3.75208,3.00988,4.4145
5.36293,2.56163,6.05405,5.06701,3.3051,4.95981,3.57348,3.91632,3.30524,5.07679
2.74852,3.88859,2.52677,3.53314,5.50921,3.95684,2.38553,4.11241,1.30123,2.19318
4.94241,4.06128,3.53868,2.3497,4.07211,4.38577,4.13078,6.4532,4.10033,2.04499
2.06729,3.38994,5.34063,3.35077,6.3023,3.63684,4.95264,3.20916,4.49673,2.9316
4.82114,3.44689,4.45259,3.34385,4.31096,5.71919,5.42529,4.36717,3.19093,3.0078
3.38959,5.84794,3.67666,4.86423,5.24763,4.26501,3.89163,3.02773,1.98993,3.58477
4.20808,3.62222,3.98057,4.04973,3.69965,4.47082,5.44466,2.5934,2.3273,4.11921
4.90688,3.79895,4.58081,3.69444,3.41039,4.2097,4.07331,4.34607,2.81679,4.47854
2.35282,3.11889,3.58093,4.33554,5.86559,3.86488,3.92732,4.00796,3.55321,5.68766
4.78503,3.53143,3.98398,3.93604,5.63849,4.34324,4.29185,4.30748,3.27002,2.72542
4.37983,5.43094,3.93168,4.03963,3.49351,4.25442,4.50409,4.0151,2.87377,3.27771
4.18239,3.56162,4.81941,2.95694,3.5067,4.33952,4.67387,3.93782,3.82131,4.28333
3.67076,2.56173,4.23226,3.39039,3.49336,4.60029,4.52483,5.67056,3.85185,5.38788
5.01378,3.89044,5.21963,4.58594,3.91642,3.60913,3.99313,5.57208,3.89312,4.47617
5.26652,2.4273,5.19844,3.05686,3.75152,5.51868,3.58783,3.52497,5.64986,4.55317
4.17733,3.01969,4.09315,3.42595,2.56884,3.6305,4.44529,4.12043,3.65178,4.37644
3.98479,3.22624,5.59876,4.17742,4.59858,3.99197,5.30097,4.38587,2.24914,4.72739
5.52863,3.4797,2.61803,2.9889,3.81668,2.73398,4.06291,4.77672,3.47207,4.26366
3.96403,4.37463,1.93198,3.374,3.75961,4.50533,2.77891,2.04773,5.30023,4.24454
3.48585,1.38088,4.18687,2.92642,3.02575,5.56407,3.47605,3.27778,6.18655,3.43109
1.67645,2.42427,3.93907,3.31031,5.40816,3.27308,4.64536,3.82173,3.74084,4.70424
4.74473,2.59938,2.88555,4.94509,3.25505,2.99099,4.11215,3.33285,3.5196,5.63924
2.89069,4.56215,3.4433,3.88285,4.10437,3.77995,2.67367,3.99214,5.05855,4.45756
4.00097,4.96566,5.17285,4.17201,3.36131,5.33053,6.92001,2.15301,3.06014,4.45949
4.073,3.26867,3.12603,4.30875,3.54365,3.24502,4.54413,3.25349,3.35457,2.99586
4.46417,3.56379,4.0739,3.24122,2.90415,2.08953,4.7782,3.40092,4.1421,3.39471
2.82896,3.46514,4.50153,2.85027,3.19221,4.18177,5.02446,2.87042,3.80914,3.43692
5.63854,3.77314,0.23581,4.04843,5.9521,3.54546,3.089,5.31835,4.0452,2.79107
2.65416,3.65325,5.52006,2.29868,3.67022,3.98275,3.25202,2.91842,3.31005,4.00119
3.95575,5.05031,5.58229,4.13525,2.47906,4.55417,4.09406,2.47027,5.79931,3.80461
2.9199,2.78553,4.1998,4.67873,4.14161,4.67806,3.10596,5.0978,5.83514,3.62771
3.33664,5.22626,5.54593,3.47844,6.22006,4.0469,3.41706,2.77495,3.20198,3.02837
4.78975,4.30432,5.02389,4.62837,5.38182,4.07259,3.63892,5.60606,4.6196,3.66181
3.24535,3.31918,4.66372,5.29242,5.93516,3.878,3.87768,6.09514,4.0696,3.53676
3.76192,4.3684,3.18494,3.84136,3.45314,3.78768,4.52197,3.31466,3.60129,4.48777
4.72494,3.21298,5.09912,2.39029,6.13823,3.63278,4.07306,5.03635,4.61558,2.37206
4.27073,1.64007,2.62494,2.99371,3.74968,3.75969,3.78882,4.28011,3.91229,4.44392
3.90635,2.36438,4.6692,4.19452,5.33925,2.4,4.32605,1.83159,4.46046,5.80552
3.00442,3.76706,4.33067,1.3259,4.61551,5.92055,3.44376,5.10081,6.30299,4.36382
5.4142,4.46308,2.6418,4.2063,3.43306,3.51989,5.08168,5.27518,2.52235,3.90894
3.92792,4.00173,3.19366,5.32135,3.13902,3.72392,3.49259,6.13563,3.35652,4.00688
4.31764,3.27816,3.78767,3.22395,3.53774,5.01849,4.18104,4.39833,3.94453,3.58048
2.77924,5.9126,3.41186,6.09549,5.29872,5.56766,2.20081,4.7176,3.17716,3.5766
4.50423,4.21043,4.02857,4.21335,3.78301,3.2478,3.25602,5.34094,2.38717,6.90586
3.58269,5.57251,4.54244,3.54412,3.79599,4.39248,4.8881,4.78806,4.24608,3.65927
3.88248,3.95126,4.51346,3.55071,3.31891,3.63771,4.11077,3.48961,3.50028,5.5175
2.98488,3.63367,4.96835,5.70683,4.09457,3.75704,3.54147,4.61496,3.97334,2.34703
4.51565,5.92807,4.66729,5.97714,5.40021,3.78134,5.58374,4.46834,3.56245,5.10322
4.00713,2.86576,3.82569,2.29269,4.48862,4.34065,3.03581,3.46912,2.46267,4.11006
3.31757,4.02035,4.35205,3.10639,4.14795,2.83825,5.60363,2.57388,3.93354,5.85823
3.57437,4.83136,4.34702,6.35417,4.32273,2.07478,2.99514,5.74905,3.57326,4.41096
3.66309,5.72424,3.52392,4.38003,5.39138,4.17747,4.88624,4.6959,5.19421,4.22468
4.19573,4.39072,3.1894,4.12301,2.78666,3.69907,4.45888,3.54746,3.78399,3.11426
4.32497,3.25536,2.88042,4.7481,4.27213,6.01212,2.33957,2.85648,6.1089,4.32173
4.14225,3.31743,4.80805,4.68737,3.69712,0.974547,4.81502,3.64561,4.01009,4.84973
2.97959,4.04081,4.21803,3.04724,4.49783,5.08051,4.55495,5.92477,3.92019,5.06292
5.00015,4.27145,3.85291,4.13268,4.63914,4.0744,5.39122,2.91174,3.76534,3.49422
5.22352,3.93681,5.71796,5.40171,3.4838,4.35032,3.62584,3.7381,3.83041,3.36898
3.8438,2.82384,3.73718,4.17658,3.2703,3.89719,3.36783,3.24501,4.20195,3.18697
5.33987,4.60325,3.15366,2.44103,5.24967,2.34533,3.65352,2.07836,4.75227,2.66325
4.4972,3.71137,4.01044,6.58261,3.85537,4.6106,3.42348,3.75948,3.69756,4.69404
4.91202,4.51954,3.6375,3.13037,4.742,5.27822,1.93843,3.63859,2.30699,3.92862
4.21823,4.94244,3.92054,6.04353,2.93235,3.12039,2.6799,4.0526,4.53741,3.57632
4.31284,4.38117,2.64373,5.19574,4.56257,4.34833,4.90884,3.23083,3.66142,3.79382
1.73652,4.08372,2.52219,2.50791,4.40745,2.70295,4.01462,3.09752,4.38451,3.70623
4.86005,4.76973,5.804,4.67722,2.48002,3.23643,3.37343,3.84578,2.48045,3.95502
3.99112,3.83751,4.56305,1.35158,5.10586,4.27947,4.10449,4.6917,4.86556,2.28799
4.56473,1.87253,3.5612,3.31427,2.85432,5.02589,2.89606,5.74487,3.66478,3.99932
4.11089,3.5482,3.32449,4.51752,4.82093,1.60611,5.66075,4.55854,4.94458,3.30224
3.57656,4.2936,4.74159,3.39417,3.94843,3.97308,4.89524,4.76591,4.45131,2.67159
2.60446,2.69766,5.36332,2.83128,2.9113,3.22383,3.47003,3.52132,4.39224,4.36646
3.37064,2.25884,3.82311,3.0723,4.11647,3.5543,5.07543,4.48978,4.75891,3.32274
5.35015,4.2451,2.76165,2.39764,3.60704,2.505,4.43184,4.19579,3.56117,4.30565
5.44675,4.8335,6.96604,5.17387,4.31521,7.30451,2.57376,3.03353,5.221,4.44656
6.04797,3.90825,5.52931,4.97885,4.98308,4.73449,5.26252,3.62002,5.1049,4.01559
2.1064,2.57839,4.42137,2.79218,4.40333,3.09893,5.02851,3.19616,3.38639,4.55902
4.52568,5.01195,4.80441,3.74853,3.60643,3.3772,3.11881,3.05349,3.63703,3.84984
4.03824,3.68297,4.8885,4.3387,2.0468,4.29858,4.48296,4.04777,5.38424,3.95517
1.68175,3.94384,3.47028,4.55828,4.62601,4.60614,5.49566,5.53924,4.10241,2.46485
3.20712,3.81682,4.83638,2.6967,3.56783,5.24489,3.96697,5.61323,4.56365,4.36605
3.72326,3.77086,3.22079,3.21861,2.8888,3.25964,3.1915,3.87755,2.70364,3.34403
4.41662,3.26109,5.4147,4.68048,4.17962,2.85491,5.28507,6.46276,5.02221,4.22219
3.15869,4.06396,1.77225,2.27746,2.65144,4.10719,4.36128,2.35712,3.96547,4.50363
3.63978,2.79977,3.9111,2.65015,3.37972,3.01151,4.83036,3.33675,4.97405,5.25831
2.98538,4.83189,2.84838,6.01352,4.49977,3.61594,4.33934,4.71272,4.39769,4.83428
4.66886,4.71295,2.21495,4.55002,3.52022,1.75299,3.23786,3.35105,3.23816,5.15157
5.00499,3.89521,3.97422,4.16601,4.48159,4.05289,4.87333,4.76085,3.63575,4.97673
4.77605,5.16184,5.68121,3.48874,4.2335,4.52396,5.27332,2.75464,3.37464,4.48173
2.99596,4.25021,6.36448,4.28968,3.74153,2.96596,2.65292,4.12855,4.29958,3.62556
4.09735,4.58479,3.69518,2.69002,4.22917,4.23879,4.48242,5.43898,4.40595,4.8198
3.83534,6.01323,3.90051,2.35084,5.46015,4.12265,4.06151,3.73965,4.8518,5.05032
3.19091,2.54296,4.1783,3.9531,4.14113,2.86193,3.40421,3.11263,3.45556,3.98614
4.48085,2.7853,3.75367,5.2109,3.97736,3.7689,3.6445,3.2074,4.11711,3.79184
4.43319,2.82005,4.22469,4.51587,5.30827,4.80843,4.7794,4.21179,3.09394,3.80323
4.20843,3.16585,3.15097,3.9783,5.88885,4.56478,4.54383,3.8583,3.18992,4.10875
4.05124,3.50956,3.9782,3.38158,4.46398,3.48266,4.32792,2.15818,4.30762,3.75842
3.86282,3.30063,4.49324,3.90634,3.19811,3.99758,4.07798,5.29857,3.57393,3.98898
3.87161,5.09788,4.27065,3.36055,3.4769,4.75645,4.70019,5.30166,3.41599,5.82421
3.22448,6.03324,4.10552,4.33407,3.79036,4.47344,3.35758,4.09107,3.7045,4.76596
4.69349,4.33794,4.46711,4.03212,3.92978,3.69467,4.76526,4.172,3.13157,5.61877
3.80399,3.31391,3.72147,4.00357,4.11393,3.88152,4.97528,4.21349,3.98796,5.53042
2.65621,3.0063,5.14534,2.64145,3.36562,4.55875,2.65325,2.91172,3.83069,3.38676
5.30103,2.98115,4.90319,2.31434,3.35253,4.09817,6.4605,4.55175,4.68094,3.66081
3.11194,2.66393,2.60792,2.88995,5.2841,2.40724,5.07236,3.05973,3.19062,2.57393
5.61769,4.80609,3.63701,4.85377,3.69216,5.06601,4.07268,4.24447,2.80859,4.31399
3.70199,4.32119,3.32781,5.21263,4.29354,3.44285,3.44895,4.14312,5.9859,2.77028
5.39166,3.37954,3.90388,3.93527,1.9577,3.30614,3.63201,2.97314,4.40326,3.4424
4.14529,4.00197,4.14179,2.95572,3.55488,4.36988,3.21183,3.51362,3.48416,5.54153
3.07911,4.51041,3.25183,2.99246,4.76679,3.90321,5.11221,4.27922,3.67476,3.67694
5.05716,4.82315,1.91454,3.60539,6.2831,4.59881,3.69951,5.07826,4.43587,2.58396
4.28447,3.82427,2.77418,3.96381,5.77344,3.08712,3.9278,2.53999,3.02449,4.58926
5.01394,4.21752,6.27743,4.2606,4.87744,5.32168,4.93514,4.84477,4.99595,3.42686
5.38053,3.25048,4.04846,3.24973,4.09243,3.40386,3.89852,4.18009,3.68538,4.07985
4.38809,5.3008,3.63394,2.46042,3.76985,3.04808,3.7931,3.68982,6.04803,2.57021
4.11419,3.77617,3.49211,4.57794,4.86421,4.44714,2.69192,3.26243,4.83175,4.41183
2.08811,3.62919,4.36256,4.44501,2.73231,0.253263,2.61882,4.45489,4.95336,4.25616
2.37245,4.57672,4.7633,2.45884,3.30027,5.16016,3.77774,2.55778,3.38361,4.30175
4.02627,3.73874,4.70655,4.00639,4.64318,5.70169,4.96134,3.19986,4.02605,4.28338
4.0751,5.81124,6.11549,2.19614,3.96709,4.9479,5.43326,4.78954,3.88024,4.06229
4.20705,5.61569,5.51034,3.43722,3.91863,4.39793,4.44646,1.94507,5.76352,2.29564
3.80048,3.83575,3.61454,3.64731,4.70132,3.43506,5.05442,5.52749,1.71107,3.67955
3.84134,4.42911,4.1534,2.83119,5.86524,2.61081,3.09567,3.91997,4.07607,3.42792
3.12781,4.16362,3.33585,3.12584,4.83757,3.74239,4.20289,4.02534,3.49636,1.38124
5.04978,4.57711,2.87445,3.77095,4.79274,1.76537,2.51379,4.24644,2.87145,4.3672
3.89325,4.69781,4.25005,3.68981,3.2974,5.81023,1.81902,6.02768,2.38654,5.28976
5.03196,3.34534,3.93792,4.53369,2.34162,3.99118,4.66475,3.56758,4.73093,3.8251
3.61399,3.968,3.94825,4.68054,4.24512,4.80762,4.55352,3.57338,3.94655,3.76129
4.72354,3.98311,5.26997,4.6461,5.31461,4.19181,4.72703,3.1084,3.8514,3.96312
2.23305,4.13366,3.2348,4.18263,3.58361,4.41887,6.5414,4.82815,5.32134,4.56909
3.58092,4.03131,4.59585,2.93506,2.35399,2.66544,5.10694,2.65997,2.66907,2.46216
3.49215,3.44705,3.38852,4.90406,4.99529,3.07246,3.08552,4.08904,5.52351,5.15846
3.47806,5.47251,2.69577,5.19566,3.85584,3.62065,4.05084,4.24287,3.12636,3.65429
2.96325,4.1363,4.01877,4.94926,5.58,3.67536,3.99708,3.95469,2.46149,4.42679
4.54001,4.77744,4.38185,4.00739,5.46017,4.86615,5.82477,4.34495,3.80375,5.51673
3.65568,3.50415,2.50022,5.47431,5.09692,3.67425,3.74745,3.03762,2.69348,4.08026
5.85745,5.23412,5.30708,4.63782,2.43089,3.64631,2.93724,4.68184,3.23949,3.98814
3.187,2.78552,5.34257,4.44344,4.11986,1.05933,4.67177,4.79125,4.6531,2.95262
4.47421,4.53811,6.01378,4.17168,3.27253,3.10846,3.68047,3.33787,5.88002,3.67403
3.7908,5.12679,3.83001,4.76738,2.75597,3.31974,3.88431,0.9872,3.94784,3.15099
2.95166,4.12148,1.41909,4.75571,3.75016,4.32748,3.05964,4.78952,5.08761,3.85298
3.10781,2.58303,4.05369,4.84092,4.09048,4.57763,2.74171,3.88756,4.51507,4.21048
4.58007,4.9864,4.99842,4.7204,4.17142,3.83127,3.73246,5.03091,5.72849,4.37424
5.19148,3.2368,4.39243,2.76512,5.63861,4.82805,2.92267,3.85776,3.46183,3.2945
4.07766,5.41771,2.71695,4.41362,1.59678,2.89733,4.46545,3.90076,3.63818,3.79144
4.50546,4.97872,3.74225,4.18974,4.64287,3.33622,3.42845,2.83118,4.01858,3.45475
4.67942,5.22049,4.82514,4.92253,4.64336,4.10667,5.09842,3.22278,2.28741,3.49992
4.3168,3.61769,3.96914,2.1593,4.8148,4.08892,3.4471,2.65553,3.33525,3.25387
4.48623,4.33503,3.36585,4.43559,4.5511,3.57077,3.4661,3.34357,4.20476,2.92324
3.94058,4.33091,5.41032,3.05242,3.14916,2.85373,4.42548,4.46082,1.65001,3.83254
4.83155,5.41424,4.13223,2.84752,3.98066,2.8195,4.47407,2.49835,3.4784,5.76812
4.92188,5.65761,4.326,4.29516,4.43104,3.31733,3.78167,4.68647,2.95412,2.79952
5.38744,2.90837,4.54402,3.86115,4.42502,4.05182,4.39054,4.1171,3.4573,3.62324
5.16816,4.69743,4.0773,5.5671,5.24262,3.0765,5.14062,1.6133,4.10366,4.54174
3.66963,5.03429,4.51397,4.94028,2.151,3.98163,3.26571,2.81386,1.75891,4.90239
4.4207,3.83634,4.49285,4.18551,3.1488,1.6739,3.34833,4.26647,3.27118,4.54833
4.00321,6.9187,3.24571,2.96515,1.66398,3.62506,4.53993,5.53567,2.86864,4.40974
5.39149,4.07792,4.37013,1.71647,4.49479,2.8989,6.56099,2.74576,4.06147,4.15423
2.67074,4.38918,3.59935,3.55517,4.44921,3.68162,4.81296,4.09886,2.1123,3.41208
4.18679,4.78647,2.84,4.78137,2.9886,4.47879,4.18629,0.948458,5.43385,1.44996
4.52483,2.8369,4.69269,2.70373,3.20277,4.16371,4.97828,3.43934,3.23616,4.52317
3.58777,3.75859,3.90536,4.18251,6.48267,4.51997,4.47439,3.84475,4.63205,2.54431
2.28481,4.06311,3.31193,3.8447,5.05293,4.98163,2.92717,3.12289,5.05635,4.43116
3.84678,3.34899,3.40793,3.17822,3.46463,2.09905,4.96855,6.08553,2.92821,4.61709
4.77235,4.44726,2.61877,3.7834,4.2164,4.83299,3.56482,3.87335,4.55583,4.08169
4.65792,3.60699,3.38176,4.49936,2.17962,4.15869,4.11782,4.8045,4.47255,3.85411
4.38697,5.43077,2.71584,4.07258,4.41734,4.32537,5.5071,3.73979,3.02185,2.557
4.3166,2.2615,3.79343,4.71957,4.53576,4.52114,3.60296,1.78187,3.47458,3.27436
3.84103,2.81746,2.49668,3.69513,4.60442,4.30111,5.42504,4.15378,3.64321,3.27651
2.18513,3.54489,2.7963,4.58593,4.11027,3.19657,3.35065,5.23736,5.00547,4.08277
3.61856,4.0347,3.45069,4.3206,2.65637,4.17085,4.34522,3.56482,3.51825,1.988
3.21719,2.88194,3.09925,4.30129,5.12094,4.47533,3.4311,5.40791,4.14714,4.10392
3.61157,5.08112,3.33185,4.81676,5.44008,3.51716,1.51913,1.99594,6.3634,4.51174
2.15156,4.23227,3.93344,4.97299,3.86897,4.31489,4.92058,3.85696,4.80385,4.60348
5.28733,5.65219,4.3596,5.4712,3.55446,3.19581,4.52198,4.69133,3.81689,3.03633
4.67163,3.89693,4.01734,5.15747,4.53428,4.8147,5.89849,3.35256,1.75658,5.76984
1.94436,2.98981,4.52634,3.57845,4.7892,4.37806,2.30225,4.25542,3.94643,3.59743
4.59542,4.26286,4.65967,4.88426,2.82346,4.2439,3.98846,3.15681,3.42895,4.74631
3.52112,5.06556,3.2737,3.04879,4.88565,4.46348,5.24594,2.04116,3.74931,5.46199
3.48982,3.87758,4.63735,6.28191,2.75982,4.4451,4.96549,3.91305,4.97604,3.87115
2.8747,3.01717,4.39282,2.94801,4.24709,3.39068,4.11773,4.04908,3.8174,2.69094
3.86762,5.34537,4.43719,4.07807,3.23425,6.15126,3.77847,3.28694,5.32657,1.06453
2.27035,5.75392,4.44797,4.13077,2.81398,4.62183,5.33099,3.80831,4.6225,2.58589
2.24557,2.91332,2.66144,4.64133,3.14972,3.50772,3.20297,4.02767,5.47275,2.36183
5.73811,1.66221,3.9212,3.91839,2.98637,2.46668,3.92643,3.21723,4.73527,3.65781
4.26006,3.5812,3.98036,5.5682,4.06972,4.53743,4.38586,3.84988,3.59302,3.97696
2.82249,3.79373,3.3264,3.26215,2.93532,4.09012,3.63453,4.27209,4.7271,2.48484
3.70033,4.37949,4.10825,2.26536,1.82936,3.17229,4.77661,3.16497,4.26921,4.17465
3.14175,4.4317,4.20547,4.01174,2.92723,3.74392,4.03512,3.03468,5.17841,2.70378
4.27732,4.64308,2.52195,4.49745,5.27334,4.87657,4.40338,4.73946,2.63704,4.21232
2.35136,3.00837,4.6265,4.40672,3.49315,4.60917,4.66868,5.74853,4.51003,3.00508
4.44596,3.49691,4.98634,3.15851,4.15216,3.28767,2.24596,4.64512,1.69445,4.94285
4.07553,1.66947,4.11675,3.38436,4.70815,3.14061,4.14383,6.69705,3.27584,4.01816
4.23736,4.07405,4.24469,3.83241,5.00056,4.01689,3.82519,2.85944,2.81541,3.27845
3.27491,4.59606,1.75802,3.29181,3.36565,3.57302,3.97495,2.9012,4.01498,3.97137
3.3418,2.57043,3.83694,2.7813,3.86951,4.15007,3.71723,4.77029,4.00624,6.12544
3.48851,2.89577,3.98152,3.81825,4.48617,5.08017,4.89833,3.90843,4.391,4.15477
5.74397,4.48793,4.41459,4.17954,3.49485,3.72066,4.74485,4.30011,4.29325,6.00877
5.83652,4.62449,5.01294,3.03871,4.44493,1.87295,5.56023,3.22986,5.1983,3.66459
2.69703,3.50608,3.64558,5.81766,4.06028,2.6805,4.79512,3.76282,1.6792,4.19316
3.74405,4.09047,2.84379,4.4199,3.80687,4.20942,4.46031,3.96472,1.96454,3.31089
4.45444,4.90283,4.17179,4.18233,5.40495,3.84998,3.35538,3.67174,3.68945,4.47905
5.57759,4.34745,3.31939,2.63809,4.40492,6.15417,3.99822,3.33153,5.46009,2.87361
3.08796,4.79787,2.62548,5.03992,4.3061,4.62062,6.40249,3.69943,4.58683,4.30942
3.29321,4.13895,4.27525,3.98484,1.72292,3.31044,5.30696,4.35288,3.75224,3.10448
2.33192,1.23113,4.37336,4.01129,3.11922,5.37862,6.55389,3.50429,2.66297,5.65908
1.93674,4.26937,3.76906,3.97362,3.44424,5.48185,2.89093,3.61378,3.79661,4.52715
3.53484,4.21031,5.47353,3.11539,2.8012,4.51244,3.23887,4.07446,4.24411,4.80336
4.629,4.8585,4.11931,5.39277,3.30105,3.76077,4.28801,4.20528,5.99215,3.97478
3.82534,4.91919,1.68412,6.19093,4.55927,5.64475,3.25759,4.44112,4.48503,4.69299
4.52342,4.0188,3.81472,4.14914,3.2516,3.5245,4.19928,3.31123,3.5877,2.98787
3.41461,5.24191,5.34233,3.3372,4.49277,3.45924,4.66361,3.34682,5.23071,2.89555
3.98293,3.79767,3.77329,4.42964,3.97092,5.63671,5.51329,3.92526,4.39509,6.04569
2.35436,2.09949,4.24015,3.48845,3.10792,5.11086,4.59648,4.90445,5.64967,4.18144
3.40224,4.47792,4.06872,2.59436,4.25217,6.0399,4.20832,3.80262,2.57401,5.16014
5.0092,4.71366,4.87124,3.80709,3.4819,3.3704,4.23015,3.32511,4.65798,3.05978
3.73863,4.46331,5.60181,2.45099,4.32755,2.4827,4.84563,3.26495,3.27464,4.52667
4.33981,2.88752,3.29093,4.00753,2.9374,4.0362,3.77657,5.4128,3.91223,3.91761
3.1861,3.53265,3.77259,4.25381,4.36107,2.11071,2.7531,4.44089,6.42111,5.19812
4.52369,4.21698,3.70728,4.23988,4.92638,5.61524,2.52073,4.4409,3.33066,4.32262
4.83993,2.97756,3.86404,5.40563,3.25621,2.50558,1.99729,4.28847,5.31145,4.85046
4.78099,4.50533,3.65744,2.55861,2.85723,3.70264,3.57525,5.38361,3.27164,3.05497
2.62701,4.61955,2.63521,3.80711,3.9307,4.42874,3.8224,3.09916,5.83562,2.51078
3.98569,5.05575,4.57559,3.76352,5.31629,2.43668,4.57396,5.45484,4.55983,4.02449
2.99133,4.65718,4.164,4.48936,4.32194,3.05181,3.8952,4.16837,3.00755,3.28899
3.33451,3.89425,5.2435,4.14447,5.11396,3.24099,2.56067,4.3096,5.51731,3.55092
5.84372,5.03715,4.3606,4.15799,4.04266,2.44807,3.79116,3.36303,4.47799,2.3559
4.03911,4.40888,4.97817,4.12802,4.46962,5.91469,4.49221,3.7981,5.02177,3.97416
3.06282,4.31017,5.45455,3.26136,2.44609,3.95197,5.34709,5.40876,4.28044,4.49138
5.72335,3.14466,3.9638,2.8368,5.35415,6.15425,3.78204,4.10735,4.75885,4.69077
4.33565,4.50893,3.25411,4.13702,5.1993,4.10094,5.34044,3.36259,2.8628,4.05865
3.75812,3.60035,2.76838,4.75895,2.41381,5.35634,4.97514,4.39026,3.56763,4.31595
4.65984,3.02453,4.32023,4.20723,4.94164,6.53384,4.29288,4.75269,3.99352,3.283
2.21138,5.03768,3.75107,2.79284,3.89317,4.55434,4.62909,4.34045,5.00243,4.73606
2.8812,4.52327,4.12636,3.84278,4.38778,4.05601,6.34261,5.0115,4.61014,4.81291
3.47013,4.15278,3.30058,1.65478,4.4261,2.1225,5.73965,3.62663,2.96571,5.33516
3.66819,4.50232,4.02961,5.25535,5.45315,2.97356,3.19289,4.95269,3.54563,4.04177
4.0457,5.32006,4.62781,4.85147,2.20953,5.63555,3.64231,3.3962,3.34729,4.26754
3.69798,3.79312,4.54782,5.27274,5.28445,2.56177,3.87506,5.5018,4.14956,3.15947
3.31203,3.06845,4.51065,3.73572,4.44792,5.54743,3.73403,5.12581,4.46388,4.54462
4.19569,3.26779,6.60241,5.1275,3.68073,4.36805,3.0784,3.88399,2.87908,5.03694
3.33328,4.13669,4.58255,4.10499,4.64037,3.63511,5.35439,3.44027,2.58311,4.16716
3.15506,2.52761,3.64527,2.52685,3.80592,4.53096,3.69365,4.82157,4.88845,3.20605
2.81499,4.86625,5.14969,3.46183,3.65937,5.0862,4.02695,5.76418,3.76911,3.55664
5.3661,3.96816,5.03926,4.68577,3.0501,3.98497,4.17082,3.83587,5.53036,3.29685
4.98546,3.28785,4.69372,5.44907,3.39108,5.51826,4.24927,3.84039,2.53757,5.74508
3.78739,3.51424,4.25026,4.05657,5.08415,2.787,3.79401,4.93092,4.97864,3.91949
4.00053,3.34561,4.23939,4.00328,4.64295,3.39171,3.89997,4.02614,3.57386,3.17136
3.65156,3.7184,4.76185,3.82642,3.28533,4.81861,3.72939,4.57336,3.86826,5.3954
3.42038,4.84685,3.35557,4.24734,3.6703,5.41016,4.74509,3.55628,6.48764,2.84633
3.78395,5.10286,3.46395,4.67686,3.63585,4.62582,4.02599,3.71083,3.85061,3.81883
4.38598,5.16788,5.44684,3.90881,3.70405,3.63194,4.5232,3.59415,5.05734,4.66739
2.77502,4.17447,3.23065,3.39165,3.54604,3.30733,3.19072,4.91178,3.34476,3.98715
2.37683,4.22035,4.36085,3.98042,5.33911,2.22682,4.99962,3.33557,3.26312,4.28079
4.85667,3.39926,4.38001,2.12912,2.87556,2.48757,4.12535,2.96859,4.47495,2.81655
4.14198,4.01132,3.49187,5.01914,3.75015,3.40209,4.42569,3.45195,4.39086,4.45388
3.66883,4.03034,3.38742,3.63596,3.9084,3.90394,4.53836,4.27235,4.45519,2.67669
2.21664,5.45575,2.72589,4.06437,3.85562,4.62708,3.52071,3.61951,4.91308,5.34598
1.82772,4.07796,2.92694,3.08006,2.54374,3.53361,3.61525,4.32602,2.38445,4.12076
4.48466,5.31158,3.93391,4.20216,3.75114,2.33735,3.89164,3.54659,5.07281,2.36983
3.47516,4.40296,2.27757,3.11834,4.12902,3.71051,2.0897,3.74818,2.95492,2.91878
4.52264,3.96792,2.58468,4.92611,5.00428,4.12457,5.26746,3.5526,5.45095,2.60276
4.02924,4.36795,3.46433,2.90981,3.97672,3.02206,3.9754,3.52773,3.79856,4.86293
4.16231,3.22573,3.73735,3.21891,3.57602,5.00905,4.22639,4.64042,4.55255,3.74722
3.34468,2.42986,4.3609,3.70862,4.15817,6.02151,2.36949,2.99096,4.1456,2.73094
2.99463,3.5291,2.01124,3.47184,4.47792,5.87172,2.36631,4.06025,3.22419,3.95138
2.06694,4.85207,3.36529,3.99103,5.07292,4.75638,4.07967,2.36757,2.6597,3.10087
3.88265,3.22307,2.79146,3.29612,4.15011,4.05674,5.38627,4.04366,4.85894,4.58704
4.77633,1.99102,2.6369,4.14919,5.01764,3.70133,3.36602,4.54625,4.74738,5.49456
3.34949,4.4831,4.70449,5.4634,5.54192,3.61105,5.00094,5.00162,4.67589,4.96415
2.67968,4.67351,2.97363,4.0056,4.76618,2.96645,4.03915,3.54584,3.01564,3.32867
3.76156,5.03791,4.08108,3.45256,4.51353,3.22676,3.77273,3.71643,4.10408,6.47264
4.74016,1.22977,4.83245,4.07957,3.0328,4.67897,3.59732,3.94139,3.30958,3.10323
4.0336,3.1621,3.30128,4.32332,2.45661,3.11621,2.40535,3.36836,4.06575,5.48468
4.55083,5.19141,4.86642,4.49511,2.62805,3.92404,2.9587,3.3086,4.68189,4.6948
4.21181,2.77854,3.07752,4.02507,3.03117,4.94016,3.96577,3.53336,4.61034,3.57212
1.41783,-0.444302,2.53375,5.33872,4.13255,3.30683,3.98468,4.34485,3.2916,3.23938
4.24199,5.32373,3.21021,3.73812,1.90529,2.97654,4.51881,5.35871,4.65448,3.96984
3.92157,5.24533,4.59469,5.67771,4.04114,3.31958,2.66211,3.35978,2.88024,4.68754
3.87942,4.85269,2.4519,3.65637,4.25953,4.62632,5.13054,2.78969,2.3785,4.5643
3.61968,3.23454,3.4702,5.68613,4.09818,2.56629,4.13347,4.41713,4.56436,4.04209
4.78481,3.62995,5.39257,3.48207,4.25141,6.9086,4.04897,4.32151,3.81682,3.92358
2.7617,4.71829,4.22454,5.40162,3.88175,2.74493,4.59276,3.01144,4.20776,2.14382
3.97423,3.92019,4.30318,5.43864,3.07536,3.90232,4.29854,3.42494,5.32686,5.69112
4.75072,5.50668,3.74995,4.41715,3.8122,3.1595,3.39377,3.30262,3.25394,2.89224
3.00744,5.88798,3.93353,3.71622,1.93959,2.81868,3.91895,3.60059,4.84368,6.03275
4.05253,4.26594,4.87881,4.44624,3.23305,4.34775,3.1439,4.81614,5.9463,3.51899
4.06455,5.20073,4.39416,5.98783,4.12745,3.32989,3.29927,4.49238,3.64904,5.67119
3.78035,5.40993,5.51653,3.08276,1.66393,6.32318,2.80332,4.43433,3.09016,4.30469
2.45058,4.53508,5.60647,2.85055,2.73458,3.4927,2.39266,2.63662,4.75856,1.67951
3.79729,3.67245,4.65169,5.64318,5.50646,3.87945,3.37598,3.02123,5.34618,3.60047
5.68905,3.55107,5.47284,3.29016,2.3724,5.21473,3.13077,5.69408,2.58253,3.59852
3.63111,4.25921,4.42489,4.10491,3.83766,4.48318,4.84345,4.23931,3.74752,2.77783
5.515,6.04872,4.0681,4.38727,5.72518,3.97389,5.97548,4.43095,5.57063,3.67141
5.1037,2.90972,5.77722,4.00347,5.03438,2.56024,4.06199,2.78869,3.35936,6.04227
3.46477,4.27636,3.27465,2.79845,5.19236,5.1117,2.40213,4.07374,5.42191,2.50685
6.32461,2.7612,3.57245,3.47505,6.54075,1.31211,4.6423,4.69642,3.70399,3.41868
4.07485,3.43233,2.64617,4.34361,1.47136,2.57095,6.82529,6.00543,4.10183,1.85291
4.2592,2.05473,6.47942,2.91699,3.44151,2.78259,3.74683,1.97304,5.92152,2.81121
4.25319,2.94991,3.45672,3.20076,4.65744,5.50699,3.30335,4.13589,3.95684,3.99185
4.79072,4.83967,5.62937,4.17422,4.00241,5.50577,3.10314,4.04882,5.09738,4.98739
4.20008,3.46244,4.93588,3.35302,2.21384,3.14999,6.26346,4.1301,5.70466,3.8933
6.99549,5.2443,3.24785,3.04956,3.38723,3.73016,4.27882,4.15284,2.93747,5.46018
4.2097,4.54712,4.31076,2.25521,4.50824,3.01473,3.63209,5.56016,3.74687,3.46006
3.10961,4.33025,3.21608,5.24366,5.73225,3.1371,3.57815,3.07246,3.0551,3.14913
3.22953,5.1119,5.09331,4.67359,3.85854,3.52977,3.15659,2.0855,3.73392,4.59828
4.83862,2.69056,3.92747,4.25028,4.32097,4.15907,4.0618,5.05504,3.87599,3.27228
4.41165,4.51511,3.42399,4.47168,3.14737,4.45791,2.13473,6.87827,4.03442,2.50603
4.63413,4.20832,4.39015,3.30636,3.89497,4.46031,4.39448,3.1064,2.69924,2.5763
3.66508,4.31894,4.66745,3.5548,4.68529,4.48288,5.37054,3.54172,3.90384,4.92837
2.31736,2.99465,4.83252,4.41512,2.99857,3.01513,3.86748,3.70231,5.01065,3.99664
3.48064,3.061,3.0381,4.19413,3.86454,4.17527,3.38229,4.08623,4.55786,5.30415
2.69182,4.87127,3.84124,4.11473,6.01644,5.22478,4.17893,3.10521,2.34655,4.04178
3.80924,4.16309,3.54642,2.2057,3.35689,6.08749,3.18707,6.47704,3.60797,2.65005
5.05033,3.29403,3.13104,5.98798,4.37831,5.3239,4.16691,1.99494,4.01245,4.8566
4.51089,4.69985,3.89255,5.24864,5.19556,3.78654,5.14501,3.21199,5.63822,5.1077
5.17367,2.70524,4.70814,5.48633,5.17214,3.48992,3.74376,3.27669,3.41321,4.1397
3.85618,4.58603,5.51336,4.1829,3.59142,3.78504,4.65182,3.74559,3.3228,2.66773
2.54959,4.10908,3.3308,4.11896,5.3937,4.86927,4.41994,4.55157,2.77511,3.39419
4.03777,4.26995,3.35864,3.89258,2.26537,2.83511,4.35452,4.76887,2.47341,5.6218
3.22213,2.95452,4.16064,2.94187,4.12188,3.48629,4.70191,3.78923,3.91705,3.27864
3.76774,4.77986,5.09304,4.89612,5.0147,4.59763,3.54285,4.23832,2.91924,3.67963
4.70356,4.02555,5.22556,3.47637,2.36081,4.9969,4.33774,2.05109,3.13646,2.97796
5.71115,2.87936,1.78211,3.08307,4.57493,5.12065,3.36472,4.409,2.59381,1.5052
5.07498,3.13923,4.60307,4.17174,2.63109,5.40681,4.7045,3.33232,3.78836,3.86724
4.40353,4.63758,4.21594,3.83888,2.97778,4.48981,5.03992,5.07774,3.4801,5.02193
3.26643,4.60685,2.85242,4.4378,2.39092,3.14307,2.65211,3.06664,4.37805,4.15892
4.57442,5.17652,2.94022,4.38597,4.91574,5.34665,5.14943,3.30994,4.58272,3.32619
4.71696,3.48009,2.33271,3.28483,4.52081,4.65639,4.95906,5.83481,2.85095,2.49543
4.15088,4.10225,4.30309,2.57822,3.54926,4.2488,3.98898,3.24408,1.48138,3.38175
4.57331,5.3607,2.88228,4.8504,4.6723,5.11611,4.28957,4.05089,2.93134,4.67648
5.85485,3.80317,4.84376,2.5795,2.45202,4.43529,2.91528,5.84056,2.65264,5.43209
2.67267,3.94045,6.07081,3.31501,4.34303,3.96047,5.75507,2.99453,3.46203,1.11784
5.47498,4.64903,4.15447,3.50025,5.18631,5.85701,2.8038,3.13896,4.90831,2.32654
3.65532,5.42824,3.98192,5.69704,2.39486,3.10303,2.88113,2.88959,4.13279,3.38551
3.20807,4.29196,3.65724,3.3874,4.38235,2.57885,3.93779,3.10029,4.38776,3.96709
5.04337,4.65363,3.17646,3.07905,3.99683,2.8169,5.46879,3.89049,5.0456,3.04101
5.82011,3.38998,3.75755,6.14748,5.04636,6.42599,3.20391,2.15684,4.18463,3.54058
4.01801,4.63729,4.05792,2.82322,2.68977,4.50912,4.00891,4.01604,5.69963,3.70047
3.90932,2.31706,5.57519,3.74077,3.18804,3.52913,1.88907,3.93066,3.59323,4.98665
2.71025,4.80445,3.17082,2.72202,4.54856,3.83853,4.44861,5.07467,4.03116,5.68856
3.93484,3.38097,4.78764,3.1633,4.16642,4.38225,3.10478,6.39962,5.29195,5.33243
3.71587,2.28196,4.66183,3.59861,4.11279,4.97795,3.68323,5.13765,4.75308,3.24025
4.03108,4.54491,5.44897,3.4253,4.63802,2.55626,3.58345,4.45181,3.27703,3.87347
4.19754,4.18551,4.89348,3.07416,3.97789,3.49094,3.57786,3.15032,3.76659,5.3651
4.66956,4.99987,2.94124,4.49428,3.72804,3.02274,3.29719,4.02166,5.83806,4.90948
3.93347,4.53225,2.4861,5.13303,5.1594,4.27388,4.68198,5.11284,5.87277,3.49762
5.53982,1.90922,3.27832,2.94655,3.0077,4.17544,5.82427,3.83594,4.59237,4.70161
3.61832,4.68888,4.46626,4.00733,2.8489,3.26669,4.98307,4.61791,4.84846,3.40067
3.84613,3.44736,5.07617,3.9628,3.66481,6.12557,4.56857,2.08175,2.72613,4.79244
3.8068,4.69837,2.19916,5.7465,5.78452,4.78184,1.91076,3.17934,5.50892,3.79715
4.28029,4.93248,3.2884,3.82421,4.70529,3.6705,3.17659,3.74834,3.77864,2.27267
4.41542,3.60895,3.34578,3.59109,3.30979,5.88361,3.13762,1.89353,5.12614,3.44466
4.24191,3.22407,1.76253,3.13624,3.49856,3.68264,4.26519,1.78904,5.01206,4.10651
2.83331,4.13133,4.0135,3.77463,3.00784,3.69384,2.93557,6.33148,4.85033,4.09449
4.15375,4.38109,4.15613,1.9656,2.7228,5.7869,4.08513,5.12183,4.04097,3.66239
4.84186,3.38831,3.76256,3.13069,4.96555,3.25167,3.1442,3.53886,2.34092,3.69962
4.91622,2.89025,4.60286,5.54578,3.61005,2.85243,4.65535,5.34613,5.27191,3.80945
4.5878,3.91842,5.54113,5.27346,3.16046,3.54433,4.90738,5.47848,3.00023,3.82279
4.28363,4.70299,2.06668,2.51913,3.13184,4.89301,6.12974,3.33583,3.17941,4.44231
5.27625,5.07203,3.0941,1.79572,2.00052,3.99113,4.37835,2.85473,3.21363,4.06872
3.58431,4.54961,4.75852,3.3669,4.93974,2.53997,6.13755,5.22682,2.82806,3.2221
3.05228,3.52392,5.54223,3.57872,4.48098,4.69131,4.02214,4.30009,4.73936,4.91755
5.69988,4.83128,4.7956,6.43935,3.17766,4.55007,4.46928,2.88382,5.01715,2.81302
4.77684,5.93913,3.89171,4.12362,3.98174,4.35063,4.88513,5.62906,3.25644,5.40493
2.94106,3.52585,2.6886,3.57086,7.06905,5.06143,4.66833,4.85287,3.22484,4.6045
4.4421,4.60098,5.4883,4.51818,2.49856,3.92895,2.8473,4.24365,2.99594,3.73374
3.64715,3.76648,4.29029,4.75905,3.08027,5.07685,2.83735,3.9454,3.22551,4.80291
3.92712,5.37928,3.47913,4.00725,3.35909,3.2699,3.89282,1.92558,4.22642,4.52761
5.282,3.57963,3.19485,4.57039,5.87314,2.16173,4.21058,5.23412,4.29557,3.29651
3.30107,4.86017,5.3411,2.5044,3.05195,4.15112,4.32882,3.09802,5.26581,3.08836
4.42927,3.73278,1.734,4.38261,5.2825,5.65684,3.0189,5.40599,5.09905,2.88564
3.69304,5.59724,3.56575,4.77105,2.73591,3.85327,4.48845,3.50401,3.70139,4.02639
4.15221,5.22577,4.81464,3.97684,4.23881,4.60835,4.42039,2.71536,3.85703,3.17476
4.60723,4.92802,4.55134,4.08207,4.65294,3.77285,4.45848,5.15272,4.60745,4.8229
4.27123,4.76121,5.37292,5.02478,4.07848,4.30112,3.79552,4.40812,4.28209,3.86932
2.68335,3.38201,4.20204,3.77963,4.38572,4.97454,4.62595,3.54177,5.40437,4.8919
2.72082,1.69864,4.19907,3.43199,5.5078,4.97186,3.78928,3.4645,1.96523,3.87917
3.89233,3.56944,3.04278,5.12288,3.00108,2.18397,4.17271,3.37479,4.84055,3.65812
6.34064,4.79482,3.23617,5.18913,2.10429,2.48346,3.77087,4.11556,4.55868,4.59166
4.87863,3.33522,4.34217,1.45474,3.85342,3.74856,4.56214,3.69538,1.50615,2.78085
5.49107,5.8882,3.13703,3.9434,4.30469,4.49318,3.89965,4.28349,2.18519,4.23118
4.33297,3.58644,3.46743,4.53598,3.2385,3.0202,3.29083,3.73376,4.03721,3.4187
3.3148,7.33535,4.1914,6.51608,3.60292,3.21271,3.70167,3.25239,4.28719,3.10876
4.96227,3.7926,1.9129,3.01137,4.0319,3.61592,3.49628,4.53193,5.59935,4.32518
3.27549,5.55047,3.86489,2.93982,4.83331,4.79713,3.35363,2.56843,3.86072,1.73101
3.87662,2.79238,4.8507,4.74356,5.05103,5.6885,4.61385,2.93305,5.58878,4.89716
3.99382,4.63128,1.34297,3.78115,4.22159,4.94548,3.52221,3.52562,3.21893,4.74815
4.21936,5.2866,3.33687,1.47922,4.92272,2.63125,3.39045,4.46689,2.72647,3.97908
4.01171,3.4061,4.10607,3.57958,4.91591,4.4303,4.72451,4.05618,5.50299,3.75043
3.16328,3.28547,3.70657,3.19931,5.17421,3.11329,5.1086,3.50198,4.19198,4.71074
4.25324,4.48669,3.85687,3.82745,2.55232,3.01348,4.83895,2.62796,4.21569,4.50063
3.07303,2.55914,5.31593,5.63972,3.77984,5.65322,3.49661,3.24457,3.79222,5.07629
3.92073,5.26028,4.37181,3.06405,3.18096,5.0085,3.21713,4.69148,3.06604,3.24049
4.44904,2.35737,3.94216,2.4461,3.62295,4.97417,4.12723,5.06946,1.3111,4.47888
4.06383,3.59171,4.62417,4.01231,3.56177,4.33921,5.45605,5.67647,3.99451,4.06253
5.27093,3.03452,3.03174,4.93275,6.14578,4.1725,4.6566,1.86112,3.8341,4.14502
3.90908,5.71509,3.48885,5.03659,4.28411,3.68164,4.291,5.22231,5.26325,5.82822
4.06429,3.52356,4.83668,4.83824,3.69549,1.11138,3.43151,4.50409,5.09959,3.89078
5.68646,6.07577,5.01221,2.98938,3.56029,4.68226,6.28085,5.33101,3.88766,4.36325
4.19226,4.31516,5.45605,5.08199,3.78214,3.60911,2.59303,6.26995,3.07589,1.86331
4.61291,4.28932,3.40325,3.02891,6.21803,5.64085,5.32376,4.07102,4.25354,4.87618
3.65686,2.7521,4.35998,5.02052,4.36127,4.29295,4.08901,3.15851,4.2008,4.36398
4.13187,3.83687,4.62121,4.89488,3.44645,1.94715,3.43034,3.69471,5.75094,3.72053
4.32718,5.00667,4.73616,3.67921,2.70826,4.13555,3.54002,5.45196,3.01088,4.51502
4.314,4.6522,3.00488,3.6282,5.4707,3.3405,4.20521,2.77931,3.77074,3.22667
4.71805,2.99681,4.27233,3.71291,3.46714,3.36375,4.93236,3.79448,4.13158,5.28982
3.26304,4.4928,4.97226,3.75511,3.96465,5.09723,4.86059,3.72042,5.15904,4.06064
2.87868,3.97454,5.20675,4.38008,4.91444,3.20812,3.59548,4.07673,3.37938,4.27453
3.07456,3.50137,5.98472,4.34938,4.43311,4.33516,3.40369,2.54725,2.86892,5.41272
5.23913,5.19309,4.67835,4.77671,3.6169,4.4313,4.24739,4.00134,6.0873,5.43828
3.16304,4.12699,3.09813,4.83901,1.66032,5.85383,5.02301,5.31896,4.11461,5.09526
4.63383,3.06099,6.37466,1.75434,3.85247,2.78449,4.77718,3.90953,3.88219,5.19813
3.60235,2.72166,4.16842,3.81302,4.34237,4.82309,3.78886,1.63001,3.3903,2.83443
2.2605,2.27191,2.68294,3.61404,2.8675,4.66774,5.94852,5.12833,3.62063,4.11337
2.99509,2.79661,6.45109,4.6315,4.67597,4.95734,4.40394,4.20874,2.38423,3.44286
3.49827,4.38927,4.24325,3.9469,4.38971,4.55031,2.0061,4.52518,3.67335,3.46791
5.3319,4.63666,4.6549,4.01114,3.9835,4.07343,4.23492,1.97241,3.98974,2.77973
3.17073,5.33702,4.26037,4.42717,3.86316,3.75392,2.52478,3.97517,3.76806,4.3783
5.79773,3.85289,3.38288,2.62702,4.80801,5.64293,4.4309,3.36296,3.11672,3.75437
3.5826,2.96172,5.68365,3.2383,6.73489,3.85709,4.17382,3.83738,3.44997,5.37363
4.19886,3.95414,3.67858,3.81003,4.65004,2.45489,5.75112,4.40187,2.7616,4.03059
5.15036,2.99448,5.15631,4.22401,3.51646,4.53162,2.98614,3.44353,4.91002,4.3093
3.57435,3.63204,3.02636,3.44132,3.45828,5.35225,3.49651,3.10897,3.90818,4.22724
5.82753,2.2225,5.02741,3.7362,5.27662,4.30166,5.12166,6.23279,2.31898,4.64232
3.55293,4.36874,6.49975,3.96937,3.59871,4.71214,4.21259,3.32498,2.37629,2.10503
4.13052,3.78773,3.09264,4.63998,2.36374,4.22461,4.69491,4.32331,4.89255,3.83942
5.07861,4.42427,4.51441,4.65472,3.37176,3.05569,4.16707,4.34459,4.03916,5.28476
4.04238,4.26756,3.8027,2.45002,3.22624,4.74535,4.3343,4.20379,4.47262,2.55837
2.64787,4.30856,4.81072,3.17424,4.24078,3.38831,3.05083,4.6232,2.97049,4.92412
3.85516,4.33954,2.60432,3.9666,4.72595,3.39497,4.33296,3.30288,3.99019,4.36892
3.60757,5.73715,3.47098,3.4836,4.25841,3.67677,3.33449,5.05671,5.20577,4.47808
4.35899,3.7762,3.00007,3.36348,3.98498,5.44292,4.12401,4.63955,5.30751,3.20997
3.96245,3.70752,4.27355,4.15228,3.94696,3.72883,3.87821,6.20377,4.91971,4.19818
4.34522,5.88475,5.01024,4.35479,2.30566,4.39926,5.81064,2.8824,5.55481,4.3497
4.80688,4.07043,4.22667,4.09697,3.43883,4.48022,4.26181,3.24757,3.52988,2.80463
3.35533,4.72215,2.64526,5.22823,4.82051,3.28087,3.84177,3.37021,5.60994,4.14038
4.59834,3.6303,3.96374,3.73879,4.34822,3.60053,2.92738,3.26054,4.34931,3.38884
4.32364,4.5799,4.27362,2.74156,4.91503,6.12446,3.95914,2.97176,5.52641,6.34123
4.44646,4.3485,5.6954,3.98146,4.14722,3.96684,4.82137,4.75231,3.86541,3.02428
4.65059,3.4673,3.28332,4.81855,4.47366,4.37874,4.3019,2.47147,4.81074,4.26945
3.7841,0.886864,2.48012,3.86576,4.8696,3.47285,3.302,2.93054,3.48034,4.02829
5.00222,3.55782,2.7372,5.06479,2.28078,5.22946,4.13894,4.74969,3.89503,4.38835
3.09998,4.57068,5.44666,1.29777,4.70485,4.1231,3.25477,2.86122,4.64112,3.46933
4.41766,2.00983,3.39364,3.02152,3.9942,4.02996,3.7024,5.45005,2.9501,4.10414
3.63656,3.08268,2.37831,3.37276,5.40821,5.4911,5.29541,3.72723,2.7671,2.11537
5.37719,4.68101,3.39136,1.96417,5.07651,3.84593,3.03948,4.6956,3.98702,3.77383
4.37223,3.61982,3.38355,5.21577,4.10298,4.80383,4.88883,4.04929,3.74197,4.84395
2.42328,4.81611,2.07749,4.08916,5.74186,3.77142,4.08545,4.35904,5.05952,2.80586
4.54504,4.00691,1.85803,5.41264,5.65625,5.17733,3.93778,4.27807,5.55068,4.62521
3.50384,3.13615,4.1284,3.63302,3.5614,3.33421,4.42654,2.27412,4.78687,3.35583
4.80704,2.41672,5.15234,2.46997,4.77679,3.61055,4.62217,2.49036,1.79945,2.84685
3.61307,5.79148,3.11661,5.06916,3.61721,4.3757,3.24635,5.22543,3.18405,4.34103
4.52572,4.4063,4.11688,3.04909,3.18263,1.91056,3.18047,3.24874,3.42086,2.10146
3.90266,3.71393,4.75791,4.05549,3.34204,4.46468,2.98158,4.0415,4.99937,4.5195
3.51298,3.23504,5.03785,4.23442,5.16173,3.57944,3.94211,4.37084,4.65011,3.6336
5.06802,5.0889,4.11683,4.79512,3.42183,3.70201,2.39815,3.25987,4.16008,2.81179
4.02598,5.82399,3.92306,3.97496,3.85394,4.48823,3.97458,1.33346,3.5059,4.19813
3.84533,4.30154,4.00423,4.49743,4.35476,3.47898,4.27433,3.9367,2.697,4.20029
3.52559,5.6484,5.27054,2.59055,3.57027,4.03487,4.27282,4.28204,4.75632,6.43543
2.78118,5.41654,3.26533,5.54289,4.004,2.81002,2.68738,3.28779,3.22306,6.11978
5.60224,3.48173,3.72703,3.63929,5.10467,3.3885,2.95897,4.18444,4.35004,3.85976
4.83078,5.97866,5.10232,3.53238,3.07247,6.43546,2.94294,1.53815,4.97782,3.03471
5.19286,4.61242,3.61844,2.81344,4.56299,2.90915,3.74428,2.7461,5.44849,3.65588
3.33519,3.13642,4.22911,3.92322,3.81358,3.08906,4.47894,4.28364,3.65583,2.75703
3.86994,3.6189,6.05669,5.61473,2.6745,3.22693,6.95503,5.75798,4.1636,3.44823
3.16482,3.94396,3.31364,5.88269,2.72621,4.16565,2.4253,3.22865,4.77657,3.68361
3.57533,4.06881,3.69166,5.51292,3.28669,3.39696,3.46716,4.48789,5.2825,4.31658
3.55694,5.1336,1.35122,3.67657,5.09339,4.02402,4.5572,4.92911,4.54601,4.45809
4.58661,5.04688,4.93251,3.61132,4.58597,4.14949,3.6303,3.66483,1.50452,3.99381
5.98971,3.89084,3.60689,4.63971,3.10182,3.76211,3.78614,3.32683,3.78182,3.53401
3.50531,3.21806,4.60255,5.29784,4.38079,2.16962,4.45942,3.76309,4.2153,3.46717
4.18548,3.6947,3.61666,4.11793,3.86432,2.81192,3.45541,4.10114,4.35291,4.20647
3.17586,5.22265,3.56683,3.58923,4.28897,4.83733,3.75504,3.14975,5.02683,2.7758
4.35292,5.45876,3.06431,2.66689,2.56859,3.83977,4.50591,4.04678,2.9289,3.09159
2.8299,3.56693,5.74698,4.11185,4.5498,5.11636,3.90731,4.1481,3.72104,4.41317
3.8685,1.72531,4.09028,3.68166,3.2254,2.34874,3.44552,4.11665,3.54815,2.20069
1.42327,3.81644,4.71041,2.47921,3.38652,2.52315,4.0568,3.36592,2.85281,4.05831
3.36911,4.00396,3.56316,2.50029,4.1744,3.70619,4.65318,5.15703,4.22806,3.71006
1.94997,5.15679,3.76528,4.00395,4.95424,4.36803,3.70813,2.97317,4.32502,5.77942
3.7441,2.16942,2.41867,4.8915,6.2178,3.32857,2.12519,2.58529,3.49376,4.75539
3.87135,1.72243,3.65774,4.63683,3.39016,3.57815,4.38187,2.32842,3.97443,2.78581
4.76043,3.81349,6.58709,3.16634,4.27082,4.34756,2.32239,4.48034,2.66739,4.82925
4.95541,2.51535,3.53875,4.68285,2.84927,3.68231,2.90047,5.60644,3.24407,3.959
5.02728,4.39051,5.70581,2.90716,5.75499,4.05818,4.16684,1.64838,3.61594,3.82604
4.29855,3.63956,3.92872,4.1504,4.58839,3.71887,1.46388,5.29562,3.45047,3.9154
4.84567,3.82114,3.76118,3.7513,2.55854,5.35677,3.45738,2.64393,5.67334,3.90446
4.17507,4.85628,3.23209,4.28626,4.07801,4.54979,3.78854,4.47532,2.206,3.41112
3.30872,4.64421,3.38848,3.21703,4.99192,2.62905,2.14051,3.85293,4.13891,5.14564
4.12012,3.52362,3.44265,5.13377,5.89024,3.94805,2.70805,2.43551,4.0921,4.84188
3.94962,4.87357,5.25774,5.29328,3.93583,2.33054,3.33104,3.9147,4.62331,3.3596
3.27767,5.06369,4.3666,4.23528,3.47002,4.44158,2.15332,4.85929,3.66999,4.61526
3.58379,5.99279,3.36633,4.26521,4.22297,3.31671,2.45105,4.40918,3.69779,3.53694
3.24494,3.9792,3.61062,5.79016,3.56515,5.80363,4.01723,4.52511,4.98479,2.35545
3.64802,5.88272,4.77043,3.92326,4.51065,3.3623,4.67286,6.61501,5.65811,5.23856
4.64334,2.64253,3.32057,6.23507,3.48671,4.65295,3.79926,4.64698,3.32364,4.88556
3.07571,3.23922,2.59542,4.63184,2.58083,2.64095,4.73106,5.9922,4.82313,4.36496
3.17667,4.21805,4.15265,3.50991,4.88153,3.01487,4.16528,3.82633,5.2889,5.75241
3.11295,4.26287,4.19404,4.16665,4.80862,4.52998,4.52543,4.69829,5.00863,4.2268
2.86033,3.96383,3.88655,4.55121,4.68581,1.4189,4.53462,2.44824,4.02505,5.59687
3.08873,4.56436,2.23471,5.06277,3.93254,5.36666,4.64551,3.32216,3.98149,2.47761
5.96179,4.0488,2.47547,5.04303,2.91091,2.52806,4.22582,4.3278,4.25073,3.29618
3.42729,2.86633,4.2591,3.18861,2.72518,5.03398,2.85638,3.99327,3.78949,1.83673
4.54424,1.99649,4.14382,4.01729,4.09074,4.54752,5.11974,3.9741,5.39715,3.76123
3.03191,3.47628,3.11881,2.46724,5.22849,3.9659,3.1084,3.48839,3.75561,5.41193
5.19159,3.89714,3.84339,3.38613,5.47965,3.35725,4.33786,4.87808,5.07973,1.47174
3.74959,4.99517,3.69515,2.94309,3.68573,4.0435,5.85267,2.93565,4.84217,2.9578
4.86437,4.7476,3.97659,3.29393,5.07711,4.10832,4.37354,3.62778,4.74172,4.02372
3.23498,2.78937,3.40018,2.70736,3.06038,4.21854,2.05385,3.39616,4.06134,3.24625
2.92512,3.05155,1.99226,3.91698,4.50927,5.45396,2.67318,4.99244,6.37029,4.37799
4.87472,2.83055,2.80387,4.95835,4.06366,4.98284,3.16954,4.51652,5.01556,4.09125
5.3699,4.0681,4.04213,3.0548,5.00241,4.36596,4.38492,4.8211,4.25679,2.83996
4.67308,5.02573,2.67942,3.69818,3.52224,5.40377,4.90379,3.25124,3.35383,7.02258
2.59384,3.97827,6.18385,5.76994,5.42891,5.68093,4.9934,3.43034,2.43172,4.35118
2.76648,4.48959,4.44017,4.53293,2.88518,3.5839,2.34435,5.14394,4.56113,3.46204
3.80621,3.49271,3.93892,3.97929,1.58138,3.92757,2.53952,3.45866,3.61614,5.8046
2.27643,3.38096,4.01878,4.97058,4.14393,2.55843,5.21966,5.30047,2.68595,4.99236
4.38573,3.92857,3.45894,4.24509,4.12662,2.8736,2.43458,3.51266,3.439,4.1324
2.18829,2.62142,4.68278,5.36322,4.99336,3.08124,5.21755,3.15939,4.43606,5.48634
4.44093,3.99206,4.01829,5.47522,6.01117,5.91499,3.79134,2.51896,4.72644,4.21566
3.47387,2.86182,4.99178,4.78535,2.70927,4.10779,4.9259,4.2081,4.00996,5.47049
3.79123,3.70242,6.86057,2.91638,4.10358,4.19543,5.45256,4.86011,5.16736,4.89809
4.23148,4.57778,2.86315,4.6398,2.55597,2.57526,4.87308,3.78329,3.17615,4.41261
3.49019,3.60462,1.27942,3.60396,3.09954,5.86621,4.10095,3.84058,5.25072,4.57566
5.43319,4.34336,4.07093,4.72788,4.75184,6.4082,2.95291,2.94555,4.03446,4.3275
3.61498,4.99777,5.00509,3.93061,2.59197,4.96496,3.96719,4.08,6.038,2.69692
6.21748,3.96997,4.28464,3.4675,3.65753,4.16902,3.11042,5.09994,2.45725,3.35488
4.05102,3.17303,2.42723,4.59888,3.06407,2.36356,5.29598,4.95121,5.01304,4.49537
3.2978,4.6298,3.30734,4.47562,4.90036,5.2216,3.34052,3.30476,3.75016,2.55227
3.11787,3.20695,5.09946,5.00191,3.25554,4.8913,6.10984,4.08755,2.84097,4.1656
4.1289,4.65458,5.2711,4.38983,2.81564,3.07061,3.85915,4.78808,5.04102,4.75949
3.88946,3.796,3.8544,3.54349,3.60033,4.30415,4.4279,7.33368,6.57838,4.12463
2.33181,1.67899,2.77861,5.50827,3.01332,5.03253,2.8808,3.01356,2.24494,5.2618
2.32749,4.26138,5.04914,4.35879,4.6105,4.49197,3.44663,4.80345,2.38226,3.02035
4.40528,4.19312,6.05133,3.72877,4.70792,3.74996,3.16204,3.41577,3.03308,4.29382
4.84661,4.46182,3.90605,4.4721,3.15635,4.40281,5.51804,4.44678,5.29872,2.75319
5.46985,5.89738,2.7043,4.43199,4.03052,4.66023,3.9169,3.97454,4.23054,4.18165
4.10186,3.74109,3.48136,4.36878,2.66398,3.94732,3.93632,3.03424,4.90016,3.29023
2.62023,5.23977,4.65027,5.76877,2.89067,3.79581,4.95729,3.83647,3.94955,5.98751
5.71169,2.06689,5.9591,2.63235,4.14353,4.01206,3.94001,4.33188,2.46817,3.97683
3.76221,3.35783,5.62293,3.99421,3.39942,5.42659,5.20566,3.63292,4.44914,2.10632
3.53616,4.19259,5.27976,5.11919,2.91322,3.8804,6.10331,3.53897,3.17971,6.82207
3.61011,2.49076,3.78937,4.28754,4.48963,3.66701,3.51957,2.92252,4.00702,5.47648
3.90549,2.75638,4.896,5.67294,3.55321,2.75867,2.95995,3.10026,2.74726,2.78779
3.5634,4.53375,3.75711,3.45984,4.45674,4.57018,4.41438,2.03294,4.05489,3.81841
4.57308,3.29352,3.80341,3.49327,5.57167,4.14608,3.31881,3.95327,3.83146,4.14907
4.20569,5.27868,3.4768,4.07083,4.58021,2.26266,2.94128,5.14677,5.77137,2.98713
3.83461,5.05454,3.65979,2.14674,3.0322,3.964,2.74905,4.35256,3.94506,3.41494
4.26159,2.71872,4.50466,2.79022,2.20596,4.12713,3.59919,5.24595,2.95527,3.75873
5.99337,3.51736,3.21878,3.61842,4.99697,3.3408,3.23656,3.60311,4.9636,3.92426
5.76823,5.08225,3.77546,5.08166,3.3262,2.35767,4.40685,5.17595,3.56858,5.11414
5.01813,3.97691,3.10784,4.28268,4.85217,4.06712,4.77212,4.15481,4.54728,1.94872
3.71069,2.16435,3.93565,3.61508,3.94982,4.17816,4.48265,3.92446,1.9945,4.12138
3.71947,5.10753,4.88876,4.01138,4.9534,3.91064,4.6863,3.16084,3.68154,2.24014
4.95416,5.1644,5.83686,4.89368,4.9311,4.22866,3.89307,3.7453,4.89854,4.24088
3.63239,2.39453,4.01017,3.64269,3.26046,5.36807,1.77194,3.17837,3.01468,3.62336
4.6388,4.3527,4.40603,5.09574,5.51025,3.16794,4.1166,4.18522,3.18713,3.93799
2.86555,4.23361,4.60126,3.31247,5.12316,3.01723,3.42294,4.50413,2.61282,4.08867
3.9352,2.85538,3.48408,5.79936,3.35681,3.32186,3.88531,3.5891,3.2003,4.45154
4.16346,4.33536,3.41571,5.20749,4.69392,2.28387,5.27786,2.59349,3.1334,4.26476
3.10888,3.13306,3.1596,4.13686,3.86292,2.13946,4.64067,3.49859,4.74862,3.05946
4.64206,3.62593,4.01155,3.21553,2.96483,3.55763,5.74257,3.92724,5.34422,3.18904
4.95689,3.98241,3.0373,3.67887,4.86826,5.31685,4.29238,3.4919,4.08903,3.40304
4.22074,3.09079,3.42408,3.26733,2.18616,4.83424,5.02117,3.62517,4.00692,4.31164
3.79104,4.66072,3.33401,3.03774,4.06634,3.54992,4.80017,3.77338,4.69197,5.21617
2.82409,1.71942,4.1986,3.31639,5.17665,4.79019,3.27826,4.09747,1.83759,3.14645
4.33931,4.24745,4.53376,3.2999,3.49657,1.64352,2.769,2.28199,4.60016,4.53491
5.61235,3.74188,5.24859,3.60866,5.28887,2.65864,3.35221,2.96678,3.19972,5.64366
5.36363,3.62161,4.96825,4.93347,4.05552,4.37828,3.7884,4.68083,5.18981,3.77518
5.63475,4.31084,1.90297,2.70156,3.71967,4.92977,2.39048,3.87854,3.44615,3.89533
4.71047,4.75363,4.82635,3.97586,4.13647,3.60012,3.78935,3.97493,4.73257,4.17165
3.21792,4.20629,3.63972,4.29319,3.69935,3.27343,4.26069,4.7686,4.98837,4.48002
5.25124,4.07571,2.92724,2.12181,3.9179,4.55051,3.03754,2.95809,4.73058,3.97868
4.74174,4.63732,4.54558,3.49845,3.34712,4.70348,4.21502,2.6744,4.14685,3.47749
2.89712,5.42845,3.98396,2.62231,3.13516,4.46288,4.3413,3.98845,2.47179,1.82165
3.58952,4.89848,5.34841,4.25099,3.39248,3.51649,5.30437,4.29837,3.46682,5.48467
3.90392,3.23347,4.2161,3.19432,2.44575,3.08672,4.3537,5.25462,3.28901,3.85559
4.60234,3.61973,4.66806,3.95035,3.88855,3.42738,4.72427,5.19328,4.51052,5.69715
6.03342,3.42487,5.37193,3.45013,1.72459,5.68095,3.23792,3.146,4.12116,3.39727
6.40709,5.45018,3.60692,3.83885,2.67316,2.77886,3.15571,3.7024,3.56591,5.16199
4.65265,5.39977,5.64082,3.75878,2.9809,5.22014,2.32626,3.92319,3.57851,3.80853
3.25785,3.13796,4.31541,3.56155,4.743,4.72158,3.8761,3.03264,5.1378,3.96299
4.46524,4.10367,3.93854,4.07409,2.05957,2.04082,4.38363,4.38565,4.30025,2.51394
4.07926,2.64727,3.49528,3.65164,5.4249,1.96286,4.26172,1.81735,3.65421,2.77868
3.31229,4.75751,4.54296,2.93799,3.9641,3.45101,4.25701,4.03857,3.48085,2.42921
4.44612,4.74605,3.76195,5.58639,2.38683,3.80091,4.83046,3.59535,4.7307,4.67607
4.24179,4.38779,3.52785,3.57459,3.87651,3.92539,3.40044,4.18868,3.54605,3.62149
2.82738,3.53119,5.92832,3.66901,4.60981,4.24149,3.6167,3.14865,5.8801,3.08569
2.68079,4.25473,4.86256,3.82352,4.78164,4.81159,5.30164,5.12392,4.75472,3.95695
2.84589,3.04907,3.44683,4.0736,5.37162,3.92058,2.69479,5.1625,4.68417,4.94658
5.08675,2.80557,3.58081,3.40648,2.4287,3.7682,5.19389,3.27777,3.80552,6.34193
5.07558,5.67626,3.0101,1.46093,4.60305,2.00448,2.82079,3.39765,4.2018,2.8117
1.57548,3.89471,3.68039,3.73414,3.47425,2.33134,3.47903,5.29853,2.62877,3.5874
4.7567,5.36911,2.71305,4.28668,3.94703,5.58763,5.07702,3.9688,2.90178,4.92211
3.40043,4.03657,4.25295,4.48403,4.55749,2.83639,4.51064,3.98014,3.09131,1.2226
4.27263,3.45926,3.52699,3.70131,2.60385,5.03348,4.67089,4.53176,3.69667,4.22273
3.41552,4.30292,2.77356,5.14673,4.32609,2.79584,6.26343,2.87826,2.92597,2.64446
2.87767,3.8496,3.194,3.25017,3.47658,4.28588,5.02492,4.19593,3.62303,2.32653
2.67953,2.85414,3.26349,3.8838,4.76945,3.95305,6.81862,3.64191,3.33295,3.33923
4.29505,1.85895,6.302,3.7247,3.81103,2.93527,3.10749,4.68662,4.095,3.96664
5.06734,4.20508,3.39574,2.91294,3.79808,4.45425,3.43598,2.02211,4.3237,5.29177
3.66015,4.44006,4.01495,3.30349,1.90217,3.19448,3.75673,5.1516,3.90158,3.06208
3.40376,3.80212,4.17843,4.3721,4.41151,4.66165,4.19082,3.44725,3.37591,5.77648
3.78927,4.73211,4.8629,3.88388,3.24836,2.91875,4.50499,5.54411,4.23663,3.43328
4.54665,4.20365,4.43689,3.71534,3.77703,4.06426,3.8436,3.74407,5.27952,3.92573
5.26691,3.96225,3.23828,6.19065,4.72835,4.90168,4.16186,7.16944,3.91854,3.05035
2.70777,2.98105,4.42086,4.40791,2.10915,3.97364,2.82163,3.77696,2.51204,4.37239
5.69384,4.8358,3.60578,4.44205,3.31452,2.84673,3.9858,1.90706,4.55854,4.46148
4.87156,4.96801,5.57539,4.60425,5.41528,3.13692,4.84476,4.21009,5.05269,4.92817
3.80056,3.09573,1.87405,3.85898,2.41618,4.06782,3.88598,4.57599,4.33379,4.47468
3.08221,4.05533,5.1882,4.1161,4.30422,3.89915,3.66437,3.60465,2.16267,4.36978
3.94092,2.9486,2.86803,3.63856,1.32886,4.93744,3.26512,4.84613,3.98255,4.27887
2.65576,4.66965,2.67331,3.49048,4.92113,4.5988,4.88335,2.61416,3.9277,5.05334
2.45464,4.43741,4.70391,3.63474,3.94244,4.54508,3.92539,3.47772,1.80238,3.55242
3.49417,1.91688,3.27948,4.1263,2.71408,6.19785,4.31304,4.28032,2.9896,3.68646
3.13802,4.13772,3.20059,3.47086,5.28848,4.26746,4.79464,4.85882,4.02299,2.94376
2.39891,5.05431,2.64253,3.58898,5.12967,4.93919,5.60943,3.17605,4.09135,4.58025
3.93928,3.471,4.38832,4.37563,4.08985,1.69426,5.34808,3.74725,5.84517,4.10413
2.22103,4.32867,2.72966,4.51317,5.18233,3.93062,2.99959,5.20172,4.64515,2.95788
4.2631,4.49303,4.64435,3.58491,4.17494,3.34717,1.46694,5.77595,5.98168,4.88346
3.9958,4.70814,4.38931,2.28184,3.42234,4.51741,4.76493,3.87381,5.38757,1.97336
5.62426,3.85386,3.16019,2.89731,2.7022,3.53238,1.46441,5.25972,3.50689,3.7392
4.46214,4.02992,3.14084,3.24747,3.12606,2.2491,4.02998,4.99885,2.23955,5.52827
5.19213,4.28514,5.86009,3.57371,3.36889,4.57613,2.86934,3.89511,5.23291,2.59354
2.9686,2.91647,5.2226,3.28414,5.09448,4.09566,4.03487,2.49853,4.64858,4.66182
3.30262,3.26289,3.76659,3.86254,2.98149,5.83507,3.39656,4.35771,4.32589,2.07224
4.05977,3.60994,3.50961,3.81381,4.10961,3.62539,4.74291,4.34569,0.835755,3.84956
4.4032,3.14557,3.86355,4.79536,0.842219,4.90685,4.98519,3.79049,4.65679,4.90973
3.84209,4.89465,3.32496,2.38877,3.42971,3.75698,4.19145,4.40887,3.29344,4.97415
4.10393,3.76139,5.61997,3.03193,3.15211,3.80434,4.67009,2.69654,4.65966,3.15216
3.18655,3.15947,3.38283,5.28349,1.93296,4.25307,4.04988,3.13505,2.77291,5.01271
3.52663,3.38593,2.79166,3.82637,3.45436,4.02616,3.84676,2.97086,3.4683,5.19205
4.75318,3.96547,4.64324,3.53901,4.80089,3.7512,3.12698,4.65871,2.68052,3.01483
3.67024,5.19446,4.39284,3.61031,4.25353,2.57263,4.59322,3.92796,4.59892,3.53555
5.58076,2.9033,3.39833,4.21557,4.30222,4.57138,3.4233,3.77329,4.92332,5.35409
5.38022,4.10465,3.07263,3.58687,3.63852,4.77911,2.16453,2.65761,4.50766,4.90499
4.57742,3.07464,5.30916,4.36699,3.28246,4.33818,4.42428,3.62118,4.58894,5.87255
3.61535,4.64647,2.82022,3.30889,4.01734,5.5452,3.94617,2.58531,3.88599,3.38469
6.36869,5.24051,3.89042,5.15075,3.77235,4.59284,4.91794,2.68854,2.75457,4.02146
3.89375,2.68606,4.50138,3.90718,3.71885,2.89015,4.70316,3.74023,2.70477,4.57821
4.24356,2.2896,5.06484,4.85307,4.31053,3.5367,4.33412,3.87749,2.85812,3.23326
3.2609,3.05713,4.55228,4.70657,5.42642,4.84089,5.08409,4.56388,4.01243,4.23248
5.67095,2.79252,4.23847,4.00079,3.07659,3.06809,3.43201,3.55117,1.67981,5.98734
3.6563,2.77623,5.08418,3.96938,3.72838,2.09981,4.10448,2.73316,5.31831,4.15989
2.6588,5.58701,3.4256,3.85024,2.67775,4.5138,2.96949,4.98933,4.78767,5.11815
4.82652,4.30696,3.80665,4.94202,4.66694,3.20835,4.18467,3.85009,3.59889,4.08283
4.37394,3.15811,4.69979,5.6669,5.60067,2.75386,2.1674,4.56809,2.85293,6.0998
4.00435,3.58267,5.15991,2.61352,4.21373,3.3171,3.24709,3.81825,4.93065,4.92825
4.45005,2.34171,3.74175,4.37558,2.85976,4.61608,5.29726,4.0672,3.72475,4.10676
4.25882,4.49788,5.57873,5.45218,4.63284,4.44232,6.63434,2.51572,3.71968,4.44618
3.40046,4.48553,3.57266,3.04071,4.39236,5.31345,5.12877,4.70871,3.75047,2.4791
3.29062,3.89531,4.60232,5.02078,4.8517,4.76304,4.21931,2.04666,4.56965,3.08057
3.44398,3.3453,5.10999,4.97903,2.28561,3.59691,3.73295,3.2976,3.58042,2.78936
3.76062,4.39651,5.35839,4.61171,4.23837,4.30423,5.00452,3.13181,5.3961,3.26334
3.68163,3.35045,3.22879,3.25345,3.96783,3.74302,4.96038,3.81101,4.19545,3.24968
3.53351,3.7203,4.53703,4.70551,2.38832,3.48245,5.41984,1.66034,2.21017,4.49361
3.03472,3.46021,4.87175,5.05662,3.57982,3.66655,3.21982,5.10421,2.20982,2.57474
3.66657,6.51004,3.98827,4.3951,4.51961,3.21118,3.58744,3.59352,4.6561,3.82422
4.65205,4.34831,3.02095,5.34659,3.68057,2.29512,4.01123,4.44979,2.4786,2.96139
7.2198,4.01745,4.48838,3.13665,3.01542,2.44999,3.83987,4.65295,4.58486,2.04006
3.75398,3.02405,4.35831,4.94498,5.58225,3.02295,4.96296,2.53527,4.63117,5.0674
4.61322,3.83199,5.80611,3.08064,4.53817,5.87451,3.09951,3.34625,3.70278,3.10924
3.16421,4.65871,6.16796,5.61171,4.29282,2.3354,3.93576,4.88694,4.32872,3.28247
3.22942,1.56049,5.22064,3.50508,2.63609,5.25126,3.07182,2.68482,3.65786,3.51588
3.34531,3.97928,3.75987,4.21584,4.07457,3.28768,3.65861,3.26067,4.79214,3.92952
4.14414,3.22301,4.60472,4.58789,3.02714,4.12878,4.07986,4.87137,5.16091,3.40657
4.61865,4.96766,4.97923,3.62287,4.18018,2.61122,2.09759,3.1334,3.71593,3.66999
4.79973,1.80124,4.91096,0.564602,4.70584,3.33227,3.49775,4.80277,3.60146,2.54018
2.21268,2.56444,5.46393,3.95327,3.72029,3.65793,4.33041,4.59993,4.93559,4.24325
3.57712,3.96262,5.06137,3.84038,3.61156,5.41946,3.16698,3.25173,4.05434,2.9775
3.36798,2.63318,2.30521,3.46936,4.21353,4.18795,3.26292,1.80326,5.77021,4.22989
3.76748,3.10104,3.22837,4.91541,4.49906,2.9455,5.78994,4.24736,2.55742,3.51008
5.29282,2.9052,4.33029,2.8333,3.80118,3.55441,3.41404,4.32734,4.41179,3.56458
2.57132,4.43768,4.52902,4.86065,5.09163,2.91673,2.61206,4.51509,4.32079,3.77646
4.38499,3.84896,4.22452,3.85495,4.83054,3.82319,4.24159,4.26007,2.14894,3.51997
4.62097,3.21815,2.60681,5.11469,3.79458,3.67207,4.21927,2.87006,3.54113,4.22121
4.35283,4.21083,3.70348,3.4818,3.6752,3.1317,3.83557,0.737508,4.47577,5.24149
4.62846,3.40858,2.33111,3.21652,4.44382,4.27788,4.08173,2.79551,4.82565,4.85891
4.09028,5.5019,4.2983,4.29096,2.61992,4.75549,5.06587,4.75495,3.81715,3.58379
3.11765,1.71884,4.75274,2.59673,5.07745,3.38782,4.96346,5.70947,5.69616,3.50141
4.1786,4.15615,3.25001,3.91784,4.73409,1.07673,4.09714,4.22625,5.06203,2.97574
2.71713,3.6273,4.51915,2.90787,3.45547,3.23521,4.70552,2.21182,3.78273,2.65818
3.89728,5.32704,3.75099,3.69708,3.70637,4.2709,4.94474,4.00246,3.66403,4.30175
5.22343,4.24395,2.8572,3.64311,3.95489,4.79625,4.2369,5.07735,4.17356,3.90616
4.48197,3.22101,4.17842,5.19795,2.53686,4.0195,1.9519,2.35645,3.45958,3.92385
5.02246,3.45067,3.79879,4.20598,6.09805,3.991,3.72786,2.95436,4.45246,4.30621
3.84906,4.40487,4.18475,3.76986,5.8572,2.82056,2.92658,2.36066,5.46409,5.15637
4.28314,3.02179,4.0695,4.34558,3.56643,6.20824,5.24788,4.93455,2.20512,2.53943
3.76014,4.84561,2.67598,3.54266,3.59702,5.73541,3.24032,2.86115,4.23403,3.5573
2.46139,3.67607,4.80291,3.37934,6.05877,3.89572,4.13169,3.66085,5.81276,5.26219
2.65602,3.97241,4.56924,4.4856,3.7774,3.83453,4.36121,5.18027,2.18951,5.67824
4.50026,4.00128,3.61367,2.41835,3.53529,2.00593,4.79434,4.23844,2.17463,5.15778
3.27535,3.8878,3.665,3.09676,2.78951,1.43841,3.48654,3.39962,3.61354,4.19027
3.46574,3.36405,4.41882,5.3351,4.08368,3.31558,3.22208,3.33975,4.07643,3.02653
4.20526,4.70351,4.53524,4.71713,2.46348,3.91887,5.20409,4.26748,5.11671,3.07481
5.51233,6.01487,3.41614,4.85527,3.80927,5.41086,3.58835,5.81767,3.32973,4.80882
2.66362,3.57925,4.29429,3.36156,3.6872,5.3332,3.83083,3.43134,3.34584,5.2345
3.45349,3.94142,3.89197,3.57247,1.79354,4.23956,2.19062,1.28113,3.18274,3.38809
5.25125,4.07367,3.57241,1.95896,3.35065,3.48259,3.53512,4.16706,5.12444,0.760468
4.64908,4.73701,5.71308,4.16347,2.73037,4.88725,4.20721,5.47313,3.70073,3.1759
4.44514,5.33164,3.77292,4.23061,3.73402,3.74563,4.08458,5.26093,2.37371,2.77803
4.83706,5.67578,6.1659,3.48476,3.43912,3.11027,4.42061,2.8725,4.66576,4.28392
3.34044,4.8604,3.25286,3.28786,3.35911,4.85379,2.19295,4.69354,4.14771,3.33525
2.01079,4.21546,4.66333,3.45482,4.52807,5.43279,4.28262,5.39434,3.32227,4.45544
4.82676,3.28004,4.12599,2.80701,3.59171,5.05932,4.60814,3.46661,5.52091,5.05268
3.54027,5.28419,4.30259,3.52509,5.61758,6.23159,3.03303,4.85274,4.66818,4.28503
2.0353,3.18226,4.35103,4.13533,2.76525,4.08996,3.31096,2.88508,2.62182,5.37863
1.88202,5.01724,4.99312,5.26066,4.25693,4.56504,4.17273,3.35314,3.38229,3.10388
3.86179,2.92779,3.32337,5.45315,3.47668,3.99104,5.11325,4.31958,4.0466,5.51609
3.395,6.84715,2.49866,3.16142,3.78296,3.79167,4.52621,3.29334,3.02898,4.23129
4.67524,4.05607,5.40794,3.5075,4.19323,3.25828,4.22308,5.70156,3.79388,3.6376
4.1966,4.37496,5.06312,5.53451,4.67591,5.26135,4.71812,3.74176,4.32931,6.70302
5.78689,2.96306,5.35659,3.50364,1.95521,3.64681,4.52231,4.28169,5.39195,3.02437
3.41074,2.87781,6.65575,3.36965,3.67433,5.03792,2.84164,4.85444,6.25288,3.81097
4.02364,4.47783,6.16923,2.33109,4.32856,3.64605,5.55642,3.05413,2.65324,2.82016
3.56311,3.14528,3.62825,3.37733,3.46989,3.60995,1.95196,4.12191,2.76155,1.29164
2.35231,3.71982,4.26046,3.52622,3.18369,3.86859,5.36446,4.70444,5.76325,4.0812
5.67729,2.70008,3.25554,5.75201,4.53502,3.97047,3.41563,3.62582,3.98894,5.37746
4.19326,3.86863,2.92942,4.68077,4.02204,3.60244,4.35237,4.11737,4.5281,4.61965
1.91717,3.21913,3.52518,3.8478,5.3731,3.92146,5.34568,4.29066,2.90669,3.51132
3.78689,5.98767,5.52583,2.72,2.85021,4.89551,3.74509,3.45065,4.69485,3.79022
4.1639,4.78802,4.8287,3.42868,2.59451,3.52544,3.24131,5.73952,4.32646,4.56246
4.19632,4.70548,4.24871,4.10883,2.77343,3.88913,3.79168,4.54563,3.38756,4.02985
3.02357,2.69304,4.42182,4.15398,6.75308,5.3473,3.76321,3.99857,4.43514,4.56722
2.68556,2.65981,4.47771,5.09137,3.761,4.67733,2.76605,3.34754,4.11436,3.84364
3.54319,5.80218,3.51869,4.00391,4.24409,4.69434,4.20976,3.89825,3.41589,5.50141
4.62125,2.94412,6.94587,7.21342,4.22154,3.20677,4.40598,2.57862,3.26729,5.91037
4.3037,2.60917,2.81979,3.2157,4.08247,5.50967,3.91644,3.32377,2.50762,3.12746
4.42151,4.14871,4.63007,2.79692,3.58,3.31809,3.55538,3.12896,4.51742,2.79604
5.87308,4.6952,3.37112,4.97075,3.05718,3.75485,5.07899,4.99501,3.65487,3.4868
2.41416,4.9434,5.06603,3.3692,4.23396,4.56031,4.23442,3.98779,2.25135,3.4676
1.89189,4.71029,5.14876,3.90841,3.74588,3.02313,3.78335,4.06207,4.49353,4.68854
3.45084,4.32936,4.99612,2.60996,5.03942,2.79863,2.80407,4.48683,5.31165,5.04192
2.64295,6.12614,2.0122,5.17138,3.44062,5.28911,4.70556,4.14542,4.78067,3.58682
3.4587,2.27965,4.99692,4.51178,4.71,2.69257,5.40038,3.15037,5.82745,2.79998
5.16797,2.62255,2.7746,2.1852,4.23945,3.93539,3.96377,5.31601,2.78627,3.77145
0.964085,3.49526,2.8268,3.80454,4.51902,3.56918,4.3918,4.78051,4.01002,3.62319
4.96253,6.09013,5.19745,3.26523,3.77219,4.70462,4.01475,4.81927,4.37642,3.9219
5.97769,5.61651,4.11282,4.63219,2.7044,5.35956,3.50017,3.75227,2.70834,3.13315
3.91078,2.44397,4.60252,3.66489,4.05578,4.13311,5.00602,4.24233,4.05025,5.24756
4.28483,2.94872,4.34508,3.23404,3.85848,4.75593,5.56561,4.07925,1.45184,2.34754
2.26092,3.29595,6.02456,3.50081,3.81278,5.55949,3.74513,4.36332,6.15711,3.49821
1.99563,3.40859,6.56778,3.96885,5.45383,5.89551,5.14126,4.41964,4.89595,4.32871
3.05926,4.98416,3.94915,4.41188,3.58512,5.0092,4.83892,2.69342,5.17956,4.47088
3.38709,4.57323,3.73021,3.38331,4.42956,2.98266,3.32348,3.66387,4.51517,3.14195
3.45088,3.11508,4.30339,5.02946,2.69029,2.54919,4.39959,3.07321,4.34574,4.03009
2.26841,5.16874,3.74738,2.89725,4.42478,3.91231,3.06878,3.40666,3.81061,2.4486
1.77748,4.82943,3.97267,3.98512,4.36901,3.8009,2.62419,3.55792,4.58626,3.23488
3.92421,4.54876,4.57952,3.60102,4.69028,3.76416,2.51038,4.56062,5.69114,3.25956
2.66502,2.99856,4.2759,4.40816,3.5938,5.25243,3.59617,3.82112,3.82309,2.43577
3.38787,3.41944,5.39793,3.5589,3.57524,3.65573,3.07511,2.53521,4.63639,2.93382
5.95367,4.66762,4.82699,4.15213,3.75156,3.82146,5.82628,3.33446,2.71952,0.440359
4.44422,4.98669,3.38567,5.0112,4.62223,2.64531,4.28366,3.93729,5.00327,2.84609
4.54946,4.30207,2.95619,4.38213,4.20373,4.54578,4.95773,3.92342,3.65682,2.91152
2.64457,3.09047,2.5791,5.26984,6.27846,4.20102,3.83975,3.50142,2.69829,4.5926
2.48941,4.38027,4.43721,2.31755,5.51371,2.69365,4.29659,4.04373,5.48191,3.64861
2.46227,4.13378,2.97289,3.8327,4.66426,3.25667,4.18558,4.98635,5.06126,3.37797
3.66581,5.65063,4.84203,4.90941,4.39149,4.0389,3.2514,3.67984,4.24589,4.18643
4.83647,3.11127,4.33903,3.86663,4.34597,4.45029,3.65473,4.98439,3.64512,2.61773
2.1264,5.1848,4.74558,4.74606,3.78854,2.58706,3.96151,3.7653,3.62682,4.77301
4.38964,4.02756,4.12224,3.51361,3.82673,3.37522,3.54174,4.05165,2.17776,3.91569
3.95058,2.84303,3.90669,3.67475,3.55447,2.8001,4.82788,4.4055,2.73806,3.96513
4.25623,2.42593,4.35313,4.97559,5.33331,2.63652,4.51109,4.36597,3.78948,3.78422
3.63259,3.72358,4.2823,5.87453,3.9528,5.08639,4.41886,3.9664,2.48018,4.77386
4.55273,3.41271,2.85316,5.10425,4.6152,6.72148,4.88819,3.71205,4.64174,4.82404
5.15868,3.12127,1.51077,3.55562,4.24127,3.36546,6.12311,4.25291,4.42953,3.29204
3.38466,4.94557,3.64933,3.9753,4.66451,3.75126,4.42714,5.06619,3.25948,2.09268
3.67694,3.1506,4.83674,3.98615,6.00945,4.40236,2.60006,3.58171,2.84696,4.37673
4.87974,4.33877,4.37439,4.10673,4.20768,3.48469,3.64605,4.48179,3.7235,3.49242
4.08909,5.04201,3.47535,4.16274,3.9559,5.8822,4.44545,2.56342,3.04506,5.18943
5.46704,3.06049,5.42339,5.22075,5.42354,5.20946,4.53144,3.94486,4.53433,5.14148
4.47278,4.81915,2.9318,3.57233,2.60716,3.73064,6.62145,4.86871,3.78072,0.909273
4.94708,2.80444,3.01741,3.10456,3.7986,3.37959,3.70933,3.43055,5.47142,3.85536
3.38497,4.00849,3.58849,2.91772,3.18392,4.82661,5.81329,2.98608,2.46422,2.9866
3.1092,3.58778,4.36687,3.27973,4.65394,4.88609,5.36078,5.53382,3.75669,3.92572
3.67918,4.63053,4.82317,4.63527,4.27539,4.22007,6.89827,1.90334,5.08627,3.15398
5.01507,4.84752,4.29869,4.2693,4.02975,3.67611,2.81873,4.86201,5.32144,4.19969
5.06717,3.65004,1.95503,3.60328,0.981402,4.84797,3.76985,4.74196,3.65966,2.9019
3.74616,4.90889,2.72831,3.69413,2.71839,3.45821,3.21236,4.00094,3.55388,5.66135
2.18808,4.28997,4.6011,5.53831,4.79486,3.96948,3.9067,3.35848,3.63272,5.12302
1.37317,2.22108,3.9042,5.7303,5.29882,1.37024,3.65463,5.36873,3.43958,3.23159
3.14569,5.25986,3.3005,3.98231,4.38053,3.18725,5.03409,5.32066,5.15999,4.6035
4.7655,2.53117,4.87026,5.32894,4.83299,3.84585,1.59958,2.99098,3.2904,4.71118
4.26692,4.43004,4.83615,1.99014,4.1133,4.39858,6.44021,3.78986,4.14714,3.79892
5.10558,4.32191,4.61815,4.24682,6.15038,4.00594,0.784571,1.69469,4.03486,3.54273
3.58905,4.16988,4.62687,5.59078,4.43628,5.33323,3.42035,3.58433,5.6639,4.02568
4.75205,2.68378,3.59666,3.62064,2.4649,1.68692,6.14096,4.87993,5.11546,3.90112
4.50072,3.19395,3.23308,3.28495,2.99082,4.47031,3.93128,4.82738,3.67391,4.40563
4.28646,5.36599,2.63201,4.76931,4.32342,4.82265,3.8648,3.31104,4.5253,3.86201
1.82453,5.39025,5.39475,4.36236,5.06222,2.58834,4.08584,4.56883,5.10269,5.93658
4.10703,4.5276,3.49877,4.72072,2.07842,3.41739,4.79414,6.42684,4.6726,5.14704
2.62033,5.1291,1.60321,3.58146,3.61429,3.83925,3.75196,4.75476,3.3431,2.5066
3.54682,5.18295,5.10983,3.55515,2.86543,4.6455,5.72087,4.34884,5.24401,6.00746
4.21822,3.31514,3.17259,4.27001,4.70615,1.73905,5.03296,4.02001,4.53888,3.58671
5.26315,3.54052,3.78453,5.36902,4.14781,6.97738,3.83442,4.12833,4.61673,4.32281
5.11116,4.84936,5.23098,3.63879,3.52219,3.53079,4.04289,4.59282,3.93401,3.69621
4.61546,4.07635,3.82312,4.38778,0.764501,1.21006,4.39092,4.38849,1.44574,4.35117
4.75085,3.31767,4.16916,2.91885,6.18971,3.05042,3.96502,6.69627,4.36992,3.87357
5.22856,4.10429,4.52141,3.69456,5.82133,5.14318,6.41939,1.9065,5.98127,2.05197
3.17909,4.96688,4.19788,3.5073,3.60125,3.88877,4.07042,3.5233,5.36308,4.60903
4.36797,2.89848,2.76736,2.46072,2.80691,1.88482,4.36756,3.29658,3.84378,4.06193
4.06809,3.8349,3.10893,4.55384,5.07198,3.84365,2.6647,4.21606,4.35489,4.18994
3.28017,3.68362,3.93129,2.55768,4.64221,3.40958,2.95438,4.67603,5.29163,4.52412
2.2122,4.10291,3.82545,3.47766,3.23138,3.80864,5.60236,3.54706,3.42025,4.88872
4.98356,5.07491,4.18576,3.40735,4.96652,2.94278,3.30203,5.11097,2.9767,4.94733
4.70409,2.99406,5.80206,2.94889,3.72218,4.76806,3.8463,4.72669,3.64013,6.73901
3.99273,3.15067,4.69227,4.00594,4.98142,3.91847,4.0606,4.36125,2.70898,3.35049
4.00066,5.24375,2.88432,3.65846,3.51743,4.20582,2.0092,4.40841,2.67693,5.43812
2.77638,5.01331,5.23226,4.86114,2.73428,2.87537,3.60311,4.65769,3.2609,3.63925
3.50129,5.12382,4.64954,3.76057,2.25345,3.29884,3.03426,2.47109,3.00653,6.21203
5.21488,3.16357,4.20695,5.97138,3.91165,5.06606,4.33048,3.63777,0.909461,4.12476
2.92646,4.66345,4.28391,3.66246,3.16026,3.32685,3.92568,2.45594,3.21892,3.79675
