10
6.05913,2.57534,3.41481,3.54801,4.44042,3.69409,5.67293,3.26433,2.4739,4.00516
3.5136,4.42935,3.05384,4.22818,5.38831,4.49757,5.03977,4.92287,3.16016,5.03592
3.73131,5.52926,2.70004,2.03805,4.77985,5.05594,3.85263,3.0767,3.22004,3.02493
3.67374,2.96517,5.5527,2.30476,5.32482,3.12549,4.10401,3.40601,5.29355,4.37273
3.65918,3.3494,2.51525,5.95258,4.15207,4.08055,4.12498,3.50911,4.89011,4.11808
3.81924,3.1562,3.01756,4.1776,2.41498,2.35296,3.58138,4.5902,3.72269,2.99816
5.15122,4.44454,5.5353,4.24234,2.06706,2.43933,3.3574,2.93105,3.3825,3.53286
4.84291,1.87886,4.5382,5.70328,2.57606,3.83645,4.08865,3.05769,4.20628,3.96254
4.14179,2.06486,6.67434,2.97657,3.82677,3.858,3.38114,5.43649,4.60571,4.35795
4.26189,2.26091,4.56789,4.53355,3.8084,3.20167,4.06994,3.61829,3.74856,4.93491
3.37931,4.29558,2.68499,4.06978,3.5391,2.64252,4.14591,4.05509,2.51848,3.5806
4.07803,5.30193,4.55887,3.65731,4.19817,2.49799,4.37622,2.18158,6.80282,4.25674
3.84994,1.66193,4.55604,4.43158,5.47455,4.97845,3.56856,4.66744,4.17019,4.36677
3.80211,4.32215,4.06508,3.54935,3.74738,3.86007,2.02214,5.44789,3.95518,2.83476
5.05903,4.16134,4.94303,4.93001,4.30839,4.1594,5.33633,1.89527,3.07238,4.07383
3.76043,2.76021,3.82668,4.27077,4.25732,4.05618,2.8736,4.4932,4.60349,3.83465
4.18153,3.63936,3.08988,2.07139,3.72693,4.53119,2.54649,5.31278,4.11147,4.85957
2.60634,4.59364,4.14196,4.21228,5.33645,5.32546,4.27951,2.22858,4.78291,1.94357
5.5371,3.64515,4.2577,3.01383,4.30384,3.61744,3.42479,2.62948,4.90242,4.30447
5.16906,3.8934,2.62703,7.21113,3.27915,4.12627,4.1643,3.05553,4.63554,3.69301
3.56245,4.96912,3.73351,4.59219,3.54822,2.90025,2.93037,5.1499,4.34603,3.61982
3.70692,3.29153,5.56678,5.24415,3.77489,4.35824,3.34586,3.63371,4.75336,6.55285
4.15608,3.61702,4.46524,4.44289,4.14659,4.23173,4.99283,2.20094,3.58351,4.96698
4.51181,5.71542,3.96736,4.73493,3.57888,2.34753,4.19673,4.2126,2.97376,3.74825
2.81663,3.68017,4.30924,5.46209,3.14499,4.68029,3.23668,4.28147,6.05594,4.72155
5.68033,4.00418,6.33222,5.90925,2.09117,4.0788,3.96441,3.07595,3.80025,2.21523
2.69807,4.05671,3.34939,4.43009,2.79771,3.96005,2.94474,3.02803,2.34825,4.13097
4.72902,4.17141,4.4609,3.17317,3.93074,4.7301,2.76665,3.09647,3.20166,2.52915
3.75157,3.54632,3.88037,4.77835,5.48991,3.45677,2.95686,3.38286,3.02198,5.35362
5.70503,3.5258,4.75355,3.60259,3.85509,3.75972,3.47203,4.48272,4.86957,4.21761
3.4887,4.52802,4.77377,5.62259,4.12432,2.3892,6.04217,4.2773,2.99746,1.72308
3.47608,5.46201,4.03144,2.9439,3.47531,2.76779,5.04841,3.44447,4.6508,3.95188
2.06884,3.25051,4.4324,6.76728,4.62898,3.86033,5.42624,2.64797,3.33114,3.42543
3.34546,3.84281,3.67079,5.49257,3.72454,4.92523,3.4388,2.69496,5.41598,3.67724
4.15907,3.27661,2.33119,4.69447,2.91867,4.19796,3.80506,3.22582,5.22516,3.83169
3.85206,4.20239,1.78117,2.3356,5.42453,1.03324,3.7542,3.74796,3.74374,4.89406
3.27369,3.46446,3.57498,4.07914,5.16612,5.07681,5.23047,4.59649,5.84284,4.4785
3.58295,3.32339,4.17887,5.08866,2.48282,4.3759,2.82075,5.21746,3.01221,3.59555
5.60793,4.52509,4.63849,5.11167,2.78733,3.63775,3.49191,4.60435,3.33821,6.09748
4.65904,3.39769,2.73954,4.30981,3.42415,0.981069,3.79298,5.70512,5.37805,1.66859
2.85494,3.39455,5.32075,4.66082,4.03087,2.40861,4.23533,3.9007,4.19373,2.88006
4.74089,3.47874,5.03904,3.74358,2.70862,3.02212,4.97129,3.18472,1.92102,4.42852
5.08111,5.25644,4.78433,3.37403,4.29209,5.08162,2.44503,5.38609,4.7012,3.12625
2.61505,4.09271,3.49925,2.81318,3.97711,4.67591,5.30552,5.4883,3.59673,4.04147
4.66012,3.75626,4.01414,5.47332,5.76019,3.64967,3.76867,3.71906,2.24312,3.90408
4.15243,3.10496,4.61195,4.6594,5.6561,4.75948,2.38861,4.50885,4.52763,5.46166
3.62325,3.54048,2.47337,3.52911,3.12707,3.00632,3.5095,4.13947,5.03767,4.25388
4.44234,3.83174,2.09946,3.93831,4.78479,2.50388,4.10889,5.56479,4.62614,4.21174
4.28005,5.10671,4.17657,4.2791,4.11564,5.01752,5.55748,4.20511,3.68772,3.54646
3.54872,3.44252,3.61356,4.18593,5.78089,3.47024,3.85959,3.83304,4.02483,4.94501
3.8432,4.84417,4.92173,1.80335,5.40318,5.69846,4.37005,3.25506,3.96068,5.4976
3.6479,4.72208,3.45159,4.12362,2.89572,3.57255,3.33577,4.40954,4.26672,3.84295
2.99475,4.16617,2.50712,3.56998,2.67554,2.34449,4.48089,2.08985,5.82697,3.46247
3.20789,3.07061,3.26198,4.46436,3.24487,3.78666,2.57574,2.7071,3.86519,4.53497
2.91576,3.09199,2.60853,5.34245,2.59317,3.11378,4.87949,3.21695,5.09608,4.17128
4.64161,4.45387,3.48681,5.33807,4.82113,4.48152,4.5543,2.90999,2.68242,2.92795
4.45676,4.96678,4.73247,4.34934,5.5295,5.67774,6.06887,5.3441,5.02119,3.8056
3.19239,5.60839,5.14901,4.98647,3.46626,4.71835,3.99742,3.84894,1.1068,3.0098
4.00131,5.66389,3.5174,2.45514,2.58628,4.90552,2.17627,3.37858,4.97286,5.00167
5.64759,5.16989,3.45367,5.57146,5.1128,4.015,5.29159,2.9654,4.77537,5.61203
3.99301,2.09858,3.50072,2.74866,4.68233,3.87411,3.97601,3.70934,4.57793,3.62335
4.37084,2.17195,4.58686,4.3622,5.90711,3.87618,3.97906,5.11012,4.50403,2.90556
4.41706,4.65284,3.31271,5.03683,4.59627,3.12756,6.33573,2.38725,2.13858,5.57684
3.8138,3.2815,4.80519,1.97742,4.63533,4.21018,4.53605,3.32553,4.11885,4.33123
3.47869,4.03525,3.83487,6.13177,2.16244,2.86903,3.19151,3.9202,3.56316,3.44026
4.69489,4.90524,4.21354,4.2655,4.75177,3.09944,6.19023,4.73636,5.01224,4.62376
5.08869,4.66237,4.80212,4.16621,4.53992,3.45972,5.25777,3.81869,2.59773,3.66846
4.59461,3.95737,5.7954,3.45429,3.58597,3.60337,3.15948,6.65726,4.07192,4.31047
4.17104,3.78401,5.36651,5.17827,3.26751,5.95409,5.80296,4.66146,3.88688,3.28078
3.64595,2.58642,3.54592,4.99984,4.78332,5.82933,3.2123,3.09967,3.77721,4.14369
3.45325,3.30482,3.49674,2.11184,4.10468,2.89749,4.21229,5.42502,3.14402,3.46257
4.1767,2.11272,3.28469,3.58769,3.9175,2.37635,4.55848,4.04646,5.26298,5.33949
3.67056,3.90807,3.57347,4.47597,3.41783,4.43799,3.8381,3.56418,4.43727,4.40447
3.10452,4.18068,4.82803,2.76542,4.23948,5.45729,3.76582,4.68565,3.31318,3.17816
4.64506,5.05582,5.3086,4.55595,3.33095,4.84841,4.82478,3.70311,4.30181,4.88037
4.32086,4.93989,2.95196,4.84739,6.07933,3.84831,4.32739,3.50321,5.67817,2.88808
3.04515,4.60536,2.01224,4.7425,2.7849,3.78355,3.36908,3.88922,2.8594,4.87469
5.36627,2.71474,5.60941,4.7244,4.82715,6.10914,3.6638,4.88495,4.56153,3.53489
4.71595,2.45563,1.63124,2.95654,7.58801,5.57489,2.65312,3.74703,4.11283,4.36209
2.64272,2.66381,3.38817,1.12125,3.96731,3.56895,5.36216,4.12405,3.59968,3.52473
5.30724,4.66526,4.06759,6.15883,3.57745,3.56481,2.36801,3.41361,4.21302,2.90801
3.99439,3.60238,3.33591,4.37513,5.94565,4.70502,3.78095,3.31884,4.33697,3.93238
3.93417,3.43753,3.87012,4.25047,4.01773,4.3562,5.52752,2.14588,2.12073,3.26378
5.07733,3.4748,2.90056,4.61636,5.85433,4.22741,2.83349,2.99111,3.16828,6.41712
4.564,3.55413,4.83096,3.75015,4.04643,4.24632,3.0649,3.6317,2.75539,5.43635
3.94856,3.89397,3.49731,3.26204,5.49083,4.87711,3.60322,3.26506,3.19722,4.30003
5.45357,2.89688,3.2981,4.43833,4.70949,3.96115,2.8486,4.34599,4.66274,4.32613
3.55332,4.41626,4.98947,6.31505,2.20879,5.24786,2.21274,3.86643,4.56896,4.33229
3.94479,4.41304,5.48309,4.908,4.78768,3.822,4.36102,4.56736,4.2978,4.02529
3.71395,2.96131,2.82044,4.10834,3.59703,2.20515,4.8045,3.55499,2.48877,2.5148
3.35627,4.10614,5.88376,4.36692,5.0409,5.17228,5.95664,5.3451,4.97165,6.09891
1.7107,1.09574,5.95538,5.53339,3.68079,4.30655,3.2467,3.69114,4.34217,3.8191
4.21424,2.99949,2.90093,2.5538,3.38746,3.74418,4.54545,3.87069,4.59703,4.8827
2.05527,4.47447,3.52203,5.62437,2.58112,4.59572,4.89012,6.03461,3.20109,3.98646
3.93919,3.30909,3.84884,3.55086,2.6565,4.36894,3.71673,3.40316,4.05491,5.28766
4.94494,6.68593,5.03601,4.20328,4.31499,3.00446,3.1301,5.40936,5.12465,3.9811
5.18315,3.72862,5.8928,4.61973,3.73778,5.98541,4.60771,3.05406,5.18732,4.2975
4.48194,3.36677,6.27549,1.04199,5.22126,4.96637,3.78295,2.79505,4.15835,5.3822
5.57215,4.70879,2.87494,3.83836,4.95015,5.36085,5.83261,5.2303,4.93952,3.81561
4.4392,3.87204,2.99296,4.52997,5.44737,2.26287,4.18716,1.09232,3.2037,2.0335
5.33287,4.38787,5.44671,6.28234,4.24052,3.61109,5.04662,4.19584,1.48403,3.63925
4.17205,4.15079,4.28395,3.10917,3.76514,3.44896,3.02024,2.3756,3.64577,4.90619
2.21372,4.96818,4.16468,5.16016,2.62212,4.41678,3.3415,1.50958,2.83166,4.58621
4.48677,2.60899,4.09694,3.60839,4.64404,2.78122,3.80457,4.67892,6.38782,5.38832
3.41311,4.58128,4.41225,4.6107,3.18413,3.77891,4.74469,3.99688,4.72069,3.58927
5.3731,2.58261,3.75789,3.00545,3.36771,2.53236,3.92134,3.64701,3.8289,4.56687
4.40568,4.65581,0.525774,3.96438,3.90555,4.84034,4.20551,3.17071,3.64416,3.8045
2.98897,5.38164,4.06523,3.6517,2.4194,4.61009,3.78904,3.0848,3.6547,2.25283
2.67589,3.03505,3.19554,4.46734,2.48847,5.04032,4.9908,4.30876,4.33796,3.88703
4.32324,5.67682,2.599,5.3279,4.45526,3.52202,4.1065,4.13191,4.49922,3.96372
3.25016,4.18085,3.04255,5.39408,3.88005,3.38601,3.86971,3.73278,4.78582,3.38482
4.08096,4.12384,4.78534,5.20444,5.40891,3.72247,3.1104,4.49493,3.77892,6.56169
2.59441,4.19591,2.97421,3.51882,3.94757,3.21243,4.14897,3.45154,4.36536,3.51915
6.22536,3.91843,4.38549,2.86098,3.83876,6.11855,5.09818,3.4534,3.6922,3.59667
3.66753,4.90451,5.35919,1.91048,5.63863,4.84547,4.14229,2.24811,5.25349,3.45946
4.31246,1.76227,4.0608,2.826,2.96305,3.63283,5.27714,4.87218,2.61104,4.70116
4.05913,4.13219,5.84863,5.64807,3.28729,3.3764,4.07945,3.77834,4.17394,4.4506
3.32228,2.12448,6.06382,4.04441,0.787875,1.82041,5.26999,6.7875,4.79342,3.24929
3.17934,3.21556,2.55133,3.07612,4.19797,4.4038,4.11622,4.27182,3.30385,3.64044
5.28652,3.7344,5.03098,4.74426,0.99287,3.89027,4.67865,5.28548,4.54244,4.11725
4.17348,1.96418,3.59472,3.73916,4.25778,4.31239,3.80715,1.88973,5.64142,4.49353
3.266,3.40424,2.06804,4.73594,2.61546,5.19148,4.44141,3.67885,3.02818,4.09614
4.52005,4.29063,2.93,5.23423,2.93875,4.80122,4.60274,3.22994,3.03711,5.01397
2.95085,3.8251,4.56406,5.02957,4.10444,4.65666,4.75518,3.66306,4.18419,4.93959
4.83241,4.48228,5.34193,3.81754,3.87961,3.83944,5.39854,5.24732,3.41392,2.45609
2.83912,3.58407,4.64638,3.61984,3.66701,4.34378,4.07405,4.31849,4.12342,4.59109
4.08228,4.37412,4.03808,3.13916,4.59975,4.51247,5.42128,6.00119,5.87649,5.79041
3.09208,4.06242,3.70802,4.03628,3.76994,4.79425,3.83288,3.39353,3.79796,5.26134
5.00137,5.34567,4.33357,2.11536,4.14326,5.14696,4.4789,6.92889,4.60943,2.49474
2.86894,4.42502,2.75631,3.164,4.19194,5.93398,4.49724,2.69074,2.27694,4.9546
4.00033,4.494,5.23346,4.0684,6.17805,3.56507,5.0884,4.30777,4.99257,3.53072
5.041,4.7208,3.05492,5.13374,3.19035,2.89027,4.98731,4.52339,4.82112,4.17172
6.77107,2.56916,3.84295,5.00654,5.16131,4.46884,3.95688,4.70212,5.28713,2.70683
3.80524,4.19673,5.4867,3.52725,3.3104,3.36604,4.64923,5.20951,4.61225,4.82968
1.78362,4.56721,5.16822,3.64127,4.2394,4.22644,3.0846,4.94147,2.86162,4.05004
2.21985,3.59343,3.56262,5.5149,3.77561,4.10278,3.98888,4.31607,4.91635,4.3417
5.04285,4.66712,4.05257,3.51659,0.637544,4.78043,3.95723,4.02632,5.16898,4.16435
4.42133,4.39283,3.4729,4.68569,5.12451,5.59213,4.46634,1.7093,3.74618,4.40358
2.49292,4.18358,3.58542,3.7013,4.65415,5.84231,2.35985,4.67446,3.6334,2.69163
3.3439,4.55874,4.09806,3.11399,4.4328,2.69502,5.76761,6.09302,3.58824,3.73361
3.23146,3.07302,4.76811,4.98246,5.33082,2.69228,3.66449,3.6754,5.69741,5.26328
5.13817,5.09174,4.74771,2.83498,2.98945,5.38695,4.41946,3.65236,3.51416,3.4962
2.8941,6.40757,4.52564,4.03099,4.92217,3.64617,2.48067,4.44687,2.71526,4.58285
3.85697,4.06226,2.07491,4.50394,3.41421,3.38061,3.95058,2.99909,4.15878,4.84902
4.68297,4.16868,1.59907,4.67626,3.73249,5.35722,4.22007,1.66328,6.29089,2.70137
5.31528,4.17602,2.72353,3.5415,3.22348,5.45238,4.12775,5.92725,3.00172,3.78622
5.62004,4.62583,5.32758,4.83034,5.28693,3.7354,3.35376,4.16285,4.75869,2.28465
5.4479,3.89676,5.50279,4.95417,5.11416,3.96868,4.25895,2.71878,3.96254,2.23951
4.98299,2.89273,0.542526,4.64355,4.62218,6.17791,3.2363,3.1188,3.06174,2.89202
4.13685,5.91354,2.97872,3.10043,4.81815,3.48193,4.68149,4.11884,5.3722,4.98337
4.7873,3.45621,4.64958,4.18531,4.95745,4.86485,4.81488,5.64377,2.7735,4.32499
4.93106,5.01134,3.59434,4.86091,3.31174,3.85794,4.36539,4.80743,4.94963,3.88117
5.14856,5.10849,4.60928,5.08723,3.02263,4.66375,3.52475,4.09614,4.35031,3.958
5.39125,4.24693,2.65091,4.19117,2.71463,3.82596,3.97585,3.93131,5.62825,4.33148
3.26597,3.89571,4.99219,3.03042,3.93148,3.50626,3.62323,3.72333,4.09061,5.07468
4.79328,2.37676,4.12309,3.87928,5.50359,3.50681,5.2411,4.23771,4.98636,6.08266
4.50152,5.47514,4.98766,4.77734,4.93673,3.3315,3.85823,4.51553,4.1452,4.3164
1.97539,3.3331,4.16455,3.87111,4.86131,3.28176,6.01691,2.42894,6.49082,5.45012
4.66122,2.9268,4.18515,4.67168,4.36792,3.27748,2.24531,5.1449,4.76245,4.31593
3.74029,3.43409,3.59522,5.29581,2.72481,2.3554,3.81712,1.64904,3.37915,5.07647
2.89454,5.36646,3.6522,2.90927,2.91646,4.55703,2.79883,3.53205,4.0913,4.31031
3.88675,3.59604,4.1247,3.71709,3.2286,2.28308,3.66364,3.66368,3.81075,5.03818
1.79609,5.67047,4.91373,4.20121,4.10285,4.72585,2.24754,3.98911,2.94344,2.74674
4.30097,4.44225,5.13083,3.12708,6.24992,2.56145,5.98873,2.22144,3.05112,3.72129
3.27505,4.07572,3.14896,4.59323,2.94724,2.80105,2.80998,3.55449,4.47994,3.63108
2.60342,2.1903,5.61144,5.10812,4.02918,5.06056,2.47327,4.52262,3.38194,3.54841
3.36703,4.83028,5.25585,3.8314,5.62134,4.08507,4.23175,5.44774,2.66681,4.94574
4.13113,4.91492,2.84901,3.30424,3.08416,5.08711,3.46397,4.48606,2.36682,4.34449
3.79337,3.10524,2.9895,4.43964,3.26052,3.29981,3.87572,4.09718,6.51036,3.91171
4.98556,3.63584,3.5069,5.04213,4.47743,3.49808,4.56675,3.29162,4.19363,3.39256
1.68315,4.95457,3.34234,5.30184,2.07014,5.1803,4.19105,3.35101,4.85155,3.64922
2.60878,4.32708,4.94157,2.65905,3.62326,5.06159,3.6131,4.16878,4.42775,3.81241
7.11601,3.54731,6.47184,3.77566,3.05374,3.49499,2.79155,3.5009,3.52652,4.53313
3.34389,4.60382,5.47416,3.13483,4.46677,4.4815,3.31904,4.53444,3.27557,2.95988
3.90611,4.24833,3.26998,3.03023,3.15761,3.29962,5.25879,4.86649,3.68752,6.11721
6.19666,3.266,1.27802,4.83771,3.9706,4.57703,4.17907,3.58817,2.88386,3.03896
4.58472,3.76674,5.45644,3.74356,3.50379,5.73734,5.06414,3.36244,3.80658,3.53311
4.48354,4.12194,3.53487,2.25417,4.07927,3.1209,3.61688,4.3325,5.25916,5.45893
2.63232,5.2105,4.73162,2.49393,3.88566,4.6429,5.14195,4.18763,3.11828,4.51592
3.93439,4.73297,3.85593,4.27609,4.30661,3.78924,5.09419,4.19101,4.55462,4.39687
4.97814,2.13049,4.75181,5.7951,3.2309,6.34013,2.91403,4.76994,4.21308,1.95969
3.23159,3.30847,4.03261,4.15605,3.18744,3.20262,4.4726,4.9451,4.48113,3.96448
2.13122,4.10736,2.54478,2.52876,3.25577,3.92774,4.36443,4.8683,1.98902,4.14718
2.17156,4.27602,4.75433,3.99856,5.6678,4.67648,4.42658,4.68233,4.45617,3.49747
4.32951,3.84979,2.61126,3.08315,2.68186,6.36732,3.88653,2.09306,4.88697,2.48065
3.32473,4.41337,3.46184,4.18659,4.56682,3.26493,4.42763,3.10783,5.0407,4.59561
4.31475,4.11249,3.73707,3.12999,5.04909,4.10446,3.3407,4.54284,3.66639,3.45086
4.61876,3.64593,3.41066,6.51566,4.09183,2.84146,2.61234,4.74247,4.52127,5.73851
4.32915,4.5953,3.54974,5.18471,5.79451,4.59202,4.41199,2.52074,3.7186,5.54108
3.5397,4.11938,4.53116,4.16799,3.00415,3.61213,6.14073,5.072,2.05724,5.77764
5.22345,4.04345,4.14898,5.21326,2.95566,2.64585,3.76396,4.33691,4.15089,3.09824
2.95571,2.81575,4.55109,4.27661,3.86692,6.02905,4.60395,2.83272,4.28147,4.68706
3.95417,4.44161,1.7514,2.75277,3.59838,5.9877,4.88387,3.73508,3.37793,2.41469
4.35475,7.83362,4.59483,4.39965,2.51486,4.98852,4.50169,3.65232,5.18056,2.60904
4.1291,3.51191,3.72259,3.30936,2.70389,4.10463,3.84321,3.40921,2.42852,4.10976
5.11231,6.23138,4.0792,2.91293,5.67854,3.66952,4.55959,4.33198,1.12558,4.65533
3.59032,2.84271,4.17077,2.78402,4.6019,5.99258,3.53236,3.26816,2.41986,4.14457
3.84535,3.10739,5.06628,3.69519,3.76385,4.66538,4.37492,4.06559,3.37989,2.18498
4.71701,4.51301,4.40888,2.87266,5.251,3.47077,5.09636,3.89033,4.30471,4.74988
3.98886,4.32121,3.79297,5.278,4.68374,2.22796,3.40397,5.51256,4.27832,3.07643
3.72354,3.58924,5.49686,5.53465,5.23095,4.60647,4.84759,2.6893,3.51134,2.79279
4.51845,5.52728,3.91219,4.61096,4.53299,5.17578,2.67262,3.30365,2.8911,4.16312
2.17141,4.00441,4.30036,5.58744,5.84963,5.06886,4.45892,3.50326,3.33185,2.98369
1.46174,2.70018,4.73916,2.43332,4.71434,3.62088,3.60085,3.52263,3.21665,4.14891
4.47555,4.96408,4.98621,4.11634,4.49588,4.74113,1.47549,5.25125,2.55533,4.57104
5.74837,5.21744,4.62848,5.3202,4.75335,3.15831,5.12296,5.1927,5.3144,3.18924
3.47726,5.10622,4.61891,4.1411,1.18551,5.12614,4.431,5.15563,4.8792,4.34099
3.3615,2.44782,3.17582,5.06759,3.30763,2.95052,3.31788,3.3416,3.26277,4.47267
5.36209,2.85722,4.20524,4.17215,3.25214,2.27204,4.99404,3.41553,4.19671,4.55261
3.92208,3.70406,4.74042,4.0914,4.8453,2.53547,3.53266,2.92564,3.68589,3.76176
3.71696,3.31599,5.88073,3.40386,3.67979,2.19005,5.43835,4.6308,3.78309,3.23221
5.30614,4.29936,4.48243,1.96981,3.48566,4.25875,4.31849,3.35738,5.73321,2.69316
3.42942,3.58256,3.99186,3.5131,5.9986,6.2658,3.30225,3.27043,5.38929,5.20644
3.24052,3.86685,4.94095,4.06677,4.33159,3.56776,3.5833,3.30152,4.67495,3.60877
4.15785,4.13351,4.5425,5.17933,4.3344,2.58098,3.85614,3.19658,4.24045,5.16056
3.26572,4.23792,5.48446,5.7816,3.26744,4.30277,4.70574,5.44521,3.02181,4.47818
4.26562,3.6045,4.20835,2.98304,4.49732,2.78163,4.25049,3.39614,3.8306,3.65963
4.13482,3.15685,2.26214,3.23971,3.21016,4.24884,3.38366,2.74192,3.50849,4.46281
4.22802,3.08549,5.41744,3.5444,3.60467,2.54077,3.9399,3.84253,4.91122,1.55096
4.84523,3.50606,2.94467,3.36551,2.78776,2.91424,3.21609,4.42413,4.06197,4.58971
3.29872,5.16963,4.60096,3.50614,3.11511,4.00651,3.84974,1.92413,4.58083,5.29343
4.32744,3.26349,4.37567,4.19895,3.02769,3.45055,4.8049,4.37765,4.05376,4.40402
6.04026,3.55002,4.23383,4.58869,3.17943,4.17044,2.63711,4.14419,4.49162,3.28857
3.80448,3.65869,1.71894,3.65178,2.44728,4.05193,4.33803,4.99086,5.78705,3.08504
4.46995,3.13164,4.58289,5.22946,3.37763,3.00972,6.52342,3.20375,3.79758,3.43931
4.10023,4.46058,2.44931,2.68955,4.91363,3.12915,4.03085,4.24878,3.31453,3.4197
4.4413,4.81562,4.77616,3.94373,2.60248,3.64651,3.97991,3.56003,2.67782,1.91412
3.2243,3.9913,4.38189,3.57275,3.74065,5.16176,2.90523,2.87107,4.50519,3.99194
2.56194,4.90513,2.60648,4.33138,3.28983,4.6063,3.70426,5.38036,3.54206,4.94188
4.71475,3.6472,3.22097,3.2783,3.98696,5.13821,4.17156,3.80916,5.13362,3.72582
5.18897,4.12904,2.63408,3.97804,4.04899,3.82676,3.42883,3.51945,4.60102,3.36213
2.86619,3.74122,4.07107,5.3683,3.97813,2.72448,4.24548,4.28926,4.31709,5.33082
4.10042,3.98312,4.64212,5.02159,5.70082,4.58428,3.08604,2.83672,2.64113,3.42588
3.27856,4.94353,3.65348,4.40279,3.86725,2.25416,3.22919,3.94534,3.75227,5.13631
3.055,2.87464,2.79092,5.17327,2.50228,2.15377,5.06182,4.41486,5.04309,5.0949
5.88449,4.93216,4.24037,4.87044,4.68983,3.23999,4.47736,4.67724,4.86453,5.51012
4.10343,3.33859,5.47142,3.03227,3.22083,3.61961,4.07056,2.95567,2.94163,3.59389
4.22674,3.44323,4.04794,3.72132,3.88885,2.17159,1.48598,3.56311,3.55631,2.48004
4.07969,3.31008,3.88964,4.59544,4.73279,4.26094,3.53678,5.35876,3.73362,3.26117
3.81687,4.30521,5.02515,5.72953,4.06592,3.74274,4.65729,4.98049,4.22184,4.0949
3.03759,4.26165,4.99092,3.3829,4.82612,4.98031,5.55114,4.68988,4.43739,2.44331
4.40424,3.41022,3.23745,3.65869,3.75245,3.05354,3.78634,4.34583,4.19872,2.68805
2.42792,4.40833,5.21317,4.92311,5.00161,3.64213,3.58785,3.47695,3.64519,3.46968
4.457,5.37601,4.34509,4.46237,3.23009,2.36651,3.39805,4.68974,4.55946,3.5622
4.53753,4.25714,4.0784,4.66444,4.80177,2.40921,3.92772,2.76142,5.53643,3.65755
3.20472,4.69568,5.16147,2.8192,3.36676,3.63388,5.24042,2.86905,0.629635,4.33914
2.27903,4.28061,2.83679,2.47336,4.02372,3.60377,4.29777,2.61626,3.58684,5.70357
5.36564,1.54295,4.98798,4.184,4.6522,4.94146,4.32172,5.26072,4.30164,3.00014
4.32985,4.11545,5.49937,3.08556,3.54892,3.78256,4.61908,3.47156,5.72592,4.69189
2.33724,4.39472,4.61726,4.78591,2.46345,4.44533,4.6231,3.94085,3.26342,4.92822
4.177,3.81908,3.55568,2.40818,3.53074,3.26203,1.75001,3.86266,5.41939,4.41946
4.11527,5.01601,3.62551,5.61923,3.749,4.32842,3.5509,5.25733,4.10017,2.71893
3.94005,3.72684,5.25906,3.61253,3.85751,4.72196,4.45422,4.28662,4.00708,3.17988
1.47016,3.86951,5.29475,5.22634,3.52478,3.77393,2.51031,4.84766,2.95421,4.97335
4.53,4.80654,3.66506,3.09798,4.05416,2.83147,4.88681,3.49957,3.47507,4.62016
4.97821,4.13955,4.07389,3.59965,4.05014,2.86832,2.91691,4.61148,4.27689,3.82748
4.541,4.13146,4.32303,4.24562,4.69873,3.42283,2.6633,3.22949,4.3109,2.77972
3.76582,2.78525,4.39892,4.36784,4.12414,3.64369,4.5639,4.05822,2.92687,3.38086
2.00427,3.34008,2.98861,5.06238,4.29311,5.58716,3.53826,4.87747,3.8561,5.01109
3.18199,3.34792,4.51913,3.72235,3.06135,3.59294,3.29707,4.29786,2.73554,5.2038
3.48729,7.3061,5.89041,3.75205,5.00295,4.65159,4.92222,2.67258,4.8684,4.96336
2.85572,1.97609,4.21896,1.55522,4.90378,4.41548,2.94936,6.46781,4.63609,5.18226
2.6338,4.23829,4.06799,4.29784,4.17926,6.15717,2.32539,5.17246,1.74587,3.95427
4.75975,5.22365,4.497,2.91806,2.14645,5.2791,2.38919,4.00099,4.24678,3.49498
3.99452,3.39103,4.44041,5.75644,3.51569,3.97726,3.65122,3.82782,5.13589,5.7359
2.73435,3.98152,3.98282,5.48074,3.6667,4.92758,4.44903,3.83899,3.17076,4.73682
2.43457,5.3346,2.73,4.11268,4.88369,4.40366,3.22313,6.34233,5.03807,4.24485
4.57264,4.13499,4.72056,4.28548,2.72712,4.98634,5.03792,4.3402,2.70621,5.37279
3.24095,5.42642,4.14881,3.81516,6.8037,3.49004,3.48663,4.96652,4.41997,3.9169
3.69208,4.55542,5.56614,3.64128,4.79606,3.23464,2.87623,3.85149,4.19778,2.2859
5.40877,4.7335,3.4597,6.28538,5.18859,4.35476,4.52585,3.7692,4.02551,3.99996
4.42974,6.41927,3.18643,4.82051,3.36758,2.97965,3.49706,3.37458,3.18931,4.11725
3.76929,4.13118,4.2616,3.67263,4.04433,3.40232,1.22296,4.29931,4.34054,3.57337
3.54793,5.23529,2.8593,2.67778,2.90512,3.97695,3.06097,5.86358,3.82995,4.09678
3.59695,4.98939,5.76468,0.86362,2.87762,4.7781,5.55691,3.56034,3.35509,3.91888
4.69019,3.84915,4.97199,3.70347,3.44378,4.78381,4.26107,3.4713,4.33882,3.85043
5.25684,2.56038,3.1199,4.29241,2.37798,4.43924,4.70244,1.80918,1.11084,3.24319
3.68431,3.99015,2.99875,5.2789,5.46922,2.95967,4.97846,4.91048,4.20693,3.36692
2.9522,1.57423,3.96424,3.56167,3.10179,4.84613,3.25773,5.28673,3.48039,3.03586
3.37894,4.46055,2.45949,3.53756,4.60443,5.20193,3.81401,4.03829,2.97658,4.92382
3.46559,4.44612,5.68698,2.64857,2.86713,4.21068,4.4257,2.22375,4.32758,4.79145
4.14019,6.24598,3.21469,4.76547,3.72988,3.518,5.48182,1.52678,4.68489,4.17321
3.24447,3.12216,4.85474,2.86663,4.04566,4.09348,4.51051,4.87007,4.72897,3.54337
3.10156,3.21654,5.17627,2.01156,4.31309,2.66186,3.06696,4.80225,4.45367,4.80658
5.34575,3.06294,3.86935,4.1382,4.7413,3.53929,3.25605,4.45465,5.28591,3.56004
6.40264,3.09271,3.42168,2.74204,5.96368,2.96894,6.22115,4.3037,5.68476,4.96717
3.73195,6.05744,2.09065,4.20397,4.91868,4.62368,3.18779,3.07879,3.64799,2.44632
1.83057,3.54412,3.9536,4.14931,4.50358,4.10157,2.77184,3.23487,5.59534,3.78646
3.79842,4.19419,4.60793,4.05476,3.76808,5.5955,3.43156,2.54397,4.57319,4.57954
4.06785,5.44403,4.83075,3.0664,3.11321,3.86686,3.89224,2.30172,2.91001,5.16055
4.74248,4.82211,2.26198,2.19505,2.34968,2.64087,4.5176,4.10305,3.63922,5.19386
3.93417,4.25995,2.69164,3.1399,3.5365,5.28893,0.321096,3.63413,2.20602,5.00639
3.81422,4.1442,3.52945,3.2172,6.79931,4.07302,4.11058,3.0218,4.89533,3.35152
3.66602,1.58876,3.55369,3.66176,1.64029,4.0177,4.97119,4.23199,4.04923,5.70176
3.8026,4.1639,3.3705,5.7033,3.10652,3.50361,3.76035,5.20417,2.18882,3.99315
3.43499,3.78288,3.84657,6.29884,3.77347,5.50831,3.79792,4.17996,1.90714,2.4927
2.88113,2.80144,4.19177,4.1007,3.2323,3.077,3.49344,3.43769,4.72616,2.75214
3.38732,5.64244,3.60118,4.76216,5.10514,3.79834,4.48986,2.87317,3.48141,2.84845
3.77606,6.89736,4.36233,5.20666,2.2782,2.81654,4.18696,5.35513,5.86825,4.72635
2.14844,5.8358,2.12847,3.54396,4.37728,5.26713,5.54317,5.0805,5.25662,4.43076
3.74004,3.03163,2.75543,2.99887,4.915,3.70438,5.69532,4.44535,5.32126,2.86705
4.22717,3.65524,3.50814,3.6635,3.35417,2.22437,5.22541,4.27219,2.87498,3.51078
2.38754,4.07498,5.10721,4.93308,3.23067,5.01716,4.06068,4.38314,2.96526,4.96452
4.38283,6.19954,4.99404,3.23055,4.47606,4.6533,5.61853,2.45536,3.39418,4.29058
3.23545,2.63382,3.84584,4.65951,4.62201,3.14399,2.76356,2.71299,3.64655,4.85077
3.43341,4.69873,5.05419,3.27772,5.70628,3.50638,4.22545,4.99894,3.55682,2.68107
1.70972,3.62956,4.85102,4.24594,3.73349,3.98521,4.05003,4.94937,3.85645,4.50057
4.02987,4.534,3.73189,3.90101,3.86105,3.20828,6.14453,4.05581,4.40858,5.32656
4.13461,4.43545,5.60823,5.77701,5.47274,4.36394,3.48549,4.34476,2.93976,3.3338
4.71991,4.38033,4.01223,2.5962,5.02119,4.62079,4.89595,3.13625,3.55568,4.22511
4.68509,3.2285,4.11835,3.9085,6.02431,2.29749,5.08818,4.06037,4.96632,3.83037
3.43738,1.55509,4.259,3.51469,4.20534,3.06254,3.83656,6.72401,2.11418,5.13518
4.0419,3.84601,4.12627,5.33122,3.67011,2.51495,5.32428,3.91655,3.57387,3.19572
2.408,2.22126,3.21568,4.31175,3.88982,1.91047,5.15359,4.20187,4.46995,4.5584
1.98024,5.65567,2.45005,4.19198,3.55725,4.84759,4.2132,2.98846,4.50125,3.56454
4.04132,2.94982,2.57321,3.79728,5.9069,4.21554,3.7878,5.15244,2.89529,2.2708
3.24973,2.47462,2.22191,5.15973,5.64677,4.60733,4.74491,4.39996,5.55854,3.95531
3.38252,3.58699,5.35853,3.61705,4.25268,4.51296,4.01279,3.10977,6.0776,6.10239
2.45763,4.49223,3.11233,3.57396,5.27086,4.31843,4.71061,5.80921,3.70461,3.86268
5.68781,3.85916,3.13214,4.16226,3.50023,2.78778,4.31003,4.13929,3.94423,5.09161
4.4716,4.6028,3.25037,2.85705,3.76876,3.50655,3.13719,3.55959,4.87228,3.88048
3.45381,1.89131,4.3946,3.16622,3.98212,3.60971,3.0535,4.07502,2.62738,3.57131
3.86788,2.2394,5.34428,4.78842,4.56943,2.05308,4.91301,4.07748,3.31958,3.74724
2.75441,3.42451,3.32322,4.00083,3.98326,3.53474,3.32476,3.82629,2.86573,4.09519
4.21712,4.0736,3.26113,5.07476,5.44029,4.13886,4.32118,3.65808,4.77801,6.86343
5.1475,6.786,3.48459,3.35352,4.8387,2.80603,1.35155,5.01335,3.45749,4.51629
4.65254,5.7292,2.86182,4.35675,3.97213,3.50115,3.31959,5.40889,3.06684,3.29517
3.0937,4.65407,3.63843,2.02347,3.81077,4.54474,3.39735,2.16891,3.57661,3.79836
3.56668,4.06141,6.16047,5.78391,4.70695,3.9303,2.85079,2.70348,4.08925,4.72788
3.15929,4.9491,4.04659,5.05348,5.32614,5.12008,3.53285,3.56951,3.03425,4.24488
5.53728,3.11652,4.25971,3.43703,4.08477,4.09746,5.77569,4.12998,4.935,4.42264
4.25846,3.57622,4.9625,3.84748,2.4513,2.5874,3.3957,3.05686,5.01278,2.61007
3.5052,4.33283,5.66972,2.96119,4.0495,3.87297,3.20407,2.64292,4.41309,4.45765
4.8814,3.14598,4.25321,4.97696,3.41027,4.92362,4.06001,6.63674,3.33624,2.73367
5.17961,3.09992,3.08933,4.19119,3.29118,3.87723,4.84702,5.24165,3.76058,2.74275
5.15309,3.42811,3.97334,4.79166,3.73767,4.95644,5.69059,4.80994,5.14294,4.39149
4.82794,3.64734,4.5313,4.24591,3.22218,3.37303,3.69941,2.92893,5.39477,2.93026
2.88215,5.18481,5.7749,3.97937,4.43582,3.79255,3.70196,3.17419,3.25502,5.03811
5.83815,2.25942,2.5371,6.07884,5.36314,4.70591,5.75804,5.3867,5.42818,1.79693
4.58901,4.14197,4.36232,4.68474,3.29202,5.0078,3.46132,3.0313,6.42417,4.63219
2.91885,3.79333,3.97646,2.27744,3.92355,2.94835,2.89327,3.21629,4.4624,5.07158
4.32851,5.70548,5.00538,4.63248,4.1923,4.92072,3.13228,2.39583,4.50519,4.75197
5.51934,4.37472,3.96936,1.24176,2.88121,3.76836,4.12944,3.50676,3.25925,2.49631
4.1076,2.39388,3.36448,4.28463,4.15563,3.51238,3.87615,3.19476,4.47053,3.92735
5.30445,4.05737,5.89686,4.2622,4.73274,3.39222,4.39579,4.68375,4.42591,4.92487
4.55522,3.66288,3.53955,4.16162,2.11157,5.37693,3.253,5.24513,2.21113,3.47774
4.30222,4.07195,3.43958,4.43388,5.41532,3.74502,3.65053,5.22631,4.58761,2.95035
2.60547,2.74427,2.9507,3.02084,2.70563,3.1657,1.77705,4.47904,3.83537,4.76392
4.87816,4.10739,3.07057,3.05914,3.84112,5.19616,4.61367,3.62875,4.85683,4.50302
5.05803,3.39425,3.6424,5.18816,3.85887,3.21673,3.01065,4.26991,2.70271,4.52374
4.23321,4.16035,4.15352,4.14862,3.57876,4.06892,1.97289,4.17464,3.95084,6.25173
3.61042,6.11655,4.78773,5.40426,5.1829,4.58232,3.39859,3.30586,4.71987,2.43683
2.36968,3.47604,6.13044,4.26979,4.75511,4.55868,6.03507,2.90183,2.74421,4.34197
3.03478,4.81782,5.5826,4.72711,4.87002,4.71485,3.86432,3.37488,3.45834,3.36195
3.66627,2.66543,5.92065,5.00821,4.2374,5.71733,4.07698,3.18802,4.26347,5.71546
5.27103,4.63929,2.55791,4.81193,3.49583,4.86761,3.10792,4.31564,3.22645,6.44323
5.67934,2.77171,5.05336,5.3036,5.37098,2.66345,3.9884,4.05349,3.4344,3.94144
3.00325,3.37091,4.28963,4.94106,4.45456,6.08903,4.00735,5.12791,3.77517,6.25649
5.63268,4.7995,3.20937,3.62702,3.87848,2.55864,2.96595,2.77792,3.30098,4.08398
2.47689,4.40467,3.98012,3.05417,4.76634,4.08055,5.47255,3.07915,3.7569,4.38092
3.43779,4.94902,4.01198,1.91022,3.29425,5.16293,5.06643,3.39225,3.10705,3.68264
4.89792,5.46436,4.12249,2.0357,4.07309,4.29415,4.79119,4.83322,5.20375,2.93369
2.28946,4.2252,3.05729,5.67636,5.37638,5.02584,4.35528,5.53265,3.01348,3.74005
3.04994,6.09988,4.82274,3.52521,3.23125,3.07653,4.75995,6.97583,4.91949,4.45449
2.95979,4.21126,1.78896,4.39027,4.55551,3.44519,4.01368,3.82389,3.17099,4.44744
4.05425,2.43305,2.40267,3.68119,5.50206,6.29751,4.43427,3.55766,4.44535,3.20131
3.20526,3.19094,3.81095,4.31753,2.69834,5.08386,2.32381,4.245,4.09189,1.48212
4.11133,4.52528,1.5504,3.92328,2.83507,4.17543,5.21517,4.34363,4.19052,5.36683
4.33017,4.71126,5.33157,3.9661,5.36052,2.12119,3.40212,3.64411,3.97095,3.46316
2.28309,3.89296,5.21496,5.46536,4.0487,5.02089,3.74434,2.71902,4.17428,5.20364
3.77039,3.59413,3.79254,5.36703,3.29479,3.62298,2.22749,2.98352,4.02799,2.68996
3.56386,3.63443,2.784,3.77145,5.0679,2.82942,3.90241,3.59954,5.04964,3.05656
4.19671,3.02915,3.8113,3.87499,3.04324,3.94584,5.63441,2.74331,2.80811,3.9352
3.58982,5.11809,5.80086,3.29003,2.20409,2.82036,3.21171,6.05446,4.14163,4.68103
3.93033,3.74191,4.42423,2.61383,3.03847,4.02388,2.85412,5.15931,4.09197,5.35824
3.78761,3.50406,3.56315,2.33877,3.65072,2.48543,4.08727,2.24071,4.53587,3.75067
4.24069,5.62782,4.33551,3.9152,2.04449,3.36718,4.78397,2.15504,3.99382,3.66781
3.65901,4.99125,5.58361,3.24477,6.00576,3.89416,4.02447,5.03934,4.34683,3.50004
2.22113,3.56449,4.31382,3.73352,4.35515,4.73223,4.6845,4.40662,3.92852,4.69079
4.2304,3.66145,4.63113,3.47923,4.1006,3.7068,4.57609,4.1692,1.97454,3.77432
3.66971,3.62966,2.63182,4.8129,3.59513,2.57545,3.984,3.98073,4.76987,3.38564
6.82073,2.52202,4.17581,4.82054,3.96966,4.60543,3.25956,3.2031,3.5772,3.70451
4.0835,3.09483,3.91075,2.79821,3.83452,5.82631,4.50124,3.02363,3.56257,4.07394
3.49419,4.08411,3.3709,3.93943,3.08082,2.84546,3.48406,2.63858,5.19952,0.939141
5.12868,4.4417,5.02916,3.68218,3.43936,3.25949,4.42725,2.64082,4.25066,3.11677
3.77903,2.8777,2.79431,4.19241,3.15864,3.62611,2.61567,5.12514,3.88873,4.65857
3.81618,2.31296,4.52169,6.2451,2.90811,3.86348,5.97495,3.82068,3.71622,3.99741
5.30055,5.7214,3.17154,3.91151,3.1223,4.67677,1.65673,4.55943,2.77449,3.7276
5.5092,3.25966,1.67458,3.25704,4.29064,3.28386,2.91317,5.07934,3.14696,4.30484
3.39037,2.22627,3.57191,4.75808,3.82742,4.2886,1.84566,4.93195,4.03905,4.74993
4.57088,4.93356,4.22392,3.36022,3.78255,4.94195,2.60192,3.95405,3.75041,3.65396
4.68006,3.8485,3.76196,4.18401,6.23392,4.26083,4.64811,4.65365,4.90953,5.91814
3.52433,3.66223,6.03057,4.91986,4.94523,2.61868,3.32147,4.21233,5.1846,3.07797
5.90902,3.53232,4.50597,4.3054,4.69167,4.27243,4.96567,5.9079,3.80612,4.82844
4.36908,4.90859,2.96898,3.03715,2.21129,4.08709,6.08145,2.53749,3.48382,4.40488
5.11105,3.57832,5.74466,5.01732,4.19788,3.97661,4.24556,2.8396,3.18314,5.36872
4.87786,2.42625,3.8932,4.66363,4.94932,4.56488,5.86844,3.77259,5.09211,4.49823
4.96491,4.44892,4.12513,3.95707,4.73214,5.17563,4.59407,4.08364,4.62974,3.00249
3.49804,4.66331,2.97612,3.92769,4.10937,3.1965,4.12037,3.88387,3.54599,5.84652
4.23411,5.17831,4.88084,4.6872,4.07261,5.43068,4.98198,4.49616,4.19896,5.02176
4.07691,2.67726,6.1585,5.34146,5.09852,4.66317,3.35499,3.69556,3.22748,2.85323
3.37252,2.85829,4.1866,3.48989,3.41322,4.19539,3.95518,3.90137,3.61063,4.40165
4.78914,4.02493,4.04262,5.36447,3.68656,4.01322,5.14412,4.59547,4.8349,3.84109
4.51525,3.49961,2.24553,4.68077,4.14102,4.52551,5.886,4.09359,2.41109,4.37877
3.38143,5.8479,3.5311,5.22206,3.83815,6.15439,5.84645,2.3792,4.7743,4.67946
3.47293,3.16138,5.05784,3.26421,4.52625,4.23413,4.78379,1.42361,5.28291,3.12981
2.70039,3.71818,4.40118,4.55784,3.27011,4.08096,4.87668,4.35083,2.80737,4.82928
4.50574,3.62515,5.46576,3.9144,3.00674,3.88919,4.63554,4.66731,4.27952,3.25183
5.11194,5.05449,4.21895,3.31217,4.08818,1.44887,3.04129,2.8826,4.48038,3.71402
4.87219,2.77381,2.20537,2.03926,5.73397,3.29487,4.0789,3.6874,6.50721,3.70973
3.1701,3.56202,5.33736,6.03454,4.17533,4.06822,4.18763,3.78939,3.43592,5.00796
5.33424,1.96737,3.6002,1.5993,6.82149,3.78705,2.7377,4.21271,4.77137,2.54138
4.16739,5.39177,4.29206,3.10469,4.10655,3.772,3.38255,4.54367,4.53262,4.5859
4.77844,3.66564,4.13699,6.02059,5.02451,4.07622,3.19173,2.40701,4.0441,3.64549
5.56957,4.86781,3.51736,3.79073,4.58248,4.09847,3.77717,4.61725,4.17456,6.36085
2.69248,3.55474,4.58275,2.36186,4.37612,3.5284,4.52673,3.96703,3.34339,4.03995
3.5398,3.90757,4.76332,2.45548,3.95675,4.63243,4.15813,3.96971,3.44651,3.50895
3.03263,1.99484,3.57195,4.59797,4.05254,5.54414,4.56767,5.674,3.80216,4.95902
3.83476,3.92299,4.97545,3.77126,4.25141,4.265,3.52104,3.143,4.07388,2.54954
3.75899,3.64409,3.56302,3.53538,2.72214,5.34245,4.34138,3.17541,2.64308,4.21018
2.75629,3.85375,3.10719,2.77243,3.49936,3.84692,3.32177,6.52569,2.9714,3.32624
5.05008,4.15406,4.96348,4.20068,1.51623,4.47187,4.66369,3.66022,3.12024,5.30297
3.72757,3.52517,4.10508,4.17634,3.50388,3.44048,5.32196,4.49082,3.68875,3.84716
3.759,2.70849,3.91617,4.53682,4.17768,5.01474,4.13877,1.5985,4.30162,4.61283
5.74577,5.21302,2.38458,4.42439,4.40925,3.62528,2.86589,4.70244,4.84498,1.93446
4.12363,4.25308,3.8432,3.29072,5.4108,3.08395,3.93666,5.0424,5.25452,5.38888
5.14594,3.61361,5.39786,4.56278,3.39039,3.44167,3.52142,3.18906,3.66172,3.82258
6.28335,3.84408,5.24409,2.40863,3.22565,4.09196,3.57383,2.91642,3.92839,5.38459
4.24538,2.51093,4.10114,4.17052,4.11159,5.41444,3.28214,4.73546,3.71499,4.79549
6.09989,3.5416,5.36198,4.37522,3.4595,5.60529,4.80843,3.23913,4.59888,4.40404
4.12176,3.05803,3.90604,3.26439,3.82333,5.43366,3.79286,4.67732,6.50949,2.71321
3.55628,2.57748,2.03544,3.24165,4.90952,3.41868,5.5488,3.56397,4.73811,2.69965
3.81711,4.51863,4.58749,3.08378,2.75568,4.17914,3.78909,4.54357,4.56259,3.80709
4.58875,4.9884,4.25497,3.97883,5.71954,3.71725,2.34266,4.01505,2.44785,4.5938
0.967512,2.94007,3.34317,2.1163,4.6125,5.58055,4.22976,2.71202,3.27304,5.05275
4.49699,3.76461,4.84206,2.42614,4.26398,4.67684,4.54251,5.1999,3.56144,4.14816
2.08138,3.06565,4.07047,3.58169,5.81274,3.69325,3.88969,3.94299,4.0833,4.73137
5.15958,4.10312,3.84347,3.03651,4.05459,5.13379,4.68684,4.2411,5.47588,4.75627
3.62038,5.51808,6.04512,5.65236,1.85594,3.74012,4.42018,5.71139,4.30147,3.98172
3.97506,4.06457,3.20356,5.2914,3.4159,4.10242,5.76072,2.84726,3.57211,4.8732
4.7663,4.80858,4.03105,4.50359,4.15935,4.69252,4.34345,1.91697,5.23577,3.19235
3.19912,3.96496,3.70838,5.21207,4.39689,5.14751,4.93854,4.3399,3.88675,4.45126
5.84703,5.20323,3.36751,5.01901,3.39877,4.28959,4.26027,3.34803,5.43451,5.24835
3.78049,4.73928,2.53104,5.2561,3.45657,5.66483,5.49742,5.12082,3.36013,4.3411
5.28843,4.93414,2.59993,2.96308,3.97514,4.05112,4.23648,2.94192,4.01575,4.10838
5.50515,2.69796,3.56547,3.48067,3.76502,4.03526,2.49327,4.1552,5.70149,3.14651
3.48963,4.40852,4.86769,5.2736,4.84825,5.29869,4.6092,3.44163,3.37351,4.1145
2.31444,5.93312,4.35138,3.80459,3.34342,3.19871,4.33731,2.7697,5.60094,5.59522
4.61436,3.05114,3.31864,3.91634,6.92711,4.63471,3.08146,3.1693,4.65925,4.63431
4.87447,5.59438,5.55697,5.62235,3.55332,5.76967,3.92736,4.36448,4.07798,4.12194
4.04895,5.08827,4.23613,3.68331,4.3386,4.4842,5.06292,1.96236,4.99879,5.81317
3.0934,3.32592,5.1578,3.17421,3.3972,4.9199,2.04105,3.13056,3.33956,3.63729
3.82276,5.02185,4.30702,1.74576,3.74748,5.66498,2.56192,3.45051,3.72528,2.09719
4.06727,4.01228,4.70256,3.23975,4.01038,5.3367,3.83609,3.44792,2.49929,5.95381
4.40534,3.96175,4.38843,4.43001,2.95455,3.72223,5.29485,3.60474,3.65665,4.86842
4.28322,4.78158,3.59586,4.68778,3.65601,2.52239,3.61455,5.2747,3.94712,4.68429
3.89265,4.5218,3.40085,3.7394,2.67114,3.62715,4.27138,6.33603,4.26369,4.88383
5.4101,3.58457,3.26849,1.88747,3.54824,2.68209,3.25931,4.16916,3.91746,4.2541
3.73008,5.91734,2.57604,3.89199,4.7615,5.3447,4.99083,6.02714,2.28801,2.74001
2.3916,2.1788,2.50263,4.31668,4.24959,4.45585,2.29958,3.91751,4.59684,4.05502
4.50303,3.36673,6.12471,3.51327,2.48776,4.43958,3.59236,4.2549,4.71712,4.22578
3.76157,4.69357,3.17558,4.29214,4.01782,2.7391,3.92157,4.64959,4.4131,5.78935
5.44633,3.98784,4.94307,4.98827,2.91992,6.27174,4.27117,3.47564,4.93542,5.81162
2.37694,4.18293,4.47804,3.5427,2.76923,5.28156,4.25142,4.95885,3.96443,5.14557
4.19687,5.07011,3.94804,3.86437,3.60004,3.21315,5.5349,1.24845,3.7077,3.25058
2.44505,4.7196,3.95012,3.85275,3.18436,2.55428,4.80591,4.26363,5.0009,4.94298
3.48276,4.09818,4.05835,5.65277,3.77716,4.60465,4.11645,3.09536,6.87006,4.1494
4.8555,4.16422,3.73581,3.80262,4.89512,2.67509,3.03789,5.30911,3.45818,3.49495
4.78718,3.76894,5.23458,4.08948,4.52082,4.0888,2.16704,2.43306,2.96215,3.1889
3.49509,4.49603,4.4159,4.05941,4.78677,6.77441,2.97697,4.35631,3.47199,5.14161
3.21517,6.1202,3.37908,4.70535,4.16469,4.91148,2.66596,3.85694,3.03629,2.24299
5.37349,4.60756,3.76359,4.75603,5.991,2.9381,4.76599,4.28988,4.44701,3.65087
5.81535,3.95672,7.07011,3.09177,5.28477,3.67159,2.25011,4.39328,3.28086,5.30825
3.74418,3.40883,5.62759,5.04638,4.16779,5.14416,3.75843,2.64659,3.5571,3.79182
2.7376,2.74894,3.72143,3.21903,4.53246,3.77959,3.90923,3.88913,4.9837,4.44653
4.74558,2.46345,2.75413,2.05567,5.3482,3.92973,4.09736,4.82241,3.94886,2.76606
3.64809,3.80759,4.89264,2.35418,4.66938,4.7911,1.88353,4.68351,3.94626,3.85031
2.98698,2.91594,4.18278,4.78324,4.51385,2.87812,1.27466,4.50077,2.58142,4.11588
4.85808,4.23308,4.36227,5.02163,4.02544,3.61529,5.77749,5.13842,2.80139,3.92046
3.41611,3.9765,3.75388,3.7109,3.27292,4.63113,2.9899,4.26483,3.43644,5.1826
4.79389,3.73945,4.05975,4.16697,3.83579,5.5235,5.53837,4.22401,4.74193,4.27399
4.70679,4.02561,4.49926,4.75744,3.52058,1.64558,6.38669,5.36771,4.83401,4.30689
4.96898,2.58325,4.59847,4.70888,5.23684,3.64256,5.87881,4.39797,4.53603,4.9686
4.3422,3.21202,4.06717,4.22137,3.01339,3.70578,4.42946,4.35338,3.42277,5.22286
3.95473,4.37793,3.87905,6.07489,3.85924,2.97408,4.32723,3.20444,2.91453,4.8375
2.96976,3.52174,3.39488,2.09683,2.98445,4.03305,5.65111,5.86851,4.72336,4.60176
4.95425,4.16912,5.4383,3.09561,3.88652,3.44464,3.26528,4.79712,3.42542,2.42677
5.69919,4.37172,3.28102,5.07064,4.71539,5.80732,5.50531,2.74811,3.37551,6.17343
5.44712,4.26882,4.16884,4.25279,5.04711,5.64002,4.8934,5.00375,1.38872,3.3918
4.8769,2.27739,4.49954,5.46688,5.54546,4.49665,3.08971,5.30909,4.42877,1.73683
4.66895,4.07466,3.82063,3.94393,4.30838,5.25945,3.59606,3.64759,2.60825,3.80191
5.47893,4.07545,4.71659,3.22782,2.98619,6.27362,4.96692,4.76711,5.45537,4.19348
3.2123,3.58543,2.65657,4.30628,2.52179,4.25241,4.97076,4.77432,3.73558,2.67722
3.80913,4.62877,5.13246,3.44288,5.71155,3.48352,2.6877,4.32199,4.67548,5.02069
3.46586,3.47149,4.11446,5.5546,4.32013,2.27696,3.04086,5.261,2.97331,4.20314
4.18444,4.38857,5.0188,4.98554,2.94971,3.90934,4.03085,5.28263,3.16126,2.80413
3.91118,5.21829,4.09512,4.25802,3.85127,3.81474,5.01923,4.30712,4.48448,5.63663
2.98127,3.73385,3.29022,2.59709,3.10861,2.53647,4.26789,5.65639,4.10681,2.41989
3.5217,4.3756,3.72005,5.24814,3.9454,3.34348,5.39112,6.19865,4.59172,3.67946
4.58307,2.64966,6.60705,5.59609,3.82456,2.83759,5.54802,4.53579,4.10241,4.00798
2.96919,4.35737,3.31161,5.77907,2.99586,3.19188,6.21016,3.43769,3.74915,4.05182
5.13438,4.00287,5.79012,2.88202,5.92187,4.01766,4.73825,4.2285,3.82815,3.63156
3.70332,3.22889,4.00412,1.79439,5.18515,5.18748,2.86745,4.20021,2.81106,4.18754
4.61614,3.62772,4.72766,3.44916,5.03712,3.45066,5.76319,3.20352,3.17327,3.89701
2.7084,2.08605,4.19416,2.89618,4.78993,5.54146,3.90735,2.69707,4.25501,4.0779
3.94369,3.82869,3.21137,3.36891,2.86457,4.94349,2.76871,3.22233,2.93227,4.68283
3.17221,3.15907,5.71177,3.81209,2.34461,4.43087,3.92801,3.81164,4.32369,3.53042
5.04241,2.96526,5.47338,4.81146,3.44767,4.30413,4.12207,4.62856,2.60934,3.59088
2.45048,4.74144,4.21823,3.22403,4.22274,5.9635,4.22046,5.35146,4.61655,4.82393
5.25925,5.61353,3.85811,2.08437,4.41073,4.79254,1.72362,3.40562,2.86194,2.90468
4.67411,3.66492,3.37605,4.80238,3.937,2.40946,5.60688,4.75586,4.2755,2.86092
2.72296,4.21788,3.06875,2.86798,2.622,4.98678,3.23263,4.35025,1.6291,2.01696
4.8335,4.7291,4.58047,3.49858,4.39445,3.9168,4.81406,3.74615,4.31295,5.57825
3.35916,2.55255,3.06201,2.67064,4.21415,2.58783,4.31287,2.85897,2.97667,3.79228
2.92369,4.95826,2.43126,3.52192,3.17817,3.85424,2.89779,5.03536,4.39648,3.22177
5.32465,3.94676,4.98004,5.43908,3.56394,3.34215,4.3737,4.09987,4.53358,3.76232
4.86693,3.60389,4.64955,4.2634,3.03384,3.9275,4.2722,4.54938,3.03864,5.26619
5.69461,5.13623,3.37839,4.64165,3.11771,3.55698,4.18446,5.01942,3.40407,5.62442
4.01392,3.87349,3.55137,3.12017,3.25949,2.79657,3.59387,4.43187,3.44007,3.67134
1.4571,2.51569,3.45525,3.39434,3.18694,5.06323,2.39075,5.29547,4.50878,4.44638
4.07265,4.87763,5.05587,3.43832,5.28539,3.69881,5.53968,4.66866,3.21579,3.53169
3.27724,3.64245,3.3018,4.2119,3.60545,4.91635,5.22269,4.01118,3.98594,3.20535
3.44009,5.59079,3.06122,4.70429,4.37509,3.56772,3.02599,4.28149,4.74692,4.17397
6.1136,2.95929,4.65578,4.48223,3.51105,1.46576,3.29987,2.71547,5.50167,2.28307
5.56058,3.82439,3.56468,4.99712,5.23413,2.70373,5.37718,6.27593,3.97621,4.6252
3.39205,4.89674,5.32726,2.09674,4.8808,4.42892,3.72725,2.99732,4.31699,4.9331
4.46293,2.48217,6.23235,5.0016,5.33851,5.06002,4.55294,2.17458,3.52633,2.26314
4.67354,3.86751,3.83585,2.27811,4.30956,5.03034,4.09311,4.62464,3.65345,5.29484
5.13142,2.51881,3.9545,1.31862,6.17766,4.08516,5.73787,4.63881,4.91887,4.46211
2.28647,4.14451,3.33295,4.50299,3.76195,4.32448,3.83717,2.42079,4.28687,4.09875
3.19099,3.60736,3.88081,2.36869,3.61927,3.73403,3.31053,4.12234,3.06957,2.38862
5.36573,4.60058,4.76811,3.2706,3.61245,3.65905,4.72744,2.97927,5.5135,3.64921
3.93902,4.1797,3.71761,4.55905,5.53531,2.05884,2.88433,4.3503,4.93599,3.86713
4.22602,3.61059,5.62259,3.3715,2.00839,5.37141,2.81903,2.62064,2.51493,3.1936
2.73652,4.02005,4.61427,4.57751,3.5842,4.22921,3.9111,4.97758,2.22039,4.99472
4.80772,4.01741,2.08052,4.46673,4.54489,5.18815,4.05456,2.43274,4.80207,3.13631
4.7094,3.92886,4.75636,3.75568,5.09111,3.56121,1.75184,2.47714,3.71387,3.30722
3.89487,4.56589,4.09369,3.05017,4.23745,3.91341,4.02561,5.46072,3.36183,3.39277
3.37616,2.82633,3.19338,4.64438,4.59268,4.51089,4.07328,1.63789,2.37903,4.20901
3.19174,4.10335,3.06416,2.95627,2.89641,4.72846,4.65795,4.49282,3.95492,4.24361
3.38988,4.61621,4.85133,4.59075,1.94663,3.79627,5.95204,2.97913,2.90438,3.35529
4.78205,4.19224,4.02195,4.14446,3.60958,4.43685,5.03846,4.14696,4.35886,3.91264
4.85987,3.71532,4.42603,1.91754,3.58664,5.29834,4.7631,4.06131,4.3754,4.6899
5.07814,3.82685,6.04186,3.96077,4.41517,3.79693,4.29855,5.04567,4.89106,3.72941
3.29757,3.41167,4.59719,3.29221,3.29317,5.75471,3.97834,4.46947,4.34337,6.27694
4.63397,4.16736,3.38603,3.61003,3.5581,3.70046,3.6062,4.39503,3.52008,2.26559
3.37541,4.28794,3.53034,4.41984,3.26893,4.56855,5.79805,5.95068,3.2963,3.86039
3.38084,4.07448,4.18274,3.91642,3.83588,3.45589,4.04363,4.76919,4.3703,4.53405
4.79517,4.47784,3.73252,3.24233,2.83558,2.72035,4.52618,6.19527,3.89646,4.02208
4.92866,3.77958,4.34435,3.13433,3.31426,3.93772,5.36961,3.59792,4.23834,4.35241
4.3294,1.35692,3.65366,3.52683,4.65037,3.82612,4.32634,3.70681,4.94611,5.03176
4.40632,3.33316,3.98403,2.48483,2.61077,2.04596,3.76144,4.64125,3.82284,3.62333
4.98953,2.6492,3.50223,3.7468,3.39051,4.53674,3.22198,4.7554,4.28001,3.72095
3.8286,6.01743,3.86275,4.1931,4.36237,4.11041,3.39027,4.3271,3.83245,4.99371
4.16013,2.26129,4.46977,4.33041,4.77002,4.26189,4.16409,4.67681,3.42911,2.72428
2.85635,5.30704,5.11559,4.2379,2.48574,5.8691,4.3249,4.99843,3.14291,3.91066
4.48414,4.46924,4.14781,5.82136,5.84717,4.13926,3.41301,4.07487,3.6555,4.40825
5.24636,5.82002,4.90726,4.04281,4.99946,3.07655,3.89737,4.03342,3.22658,5.5992
3.07392,3.54411,3.44032,4.14499,3.53763,4.08885,4.09383,4.57599,4.4069,4.37674
3.67231,3.90128,2.6436,3.83406,4.42338,3.25577,4.86198,1.49838,3.67056,4.88026
4.41858,3.55763,3.96032,2.41232,3.8078,5.43922,4.07694,2.20127,5.64664,4.35456
3.76381,4.15922,2.35022,3.53556,4.65368,4.33951,3.56222,5.60333,5.73088,4.29443
5.25571,4.75887,2.79515,2.7705,3.97563,4.71392,4.20268,4.15343,4.37476,3.52926
2.35778,3.42463,3.98833,3.25477,2.974,4.15826,3.62673,4.41584,5.65453,1.23401
4.76441,3.28552,4.42248,3.23631,3.96027,3.40702,4.87,3.21308,3.59879,4.90022
3.98487,5.78709,5.82543,3.34674,6.73963,3.53419,4.68497,3.19933,3.03417,3.0817
3.08171,4.07676,4.70902,3.40361,2.85366,4.55154,4.20836,4.43155,3.90901,3.72104
4.95281,3.45744,5.41776,4.21898,3.76787,2.84506,2.44009,2.87392,3.32732,4.34956
3.08775,3.08708,2.44307,3.46755,5.8757,4.30156,4.36257,3.61854,4.0922,4.27494
3.97416,2.7065,3.37515,2.70193,3.08712,5.69846,2.96176,3.80347,2.89418,5.34859
4.05159,4.76092,4.60197,4.8729,5.12942,2.49796,5.77079,3.59423,4.51818,3.52669
3.30752,3.00485,3.09384,3.76737,4.17327,3.18521,3.88404,3.13994,5.04383,4.99872
3.97264,5.59283,3.86461,4.41183,5.13766,4.54531,4.15778,3.22657,2.08698,3.17428
3.19889,5.67508,2.37256,4.38725,3.38882,3.73042,3.40755,3.6768,2.88431,4.16806
3.90804,4.05269,3.77704,5.77614,5.00384,5.94661,4.23012,3.68558,4.05276,4.47341
3.16041,3.93566,2.868,4.18239,5.86821,3.81956,4.41714,4.17535,1.63907,4.03204
3.34552,3.42032,3.30993,3.38189,3.69809,6.01738,4.05995,2.53129,4.25525,3.3507
5.23387,3.66383,3.74925,5.11955,5.47602,5.84161,1.94845,4.55688,4.3194,4.72142
4.78596,2.64539,5.00471,4.29804,2.57441,4.59647,4.37498,5.43368,3.37969,4.22744
4.44672,4.51085,4.2816,5.13913,2.82139,4.79946,4.25329,3.51939,4.58131,4.33007
4.40539,3.29086,3.29181,3.98323,4.82414,2.0987,3.57045,3.18896,3.29155,3.92488
2.6536,2.77346,5.35637,3.68147,4.1617,2.17664,3.20279,3.71235,5.57108,4.80662
2.68825,5.66711,4.6003,3.15506,4.79426,4.66784,3.97819,3.55403,2.56698,3.50225
2.11188,5.86193,6.55431,4.74254,4.79701,4.54259,3.94439,3.25235,4.18364,3.72971
2.26649,4.9708,3.96004,3.22763,5.15822,4.67068,4.65079,3.81797,3.55814,2.96903
5.4434,3.03594,4.56484,4.04624,4.67989,4.63579,3.98593,3.44973,3.15086,4.89075
6.26527,4.12481,3.99995,3.68283,3.78364,3.78803,3.54554,5.82099,3.45339,5.31115
2.92367,3.09986,4.25275,3.45219,4.21244,1.804,4.14926,4.0573,2.00874,6.50994
6.93025,5.20894,4.54081,2.74829,4.02846,5.36127,3.51286,6.20815,4.19795,4.21589
3.42521,6.0083,6.02206,1.05164,3.31128,3.20693,3.81104,3.58119,4.83632,5.57114
4.67817,4.25842,3.50336,4.05098,6.06707,4.84085,3.75161,2.72993,3.0203,5.78775
3.33911,5.00812,3.83038,4.72694,3.2351,4.09855,4.56633,4.50633,2.93975,5.15283
3.7428,4.77953,4.78923,4.32628,4.47141,3.16699,5.57523,4.29421,4.42195,4.61566
4.5644,4.72529,5.5562,3.90318,4.70341,4.69244,0.562049,5.4588,3.08016,4.46729
4.20041,4.77458,3.75329,3.93106,3.77387,2.97655,3.52998,4.26652,4.30172,2.28384
4.13637,3.23777,5.03721,5.28729,6.26929,4.00356,2.96064,4.2784,5.00176,3.50817
4.54199,2.95992,3.05448,3.49007,3.40978,3.86406,4.83602,2.94761,3.84337,3.81764
3.38871,4.93029,2.17199,3.14252,3.07818,3.40903,4.08854,4.95315,4.50095,4.52799
3.28439,4.72059,4.18009,6.61735,5.00159,4.53283,4.96709,3.84405,3.94378,3.69909
3.31494,4.19531,2.41222,5.2169,3.99168,5.10318,2.23363,4.98639,3.20867,3.27123
4.05223,3.59708,4.86754,4.49486,4.36877,2.0856,3.91233,3.92995,4.71091,4.35646
3.44941,6.47217,2.90581,3.07152,3.29271,2.13385,3.83085,4.04132,5.81979,3.67321
5.39518,3.25568,4.83466,5.30123,3.69325,4.84127,2.99292,4.34851,2.67104,3.74228
5.49777,2.20162,3.57236,2.73374,3.87335,3.95309,5.41762,4.70997,3.50919,2.99645
5.3528,3.37723,4.2064,4.58011,3.49251,3.79766,2.60091,4.02169,4.5579,3.7662
5.32039,4.99397,4.98003,4.43169,3.87409,3.03522,3.89342,4.77663,3.93347,4.0573
5.57585,4.33904,3.37288,3.79228,4.83873,5.86425,5.29542,3.78151,3.83743,4.15369
4.29098,3.65684,0.980775,5.63655,4.19463,3.11588,4.78482,3.56974,5.02517,3.35744
3.98837,3.02293,5.8081,3.71637,4.86922,3.10562,3.79112,5.41433,3.53106,2.80539
3.28738,2.95455,2.04989,3.17717,3.47824,3.54994,4.96525,2.87254,5.38849,4.62903
3.52058,5.1117,2.50687,4.22252,3.4858,5.1072,3.92122,4.06976,2.58172,4.59288
4.19464,3.42818,2.82797,4.52735,4.83536,4.09706,4.88027,4.08512,2.34257,4.72168
3.89438,3.4992,3.15134,4.36552,2.22102,3.60257,4.16321,4.57333,3.21604,4.08266
3.77008,3.11444,4.18729,3.30373,6.31256,2.5955,5.05657,4.01795,4.35258,4.31189
4.4692,3.56298,2.94509,3.21387,3.76768,3.65101,3.59801,4.93223,5.42422,3.45341
4.23404,3.33136,5.39034,3.44973,5.35185,2.70277,4.56828,2.7882,3.87949,4.89312
2.38981,2.77808,1.97119,5.03458,2.2251,5.08699,4.51624,3.71135,5.60064,4.09943
2.94906,5.05254,3.91363,3.63304,3.97555,4.76016,3.54902,5.24754,5.4103,5.52579
5.33915,4.29363,4.24665,4.58116,3.57113,3.71211,3.22959,4.74801,4.86726,5.53929
4.07744,4.69354,3.04546,5.99597,1.69399,4.98016,4.13859,3.76254,5.5857,3.65707
5.4658,3.69419,3.70302,3.78038,3.59568,4.90222,4.2362,3.60683,3.89719,3.96211
4.07226,3.92247,2.23578,3.63054,3.276,4.63675,3.87485,3.45499,3.49455,4.84854
2.9649,4.78391,2.94296,4.37127,3.27079,4.11913,3.26376,5.14246,2.0551,3.82006
2.85062,2.12225,4.89015,4.68181,3.36566,3.31193,5.1955,4.82891,5.04506,4.30048
3.08684,3.65247,3.05729,3.32199,4.82073,3.98419,4.23621,3.42934,2.69788,3.72229
3.96048,3.72707,2.72537,6.12921,4.4732,4.1608,4.10078,3.24924,5.21388,2.02982
4.16012,4.81274,4.9794,3.1305,3.99079,4.28106,4.90707,4.83362,4.07065,3.39898
4.28498,4.61221,2.22654,4.28328,2.81614,3.01846,4.01156,4.90279,6.03692,5.00404
3.32241,2.83825,2.97598,4.60841,5.30529,4.56942,3.46098,3.55694,4.08236,3.42233
4.93761,1.98431,2.93477,3.91906,5.12463,4.82189,4.32714,3.27924,3.77043,3.95932
5.56252,4.37534,3.94339,2.03415,3.86483,2.6595,3.6909,4.20317,5.73273,5.31991
5.51518,4.67537,4.83179,1.96839,2.97294,3.50465,4.02613,4.2581,3.7707,3.74564
2.86158,4.26002,3.93754,3.71513,3.08187,2.84815,4.4833,3.55693,5.18668,4.0464
3.54205,5.40116,4.03471,2.90492,4.59208,5.49768,3.54197,4.2451,5.8886,3.271
4.21015,2.11069,3.49853,5.65199,2.58675,4.22854,3.81238,3.32079,2.607,2.57166
3.64236,3.48661,4.80613,4.07974,2.3802,5.21557,4.88694,4.73723,3.91702,1.66659
4.93255,4.21517,4.22709,5.15545,5.55842,3.75317,4.64285,4.53158,4.79598,2.8954
3.3558,3.50845,3.97719,3.179,3.4442,5.30693,5.74841,2.71917,4.10202,3.40206
5.2262,3.45045,5.36587,3.51185,5.49533,4.06311,2.96609,4.98734,2.414,5.18912
3.76078,3.16411,3.72059,4.08544,4.92713,5.12998,4.04611,5.40969,3.78994,4.04009
2.86981,4.61715,4.22393,4.45792,5.43911,3.01056,4.08244,2.91359,4.45626,2.61814
4.59652,5.50514,6.55168,3.54256,3.10738,3.79733,3.85451,3.71986,4.46893,5.00758
2.7448,5.03478,3.88549,5.276,3.01879,3.91472,3.70672,3.06873,4.96182,4.56559
3.05872,4.32004,1.85486,4.11134,4.07779,4.21317,6.57714,4.19903,2.98107,3.26014
4.01208,4.65153,6.14521,3.15544,3.90825,4.20011,2.27308,3.35014,1.61502,3.57269
5.47518,3.71712,2.75707,5.23526,4.46194,3.56505,7.83936,4.17726,4.07279,6.6631
3.63988,2.43614,4.57749,3.8805,3.20838,5.30639,3.56467,5.80547,3.95444,2.51426
5.12365,4.13155,2.70707,2.74774,2.50481,4.75381,3.84387,2.24643,3.28984,3.87093
4.43924,6.31893,2.62744,4.87561,3.22018,1.68696,3.27313,4.24015,4.21378,5.54708
1.37895,5.29816,3.28448,3.86633,3.83621,4.63017,4.89342,4.00345,4.76177,4.00472
4.73524,5.56128,4.16875,4.78666,3.63893,5.49165,4.40667,3.09481,4.94366,4.08181
4.1234,1.7834,3.00449,4.58551,3.037,4.83397,4.80192,3.22634,2.51546,4.89236
4.39861,2.41611,3.35314,3.53743,5.48591,3.31071,4.99748,4.47888,3.85349,3.62352
5.64632,5.05374,5.2355,3.84219,3.73115,3.6979,4.10622,3.12556,2.30793,4.00399
3.66398,4.77195,3.43406,1.62943,4.96292,2.16686,4.20189,3.57885,5.36876,4.14642
4.93348,4.06331,2.76033,5.15757,1.59151,4.51897,5.57825,3.02275,3.54836,3.90777
4.52246,4.59226,3.1111,5.60732,3.1519,4.07943,4.19737,1.46189,6.11189,3.74738
3.36129,2.4464,4.3536,3.18506,5.52235,4.14838,5.31356,3.51543,3.70158,4.46617
2.58109,4.35505,3.67379,3.10798,4.40799,3.62925,5.03821,3.28051,2.69699,4.9448
4.36025,3.16152,3.02515,3.33681,3.97848,2.95817,4.39365,4.24745,3.47485,2.84637
2.98236,5.57053,4.93694,3.13859,5.34348,2.67467,5.23285,4.84517,4.1437,3.11649
3.17615,4.90197,4.44727,1.92417,2.91965,4.35778,3.77373,3.22509,2.33979,4.88625
5.79663,3.76566,5.64354,1.95378,4.48546,3.16329,5.22009,4.30792,4.76757,2.96248
5.68312,3.62721,4.47735,3.67032,4.31822,4.5572,4.47364,4.37201,2.91451,4.00529
5.07887,3.52956,4.95317,6.10636,3.71265,2.96704,3.68766,3.50204,3.35049,3.47853
5.41894,4.99409,1.83905,5.59177,1.98894,4.12603,4.87668,3.1388,4.47789,2.9069
3.16934,4.08191,4.30026,6.48738,4.4501,4.51767,4.11099,3.51793,3.64718,4.25238
3.59059,2.50432,2.77714,4.20095,4.73136,4.92096,3.98203,5.41696,3.35724,3.20099
4.24724,2.52823,6.62063,3.54569,3.76478,3.37168,3.54852,2.39604,2.43592,3.79507
4.67154,4.35303,4.77248,3.96475,3.0945,4.04447,3.58829,5.37777,2.92158,3.94164
4.64399,2.67923,5.22151,4.55861,4.4502,4.00465,3.31054,4.88953,2.07994,2.28937
3.55612,4.80412,3.9547,3.87797,3.98011,4.01142,4.36812,3.91906,4.08846,4.23017
3.85021,4.00454,2.58189,3.80545,4.12339,3.99528,3.18706,3.99732,4.82292,5.80609
2.56614,4.35805,2.34326,4.76312,2.00845,5.51045,5.78375,3.57888,5.81743,1.98796
3.3721,4.5822,3.26879,3.68028,2.21325,3.33838,5.05424,4.33224,5.09039,4.76177
5.29888,3.71912,3.77219,2.55567,3.97522,2.12489,4.87721,4.10782,2.41224,3.30557
4.04387,4.00029,4.73285,2.95884,4.5408,4.48746,3.05482,2.95379,5.35044,3.6136
4.00442,5.90126,2.8673,3.55125,4.81585,3.39089,3.90283,4.81195,5.46749,2.44509
3.16111,4.72053,4.21316,3.68939,3.64031,3.45022,5.33122,3.87164,4.0568,2.24825
3.75503,4.44623,3.70986,3.5862,2.2435,3.23441,4.90132,3.00419,3.0699,4.37737
3.82184,4.71075,4.24253,4.37678,4.08782,4.84127,3.70444,5.79174,1.87685,3.46164
3.12116,5.15872,3.95072,2.94877,3.62351,1.88819,2.33334,6.13913,3.14679,4.51535
2.49506,4.71867,4.97071,4.45991,3.80286,2.57312,2.59801,4.35149,5.63295,4.15595
3.05893,3.00215,3.32502,4.77241,3.81282,4.73874,4.53746,3.35737,1.77841,4.99676
3.03143,3.71477,6.0866,3.07121,2.56808,3.67774,5.34347,5.48658,4.75422,4.9936
4.13191,5.50203,4.26373,3.56127,2.86857,3.72608,3.35616,4.51357,3.7795,3.93496
3.74129,4.71578,4.70282,4.4348,3.70509,2.85283,3.9056,5.17399,5.09569,3.89383
3.16387,5.01937,4.14943,3.83313,2.86022,4.87924,4.41164,3.53159,2.95547,3.95256
2.58039,3.87963,6.64902,4.4467,2.96302,3.4118,4.68283,4.79878,5.76392,4.97993
3.42131,4.07035,4.64024,2.21465,4.23676,5.53773,4.90575,4.05926,5.71253,5.56941
3.88493,4.1184,4.55488,3.98944,3.9165,2.48587,3.42215,3.80542,1.96936,3.02995
4.03104,4.89088,2.92884,2.55421,2.77424,4.6428,5.18695,2.68692,1.66205,3.77372
5.11867,4.24806,4.29051,4.45722,4.63477,4.34942,3.57732,3.76198,1.23687,4.21251
3.36902,4.44538,5.23254,4.58352,3.94843,3.13666,2.53655,4.19881,2.21075,3.27898
4.61103,3.08096,3.86877,4.23115,4.30259,2.86618,3.27865,5.16438,2.35693,2.77924
4.50632,4.29682,3.49633,4.45908,3.65573,3.69166,5.24901,3.56652,4.61507,4.16654
3.01846,5.9124,5.18103,3.87878,3.86819,3.30337,2.24351,3.75271,3.07495,4.21495
4.40574,4.73247,3.72121,4.89841,3.87272,2.32136,3.37758,5.54567,4.53917,2.4779
5.09166,3.40515,4.55216,2.68026,4.05318,2.47803,3.23326,6.245,4.70718,3.74109
3.5881,5.76684,4.38306,4.03797,4.93019,3.30593,4.20333,3.08002,2.32994,3.1842
3.29856,3.86791,2.78066,2.93823,1.40504,2.56002,3.35232,2.67829,3.96098,2.97951
6.08947,3.75513,2.70119,2.85758,3.88707,4.65407,4.80917,3.07011,4.252,1.98567
4.04656,3.046,3.82286,3.42706,5.23753,3.17679,3.95729,3.21337,2.99931,4.74516
2.33395,3.85825,3.81587,3.63329,5.14988,5.48912,3.43338,5.03218,3.11455,5.76798
2.14224,2.93102,3.64192,3.23184,3.15062,3.19681,3.36332,4.37898,3.62316,2.85061
3.26712,5.48518,3.58211,2.65479,5.29959,3.92561,3.87606,2.96705,4.8159,4.48895
2.97475,2.79363,5.50483,4.62553,3.50077,4.74885,3.79441,4.33813,4.73041,4.62987
3.32618,5.38666,4.48281,2.45771,4.94122,3.5994,3.46251,3.18131,3.4688,3.80892
3.38958,4.35163,4.65341,2.38347,3.40516,4.3663,3.78519,4.13307,3.58486,4.49062
3.94683,4.00488,3.92286,3.0576,3.45584,3.2325,5.31314,1.9555,2.83687,3.76941
3.25584,3.40777,5.56538,2.51281,3.74354,2.12647,3.13192,5.02614,3.73136,2.7689
3.5885,3.06485,3.79437,4.56312,2.10523,3.68388,4.6,3.87003,2.67115,6.18239
4.59365,4.92145,2.56164,1.20096,3.77539,4.36491,1.67095,4.29461,5.14225,4.37053
5.26397,4.2276,2.10514,5.48329,3.85868,3.27011,3.42745,3.95698,3.76919,4.78782
2.84431,3.3905,2.26747,3.17651,4.71364,4.16652,4.16993,4.80396,3.95924,5.80843
3.47923,1.19919,4.39893,3.3925,3.47864,5.0428,5.12796,3.9326,6.13301,2.82666
3.16958,3.57554,4.02586,3.98587,5.11471,1.43381,5.08155,3.71286,4.11806,2.99275
1.30323,3.22243,5.27133,4.18429,4.54347,2.83651,4.11698,3.4059,3.75022,4.38043
5.86247,3.51488,3.07449,4.51699,3.29047,5.31478,2.64052,3.77846,4.3665,3.64229
4.55154,4.81577,4.58403,4.4142,4.71484,5.59668,3.2712,3.3488,2.35924,6.76185
2.54892,3.90371,5.25787,3.80139,3.39537,2.90212,4.85841,3.98859,5.16108,3.56776
5.20275,4.85614,2.09122,4.55383,4.26766,3.2918,2.88674,3.58744,3.22461,3.56662
1.716,4.80007,4.67619,4.57017,2.53525,3.97659,3.23661,1.67066,4.35625,5.76572
2.95179,5.38469,3.34753,3.72367,4.62259,3.965,2.43423,4.88337,4.14799,4.2952
2.85569,6.43519,3.66902,4.03034,4.19747,4.22298,2.81966,4.1024,4.05659,3.71363
2.11486,4.06563,3.12757,4.12372,5.37828,3.75867,3.51316,2.90385,4.5747,4.98251
3.82894,4.11173,4.73624,1.91845,3.92982,2.74588,3.8309,3.72433,2.12129,3.15922
3.52603,4.23739,5.29404,2.75624,3.6861,4.92147,3.43025,3.54299,3.40891,4.66527
3.23298,4.40333,5.62429,4.97133,3.08671,6.19787,5.44014,3.81402,3.42652,3.55024
3.44216,3.56051,3.58626,4.56515,3.70361,4.53927,4.18296,5.12464,3.12988,1.22066
4.53154,4.24332,2.35935,4.61453,2.8518,4.23222,3.2154,3.99801,3.50387,3.11114
3.28711,3.56786,4.03533,3.97118,4.39441,3.37914,4.48604,5.54234,5.39968,2.87047
4.10583,4.5363,5.55341,5.02678,5.07456,4.61998,4.27225,3.54393,3.64909,2.7804
6.26691,5.26382,5.09025,5.59898,3.95135,1.98036,4.03542,4.01301,5.46584,4.94336
3.45066,4.24257,3.61205,3.15025,2.0611,3.56535,4.13166,4.67872,3.32472,4.13862
2.92628,3.76875,3.15151,4.50893,3.21824,5.54845,4.093,3.97029,3.3301,3.52823
3.74481,3.4582,2.52331,5.23294,4.47125,5.21919,3.5918,4.20342,3.80672,6.08042
3.39333,3.6565,4.20385,3.5144,2.12143,5.27055,3.51189,6.04563,4.24381,4.57054
5.99566,3.93515,5.72055,4.63218,3.432,3.16709,3.27903,3.98726,3.48513,5.61749
4.88834,4.08165,6.37771,2.99646,3.22985,3.38072,4.72429,5.13656,3.99266,3.18036
0.823997,3.04985,5.15464,3.73171,4.94963,3.0513,4.12887,3.63922,3.86061,4.51919
4.52463,2.81957,5.10501,4.12455,3.50631,3.96535,4.61952,3.6015,2.42242,3.94498
4.23057,3.9467,3.36606,3.23851,3.26078,4.35707,3.79321,3.86288,5.36967,2.81853
4.90891,4.17865,3.26173,5.70696,4.31685,3.86238,5.24328,4.63182,3.58945,5.24079
3.01994,3.16002,4.64303,3.4011,3.60099,4.19173,4.39619,3.33717,2.25065,5.55562
3.05217,4.13468,5.52365,3.08905,3.97502,2.90088,3.9828,4.25278,3.16803,4.63851
5.51536,3.70951,3.8948,5.09264,4.68629,5.08386,4.10756,2.78191,3.91513,3.73794
3.77033,2.39932,5.21613,3.58871,4.07479,3.93189,5.10858,3.56198,5.07716,6.31318
2.4075,2.17477,2.43657,5.66875,5.58572,2.86638,5.31332,5.33546,3.86021,3.01344
2.58375,3.2641,3.45456,4.99622,3.49881,4.96513,5.21045,4.1335,3.32085,3.80451
5.04231,4.0686,5.44951,3.19526,4.02478,3.8707,5.61925,5.46246,3.35632,4.77912
3.54546,3.57935,3.27535,3.97359,3.2821,4.30158,4.94904,3.92155,3.87483,4.7708
4.87336,3.54426,5.15032,3.08552,4.3874,3.22768,3.32035,2.53705,2.88338,3.84366
4.63584,3.34581,2.76447,5.03929,3.77542,3.90595,5.13918,3.96473,4.75574,4.08386
4.06074,3.16408,5.4883,4.81428,2.74071,3.79852,3.37937,4.36057,3.44545,4.19986
4.66373,3.25773,4.16328,2.69974,2.15527,3.39417,3.24484,3.1496,3.11679,3.58563
4.24391,6.29686,3.47707,3.83332,3.66441,5.07977,3.27966,3.74717,4.72439,2.77175
3.97757,3.18984,5.72928,3.77923,3.11729,3.27604,3.53833,3.09695,5.41116,2.35191
3.09272,3.58481,5.19583,5.72158,6.64728,2.08004,3.66628,4.98131,4.31848,4.61222
4.58183,3.65684,3.32247,4.34115,4.78837,4.19825,3.42163,5.19176,2.34448,3.8551
3.82848,1.0338,4.04434,4.01041,5.23008,4.43668,4.97934,3.92326,3.79154,6.1531
3.46254,3.96661,4.64104,4.55864,2.2612,5.17328,3.21324,4.22396,4.38297,4.29868
3.785,5.41154,3.3969,2.70321,3.8939,5.56639,2.70237,3.76717,5.25687,4.74179
2.0496,4.45275,2.74399,4.00026,4.51677,2.87986,4.88159,4.27917,2.83696,4.52968
3.7209,3.32718,4.96817,4.5028,4.26205,3.1544,3.25874,4.54814,4.78491,2.8874
2.59275,5.22591,4.24091,3.59634,2.84938,3.07353,2.42849,3.47425,3.95934,2.70874
3.66015,3.52985,3.97392,4.77355,3.60668,3.5467,2.79883,4.14068,3.5377,1.35076
3.73104,3.19873,3.91578,2.13458,3.46725,3.91974,3.22536,4.92427,3.07511,2.75469
4.00827,2.58331,6.61523,3.56503,4.10751,4.44833,4.59619,2.9571,4.00613,4.40109
4.65537,4.1367,2.67711,3.94034,3.89114,5.5051,5.32827,4.00302,4.155,4.06244
5.12714,3.33915,2.55579,4.42005,3.87407,3.43747,4.50576,4.57102,3.12715,3.65116
3.98931,3.77621,5.66165,3.60725,3.63034,3.56723,4.86963,5.00311,5.03475,4.54242
2.63004,4.28387,3.72057,4.40327,3.91323,3.61626,3.4743,2.25295,4.31606,5.34852
2.10927,5.04043,4.24108,4.15579,3.64233,3.84093,3.04013,2.69683,3.67577,4.68214
3.27928,4.44823,4.76161,5.10444,4.15723,5.94282,4.23804,2.8106,4.81387,2.89684
2.47704,3.59921,3.00836,4.03169,5.02855,3.10812,2.51027,3.77972,3.33686,4.22549
3.36247,4.15405,1.90248,3.98251,3.45284,2.90109,3.36464,3.00235,4.0843,5.90019
4.6036,4.24396,3.45911,5.57189,2.91803,3.43374,4.11823,4.83743,3.28531,4.7414
3.1263,4.77316,4.54513,3.9765,3.45084,4.5515,3.70216,3.81267,4.08365,3.35794
2.56004,3.07744,4.54485,4.86738,3.91694,4.16772,3.24494,5.32832,3.3947,4.13378
4.04506,3.76781,4.27931,4.01842,2.69197,3.67446,5.75768,4.69287,3.84113,3.12268
3.8461,5.00933,6.22288,4.46885,4.6375,6.26888,4.25137,2.72995,5.49065,4.93777
4.55624,3.84064,4.74587,3.64877,4.20325,4.67935,5.46201,4.60286,5.29938,3.58196
3.08005,5.17814,3.00547,4.16066,4.60064,4.56073,4.80187,2.97923,3.92131,5.16348
3.02174,3.38974,4.72353,2.76338,3.52776,5.13663,3.11368,4.94542,3.05816,4.42152
1.44577,5.01369,5.69832,4.11684,3.89534,5.33044,4.61514,4.86261,2.04664,3.62494
4.59781,2.38539,3.98531,3.50333,3.948,4.51547,4.21696,4.03633,5.7145,3.46101
4.53752,4.62996,3.33758,3.33196,4.04072,3.70938,3.35699,2.53997,4.93129,4.09788
4.23769,3.82931,5.79983,2.41621,4.44386,5.46057,6.24607,4.62349,2.95717,3.32738
4.14114,4.21954,5.063,6.26033,3.97433,4.3747,3.72946,5.75888,3.15891,3.23288
3.91322,3.97883,4.63555,4.13599,4.4121,3.00587,3.88653,3.51,5.15104,4.52146
4.42896,3.16865,5.31708,4.49433,2.7281,3.35964,1.72712,4.5548,3.48559,5.86062
3.75451,4.05854,3.89903,3.42043,3.77689,4.90307,3.84924,4.15693,3.24661,4.79056
4.13452,2.5787,4.26532,4.36292,3.89766,3.35488,4.37071,4.09103,4.6974,5.17469
4.39753,1.1121,5.53191,5.6045,4.19572,3.56852,3.94379,4.48157,4.51907,3.81686
3.43353,3.89382,4.08123,3.68559,3.0111,3.83271,4.43457,3.86301,3.07937,4.66473
2.59775,3.49773,4.27344,4.04113,4.97464,4.44728,5.25086,4.57842,3.72035,4.2608
4.49991,5.07202,4.65315,2.57399,3.40311,4.43517,3.64143,4.31477,4.80816,5.97278
4.3033,3.6932,2.59635,3.88422,3.85945,5.48985,3.79207,4.14966,3.98754,5.76865
3.5659,3.96192,3.97515,2.45382,2.86448,4.5916,4.38174,4.13229,4.69345,4.38744
3.70508,7.15225,1.17652,4.71455,5.38281,2.03506,3.49872,5.13658,4.89996,2.91902
3.64598,4.08036,4.13409,3.95866,2.90774,3.02296,3.95891,2.13828,2.27801,4.72083
5.2116,3.12849,4.93631,3.22401,3.84749,4.48106,4.34452,4.9986,3.33682,5.96668
3.37465,4.50214,2.35482,5.19487,3.07138,5.82481,3.00694,2.17139,3.69765,3.94938
3.15249,4.03948,5.67948,5.07136,4.23877,4.7749,3.51553,4.19172,2.74994,4.57397
3.82541,3.33612,2.94134,3.39371,2.74855,4.23133,4.06792,2.63264,3.32968,4.16618
2.475,4.71719,2.16711,3.1296,2.9656,3.29243,4.12922,3.82847,4.90446,4.19202
4.68099,5.12577,3.10281,5.71378,4.29121,2.73533,3.9687,4.46274,4.26824,2.40761
3.4329,2.2489,4.51258,3.16773,4.75374,5.77109,4.47163,5.06301,3.71526,4.75013
5.09137,5.00941,3.96351,2.43532,4.19685,3.91831,4.43389,3.98624,4.26714,2.65375
2.64523,2.79031,3.44435,4.07409,5.08977,4.7491,3.64569,2.64558,4.61191,4.79433
5.55995,4.11838,3.36366,4.84905,1.90487,3.41092,2.80418,4.34669,2.92664,4.52405
3.27213,3.17238,4.69946,3.03051,4.48508,3.99668,4.25613,4.253,3.80207,5.96699
3.85359,3.02743,4.94378,5.141,3.84425,2.20702,4.3455,4.80911,5.29861,3.69583
5.05401,3.29722,3.00702,3.12155,4.23093,5.29092,3.63068,4.93885,2.92105,3.72426
5.22147,3.09829,3.02716,5.51096,3.45112,4.16977,5.05434,5.07966,4.13442,0.834466
3.17525,3.7287,5.35564,6.27186,3.90248,4.14966,3.76901,3.65544,4.94115,3.49445
4.19221,2.05239,4.72249,3.58339,3.28199,4.27082,5.47304,4.3803,3.23943,4.28823
2.48456,3.2107,4.83233,4.37926,2.56223,2.31221,6.47211,4.79266,4.60196,3.48124
2.81088,5.31434,5.25855,4.86085,2.93486,3.57455,1.95165,1.81594,4.43779,3.43999
3.63606,2.18795,4.68688,3.68997,4.16207,5.20773,2.47827,3.58115,3.94891,3.45898
4.89819,3.36071,3.89914,4.76418,3.869,3.30776,2.79982,4.31076,4.49567,4.69032
4.64244,5.41401,3.99252,5.2111,4.95054,3.63584,2.8013,4.00991,3.27366,2.78006
3.89512,5.43862,3.31046,4.01765,3.03173,2.46645,4.60003,6.24542,3.15015,4.40534
4.00914,3.9797,3.41513,3.79731,5.09167,3.56707,3.68979,4.94249,4.42339,3.66538
4.05655,6.17082,2.23095,6.69841,3.62299,4.05777,5.10662,3.18818,4.69489,4.12052
3.82809,2.59318,5.01456,2.57825,5.00162,5.41183,5.06854,5.00198,2.8646,3.38314
4.28998,3.14989,5.25967,4.67472,5.43545,6.1053,5.2602,3.30363,4.96468,5.64512
4.1734,5.56191,5.33299,4.0735,3.83159,5.51057,5.02582,4.59075,2.93285,2.76952
6.19071,2.60417,3.9809,5.13535,3.64943,4.09035,1.46165,3.62529,5.66052,4.87397
3.34078,5.41812,4.34881,5.17388,2.40563,5.32924,4.13012,3.65511,3.2761,4.68876
5.24454,2.38474,4.72726,4.54929,3.94225,3.63399,4.59709,5.28631,2.53352,2.81307
2.33723,3.78672,2.67873,3.25027,2.50553,3.16919,2.90031,4.47477,3.49679,5.37914
4.23855,3.8939,3.77971,4.83703,3.97324,2.9709,4.62168,4.18361,2.78294,3.53286
3.35413,3.73102,4.14053,5.99872,4.10601,2.78274,5.43009,3.8974,2.3103,3.96046
5.07225,5.26088,3.74227,4.94575,6.08946,3.53425,4.94361,4.35711,3.42076,5.09134
3.88809,3.61304,4.51888,2.84116,2.78453,3.45268,4.40843,5.27832,4.76484,3.31704
4.07664,4.12773,4.6216,4.30856,4.08375,4.37025,5.15291,4.20072,2.33962,2.32487
3.99477,3.5009,4.01001,4.84729,3.88907,4.74056,4.48108,3.20566,4.59874,3.54295
2.53006,3.47372,3.39811,2.63762,3.70769,2.84326,3.30073,4.32239,4.86566,1.68643
4.59428,3.1244,5.10052,3.71338,5.58069,1.7548,2.49622,2.65908,5.07427,2.19131
3.60982,4.95724,5.04938,5.2968,5.60633,2.02195,3.83031,2.77425,5.0844,4.29252
4.04944,4.48846,3.05786,3.57066,3.8609,4.19108,3.21214,3.53566,4.0961,4.9559
3.96707,1.88781,4.5286,3.40968,3.20418,3.54954,3.58356,3.58269,2.29247,5.26255
3.34766,3.5608,2.53604,4.17858,3.80343,5.34675,2.95218,2.50942,3.72062,3.01343
4.67856,3.31912,2.85649,4.68252,1.16073,3.04265,4.17034,5.10656,2.4905,5.01188
5.12992,2.42545,4.86911,6.03557,6.07953,3.66729,3.72083,3.66229,4.95406,4.576
4.54231,3.48771,6.03852,5.03567,3.43687,3.74454,3.65198,4.99807,3.13683,3.72716
3.40888,1.7046,2.58909,3.62791,4.06292,4.73881,2.83876,3.25021,1.86204,3.44269
5.9198,4.52726,3.7975,5.21405,6.59298,3.20818,3.96879,4.01803,3.18732,3.57058
5.68707,4.46645,2.82473,4.23713,5.54263,2.76426,4.59565,4.61897,2.77622,2.91974
4.4032,3.37441,3.4945,3.78508,3.31013,4.11393,1.92953,2.03755,2.53978,2.52028
3.63046,4.25366,1.7334,3.83616,3.99896,5.44246,4.85153,4.21724,4.88853,5.10136
4.13207,4.22002,2.9431,1.86371,2.53512,7.20299,5.81353,1.72389,2.92714,4.85946
5.92675,4.17748,5.16451,6.5678,5.48456,2.77788,4.47645,4.40703,5.14857,4.53271
4.84647,4.8156,4.30827,4.81641,2.76184,2.41366,2.49694,4.04851,2.77811,3.48056
4.44331,3.37574,2.55877,3.83286,2.90353,3.36398,3.49419,3.58324,5.78776,2.88818
4.67891,2.57185,4.06161,4.1764,6.95947,5.30401,3.57641,3.23523,2.75326,5.03419
4.39544,3.63059,4.35511,2.91116,4.95012,2.45111,3.32893,2.80326,4.21243,4.64185
3.37745,3.84972,4.4368,3.10972,4.04168,3.75788,5.24493,4.57334,4.37776,4.22288
4.58489,4.42006,4.73865,3.70152,3.57291,3.49839,5.54025,3.67885,3.10897,4.85858
5.13634,4.17495,4.02304,3.88784,3.93576,5.16038,3.27038,3.98256,4.37244,4.51068
3.41451,3.75696,4.51001,3.96745,3.32061,2.01259,4.86785,4.99857,3.67805,3.33565
2.66343,2.62303,3.44435,4.60447,5.66388,3.90228,3.15664,4.06812,1.6866,5.11894
3.80983,3.9231,1.75074,3.33163,3.9395,4.05087,5.38616,4.15112,5.44348,4.56878
4.07178,5.00238,3.60595,1.41634,3.4228,6.02976,2.136,4.15265,3.15642,5.62877
5.01433,2.31396,4.08368,5.90399,4.74955,5.00355,5.93903,3.59385,5.45046,4.92004
4.64169,3.83485,4.16016,5.25299,4.61358,4.98454,2.94356,5.43096,3.39397,4.79165
3.17678,4.6594,5.89585,3.85474,4.36055,5.04299,3.90883,3.65991,5.01353,5.50236
4.88345,4.04702,4.78557,2.31073,4.74853,3.11113,2.61883,4.42169,5.62392,3.45743
3.87645,1.89845,2.64724,5.05039,4.14476,2.85133,5.06395,4.37007,4.12213,4.07193
4.67218,3.96497,3.25065,3.56376,4.0359,5.006,3.90013,4.78092,2.47317,4.99989
4.83069,5.18688,3.13195,4.54388,4.48555,2.27635,3.81725,3.34604,4.34827,5.30301
4.81283,3.40072,4.23373,4.88894,4.02362,4.61088,5.49737,3.70182,5.26829,3.19362
3.70356,3.52367,3.89009,3.05726,4.63341,4.96705,4.14282,6.25343,5.37173,2.84101
1.96529,2.60531,3.70214,2.6173,3.63677,3.88079,4.56318,2.61778,5.17974,3.85479
4.80808,1.96027,3.99756,4.46258,5.98017,4.65717,2.72221,3.87685,4.30826,3.73491
3.50747,4.08254,4.37457,6.12565,3.97144,3.84818,4.27178,3.85834,4.5593,5.07705
3.89983,3.34449,2.92907,3.65442,4.26801,3.55496,4.08777,3.57649,2.8618,2.77715
4.1745,4.35566,4.18296,4.8648,4.52317,3.002,2.43608,4.35901,4.26269,2.6453
4.46917,1.52234,3.7931,3.7014,5.0211,4.68312,3.63243,4.55566,5.65326,3.80055
4.83663,4.84494,4.5216,3.57118,4.28072,5.68028,4.01386,2.95554,4.50009,2.56764
4.50699,3.58647,3.70774,3.18013,5.06384,4.72593,3.63539,5.41515,4.01167,4.24493
3.98929,3.96164,4.6248,4.97172,5.0827,3.50221,4.76651,3.09757,3.8022,4.18895
4.70218,3.7179,3.48175,3.4409,3.54656,5.4232,5.01477,1.73031,3.6935,3.20747
3.93398,5.34026,2.83723,2.12799,3.57269,5.9255,3.09029,3.89783,4.05643,5.08979
3.79513,4.63232,2.75666,2.69391,4.07941,2.3793,4.54224,1.98155,4.65864,2.87214
3.0763,5.60078,3.00634,3.91509,4.58893,1.39785,2.10016,3.40764,4.50086,4.92801
2.13939,4.42372,5.24446,5.48463,2.47306,3.31369,3.74157,5.58114,3.58859,4.81046
2.65932,5.40285,3.87858,2.59943,2.84199,1.51953,6.39608,3.85507,5.74049,5.6187
5.7989,4.20553,2.37343,5.09285,4.39152,3.24602,4.24483,4.50277,5.69063,2.8886
5.11534,4.72091,4.02042,3.92525,3.57825,4.61462,5.36199,4.22595,4.81249,3.95501
4.32605,1.4646,4.1617,4.78914,2.58355,4.63452,4.55854,4.38893,3.30228,3.75374
1.70545,3.51864,3.86632,3.84634,4.59627,4.91564,5.05986,2.23752,3.43563,3.24463
2.94656,4.10193,4.53965,6.00633,3.94528,5.38406,4.03823,6.13592,4.89928,4.79718
6.51048,3.55199,2.96044,4.58871,5.10083,2.75103,4.36706,3.81306,2.49246,3.27991
6.33591,3.8244,3.10855,3.36839,4.39793,4.14154,4.58559,3.45976,3.30126,3.3083
4.10245,4.38153,6.1385,4.75236,3.70921,2.96524,4.42714,1.03902,4.99146,2.75624
4.52598,2.49044,2.87342,3.65294,4.95043,4.11321,4.92962,2.77114,4.51742,4.6323
3.29213,5.33159,2.93331,3.79811,4.8334,4.39862,5.05421,2.87057,3.57567,3.69033
4.47653,4.46152,3.65646,5.05499,2.71763,3.22853,3.41748,4.17078,6.40267,2.03484
3.64362,4.91352,3.39597,4.56967,4.90658,4.46245,3.78295,4.32449,4.76503,4.31436
2.58608,3.69981,4.41421,4.20862,3.79551,2.83143,5.60886,4.18628,2.93492,4.95347
4.03162,3.98079,3.71474,4.41322,3.13546,2.86677,2.87873,4.54116,6.83186,4.25502
3.98438,2.45033,5.78786,3.88937,1.23749,1.64781,4.15072,3.7261,4.84412,3.18006
5.48836,5.59857,2.66068,5.0061,4.90653,3.58607,4.4012,4.6626,4.21605,3.56095
1.81408,4.49039,4.73888,2.84475,3.84295,4.24246,4.76726,3.29567,5.01642,5.07826
2.07774,3.86515,4.11531,3.4722,3.01795,3.92154,4.37504,4.13033,4.70737,2.90446
1.7073,3.8607,3.98503,5.23269,6.16296,2.91462,3.88047,3.98259,1.97229,3.20825
4.19196,2.64674,3.01979,4.7736,3.80815,3.8319,4.00893,2.45405,4.84754,4.52321
2.7952,3.74226,2.87434,4.6742,2.22833,4.45703,2.85761,5.16853,3.16333,3.87193
2.18856,3.49696,4.21305,4.67429,3.53965,5.68629,3.31921,3.53975,5.37894,4.53347
3.92925,5.03229,3.7257,1.80038,3.26936,1.57282,4.6815,4.31666,3.00618,3.17587
3.68433,4.17753,4.70595,4.07902,3.95385,2.49602,4.22528,4.38365,1.72153,4.14214
2.51155,4.74792,4.95325,3.47265,1.93373,3.95319,3.62814,3.41304,4.91569,4.78639
4.98827,6.00321,4.8563,4.36984,2.40538,5.65484,3.2901,3.79221,3.6769,1.61092
3.84936,3.95672,4.6298,3.68899,5.91882,4.84288,1.99513,4.27372,4.7424,5.16819
2.06147,4.21148,4.75171,3.03635,4.14984,3.05696,4.35397,4.17494,2.94152,4.18868
2.56989,4.22066,3.5715,4.99275,5.12765,2.95026,5.02912,3.83136,3.47672,5.319
5.02938,4.61253,3.83604,5.14439,4.67132,3.67788,5.41063,4.40754,3.03542,2.12366
3.29715,4.35774,4.84295,3.01573,3.23454,2.69472,3.71935,2.09863,2.6861,4.95697
4.39907,3.64687,3.02819,2.82348,5.46811,4.24501,3.80836,4.45674,4.89911,5.5345
4.48424,4.39563,3.79061,2.12974,5.1199,2.86762,2.92443,3.94499,3.68136,4.75169
5.10848,4.25336,4.08658,4.9672,5.09464,4.21268,3.72067,4.73296,6.57967,4.94735
4.74409,2.80827,3.15919,4.82793,2.89077,4.12862,4.28716,3.52836,5.63327,4.44905
4.7393,3.86742,3.94835,2.92225,3.09319,5.05097,3.97528,1.4806,3.42507,4.22127
2.90647,4.00212,3.55228,3.22813,4.26386,4.18256,2.23507,2.52183,3.21493,4.0369
4.43712,3.14934,3.83735,4.48036,4.22778,3.315,4.7325,1.90489,5.46222,4.57795
3.5537,5.19651,4.65106,5.04047,4.76293,4.65286,3.9872,4.26118,4.18168,3.95108
2.97487,3.08367,2.47881,3.19997,4.4735,2.41707,3.52512,4.00411,2.7683,3.95919
2.62799,4.41673,6.79446,3.84725,5.36797,2.5773,2.12595,2.51966,4.1849,4.10236
4.30768,2.34599,4.51737,4.70474,4.42734,4.48152,3.27744,4.69767,2.59871,3.78233
3.04018,4.01704,5.51971,1.76967,3.51924,5.40325,4.43879,4.54682,4.29291,3.6835
1.98449,2.92825,3.38803,3.60105,5.97705,4.46103,3.48821,2.79288,5.27466,4.67714
4.17176,2.11828,3.31213,2.06251,1.16711,5.60216,2.85519,4.1954,4.02221,4.97786
4.90211,4.22757,4.17725,4.17008,3.35321,4.0924,5.13396,1.42403,4.60136,4.30502
4.63206,2.8422,2.84037,3.64939,4.48907,5.51337,4.76598,3.84457,4.31977,2.76193
3.62275,3.8458,4.88989,4.77749,3.73789,4.92499,4.94827,4.40253,5.40584,4.5022
2.58166,3.3754,3.28227,4.1963,3.76124,6.42432,2.86058,4.00105,2.59132,3.29422
2.95233,2.79586,5.03625,2.58753,4.32406,3.9391,3.95206,5.08075,2.73445,4.21576
4.31381,5.13334,4.15135,4.37055,5.25823,2.73523,5.13959,3.1706,2.17359,3.63716
4.48282,2.77799,5.7138,4.15338,4.09667,2.98611,5.59769,4.97283,4.42262,5.1994
5.37204,2.7873,5.1852,4.52393,4.70489,2.75007,3.99928,5.79042,4.50123,4.23601
5.77358,4.06315,2.56433,4.24621,5.44592,3.5517,4.09025,3.68674,4.7329,5.03866
5.35081,5.96782,4.46029,7.73155,4.97787,2.74745,3.41469,2.74539,2.13835,3.46565
3.15492,3.38653,4.84383,5.59011,4.79868,4.42821,4.55918,2.92274,1.75321,1.62386
3.55537,4.5546,3.36042,3.7353,3.77507,2.04884,3.91537,5.14722,4.35791,5.15524
1.736,3.58017,2.10362,5.16048,3.21544,3.03226,4.27038,3.23611,4.56516,4.39051
4.28839,3.24239,3.32382,5.81287,6.05807,2.50174,5.26974,3.20897,3.49532,4.34791
5.21185,2.96434,5.56183,5.1442,2.7509,3.55123,5.0196,5.0172,3.55223,4.19709
2.91137,3.89298,2.0722,3.89848,1.39704,4.54343,4.07954,3.2628,5.09824,3.15375
3.38034,2.96669,3.87254,6.13916,3.87787,4.92674,5.31237,2.96838,3.40688,3.82739
3.57585,1.27066,5.32241,3.70081,4.01537,4.31008,4.49059,3.23444,2.26555,3.06765
2.59484,2.46415,5.00138,3.58003,4.68796,5.63088,2.68595,4.60162,3.28765,6.23248
5.16407,2.67428,4.86192,4.43784,4.78169,4.47484,4.4075,4.2067,4.06876,3.20192
3.79294,3.9127,4.02099,4.69985,2.71268,3.24299,4.19292,4.16427,4.27929,2.41322
4.2843,3.61878,4.63205,5.69545,4.25331,4.37254,3.82185,4.34158,2.63209,4.75535
4.43584,4.89234,4.95079,4.36952,4.29808,5.64154,2.82592,4.82373,5.33634,4.45413
5.00459,3.22254,3.96471,4.73072,3.7057,3.38871,4.50879,2.71024,2.72776,4.15559
5.39424,2.68816,3.55247,3.61966,3.94752,5.49906,4.46199,2.59443,5.61298,4.63628
4.1864,2.96584,2.87316,4.64555,6.28129,4.244,4.2455,4.85389,3.53168,2.41435
3.70068,2.6212,4.69502,4.05831,4.35191,3.20238,2.82659,4.9735,3.68841,4.68299
5.34855,4.15957,4.49285,5.43487,2.11515,4.01196,2.61944,2.98121,3.54077,3.73059
4.17878,3.40421,4.85696,4.15831,2.45351,2.03198,3.12172,4.84735,3.47938,4.05053
4.51532,4.26456,2.53267,5.44443,2.75486,4.05276,3.75775,4.18997,3.98398,3.63392
2.76319,2.51432,3.92779,3.23093,4.30474,4.3274,2.91471,2.78925,3.19325,3.45462
3.19469,1.58841,4.38134,3.4381,4.68791,3.79805,5.43019,4.096,3.56198,4.85119
4.40907,3.95069,2.1628,3.91163,4.32935,4.18482,3.98875,4.59821,4.5473,2.48557
6.01079,2.47535,3.54069,2.63873,4.12469,2.4241,4.36454,4.21457,2.04701,3.53371
2.94192,4.66744,6.6856,2.87337,5.45773,4.0622,3.14734,3.69525,3.4357,2.91205
3.11511,3.68533,3.39494,1.77184,2.99904,3.9518,2.21266,3.42122,4.68524,5.3666
5.2398,4.3023,5.50573,3.24461,4.2808,5.11019,4.30272,4.59983,5.49257,3.60352
4.08536,3.26417,3.55829,2.79794,1.61862,4.49618,3.54847,5.28051,3.25795,3.57055
4.99984,5.03241,3.54797,3.65451,2.4213,3.50024,4.75893,3.14498,4.86417,3.64439
3.52025,3.83476,3.47198,4.70899,3.43184,4.58073,4.02544,4.23979,3.85068,4.32461
5.00921,2.91622,4.91227,2.55151,3.57867,1.94422,4.6945,5.52084,4.05522,3.07192
4.80602,3.43484,3.3729,2.56213,5.20434,3.43132,4.05414,3.83436,4.25927,2.61857
6.27494,2.49292,2.61136,5.09586,4.47453,3.75904,4.5125,2.72097,3.28282,3.1531
4.18759,3.22576,3.36625,4.98295,4.76263,3.15004,3.47861,4.60824,3.24069,4.32472
3.25783,5.03966,5.17185,4.35524,4.05764,2.75343,4.73664,2.21819,3.90578,3.9393
2.41343,3.1621,3.70414,3.0527,2.32439,4.10923,4.4549,5.14375,4.72488,1.2104
3.17752,3.56669,3.49853,4.03463,5.41096,3.9433,4.95601,5.49968,5.58689,5.68061
6.71523,3.40691,3.50786,2.338,3.18295,3.37904,4.69703,4.03617,3.33258,4.30226
4.4316,3.01861,6.44781,5.10623,4.7014,3.78835,2.96847,4.30896,5.37204,3.54522
2.76151,3.02193,2.72788,4.48342,3.84055,2.12936,3.75883,5.31233,5.98303,6.32511
3.4927,3.40076,4.00123,5.0625,3.99817,3.9358,4.84612,6.53925,4.70851,3.29861
5.44633,4.44347,3.10814,5.4152,1.85703,2.34109,3.98787,4.55094,4.24787,5.25643
5.25242,5.31404,4.50134,5.03638,2.66479,3.5325,3.64865,4.57587,5.18602,5.84049
3.57127,2.91748,6.86803,3.30792,5.0311,3.54652,5.00658,3.91117,3.99784,3.86464
4.09156,4.33641,4.81996,5.24242,5.03767,4.66452,3.51101,4.31244,3.3943,3.95258
4.65806,3.26564,4.03395,3.89834,2.35192,3.25627,3.79652,2.73555,2.6027,3.36823
6.13336,3.09126,4.12648,5.0848,3.86015,5.05921,4.3823,2.10893,4.20052,3.47688
4.85372,3.01431,2.53726,5.00525,5.62095,3.79672,3.82037,3.51552,4.39013,5.07202
4.17541,5.09811,4.2992,4.21893,2.85638,3.15144,3.56617,4.94277,2.0374,3.82882
4.03434,3.40357,5.40731,5.40632,2.97902,2.50881,2.76819,2.31389,5.96703,4.33108
5.16617,3.99777,4.10881,4.19148,4.81807,5.77111,1.44725,4.59476,3.06193,4.43828
5.07536,3.04281,4.18082,5.29682,4.42291,5.16293,4.51418,4.00469,3.47423,2.87167
2.36442,2.89604,4.66154,4.15499,3.49465,4.61296,4.27972,2.39279,3.19313,6.34593
4.28598,3.38339,4.87619,3.35024,3.20031,3.46702,3.81889,3.58598,4.46058,4.62978
3.36314,4.36323,4.08687,4.04692,2.49094,2.5178,3.43788,4.07871,4.76796,3.89858
