10
4.95451,1.61443,4.04899,2.64622,5.92796,3.99573,4.44895,5.52477,1.81893,3.29489
3.22108,4.73966,4.49439,4.9183,2.93534,3.81082,4.56876,4.02081,2.67377,5.79397
3.56488,2.9156,6.09723,3.84612,4.29655,5.12529,5.82083,4.42342,4.18104,3.32753
0.980543,3.5218,3.81667,3.05057,4.41098,3.07602,3.86568,4.48848,5.57224,3.34881
3.98343,3.75153,4.83493,3.96996,4.23162,5.91069,4.25361,7.94197,4.9496,4.029
5.47624,3.66889,4.97988,3.5674,4.79962,3.44656,5.06082,1.86587,4.17279,4.90266
3.74765,5.05717,4.32951,3.47912,2.93793,4.45241,2.06062,5.99481,1.52126,4.10286
4.22573,6.00534,3.33218,3.84463,2.66795,4.19402,4.43876,3.18064,4.57308,3.13435
4.62688,6.21016,4.30268,4.03653,4.44254,3.03303,5.7122,3.79426,4.18559,5.44347
4.93607,4.05569,4.61409,2.57597,4.28022,3.60899,4.632,5.15462,6.29182,2.75336
6.33056,3.23004,4.41132,4.97144,2.11569,4.17222,1.07029,4.92792,5.1129,4.06758
4.21358,2.90528,2.59681,5.96325,4.0363,2.72251,3.44196,2.79617,5.75507,6.28061
4.15105,5.46763,3.00886,3.85501,4.52014,3.03558,2.27159,5.86571,3.41734,3.77449
4.66852,3.45741,5.14383,4.91407,4.89886,4.13957,2.36912,3.17054,3.31666,4.70529
3.00332,4.18087,3.40662,2.24432,4.8503,4.58478,3.57751,4.75943,4.64246,4.6323
1.81119,5.33319,5.17926,3.66057,4.22223,3.25892,4.69283,4.89708,4.45865,3.61247
6.13553,3.07476,2.65005,5.13772,5.97726,4.0796,5.11461,3.99443,3.11059,4.17989
4.6373,4.81291,4.60455,4.53665,4.42901,5.89437,3.31856,5.68509,4.79523,3.25772
3.61224,4.6006,3.79539,2.66947,4.68387,5.00306,5.02999,6.38035,3.03228,3.51537
2.75293,3.9425,4.42907,3.19348,1.22588,4.07627,3.50289,3.30184,4.85215,4.42993
4.38859,3.70126,3.57549,2.66278,4.39885,2.6456,3.79582,3.68286,2.53378,4.08528
4.38445,2.61093,2.83776,4.06745,4.09098,4.47666,3.0391,3.61563,3.77704,3.07551
4.64521,4.16253,3.38029,3.84116,4.42655,4.2259,5.10385,4.30395,3.33386,4.75593
4.98506,3.77524,3.49019,3.87239,4.77921,4.25905,3.49411,3.35839,3.82118,4.88203
2.63851,4.54596,4.60354,4.54628,6.38751,2.43196,2.92141,5.26249,5.27582,4.66353
2.17503,4.03361,4.41987,2.74495,6.04499,3.72373,3.16363,4.8546,4.7096,4.04984
4.15331,4.92066,4.44396,4.16811,4.67546,4.39108,3.25881,2.77129,5.89997,4.55632
3.89033,3.15869,3.20566,3.40524,4.89378,3.94058,5.40947,3.14717,4.5425,5.01532
4.45341,3.56898,4.12597,6.28512,4.18611,3.51083,5.1013,5.42513,3.71015,3.33665
5.33767,3.92639,2.50831,5.33128,5.02752,4.67422,5.13937,4.38777,3.57136,3.34282
2.98867,3.36073,5.39799,3.7766,2.71494,5.84827,5.08954,3.55709,3.84502,3.515
2.65526,5.22341,4.08775,5.28301,5.2583,5.01503,4.98764,3.25838,4.2893,2.97548
3.18072,4.95345,4.31783,5.55998,2.60574,4.34352,4.18907,1.74424,3.8764,4.06352
4.24318,4.72331,5.31138,3.68204,3.55245,6.2323,4.05373,3.4388,4.97992,4.43692
2.81898,2.11038,3.41891,4.43789,3.4493,4.21916,4.45244,4.13744,3.46216,5.35263
5.28433,4.28288,5.05012,4.01663,3.64029,2.23751,3.09185,3.48828,4.69089,3.18264
4.48403,4.37947,3.63877,2.56267,2.77439,3.26787,3.43444,2.67776,2.85438,4.97933
4.47854,4.18502,4.68792,3.58345,4.46728,7.07226,3.76341,4.73652,3.80302,3.04806
3.04472,2.94118,2.52971,3.22471,3.05987,5.95466,4.09275,3.91139,4.74845,3.5333
3.94806,5.50536,4.68904,3.55845,3.70588,2.94279,3.12902,2.80843,2.67504,3.72209
3.90872,5.76517,4.53055,3.26921,5.28672,4.45302,3.68153,3.7692,4.32029,4.57845
3.14749,3.98084,5.69629,3.25019,3.65859,4.54802,4.29747,5.56911,4.19948,3.77254
4.59972,3.12229,3.53632,5.08561,3.7465,1.5873,3.28273,5.27805,3.40504,2.90081
3.12512,4.95726,3.14294,4.21839,3.63125,2.89911,4.2285,3.18087,3.97135,3.45909
4.03431,5.12418,3.63574,3.74719,4.59254,2.38228,3.65824,2.52797,3.46387,4.15784
4.0164,3.99545,2.97718,5.56337,4.36752,4.7141,2.9529,3.08957,3.12193,4.90862
3.77294,5.92613,3.92439,3.47643,4.15004,3.77706,3.8619,3.74919,3.21959,5.24031
3.28027,4.63471,3.05897,3.41532,4.80476,3.54404,6.02806,5.15924,3.5049,4.56335
1.45625,4.12176,2.40125,5.51699,4.25251,4.45739,4.97772,2.88526,3.11134,4.04663
5.3592,4.84141,3.87235,4.83568,2.631,3.91368,3.5516,3.70087,3.80555,3.77103
4.26576,3.76485,6.26455,4.71179,4.4645,3.9277,5.08192,4.42608,3.23524,3.63155
5.17423,3.40181,4.64211,4.0455,3.85889,4.74928,5.04349,4.45734,5.49188,5.58735
2.33134,4.57865,4.45761,3.38908,2.87301,3.3188,5.93084,5.66004,2.9382,4.95959
5.90355,3.97144,4.26483,2.95751,5.29955,4.00991,3.35499,2.81538,2.92278,3.72163
4.34575,5.79534,3.68285,3.92794,4.40673,2.78871,5.57015,5.93274,6.5224,4.81842
4.50086,4.78077,3.19821,4.42259,3.3714,3.70821,4.29267,4.65288,3.42383,2.08738
2.86216,4.28169,3.70125,4.21268,4.26709,5.01242,2.89544,3.72596,4.72063,2.04003
1.68265,3.20677,3.32954,4.78624,4.87579,4.41327,4.9924,5.16313,3.90707,3.71443
3.53514,2.84324,4.1461,2.1618,4.46853,5.09214,4.13699,4.32145,5.20688,3.50268
4.50996,4.36168,4.25997,4.13592,4.22672,5.28523,2.60111,4.12081,2.64822,5.38191
3.59304,4.15523,6.17391,1.74286,4.26458,2.5239,5.39516,4.75746,2.09654,4.38045
4.89679,3.40774,4.82552,5.18269,3.50823,5.29771,3.39859,6.77129,4.46494,4.07385
4.73163,2.90817,4.81612,4.99125,3.23855,2.92625,3.66164,2.55741,5.49383,3.85868
3.60203,4.5572,4.33832,5.42961,2.99032,3.64366,2.69138,2.27995,3.53766,5.86816
3.91869,4.11995,4.26978,3.72927,3.63805,4.55083,3.93163,3.93356,4.45454,3.98929
5.0381,4.07247,5.26551,5.22996,5.75008,3.23276,4.38525,4.76424,4.20919,5.109
4.91702,4.56738,5.6805,3.61932,4.40985,3.96124,4.6639,4.99462,3.74949,3.08844
3.3018,4.52204,3.70136,5.25883,2.86448,2.78029,3.36096,3.71796,4.64007,3.42079
3.62769,4.00178,5.56197,4.96794,3.8846,5.24185,4.08187,4.14349,3.91505,5.55706
2.99332,4.96832,4.10599,2.66246,2.46032,4.62169,2.19262,3.30394,3.97083,5.13783
6.19964,3.0238,4.80574,3.94389,4.70562,4.97255,5.44039,4.54274,3.80657,4.5577
2.83354,4.57254,4.26946,3.71185,3.67755,2.73933,4.08826,3.6975,5.92779,3.39268
5.04191,3.56196,3.44615,3.94389,4.6743,3.91749,4.36922,4.40969,4.33713,4.2027
3.76026,3.37952,3.92031,4.80192,5.04012,3.01729,1.48609,3.3494,3.90916,2.77026
3.81136,4.78954,3.31938,3.38799,5.52561,4.26869,3.73893,2.09038,3.60182,4.19143
3.26728,2.69685,4.55979,2.59709,4.81911,4.06313,4.53583,3.58174,4.22946,5.50922
4.00667,3.94316,6.03154,3.16608,4.99143,4.55631,2.8129,3.72442,3.83882,3.77868
2.85841,4.26855,3.73535,3.94496,4.69846,4.01764,4.6129,4.71753,3.11171,2.66612
2.95045,4.98093,1.89708,4.20578,3.34864,3.01217,4.50223,3.45964,4.17314,5.7289
5.54749,4.83444,4.08033,4.54466,5.73248,3.55046,4.69468,3.47073,3.30404,6.65167
3.70347,2.33935,2.93277,4.98135,4.93586,4.51563,2.08533,5.03582,3.68374,4.51009
5.17934,6.59402,4.59855,2.89186,5.66497,3.37014,3.90809,3.49512,3.9396,2.48032
4.85512,3.06024,4.51936,5.5111,2.9655,3.40297,5.51665,3.71503,4.95987,2.6134
3.65706,4.4926,3.63263,3.94534,4.8562,3.96244,5.02243,5.84749,3.84892,1.66055
4.47042,4.59999,3.09051,3.45845,3.35123,2.60721,5.59381,2.93523,4.30685,5.2016
4.21773,4.7432,6.17576,4.91027,3.2657,3.39687,5.31191,2.5212,2.13247,4.95077
4.73251,2.64282,2.97379,3.4997,5.12539,5.33104,2.67509,4.11692,4.59457,2.34994
5.35843,3.66269,3.22344,4.2493,2.70501,3.83096,6.74773,3.46709,3.64225,3.85878
4.25259,4.25968,4.18108,5.98201,3.29191,4.42305,4.88809,6.69764,3.85789,3.37357
3.24398,1.73566,1.94912,2.69674,4.5099,5.74694,5.14939,2.07587,4.60649,3.30131
3.72441,3.12495,2.46914,4.86408,4.1982,3.88236,5.08625,1.69565,5.11649,3.45886
3.7271,4.20509,4.90164,4.67139,3.66352,3.70295,4.31319,4.58541,4.40701,4.10507
3.732,3.2885,3.80634,3.96824,4.01703,5.26966,3.90561,3.83105,2.66769,5.66799
6.47694,4.76535,4.29754,5.8011,3.29626,3.63172,4.99686,5.00835,4.15564,3.42989
2.79441,4.11252,3.16091,5.49688,4.32326,2.19583,3.75929,3.69962,4.50479,2.9855
3.37165,6.90648,2.74118,4.40116,3.44345,4.94075,3.47196,4.23549,3.63619,4.25595
3.3324,3.91194,5.47891,3.24992,5.12327,4.84636,5.2164,3.74303,3.75389,5.2685
4.08601,3.95001,3.3886,4.41388,3.3793,4.48469,4.51771,5.18279,5.31654,5.28997
2.2338,3.70107,2.98727,2.89353,4.71842,2.69351,3.50723,5.54986,3.52424,5.84042
3.73839,3.73949,3.47164,3.41469,4.55087,5.05368,4.58353,5.00707,3.53913,5.01169
4.88783,6.45664,4.10889,4.23346,5.6846,5.57705,3.43829,6.60054,4.22608,3.82715
3.8156,2.79327,4.13028,5.23845,5.49436,5.0417,3.87473,3.89762,1.5511,4.1284
3.92259,3.59128,4.43392,3.92585,3.83997,5.14409,4.36412,3.58253,4.18607,4.67573
2.67661,4.81683,3.38239,4.93103,4.53142,3.62408,5.15592,6.32847,5.0625,3.09657
3.45407,3.24323,3.92266,5.31248,6.1536,3.96556,1.50053,4.70509,5.11277,2.1091
3.26967,2.63588,4.40249,4.15209,4.87516,6.08012,5.04643,3.51715,4.91982,3.96395
4.81914,5.54994,5.8349,4.64751,6.60977,3.8269,3.94515,3.79583,4.48724,3.27198
5.22749,2.52877,6.23669,2.20874,3.94806,4.53645,5.13884,4.60146,5.1082,3.01074
5.61724,2.47332,5.08197,3.76902,5.2862,4.39733,3.28662,4.97614,5.37186,3.77481
2.27016,4.87597,3.91841,2.73968,3.5211,3.80892,5.12455,4.20151,2.78103,2.21208
2.25439,3.72723,4.1747,3.86554,3.54041,4.03026,3.86282,4.20134,4.4959,3.44824
3.12642,3.00187,5.76494,3.91062,4.41593,4.73581,6.2834,4.4144,5.47567,5.45894
3.478,3.6434,4.415,4.46729,4.71414,3.66614,6.23636,5.01761,3.15135,4.84403
4.99615,3.82194,3.58718,2.54455,3.00666,4.07178,4.58034,4.24814,3.73432,4.51373
4.58725,5.04609,4.87924,2.99385,3.36865,3.30566,2.59713,4.92005,3.78694,5.14372
2.20651,4.53763,4.78635,4.06096,4.02366,4.03667,4.77722,2.77965,2.68845,5.43776
3.4531,4.50959,5.08826,2.91602,5.60726,3.9612,3.85276,4.27965,3.73896,4.30139
4.97783,1.86013,3.56043,5.41132,3.88019,3.81436,3.81717,4.74799,5.99721,2.73753
4.89176,3.59891,5.13976,2.75483,3.91068,5.10526,4.04813,5.99254,1.54723,4.34842
5.9396,3.48638,5.55198,2.99937,5.84468,4.78756,5.82273,5.25696,4.8337,4.38543
3.13354,4.42896,2.91699,3.75344,5.56008,2.72841,4.33043,2.51082,4.99329,4.64248
3.37017,5.48656,3.74712,4.94162,3.14462,3.53739,2.85754,4.00382,3.19462,2.76999
3.74363,4.16496,2.34487,4.88691,5.1887,4.69609,4.48374,2.35493,4.33068,4.75336
4.66958,4.64647,5.1759,4.05707,3.80858,3.97634,3.92353,4.9116,3.73548,4.20608
3.51154,3.68443,4.58947,6.46152,4.08629,2.57657,4.99614,1.40525,3.44377,5.09658
4.56565,4.05288,2.1824,5.21065,4.62666,5.8525,4.72172,3.60689,4.73782,3.30643
1.93805,5.84403,4.36037,3.03469,4.03072,4.21802,6.05092,4.26934,4.54196,3.85805
4.10779,4.54396,3.69093,4.48086,5.14395,3.1399,4.09995,4.6048,3.25635,2.30431
3.9413,3.98933,4.57096,3.07018,1.79212,3.85959,4.22038,1.53778,3.49615,4.46231
4.42348,4.59203,4.49432,4.76563,3.16974,3.41338,5.01554,5.79139,4.37814,5.11963
2.95939,4.8859,2.51649,4.06591,3.63216,2.25409,3.98854,3.7602,4.46216,6.4129
3.19521,4.16454,3.82308,4.867,4.5837,2.1819,6.65433,5.31681,3.82474,3.94799
4.2166,4.05585,4.42455,3.78829,2.27903,5.2387,3.00634,3.79366,3.63188,4.00854
3.03269,4.36975,6.05771,4.95546,4.01092,4.47339,3.48564,5.03547,2.43839,4.86368
1.94885,3.38,3.29794,4.89505,4.2825,2.14622,1.68948,2.63942,3.66555,4.2202
7.15144,3.14434,2.84814,4.63513,4.85241,3.30569,3.38489,2.5456,2.68745,3.61848
3.43001,5.00716,3.56188,3.10035,3.78527,5.36445,4.75265,5.11496,4.06222,3.25382
3.95098,4.01116,3.95069,2.76154,2.53962,3.45618,2.9756,3.06965,3.73359,2.30284
2.67646,2.62386,2.90877,3.54216,2.0445,3.84529,5.51847,5.33617,3.60981,4.49604
3.51681,5.45026,4.13002,3.17974,4.10837,3.49143,4.66093,3.89434,3.96205,4.1151
5.10383,4.73211,1.99499,4.86016,3.76069,1.83692,5.44397,4.35444,3.59735,4.48837
3.91808,3.8357,4.13005,3.25817,4.86365,3.74955,3.1693,4.61519,4.60094,5.11134
5.42879,2.47677,5.50772,2.63464,4.16134,5.60123,2.75905,3.13153,5.85545,4.41035
3.9026,3.59,3.00794,4.95311,5.55043,4.4351,2.98817,3.92969,4.41365,5.07696
4.05016,3.62969,5.5796,4.18401,5.78914,3.69896,3.67189,4.60001,4.0183,6.1202
4.03841,4.97475,3.47852,3.79019,2.91024,3.64152,3.57375,4.87947,3.33777,2.71296
3.81066,4.61127,3.22837,4.34113,3.19155,4.51278,2.9929,4.08664,4.36532,3.90553
3.83877,2.77151,3.30803,4.64764,4.87041,3.75176,5.24189,5.23784,4.19628,1.37514
4.45401,3.52226,4.52991,5.67286,4.66759,4.48194,4.64757,3.8048,3.84478,4.58224
5.46512,3.43801,4.51359,4.44614,2.24921,4.23384,4.59056,4.09654,3.51562,3.76108
4.5278,4.8071,3.50739,4.42786,4.85277,3.84147,4.7121,4.92812,5.3789,5.15895
6.04,3.28158,3.75667,5.62139,5.06752,4.96329,4.3856,3.65288,3.36826,4.82895
4.76348,3.54394,3.33076,1.10006,4.2335,1.98491,4.60424,5.14274,3.06483,2.76499
4.47982,3.36625,5.11932,2.97881,5.59256,4.89058,3.08375,3.1022,4.46069,3.50698
5.20396,3.48098,4.03271,3.40518,4.22577,6.58983,4.78826,3.37424,3.38021,3.07521
3.1423,4.17263,4.69069,4.43658,4.24407,4.84595,5.14968,3.3125,4.47217,3.61393
4.96011,1.64488,4.59691,3.84552,4.03625,4.53264,4.15083,3.61504,2.34294,4.86957
2.9558,4.87526,5.02292,4.82003,4.84014,5.11716,3.05806,4.26247,5.15027,2.67714
5.23596,5.49788,5.52306,4.40961,3.93832,3.13674,4.17412,4.53621,4.51741,2.88083
3.46008,3.40604,2.07539,5.00658,3.31534,4.35224,4.68502,3.58733,3.41727,5.04555
6.32344,3.69223,4.53102,4.56741,3.47698,3.40304,2.94083,4.0237,5.23274,4.28931
2.56413,4.68158,3.89812,2.50661,3.72637,2.5086,2.48289,4.58417,3.82792,5.22088
5.61992,3.43594,1.59699,4.77565,5.22483,2.7162,4.36727,7.60433,5.01679,5.18589
4.32262,3.01044,5.29006,2.32341,2.89886,4.74771,3.40024,3.42602,6.25118,4.30242
3.82126,4.26461,4.64615,5.10275,4.92443,3.2683,3.56731,4.026,4.86475,5.39639
4.23804,2.92194,5.50979,4.5515,3.72094,2.39785,4.55973,4.78551,3.95434,4.62672
3.10873,2.93974,4.72226,3.76616,3.70671,2.21819,4.56727,4.07871,3.64524,4.39926
4.25719,3.14022,4.0549,3.6762,3.5376,4.94811,5.19408,3.60061,5.10681,2.85525
3.28595,4.45142,2.86051,3.37505,3.44106,2.52069,2.88258,4.30556,4.26526,3.28577
4.72116,1.94439,3.81746,3.10712,4.04576,5.33657,3.09561,5.1528,4.08208,5.13665
2.32439,3.48036,5.07898,3.99823,3.69435,3.28809,2.59695,2.31984,4.85842,3.08912
2.99077,3.88943,3.1785,5.13472,4.55796,4.05785,2.72311,4.39852,5.52729,3.5185
5.49646,4.83761,3.11565,4.24557,2.27912,3.57246,3.33633,3.03289,2.37956,3.16985
4.53388,3.77618,4.02813,3.65598,4.20413,4.06604,5.03406,5.30528,3.7352,4.93955
5.98073,4.11782,2.06699,2.68729,3.30853,5.44879,5.3564,4.99399,5.22642,4.32495
4.12895,4.36829,3.78292,4.42931,4.16381,3.14438,4.68398,5.78723,1.55413,4.47711
4.73926,3.90508,2.50244,3.72321,2.90958,4.49043,2.32813,2.22589,2.33211,2.47743
5.60155,3.01421,4.66534,4.28252,5.69196,4.3689,1.74,4.25109,4.54551,4.55853
5.54603,3.79596,4.665,5.34414,2.74284,4.09838,3.70834,4.31345,5.12045,3.31797
4.34056,4.83059,1.28646,3.79882,5.03316,3.71506,4.70258,4.3625,4.80346,4.78989
3.38219,4.22527,5.16155,5.67268,3.98696,4.0167,4.57659,4.25502,2.39757,4.05205
3.70895,3.15957,4.78774,4.30573,4.23767,2.97884,5.14967,5.37068,4.31446,3.59245
3.67518,4.0492,4.33617,5.55484,3.14743,3.43268,2.93844,4.2441,3.61804,4.56437
4.12058,2.7042,2.63069,5.1309,4.37984,2.93127,2.68693,3.40422,5.40221,2.41525
4.3311,3.82526,3.25125,2.95237,2.56567,4.0356,4.66636,2.7279,5.09559,3.32619
4.40001,2.43946,2.24144,5.62321,3.68283,5.04878,5.09011,2.18493,3.59962,2.36909
4.71626,4.19352,4.0359,4.40695,3.53096,5.46161,1.37188,2.7218,3.54381,4.04089
3.56175,4.57404,4.1581,3.9679,3.3723,5.04765,3.84578,5.13915,3.38769,3.11511
5.17076,2.88579,3.98111,2.77577,2.51083,2.42762,4.25284,4.28478,1.10457,4.34994
3.04433,1.32336,4.55792,3.97548,3.89639,3.71639,3.47403,3.533,4.77893,6.03359
2.49126,4.60248,5.38992,3.75193,3.65028,4.18985,3.45917,3.46836,3.32127,3.09811
4.65391,3.32506,2.53512,4.82844,4.21053,1.49052,4.82797,4.30409,3.80844,3.99019
4.64287,3.92648,2.553,4.92293,4.55913,4.94045,4.37151,3.69706,5.09213,3.89511
2.7554,4.09193,5.11373,3.99932,2.3258,4.20855,3.74482,2.06468,3.48346,6.39045
1.77702,3.25181,4.51487,3.23191,4.24441,4.52366,3.05149,4.45036,5.89194,1.85662
3.73693,5.4608,5.30495,4.05704,3.39973,2.59838,3.50588,3.68426,2.80354,4.38873
2.42734,2.71527,2.23083,4.34141,2.70958,3.17401,2.43446,4.55271,3.05814,3.17294
2.76334,5.37549,3.95074,4.28892,3.2182,4.91348,5.69943,0.464019,3.82394,4.20877
3.29112,4.57611,4.60102,2.43563,5.52176,1.94307,4.37179,3.72444,3.88291,3.55634
4.17655,3.68695,3.8313,2.72459,3.07611,3.76954,5.40409,3.58984,4.78898,2.54938
2.48124,5.45462,4.34546,3.14801,2.80733,4.13006,4.11171,5.91743,3.45013,4.22397
4.63327,4.82711,4.10234,3.9016,4.1017,3.04967,5.01396,5.36897,3.95345,4.04712
3.93688,2.5733,4.97057,4.73638,2.77364,4.36218,3.5667,4.47169,5.27102,4.80264
5.73471,3.58065,1.69869,5.19611,2.25424,4.86114,2.95474,3.32824,3.59765,3.54701
3.88209,2.76448,3.50931,3.9082,4.77159,3.77949,4.22081,2.79045,3.2785,5.36685
4.56721,4.14766,4.2785,3.16826,3.92063,4.71428,4.02783,4.00525,4.16604,3.57849
5.27038,5.04917,4.60412,3.02754,3.58237,2.48244,6.03843,4.99532,5.36017,2.43679
3.84261,3.79413,5.16167,4.26688,4.05554,4.49077,5.27673,4.14065,1.80668,5.38721
3.59996,2.87089,5.37839,2.84743,4.13993,6.44957,3.82007,2.1918,5.64524,4.14801
6.01286,2.76745,3.94919,2.72914,4.96449,2.64217,5.31255,3.81857,2.68023,4.4852
4.90922,2.04215,4.52318,4.71887,4.32962,4.5108,3.80928,3.15965,5.57967,2.61576
4.27332,5.6779,3.4785,3.54516,3.25072,5.00756,3.64999,3.41412,6.28629,2.79083
3.13108,3.96975,4.09695,4.36878,3.1557,3.59275,3.42093,1.46113,4.10242,3.99428
3.31442,3.38509,4.67606,3.46121,5.55286,3.87917,3.77077,4.4227,3.60116,2.76395
2.77381,5.04123,3.40292,4.97562,5.99876,3.62187,4.48131,3.78814,2.94699,2.57127
4.62595,3.83301,4.83502,3.66986,3.19299,4.31133,5.45609,5.01674,5.59911,2.99746
4.1642,3.86886,5.33907,3.29745,4.56831,3.34836,3.79726,4.78623,4.69884,2.48012
5.79149,4.40626,4.32453,3.08232,4.23335,4.33639,2.39782,4.39452,4.30225,3.65149
3.82575,4.70832,4.57007,4.64396,2.77174,3.04137,5.75825,4.52659,3.77734,3.5718
3.46435,4.38224,1.28553,5.3466,5.4346,5.27034,4.35825,3.97603,4.23219,4.90928
4.11032,3.97833,5.2438,2.24826,4.23705,4.27096,4.43853,3.69941,4.27714,4.15254
3.45913,4.98619,3.4193,4.88281,4.9282,4.70694,5.86271,4.44485,3.47457,4.50288
4.5604,3.03886,6.30039,2.69255,2.7016,4.21297,3.83552,3.95118,2.41577,4.14446
3.52514,3.73184,5.14391,4.39994,3.11696,5.00819,2.36446,4.23978,3.65398,4.88775
4.78142,3.76777,2.7778,5.38302,3.94205,4.19762,2.33126,4.23601,2.60949,3.54527
5.99483,5.23547,4.72843,2.83831,4.6481,3.36163,2.32218,1.58425,4.2676,2.34034
3.16303,3.30673,4.83624,4.99726,4.62659,3.04348,5.283,3.56996,1.38823,2.61313
4.55307,4.2769,3.91946,1.69503,5.08512,4.7884,2.52174,5.20787,3.1935,3.5094
2.9173,4.65677,2.44345,4.06264,4.41189,2.83275,3.6025,3.59023,2.56259,4.98108
3.6877,3.83323,6.12292,4.33358,4.28019,5.08964,4.41039,7.81414,4.14473,4.04893
4.27709,3.98087,3.07963,4.58204,3.62932,4.41968,5.10918,3.72222,2.14074,4.53315
6.21934,4.03824,4.5472,1.80384,2.52453,4.55612,4.27719,3.86714,4.86802,4.68764
3.20515,5.59171,2.90203,4.62768,6.34457,5.66894,2.9115,3.15606,3.4451,3.55937
3.27442,4.57318,3.41346,4.90759,3.24629,4.4971,6.65544,4.03072,3.77067,2.96539
4.17355,6.97377,5.51021,4.21243,3.89142,3.22161,3.50705,3.95174,5.22435,4.72401
5.09051,3.27947,4.50191,4.33213,4.97177,4.56593,3.75825,1.26296,4.50238,6.80222
2.61161,3.6311,3.51239,3.63245,5.51562,3.40741,5.17729,5.55054,4.64251,1.9023
3.2014,4.39237,3.03541,3.97306,5.19518,4.59186,4.12053,4.08989,4.18188,3.80627
4.04323,5.76631,3.90404,4.91166,3.43435,3.76128,3.46405,2.57498,4.12769,4.05366
3.04577,5.13814,2.50677,3.52827,3.26577,4.06468,3.94859,5.25575,4.21502,5.18312
4.86077,3.23695,3.80077,4.60162,2.37213,5.6089,3.76373,3.44137,4.84529,4.47317
3.50278,3.82505,2.64648,4.8154,2.28917,4.992,6.96168,3.12079,5.60249,3.29897
4.67511,4.31417,6.0007,2.45974,5.25203,4.60044,5.2704,4.70195,5.21058,5.47486
1.76686,4.49837,4.13224,3.86282,5.07581,4.28921,2.38487,3.77591,4.76432,3.41556
4.74726,3.79793,3.54453,3.11226,3.91123,5.06775,4.34958,4.31482,3.83718,3.8319
3.31105,2.48951,3.6927,4.26126,3.66603,5.66807,3.19164,3.04085,4.80142,3.03251
2.83025,4.31404,4.16434,4.25585,2.39135,4.17358,2.33042,4.29008,5.92707,2.77581
2.72058,5.05448,3.95088,3.13305,2.83263,4.10115,2.77736,3.22362,3.60432,1.88355
2.80893,4.06742,2.67083,3.62248,5.22819,4.16597,4.14063,3.92318,2.12335,4.5503
4.13169,4.81188,2.91609,5.88541,4.42603,3.76747,3.3739,3.78825,3.73886,6.53789
2.29814,4.82054,4.11045,4.24135,2.20977,5.58766,5.76862,6.36553,4.02466,2.99629
4.6514,2.79655,4.45455,2.47315,3.13822,2.9082,3.66453,4.43254,5.60112,4.25836
4.0557,2.64499,2.83362,3.99194,3.6809,4.30335,1.13009,6.11988,5.58917,2.52329
3.67013,3.13384,3.52239,3.32727,5.18132,3.22752,3.02697,4.86321,5.43951,3.09892
5.06192,3.35225,3.446,4.63339,3.61184,4.05178,4.45195,4.20519,4.00749,3.92074
3.20396,1.69153,1.89176,5.09224,4.28207,3.02129,4.70357,4.34515,4.76224,5.9616
2.77165,4.68758,3.77501,2.26222,4.28067,3.90311,3.28583,1.58876,4.36674,3.12629
4.20144,3.51432,3.48718,3.51289,3.3782,4.15245,4.46882,4.94517,3.63411,2.21557
4.05391,2.8444,2.82441,4.64349,4.76308,3.79351,2.48642,3.50127,2.63185,4.68412
4.74542,1.87568,2.86694,5.29329,4.61948,3.60674,2.61606,3.01469,6.3234,3.65489
4.65182,4.20117,5.56625,4.18363,3.61037,3.84564,4.54842,2.33934,3.20461,3.59678
3.22941,1.76883,4.26226,4.19192,3.3155,3.39193,3.93336,3.34772,2.36809,1.55087
4.97707,4.58262,4.66038,4.24183,4.64105,2.99959,3.0883,4.19343,4.17097,2.66151
4.94209,3.09554,4.0585,4.7993,3.16754,4.48523,2.46442,2.67252,4.03256,3.21555
4.72304,4.8389,4.45765,3.23406,5.4559,6.41502,4.46637,2.49083,3.57276,5.36774
3.77708,4.43908,4.7825,3.62779,7.01308,1.97745,3.8971,4.48805,2.70025,4.66643
4.26544,2.49162,3.06296,3.7483,3.16822,3.8366,3.2322,4.14861,4.3498,5.52173
4.78883,3.80795,4.36206,3.98187,4.52168,4.51716,4.85808,6.74853,4.10367,4.21001
4.59559,3.07166,3.3311,3.87712,2.3762,4.93107,2.86991,4.67942,4.65281,4.79965
4.48863,2.61168,5.40126,5.10736,4.25398,4.62292,4.03464,3.09136,3.27353,3.12511
3.92551,6.1473,5.23561,4.20514,1.33923,3.55003,4.12092,3.70655,3.837,3.5375
3.41052,4.17661,5.25571,3.57428,2.20989,3.68851,4.03891,5.18916,3.75445,3.86829
3.61634,3.78375,3.47758,4.14409,2.77146,4.00178,3.61888,4.07441,6.67629,3.76625
4.59945,3.82933,3.98709,4.25704,3.94567,4.964,3.63791,5.20958,2.33803,6.2453
3.765,3.8006,4.48994,5.40699,4.97296,4.02714,4.40556,1.78296,3.3775,3.73437
2.45481,2.45395,3.41654,4.99474,3.52445,6.15991,3.99869,6.29676,4.86464,3.61099
3.77893,6.352,4.46692,4.08046,4.63411,3.19336,3.72639,4.59555,2.43069,4.34681
4.54681,4.25713,2.53275,3.77522,4.6892,4.23272,4.05326,3.97149,2.32236,5.22673
5.84821,3.79636,4.79813,5.71176,4.06307,4.80089,2.64933,3.6057,5.11622,3.63481
5.49147,3.9065,4.51476,3.5452,3.87031,5.01643,3.49812,3.51464,2.50448,4.43361
3.84156,3.53472,4.98883,3.03608,5.17707,3.6854,1.89,4.40074,3.94845,4.50172
2.38019,5.05403,2.88141,5.24665,2.92575,5.52369,3.21014,3.54726,5.32195,3.62069
4.32428,5.35531,3.37401,2.58206,4.27414,4.55037,2.99323,2.77295,3.55255,3.94585
4.47868,2.74736,3.63717,5.57471,4.93329,3.99414,1.32677,3.08496,3.10799,4.14668
2.91603,4.47991,2.60265,3.30209,4.73401,5.09297,3.72622,2.61894,5.80953,3.77616
4.18644,3.24038,5.68606,3.88048,2.68538,4.55838,3.51903,3.58727,2.37478,5.43883
4.58525,6.22668,3.51832,4.57542,2.99186,4.11457,5.1195,4.71053,3.15601,3.08954
4.60151,4.58375,3.87699,6.89864,3.51824,4.65596,4.21464,5.39127,3.92239,3.6488
5.29621,4.27318,5.25115,2.67563,4.17651,3.07387,2.74899,4.58461,3.61797,5.88549
4.27902,3.94562,4.15993,4.8132,4.96546,4.16294,4.60899,4.67875,4.63938,3.70586
1.34422,3.12369,2.51923,4.80293,2.44758,4.21143,4.55692,3.22823,3.14215,4.05227
4.75236,5.59291,4.58968,4.01834,4.83845,2.62813,4.80617,3.82894,3.45858,3.35166
4.72085,2.99447,3.5568,5.04221,4.60337,5.81709,1.76233,5.98551,4.13314,2.65154
4.48932,1.12948,3.74233,3.23714,5.86493,4.23964,2.82219,5.30337,4.30992,4.58135
3.04977,2.76618,5.80796,4.07259,3.4655,3.2326,3.80308,3.20165,5.42037,2.49487
2.74319,3.67591,4.45049,4.64269,3.93159,4.42746,2.51204,4.96849,3.71292,3.72308
5.05334,5.15041,3.10189,3.92626,4.41518,5.32094,3.13878,2.50705,4.15799,2.92358
6.38402,5.16386,3.7211,3.97122,3.17303,4.92317,3.02603,5.17139,5.11917,4.86864
3.63789,3.82274,4.21477,4.17938,4.24428,4.07322,3.56726,4.92126,4.97413,3.72467
2.54123,3.04145,4.05734,3.76987,3.37743,3.51853,3.11052,2.69961,4.23946,3.37545
3.8587,5.25805,5.67402,4.08668,5.27211,3.72473,3.67931,3.37253,4.17135,4.7038
4.35849,6.31585,4.4539,3.21986,4.17249,3.92841,4.46743,6.0291,2.50803,4.31144
2.21402,3.67768,3.8249,4.28097,4.46993,2.8769,3.91319,3.5392,4.94642,5.82285
3.74939,2.72314,4.81606,4.49166,5.48442,5.84772,5.81626,3.23666,3.62906,3.60437
3.04283,3.71987,1.79389,4.1982,4.30305,2.21112,4.70306,3.67134,2.50121,4.10358
2.24741,3.33232,3.98027,3.784,3.64893,4.14752,3.58746,1.80493,5.02648,4.16727
1.609,4.03899,3.77909,4.71229,5.08991,3.49591,3.53344,2.58841,5.03559,3.28139
3.54099,4.13914,3.89767,2.21314,3.9146,3.31508,2.69573,3.49043,4.92936,2.61269
1.62294,4.49366,3.89569,2.97407,4.74494,5.6681,3.84396,4.2319,4.62956,5.00365
4.82174,6.39755,4.62033,4.22883,4.85288,4.01601,5.60378,3.22177,5.31105,3.78413
5.40498,3.73581,4.17851,3.97714,1.86961,2.60781,4.75607,3.03345,5.44073,3.02109
5.82762,4.26283,4.33182,4.05532,3.65537,5.16343,3.88146,4.38215,4.89319,4.10466
2.79697,4.7351,3.12209,2.46591,5.43365,3.71526,4.689,2.38851,5.08584,3.40164
2.79741,3.68684,3.71935,3.81634,4.30884,4.10907,4.66599,2.00808,4.15425,3.71259
4.20886,4.23826,3.36448,5.4028,4.79051,4.61634,4.22239,3.84059,3.05039,1.47957
5.04917,3.5415,3.13765,3.22114,3.49623,2.92913,3.8043,4.35466,4.44963,4.4696
2.27103,3.99004,3.66396,5.69106,5.26746,2.96831,5.18003,1.71172,3.9414,5.05998
4.95146,3.59856,4.08809,1.64621,3.20888,3.19817,4.09743,4.2743,1.78506,4.04811
2.51232,4.47353,5.13148,3.4559,3.50315,5.06373,3.48494,5.53111,2.43418,4.06991
3.51682,4.60442,3.05603,3.83036,3.44101,5.861,2.91677,3.98346,3.88394,2.07519
3.81064,4.45493,0.391142,2.22059,2.55321,3.33245,3.74594,6.29631,3.25462,4.85668
4.39498,3.54788,5.3368,2.99406,4.01234,5.44193,4.93504,5.0298,4.03739,3.71409
2.94182,4.88976,3.49705,4.78488,6.80655,2.57425,5.6242,4.51761,2.25215,4.34285
4.33559,4.01747,3.57993,2.03038,2.52498,3.16898,4.94939,4.84929,3.40344,3.14149
5.64897,5.84666,3.39579,4.04937,3.85638,3.1742,4.32683,5.2577,4.71293,4.48548
4.72643,4.4309,4.34843,4.24688,4.32389,3.59947,4.06316,3.87288,3.41891,3.15998
4.80877,2.31663,4.74999,3.44457,2.30169,4.22651,4.64262,4.07083,6.72944,3.44959
4.48979,3.22689,3.47455,2.24856,4.14768,4.65029,4.69615,4.39903,3.9743,5.69884
2.98798,3.81934,3.97519,3.29755,4.7435,3.96738,4.99765,3.62861,3.98826,4.21255
5.12425,4.30052,4.52954,4.53391,3.1063,4.51517,3.89548,2.88689,2.96515,5.14401
4.98496,4.60719,3.17374,4.60785,5.01367,3.44913,4.7443,3.14063,4.17352,5.18465
3.76745,4.57306,4.2178,3.17833,3.40951,4.80094,6.12639,4.4962,3.59552,3.60935
2.90377,6.03347,3.37015,4.95319,5.92001,4.02744,3.53276,3.07056,2.63875,3.72553
2.97848,2.29194,2.95235,3.2753,3.83373,4.54,6.10919,3.93279,4.74628,4.21393
4.33668,3.71789,1.68455,4.4336,3.56417,3.48336,5.09933,5.9175,3.41785,3.82138
3.35543,5.1626,2.737,6.3787,4.27043,3.81322,3.79868,3.64018,4.58954,4.52026
3.55613,5.08487,4.76875,4.8277,3.73733,4.56364,5.35817,4.09487,2.95852,4.01117
4.90584,3.40497,2.54632,4.3174,4.76616,4.98792,2.95907,2.55605,4.48692,4.1576
2.78526,5.09705,3.63985,2.68831,3.86625,3.39239,3.4706,3.64826,5.69412,4.71832
4.21483,2.88055,5.02313,3.83208,3.90095,3.89688,5.23972,4.16064,4.02798,5.3482
6.02071,4.72826,4.46732,4.82678,2.95733,4.44321,3.42162,3.53904,3.68151,3.92308
2.76226,2.18613,3.55688,2.98452,3.44455,4.66467,5.6813,3.62517,3.09298,3.96937
4.62027,4.99483,5.38774,2.92321,4.97923,2.87123,3.74375,5.38066,2.55691,2.52101
4.86143,3.99808,3.98424,5.83498,2.79577,4.05025,2.45111,5.32363,3.70914,5.7655
4.71719,2.95612,4.36851,2.26373,5.09582,4.92486,2.79745,1.99288,3.95107,5.16416
4.28901,4.4742,3.34062,3.99013,2.64404,4.64657,2.60335,3.70974,3.89724,4.01562
3.10248,4.13822,5.24125,2.97047,4.86775,2.929,5.09386,4.76404,3.03808,4.55047
3.30059,3.33487,5.46579,4.97178,5.39924,4.34964,2.72881,4.91248,3.81729,3.97753
4.45929,5.20991,2.29064,2.968,4.80169,3.374,3.84659,6.02626,5.05315,3.53449
4.88962,3.33892,5.44245,3.8563,4.88455,3.70924,4.49515,2.01086,2.74115,3.90462
3.53457,2.41249,3.17406,4.94748,3.84733,3.65649,5.38997,6.97027,3.50321,3.93266
5.84611,3.7755,5.65602,2.59764,5.42066,5.45736,4.10004,5.24324,4.6543,2.85673
1.96286,6.48399,4.29111,4.76219,4.89547,5.72753,5.5627,3.69519,2.72143,3.91504
5.11623,3.19201,3.65632,4.69753,3.70984,3.59039,4.82425,3.97237,5.24821,4.00672
3.72153,4.25196,5.28956,2.86625,3.48667,3.48672,4.45251,2.60227,6.24721,3.68487
2.63634,4.70978,5.63759,3.91289,5.6882,1.80443,3.64421,3.61167,3.84907,2.44331
5.06977,4.5472,3.67112,4.15047,2.11163,2.88258,4.28847,4.29893,4.77612,3.84597
4.10578,1.65348,4.12678,3.86626,3.61292,1.85817,4.35818,5.19841,2.31752,3.22597
2.27788,3.65385,5.17851,4.82128,3.75962,3.75524,3.36241,4.09281,3.71482,3.62797
4.06558,3.51634,0.923106,3.08602,2.74443,2.76356,1.88896,4.84634,4.69341,1.89027
2.9966,4.95339,3.56432,3.81063,2.0393,4.42591,3.52293,3.14217,4.40715,4.74973
3.17514,3.81219,5.17701,3.22229,4.95449,4.64563,2.3035,2.84467,4.92376,2.55613
4.11744,5.02548,5.02972,3.83608,3.56211,3.97139,5.35974,4.16175,1.83987,3.80792
4.94083,2.96075,3.4451,3.06044,3.24454,4.89471,5.02754,3.76618,3.75057,3.50334
4.31826,4.8447,3.8234,6.14559,4.69221,3.84263,5.6337,5.35568,3.55746,3.2886
3.43148,4.12702,5.07185,4.71444,3.38992,3.31891,5.45687,3.48666,4.16633,1.97495
5.432,6.41887,4.40844,5.47928,3.08464,4.65021,4.61289,6.632,3.50735,3.3334
4.15175,3.86608,2.39539,4.90502,2.04392,4.44114,5.68241,2.71743,4.49024,3.74834
3.22167,3.08439,4.1411,4.14169,4.1852,3.49924,5.13996,4.12484,3.10487,3.73633
4.87601,4.07458,4.04661,3.04592,4.35278,4.94351,3.96658,3.64849,4.28793,4.46625
4.07418,3.77178,3.72131,3.77874,4.14926,3.59635,4.93944,3.60171,4.58479,6.39583
4.61072,4.31706,5.54677,3.18167,5.64546,3.63435,6.0135,5.35984,3.75824,4.71439
5.43199,4.54721,3.8697,2.48492,2.58924,5.4418,5.65911,3.45715,4.33805,2.86611
3.7581,4.88899,2.53034,4.10339,4.15435,3.11594,3.1567,4.64151,3.92017,3.9713
3.6066,5.59911,4.8438,4.95384,4.02123,4.7661,5.98676,3.9025,4.47295,4.77491
3.86108,5.54043,2.71621,4.1528,2.11909,3.6124,3.07639,5.37975,5.0997,4.98252
1.52069,4.47,2.26847,5.26893,3.27712,4.45578,3.86395,3.29134,3.25423,3.42544
2.92607,4.62234,3.03163,3.23798,5.06859,4.53606,3.92503,5.32537,2.64296,4.13922
5.03733,4.07327,2.49526,4.07496,5.89814,3.06364,4.32713,2.8834,4.95233,3.23756
3.77893,5.46017,4.81327,6.81518,4.97388,3.68163,3.37536,4.90518,4.35781,3.70527
2.17699,3.54573,3.34602,3.70808,4.97976,4.72366,3.92864,5.32659,3.36548,3.20971
1.69311,3.77713,4.76848,4.34526,4.25276,4.76711,4.40445,2.75506,3.53539,4.62954
3.48191,3.62714,3.63907,3.08911,3.63541,3.78859,5.51649,4.35378,3.02788,2.68039
2.96547,5.3434,3.81022,3.10358,2.58943,4.32491,4.38733,2.59029,3.86874,3.15836
4.66443,4.35256,3.70769,4.16661,3.24981,4.42715,3.8191,3.3918,4.09747,5.15126
2.96935,5.04216,3.07272,3.78407,3.11498,3.17233,3.83193,5.3292,4.45724,2.97386
3.28191,3.72806,4.90135,1.43564,4.18608,4.68865,3.73311,3.49651,3.9767,3.26671
4.87872,3.55495,2.62681,4.18434,3.30754,3.70571,3.79525,4.63466,2.86444,5.04717
3.77864,5.71118,3.21069,2.43032,2.43631,3.29479,5.27544,3.72188,3.86314,3.48032
3.68906,4.74036,2.64783,2.75012,4.30498,4.06976,3.48948,4.00165,3.7482,4.03659
4.38076,4.97819,3.34033,3.98493,4.84939,6.07868,2.76984,3.94416,3.61662,3.14459
2.88066,3.99915,2.96967,5.4487,4.7559,3.402,3.66434,3.25845,4.94411,4.01594
5.57298,3.06329,3.2848,5.81229,5.27798,3.82866,4.66044,3.55896,4.35473,2.87006
4.91765,4.58608,3.09115,6.2028,2.36608,4.17878,3.71839,4.21227,3.03773,4.50587
4.7158,3.71582,2.66993,5.30278,4.51394,4.53198,5.49953,3.25536,4.46198,3.42507
3.83581,4.1565,2.4517,5.50874,4.44235,3.0127,5.12744,3.31512,4.3346,4.40914
4.34548,3.49314,6.54553,4.1868,3.95589,2.53818,3.5259,4.18978,2.94864,3.04026
3.80158,4.83778,3.70045,5.32684,4.01589,1.55898,5.68956,4.23223,2.75722,5.83992
5.23696,4.07968,3.13162,3.32081,4.4984,2.69607,5.81878,3.68995,5.24395,5.44317
3.80344,2.88675,4.08347,4.56907,3.24247,4.2379,3.33629,4.06902,5.09282,3.9398
4.67902,3.08456,3.50454,3.87663,4.15726,4.35915,4.26985,4.32799,2.05902,4.70893
3.42232,3.66554,3.80338,4.50191,2.52609,4.09329,4.04492,3.51614,4.83898,5.07572
2.16707,4.58926,4.9812,4.90073,3.54441,4.57691,5.34936,3.28215,3.35257,3.30192
5.56441,3.53955,3.71733,2.84662,1.88918,4.69846,3.94906,3.33933,5.80935,4.03828
4.14789,2.67204,3.69992,4.60577,4.43869,6.76038,2.63522,3.3392,4.29435,4.28011
4.29463,4.78238,5.44855,3.61032,5.24214,3.39301,6.77961,4.44688,2.6862,2.67426
2.02669,3.01563,4.57526,3.60668,3.64413,4.69916,5.45305,6.05645,3.58668,2.95002
4.53272,4.36709,3.96897,3.61939,4.37474,1.52605,2.94509,4.16765,3.8794,3.94287
3.15246,4.47713,3.83733,4.63895,3.18016,4.36094,4.38862,2.66864,4.31404,2.97389
5.07584,2.22386,2.97918,4.20077,3.8775,3.73273,4.70675,4.83823,2.46395,3.61903
3.29852,3.62011,3.25572,3.47899,4.23352,5.63439,4.01712,5.94146,2.99335,2.73157
3.75341,4.66959,5.46673,4.7518,3.4019,3.83028,4.51273,2.27501,5.46821,2.99571
4.6223,4.19426,3.42798,2.01787,2.50911,5.9066,4.00735,4.56913,3.44718,3.80961
4.63566,3.07337,3.83401,3.43497,3.82464,4.98766,2.72531,3.27283,5.12059,5.04917
5.11693,3.15419,2.82959,2.66685,3.14182,5.47065,3.63144,2.19972,3.89732,2.82681
3.36124,3.52415,3.74654,3.46303,3.78063,3.82466,4.17653,4.26877,4.02598,4.1089
3.3735,4.6401,4.20428,5.01159,4.3194,4.41676,4.18625,3.24161,4.5301,4.65685
5.11091,4.55142,6.93809,3.62155,5.22043,3.3575,3.73583,3.63833,3.55001,3.55968
3.07615,5.88785,2.73536,4.70855,2.47406,4.48244,4.46307,5.77486,0.684308,3.14763
3.67751,3.03087,3.09508,4.09183,4.30635,2.43553,3.46311,2.64777,3.3288,5.0586
4.72091,1.97064,5.00254,6.24798,2.75275,4.94751,3.10889,2.24003,2.94044,4.47791
3.68398,4.78726,5.04716,3.57336,5.48973,3.26075,4.66414,4.0896,3.7016,2.45402
5.53667,4.93457,3.29656,3.8167,5.7887,5.08171,3.99062,4.1128,3.82374,4.51646
3.6516,2.16001,3.17865,2.73297,3.77582,4.56,2.57161,3.19326,3.495,3.16317
3.97043,3.48089,2.79861,4.78203,5.56511,2.84221,3.97651,5.17816,1.75245,4.02923
3.84781,5.88483,3.374,3.6454,4.60762,2.53569,3.4412,4.42571,3.67803,2.62251
4.25214,5.02455,4.24445,5.59354,4.22698,3.59233,4.93776,3.43963,3.64836,4.7502
5.44724,2.89802,4.28388,3.72677,4.81059,2.53816,5.31455,5.09703,3.14131,5.38808
3.98413,3.88653,3.55744,4.14061,4.5252,5.53933,6.8274,3.54252,2.08346,3.99929
2.58721,5.21999,3.69985,3.42499,3.42096,5.08846,2.84934,2.63495,4.42005,5.07783
3.56976,3.35022,4.28985,3.72506,3.22031,4.00685,4.63569,3.72348,2.38684,4.29383
4.52007,5.30456,4.51042,4.71016,5.10867,4.81643,5.13574,4.18917,4.1553,4.36979
2.16659,5.15061,3.24404,4.09628,4.57925,3.53373,3.14645,5.70961,3.77715,3.5307
3.74294,5.64566,3.8178,4.57105,3.995,3.51316,3.99949,1.03646,3.37515,4.88603
4.0586,5.05114,3.94113,4.46472,4.44068,5.08537,3.85132,2.55513,1.98657,2.76658
4.89058,3.66283,4.74507,4.08294,4.13144,2.61692,3.97882,3.72354,4.9734,2.63575
3.1171,6.12645,5.24709,1.94341,5.66497,4.78426,4.78617,3.20378,3.78326,3.90996
5.81504,2.64195,5.47098,3.83144,5.08146,6.30675,4.07727,3.79243,3.8059,2.73634
1.62183,5.00224,3.44783,3.63254,4.87595,4.36004,3.01811,3.348,5.75866,3.14296
3.71497,4.80738,4.88095,4.581,5.29541,2.78128,5.78873,3.35749,2.72017,4.62032
4.7582,4.56162,4.44891,4.02327,3.18219,3.66324,3.00699,3.57627,4.15717,3.07034
5.1915,4.0842,3.903,5.14767,5.57626,4.72569,3.15997,5.25919,3.8908,2.85868
3.80317,6.76003,5.01025,3.26796,3.24123,3.53856,3.4339,3.37502,3.27089,2.32618
6.07574,5.61521,4.11383,2.18908,2.16349,5.18179,4.64763,3.8497,6.16042,5.50971
5.25591,2.47499,2.64394,4.82329,3.24407,4.82171,3.9753,2.7507,4.38168,3.01647
5.11967,3.33176,3.17454,4.29918,4.44916,3.04471,3.55955,4.75601,4.42596,4.17709
3.44578,4.5247,3.73042,5.11741,4.1505,2.97899,5.30167,2.60408,2.50766,4.54705
4.83627,3.65076,4.21896,4.07808,4.88859,4.97342,4.67035,3.86273,3.22749,1.51793
1.64355,4.5459,4.15785,4.22876,3.89501,3.73143,4.11782,5.54326,1.13486,2.93308
4.03076,3.27755,2.79663,3.95402,3.59032,2.81661,4.15255,4.06464,4.52737,3.48498
2.32314,4.59727,4.62339,4.4599,4.33179,4.24545,2.22334,3.94333,4.19785,3.14823
5.41106,5.96805,3.35899,3.40713,3.464,4.18461,4.51914,5.3053,4.48485,4.69444
1.19633,4.66272,5.60416,3.17813,2.93431,3.64214,3.6713,4.33305,2.87434,4.12556
3.94802,3.22041,4.42129,1.97425,5.51846,3.85282,4.08394,3.05976,3.29074,5.58752
3.85408,3.49307,3.81743,5.71035,4.94736,5.29016,5.00835,4.19439,2.63329,4.12906
3.36878,3.16468,4.19596,4.45686,4.6514,1.34666,5.39949,6.20285,3.06841,4.17609
5.61716,5.89827,4.76141,2.43367,2.97332,3.23136,3.02449,3.59566,3.59437,6.28321
4.41668,3.12801,3.45207,4.44415,1.51657,3.8939,6.8048,4.11829,4.14434,4.36385
4.10201,3.88161,4.97908,5.15634,4.29916,3.52146,4.84103,2.40547,2.47667,3.17842
4.20676,5.78757,2.93225,5.83251,5.13465,3.77805,4.8003,4.52513,4.93516,4.22922
3.28335,1.97446,5.74898,3.76013,5.20393,6.31991,6.37448,3.74047,4.00686,1.30489
4.177,5.20639,4.42151,4.08894,2.89643,4.90916,2.89817,5.08533,4.10896,5.38008
3.17221,4.74282,3.23292,3.21276,5.23108,0.982311,4.74556,4.87872,5.28602,2.91293
5.24956,3.40853,3.69932,4.15746,3.70709,2.7279,3.87131,4.34951,3.51227,4.10936
4.37107,3.2974,3.5702,2.8234,4.576,3.37854,2.81696,4.36395,2.63199,3.58707
2.91316,3.48037,6.16685,4.83834,3.31589,4.94901,4.14936,2.91633,4.42498,4.3788
4.18891,5.9033,4.28131,3.93865,3.69697,3.47499,3.75988,4.30765,1.3695,3.39884
1.89105,3.4845,5.07143,2.91133,4.84566,2.21078,4.93506,4.96675,3.59392,5.42511
2.05273,3.22561,3.7965,2.97014,4.74151,3.70024,3.79258,3.5771,5.12982,4.01644
4.54586,3.4787,2.44406,4.11679,3.32326,5.04874,4.62002,4.75361,3.24221,3.09228
2.24623,3.71403,3.52863,4.48478,4.60717,3.77271,2.91176,3.76033,4.78163,3.38801
3.15086,5.18893,3.31434,4.81202,4.08927,3.38574,2.71371,4.28634,4.32606,4.87368
2.16844,4.3307,4.93248,3.44693,3.91092,3.62474,3.99516,4.89952,4.75947,4.15192
2.82296,3.8778,5.54465,3.26246,2.00311,3.08033,3.85769,5.27715,4.96554,3.35315
5.10739,4.88351,2.72235,2.47435,2.53278,3.15773,4.43834,4.38785,5.09486,4.09457
4.38204,4.88012,2.9091,5.78284,4.1743,2.64408,4.44073,5.88199,5.82993,2.56152
3.15658,4.36914,5.01745,3.6112,5.35399,5.22691,2.70944,3.9567,3.67187,4.81623
4.08741,2.50308,3.24685,3.48351,3.70626,3.5828,3.20293,3.3545,3.13067,3.49325
4.89655,4.1715,2.46275,5.83933,2.78503,3.71922,5.10175,3.34015,4.29461,4.43804
5.50827,2.46174,3.31977,4.55158,4.92113,3.91837,2.42437,5.68765,5.22305,5.88792
4.76891,3.95539,4.55949,5.12189,3.87191,3.69805,5.61869,3.25282,3.66263,4.96563
5.87021,2.79082,1.42373,4.19122,5.60338,1.18503,6.37784,5.04345,4.37064,5.47722
5.8114,2.8401,4.23784,3.25604,3.72561,3.74412,4.35572,3.63128,4.2749,2.99659
5.73414,5.09916,3.30612,3.91741,2.73047,3.71711,4.79345,4.78803,5.7856,4.18441
4.64199,3.45444,4.052,4.80932,3.3897,5.38832,4.78467,4.46435,5.37726,4.14775
2.89839,3.50926,6.03107,2.98985,2.97033,3.03799,4.97075,5.21418,3.38783,2.92771
5.11385,4.00971,3.56885,3.53481,4.0326,3.54621,2.85107,5.30749,3.84343,3.55151
2.45029,3.0938,3.87533,4.6617,3.55062,3.54582,4.65905,2.25687,2.95859,2.27523
5.91216,4.69315,1.01169,5.50543,4.03316,3.38042,4.22016,3.69259,3.42926,2.96991
4.27102,2.64429,4.0746,4.02252,4.87439,2.33072,4.3536,3.2344,3.26373,3.69629
4.64699,4.91536,3.18186,2.33469,4.71468,3.86477,3.90831,4.26595,3.83393,2.84495
4.81038,4.2822,6.17252,1.90486,4.37117,4.45764,5.02125,2.66248,3.58305,4.15304
3.76843,4.89999,3.1467,4.76282,3.94365,4.00743,2.24124,2.97022,3.35796,3.36062
2.85708,4.6135,4.54779,5.03748,3.46757,3.45601,4.85315,4.50827,1.29896,4.15175
4.44208,2.72676,3.41279,5.71307,3.23338,2.9048,4.31344,4.03116,2.22177,4.17497
4.27092,4.88448,3.71053,4.22702,2.74526,5.16328,4.02417,4.80075,4.732,4.26231
4.77072,3.37691,3.31132,5.30465,2.61948,4.70622,2.4933,3.98303,4.89497,2.8383
4.18445,4.54802,4.2461,5.3919,6.3439,4.98446,4.44013,3.39803,4.09812,3.80217
4.56117,2.3614,5.52538,3.82833,4.112,3.99339,3.6633,3.59106,3.30215,3.7234
4.5534,3.64549,3.95728,3.07069,3.6911,3.68039,3.42636,4.33566,4.57064,5.13645
2.48175,4.52521,5.46787,4.1443,5.6624,5.69289,4.04883,3.34203,3.47133,4.32604
3.40916,3.60724,2.18322,4.98633,5.31116,3.43591,4.47843,5.19143,4.9126,4.20461
4.92934,5.83886,4.96143,2.69921,4.53103,3.58644,1.68097,3.13808,3.18513,4.75149
4.40621,3.96216,5.69143,3.87173,4.17308,4.06901,4.62334,3.2832,5.12515,3.80913
2.99406,3.5851,5.40632,6.0398,4.24137,4.96469,4.74261,4.36844,2.55279,2.97002
7.46576,4.1299,1.54035,3.58222,3.85641,4.23054,4.13498,3.58635,3.32412,3.79739
4.82927,6.46062,3.88065,4.03301,3.9044,5.71412,4.81376,5.51268,6.0907,3.22104
2.49046,3.78314,4.37429,3.73407,4.37432,5.13625,4.42893,3.63467,4.60488,3.96125
2.36508,3.76567,3.7697,3.40459,3.87232,3.2711,3.53216,3.16256,5.54452,4.14098
3.59815,2.63903,5.30597,4.2876,4.38703,2.59376,3.02309,3.24775,3.43389,2.16985
3.6785,2.8421,4.35398,2.28187,4.23837,4.10146,4.08783,4.75922,4.92731,5.45676
2.65551,3.92969,2.70811,4.2121,4.3886,3.45396,4.93801,4.03677,4.80203,3.07149
5.41356,4.20766,4.11413,3.92158,4.78838,4.50882,4.38096,4.29199,4.50553,4.88291
3.82617,4.77188,4.47514,4.71645,4.0924,3.15159,4.38495,4.39004,5.40424,4.36395
2.91714,5.0399,3.79561,3.31262,4.35151,3.95566,2.51067,5.30542,2.9173,5.05078
3.924,3.28528,5.79646,5.50552,2.79028,2.73815,4.32612,3.87576,3.12051,5.1195
2.8023,5.47852,4.44621,3.49277,4.37008,4.12089,2.26606,2.81302,3.33089,2.9115
3.48951,2.05661,4.80223,3.58639,3.86308,3.24368,2.66991,3.50077,4.42621,3.85486
4.41725,4.20314,3.06209,3.07775,4.68391,3.09129,4.46007,3.92549,2.87059,2.47659
4.9278,4.64968,5.42413,4.15356,3.43734,5.2874,4.20833,1.83734,3.57017,3.41653
5.14139,5.6965,4.10273,3.19095,2.64352,4.8277,6.16255,4.95417,2.68546,3.25762
5.75203,3.82965,3.18424,3.06672,2.97102,2.13666,2.38444,1.41809,4.33822,4.23568
5.26589,4.238,2.83209,4.1732,2.67816,4.5786,3.59535,5.13897,3.91351,2.31499
4.43857,4.26695,3.47893,3.93585,2.92185,2.97056,3.91897,5.08481,3.58356,4.05841
3.64896,5.00411,4.93935,4.66149,3.52726,3.34842,4.78594,3.31091,3.26503,4.26486
3.45261,4.44888,5.35627,5.31236,4.46157,4.93108,4.5189,3.59432,1.60248,4.06097
4.52091,5.0025,4.38931,4.54366,1.9417,4.39492,4.98351,4.13035,2.45707,4.80095
4.8178,4.62128,5.36955,3.85656,4.28923,3.14542,6.62096,4.0476,4.64127,5.06816
2.51835,3.86605,3.93428,3.53527,4.22454,4.897,5.53734,2.96792,3.02829,4.57017
5.18251,5.51503,4.03531,4.05927,5.53248,4.42923,5.71518,3.1999,3.88453,2.51261
3.7216,4.39255,5.39145,3.34003,4.81443,5.07431,3.46679,2.5247,5.67863,5.30737
3.84866,4.62837,4.23364,4.61122,3.30095,4.1949,4.83538,3.78532,4.53175,3.32665
3.27979,4.57952,3.37801,4.7309,3.50933,4.91439,2.73519,2.2384,3.79806,2.72475
3.6445,4.53837,3.70621,5.71782,4.07587,2.67452,4.34631,4.08766,4.18585,5.38106
4.21576,2.40925,3.43489,3.51137,4.14743,3.5212,5.25479,5.3486,4.88018,3.9068
3.9591,4.77794,4.39956,3.81586,3.39184,5.27247,3.42265,5.75007,3.69371,2.1118
4.24329,3.17442,3.86793,2.41185,2.90085,3.63984,6.80757,3.04583,2.09422,4.43136
4.19577,2.04101,4.12783,4.73042,4.9878,4.78957,4.03995,4.70311,5.19904,3.10468
5.28382,3.41132,3.41699,3.42004,4.27878,4.82083,3.6443,4.54337,3.08159,4.19017
2.64954,4.50623,5.06538,3.5422,3.37483,3.72242,4.51705,5.05129,3.89408,3.84829
4.32436,4.74428,4.15298,4.39952,3.70921,2.18071,6.56172,3.95128,3.53641,4.96233
3.67384,3.9127,2.98967,4.02194,3.50771,5.40084,2.48517,3.94004,3.97453,5.90196
3.72103,3.71812,6.83322,2.99004,2.09877,2.63181,2.35854,2.51106,4.11947,5.21559
4.94399,3.98253,3.92424,2.61584,3.46006,3.89586,4.17675,3.64294,3.31688,4.71228
4.88247,4.4057,4.99147,5.32194,3.88184,4.93371,4.13355,2.6923,5.1124,1.5072
4.46471,2.55205,3.54322,3.63765,4.43313,5.22923,3.82837,3.26191,3.0758,2.98096
4.24931,4.50474,2.5099,4.20818,3.27682,3.44922,4.11289,2.77745,3.6301,4.74435
3.59908,2.83168,6.06165,4.01491,1.24051,4.67938,5.30405,3.24527,3.71496,4.70054
4.2645,4.86516,5.19476,4.34238,2.62313,3.41814,5.26022,5.12124,4.75704,4.62482
4.63309,5.45615,2.95737,3.29411,4.53212,5.10403,4.20765,6.29199,2.88997,5.81025
3.28291,5.61416,4.80898,4.93226,2.74428,4.8045,3.86654,3.92697,5.82697,4.3186
4.67113,5.17111,4.65765,5.42889,3.797,4.26478,4.67965,5.03807,2.60977,5.08263
4.75292,3.86428,3.28676,3.59794,5.32243,3.63306,6.664,3.40059,2.6136,4.10532
3.94652,7.0621,5.23875,4.05898,3.42546,4.43757,4.73224,4.59702,2.99749,4.01828
4.71776,5.80303,6.24904,4.59088,3.67854,4.44751,5.82285,3.89923,3.43581,4.20875
3.62276,2.42055,2.70886,3.62507,5.42692,4.88135,3.03611,3.87171,3.70395,3.24425
3.96402,3.74066,3.89432,4.52088,2.76707,3.22316,3.06291,3.46419,2.6965,3.69552
3.45795,4.04888,4.50659,5.15083,3.61261,4.53029,5.64716,4.84399,4.08786,3.09303
5.28139,2.92657,3.28651,3.28272,5.42247,3.8306,2.48592,2.45828,4.12231,3.65923
5.84161,4.41682,3.45687,5.69846,4.76739,4.74743,4.60871,3.63189,4.24971,4.09696
5.40235,3.99379,4.1531,3.57894,5.0272,3.6735,2.71609,5.51028,3.80291,4.49406
3.45725,4.18871,3.91175,4.29049,5.5132,2.77231,3.67493,3.8291,4.51321,5.924
1.81951,3.51109,3.18343,4.66684,1.74907,4.13473,4.81365,5.01316,3.6133,2.65457
3.14915,3.70663,5.15223,2.9573,2.40686,4.17419,3.41547,5.74768,4.36004,2.6739
3.17234,4.37113,4.69346,4.8991,4.85796,2.3813,4.86837,3.13574,4.22785,6.19337
4.26371,4.71398,3.25315,4.18367,2.53168,3.34592,3.75458,5.55501,5.35829,4.42228
2.67036,4.31915,5.54793,3.7603,3.59429,4.80028,4.42283,2.40863,3.45469,4.73061
5.18266,4.78407,2.99945,4.08782,4.4164,3.36489,5.12091,3.08696,3.84721,5.7771
3.73519,4.2158,2.92339,6.12555,3.27874,3.70512,3.99601,4.2349,3.81823,3.06143
3.78006,3.56028,3.78483,4.61097,4.6766,6.69618,3.49394,3.00276,3.10267,6.77852
3.0735,3.93205,3.02704,4.50914,3.15691,3.47428,3.28982,4.40445,2.34218,2.10905
4.82185,4.05988,4.05248,4.60048,6.40933,3.05688,4.19475,4.87067,1.23497,2.717
5.08742,4.59405,3.7284,4.31703,3.43157,2.3947,4.197,3.83331,2.48058,3.80608
4.62735,3.67986,4.47178,2.30469,4.65451,2.00192,3.55929,1.9355,4.22621,4.15149
6.12983,4.08382,2.17696,5.14785,4.2819,3.2907,3.76202,3.57246,3.61799,2.84731
3.79336,5.58188,6.00262,3.38125,3.72818,4.46149,4.79301,5.76327,2.58733,4.46519
3.85494,4.08817,4.89759,5.12331,1.68964,4.67602,4.02297,5.05573,4.74292,5.54192
4.98187,4.38195,4.51995,5.00552,5.86027,4.14676,4.68854,3.66052,4.48077,1.98235
3.72092,3.08811,5.40794,3.16813,3.60762,1.66042,2.97653,3.94677,5.47408,4.82592
3.57119,4.1427,4.46686,2.75665,4.93384,4.13631,5.86472,4.35924,3.64643,4.46354
4.46439,1.60053,4.08472,4.62216,6.12429,4.80869,4.57426,4.13222,5.56361,2.09681
3.81821,3.19275,2.84637,4.57377,5.06549,4.89223,3.60811,6.40112,3.78513,4.02024
3.5306,2.44622,3.52302,6.89243,3.78306,4.14324,4.68417,2.56711,3.22131,2.16252
3.347,5.94857,4.127,3.77913,4.04248,4.94681,3.03657,2.18256,4.87002,3.58743
6.16838,3.00377,4.56899,2.59271,2.35903,2.88382,4.03737,3.04148,4.25199,4.64149
3.65484,3.29896,3.13269,4.08524,3.57803,4.51722,6.28736,3.66031,3.6975,4.67195
3.55021,4.10076,4.98393,4.33225,2.54855,4.30943,3.52138,4.07251,3.6155,6.03491
6.16407,4.51852,3.79531,4.58423,3.56926,4.8091,4.15697,2.53929,3.47111,3.26177
3.23641,2.06831,3.81263,4.31719,4.59879,3.88722,3.15305,2.57214,4.20407,3.73886
6.48618,3.84019,3.48845,3.47239,2.90296,3.31905,3.36742,4.20317,5.05542,6.38532
4.46217,4.3922,4.11616,6.07677,2.89785,4.81241,4.05905,5.5833,4.05836,2.91691
3.17868,4.30812,4.11487,3.81746,2.04142,4.40491,5.55424,4.17539,5.24784,2.79386
4.16214,2.97824,3.75159,3.70795,3.7277,3.35604,4.41602,3.46168,2.53803,3.46508
4.90127,4.25002,4.59216,3.70554,4.33306,5.12181,4.31965,3.25143,3.61008,5.53538
4.35186,4.17749,3.83355,4.0453,4.86029,3.4937,4.53872,3.62238,3.29567,3.25704
6.58496,4.88205,2.87026,3.45087,2.87301,4.58038,4.72441,3.65087,4.59247,3.81288
4.12058,3.55422,2.41876,2.75593,4.11736,3.98235,5.19547,3.80254,4.9033,4.61352
2.41153,4.67285,5.65129,4.13171,4.74661,4.40304,3.16175,3.31045,3.09958,4.9358
2.7738,4.134,2.99703,3.90937,4.41834,4.3246,3.04311,4.12338,5.45508,3.90184
2.11575,3.14096,5.16054,4.39435,4.941,4.40972,4.0295,3.98166,3.63177,4.66768
4.00517,3.00289,4.49729,4.91414,4.1754,2.15034,4.83654,3.4199,3.87285,4.0295
3.12567,2.9209,4.57605,4.93915,6.21287,3.97476,2.74512,3.37942,3.89618,3.2666
5.98865,3.13855,0.860647,5.29507,4.72564,2.7838,5.08346,5.0039,4.87667,3.71309
3.34508,5.60132,3.18233,3.89605,2.47886,4.29568,3.77437,3.37821,5.26338,4.26328
3.81523,6.05104,4.11309,4.87091,5.90435,3.58787,3.68961,2.82667,3.11983,4.73851
3.79065,3.21907,4.22101,4.17195,4.65223,4.53825,4.95695,3.92803,2.85427,4.34119
3.7641,3.23418,4.50094,4.90091,2.53079,3.46119,3.90719,4.11529,3.28016,2.56112
4.1736,2.68718,3.73777,3.99228,4.77598,3.15585,4.52565,5.27161,2.90181,4.23228
2.1045,4.0718,3.76459,4.10383,3.6271,4.28553,3.02882,4.20359,3.87888,4.44
4.33543,2.69113,4.12073,4.24134,4.95935,5.6942,4.55055,4.43837,3.51601,4.66094
2.19263,4.48468,3.39599,5.16317,2.5121,6.72008,3.33994,5.54435,2.85143,5.46101
4.68267,3.45832,4.73751,5.01416,5.77198,5.53156,6.16208,6.05069,3.91465,4.70633
3.74611,1.77395,4.49483,5.57651,5.86013,4.25406,5.61592,3.47281,5.0122,3.79959
3.47336,5.4091,4.89049,4.86819,5.12422,4.51131,4.72232,1.49187,4.20732,4.1506
3.66169,4.46269,3.99623,5.34807,3.41942,4.17165,2.1004,3.69406,4.36246,3.95625
1.57398,2.79501,4.6553,3.07883,5.62618,5.19171,3.26911,3.62533,4.17816,3.7484
5.82355,3.55207,2.4336,3.07838,6.46837,2.76212,5.00395,6.26439,4.31523,2.97771
4.86199,4.87967,4.97394,4.13361,3.32316,2.45471,4.99632,3.17023,3.94581,4.58481
3.38404,4.13342,2.21103,3.30748,2.53488,3.43872,3.36683,2.81902,4.68733,4.22556
2.85162,4.48025,4.67199,3.30076,2.61251,2.76203,3.84808,3.96496,5.16499,5.48427
3.87411,2.83992,2.75359,4.01066,3.99408,6.11639,4.49612,3.29923,4.82018,4.54589
4.05073,3.74531,4.85437,4.05646,4.35988,3.66739,3.82906,5.80657,5.46565,2.9898
4.81633,2.59605,6.23417,3.62657,3.99313,2.60816,4.29058,4.99914,5.05716,5.07714
4.02331,3.99187,5.45804,5.0292,6.20261,3.36539,3.44165,3.35372,2.90327,3.58937
5.45049,5.28621,4.71953,2.97202,5.44035,4.7674,3.73832,5.31843,4.08071,6.18841
4.27382,3.21223,3.24741,2.19235,3.47921,3.22902,4.22706,5.84833,6.70927,2.74312
4.67785,5.44309,4.15528,5.56339,5.81067,4.75456,5.6501,3.90175,2.73335,4.39615
4.33887,3.73283,4.66716,3.08027,3.95771,5.8123,4.38182,4.52186,5.19923,2.60457
4.27908,4.15773,2.94045,4.70958,5.27237,0.615766,3.52425,3.22687,3.37155,4.41202
3.46486,2.19412,5.0609,3.39185,4.34506,3.55233,3.39928,5.04323,3.9003,4.3903
4.00826,4.8987,3.42843,5.95369,5.67273,4.02641,5.36898,3.55574,5.03624,4.95943
3.81573,4.1843,2.35384,2.60099,3.68062,5.31145,3.70817,2.3736,2.64183,3.89345
3.49799,5.3259,3.66717,4.62686,3.56672,3.397,2.53829,3.64581,5.24006,1.96845
2.81307,3.46215,5.02594,4.48885,5.16337,4.67592,3.22202,4.81056,2.17624,3.19436
4.07318,5.07343,4.24431,3.56834,3.98697,4.94417,3.50778,4.17511,3.38317,5.32994
5.93581,4.61434,5.02577,2.87931,1.79627,4.13629,5.932,3.26911,2.85568,4.55011
5.25399,4.01948,4.15494,4.49915,3.53708,2.52101,3.95141,4.48196,2.49991,3.98556
5.30285,3.78832,3.33509,2.26293,5.13395,3.01245,2.56227,3.03087,4.81499,2.35229
4.43206,4.91104,3.55515,4.17731,4.33122,3.88269,4.27608,4.99524,2.62994,3.26775
2.14694,1.81848,4.52608,4.79691,4.37411,4.73009,3.6107,3.55254,2.6078,2.0121
4.60054,5.07347,3.78252,4.47899,4.36123,5.56869,3.70836,4.40591,3.80121,3.899
4.71289,2.53909,3.28994,4.61105,5.05623,3.69931,4.65527,4.37222,4.65151,5.02092
4.91212,2.52671,5.11754,3.90863,4.76821,2.95612,3.0112,5.1688,4.55595,3.47681
3.2942,5.61972,4.64601,2.74206,4.52797,4.43164,3.79715,3.12836,3.5125,3.89632
4.54334,6.12654,3.80344,3.35043,3.77328,2.65021,1.92411,1.88208,4.59738,5.00948
3.61249,4.91676,5.49419,4.37773,1.88667,4.73079,4.7676,5.11259,5.29848,3.98494
3.47362,5.26518,4.81698,2.59659,2.80073,2.8952,4.14096,3.88677,4.43258,4.98846
3.65206,4.81198,3.84303,3.45973,3.96277,5.04722,4.30116,3.39142,2.61638,0.943873
3.13583,3.41047,4.29912,3.34471,5.88482,3.28974,4.57133,5.54807,3.81086,4.64308
3.34933,3.29445,3.29492,5.15544,4.89105,5.22869,3.01389,2.61891,4.20411,3.25445
3.63148,3.45777,4.13663,5.3237,1.73654,3.38541,3.57356,3.46829,3.91011,2.71014
4.44867,4.10715,4.34019,4.96317,5.8701,3.99918,5.75146,3.92415,5.59736,3.74253
5.34444,4.62466,4.13547,4.12076,4.11912,3.08771,3.33598,4.65377,3.23758,5.29549
4.62515,3.57944,3.71438,3.50823,2.47949,3.14204,3.38453,3.22198,5.81377,2.15187
2.70047,5.01766,2.26423,3.13377,3.4199,3.47496,5.10562,5.15228,4.06805,2.87191
4.58136,5.53677,3.80081,4.13507,3.59601,3.38852,2.81605,2.81785,4.92806,3.04601
3.92225,5.17578,4.51293,5.04065,4.09695,4.00353,3.81243,3.59574,3.66051,5.026
4.83633,4.33308,5.11501,4.78572,4.44408,1.04193,3.91664,4.22287,4.11522,3.33455
2.91223,4.20101,4.44061,4.38722,5.64527,3.00023,4.10843,3.05425,4.31991,4.45284
3.35457,4.0514,4.25081,3.85095,5.44335,5.34972,3.72525,3.64218,2.40575,3.84452
4.48727,3.37868,5.18594,4.21184,4.21015,4.14078,3.62712,3.94654,4.50509,3.64913
3.27157,3.55244,3.66565,1.88134,4.55045,2.96264,3.56829,4.24572,6.73658,3.73993
4.49492,4.48066,3.79589,4.96301,4.18298,3.92871,4.35176,3.45026,4.42837,4.34517
4.40969,3.36161,4.68557,4.11982,4.41949,3.96587,3.22874,4.83475,3.94489,3.89759
3.60045,4.01061,4.33434,5.79859,4.04904,3.17407,3.44741,4.10293,4.31619,3.23691
1.95132,3.94904,3.96282,3.23091,4.16579,3.76432,3.87501,5.26819,5.85605,2.36895
4.15598,3.11894,4.96306,3.90784,3.94441,4.58763,5.01552,4.37989,3.51117,2.37537
4.06616,4.38481,1.99525,3.26912,5.23551,1.69261,2.03234,2.40931,4.24817,3.36432
3.63354,3.829,5.10584,4.97378,4.25832,4.01784,4.32361,2.33728,5.39064,3.8566
3.64247,5.08749,4.54132,3.655,4.49204,2.61987,3.75997,3.60413,4.13345,4.43336
3.4363,4.17231,3.29546,3.90891,3.80527,3.84347,4.57197,4.47773,6.92103,3.42742
3.95132,3.25138,3.43056,3.648,4.23647,4.81587,3.35363,3.4233,4.3633,5.53104
4.24618,4.78099,4.49774,3.47515,3.64745,5.21682,3.74705,5.80484,3.12106,4.57849
3.63406,2.51896,5.82094,4.48056,4.08194,3.98506,4.51025,4.06711,4.14169,3.43382
4.25025,4.0522,3.81125,4.7941,5.30028,5.89316,3.73634,5.69443,4.27317,4.10864
4.13553,4.27259,3.40976,4.45939,3.98078,3.02136,4.81432,3.95149,3.62706,3.89118
4.86249,3.28017,3.6395,2.60025,3.94138,3.43296,3.69906,2.28948,2.76702,4.93136
4.77556,3.07971,2.61395,4.13114,4.69464,2.49484,3.81476,1.05235,3.82825,3.7353
1.55177,2.37148,4.432,3.43173,3.00752,5.61591,3.69375,4.18537,4.51625,3.25271
2.7649,4.87246,3.00551,4.85186,3.58971,2.78921,6.49818,4.02117,4.26113,3.89074
4.33036,5.00061,2.93141,2.49031,5.10244,3.5639,2.94102,3.76366,3.74675,4.36419
4.25792,4.92149,4.34729,4.50228,3.41376,3.85131,4.24784,5.77869,3.50747,4.32594
6.15345,4.37977,3.00836,3.1676,4.6753,4.90789,0.569593,4.97655,2.627,3.31168
3.07041,4.30352,2.74292,4.14677,5.15275,4.6556,2.13747,3.9878,4.14232,3.26656
4.06494,3.29642,4.17166,5.25158,5.84319,4.09161,4.72435,1.83935,5.51616,3.02405
4.16367,3.8267,3.65172,4.17113,5.06374,3.72508,5.10901,5.07485,3.66536,4.40839
4.4928,4.59711,3.14585,4.12653,3.7712,3.87365,4.71977,3.97422,3.53906,5.52668
4.44468,5.30707,3.68603,3.49847,3.38408,3.00662,4.39404,3.55013,3.43606,2.97435
4.86512,3.86211,3.10434,3.84794,4.57048,3.72488,5.07405,2.90328,4.45862,5.14366
2.86778,1.70015,4.29735,5.76488,3.25642,4.00107,5.8173,3.74507,4.8442,3.4019
4.57442,4.9134,4.885,4.54597,3.46895,5.17118,4.89427,2.33788,3.8019,1.62114
4.21452,3.52994,7.0243,4.14635,3.36849,3.2431,2.15329,4.69631,5.95476,2.84588
4.33801,4.78544,4.07955,5.77255,1.84723,4.72434,6.88844,2.53097,3.40814,4.72868
4.63202,3.7315,3.5071,3.90515,2.803,4.14736,5.27622,3.52151,3.98515,5.43162
2.71099,3.73004,3.81567,5.18998,3.03866,2.15776,2.59153,2.64846,2.90401,3.32965
4.43838,3.69953,3.5337,3.86954,6.0306,5.11014,3.76807,4.97017,2.94309,4.79609
2.63643,5.00213,2.4713,4.14944,3.49513,2.8519,5.13562,3.69424,4.8653,2.29021
3.40743,5.17209,5.15161,5.6253,5.16073,3.03347,3.73658,3.45061,3.23631,3.12845
2.30277,2.84907,2.63329,4.57182,5.27596,3.84967,4.18551,4.99805,4.83723,4.17924
5.26438,4.83757,3.82123,3.4608,5.47768,3.81584,4.2327,6.08475,3.88517,5.38306
4.36322,3.56047,3.58868,5.17403,4.90272,5.09304,4.11878,5.62736,3.91571,1.72327
3.92431,4.90503,3.34905,4.10011,2.2055,4.45434,5.67667,3.10866,4.59297,5.73145
3.89108,3.47303,3.92758,3.97986,4.21947,1.75756,4.15245,3.2496,3.10594,1.58315
3.14658,3.14274,2.77508,3.72331,7.19147,2.74571,4.15216,5.40714,3.50369,3.83682
5.19308,2.92466,3.34726,4.41603,1.36877,2.86812,3.07464,4.40237,5.57893,3.57973
4.2291,3.45173,5.4504,4.74814,5.19235,2.74932,3.49169,3.83103,3.61599,5.0476
6.04803,4.6902,4.63377,5.28925,5.67108,4.83972,5.08057,5.75166,4.3013,5.56091
5.12622,4.33843,5.16683,5.01579,5.3347,5.74155,2.57459,3.01966,3.62577,5.12473
5.06586,5.13239,4.343,3.26638,4.05784,4.61391,5.7406,4.65164,4.25679,5.02829
0.893586,2.84573,2.82127,4.37412,2.98385,4.61285,3.19243,3.06115,3.78772,2.44495
4.35481,4.57613,3.3588,1.22259,3.24679,3.71949,3.05086,4.90866,5.12291,3.27784
5.90399,3.6839,3.08019,4.6044,5.57233,5.14318,2.3228,4.29544,4.23835,3.28801
3.26588,4.01039,3.31794,5.02806,4.97065,5.72737,2.67805,4.79343,3.83372,2.70483
3.9495,4.37495,4.27835,3.92136,3.05933,4.25999,2.91191,4.2219,4.29994,3.45804
4.61916,2.00103,4.21174,4.6802,4.69205,5.55827,4.65396,3.43011,5.10243,4.65383
3.58863,5.44363,3.58215,5.06576,2.81492,4.03787,4.24087,3.79776,5.09207,4.94554
1.11476,2.81037,6.04423,4.07277,5.14237,3.68765,4.58226,3.40151,5.01087,3.68768
4.69929,4.56874,4.10733,4.64451,2.77103,4.05953,6.05253,5.67463,3.05139,4.5155
2.86637,2.07543,2.28297,4.10652,3.88778,5.20753,3.57743,3.10192,4.94061,3.21221
1.62498,4.03875,3.82219,4.80419,4.01543,3.0006,2.04525,1.65397,3.5229,3.37192
2.89268,5.51783,3.78955,4.96285,4.14009,2.50704,4.15954,4.54142,2.38992,3.54884
1.42171,4.05727,3.39242,5.04775,2.58247,5.45782,4.71728,3.8279,4.49382,3.20878
3.49803,6.15881,4.25022,2.92511,3.97074,3.04955,3.1786,2.70117,4.21931,3.43219
2.78934,4.03962,2.91166,5.38276,4.3131,3.38173,5.47974,3.58045,5.26656,3.79286
3.83006,3.43896,5.36945,5.26692,3.26339,3.44362,4.34724,5.34998,5.1955,5.51548
3.13025,4.97897,4.09994,5.46965,4.40497,4.35642,5.88812,3.57241,3.80531,4.31325
3.52232,4.53151,3.76605,3.38339,4.78979,4.20576,6.112,5.16823,3.64421,3.63153
4.43729,3.83817,4.4776,3.65934,3.0037,3.2051,2.95749,3.88526,5.38177,3.72211
4.26637,3.71762,4.05384,4.25794,2.87357,6.65456,5.36785,4.95523,4.10739,3.44997
3.69996,4.40665,5.20343,3.14604,4.76844,1.88849,5.19887,4.03713,4.38035,4.1804
4.41841,4.23601,4.76817,5.61761,3.60426,2.05527,4.41402,1.90891,4.27407,3.97248
3.43202,2.95271,2.85109,2.20285,4.80816,3.38607,3.91313,4.61724,4.2616,5.56659
4.48617,4.26695,4.00427,4.58049,2.82003,4.1985,3.98102,3.97795,4.67861,4.39893
3.77564,4.9546,3.12699,0.658024,4.45906,3.89903,3.08503,5.07659,2.95495,4.13866
5.93615,2.83421,5.17178,4.83261,4.70251,5.43652,3.42679,2.56501,4.29955,3.67023
3.37061,3.5468,5.08689,4.7177,4.34961,3.9873,3.07767,4.76697,4.61435,4.04373
5.3433,1.63809,4.41066,3.50169,2.78136,3.46981,5.48152,4.47721,3.11618,5.44626
5.41002,4.01745,5.91871,4.32464,4.7042,3.34691,4.08413,3.5927,1.91719,5.08664
3.82085,3.42766,2.69402,3.29621,1.60679,4.79078,5.16114,3.87316,4.1578,2.31933
3.33502,2.87703,4.76884,5.1922,3.62383,3.12579,5.36856,6.38079,5.02537,5.26798
4.66352,4.98334,2.83172,3.97214,3.6768,5.14691,4.18191,3.57866,3.52187,3.28784
2.88208,2.91323,5.40538,4.10188,4.37817,6.3298,4.2419,2.59198,4.49853,3.62898
2.9851,2.21216,3.55515,2.88819,2.52753,2.34012,5.20276,5.15793,2.98915,4.92278
4.37861,5.93239,4.89338,3.88854,3.32514,4.76931,2.50294,2.01003,5.90871,2.73509
2.30178,4.43354,3.02408,3.71777,3.64749,3.88386,3.59296,3.87128,4.19977,3.07235
2.10253,5.28957,3.61474,4.32593,5.13836,4.45432,4.04256,4.17438,4.45112,2.79172
3.83636,4.78214,4.66012,3.98946,4.34662,1.93913,4.69374,3.09251,3.33672,3.6608
3.16651,4.39093,4.24712,3.56268,2.97668,2.91823,4.86374,5.01856,5.01335,4.91548
3.19588,3.74362,3.36004,3.90964,5.22027,3.56267,4.51711,3.83768,4.33269,3.83297
4.03765,4.04636,4.68229,4.00588,3.95785,5.65156,4.32414,4.40448,3.16136,4.1342
3.61857,5.90023,3.45076,4.86824,3.19217,2.5117,5.10593,3.56313,3.06493,2.2857
4.3379,3.49456,4.99582,3.83615,4.93789,2.50442,4.77942,5.09552,3.40386,3.89271
4.62001,6.8979,5.73174,3.3986,5.46835,4.34698,4.34841,3.39221,5.2957,2.17655
4.3523,4.07193,3.70452,5.44968,5.68694,3.78506,5.81611,3.22701,3.2024,5.49924
2.968,4.03956,2.93949,3.331,4.05418,2.34401,4.7701,5.29639,3.37682,4.91354
3.68906,3.47453,4.80722,2.21788,5.83182,4.92708,3.83896,5.06415,4.26785,3.91699
2.73277,3.80356,5.26618,3.37563,3.03969,2.89594,3.36615,2.78701,3.74598,4.17684
4.79124,6.87269,2.81129,3.2558,3.55632,4.40894,4.6124,2.39006,4.45283,4.86964
3.67346,4.6342,4.02624,3.01123,2.6613,3.86076,3.88073,3.73324,4.43566,4.5046
3.76247,4.86386,3.54704,4.9352,3.19785,2.24144,2.40513,3.83462,4.3437,4.13417
4.81506,3.99032,4.1039,3.5732,4.22162,3.96566,1.84088,4.42,3.59082,4.51911
3.35982,3.60664,3.10004,2.4229,3.96661,3.17495,4.73456,5.29771,3.88383,3.85104
6.01525,3.63647,4.5014,2.74026,3.22647,5.30266,4.21793,4.32857,3.06791,4.80758
5.0601,4.40709,2.25643,4.59574,3.82456,4.07331,3.0174,3.49819,2.00478,4.07274
4.72476,2.9327,4.31884,3.80213,3.58144,3.89631,5.67296,5.50914,4.3875,3.82774
5.14543,3.16423,4.27004,5.09988,4.86789,3.85934,4.70842,5.71404,3.24003,2.66903
4.41097,4.29116,2.54735,3.75395,3.8176,4.38408,5.46247,1.99773,4.31669,5.20155
2.39074,4.80239,4.99572,2.20643,3.21249,3.11901,6.785,2.50701,3.83157,3.0716
4.41044,5.29526,3.20656,2.32002,3.08268,4.15866,3.42906,2.85763,3.2219,5.71755
4.23238,3.72521,1.84836,3.2103,2.30586,3.75606,3.94108,1.70914,4.21308,3.8288
3.82909,3.72327,5.46868,3.63966,5.16501,4.68619,4.69676,4.7133,4.49093,4.44463
5.08227,3.03527,3.61803,4.01146,4.12403,4.06705,3.25218,5.96075,4.64218,2.31455
5.06132,3.34323,5.60149,3.78071,5.12895,3.75491,4.94934,2.52742,4.18762,5.15035
4.50996,4.74762,4.76763,2.66352,2.37267,3.61901,4.55867,5.86619,5.88513,3.31697
4.84485,4.10055,2.17634,4.21901,5.41083,3.96831,4.81041,4.07283,5.09909,2.45346
2.44112,4.48553,1.95542,4.31745,3.68797,3.72837,3.05545,2.93272,5.08909,2.13631
5.20412,2.48213,2.11654,3.0587,4.21369,5.41863,2.425,6.2826,4.48674,2.50383
2.91825,5.1062,5.4544,2.54436,5.16026,3.95541,2.43811,2.28644,3.5446,4.02741
4.23126,3.19861,3.81987,4.39194,4.40879,4.45351,3.0693,4.04634,3.2918,2.86328
4.09636,4.93163,3.22884,3.14302,3.9175,3.17245,3.84644,4.25938,6.18103,2.38622
6.11298,3.84692,4.85307,5.35674,5.94413,2.99896,4.45604,5.00039,3.10529,2.56435
4.3251,3.26968,3.52052,5.32602,3.58593,3.45572,3.45112,2.97886,3.10458,3.05768
4.74154,4.07708,4.20208,3.03942,4.00312,5.01507,2.31038,4.0671,3.2369,2.52725
4.40964,4.54015,3.58704,5.41956,3.82762,3.29167,3.46815,6.18567,2.69418,5.49733
6.00152,4.24529,3.3804,3.56602,2.85614,4.80121,4.76207,2.814,5.35923,3.62339
2.76389,5.11408,2.97448,5.46747,4.28472,2.84841,3.04974,3.56142,2.9166,2.45622
3.69628,3.41312,4.57386,3.92769,4.29997,2.94801,3.80974,2.83758,4.76118,4.6165
4.16933,4.64828,4.04814,1.9787,2.57265,4.16522,2.99129,1.51169,4.51403,3.49193
4.23654,3.01914,4.16759,5.50698,4.88031,4.67931,3.51431,3.72719,4.29821,4.92088
2.73665,4.18105,4.64004,3.71148,5.47931,3.56833,4.0187,3.58064,3.65502,3.97656
3.47791,5.91214,3.69729,3.34215,4.28183,3.71815,3.12876,4.34212,4.96989,2.79983
3.02351,3.93446,2.39383,1.23232,3.51116,5.43372,4.66161,4.88275,5.08561,5.39643
2.35,5.30004,4.20723,3.7921,4.48817,4.88709,3.76497,2.99748,3.95171,4.772
4.32311,5.40088,1.97319,3.55811,4.87281,3.99552,3.89185,1.76154,3.39628,2.79468
3.05601,3.52203,5.40886,5.26396,4.60783,3.47882,4.35816,3.91435,3.70376,3.84909
4.96402,4.34156,3.84256,3.94209,6.18599,3.63379,4.52547,4.46811,4.24971,3.12259
5.11484,3.12406,4.34547,2.82498,4.20877,3.70504,4.65757,5.20204,4.31292,2.61062
1.66731,3.65724,5.18173,3.53639,5.16499,2.59987,4.74713,2.71927,4.56839,3.14834
0.991565,5.05536,4.71217,3.43251,4.50174,4.40614,2.60887,4.59928,4.69984,3.46181
3.33797,2.94088,3.32663,6.39716,4.45789,3.08438,4.33259,3.72349,2.57384,4.30029
2.94717,3.74041,4.03268,5.5875,5.13902,5.15148,3.02902,3.53951,3.89751,2.71312
4.51306,4.71184,4.80273,3.24396,5.78325,3.98224,4.26731,2.27147,5.0572,2.90521
3.11651,4.71977,4.54999,4.14683,3.96855,3.6915,5.41589,6.23488,4.81227,2.68522
2.53089,2.71855,3.50937,4.51923,4.76274,4.50739,4.53709,3.47512,3.97753,1.61161
3.98086,4.88912,4.61224,2.29904,3.61287,1.43967,5.1869,2.03246,2.02258,3.9969
3.73139,5.51962,4.27386,2.87925,4.0824,5.59291,2.78257,4.38634,4.46035,3.79814
3.73507,4.02155,4.21952,4.85098,4.51731,4.56661,2.04536,4.46231,5.90547,5.26334
1.43348,4.44556,4.52964,2.05497,4.57316,2.69559,4.43921,3.36074,4.56994,6.19621
4.68511,2.6005,4.07552,3.8265,3.50031,4.51974,3.15322,4.55792,4.08293,3.73017
3.36549,2.5086,5.69149,2.11073,3.12202,2.63436,3.2915,3.03903,4.29872,4.95303
3.85902,4.73625,3.01245,3.51846,2.41128,5.58016,3.38284,2.10391,4.65415,4.22554
4.13464,3.90595,4.34375,4.74984,3.88799,3.83348,2.7047,4.0441,4.97202,3.9036
4.13962,3.26866,4.83001,2.74809,2.29781,3.55103,4.02017,4.20603,5.00188,4.51233
2.79367,4.79481,3.17823,4.11783,4.6663,4.78996,4.7572,3.87084,3.13831,3.69455
4.46403,2.67204,3.24258,4.81229,5.85613,2.65708,2.06987,3.63941,5.38407,3.14663
3.42956,3.41885,2.48795,4.07857,4.54226,5.60504,5.51265,5.05885,3.29465,2.82067
3.63142,4.03325,4.8994,2.67307,3.80467,3.19835,4.3122,5.19748,4.83161,3.53651
5.20776,3.4523,3.66981,3.95239,3.61491,3.60074,2.89583,4.13105,3.12606,3.07163
4.68322,3.93095,3.79778,4.09798,3.1839,4.116,3.19266,5.21505,4.97462,4.65428
4.71884,3.91498,2.58192,2.95151,6.17847,2.97614,5.70575,3.67842,3.11545,3.43639
4.38946,2.49626,4.30195,3.2626,3.40103,4.11999,5.42289,3.86996,2.60994,3.09462
4.34159,1.79337,4.16375,4.26575,4.7715,3.85483,4.84147,2.43926,4.18674,4.25686
4.26497,3.97103,2.88646,4.66429,3.50937,3.56945,3.55699,3.4134,2.41801,4.91466
4.29654,2.73843,2.6983,3.547,2.65556,5.22068,4.05867,4.29724,3.63306,4.105
4.35586,2.82443,4.18621,4.9925,4.07389,3.3132,3.482,4.53656,3.02081,5.11599
6.53433,2.59699,2.79097,6.01658,3.59142,4.07871,5.45022,4.98603,4.8535,2.78169
3.72026,3.5511,3.85379,4.98005,4.02778,5.00235,3.12555,4.50573,2.15278,4.4867
4.53218,3.59267,4.78263,5.67221,3.51326,5.10773,4.23668,4.8904,5.13781,5.19748
5.3033,2.92802,4.32387,3.49269,3.53304,1.78217,4.02139,2.69136,6.1757,2.28403
1.78649,4.13476,2.53702,3.50858,4.11201,2.4985,2.52845,1.83297,4.38394,3.74413
3.28068,5.83809,5.52631,4.65235,3.75739,3.62378,2.90538,3.96424,5.30394,5.62431
4.76733,3.95637,3.64838,3.24312,3.76655,4.16852,3.95248,3.75964,4.153,4.41243
4.11699,5.39286,5.57105,4.35271,3.55877,3.5983,3.07254,3.87871,2.59015,3.81523
3.89294,5.44036,4.86844,3.18677,3.45825,4.70618,3.8148,3.90043,4.71817,6.83067
4.14228,3.33434,4.03787,3.34309,3.0997,4.37538,5.82345,3.26309,5.87159,4.18765
3.94135,4.22282,4.13798,4.42771,3.45019,4.05399,5.38807,4.2305,4.78838,4.60996
4.27625,1.28189,4.96348,4.07741,3.0497,3.07487,4.62443,2.79315,4.20457,4.65043
3.2746,0.841293,2.79265,3.37546,4.41702,5.28263,3.18049,3.93482,2.50106,4.64361
4.09862,4.24471,4.81609,5.60805,3.57474,2.57094,5.60417,3.676,4.15809,4.89225
3.72901,7.08869,4.25392,5.88429,5.29472,3.56524,3.48335,5.88155,5.03499,4.20938
5.14991,4.12339,3.36958,3.38095,4.34963,4.60653,4.13858,3.69319,4.70635,4.31265
4.79509,3.68055,4.68745,3.76366,4.98528,3.90871,3.35063,2.57863,4.94696,4.2777
3.82077,2.17187,5.18978,4.61502,2.45864,4.3675,4.62057,5.29416,4.63508,3.87567
4.58561,2.38775,4.05829,2.5413,4.06578,5.04403,3.52194,3.90542,3.69038,2.70301
4.92542,3.29025,4.48146,3.26962,5.36449,3.43772,1.40972,4.58199,3.27623,2.75943
3.98759,3.97585,4.508,3.67057,2.48464,4.35827,3.68406,4.12677,4.70273,2.80591
4.78471,6.74643,2.57206,4.6925,3.12526,2.30113,4.1687,2.6728,4.04842,4.22631
2.52011,6.04495,3.34633,3.1936,3.00775,2.22791,5.00025,4.41361,2.21625,3.71451
2.5073,2.86707,5.99735,5.50225,3.95817,4.88195,5.45862,4.78519,3.03214,5.2346
3.43272,4.06004,7.69925,3.44393,4.13695,2.79734,4.72269,6.2762,3.63871,4.03816
3.30904,5.21548,2.50491,4.11481,4.0537,3.42556,4.48114,4.51075,5.65532,3.93186
4.43905,5.68227,3.37871,4.64564,2.56255,4.56533,4.10174,2.82511,5.45687,3.99345
4.76666,3.36123,2.34949,3.27387,3.25699,3.22251,4.45505,5.701,3.33614,5.32455
2.84053,5.15398,3.66883,5.46406,4.03925,3.92744,3.99681,3.24367,5.23778,4.83442
4.45783,4.2176,3.19875,5.42343,4.32144,4.19044,4.5902,0.991299,4.38529,3.82661
5.37511,3.95298,4.42866,4.7941,3.31396,2.94696,4.56782,3.90112,5.51153,6.43069
3.76161,2.92961,3.316,3.82831,4.67395,5.13478,4.39684,4.46849,2.42224,2.66972
4.50825,5.44669,2.68014,3.52391,4.43066,4.92032,3.45397,5.12442,4.2024,4.48353
4.6691,4.26047,4.54159,5.70434,4.56597,3.92107,3.46376,4.85094,4.23547,2.50436
4.53633,4.88201,3.65491,3.11245,4.5685,2.77669,4.48446,6.39941,4.16046,2.97256
6.33409,4.06003,6.28637,4.39251,3.19793,3.36463,4.95349,3.28174,3.30991,5.1382
3.31486,4.94295,5.22775,5.0617,3.27825,5.75739,3.63998,5.49262,3.95335,4.57076
3.67895,3.69714,4.43795,3.55122,3.30123,3.43308,4.15176,4.87489,5.62247,5.84578
4.55117,4.44484,3.40659,2.84104,4.0308,5.20376,4.39512,5.22047,4.3376,5.1709
3.76394,4.32496,5.51008,3.49245,4.0268,5.19012,2.5663,3.02165,4.67696,3.95176
3.20951,3.58411,4.30096,3.53225,4.14998,6.03901,3.32163,3.20323,3.14688,5.26917
3.31933,6.11272,4.41493,4.10665,3.17559,5.39815,3.01963,4.68685,3.96995,1.30409
2.58439,3.43273,4.78541,3.13625,3.88185,1.63098,1.67984,3.82532,1.73118,4.91465
3.19241,4.53183,5.0461,4.20467,4.01087,4.90604,3.25733,5.97175,2.48507,4.86664
5.54528,5.0379,4.37306,4.13662,4.18277,3.52003,3.44886,3.92371,2.4057,5.39886
5.61668,3.00066,2.70567,4.1187,4.05957,4.60454,4.75828,5.0699,3.07746,5.19794
3.79593,5.31727,4.25189,5.43836,3.56774,3.86557,4.92214,4.12059,4.90082,6.05024
2.6553,4.69406,3.10549,1.95056,3.53256,4.21808,3.58867,3.60432,5.01746,1.7554
4.35522,4.46156,4.07731,3.70424,4.13227,4.81317,2.67413,5.28961,4.4252,4.24381
3.8968,2.85704,2.90494,3.83961,4.28055,4.65011,4.60966,4.27284,3.86131,3.63541
3.95487,4.01255,4.29798,4.90778,3.15814,3.97949,3.80829,3.51019,2.11385,4.20129
3.87835,3.45024,3.81081,5.09162,2.25002,4.29055,4.84036,6.07919,2.93125,7.24714
3.44722,5.26654,4.05026,4.45414,4.33871,3.34386,4.03244,3.91618,3.6084,5.57395
6.07529,4.09517,3.64283,4.81,2.32088,3.44832,5.17182,2.8723,3.20805,5.77712
5.28636,4.76175,5.25062,3.07137,2.94472,3.75485,1.88069,2.90332,1.29947,4.44049
3.47545,4.87969,2.25946,3.16625,3.75578,4.87198,3.00646,3.83729,3.99256,2.19841
5.88122,4.12267,3.22136,5.24892,4.01153,3.46173,3.58346,1.50589,4.02479,4.0122
3.00018,1.34293,4.10179,2.26831,4.33588,2.02311,3.77114,5.02893,5.22396,2.6199
5.98895,3.43593,4.18904,4.05123,3.01242,4.02606,4.74635,3.57365,2.96058,5.23972
2.84359,3.79841,3.37031,4.90383,4.62798,4.55475,4.53469,3.22216,2.80209,5.22308
3.82569,4.13837,4.63679,3.34896,4.98544,4.58981,3.0937,6.40236,3.45129,3.89239
4.37545,3.36149,2.40009,4.41598,3.08457,4.26771,2.87321,3.98979,5.29162,4.27992
5.92201,4.90892,2.46265,4.46389,2.2505,4.8219,6.37597,4.42584,3.36036,4.23432
4.51516,4.63448,4.70899,4.39868,5.75698,2.22395,3.7097,3.36326,5.56354,3.84374
3.29653,4.0494,2.12953,3.91148,2.40865,2.70782,4.47355,4.26103,4.15421,4.98763
6.81044,3.72015,3.67729,4.42918,6.19714,3.50912,4.37572,5.58238,4.27088,3.86058
5.59883,4.24894,6.28125,4.46512,4.59353,4.05292,4.99134,3.2054,3.80475,5.15836
3.68784,2.02548,5.02083,3.26726,3.99797,2.10172,4.55765,5.05883,2.68366,4.07274
3.65187,3.93895,4.18102,3.22607,3.51556,4.0296,3.77843,3.64114,4.57896,3.84719
4.17251,5.27152,4.31956,6.62252,3.97541,3.69375,4.31515,5.52856,5.20453,2.71044
5.22196,4.13879,5.00411,3.40304,5.67592,2.58677,2.96649,3.24657,2.73956,3.09769
4.81487,3.55629,4.26659,3.14567,3.09379,3.69026,5.10262,3.37198,3.70172,3.32201
2.28694,2.59891,3.0976,4.83511,4.9786,3.52887,3.33997,4.49933,4.7973,2.69679
2.42915,3.92865,4.03392,6.07695,4.76998,4.28962,3.0177,3.94306,2.07946,4.83287
4.16355,3.74732,5.10846,4.63674,3.97379,5.59567,5.031,3.39407,4.46174,4.08286
3.13022,3.08289,3.04074,3.45631,3.23204,4.43778,4.44799,3.60938,4.04981,4.05179
4.24605,3.44153,3.82816,2.72557,4.41153,3.75448,3.64687,3.563,3.65763,2.62593
2.73099,5.44571,5.01063,3.65367,1.72108,4.98932,3.23744,3.28067,3.33703,2.31685
4.80119,5.13311,6.20324,3.80277,3.98652,5.03943,5.48752,4.48818,5.04368,5.2439
5.13769,4.1637,3.10355,6.56228,4.99555,3.81761,3.24266,5.1003,4.47121,3.71236
0.673762,4.09111,3.6167,4.99395,2.57916,2.32395,1.05015,1.87999,3.52536,3.77404
4.13966,4.99886,3.90201,2.88438,4.13816,3.30208,4.13581,4.27172,4.02763,1.48505
4.46862,5.38516,5.34447,3.35701,4.59509,4.40585,3.43848,4.04479,3.90728,4.16714
3.83084,3.97306,5.37197,3.40228,4.69425,3.82735,2.9682,2.67397,4.28576,4.55736
3.93865,3.87728,1.55219,5.18178,1.71287,4.03248,4.45452,5.71002,5.96979,4.43526
3.87204,5.76695,4.16697,4.4723,6.00232,3.81362,3.67671,3.48416,5.43938,5.47921
3.53865,3.63502,6.24511,3.76844,3.41101,2.24351,3.70568,3.28727,3.89788,5.16271
3.05736,5.20831,3.83877,3.71881,4.90808,4.58442,2.78753,3.31628,4.28547,3.5674
3.63621,3.24707,4.15368,3.78635,4.68646,4.67703,3.40769,1.92781,2.40114,2.78475
3.00616,3.33776,3.85054,5.89442,3.95152,3.27399,3.01679,4.6884,4.13062,5.82657
2.51907,4.30133,5.38946,5.91739,3.83984,2.62706,3.41171,3.04636,3.69088,3.5996
4.81971,5.09453,4.44984,3.6441,1.75946,4.89376,4.18494,3.2134,3.01029,4.76178
5.55225,5.26183,4.57184,3.43329,5.983,3.42984,2.23335,4.15635,4.73559,5.81994
4.88218,4.91773,4.87563,5.10139,3.54686,5.05375,2.67449,4.0766,4.11587,4.02292
4.17614,4.32739,4.59307,3.9093,2.2419,3.35361,2.79192,4.74888,4.75899,1.74526
5.62696,3.28449,4.29678,6.00372,4.42753,4.22652,3.54115,2.59758,2.59506,4.79861
3.92163,3.38643,4.58116,2.88944,4.24747,3.18858,4.60333,3.90127,3.74419,4.02116
3.55634,4.07709,3.95957,2.62779,5.03737,3.58197,2.18129,2.96634,4.37098,3.89911
5.34599,4.21221,4.92778,4.3491,2.69043,4.00319,3.13873,4.40485,4.67816,3.75402
3.56633,3.0353,3.57276,3.37172,3.54323,4.30089,4.64825,4.82385,3.10794,4.26615
6.55079,3.29929,3.21276,2.98161,4.46942,3.63634,4.79639,2.13803,2.4419,3.62119
5.36904,4.66893,2.9931,4.2654,4.70558,3.10837,2.6707,3.09001,5.08083,4.58641
6.04425,2.13007,3.24016,3.99038,3.3727,2.22467,4.6468,3.45069,3.3352,2.96565
4.01014,6.11809,3.77444,3.44631,1.17664,2.521,7.16593,5.23133,5.21243,4.60437
3.17548,6.15084,3.37116,2.52237,2.92441,4.18319,1.8558,3.38262,3.59185,3.79701
3.77501,1.81278,3.44356,5.47538,5.61,3.09423,3.89265,3.59204,3.91664,3.81615
3.24971,4.74289,3.18817,4.42389,4.29253,2.69228,3.761,3.9339,3.51336,4.12516
4.08741,2.14082,4.64632,3.42087,3.33434,4.34759,2.38485,1.43232,2.48163,3.99557
5.10356,3.96053,3.34485,2.06518,2.69105,5.51798,3.77522,4.71223,4.17007,2.52983
5.16001,3.74906,4.33018,3.73146,4.50419,4.4129,3.97162,4.45092,4.66993,4.61961
4.42383,2.37395,2.8572,3.20025,3.41743,4.51837,4.71376,3.42906,4.28937,2.59458
3.74638,3.76812,4.74243,5.03609,3.17589,3.15805,4.85968,2.03448,4.73716,6.44123
2.23755,4.03017,3.71515,2.59184,4.31395,3.59481,3.006,4.86836,3.0881,3.73528
2.85383,4.33064,4.6104,4.53003,4.34738,3.29901,3.67958,4.54193,6.19718,3.80432
4.31845,3.41259,4.68757,4.18048,3.28121,5.80796,6.17512,3.61603,1.72374,4.04932
4.9436,3.4592,3.14646,4.37467,4.98185,5.69374,3.3697,5.30611,4.28481,3.38884
3.79247,5.35611,3.41434,3.60023,3.30189,3.76449,5.12322,4.71347,4.21274,4.72738
2.0436,3.8587,4.45244,5.29634,2.67692,2.56504,4.40071,3.84751,3.71325,4.03947
3.01542,5.3316,4.13972,4.77228,5.18536,2.91862,2.90676,3.08177,2.65249,2.64086
3.41608,2.56089,3.17789,5.50149,1.91596,2.59073,1.84025,5.32008,3.97805,4.6812
3.63015,3.72728,5.74329,2.40929,2.02961,4.38065,4.1901,1.91562,5.36325,4.94593
3.88301,5.74508,3.82326,2.68213,2.36964,2.73909,3.26888,3.20005,3.15786,4.09761
5.70292,4.13127,5.84017,2.28298,5.29332,3.76506,2.06741,6.16688,4.31488,3.64292
4.654,5.17794,3.74278,3.95315,4.85596,2.13641,3.9861,4.70505,4.76098,3.62489
3.33471,5.69752,3.88415,3.95052,3.97574,4.04858,4.5078,2.10583,3.82709,5.93197
3.83163,1.95862,4.7482,4.94251,3.44087,4.9412,3.80703,5.9468,4.35538,3.63815
6.32721,2.93871,3.9082,2.59727,5.06062,4.08856,4.40684,4.0646,3.97917,3.10605
2.94459,3.74218,2.77604,4.45119,4.46852,2.94097,4.88416,3.35863,2.85873,4.00179
2.86614,4.59314,4.26563,6.13336,4.87614,5.63676,6.1324,4.22471,4.5761,4.8566
3.78498,3.85056,4.74082,2.28053,3.20641,5.25119,5.6043,4.61497,1.63179,3.15787
3.65296,6.78521,5.22629,2.23246,4.27914,3.43032,3.42154,3.77117,4.04266,4.52264
2.88578,2.59495,5.34229,4.88662,3.07717,2.67444,5.63584,4.8181,4.09429,5.42481
1.60479,4.20958,4.39885,5.23652,3.87849,4.00063,3.20991,3.75094,4.95193,3.80301
2.83496,5.81238,3.65288,5.37162,4.41986,5.6978,2.4325,4.15581,3.37065,3.45725
5.30433,1.86126,4.77955,3.53351,3.80533,4.81957,3.38561,3.72876,2.61174,4.13121
5.54298,3.77459,4.29882,4.56589,1.79642,3.91407,4.32147,4.259,3.5514,1.78172
4.06277,4.96811,4.62749,3.29413,4.53283,3.39486,3.88301,4.97379,4.57608,3.32199
4.06948,4.61493,3.01844,4.46359,5.17166,4.6858,1.78951,2.45654,3.23494,3.54387
1.32496,4.42702,4.88497,4.12091,3.21481,6.27052,5.10347,2.93615,3.42461,2.52728
4.80002,3.2184,4.86275,3.50299,3.14067,3.29775,5.44763,2.61019,4.09604,2.62535
4.81024,3.11876,3.01456,3.6197,3.83609,4.69482,3.39693,4.2888,3.91824,4.11423
2.93317,3.45904,6.08145,3.46212,3.64882,2.4488,3.27055,3.82613,3.77993,4.87999
5.54239,3.70281,5.34656,3.77218,3.46214,3.38233,3.57711,2.06649,4.30855,3.63502
3.771,2.23443,5.49928,5.40454,4.89274,4.75467,3.76126,2.57141,4.6795,3.18897
5.54351,3.2222,4.57438,4.10505,4.7062,3.74643,3.40198,4.00205,5.2884,4.30063
3.41072,4.24302,2.42052,6.94493,3.7074,3.17172,6.1723,4.07373,3.66697,4.07325
1.76504,5.64682,3.09261,4.35116,4.12119,4.74219,3.33211,2.0623,4.4991,4.65901
4.41406,3.46331,2.51072,3.02945,4.94715,2.996,4.21701,3.91212,3.30967,4.02093
3.45867,3.488,3.76339,4.64487,4.82611,1.29866,3.36831,5.18402,3.99848,3.59725
3.19035,3.32014,3.87283,2.77939,4.12896,2.65324,4.20443,3.88473,3.72495,5.41742
3.30674,4.70325,3.28725,4.71316,6.28603,2.87808,3.69876,4.81322,3.43144,2.30738
4.61552,4.3907,5.13367,4.00443,4.48284,3.30637,3.97516,5.19347,3.27622,3.41835
3.56801,3.78111,4.95257,2.8427,3.84157,5.19402,4.55885,4.92677,5.54687,3.11445
3.69572,5.39659,2.93396,3.50544,4.62496,3.8257,3.73168,2.80679,5.66617,5.86899
3.42214,3.39695,3.85685,1.93182,4.1356,3.04208,3.25499,4.74439,5.05015,4.90618
5.93918,2.94755,2.35719,2.08997,4.58827,3.55088,3.08995,5.22827,6.2399,5.93957
6.43782,2.2972,3.29036,3.22964,3.20717,3.37561,3.17798,3.98323,6.25541,3.28062
3.89161,3.80888,5.39026,4.40787,3.82391,3.92975,2.221,2.38929,3.31391,2.93847
4.69335,2.94353,4.37785,4.68798,3.73128,3.71723,5.31008,4.07543,3.14535,4.08288
3.23541,2.68839,3.40571,4.09771,5.39719,4.04366,3.9692,4.31041,3.87907,5.06037
4.8521,3.34602,3.73673,2.49622,5.22877,3.91951,4.97999,6.91722,3.97154,3.14697
5.29626,5.07155,4.6535,4.40562,5.67161,3.15908,4.36843,4.23219,3.20611,4.74745
4.12232,5.15792,4.51719,4.67411,3.867,4.0304,3.26578,3.99489,5.19378,3.0537
4.62833,4.62236,4.00159,4.50511,4.45551,3.84147,4.51357,4.00138,2.98195,2.96192
5.2813,3.44087,3.56485,2.26513,2.68174,2.78858,1.40686,3.43712,3.12235,4.29389
5.25606,3.39951,4.14537,5.03494,2.00739,3.93144,4.24158,2.91651,4.40152,3.61654
3.47001,4.74174,2.67206,6.20111,4.18154,4.44106,4.86176,4.44215,6.43121,2.63983
6.59706,2.33659,4.23328,2.55016,3.68146,2.15115,2.70044,3.58151,4.61509,3.46071
3.27137,3.91165,1.98044,4.51804,4.28741,5.31523,4.16475,5.62252,3.90226,4.66314
4.1929,5.22491,4.7175,4.4913,3.534,4.05511,4.49285,5.2869,3.07899,3.5312
4.04565,3.95421,3.7425,3.18375,3.3558,4.5011,4.76101,3.34693,3.915,4.42669
4.57147,4.53829,5.01544,4.3123,4.33278,5.11441,3.86764,2.8976,2.7616,3.51045
3.40821,4.76384,4.12758,3.20208,4.51098,3.53504,4.52467,3.29143,4.47301,3.75781
4.20124,2.68235,3.83485,5.01178,2.87511,4.21168,4.55018,5.26619,2.81705,3.33076
4.4013,4.7161,2.59621,4.3461,1.87435,4.91565,5.29765,6.52007,5.80755,2.82025
