10
5.0417,3.63477,3.1382,3.60237,4.77467,2.31353,4.41997,4.33986,3.311,4.32498
4.3196,1.49916,3.15246,3.36869,3.82618,4.86986,5.25317,2.88424,5.73928,2.11534
4.29184,2.50048,3.68091,3.57294,3.92947,4.77129,4.7373,4.50949,3.81337,3.28234
2.9371,2.36751,4.20192,1.93765,4.05758,5.93249,3.53595,3.53112,4.13422,4.21578
3.45876,4.27546,3.73461,4.59735,4.35296,4.06618,2.40711,1.9364,2.69947,4.06113
2.40617,3.19111,4.86718,4.03529,4.6564,2.92001,3.90889,5.15222,4.84364,3.47863
4.98012,2.377,4.1091,2.64632,2.92465,3.75562,4.79704,2.70758,4.23296,2.85715
1.70829,3.26397,2.84502,3.84671,3.34936,4.87964,3.98121,1.84053,3.29353,4.66501
4.23146,4.26642,2.97442,5.02886,3.34279,4.29627,4.68765,4.24108,4.75209,3.77513
4.89776,5.30056,4.30445,3.79927,2.89965,5.1268,2.29529,5.07861,4.03759,4.20801
4.19125,3.1938,3.18846,3.85903,5.54761,3.69631,3.274,4.58461,5.787,2.9654
4.46878,3.43548,3.33793,3.16988,5.27128,3.17371,3.41313,3.0113,2.62634,4.08303
4.2637,3.33239,4.52985,4.23013,4.65102,4.13781,4.36957,4.14096,5.14901,4.4027
4.18773,1.88217,5.01105,3.70524,2.86005,3.46125,3.19985,3.48902,4.24736,4.95832
4.81003,4.93812,4.7002,4.44041,5.4964,3.81761,4.05427,3.15435,5.52847,3.04553
5.48066,4.83733,4.07977,5.14483,3.12448,4.53629,5.02036,2.66061,3.79196,2.75028
4.37852,3.0495,2.46784,4.71488,4.28985,3.6759,5.74446,2.20977,5.69989,5.55158
3.2226,4.02068,4.39043,5.56165,3.79849,3.18819,3.46851,5.89031,4.89852,4.03138
2.8276,4.5445,5.21847,3.42072,4.10138,4.25916,3.69851,2.69665,5.30148,3.76023
3.74725,1.39626,4.97479,3.58601,4.77625,4.3127,3.90504,3.02448,4.29598,3.6947
3.30953,3.18491,3.53498,5.02517,4.98111,3.11758,4.71687,4.58661,2.76429,3.33934
2.67864,4.64267,4.90516,2.53598,3.96658,6.20963,3.79314,4.33709,3.01114,3.22265
5.24175,4.36446,4.3888,5.37481,3.31438,2.78466,2.69653,5.32256,3.83247,2.95805
3.80543,4.40147,3.87047,4.49924,5.22706,3.18319,2.51698,4.91134,3.6354,2.26607
3.96577,5.50347,3.2492,2.91674,4.36256,4.13333,3.55758,4.14161,6.47983,5.65685
4.3042,2.64829,6.15455,4.00545,3.31498,2.92314,3.19551,5.09417,4.0783,3.9831
3.99494,3.36481,5.14323,4.44127,2.75889,3.36847,6.70169,4.39714,2.60048,3.18236
2.95368,4.0727,3.62687,4.13553,2.74355,4.32214,4.78796,3.81073,4.91577,3.92597
2.39591,3.70395,1.64449,4.84583,3.56198,5.17905,4.23106,3.07568,2.70261,4.08452
4.88403,4.76979,3.85352,3.82878,4.18538,5.14113,5.81993,2.53825,3.70587,3.90333
5.04258,2.32783,4.27301,5.05312,4.2132,3.72576,4.2356,2.86567,4.39851,3.44663
3.69765,3.89338,4.66726,4.43642,4.77028,3.2252,3.07533,4.14598,4.21108,4.12278
5.38879,4.16984,6.24924,4.74533,3.47007,3.73328,4.22457,5.36009,4.05532,5.18347
2.67419,4.97218,3.8983,4.9651,3.73885,4.44453,4.08718,2.4193,3.38273,4.9421
4.12054,3.69241,3.01224,4.65177,4.08447,2.1473,4.05013,3.20554,5.5767,3.89096
3.83943,5.04848,2.17721,3.78631,4.15248,2.99697,3.56967,4.59383,4.12678,5.03808
5.58785,4.71023,3.23186,2.31041,4.76151,4.24332,4.3641,4.42512,3.08019,6.454
4.49971,3.07624,5.37923,2.56189,3.66996,2.65208,4.7807,3.85438,3.5385,3.04952
5.10129,2.10776,4.28422,5.97451,3.95874,5.82639,3.04279,4.81578,4.83319,6.09533
3.27281,5.07351,3.74703,4.0441,4.25046,4.13878,3.07585,5.0203,4.75384,3.31063
4.782,4.53627,3.10398,4.10535,4.93068,4.87383,4.58092,5.30812,5.01201,4.67682
3.22972,4.29355,4.12173,4.23649,3.98995,4.0944,4.83387,4.72017,3.27718,3.34417
5.00877,4.3661,3.96584,2.55366,3.25672,3.93751,3.04277,5.14115,3.79994,4.93908
2.6191,2.48052,5.45928,3.35395,5.03617,4.75777,4.0811,2.66346,5.26622,2.75074
4.32116,3.76504,4.08804,3.86704,5.38056,2.25005,3.96427,4.28703,3.55259,3.31031
5.09928,3.38331,2.85558,3.52635,1.58764,4.7889,4.24139,3.3411,3.76328,2.10168
5.35803,3.12644,4.54986,3.89533,5.17999,3.06685,4.28181,4.1827,5.28362,3.99989
4.06413,3.28042,5.00389,2.84736,1.37211,4.76456,3.52379,3.142,5.191,4.19631
3.0134,5.45272,5.40118,4.07803,3.59444,3.93871,4.05198,2.44421,4.7883,5.24371
1.99846,4.43367,4.88661,3.24486,4.64821,4.97068,4.30586,5.51995,3.48984,3.15399
4.09556,4.5277,5.05952,4.43011,3.15671,4.76546,4.48188,4.85604,4.87287,2.19436
3.34261,4.3099,3.83048,5.27984,2.80699,4.85369,3.98822,3.99635,3.61564,2.99306
4.55334,4.23691,3.57203,4.0081,5.61878,4.76379,5.11824,3.85843,4.17658,2.53507
4.10135,4.65901,2.79447,3.80995,2.60063,4.0522,4.65074,1.29376,3.96025,4.04661
5.61177,3.32256,4.93107,6.32167,3.603,3.79043,2.65315,3.47864,2.92616,2.6717
2.15108,2.64513,3.63243,1.88335,3.69334,4.83791,3.83671,4.43598,3.31553,4.78863
4.03316,2.61952,4.8134,4.31754,4.11245,4.90558,5.40495,4.73214,3.40462,4.80777
2.51572,6.24381,4.45619,0.760763,4.58821,4.68937,2.60471,3.41785,5.10776,1.96541
3.68796,4.31771,3.36243,3.92156,2.21798,3.96116,3.41332,4.19279,4.22442,4.06971
4.33678,4.83953,2.32746,3.67824,3.77337,2.85206,6.96851,1.96535,2.58312,3.57147
2.58564,3.48286,5.02111,4.47282,3.79109,4.36748,3.81803,4.38386,2.05482,3.72092
3.26601,3.67412,3.43662,6.10025,3.48986,2.91406,4.55384,4.44402,2.20023,3.98322
3.72569,5.48853,2.45764,2.51916,3.69351,4.0583,5.88168,3.38636,3.56618,4.35782
2.61418,4.77228,5.59878,3.3326,5.73188,2.12381,4.95923,3.54717,2.54809,5.04565
4.81462,2.76338,4.2212,4.50002,3.2498,5.09177,3.91157,3.97581,5.55327,4.48229
5.21562,4.27676,5.41469,6.74712,4.2662,4.8888,3.5287,4.75978,4.80642,2.88424
3.95732,4.99698,3.30942,4.00459,2.67283,3.08412,3.20058,3.43195,4.28496,3.22645
3.75814,4.41737,3.2742,3.61162,2.46051,3.8827,3.77479,2.95911,3.32802,3.93929
6.302,5.42331,1.51483,2.35803,4.53211,3.604,5.12806,3.66846,4.41983,4.34402
4.42254,3.0328,4.84589,4.26089,4.21226,3.97303,5.10943,4.49678,4.79413,4.73358
3.88633,5.05187,3.01928,4.57757,4.95801,3.7587,2.41912,3.68791,2.98258,5.60478
2.8958,4.83964,5.85932,3.90225,2.32914,4.27162,5.19511,2.3323,3.18806,4.53471
4.92794,3.58375,2.72855,3.78575,2.89503,3.97443,3.71774,3.52101,4.72345,4.15103
3.01167,3.53051,2.92982,5.6643,2.65004,3.43608,5.10606,3.37146,3.87793,3.69833
5.94943,5.13388,3.40337,3.72616,3.18717,3.83029,2.94435,2.92519,4.95725,4.6521
4.03101,4.26923,4.08733,6.09838,5.27191,3.4192,2.90581,4.75049,6.36129,3.55408
4.34647,2.06437,3.31995,2.92619,4.85842,3.09436,3.73817,4.37473,2.81123,4.43816
3.39874,4.9882,4.82164,3.48271,2.73409,3.18807,4.56778,3.15717,3.62995,3.7213
4.29242,3.1186,5.78639,4.14644,3.76592,5.48898,3.5505,4.69258,4.40225,5.75059
4.51414,4.10595,5.03657,3.46303,2.99791,3.04029,2.9919,2.84446,4.61744,4.17039
5.80938,6.18631,4.08108,4.99954,3.63161,4.78862,4.70952,2.58159,3.66232,3.89062
4.91208,2.37817,3.96931,4.29066,4.86868,5.00988,4.22787,3.63257,3.79612,2.03054
5.08028,3.18523,4.60149,4.35132,5.94117,5.09104,2.66845,4.52328,4.80249,3.74193
3.64724,3.33117,3.02868,4.36798,3.83581,2.19321,2.99433,2.37177,3.7178,3.87228
4.42442,3.543,3.35649,2.33534,3.89771,2.76422,4.87436,5.49533,2.27397,2.79293
4.61744,4.2989,3.88321,3.58281,3.21712,5.27838,3.81993,4.62834,4.67478,5.46216
4.68254,4.09574,4.58861,5.95783,3.23187,4.69309,5.9888,4.25327,3.80091,3.59507
2.66452,3.39905,3.5297,4.00639,4.35832,4.88023,5.13276,3.63914,3.89047,4.08835
3.12133,3.79627,5.15276,3.44631,5.2931,4.4618,5.53989,4.42554,3.8063,3.68603
1.68788,3.69181,2.27568,3.85682,2.7739,5.44024,5.36067,3.9829,3.96306,4.29459
2.74615,4.57865,3.52281,4.35407,3.68501,5.37589,4.75168,5.01852,4.01734,3.77437
3.20185,3.82812,5.03694,3.44111,4.3207,2.66802,4.43508,3.39674,4.90917,5.01399
3.83831,5.06881,5.1475,2.72035,5.24757,5.72803,4.34081,5.61726,4.03737,4.31497
3.86698,5.22057,3.48524,3.29787,3.40136,4.25483,3.84462,1.72785,4.6556,2.76146
5.26998,3.94828,2.58558,4.12939,5.05349,4.04186,2.16646,2.33993,4.55258,1.82087
5.50238,5.32205,6.15504,5.89114,5.12059,4.16373,4.19887,3.43852,4.75358,4.54767
4.18313,3.50187,3.58896,3.76572,4.6347,3.25072,3.2463,4.20886,5.15624,4.18624
5.55232,4.63215,6.13562,4.58665,3.74756,3.90285,2.53772,4.60529,4.05877,4.72958
4.07452,3.61826,5.22727,4.96301,3.60513,3.71704,3.34259,3.511,4.38515,3.18401
4.97897,4.7472,4.84837,2.55795,3.88785,2.89074,3.60923,3.87627,3.29689,4.2235
1.8719,4.53867,4.8225,4.7923,3.01984,4.62323,4.38923,3.94996,4.89119,2.9793
2.39075,3.61736,2.67882,2.81928,3.62913,6.37597,1.76605,2.26382,3.12541,4.84315
3.68373,4.10644,3.45136,6.00605,3.11855,4.81654,2.63831,5.16274,3.27352,4.30124
4.50846,5.38458,5.22944,4.64359,3.76683,2.07882,3.17554,4.32364,3.8899,3.65829
3.43812,3.7975,4.46626,3.95618,4.26097,2.37229,2.99065,3.7483,5.16024,2.92113
2.31607,4.98231,4.24598,4.56424,2.31756,3.61314,4.30324,2.78427,2.41086,4.20181
4.33524,3.05347,4.94649,3.53672,5.30173,4.38874,3.36035,5.05313,2.95926,4.8092
5.89128,3.32191,3.20412,3.32104,4.63409,4.35364,4.5755,3.28464,5.01207,2.78509
5.17201,5.46436,4.80521,1.18309,4.53674,5.7895,3.51152,3.39807,2.31917,4.53668
4.01865,3.09173,4.83719,4.0794,4.55781,3.53516,3.92493,2.57811,3.87968,5.00992
4.40908,4.74687,6.75959,4.71364,3.72129,5.7534,2.65058,5.12535,3.68813,3.75186
3.44827,6.1148,5.35217,3.86156,3.73557,3.71351,4.52161,3.69388,3.38094,4.26271
3.86886,3.19678,5.03598,4.37672,2.86239,4.51326,4.62888,4.25883,6.14086,3.01901
2.77303,5.11475,1.70686,4.0827,2.90344,3.34394,2.9131,4.29634,3.67988,5.32122
4.37832,3.10973,3.97911,3.768,3.54158,5.97166,2.31401,3.45155,4.9663,5.15827
4.31847,3.23139,4.7509,2.53586,4.04074,4.63258,3.10859,3.07328,3.6731,2.90911
2.71602,4.49365,6.06377,3.84322,5.16334,3.26111,4.85293,3.82089,5.05187,4.54929
4.18431,3.63742,3.74908,5.50355,5.25632,3.97272,3.95304,5.48358,4.86499,5.44705
4.86235,3.60269,5.12154,4.10035,2.85757,6.43555,4.04783,5.13504,2.1674,6.13587
3.83174,5.29018,4.59076,2.7768,5.54062,2.65066,3.77649,4.20476,4.70305,4.84463
3.59712,5.14095,6.56732,2.54653,4.88385,2.05566,4.67881,4.14543,3.45054,2.58375
2.72546,3.13857,4.95395,3.30609,3.47528,5.84884,3.84233,3.90415,3.75361,3.75727
2.25781,5.98507,4.38422,3.77889,0.896301,3.21039,3.12376,3.98144,6.35905,4.50886
5.59174,2.74856,3.67354,4.94905,5.68725,3.08409,3.65006,5.03861,3.96954,4.29498
2.97532,4.86289,3.12012,3.9316,4.80646,4.50837,5.49192,4.30103,4.42772,3.78414
4.75009,6.34332,3.74233,4.67271,3.09828,3.41802,4.54997,3.27355,1.72889,4.70346
4.65319,3.5106,5.1174,4.17077,3.42735,4.77335,5.11585,2.73872,3.9866,3.8145
4.06233,5.68194,3.34333,4.53645,2.89009,3.1934,3.95708,4.00631,3.94664,5.84209
4.60531,3.37497,3.85524,3.92192,3.77275,5.1722,3.91706,3.29018,5.13229,3.7415
6.50892,2.52166,3.42613,2.60812,4.32813,5.26766,4.69582,3.9297,4.98068,4.25916
5.26512,2.91557,3.94246,5.28148,3.38014,4.82927,3.57726,3.17119,3.26563,4.24743
4.29308,5.09624,2.79229,4.48508,5.69355,1.76982,2.87428,4.32617,4.68201,4.06196
5.26412,5.2859,3.75668,4.42019,4.35244,2.37989,3.23504,4.66239,4.36358,4.89445
1.57918,4.49394,4.94726,4.13544,5.80012,4.13192,4.97172,5.69727,1.84545,4.32261
2.98251,2.47493,3.73362,3.02943,4.01597,5.49365,3.75977,4.07288,3.98248,4.93663
4.31353,2.88021,2.05673,4.04548,2.63092,2.55588,3.86616,2.44054,4.24482,2.64271
4.68835,5.26156,4.82364,4.40585,5.56263,1.56134,3.57469,3.8773,4.84917,3.11354
4.77294,3.07165,5.57642,5.74117,2.24901,4.1968,3.14229,3.91355,3.26136,2.63878
3.73953,3.40975,5.73845,2.51995,3.37096,4.27316,4.09251,3.73741,3.48757,2.96571
3.53383,4.35968,4.25907,4.47706,2.25583,6.22245,3.31014,4.66515,4.40937,3.75699
3.81878,5.87636,3.81071,4.24356,4.16277,3.92682,5.19171,3.93338,3.33389,2.71515
4.17377,5.82172,3.93949,3.23332,4.85115,3.42793,5.16796,5.70293,5.8136,4.69545
3.74158,5.20543,3.3328,2.9038,3.6798,3.33586,3.70404,3.76909,3.46259,4.23594
4.73088,3.66365,4.95395,4.66916,3.80027,6.16396,4.29944,4.15885,4.03607,3.19132
3.8201,5.7521,4.43626,3.77329,3.05016,2.88187,3.12459,3.86505,3.69348,3.7123
3.64791,3.67517,5.04695,2.96074,5.0353,4.29739,5.28209,4.15955,6.21921,4.3745
5.97866,4.02532,3.5729,2.70159,2.96747,4.3705,2.63191,2.19986,3.40825,3.36077
3.47635,5.46499,3.42721,5.26127,5.21917,5.06837,3.77552,5.77695,3.50581,4.44818
4.28141,3.58976,2.46984,4.75816,5.5746,4.44759,5.27515,4.03877,3.72613,1.35445
3.81473,3.7228,4.49505,4.38274,1.75046,3.39692,4.7689,3.6855,3.87247,1.50906
3.70256,4.37696,4.51156,3.78245,2.94655,3.92216,5.75728,4.66413,2.42454,2.04368
2.09909,3.98314,3.84838,3.33269,4.90854,3.61781,4.8037,4.68325,4.12607,5.09738
3.58343,4.5667,2.56949,5.12736,1.64021,2.72126,4.16015,2.54833,4.26575,4.31027
3.35851,4.44727,4.66427,5.92117,3.89881,2.47409,5.09169,4.88097,4.34512,3.41814
4.32509,4.21872,4.26212,4.50272,4.72921,3.41568,7.1679,5.97749,3.8791,4.94599
4.78633,4.32843,4.55315,4.95735,3.39033,4.34399,4.9086,4.70404,5.63559,5.02639
5.57056,2.80867,3.54116,6.83915,6.03778,2.90266,2.81838,3.89216,5.47051,3.74127
3.52502,3.93669,3.56211,2.71314,3.35779,5.18924,3.93461,4.56682,2.79892,4.26997
6.08052,4.75138,3.90501,3.5549,3.40873,3.56902,2.61034,4.17632,3.40315,4.47943
4.3617,3.69036,4.27234,2.8777,5.23679,3.57861,2.22362,4.08022,2.45893,4.56463
4.0467,4.55919,3.90413,4.50434,4.62152,2.84612,6.14514,4.64988,5.59823,3.73784
4.1968,3.7563,3.06274,4.47559,2.39602,3.51049,3.87738,3.86203,4.04504,4.62552
3.37277,5.49542,5.32319,4.4512,4.03075,5.57922,3.42814,5.23467,3.00661,3.11686
4.61922,4.39179,3.63228,2.64122,3.17769,3.59911,3.08753,4.77493,2.45975,5.73004
1.66005,4.30963,4.51608,4.89603,2.30205,5.83631,2.64434,4.1199,3.68476,2.6435
4.3201,3.9414,3.99231,4.4787,3.41155,3.69169,3.64436,4.49758,1.84381,3.83487
2.7931,3.70557,3.94106,4.10598,1.89147,3.71522,3.76766,3.7395,3.00224,2.67275
3.70872,5.94645,3.68036,4.01058,2.42318,3.83384,4.22522,5.43486,3.09961,4.83225
4.98994,3.64938,3.05937,4.86017,5.59629,2.109,4.30743,3.53963,3.8074,5.8359
4.61547,3.09173,4.66588,3.20233,3.14659,2.81452,3.92926,4.47994,5.63852,3.8835
3.58886,4.25159,3.36654,3.67995,2.27429,4.92452,4.77262,3.89824,3.98535,3.29608
2.51286,3.86329,5.41039,3.19131,2.94478,5.40396,3.33869,2.55532,3.66329,6.81647
4.49268,2.02247,4.24405,4.69724,2.70092,3.70686,4.92514,4.95556,2.70255,2.54832
4.206,4.4345,4.80767,4.62951,2.67943,3.2647,2.84577,3.78108,3.7667,3.85536
3.44611,3.05188,3.32698,5.14539,5.57704,5.43804,3.22633,2.3217,4.31627,4.09618
4.4878,3.64897,2.30618,5.65975,4.33888,5.34605,3.09167,6.28255,4.26681,2.64683
3.73162,4.8824,2.45695,4.13679,3.71698,1.42786,3.98834,4.94078,2.45541,4.29953
4.9266,3.41009,3.89744,5.28965,2.07718,5.42935,1.85635,3.54589,4.03452,4.00948
2.46661,4.43425,2.44521,3.56935,4.38899,4.6013,2.35592,2.72556,2.69415,3.75388
4.4633,5.90578,4.41399,5.75103,3.7228,4.46047,2.82622,2.97157,3.09924,4.24954
3.18169,3.9875,4.42584,5.00322,4.62326,3.80482,2.69448,3.04286,5.27866,4.20532
3.34244,3.72098,6.39564,2.86711,4.64231,2.23584,3.3933,4.49721,1.77398,5.26391
3.26245,2.72066,5.3516,3.19691,5.2082,3.48902,4.8345,3.83277,3.59994,4.73656
3.48181,3.69468,3.91586,4.02422,2.34826,4.2343,5.10931,4.46381,5.09774,4.13397
5.51597,5.08606,1.53,3.45557,4.01617,3.8784,3.31812,4.41243,3.96507,2.74722
3.81718,2.1907,3.63063,2.59153,3.60961,2.09521,5.29696,3.84621,2.83748,3.35351
2.94353,2.69206,2.17361,3.92434,3.8978,3.24476,3.64104,2.99684,3.4537,3.95413
4.26037,4.45141,4.10711,3.35186,4.01669,6.99766,4.10524,3.80976,3.72108,5.70536
2.11699,4.28886,5.30825,6.14784,4.48715,3.78938,3.4231,2.34504,4.90095,3.67967
3.31155,3.48218,2.98485,2.61354,4.49916,1.56879,3.15611,5.18124,6.07566,3.38782
5.50744,3.94103,3.78723,3.74935,4.24966,3.9712,3.26467,3.74431,4.36848,3.81573
3.26614,2.48346,5.81354,5.07653,4.60357,6.09345,2.91058,3.42804,4.14686,4.25577
5.51816,4.58801,2.95168,3.69058,4.29495,3.17579,2.90646,4.33027,4.2486,5.00127
5.78603,4.49562,2.94372,4.99719,4.1152,2.93804,2.25909,3.35349,3.72964,3.46266
3.95825,4.27266,3.9088,3.89786,4.11343,5.98411,4.28232,5.21027,4.66735,3.8775
3.87161,4.41861,3.94371,4.40179,4.51413,3.36708,4.7007,3.37451,3.02364,4.95675
5.05624,4.14264,5.92438,4.97436,5.31948,3.65441,2.92064,3.24345,4.48738,4.3244
3.57794,2.7307,5.93371,4.23471,4.61078,4.54317,4.30709,3.9663,3.40959,4.10128
3.91517,3.9123,4.81077,5.36255,5.39679,4.28118,3.30636,4.47794,3.71309,3.38391
4.36162,4.44415,4.45838,3.83005,5.41095,3.5521,3.65264,6.55374,5.10024,3.92122
3.38938,3.22153,4.2837,4.42486,5.33182,4.5384,3.55225,3.40082,2.87366,2.89537
5.22112,3.47744,3.12635,4.16228,4.22851,4.06664,4.63439,3.99995,5.10222,2.97217
3.99074,5.67134,4.15757,4.84491,2.88185,4.09569,3.94361,4.72086,2.98038,4.40537
4.0801,2.88601,2.44569,3.5173,3.3468,1.99897,3.20343,5.82086,5.17612,3.32383
3.15248,3.71742,5.00438,5.80622,4.8327,5.02659,2.29549,3.3304,2.7315,4.86584
3.87178,6.10974,3.47073,3.80874,4.57443,4.58548,2.86774,3.09006,3.56104,4.9369
2.27556,6.19152,4.0907,2.82892,3.75476,4.54347,3.98865,3.39227,3.39742,3.04082
4.25658,1.80883,5.1089,4.65082,2.45615,4.73465,3.98859,4.84761,1.62881,3.51833
3.9535,4.85774,4.15879,3.65664,3.71442,4.60815,2.19391,6.06249,3.4355,4.50706
5.67921,5.59982,4.17875,3.38263,3.3097,4.89169,4.09429,3.87569,4.68122,3.96672
5.52336,6.04527,4.82861,3.9763,5.23475,4.81502,1.7453,5.3934,5.02524,3.08125
3.01882,4.64889,3.59595,4.69101,5.71434,3.76195,4.15376,5.76644,4.40047,3.22586
2.70086,4.92418,4.53247,4.18056,3.97114,4.51333,2.59471,5.14185,3.80833,4.46978
4.71622,6.18959,3.3711,5.50358,2.74555,4.38047,5.75216,3.7969,3.39619,4.93206
2.4458,2.14128,3.5992,4.78879,2.6935,3.84123,5.49811,4.30966,4.04007,4.32658
3.60168,3.95055,5.69849,4.58845,5.60939,4.28557,2.92973,3.88786,4.40825,5.86712
5.69925,4.18743,1.84112,2.24107,3.6989,4.56362,4.11468,5.17678,5.58144,4.49007
2.71246,4.11417,4.15854,3.76571,4.81709,2.88937,2.68046,4.79381,3.58863,5.26966
2.60821,3.24205,4.63388,4.03633,4.62946,3.91524,4.65091,4.45817,2.12003,4.2074
3.95828,3.5454,4.05571,3.77547,4.29615,5.01641,3.05668,4.72433,4.62194,3.03154
2.98626,5.34389,4.98703,4.16113,4.33588,3.17497,4.22578,3.25284,2.38957,4.54926
3.88942,3.68757,1.12894,1.29054,3.64664,3.0856,4.31635,5.31616,3.68908,3.59226
3.74658,3.5817,2.29352,3.45501,5.14197,4.3246,5.36471,4.88035,5.16408,2.97706
4.88252,3.69358,2.89647,4.45663,5.22376,4.10151,3.42225,2.08664,4.64897,2.65773
5.01379,4.11537,2.8854,3.11595,2.58921,3.68622,3.20043,3.67333,3.99991,4.41642
4.63474,4.38899,3.23215,3.55844,2.31166,3.8712,2.9151,3.47785,3.92226,5.27898
3.19194,2.96578,3.31801,2.92065,3.69673,4.66359,5.36323,4.08142,3.38305,3.13869
3.92728,5.28742,3.21625,5.55182,5.02711,4.27263,4.83476,3.50835,3.83724,3.44897
3.62453,3.58723,4.22917,4.37991,3.13964,3.69407,3.98308,5.44807,4.67102,3.49021
4.52304,4.70258,4.74079,3.61289,3.85347,4.59112,5.17135,2.97815,4.767,5.90172
3.98728,3.57872,4.07014,4.22752,3.42811,4.4929,2.8181,3.19668,2.58261,4.27588
4.71306,3.79685,5.54103,4.04635,3.38482,4.18221,3.64758,5.68941,4.41309,2.84648
2.99099,3.75431,3.84254,4.03938,5.38668,2.32505,3.2347,4.57467,3.7059,4.2635
2.42897,3.37809,5.0068,3.43942,7.31769,4.20599,5.10943,2.51303,4.27628,4.97243
2.74926,3.90629,2.40809,5.62551,3.44306,4.23693,3.9388,3.11937,3.33692,3.69729
3.04643,2.9327,1.80178,2.44214,5.11991,4.24593,2.45707,3.34162,6.00818,3.41593
3.38579,4.51183,3.18659,3.0606,4.87232,3.26245,5.78008,2.10593,4.52583,2.73078
4.08524,3.81596,4.27835,4.84197,5.9136,4.58782,3.46474,5.54815,2.80904,5.76502
3.54241,3.28133,3.09052,3.86983,4.55821,2.90163,3.21209,2.70015,1.46739,3.98608
3.48714,4.22328,5.0301,3.7565,3.72896,4.95595,4.43152,4.51365,4.14018,4.01018
3.60323,2.95244,4.40137,2.43794,5.83309,4.25665,3.30114,4.16035,4.24478,4.30596
4.40923,4.98554,4.99922,3.27622,2.2409,4.30548,4.25754,4.55752,3.4973,4.85046
5.10276,4.06891,3.99145,3.3512,2.15882,4.67077,4.20272,4.98715,4.26354,4.32229
5.12698,3.94689,5.56609,2.57002,3.95608,2.11111,4.12656,3.11226,3.78255,2.38877
4.26626,4.77154,2.585,4.57325,2.83848,4.78805,5.24545,3.14011,5.0201,2.5976
4.2771,3.35815,3.31036,5.32165,1.99153,4.08409,4.7111,4.23144,3.05153,5.31671
2.82906,2.7225,4.82608,2.495,3.80724,4.7815,3.34768,4.2506,3.94666,4.02522
4.59289,4.21984,2.67243,2.65938,4.99754,2.89519,5.28267,5.35104,2.94948,3.30198
3.3876,3.04008,4.07608,5.76328,5.9451,3.71422,3.64122,4.72849,4.50334,5.22767
4.2511,3.46429,5.60602,3.54563,4.45392,4.79178,5.52071,4.64419,2.97675,2.71181
4.30343,3.05935,5.09808,3.53267,2.51656,4.32093,3.49935,4.05319,3.14074,4.01691
5.37466,4.83766,3.8497,4.91153,4.21559,4.28598,3.02666,6.24281,2.85631,2.74882
3.88116,3.69594,4.94114,4.54071,3.21177,4.22315,5.1637,4.29934,4.26549,5.39285
3.1035,4.35637,3.65508,2.96651,5.29654,4.15534,5.50725,2.2361,3.67126,4.65824
5.71206,3.87382,4.4308,5.01745,5.70567,5.01483,2.33843,2.51029,4.95469,4.8564
4.18251,3.08436,2.94505,3.56192,5.22545,5.01616,5.31961,4.90838,3.0894,2.83616
3.86142,4.69742,2.76905,3.89953,2.21816,4.15085,3.46619,4.48749,2.92854,4.39502
4.553,3.32451,3.52082,3.54595,4.83676,3.7962,5.1924,3.48247,3.58793,4.38352
4.52409,5.52488,4.46953,2.13309,3.99923,4.36882,2.85417,4.44723,3.23935,3.23728
4.54026,3.49917,1.44245,4.9051,3.28094,3.488,3.94333,4.01898,4.58882,3.3422
4.34947,5.13958,5.39162,5.35221,4.3662,5.577,5.52244,5.41947,3.97827,5.81529
2.94307,4.02681,4.25866,6.25802,3.36269,4.56822,3.99961,3.52632,2.56946,4.53274
3.98759,3.49306,4.54084,4.59676,4.82213,4.96186,4.3638,4.8804,4.73918,2.99188
3.95989,4.50621,4.56491,3.47449,2.61298,3.59041,2.26496,4.76941,5.77626,4.00255
4.42648,3.69023,3.19045,2.88724,4.26266,4.57049,3.1219,2.20788,3.68024,3.77242
4.16916,2.40889,3.59012,4.10371,2.42337,4.77874,3.8713,2.31482,5.2945,4.13912
3.39503,5.11611,3.05137,4.4953,2.38977,4.14626,2.88093,3.11654,2.7635,3.80263
3.88957,3.18857,3.87353,2.96376,4.42023,3.66575,3.24162,4.17321,3.47342,3.23806
3.72517,3.81063,3.34571,3.68298,4.81219,4.47646,4.93223,3.40047,4.47102,3.63938
2.2075,4.17614,2.95466,3.43988,3.32253,4.9917,6.40848,3.32391,5.61569,4.31376
3.56417,5.6939,2.92195,4.12481,4.23034,2.80932,3.04302,3.12147,4.60208,3.05328
3.92504,4.58598,3.39937,3.22605,4.56075,2.96644,3.73755,2.37753,3.02153,4.12431
5.45505,4.48725,3.63276,2.82069,3.97972,4.12525,4.22407,5.66635,4.37876,6.6286
5.36068,4.50086,4.51463,4.89115,3.60947,2.99199,5.61031,4.44077,3.41292,4.49364
3.68381,1.09544,3.36733,5.87304,4.68407,5.14067,3.18691,5.56846,6.21809,3.90497
3.25202,2.81511,3.73076,2.70747,4.2253,5.14273,4.30506,4.25096,2.31742,4.01724
4.11062,4.63762,4.39191,4.51206,2.255,5.21453,4.63216,4.41371,5.3419,1.95636
4.43272,4.34513,4.96201,5.06488,3.90754,4.98666,5.34758,2.77553,4.40741,3.39589
3.45812,3.33933,3.71791,2.32303,4.39414,2.84292,3.97911,4.09569,4.50104,5.58872
5.10115,3.69712,4.92925,4.75628,3.2472,3.99209,4.40228,3.67729,4.85267,3.6634
2.50646,4.82397,3.52876,4.9903,4.0874,3.79519,3.85156,3.01392,3.42819,3.34372
4.40347,4.6906,3.4033,3.15765,5.44446,5.81267,4.13723,2.45374,4.3264,5.96503
4.42588,5.28925,5.09615,3.86698,2.37613,4.3548,3.47336,6.49361,3.40233,3.1669
2.41532,4.46652,4.51598,4.758,4.22257,5.64098,3.44911,4.75378,3.40032,5.15936
5.06973,3.10635,3.01964,5.02587,5.02466,4.23718,4.52616,3.47631,5.605,4.13471
3.56948,4.90333,4.4662,3.18417,3.95708,3.46823,3.84117,4.16008,4.56514,3.44417
4.57755,5.04065,3.3871,4.50598,4.28083,3.43267,2.9944,4.14982,2.10309,4.14372
3.68596,4.69669,2.39994,4.35305,3.66804,3.21773,4.06087,4.85641,1.6542,3.73589
4.72371,5.5356,2.74708,3.27799,3.13473,4.8593,3.13832,5.39056,3.13746,4.31657
4.85199,5.95896,2.79674,3.58932,4.53561,3.49944,5.62972,5.68997,3.44235,3.77682
3.51261,1.35736,2.21559,4.16037,4.20122,3.39984,5.31998,3.85872,2.36816,1.42147
3.49534,2.67666,3.81231,4.82087,4.96176,4.41501,2.61988,4.8771,3.94682,5.19968
3.758,2.68491,4.32436,3.75708,2.97216,5.91211,4.7578,5.56616,3.62927,2.45149
1.7142,3.72297,5.5656,3.82045,4.05006,3.82668,4.29808,2.96791,2.80182,6.33774
6.10371,4.03982,3.16232,4.73392,3.62474,4.30022,4.61927,4.32088,6.11737,3.09671
5.4202,5.05376,2.95948,2.68197,5.13105,4.84499,5.19767,4.47175,4.60974,3.12224
5.38952,2.64113,3.92503,4.30749,3.87706,4.3833,5.07801,4.66373,4.37961,3.40195
5.6784,4.66986,5.29547,3.87711,2.59587,4.89585,4.31294,6.31452,3.26346,5.48466
4.39477,4.89201,1.53631,3.83795,3.81344,4.45101,5.11155,5.37645,3.35585,2.85819
3.71789,4.84219,4.40845,3.85641,5.05679,3.47604,4.45319,3.80267,4.29992,5.55178
5.09084,2.96876,3.64592,4.31364,4.67306,2.44924,2.85353,4.61025,5.43146,3.25476
4.31905,5.61521,4.44901,6.33757,2.61597,6.53503,1.99045,4.12786,4.48949,3.07665
3.01763,3.36435,3.83515,3.08898,7.08692,3.6617,4.00948,4.69112,4.18104,3.77555
5.8483,3.5006,5.41419,3.54995,5.49639,5.40442,3.97997,3.51339,2.67007,6.0064
3.67125,4.90735,3.03259,4.9345,5.65798,4.83247,3.24763,6.113,4.21173,3.37287
2.38371,3.35929,3.32242,5.32739,2.56234,4.55013,2.0799,3.71562,3.90863,3.84198
2.01063,3.01119,3.12313,5.13612,3.53568,2.48334,2.96262,4.6663,3.06188,3.55001
4.56534,4.92183,3.16632,4.07699,4.13282,4.18306,4.47832,4.95359,4.10148,3.18204
3.59358,5.56573,3.8184,3.27121,4.66038,4.00771,4.0934,5.08503,4.85434,4.22567
4.79172,4.89878,3.68165,2.78588,2.75492,4.72636,3.03957,3.34782,3.75113,2.86844
2.80666,5.09856,5.74739,5.55807,4.49168,3.22913,5.7478,4.65855,6.25525,4.79416
4.72784,4.60407,3.10252,4.02928,1.98342,3.00143,4.42777,6.45095,4.8444,3.38517
3.62933,4.02634,2.6441,4.2949,2.18873,3.88028,5.31624,3.44114,4.05827,5.85348
4.12873,4.18375,4.1563,3.93056,4.55099,3.78975,5.07966,3.40137,4.57734,0.548452
5.15725,3.92179,3.92567,5.05382,3.81933,4.61213,4.52405,3.61856,4.64678,3.87231
4.49438,4.93517,3.62737,3.27525,3.90253,3.08842,3.48633,4.58033,3.93029,3.73931
3.5562,5.90715,3.47188,5.66992,2.07952,4.58531,4.31965,3.57829,3.79859,3.85139
4.38767,3.30663,3.53344,3.38633,2.67908,3.92853,5.05374,2.78157,4.34979,4.81944
4.2162,5.6254,3.99385,2.79288,2.71035,4.64879,3.32603,3.9618,3.76902,5.29284
4.52646,2.42925,4.99362,2.27374,4.52571,4.52407,6.07726,2.82007,2.23599,4.30388
2.91882,4.07306,2.83051,3.42044,3.75269,4.23007,3.19656,1.85103,3.37047,3.92008
3.10296,1.80826,4.00091,4.01018,2.31121,1.976,3.62866,5.23558,6.6866,4.21044
3.0784,6.4016,5.2184,5.82499,3.95969,2.79383,4.18202,4.36956,4.80235,4.52464
6.22096,4.01179,2.34602,2.93135,2.28957,2.6867,4.61955,4.07967,3.72653,4.87918
2.47032,4.3858,1.70106,3.7545,6.52736,2.788,2.31458,2.5285,4.61597,2.91876
5.00858,3.38368,4.10165,4.70353,3.85657,3.22783,4.31776,4.68088,3.91384,2.69804
3.63715,4.29678,3.54423,4.09205,3.48515,4.5633,2.97053,4.61279,5.03928,5.05751
5.05439,3.81704,3.93234,4.18537,3.0492,3.23811,6.07791,5.22621,3.90872,4.28536
5.06653,5.46026,5.79845,2.44171,2.93169,2.51516,4.55872,4.84692,5.49742,3.88619
2.59493,4.00174,2.29113,6.74835,3.95858,6.51048,4.05873,4.77839,3.34042,4.94129
4.25691,4.39874,3.94655,5.32938,2.41269,5.45994,3.86402,5.18404,4.19197,3.7657
4.34107,4.13483,5.0325,4.90538,4.51192,5.22608,4.07635,6.53306,2.9111,3.61536
2.87501,3.70512,4.28064,5.82307,4.77041,3.21093,3.40596,3.70172,2.80189,4.13046
5.16498,4.74455,5.21417,2.74157,4.15466,4.93575,5.03361,3.54615,4.18297,6.25404
3.72669,3.81872,4.46161,4.85276,3.1871,4.19655,4.69223,7.35822,3.73201,4.69525
4.54457,6.10298,2.26266,3.97902,3.06733,3.4774,3.66959,3.87151,2.17947,3.9945
5.25156,2.89317,3.74407,5.69222,4.33679,1.71427,5.36282,3.63995,4.21329,3.47245
3.16743,2.87051,4.83613,2.68608,3.46643,2.83384,4.84267,3.25121,4.13573,4.36908
4.03397,4.26744,4.08024,4.18995,4.15662,5.23989,5.38687,2.21815,4.07664,2.29283
5.15226,4.63919,5.51729,3.79843,4.03688,4.31459,6.0778,3.40018,1.66823,3.49879
3.26103,4.67174,4.49274,4.78057,4.41469,3.15762,1.64703,4.00732,4.45838,5.58894
4.98367,5.58146,2.83161,3.51859,2.06645,5.47496,4.06156,3.84559,4.56336,3.68777
3.96806,4.9398,5.15773,4.5786,3.44177,3.60167,4.69439,2.76729,2.68201,5.05915
5.45078,2.90844,4.73532,4.69347,3.68311,1.93882,3.83458,4.70503,4.36238,5.53729
3.69737,4.10115,5.18443,4.38156,4.46831,5.28969,4.49104,4.08409,3.19266,3.9721
1.96563,1.30109,3.7226,5.06237,2.94351,3.35964,2.70481,5.71207,2.61847,5.25681
3.69391,4.37958,3.51328,4.27725,2.51193,3.84655,4.15382,4.96862,3.18281,4.25792
3.25973,2.29345,2.84012,4.96839,3.8734,4.31496,3.97245,5.7529,3.54093,3.28048
0.695958,3.72347,3.32824,6.40059,2.8062,3.17285,3.34125,3.83459,5.36304,3.15208
5.58344,3.01603,4.52685,4.99954,4.24886,4.45632,5.59224,2.19363,3.64547,3.70459
5.09319,3.71007,4.68285,5.1791,3.93342,0.893168,3.80606,3.48482,3.08647,4.26592
3.94241,2.26277,5.30681,2.34571,2.66872,2.93252,4.37958,4.32878,5.02082,3.55693
3.46238,3.68872,5.30915,3.0925,2.66113,3.5582,3.54817,5.01906,3.7205,3.83552
3.52982,4.42132,3.68833,3.79602,5.21178,3.98935,4.17292,3.59529,4.43115,4.79826
4.43471,5.0802,5.35237,4.32521,3.39284,3.38383,4.04576,3.07942,5.46433,5.43284
4.02524,4.2128,4.26788,3.02905,4.29839,2.59264,3.19969,5.53883,4.14277,5.06673
3.39517,4.27538,2.67953,2.75361,4.06693,3.91913,4.21307,2.62943,3.4217,2.4246
4.35524,3.2614,5.20745,5.46952,2.82596,3.10576,3.97108,5.61054,2.89161,4.06411
3.07216,1.69883,4.37339,4.81055,2.3313,6.37565,2.20806,4.14224,3.19035,3.42008
1.13453,2.41455,4.31581,3.16056,4.83706,4.55638,4.98007,2.59174,3.85472,3.53539
5.92759,3.80806,4.11292,3.68925,3.86346,3.13314,4.70014,4.13354,3.90253,3.00493
5.04841,3.05112,4.00564,4.58193,4.32937,1.98943,3.3162,4.13471,4.49815,5.10679
4.08715,4.61243,2.97368,4.17325,4.17028,4.45105,4.33203,3.00894,4.9463,3.27113
4.40603,3.60642,2.9012,3.98142,4.3688,3.81157,4.34256,3.33473,3.35939,3.43715
3.87133,5.15668,5.18196,2.43387,5.03234,2.76256,3.8682,2.29126,5.13726,3.46259
2.91495,4.62354,3.13239,3.8971,3.20233,3.44366,3.12943,4.94909,3.33778,4.52267
4.85687,5.89755,2.95445,2.48074,3.85145,5.26834,5.45898,2.87721,4.21678,3.44349
4.53116,4.56603,4.72123,3.15524,4.50217,5.42978,4.10248,3.91296,4.44306,4.17251
3.39569,3.16988,4.21465,6.10016,2.73964,3.61514,5.06781,2.11539,3.78626,3.28993
5.16393,4.67368,4.89927,2.58242,4.09087,1.45733,2.38435,3.25605,3.66521,2.48782
5.5464,3.47111,4.4706,5.86959,2.3171,5.69445,3.45406,2.68141,4.67653,4.52458
5.17605,2.83903,2.72318,4.02802,2.65477,5.99915,3.27236,5.79095,3.82501,4.00847
4.45879,3.84402,4.04076,2.55324,4.70899,4.09947,5.28784,5.24122,4.24198,3.04555
4.47691,3.41439,3.80358,3.04332,2.90032,3.75641,3.50428,4.28087,3.90534,2.23598
5.95962,4.75619,3.12365,4.1848,3.54428,5.15583,5.52585,4.50005,2.7839,4.68353
5.58636,4.26947,5.10207,4.4619,0.994984,2.44111,3.77268,3.88231,4.71709,3.15668
2.7026,3.243,4.25432,5.80941,3.50636,3.90475,4.98521,3.98639,3.17662,4.35322
3.62304,3.19561,4.4387,4.39778,4.49104,4.64491,2.96825,5.5149,4.33268,4.52817
3.80219,6.02958,4.31351,4.25739,5.12261,1.9069,3.44615,4.04736,6.29998,3.53134
4.89495,3.90599,3.90216,4.88106,5.12276,5.75819,4.31201,4.78373,3.70754,3.69479
1.3379,3.01576,4.54378,5.05787,4.75583,6.21094,2.44167,3.68017,2.16036,2.12587
3.17441,3.04795,4.29659,1.66137,4.85139,3.50058,3.91614,4.59539,2.97344,4.25332
3.70314,4.82099,4.67462,4.67278,5.26817,4.34794,3.36943,3.31472,3.25988,3.92739
2.61583,3.62831,4.00537,1.78569,3.35034,3.41951,4.94317,3.88327,3.4464,4.27329
4.82682,6.08964,5.18834,3.30721,4.47461,3.74266,4.915,3.84473,4.37562,3.45734
4.12249,3.71315,4.87491,2.71733,6.22253,2.04703,6.86338,4.88521,4.74349,5.8615
2.97575,3.68194,4.2551,3.5695,3.7058,4.30945,5.13464,2.64253,4.41647,2.15075
2.96053,4.01074,4.04035,4.57824,2.25763,4.04288,3.79297,4.61676,2.77345,5.40401
3.16614,4.14761,5.22693,4.41152,4.43362,4.47504,2.87592,3.15788,5.4881,3.11436
4.87518,4.57053,5.22325,3.79749,3.28179,5.51932,3.09849,3.84537,3.30871,6.17433
4.89194,3.3616,5.28107,2.34785,4.10324,4.74252,3.05193,1.59149,5.01236,2.44734
4.62562,4.32178,4.08431,4.90019,5.04282,2.0136,4.49252,3.68252,5.62819,4.39958
3.49743,3.4589,3.87203,3.81779,2.26395,5.77902,3.55608,4.63245,4.02256,4.73464
3.91111,3.92826,5.23897,2.60886,5.35642,3.86589,2.97426,5.26677,3.44214,4.65129
1.55184,5.45835,4.74777,3.97318,4.33078,4.19836,5.05705,3.14185,4.87797,2.74724
3.65026,3.78241,2.19357,4.95342,5.09373,2.49129,4.18384,4.08628,3.96382,3.94835
3.42311,3.92281,5.55296,5.59739,2.19114,5.23505,2.43199,3.56309,2.9212,5.33079
2.45848,4.84678,5.51924,3.5071,3.82657,3.79486,3.4273,3.53185,3.75824,3.25059
4.5925,4.55594,4.40295,2.34324,2.88414,3.07396,3.68099,3.69951,3.67326,5.41597
5.44853,4.31915,4.64427,3.7095,1.9218,5.0986,3.50029,4.12902,3.95594,4.24173
3.67098,2.62559,4.26347,4.5944,3.29253,4.64253,4.0918,5.42669,4.43252,4.9645
3.48371,3.56601,4.72936,4.30178,3.82161,3.91624,1.86499,5.0274,3.63178,3.85246
2.34592,4.00641,5.4948,4.49092,1.95168,2.93131,3.24492,2.88062,3.30202,5.361
2.06516,4.57354,3.6086,3.55195,5.86469,4.74474,4.11419,3.80155,2.61758,5.12853
4.35561,5.01516,1.65963,4.61547,4.64656,5.10855,1.94421,2.7683,4.21406,3.27131
5.10378,2.70749,4.18297,3.8835,3.74778,3.42319,5.17344,3.88227,3.45356,4.84473
4.14399,5.15773,3.04139,3.8707,4.96267,4.02471,5.84699,4.19984,4.18892,5.05127
3.29145,5.44414,4.83804,3.14346,4.09861,4.18741,3.09648,2.13436,5.08921,3.67215
5.18078,3.3575,3.81559,3.57595,3.43909,5.13929,4.65752,4.75657,5.137,5.57393
3.34891,3.58541,3.61299,5.70465,2.77486,4.01043,3.63119,2.12671,4.88542,3.71472
4.5811,3.66412,2.90027,2.69346,3.50313,3.11657,2.92945,3.22863,5.26756,3.25927
3.41352,2.79797,7.00415,3.0677,1.95231,1.50674,5.16784,5.42714,3.83097,4.94624
3.50954,4.20366,4.37257,3.08352,4.48289,3.07146,3.88133,1.86313,3.01716,2.97711
4.89091,4.93927,2.80317,5.19043,3.5371,6.21829,3.87973,4.73674,3.05472,2.09328
4.96543,4.53226,4.97475,4.07843,4.19405,5.54772,3.26187,4.80016,4.27903,3.67591
3.00796,4.65775,5.09012,4.30857,4.37521,5.43094,5.19249,3.80036,4.19353,3.06352
5.5434,5.42244,3.89525,4.12918,3.49014,4.26526,1.71641,3.54949,3.04159,5.12327
4.68541,4.19573,4.47571,5.49977,4.08677,3.54557,4.17715,4.08648,3.69302,4.75215
4.12671,3.65339,3.9251,4.02756,4.36144,3.76707,3.84466,4.13859,3.44954,5.20981
3.21935,4.29021,4.37704,3.61557,2.67831,4.65494,4.01271,4.61455,5.19562,3.1059
5.02075,3.20234,4.09893,5.18545,3.86323,3.94284,3.12655,4.66336,3.89696,3.91427
4.82428,2.37854,4.26118,3.41189,4.45047,2.26599,3.71235,2.92773,3.815,5.15429
4.61628,5.22285,3.8382,5.75185,4.09994,4.21686,3.36362,5.2326,2.51326,4.29582
3.9373,2.56126,3.97454,3.1447,3.50799,2.61454,4.67603,4.22628,4.26102,4.05008
1.77534,3.97122,3.42407,5.62455,2.68735,6.34245,4.92591,4.4258,3.62755,2.6956
3.70965,4.5587,2.227,3.7201,3.78555,4.97387,3.70969,3.28181,4.20871,3.57566
5.043,3.7086,3.34109,3.55479,3.09119,3.68456,5.615,3.3635,3.72568,5.33312
3.58366,1.41227,4.54257,4.76627,2.62991,4.62033,3.57941,2.99507,3.32139,3.5977
4.6088,3.98701,2.25933,2.89827,3.60484,5.39016,4.11476,3.16976,3.00038,3.5576
3.32293,5.48236,3.12617,3.2269,2.68846,3.98401,4.63452,4.1524,4.15713,2.76412
2.96145,4.39186,3.7613,3.36039,5.04415,5.35068,4.32091,2.23644,4.16888,3.19323
4.06643,5.20052,5.02772,4.48784,3.39869,3.86231,4.05444,3.76325,3.58764,5.40376
2.79822,4.57882,3.98669,4.78475,3.50428,3.53669,4.91885,2.68239,5.70813,3.42953
3.63937,4.72938,2.23043,4.82283,4.45187,4.43338,2.67251,4.7445,4.35752,3.95318
3.55161,3.39175,3.19669,3.22248,2.02141,3.60858,4.95543,2.60511,3.15553,3.27426
3.29243,4.00466,4.8836,3.28014,4.16772,3.06779,3.67307,3.97556,3.41098,4.70595
3.30186,4.37259,3.71655,6.40736,3.67156,4.93412,5.38589,4.14278,2.68231,3.92305
3.00012,4.33169,3.45045,3.24751,3.1988,3.29515,4.10193,2.25046,2.44325,2.18388
3.03316,3.76352,4.4129,2.39453,3.79066,3.28387,5.71654,1.26392,2.63498,2.61634
3.73917,6.59631,3.21181,4.39567,3.92964,3.5389,3.22201,4.76544,5.74393,6.32521
3.33133,3.58203,2.57178,2.49533,4.18559,5.02718,4.46989,1.9813,2.83783,2.9577
3.19313,2.04122,5.00469,3.2866,4.05384,1.79125,2.65949,4.03096,3.38217,2.57815
5.79302,1.02876,4.27896,5.15137,3.04442,3.97927,4.52601,3.11365,4.48969,4.03196
3.12831,3.17007,3.70957,4.26169,4.45307,4.68803,4.42175,5.19772,3.86029,4.12647
4.53634,3.68446,2.0511,3.55388,4.03837,4.91013,3.44165,4.70813,3.53558,4.0511
3.7571,4.70617,2.59562,2.43719,4.33996,2.19007,3.40016,4.43196,4.50952,3.9022
2.58306,4.31671,2.76384,4.10778,3.7494,4.64608,2.30094,5.50664,4.80597,4.62752
4.60836,3.54489,3.82724,3.42285,4.20252,6.64226,3.85147,3.61684,3.68992,3.4003
2.0665,2.48984,5.51987,5.64825,5.05612,2.84643,5.58089,4.23789,2.55915,5.17296
2.70505,4.82115,3.25357,3.60935,3.06666,3.73784,3.08218,3.43095,4.12557,3.30563
4.70165,4.44546,4.92566,3.31219,3.09363,4.04674,4.14691,3.89682,4.39731,2.93986
4.69354,3.70127,2.52464,2.83776,4.22992,3.92634,2.40477,3.92606,3.31287,1.19845
4.33075,4.53329,4.30149,4.48249,4.93023,3.38654,2.05255,4.78161,4.94427,3.06473
3.48239,5.03888,3.19702,1.86427,3.04523,4.67743,3.47247,2.72813,3.22144,2.69464
3.29651,3.92488,3.1952,3.10927,4.23666,4.09442,4.57689,4.31467,4.74634,3.57895
3.62381,4.3545,3.91712,3.11264,1.98636,4.80993,5.93366,3.40582,2.87051,4.01176
4.19439,4.81951,2.43855,4.7783,3.72683,3.21861,3.79316,3.5066,2.61441,5.24268
4.7219,3.34185,3.75991,2.09223,4.06788,4.88156,3.46651,4.76634,4.98393,3.17328
2.85435,5.79961,4.05203,5.6519,4.99119,3.69552,7.33193,4.09718,4.5222,4.95521
4.97629,2.40291,3.40681,3.18114,4.50413,2.24382,4.8547,3.93624,4.23949,3.31792
4.383,4.65488,4.55064,3.86994,2.57946,4.59713,3.86347,1.76576,3.59567,2.83244
5.4762,3.53324,4.21525,4.21819,3.98779,5.06968,2.15141,5.18152,5.19995,2.46779
3.64994,3.27461,4.46086,4.23499,4.42145,5.07734,2.69786,3.63959,4.09091,2.65898
3.79648,5.57492,4.18425,3.21737,4.18482,4.43585,2.29489,4.05792,3.59313,2.43229
3.3511,2.69145,3.92428,3.55473,3.69056,3.60551,5.7596,2.71231,5.30124,2.49251
3.45998,2.0946,2.95861,0.461604,2.85768,2.38998,4.78222,3.75151,4.11047,4.30419
2.82777,5.5356,4.70102,5.38135,4.18374,1.92676,5.00427,5.55683,4.49495,3.97652
5.25955,3.18383,2.63121,3.10318,4.44698,3.09437,4.4486,4.54747,3.14767,4.64171
3.0759,4.45069,4.97136,5.55447,1.91151,6.11905,1.68285,4.00824,3.4078,5.29317
2.66193,3.75268,4.82868,2.80198,4.51874,4.67207,2.83958,5.79235,4.57164,4.09954
6.33506,4.95216,5.41297,2.2583,3.35019,3.92348,5.64563,3.22582,4.5645,4.94504
3.08295,4.24993,3.74134,5.39782,4.66675,2.96969,3.64207,3.87693,5.23917,3.85308
1.97796,4.78439,4.49706,4.51306,3.64866,4.43958,3.73853,4.27227,4.37706,1.76378
3.5741,4.82079,2.12554,4.27668,5.17893,3.53848,3.65264,4.6034,4.47649,4.17529
3.89109,3.94052,3.49175,4.08657,3.10056,3.20253,2.58118,4.61141,4.6634,2.47235
4.11488,4.00467,4.32361,3.26823,5.04523,3.46764,5.0157,4.54516,3.22066,3.54226
4.0646,5.02814,6.17285,2.70151,3.89334,3.90484,3.83563,4.19054,4.31053,3.99979
3.14336,3.60446,4.12272,2.53253,4.12841,2.70248,4.33812,5.10003,3.93086,6.20683
3.32415,3.46641,3.6597,4.00049,4.8098,2.60219,3.01103,4.71179,1.68433,2.54356
4.16159,3.15474,4.33631,5.38246,4.05726,4.90003,4.36327,3.79322,4.27423,3.1297
2.71788,5.33842,4.26741,2.25852,3.95171,2.80029,4.6655,3.55997,4.39651,3.43349
5.54188,5.39473,4.03882,4.30176,4.84472,1.41729,4.26009,5.32964,4.39491,4.03846
4.14561,4.93174,3.65542,3.30138,3.8336,3.21277,5.06238,4.5025,3.85266,3.08506
1.70978,4.28613,4.9342,3.64447,4.44655,5.68719,4.36254,2.5615,3.85325,5.13889
5.18141,2.21543,1.80532,3.13768,3.24549,3.82426,4.68683,2.46406,5.10413,3.41727
3.03122,3.76693,3.19854,3.52704,6.11513,6.39492,2.12321,3.98449,4.16387,3.33674
3.48197,4.05858,4.40005,1.98978,3.85558,3.47143,3.32788,4.42225,5.83575,5.16113
4.21327,5.00219,3.74837,5.00412,3.82538,2.91982,5.90783,7.56529,3.87858,3.52018
3.97601,3.37344,4.00962,4.73927,2.52848,4.07158,4.77308,4.22948,3.48395,3.86543
4.15759,3.17531,2.60769,4.92806,3.80926,4.11059,3.21409,4.91376,5.2392,5.05682
2.93529,2.72783,6.48914,4.43836,2.9535,4.27022,2.47905,5.51842,3.56279,1.90438
4.50277,2.4233,4.07151,5.32101,4.00103,3.60356,2.76275,3.19864,4.45161,2.67618
2.93078,4.93617,4.02809,4.00984,4.71537,4.06358,4.43904,5.50421,2.50332,3.98726
3.23752,4.4627,5.03862,4.15557,2.95404,4.25579,3.63678,4.69623,3.61188,4.47512
3.26495,3.76288,3.30385,4.60107,3.84135,2.57847,4.30418,3.72199,3.82599,4.11551
4.26168,4.93399,4.1414,5.51481,5.04243,3.45122,4.26794,3.00798,3.83889,4.05559
5.37029,4.69453,3.76013,4.95157,3.34634,5.01857,3.91157,3.84099,2.90207,3.39078
2.50819,4.01297,3.99733,2.05352,4.14522,4.70648,3.81173,4.92862,4.08346,3.91602
3.39978,5.00292,4.90002,4.54082,3.84492,3.70463,4.5854,5.00905,3.24621,4.89648
3.19755,3.79279,3.03941,3.50138,3.8238,1.92794,4.06454,5.11412,3.04812,4.92907
4.71893,3.21038,3.65771,3.33922,3.00485,3.17326,3.3833,4.24492,4.24504,5.57177
4.00075,4.40992,3.76916,2.94649,4.32769,4.08786,6.06492,3.97771,4.82362,4.86912
2.05754,5.57416,4.38187,4.02821,3.95125,4.79291,5.12,3.78175,3.59347,3.25456
2.8681,3.44674,4.7506,4.87185,5.39629,4.76097,3.86532,3.86181,2.64377,3.45855
4.79321,4.1022,5.75815,5.78745,4.96664,4.34341,4.03164,6.50106,3.79126,4.5445
4.08997,4.9883,2.39547,3.88843,4.33949,3.71531,7.07564,3.62463,3.85839,2.78242
5.30245,4.06866,4.89791,5.19717,3.29848,4.94159,2.88546,4.55973,5.61504,5.02716
3.65711,3.23336,3.67637,3.49649,4.64524,3.74721,3.25366,4.52588,5.71581,4.42305
4.09488,3.25227,4.6092,4.29373,3.15815,3.60477,3.34513,4.45911,5.45936,5.60644
3.67077,3.97748,4.08092,4.91567,3.92065,3.5832,3.60265,4.44604,2.00731,3.66201
3.54936,5.87819,4.35769,2.32053,6.03619,3.21702,4.11866,4.5735,3.42709,3.80631
3.23465,2.2283,4.7844,3.24803,4.01522,4.31825,5.61652,3.54282,3.45877,5.37415
4.19378,4.85443,3.09465,4.61762,1.4608,3.14193,4.65245,4.60127,3.14535,3.01089
4.49048,5.87234,3.86591,3.69113,3.35069,4.74207,4.58217,4.56799,3.94184,3.12648
3.78479,4.56141,3.98537,5.47973,4.69814,3.83835,6.5505,3.28009,4.53543,4.56923
2.99506,3.41521,3.68609,3.44597,4.14356,4.90947,3.81224,2.29475,5.82751,4.41295
3.1339,3.52526,3.79812,3.94695,5.6078,3.17827,3.58921,4.04461,4.31276,3.52068
3.91756,4.75179,3.74611,5.62161,3.08288,2.95327,2.36902,3.56294,3.61595,5.25363
3.39988,4.15906,5.2481,5.48285,4.06592,3.63554,4.68769,3.59373,5.0762,5.09906
3.50181,2.48982,5.24243,4.43581,5.41544,3.98533,4.972,4.40474,3.08476,4.43001
3.80615,3.78278,4.16921,4.75348,3.51337,4.52788,2.50742,3.30647,3.1762,4.26074
3.66137,3.77121,3.56016,3.45466,5.63669,3.50336,5.93237,3.87439,5.05113,5.31119
3.77494,5.08368,3.57912,4.61105,2.58264,3.0884,3.945,4.1209,4.52308,5.23402
3.85117,3.01094,2.68322,2.51796,2.56196,3.90545,3.82175,3.59213,4.68355,5.06896
2.68666,4.50561,4.72633,2.97105,4.65819,2.98014,5.63027,4.18164,4.6846,6.6809
3.3187,3.89797,3.45739,6.49543,3.02108,6.11835,3.43048,4.11578,4.42862,5.01432
4.86139,2.4108,3.65288,4.88623,3.71982,3.97763,4.37691,4.03002,3.78783,3.58628
4.02175,4.93754,3.37312,2.56489,3.25106,3.55478,4.01373,2.39653,3.20965,3.08001
5.38596,5.48327,4.46274,1.39319,1.95386,3.98832,5.4745,6.2262,6.17628,4.18134
4.91736,4.52256,5.27657,3.59628,2.8739,3.747,2.12622,4.73699,4.74709,4.06737
3.82518,4.24388,4.61359,3.66333,1.62227,5.85593,2.64623,3.03121,4.44232,2.97873
3.40233,4.88831,2.15448,4.13766,4.24279,4.49298,3.14191,4.40587,4.03004,4.5728
4.73363,3.82661,3.21229,6.29912,2.59136,3.7661,4.81054,3.21047,3.38989,2.36676
2.35135,4.96078,3.17323,5.10561,3.86275,3.22192,3.42051,4.19671,2.39298,2.87943
5.11727,3.18216,4.67253,4.35191,5.16306,3.6527,3.54817,4.13504,4.23804,4.54211
3.07402,5.30819,4.38626,4.21953,4.19721,3.157,1.02483,4.16654,3.1555,4.48259
2.91147,5.19798,4.62154,3.79395,2.44591,4.37731,2.95449,4.07687,4.06208,4.95285
4.51628,3.11741,3.59201,3.03792,4.23017,5.16001,6.50118,4.5592,5.08202,4.80159
5.66762,5.90645,4.74828,4.27212,4.33351,3.90892,2.29641,3.79791,3.7557,3.77062
5.20587,3.43744,4.02876,2.96475,4.51904,2.68209,2.78842,3.60133,5.21367,4.55294
4.23534,4.53929,4.00993,4.18757,2.45409,3.54307,2.99492,2.29747,4.42845,3.99413
3.20819,3.64097,4.00494,2.41308,3.82513,3.99712,2.23423,3.83705,3.9206,3.97496
3.37279,3.2066,4.92565,3.81622,5.27898,3.22577,5.5375,3.02837,6.28939,3.55435
3.78098,4.91416,4.63203,4.86129,3.5653,4.95521,5.21946,4.16744,4.32768,3.07094
4.27068,4.82579,3.66694,4.50918,1.9717,4.72377,4.64107,1.69132,3.34912,5.00806
3.51983,4.09014,4.33407,4.7357,3.18295,4.35797,4.47023,4.10188,4.54196,3.81954
3.93713,4.52131,5.98066,4.56303,2.5612,3.64713,3.09045,3.07596,3.99769,5.18927
2.72429,5.15797,3.30966,2.78461,2.43419,5.53381,4.86775,3.59543,3.27972,3.90955
2.12962,4.81611,3.62023,2.22204,5.40143,3.60207,3.25008,1.82634,3.94406,4.33389
3.38152,2.99497,5.05743,2.09659,3.05411,3.06084,2.62516,1.67556,2.36098,2.31417
4.9107,3.20019,3.80866,2.70395,6.24812,5.19055,4.95111,4.5718,6.06412,3.25796
3.84427,3.86321,4.58754,4.77567,4.05365,3.41732,4.08422,3.43407,3.38853,4.10704
3.88295,2.96818,4.01464,4.42854,5.09954,5.79748,4.41128,3.08804,5.01537,2.91464
2.81204,5.38424,1.6114,3.50172,2.68453,3.99621,4.60492,4.97967,3.95166,5.08808
3.32635,4.05476,4.57148,2.71774,3.27461,4.10615,4.72963,4.85408,4.17464,5.45419
5.46493,3.29299,4.58409,4.06336,3.96431,3.78508,6.0531,3.9716,3.50519,3.41174
4.25484,5.01403,2.78879,1.13421,3.24253,4.63093,2.45164,4.19167,3.50313,4.12863
6.31039,1.61125,3.38067,4.03014,2.30045,3.86129,3.25536,4.88966,3.18974,3.48446
4.70924,2.3512,3.66449,2.47742,5.44792,4.79414,3.51415,1.27527,1.9221,4.64026
3.76027,5.627,4.69839,2.24932,1.33174,5.02339,3.13939,2.35073,4.90464,4.3925
3.63402,4.02158,4.51557,4.2892,4.05014,4.61043,3.32808,5.07382,3.53124,3.4494
5.99527,4.50506,5.2141,2.10551,5.64814,5.06545,4.83928,4.05321,3.52194,3.92912
3.65742,4.34718,3.55551,3.20157,3.25888,5.91699,4.36055,5.01452,4.8988,2.77472
4.70965,4.42572,3.33996,3.16997,4.14734,2.90903,4.0051,4.46542,3.29929,3.35413
3.86279,5.28538,3.09495,4.80817,5.21834,4.11191,1.74585,4.83646,2.939,4.11629
4.16588,2.39759,4.27255,2.63406,3.91418,4.99534,4.30791,6.71224,4.63993,4.40249
4.39178,4.28503,6.44421,1.95371,4.10301,5.37653,2.78644,5.00565,3.08317,5.50421
3.7581,3.30077,6.73921,4.65501,4.52818,2.70482,2.71463,2.58156,4.7218,4.54754
3.08833,3.62107,3.17997,2.60455,4.05723,4.31474,4.26484,4.65236,3.01188,3.66841
3.07992,5.48609,3.79311,3.38962,4.37099,2.42405,3.78844,4.34814,4.5998,3.49992
4.29434,4.57419,5.29982,4.30948,2.73135,5.01769,3.16234,4.52541,3.67474,2.20197
3.46248,4.81703,3.01861,3.90523,4.30144,3.8805,4.03079,5.06384,2.00066,3.37699
2.74691,3.97341,2.72931,2.64539,3.45793,4.2439,3.72854,3.0591,3.10949,4.73237
5.13828,2.87561,5.13142,5.05805,4.76749,5.3503,2.71062,4.06177,2.9076,2.40193
2.7785,2.65795,2.77865,5.35797,3.24367,3.71663,4.3047,4.0706,4.70473,3.73891
4.90696,3.58254,2.01564,5.14518,5.49716,3.83524,3.79618,4.98634,3.41259,4.1751
5.99143,3.24337,4.9327,3.05064,3.14543,4.33183,4.49228,4.17163,1.77102,5.14588
4.91957,3.94373,4.03243,6.36771,5.42617,1.62065,5.05504,3.64561,3.07464,3.1501
5.69082,3.0974,4.29297,3.99803,4.68729,2.91108,4.85917,2.38152,3.37088,5.52086
4.56548,3.03594,3.05371,4.44094,5.50013,3.14313,4.67285,5.46001,1.39718,4.37557
4.66902,3.96384,3.60503,2.77617,5.23917,4.02353,3.23015,3.58292,3.45431,6.36058
3.39114,3.96261,4.66841,5.67182,5.40292,2.86568,3.03698,1.8602,3.50648,4.12185
4.30799,3.76157,5.49614,4.11378,3.07017,4.39354,3.39169,3.63403,3.182,4.4379
4.38481,4.66415,2.81591,4.89593,2.91833,3.76972,3.21698,3.08113,5.12504,3.77956
4.44355,3.39407,4.38515,4.76561,1.38245,2.74333,4.13098,2.59896,4.7351,2.37349
4.88389,4.47514,4.47266,4.46538,5.16411,2.06401,4.36337,4.32282,4.65721,3.58996
4.10246,3.59166,3.72634,4.66639,4.71079,4.94407,3.85649,3.16268,4.78503,3.06405
5.32811,4.60819,3.3189,3.74992,3.06219,4.33545,2.69992,4.52961,3.77734,2.43994
3.77096,3.715,2.92719,3.20722,3.31548,5.6152,5.13136,4.33871,3.78115,3.4481
3.69741,4.49551,4.32506,2.67559,4.46002,3.62454,5.93093,3.94982,6.31684,4.75096
3.59778,3.65756,4.18384,4.36271,4.83843,4.59979,2.50969,3.73663,4.08306,3.38609
3.79129,3.85282,5.01322,3.42928,3.39499,3.95397,5.12845,5.49389,2.86356,4.58074
5.319,2.2723,4.93214,3.81824,2.47128,2.29534,3.81441,4.92282,2.3105,3.91337
4.67418,3.26044,4.20113,3.77516,5.01613,3.59922,4.96746,5.4941,2.94557,5.50041
4.80385,2.87026,4.32539,3.94563,3.02685,2.63351,3.87936,3.60116,4.05349,3.39507
3.23859,2.7768,1.87207,3.96906,5.41312,4.32481,3.73716,2.84382,1.65357,4.59698
4.2193,3.82101,3.82663,3.87178,4.0965,4.01415,4.06798,3.4351,3.94477,4.38203
4.2947,2.4919,5.24075,2.99638,4.97218,3.74081,2.50626,3.82469,3.21302,5.26743
3.17117,4.36697,4.03907,4.03165,5.09407,3.71278,3.72559,3.81038,4.30287,2.22184
6.78491,4.71688,4.53991,4.17848,4.9751,4.53517,3.08139,5.15199,4.16025,2.5044
4.84496,3.82257,5.00102,0.784818,4.34179,4.50994,3.66994,3.7336,4.75495,5.4026
3.08505,4.48369,3.24702,4.90202,2.33806,4.14133,5.54181,4.3277,3.95669,2.57331
4.44825,6.10871,3.90546,4.54673,2.99026,2.90802,2.30847,3.1831,4.17617,4.06527
4.21032,4.0722,2.87567,3.06391,3.40137,5.2005,3.92996,4.47234,3.69339,4.1273
3.58146,5.16563,5.8894,2.44592,4.7885,5.43793,3.47831,3.53107,4.82758,3.64232
3.5365,2.18037,4.21721,4.56137,3.14156,4.47621,3.66982,4.17226,5.50045,3.45528
3.30579,5.62904,3.33846,5.26129,2.98364,4.53859,4.90413,2.40087,3.11567,4.26412
6.58181,4.79347,3.0288,2.88619,3.78581,3.95626,4.87465,4.37962,4.41582,5.48905
4.85472,3.39408,4.73582,3.77684,1.99791,3.70905,3.40071,4.40441,4.77128,2.40174
2.41769,3.99787,4.54989,3.94976,4.47492,4.24632,2.91614,3.69782,5.16347,3.80702
4.75363,3.978,4.73107,5.1463,3.11589,4.85508,3.51978,4.23939,4.55071,4.34612
2.77816,4.82724,4.98094,2.43219,3.95175,2.62547,4.38375,4.94291,3.6182,4.14267
4.93378,3.51351,4.73222,4.46388,3.81173,3.33221,3.26823,3.79801,4.39995,1.98927
4.15565,3.38093,4.7066,4.966,3.77439,4.87681,4.09113,4.80114,3.85703,4.48346
4.27483,4.50626,5.05848,3.01102,3.64211,3.3271,2.84998,4.32833,4.70904,3.00242
2.69383,4.32501,2.49282,5.34588,5.78859,3.88477,3.54829,4.79187,2.59059,5.28331
3.16193,4.98457,4.65565,3.47417,3.5545,2.99563,3.11941,2.55646,4.28558,3.0355
5.06661,2.18186,4.90904,4.76812,3.31034,3.43025,4.0773,3.91268,3.79655,2.98533
3.83311,4.9696,4.28632,5.18018,4.11864,4.53639,2.65251,4.48305,1.49315,3.13201
5.15022,3.90503,4.67034,3.18941,4.16544,3.49251,6.221,3.65594,2.24553,2.98901
5.52476,2.40944,2.98583,5.38695,6.27003,4.14501,2.9717,4.61466,5.14142,3.53853
4.56412,4.84433,3.58572,3.28993,5.45966,2.40922,4.21974,2.8473,4.27575,4.15601
4.10059,3.99766,4.18876,3.01801,3.55735,3.40788,4.26743,3.63975,3.39269,3.45566
3.78208,3.98919,5.60061,4.15995,4.70514,5.27666,6.89299,5.7008,3.5596,2.91649
3.48796,4.09435,2.34168,3.30915,4.44561,3.99031,2.36916,4.0155,3.28359,4.23732
2.46553,3.73073,4.06686,3.21755,4.93612,4.90587,1.63159,3.73111,3.65217,3.781
2.4182,4.19264,5.28091,3.20802,2.51152,4.24256,3.13298,2.68382,1.70389,3.10148
4.59667,3.89132,3.35382,3.97515,3.82135,3.67853,3.58944,3.93699,4.10602,2.65243
5.04844,4.83056,3.09755,3.79203,4.77618,3.57739,2.90039,5.7895,2.19961,3.23357
3.4409,2.38919,6.05086,4.24703,2.60019,5.64363,2.04527,2.7951,4.75613,3.19722
4.37637,2.82126,4.71998,5.24346,5.15215,3.86973,2.81252,4.16007,4.95716,3.88043
4.73394,4.65657,6.65697,4.35655,1.33931,3.69423,3.44365,3.74475,3.20343,4.7026
1.95667,4.79158,3.4314,3.90462,3.15922,4.49641,5.47211,5.69456,4.34289,4.19998
4.45201,4.06063,3.68467,4.42089,3.07877,2.12746,5.23538,4.02448,3.74339,1.87776
3.20596,3.37313,2.73302,4.97177,4.17559,1.86537,3.78019,3.81181,4.56574,4.28712
5.21562,5.61908,4.59269,4.215,3.65678,4.48005,4.34279,3.31303,2.11678,2.77563
2.83,3.46987,4.94541,3.19532,4.86693,2.525,3.49209,4.03821,4.49995,5.77055
6.04796,3.94571,3.13981,4.2247,4.53892,5.51544,4.12368,4.43725,3.63366,3.50348
5.00973,4.97561,3.31972,5.01925,3.47709,5.69339,4.56383,6.26678,4.55324,2.19983
3.0768,4.04241,3.93081,1.68939,3.53715,3.27744,3.07152,3.82589,5.92554,5.15775
3.97673,3.84806,3.88844,4.23263,4.73822,4.45294,4.19706,3.1774,3.59068,2.33703
5.0119,3.47088,5.34917,6.50981,4.91022,4.15232,4.21429,4.9411,3.35094,4.5884
4.06582,5.55907,3.3458,3.9179,4.71733,4.37742,6.32127,1.47414,4.57854,4.73055
4.65223,3.93214,2.73568,2.8565,1.43734,3.60534,5.24299,4.88018,2.73182,3.65754
3.35294,4.24613,3.46637,3.95792,3.70943,3.71809,2.24625,3.80455,3.78803,4.02003
3.89111,3.83201,1.79406,4.18139,1.81037,3.68304,3.16503,5.33953,2.76151,4.23797
3.50991,3.94317,5.19672,3.14493,3.22482,3.94587,4.38418,2.47111,3.46297,4.13443
3.54533,5.1916,1.46919,5.03815,3.93735,3.9381,3.81853,2.42625,3.73018,3.33127
3.71072,4.36534,3.13296,2.96896,3.27188,4.22607,4.89757,3.19297,3.18124,3.79244
4.78386,3.10427,5.39762,3.81448,3.25826,3.4963,2.46187,4.90286,1.96102,6.26983
4.54058,4.99729,3.73098,3.85114,4.69244,3.08769,3.12698,4.28863,4.5386,6.13157
4.67875,3.29727,4.00871,3.34077,3.51193,4.46043,5.32652,3.90376,1.16105,3.59112
5.54824,4.63415,3.43282,3.2188,5.68232,3.10585,5.07768,3.27962,3.82214,3.78664
3.50622,3.55403,4.11126,5.54985,3.1354,4.08139,3.40556,4.06182,4.59284,4.73766
3.92896,4.54234,4.90335,3.38997,4.39458,5.84247,5.27332,4.17574,2.17129,3.96959
3.02874,3.72474,3.6528,5.46034,4.73807,4.58641,4.72418,4.16789,2.61796,3.75266
5.08378,5.43456,5.97217,4.35033,3.44605,3.4002,2.95976,2.78061,3.37712,4.8548
4.1237,4.99147,3.04102,3.75304,3.3298,3.05989,5.43044,4.43775,5.87137,3.18953
2.64586,4.23533,4.39069,3.61575,3.41808,3.47626,4.8136,4.41835,4.83558,4.9219
4.91856,4.34222,3.25303,3.99472,4.2292,1.98881,1.59023,4.13054,4.07405,4.01037
5.11518,5.28657,3.33717,4.49301,3.83433,4.65549,3.71136,4.18474,3.93733,3.56686
2.89132,3.16411,3.48577,4.72553,3.91612,2.90789,2.78498,3.07902,5.6713,1.70332
5.371,5.31479,2.50874,3.69106,4.44627,4.30825,2.909,3.44085,3.79009,3.44534
5.17555,3.48735,3.88676,5.37943,3.51396,4.63217,2.97457,2.93577,3.99355,4.5926
3.80844,3.11663,2.64984,2.39352,2.36964,1.80064,2.96876,2.68624,5.01383,2.00236
3.86242,3.69626,4.1239,3.68025,4.69578,5.04099,4.88344,2.29863,3.01763,2.63064
5.35777,3.33443,2.68234,3.46277,4.56868,4.04021,2.3769,4.57581,2.34845,3.7569
3.77893,3.68705,2.1779,4.98727,3.92176,3.83235,3.13066,4.68032,5.18646,1.52548
6.15534,4.19916,3.68051,3.71467,5.63673,3.20031,5.90505,4.02724,3.92513,2.99275
4.00657,5.82614,3.22388,2.66573,4.90486,3.53721,2.72448,4.87924,3.45012,4.41592
5.16885,3.96465,4.17792,3.98251,4.76565,4.84223,3.47707,4.89879,4.65167,4.54847
4.7865,3.9117,4.31281,2.48031,3.0758,3.90094,2.78084,3.89248,5.40971,3.60185
4.46772,4.80786,4.04543,5.02915,2.76284,2.74451,3.06324,6.31563,3.44797,3.85724
4.25468,2.1118,2.42524,5.96117,3.24555,4.24379,4.41749,3.20513,4.14634,3.67209
4.29047,3.8328,4.19945,3.99832,5.6388,5.05406,4.42805,5.24659,1.00988,5.85734
5.88028,4.12235,2.01152,2.76439,3.44495,4.15954,5.06875,5.50771,5.42731,4.00171
3.69458,3.80719,3.4531,3.47143,3.7453,3.21786,3.84876,5.16061,3.35399,4.34772
3.20709,4.33613,2.87309,3.80445,4.45221,3.45744,5.46403,2.92318,5.30039,3.81446
3.45071,2.55778,4.47952,5.56129,5.37109,2.40966,4.77004,3.713,3.15168,4.79153
3.98008,3.95596,1.61784,3.1842,4.9183,5.37439,5.10835,4.02945,4.89715,3.32023
2.70386,5.2714,2.44198,2.25168,3.18871,3.96734,3.63821,4.60594,5.81344,3.56421
3.88209,3.24643,4.23448,4.83795,5.69415,4.61616,3.47373,4.74356,4.35418,5.01087
3.83183,3.41881,4.22082,4.22948,3.07569,3.82483,5.09807,3.98908,4.33069,4.18645
3.97964,5.23877,2.33597,3.20003,2.99907,4.37612,3.8372,3.13082,3.25621,3.62032
2.81512,4.12683,4.99881,4.85958,3.8336,3.56306,3.58965,4.16175,3.40467,2.81513
3.96565,4.33716,4.22852,4.55257,3.26688,3.73048,3.07693,6.08664,4.08412,6.06873
3.31069,6.48459,4.40312,4.88549,4.75916,4.90643,3.25005,3.29401,2.0701,4.2516
4.05182,2.02482,4.77704,4.95436,4.02138,4.89377,1.57946,3.47573,4.3597,4.29067
3.5446,4.88097,5.51769,4.602,3.93935,2.51089,2.77893,5.33485,4.76956,3.24673
4.21511,3.96282,3.38562,3.77246,4.05295,4.79832,4.94166,3.17979,3.872,3.72102
3.37872,3.06772,4.02495,5.06208,4.49524,2.62022,3.11302,2.79024,3.76045,5.75012
3.36065,3.57041,3.40758,3.79416,3.89734,3.28165,4.31514,2.50655,4.80639,5.21371
5.37695,3.18,4.33985,4.44944,5.34101,5.50351,5.4862,2.8281,3.98564,2.33596
3.03309,4.06413,4.55068,3.63345,4.73043,3.45297,4.15922,2.89636,3.81565,3.69051
3.16636,5.70606,4.48455,3.29533,2.67882,4.95293,5.13441,4.8267,3.515,3.47778
4.24212,4.73724,4.36959,4.54789,1.68298,3.01527,4.00086,4.92956,2.85114,3.54291
3.95506,4.9875,3.93574,4.81114,4.71289,3.93919,3.20262,6.6291,3.22843,5.0156
3.79886,2.52999,4.43224,2.96358,5.56867,4.14205,4.54959,3.76142,3.33591,3.95512
4.70373,2.09097,3.69121,4.12221,2.81769,3.21536,5.36371,2.55208,4.5427,6.03161
3.36291,4.02676,3.5507,3.46063,2.77617,3.50637,4.04824,2.70579,4.90079,5.47756
5.40298,3.39024,3.69302,5.46464,3.93262,3.23548,2.37496,5.14205,4.35922,3.66543
5.17385,2.9706,4.89851,3.75656,5.53163,1.86134,3.86351,4.6253,4.51935,3.58276
4.07892,3.07715,3.48801,3.61795,3.09054,4.14799,4.10604,3.16011,3.58405,2.9464
5.92592,4.36099,5.08239,3.9065,5.20788,3.90361,3.47251,3.88578,4.1155,3.49084
3.38964,5.56645,4.42309,3.32015,5.92744,3.65934,4.77623,5.28561,5.58553,5.46352
4.61077,3.95963,4.25307,2.90226,4.42936,3.49666,5.15534,3.44929,4.46204,5.27629
3.66936,3.47187,2.32431,4.26494,3.51592,4.33675,5.14013,3.89393,5.35479,4.05151
4.88728,4.4158,3.12217,6.00602,4.20556,2.48084,4.64158,5.63544,2.12288,3.97002
4.45255,2.82938,5.28825,3.16068,4.2222,3.3641,5.6295,5.09128,4.44702,2.71482
3.18539,3.68916,3.9769,5.10506,3.7154,2.38757,3.87895,4.40357,3.1564,3.2992
4.1613,4.67987,3.7833,5.29697,4.42089,6.04726,3.88445,3.12719,4.41798,3.93878
4.98309,6.85321,4.11813,6.35425,4.22317,6.16045,5.48548,3.7929,2.30558,6.38361
5.02032,1.77972,3.86572,3.48068,3.69437,3.44058,4.62115,3.42284,4.98358,3.69907
4.35432,2.65863,2.16312,6.50699,4.29978,2.49049,3.89395,4.06268,4.19776,2.39656
5.39139,4.49352,4.09707,4.94435,3.28519,5.05696,3.74729,4.25839,5.83164,4.83503
4.04125,4.25895,5.12891,2.45455,3.84351,3.14291,3.56595,5.56926,3.0822,2.86863
4.84143,4.97764,2.90509,2.84523,3.69631,3.66628,5.23442,6.54474,3.39009,3.40406
4.50797,6.14619,3.1852,3.70914,2.84262,3.72207,3.96829,4.66948,3.34248,4.36832
4.20946,4.03841,4.4491,2.99357,4.23128,4.54821,3.90417,3.33396,4.15883,3.83402
5.09531,3.80703,5.65619,3.98331,5.61428,3.80889,5.40151,4.74985,4.19476,2.93736
4.26041,3.28345,4.79661,4.67114,4.34954,4.09267,3.56232,3.21812,2.44599,3.68032
4.64446,5.88334,3.75714,4.81507,4.66884,2.82797,3.98477,2.26039,2.67045,3.4536
5.24169,1.89701,5.01098,4.02926,5.62734,2.60191,3.19113,2.9927,3.85316,3.50518
2.02269,4.06475,3.36051,4.93296,3.08895,5.12653,3.20409,3.72875,4.25716,3.06161
3.21584,4.42537,3.32177,4.58894,2.99989,4.65252,4.86456,4.88472,3.64213,4.17634
4.28729,3.11815,5.18318,3.93888,3.31235,5.3817,4.17908,3.79287,4.17918,5.16179
2.63597,2.54866,5.30506,4.45079,4.50295,4.82528,3.19011,3.29172,3.09385,3.38603
5.39826,4.23501,3.80317,4.06843,2.84291,4.7096,5.43871,3.62592,2.40166,3.69935
2.79398,4.30616,5.23722,4.28799,2.89521,3.74437,2.76486,4.67606,2.93009,4.59706
3.61818,2.40536,3.71023,5.77286,5.18465,5.82695,4.12473,3.23379,4.60254,3.43269
3.24991,4.85747,4.76299,3.41386,3.48361,3.51281,5.44292,3.71567,5.2174,5.50737
4.18087,5.25517,3.30606,3.05931,5.6631,4.43678,3.30466,4.35311,3.05894,5.74375
2.91065,3.42226,2.74322,3.37873,4.88551,3.06482,1.34933,4.6081,4.63253,4.79901
2.84881,2.9797,4.13005,2.92149,5.47962,4.04351,6.13443,3.65496,4.99737,4.64496
3.87602,6.19913,3.64377,3.96585,5.09609,3.58264,3.89386,3.12139,2.20072,4.19772
3.518,2.75695,2.50956,3.75051,4.5057,2.25112,3.22589,4.21188,5.04069,4.37176
3.04261,3.94972,2.81075,3.18602,3.24024,5.38849,3.50971,4.77136,4.31172,6.33368
4.217,4.55402,4.87165,2.34741,4.41308,5.32377,5.80852,3.5693,2.87949,5.56771
4.21886,3.73792,3.48313,5.73163,3.94999,5.46214,2.58618,1.57377,4.63259,5.27301
3.71546,4.10798,4.94533,1.43845,4.7245,3.89705,5.02656,3.76108,2.82832,1.6253
4.84318,2.98278,4.28038,4.55624,5.36876,2.54664,3.16058,2.55379,1.86751,2.54793
4.66195,5.20725,4.68343,3.96123,3.47986,1.75519,4.34009,3.33374,4.96632,6.58926
4.48017,4.32597,3.78758,2.58615,3.7041,4.69627,3.84853,4.48051,5.22199,5.17004
4.36445,2.07027,2.77166,3.53296,5.31297,3.65236,5.98466,4.25872,4.21956,4.86207
5.1897,3.64472,4.57492,4.38281,2.91559,4.10586,3.94624,3.56494,1.53729,3.32604
4.61953,6.24363,2.71727,3.06683,4.39426,2.35544,5.13623,5.0677,4.91604,5.29137
4.62337,3.42645,3.12058,3.64902,3.63068,2.89832,4.32653,4.06958,3.7062,3.86036
3.78856,3.10586,3.84765,2.39314,3.84204,3.61014,4.36549,4.27342,4.55661,3.14905
5.00436,3.45312,4.6911,4.65911,4.90951,4.48657,4.60885,3.79932,4.64679,1.42068
4.37878,4.09946,5.06427,3.406,2.63326,2.8635,5.16923,4.56768,3.72892,4.4922
3.16444,5.68022,6.3867,3.13128,3.72419,2.42909,3.88302,5.89064,2.50864,3.12343
1.93087,4.47206,4.01792,5.26953,4.42851,4.99149,1.69265,3.04668,5.10951,5.00101
3.41489,3.74814,2.73314,4.11508,4.00739,3.82123,4.9301,3.1636,4.75829,4.55748
2.59721,3.94205,3.49133,4.38698,1.76385,2.95372,2.84149,4.08502,4.37447,3.57489
3.35682,5.1117,4.51718,4.44627,3.03557,3.72628,4.61714,4.20131,4.75869,4.45202
3.09397,3.59192,3.24079,4.61454,4.7973,3.97733,5.42764,2.79497,4.45796,2.93157
2.76551,3.92825,3.13587,2.59785,3.37525,4.23529,3.37797,2.13925,4.83252,5.16854
4.2243,3.23424,3.73257,3.79258,3.48949,3.72086,5.75905,5.0924,2.89176,3.01699
5.55765,4.20226,3.34329,2.41599,3.72009,6.54618,5.14087,5.14096,1.92245,4.22576
4.06581,3.33534,3.64944,4.19163,2.13761,4.87646,4.87547,4.48491,4.29074,3.21192
3.63237,4.54436,4.27667,3.79631,3.62603,3.2575,3.81453,3.11931,4.80519,3.8925
5.4319,4.0652,3.44757,3.53999,4.27705,3.69626,5.60121,4.87381,3.68822,4.77498
3.95161,5.00739,6.61324,4.9131,4.24607,2.25504,2.89532,2.4543,3.80406,3.07397
5.08801,4.35294,3.60528,3.42632,3.54802,5.92274,3.88242,3.06184,4.38766,4.45676
2.05913,4.61185,3.51901,5.56608,4.16855,4.1944,2.74394,2.84731,3.02166,3.24635
3.00362,3.51164,3.9677,3.67506,4.42314,3.33855,3.94426,3.60863,3.13835,3.94257
2.45777,3.72284,2.12009,3.50955,2.97911,4.09226,3.8873,2.84709,3.93948,3.24207
4.63876,5.38625,2.46036,3.81648,3.35916,5.24895,3.3969,2.29892,3.7629,3.81075
5.65626,3.99593,5.40637,4.98317,3.43146,3.5599,4.44796,4.0688,4.39679,4.66833
3.44675,3.76176,3.61255,3.47902,4.12697,5.74,4.70042,3.32396,3.33233,4.46251
2.9772,2.7057,4.27002,3.18766,5.39231,4.65514,4.22104,3.99507,4.56995,4.07234
5.69289,3.00612,4.79707,4.60754,4.68974,4.73324,5.10712,3.93428,4.97437,2.93553
3.73624,5.30217,5.84875,4.09243,4.88058,2.78407,4.91957,2.42546,3.36411,4.6276
5.32094,3.38146,4.51076,3.49434,4.12906,5.51644,4.06086,5.42135,3.65886,5.15377
3.65015,3.17426,4.3043,3.8396,5.19725,3.24031,4.04692,4.58056,0.943464,5.0541
5.00604,3.70969,4.73049,3.7359,3.4729,5.07979,3.37185,2.75474,3.52148,4.80502
5.51387,3.59405,1.79137,4.49425,4.64864,5.57012,5.70044,5.00029,3.4989,3.22477
3.8843,4.47994,4.49622,3.7417,4.55526,5.35171,4.41782,3.15794,3.30936,3.62722
4.9761,4.76324,4.14435,3.16274,4.67535,2.18338,3.00868,5.38458,5.90695,4.94102
4.14223,3.81255,4.69276,5.35756,2.42795,5.31198,2.70799,4.5762,4.87391,4.37621
3.15094,5.0736,6.5992,1.38766,4.22038,3.10222,3.11982,3.82802,4.62846,4.25152
2.36596,4.35218,5.82918,3.15756,4.63233,4.06198,3.41403,3.84872,4.67693,4.8613
4.15564,5.69319,4.27651,3.08124,5.60938,5.73397,4.84413,2.95023,4.97535,4.15605
4.02506,3.29695,4.86018,3.93588,4.77394,2.46055,3.77848,4.71112,3.27889,4.04503
4.91116,5.76469,4.55234,4.11513,2.36952,4.43268,3.21381,3.53381,4.90348,5.07443
7.34687,3.10981,4.77926,3.22506,3.87297,4.05678,4.27204,4.22484,4.58246,3.17761
1.05572,4.17508,3.95486,3.09545,3.82796,2.47904,5.16715,3.67127,2.64575,2.69847
5.27782,3.42395,4.16322,4.41852,5.81956,3.53081,4.20254,4.62261,3.74648,5.083
3.09767,3.44766,5.3064,2.40429,2.75532,4.83275,3.86836,2.05602,5.2478,3.9279
2.71567,4.22299,3.30454,3.47591,4.94611,4.1193,4.16154,4.25685,5.52749,5.62026
2.4332,5.16327,4.1827,3.23807,2.9579,3.64485,3.51725,4.90493,4.13557,6.01959
5.18604,4.31314,4.3371,4.0468,5.47291,5.28245,3.97408,3.19953,3.38286,2.62453
5.06579,4.66142,4.4938,4.325,3.02864,4.91177,4.43722,2.94877,5.02786,5.64958
4.25914,3.40206,4.36559,3.11235,3.81682,5.58093,3.87746,2.70354,4.1203,4.36311
4.71015,3.2628,4.46959,4.30202,3.3282,3.95352,5.66909,5.53988,4.28778,4.3513
2.923,4.76402,5.18103,2.36942,4.48884,2.41397,5.27049,4.3335,5.65677,3.39716
3.91732,3.27696,4.17865,4.27877,3.50684,3.96081,3.54414,4.40918,1.15885,3.95172
3.46293,5.43294,3.55934,4.72102,3.04423,4.10512,5.75741,4.18366,4.17032,4.32971
1.19488,4.71502,6.99081,4.17148,3.46419,3.81522,4.11709,4.42316,3.60845,3.63651
4.56099,4.13494,3.80055,4.37097,5.10136,3.1914,5.24556,3.27262,3.9232,2.1477
4.20808,4.37708,4.10783,4.98183,2.62993,3.62573,3.60746,4.31218,3.40068,6.20685
3.11996,2.59038,1.68857,6.07172,2.83884,4.09843,3.23166,4.54021,4.41755,2.83839
2.18756,3.63189,3.3367,3.37612,4.84117,2.69081,4.755,4.11548,3.0035,4.39057
3.9194,4.10167,3.96005,2.86284,3.2151,4.49264,5.5353,4.2278,4.90826,3.33533
4.69528,5.27201,5.15149,3.89648,4.96917,3.43395,6.27804,4.64735,3.2544,5.07494
4.2607,3.90986,2.5673,4.78153,4.44909,4.17459,2.65044,4.80702,4.10078,4.19112
2.36777,2.84316,3.10454,4.62242,2.77932,3.18423,3.43261,2.40043,3.00513,5.6597
3.12773,4.07033,3.67769,5.28137,3.31621,4.54125,5.13875,3.69262,2.19495,4.68011
4.24128,3.69643,3.835,3.7223,2.49598,2.5275,4.05106,2.10774,3.77429,4.75495
2.92027,3.99217,3.77654,3.9493,4.71994,4.32266,3.06917,3.82709,3.97042,5.09928
3.16088,3.95283,5.19268,2.08457,4.98159,3.36935,5.75045,3.06653,4.57143,4.06347
3.68881,5.73581,3.13341,2.65676,3.7846,2.66862,3.36025,2.40381,3.51369,4.55642
3.42001,3.35525,5.05381,5.19407,4.35758,5.90453,4.92502,4.15497,4.71631,3.2554
6.02433,5.05964,3.35291,3.7646,4.27753,3.35608,3.72478,4.32152,4.8044,4.15627
3.97502,4.03936,3.29447,3.91927,5.19803,4.87331,3.74564,5.28495,4.37064,5.74282
4.8645,4.15335,2.60567,3.85612,4.57218,3.80747,3.76752,4.43733,5.04688,4.92596
3.50447,5.70328,3.20991,3.77242,3.01293,3.62158,3.37565,4.27805,4.063,4.02387
4.83798,4.43258,4.76933,7.05951,6.12449,3.09922,6.88527,3.38266,4.93387,3.70874
2.48602,3.01697,4.79992,5.20277,2.31354,3.81703,4.24429,5.93852,7.30439,2.35383
3.33589,3.49846,2.09375,3.61743,2.08221,3.81015,4.25117,4.04333,4.35701,4.80269
4.78581,4.27131,3.66173,3.7602,3.68128,5.09533,5.26322,5.03531,2.99347,5.14976
4.16126,4.30145,4.13428,5.01727,3.92986,2.76253,3.66053,3.93187,4.05617,2.76008
4.82116,4.78386,4.4806,4.02271,3.52441,5.755,2.64077,3.79393,3.05214,1.71264
4.94472,5.7368,3.39264,5.35529,4.73561,2.9952,3.30994,4.2504,5.54341,4.82265
3.3676,3.32584,3.39166,1.59641,4.01167,3.00316,5.24274,3.60258,3.97314,3.65828
5.33394,4.05674,4.69845,4.6276,4.25566,4.32192,3.75653,4.20987,4.48989,4.36087
3.356,3.8432,3.19333,2.25661,5.62998,3.77623,3.20076,4.49996,2.18561,3.23571
4.62298,5.44065,3.89279,4.18265,3.48216,4.23468,4.83319,4.1318,3.50781,3.53512
3.63338,3.81722,4.56305,4.18902,3.35718,5.63352,4.60545,4.01951,4.14875,5.11805
2.79814,4.98933,4.37829,4.28007,3.65416,6.06974,2.63731,4.0284,4.52167,4.04406
3.29047,3.11044,4.70472,4.35334,4.45637,3.58711,3.23028,4.33205,4.327,4.19818
4.73331,3.77935,3.8656,4.66542,4.58907,3.67757,3.42833,2.51773,4.36655,3.89001
4.11929,3.63766,3.28982,3.64885,4.8626,2.95312,3.73523,3.53877,2.38963,3.28111
4.17655,2.41113,4.28375,3.97929,5.77364,4.79256,4.13505,5.18994,5.26384,3.74008
3.34883,2.95487,4.94679,5.92171,2.85452,4.49877,6.42344,3.87471,4.09485,3.36884
3.51252,5.13787,2.86624,6.26567,5.36193,3.50841,3.36228,3.84387,4.29962,4.67524
2.45497,6.35216,3.10816,3.84909,3.72117,6.13688,3.96015,3.54174,4.83553,3.65106
4.64222,4.42598,3.29553,4.46169,3.58042,4.87827,4.68333,4.85909,5.8904,4.95994
4.41656,4.17521,4.39991,3.79921,3.29123,5.19198,4.3131,4.4663,4.00187,4.49142
6.13425,3.60461,5.82701,4.05169,1.25361,3.6406,5.11302,5.88822,5.03675,3.72151
4.41079,4.3253,4.99743,4.8332,4.52656,3.62253,2.94879,2.7592,4.84872,5.03816
3.35382,3.46637,4.43621,5.47247,3.20978,2.19031,4.10218,3.94159,3.08866,2.93056
3.93194,2.65006,2.61903,2.99398,3.96415,4.83316,4.98944,2.22663,4.12245,4.2032
4.38416,3.38436,5.15679,3.6113,2.64234,4.84557,4.37861,4.69882,4.21808,3.53687
2.41152,4.15268,2.5569,4.13452,3.09187,2.94216,5.44103,3.1344,3.4612,3.79076
4.84326,4.68294,3.262,2.83626,5.26876,4.68103,4.04152,3.03024,3.74526,4.37695
4.26968,2.3694,3.40589,4.2672,4.29788,4.14685,2.65941,4.75266,3.97286,3.91311
3.70352,5.28923,3.98883,4.1988,4.5264,3.06152,3.24991,4.4375,5.28406,5.60446
3.03269,3.30657,4.92398,3.45693,2.4354,4.60384,4.09313,2.19372,2.55806,4.15875
2.77925,3.05619,2.92935,4.59005,1.97205,4.81331,4.63352,4.81203,5.22268,3.59224
4.89949,3.47622,3.9741,3.49846,6.8084,3.7118,2.28733,3.90747,2.72776,2.65363
4.41966,4.2692,3.78177,4.17591,4.86236,5.3404,5.28604,5.87019,4.84024,4.07371
3.64319,4.28929,5.39679,4.34327,2.80323,3.0261,1.88881,4.25231,3.94873,3.15046
3.33978,3.87001,4.41395,3.56683,2.40001,2.63785,3.66326,3.48913,3.9691,3.05128
3.1436,4.71181,4.27794,1.66837,4.37674,2.44524,3.4491,5.62724,2.67995,2.05796
3.70254,4.51878,3.85121,3.84472,5.84074,4.08919,2.36935,3.50486,3.16829,1.04715
4.04458,4.50928,4.52618,5.02204,5.20979,3.14449,5.43837,2.89287,3.30991,5.12923
3.87525,3.93327,4.78109,4.08892,2.52698,5.81098,2.6324,5.62423,5.22974,4.85519
3.28494,4.60604,3.5808,4.28045,5.12819,4.89964,4.39628,3.2783,4.95267,4.54337
3.98092,2.59214,3.72555,3.66443,4.65974,3.66895,3.77973,5.81313,3.54451,3.14931
4.73563,3.78479,4.56256,4.45646,4.26993,5.38195,4.47138,3.08688,5.18939,3.87291
3.60401,3.67234,3.37815,3.68098,3.85129,5.23214,3.33338,4.28624,4.55271,4.20984
3.07482,4.5217,4.24656,4.8833,2.95975,4.7491,3.48617,4.27637,3.81766,3.8257
4.19707,5.20091,3.22461,3.77506,3.56763,4.51918,4.09996,4.96986,3.63382,3.19373
3.95938,3.96084,5.25461,5.54761,4.25968,4.30938,3.44818,5.62222,3.61095,2.74237
3.82142,4.57705,5.70994,2.62173,4.9674,5.09272,4.2952,2.15219,2.63421,3.36831
4.6267,4.85219,3.6423,5.00435,5.75347,4.52286,4.4425,5.54895,3.66035,4.1501
4.8207,3.17881,2.45969,2.15379,3.59205,3.98448,2.81082,4.52155,4.01685,4.79053
5.64992,3.48339,2.84952,5.1836,3.07122,5.25799,2.95955,4.10424,2.86234,3.38932
3.59285,4.40078,2.84419,4.21918,3.30567,3.6604,3.39897,4.60683,1.7001,5.01884
4.694,3.67534,4.52112,4.93412,4.77732,1.69839,4.34121,3.9779,2.74865,3.25737
2.83355,5.49489,4.11721,3.75692,2.49575,2.83791,4.52136,4.1521,4.91242,4.2567
4.20688,3.53494,3.42535,2.67356,2.9013,4.87569,4.52139,4.08556,3.62457,3.4939
3.98834,4.47035,3.69915,3.76347,4.67838,3.64614,4.13309,3.18852,2.57833,3.94234
1.37842,3.86618,4.19066,4.13851,3.81448,4.81486,3.33027,2.73045,4.27057,4.13167
4.40602,5.51316,5.43226,5.15684,4.23557,3.98621,3.03927,4.71549,4.5163,4.91084
4.76953,3.63404,3.91489,4.2297,2.55582,4.70001,4.62109,3.38014,3.4623,3.50912
3.34086,4.76596,4.43571,4.19722,3.38697,3.80985,3.21495,2.937,2.73924,3.83089
5.06781,4.56355,4.74593,4.13625,4.68696,4.32295,2.90937,4.03572,2.83537,2.65176
4.30798,5.4977,5.41331,4.89645,3.90392,4.31377,2.50898,4.4263,3.81998,4.32561
3.20969,3.4355,4.06024,3.437,3.16335,3.55565,2.40838,3.36936,4.28608,4.23341
4.12967,2.78051,2.50187,4.32949,3.89484,3.00509,4.18535,5.23966,3.18193,5.15915
4.6535,3.44714,3.71618,2.08215,4.52208,3.90964,3.30154,4.44865,4.45293,2.14784
4.87381,3.26576,3.49569,4.50373,5.17839,4.5049,4.41216,4.56672,4.46175,4.20227
5.7731,4.18643,2.74896,3.67703,1.34528,2.62019,4.27305,3.18447,3.73587,3.94624
3.73319,3.13225,4.40037,2.47205,5.69546,5.58478,3.05532,5.62025,4.426,3.65334
4.2157,4.28655,6.00554,3.57939,4.08134,3.3747,4.35701,4.30156,3.75902,2.94199
5.07272,4.98653,3.40385,4.72441,2.77247,2.86906,3.76444,5.492,1.56717,4.95316
5.08588,6.6053,5.24547,4.98747,3.20304,4.56056,6.86412,3.15731,5.10824,3.54286
4.91399,4.64103,4.60803,2.63249,3.71115,4.90187,2.41876,5.96754,2.98139,2.24654
4.55117,3.31231,3.22129,5.49439,4.79897,2.61988,4.19315,3.78459,2.0887,5.68929
5.15302,3.30575,3.5197,4.5568,4.36871,2.17578,4.95377,5.48413,2.92833,2.65729
4.43493,3.42354,3.49748,2.94736,4.96773,3.40205,4.84036,3.46997,3.53324,4.16274
2.84652,3.26514,1.54321,3.97744,4.75221,4.10577,4.42552,4.07709,3.67518,4.28203
4.31636,4.40622,4.2343,3.45412,4.44435,4.02442,5.32882,3.59854,3.83467,4.18681
4.41393,4.49444,3.90991,5.08473,3.7303,4.36855,2.37981,3.06105,3.56431,3.26101
3.95289,4.31079,5.3725,4.42544,1.57429,3.86091,3.75015,5.19164,5.01152,3.09168
4.82786,5.60252,4.92933,3.59379,3.50572,3.82649,2.8079,3.85599,3.08511,3.80591
4.87517,6.63858,3.86127,3.7296,2.55715,3.71524,5.75129,3.87396,5.37987,3.86417
3.24529,5.35853,4.81248,3.67504,4.58618,1.82148,5.40174,4.53525,4.40571,3.94546
2.92467,5.18765,3.7721,2.51127,3.34724,3.31976,2.16685,3.3129,2.30635,2.82347
3.71703,4.12902,6.16416,2.52014,4.01588,5.23522,5.49532,3.95054,4.31558,3.67261
4.52628,3.48094,3.38676,4.81016,1.45346,3.86863,4.10907,4.24943,4.72176,3.53681
4.85821,4.64865,4.2073,4.11081,1.93883,3.5394,4.35315,1.69855,4.13239,5.1848
4.14139,5.43565,1.57393,3.3605,3.55731,3.97952,4.28625,3.61499,4.97887,4.11929
2.19943,4.02853,2.92038,3.80689,2.93023,3.70467,2.78367,3.8818,3.2508,3.64663
4.7788,4.60304,3.17853,4.34913,3.08105,4.0234,3.86475,2.39285,3.17837,4.19517
4.93308,4.64984,3.98911,5.60946,3.07421,4.195,2.00551,3.06163,6.03092,4.3058
3.94798,4.28417,5.17069,4.07906,4.43015,3.71017,4.74633,3.29367,4.07347,3.26985
2.56791,3.9064,4.01604,3.94308,4.42256,2.20954,5.00446,4.72468,3.73617,1.63954
3.34128,3.05444,4.24122,3.57039,3.09612,3.3693,4.11376,5.12777,4.68523,4.08091
3.51003,2.684,3.16631,3.45702,3.24391,4.16655,3.55211,4.24773,4.30917,4.75272
3.57106,4.04278,4.24054,3.98176,4.82226,5.52896,5.04325,4.07289,3.41328,3.32071
3.43897,4.26631,5.20405,5.58918,3.22617,2.25844,3.83934,5.07684,3.0212,4.11029
4.60738,2.71333,4.48266,3.0315,3.12521,3.88688,2.92822,3.29864,3.61085,4.65874
1.90181,3.41185,3.41136,3.32946,3.09635,3.84783,4.27057,5.57182,4.51058,2.75933
2.81143,4.85565,4.90024,3.59649,4.24579,3.58305,4.68885,3.86322,4.98448,2.39385
6.92906,4.50887,5.13817,2.72028,1.04366,3.66209,3.85815,5.06435,3.67703,3.87519
3.89999,3.5877,3.89616,3.85672,2.22924,4.14044,4.531,5.09334,4.7522,5.88704
3.49948,3.41812,5.15667,4.60951,5.53411,2.93581,6.85837,4.69667,5.16365,4.88445
4.76571,4.40562,4.19851,6.95196,3.676,4.18187,2.69945,3.29328,3.39806,5.34528
2.78562,4.77329,3.31208,4.23304,4.70937,3.63549,2.22807,3.62466,3.63541,3.66645
4.84237,3.86148,6.32958,3.96935,3.57682,3.3788,2.66823,2.28083,5.07452,3.9887
3.4404,3.25203,4.70476,3.18313,4.4423,2.22781,2.86054,2.7899,4.3692,4.45839
3.83672,5.11389,2.77895,4.70316,4.71905,4.71797,2.17578,3.26938,5.49816,3.04805
3.77225,4.7449,5.65496,5.25302,2.81015,3.82724,2.14454,4.01376,3.56147,5.06006
1.39588,3.97158,4.7117,4.35527,4.87156,5.4488,2.31576,3.94412,4.78783,3.58693
3.57552,2.74217,4.82205,3.82416,2.66659,2.93916,3.96408,3.96606,2.83393,5.95617
4.47458,4.60013,3.72393,3.4109,3.0036,4.19244,4.38896,4.10026,3.69405,4.71153
2.98944,2.77429,4.06825,3.27979,3.64211,4.06645,5.28885,3.06422,4.00093,4.7732
2.77123,4.06883,3.96127,4.65339,3.65785,3.90576,4.40626,5.16243,5.27925,3.63992
1.76563,3.68862,4.36686,3.23086,5.29295,4.3542,4.06473,6.01611,4.65632,5.47892
4.93127,4.62019,4.78772,4.62526,3.19838,4.57197,4.4216,3.59273,2.45898,3.68341
3.67269,2.95813,4.2214,3.30376,3.85412,3.80618,4.0356,3.83239,4.15459,5.74048
4.68267,5.04772,3.60432,4.95392,4.20134,3.76373,3.84039,4.13926,4.46671,4.22955
4.66997,3.74379,3.51912,5.29134,4.96866,4.72847,4.28036,5.3402,5.09403,2.57256
2.87683,2.96224,4.61806,2.69291,3.52964,5.29072,4.28027,4.53341,3.75482,4.35849
4.67406,5.17082,2.45073,6.51111,1.73675,2.53835,5.76185,5.9443,4.09322,4.90282
4.51585,4.51041,4.13122,3.5069,3.41024,3.41182,4.47198,2.68398,4.6535,5.13307
2.4997,4.95476,5.22571,2.7392,5.39961,3.16916,4.7503,5.09975,6.19221,4.95279
3.93333,2.98895,2.739,3.94605,4.25629,3.31127,5.78998,3.58071,3.87438,4.52243
3.54139,4.98068,4.53095,3.88007,4.41416,4.48337,3.19297,4.91205,4.90762,2.12522
5.74748,3.39681,2.56663,3.83502,2.52926,2.84737,3.28681,4.69177,3.36949,4.06172
5.23896,2.94833,4.80554,2.84706,3.84836,2.53175,2.82824,4.7296,1.75245,4.27212
5.82288,3.47254,2.95751,3.38441,4.09508,4.38087,4.55038,4.5598,5.00094,4.37336
3.7282,3.60985,2.68149,4.66824,4.237,3.50788,5.13139,2.84177,5.03944,4.60628
1.83617,3.13281,3.68691,5.82227,4.45659,6.31368,3.82493,3.34919,2.89029,3.64659
4.60924,4.58084,3.02785,2.63772,4.84943,5.78669,3.21299,3.26235,2.58901,2.57628
3.76873,3.12148,3.68358,5.19759,5.52501,4.90437,3.19678,3.11278,4.14581,2.9735
3.31487,4.81324,4.48958,5.11967,3.86557,5.91314,4.39696,3.50956,5.28964,3.63862
3.24913,5.95554,4.7744,4.0561,2.78949,4.09418,2.83545,3.92812,3.30147,3.82266
4.2458,3.97563,2.73492,3.98364,4.55947,5.35037,4.43145,5.79833,3.3911,4.69637
2.61575,5.23082,4.79266,2.91403,4.53723,3.09332,3.75737,3.13294,5.68336,3.44958
3.80621,4.60193,3.40763,4.42053,5.0135,5.44667,2.39266,4.95124,3.3544,5.01336
5.63369,5.81281,4.108,2.23855,2.91447,3.78223,2.3767,4.66315,3.35021,4.11529
5.14704,2.83083,4.38897,3.30754,4.79505,4.00929,4.04745,3.40253,3.06112,5.06648
4.29823,5.19569,3.62136,4.84279,4.25522,5.15584,1.74814,2.80748,1.64049,5.25794
4.61143,4.42654,4.33714,4.0909,5.03991,2.54761,3.47819,5.02311,4.5233,4.90035
2.85313,4.19895,4.09187,4.02998,3.69001,3.68273,3.57508,4.31875,3.56647,3.9318
5.4831,5.56741,5.33268,3.59448,3.67254,4.64844,4.43155,2.91701,2.97778,2.38678
3.61022,3.28678,3.6545,3.9507,2.17181,2.1861,3.91124,3.91429,2.92818,3.1151
4.93803,2.59661,4.0591,2.69134,4.29922,4.09371,2.72233,3.73519,2.59415,4.37613
3.62777,2.29449,3.48743,3.49076,2.20397,2.74647,4.23603,5.79111,4.78636,3.80413
2.51884,3.71912,2.77878,3.69,3.32527,6.20837,3.90064,3.15163,4.87163,3.48743
3.88085,4.16039,3.00326,2.76896,4.52754,5.01985,5.91635,2.07164,3.66282,4.06653
4.4684,5.58097,4.63637,3.09186,4.59522,2.50509,4.61423,3.31012,4.26316,4.96087
3.02364,2.14626,3.55568,3.15779,2.47355,2.93256,4.71063,3.1993,4.5125,5.40788
3.35009,3.67584,2.74284,3.71277,4.37955,5.05297,4.14348,5.51808,4.13133,1.65869
2.70558,3.50354,4.42235,4.21561,3.92533,6.28932,5.32992,3.51334,4.3032,5.3325
3.31676,3.32742,3.83622,3.55536,2.8716,4.01447,5.67924,3.46691,1.89539,3.92516
5.76915,3.24635,3.01763,3.35467,2.70897,3.96841,3.14325,3.26282,3.81492,4.17515
6.08352,4.16878,3.45334,1.34673,3.67426,1.76185,3.55099,3.70651,4.43362,3.41864
4.32469,2.66326,3.70942,5.03496,5.12262,5.56963,3.92763,4.44914,2.35498,3.16697
3.57931,4.36677,4.35496,5.89676,5.95357,4.63624,4.01966,3.16923,5.52915,4.11167
2.99731,3.39118,6.30283,3.74857,3.99894,4.92515,3.19584,5.00045,2.67038,5.73555
4.57697,2.96578,4.44734,4.6584,2.27392,4.10311,4.19541,2.67523,5.04882,4.06299
3.30997,4.34217,4.56504,4.49999,4.53732,3.7034,5.24705,4.97644,5.45614,4.10926
2.98322,4.85732,4.10471,2.604,3.90608,4.36322,3.7196,4.7236,5.2411,3.95207
4.39229,2.81062,4.66879,4.40337,2.88449,3.2688,4.23936,4.4124,5.76345,2.99876
3.99495,5.19918,4.68633,3.56926,4.58926,4.29425,4.36903,5.04748,4.89195,4.48261
2.40163,3.81056,4.81011,5.22632,3.70447,5.30633,5.07591,4.52781,2.61761,4.58414
4.05582,3.8598,3.96611,2.22884,3.51728,4.27248,5.75188,3.2035,2.82548,3.55898
4.74057,4.54722,4.68812,5.74603,4.84725,2.53136,3.42926,6.92284,4.83822,2.70742
3.22306,3.33614,3.71725,5.64398,3.9731,2.79415,6.01256,4.32149,6.37134,5.45585
3.3815,4.09843,4.12473,3.44582,0.966345,4.56298,4.7553,4.0704,3.81349,3.05775
4.50498,3.78632,4.40757,4.02051,3.29351,7.17762,4.38826,4.39487,2.58834,5.44615
3.51607,3.61461,6.04226,3.92558,3.93672,2.74845,4.14206,2.77284,5.0234,4.16884
4.70499,4.37263,3.05452,5.23205,4.21339,3.26122,3.86794,2.98872,2.72118,3.41078
3.90365,3.78748,3.07752,4.44456,5.23991,3.99845,4.14301,4.57258,5.37391,3.73613
3.65237,4.17805,4.69656,5.1622,3.24688,3.53776,5.35033,3.44918,2.1276,5.15408
2.86987,4.11427,3.34519,2.76148,5.42906,5.47157,4.08,3.74017,4.30744,3.90149
1.3649,4.74835,5.05033,3.63428,3.55359,2.35436,3.48453,6.07939,5.30258,1.05492
4.17522,3.31367,2.5812,2.3162,4.71565,4.26587,5.22782,3.20504,4.81301,3.99406
3.94903,3.66645,5.26518,4.28686,4.35427,6.21177,3.63506,3.51573,5.33887,3.76895
6.24229,3.90615,4.82388,4.08365,4.75819,4.3086,3.66589,4.76047,4.99977,4.44115
2.36116,2.58867,2.55881,3.84162,5.52683,2.02634,4.93192,5.02134,4.26732,4.44734
4.88286,4.05157,2.82011,5.75547,3.88624,2.65438,3.51546,4.51923,4.06323,5.34979
2.69709,2.84183,5.04368,2.98749,2.79514,5.34477,2.31339,5.65394,3.40016,4.97488
3.37962,5.33406,4.51997,3.64322,3.68138,2.72356,2.98966,3.47154,4.95129,3.17021
4.06978,3.59231,3.68382,3.5785,2.4002,4.29344,5.09764,4.37685,4.10715,2.95626
