10
4.00752,2.80171,2.32325,4.4885,3.49693,3.97682,4.19807,3.81327,3.68495,4.17343
3.076,4.55851,3.69577,2.71436,6.0391,3.91295,4.31871,3.43914,3.90992,4.81915
5.22296,4.22914,2.93438,3.97608,5.16069,3.65024,5.44211,3.73877,3.09755,4.55375
4.64433,3.42426,2.90403,2.28558,4.50075,5.03292,3.79678,2.19656,4.12057,2.24679
2.9703,2.95668,4.59539,3.88069,4.79121,3.77047,2.90926,3.79055,5.75124,4.75687
6.26976,5.44827,3.70633,4.6503,3.35411,2.38309,4.05141,5.07047,3.48505,3.14667
3.93069,4.13341,4.34912,4.93857,3.40135,3.65507,4.61541,2.18,4.96735,4.00804
5.04849,4.14127,3.77672,2.94692,2.10336,4.07952,2.44823,4.01697,2.97807,4.83466
3.88808,4.15309,4.83902,4.30623,2.28108,2.49758,4.54498,3.55721,2.93884,5.63875
2.4638,2.32038,4.45465,2.83088,2.78926,2.45714,5.7568,3.48321,4.93478,3.43002
3.95115,4.40503,4.33636,2.49037,3.79844,4.26483,4.55107,3.98435,3.98609,3.8447
5.58627,2.83665,4.06558,4.37792,4.15511,3.15056,5.10876,4.18181,3.44961,4.75912
3.66122,3.05318,4.31056,2.98556,4.8019,3.20892,4.63167,2.95509,2.29107,4.26812
3.80387,3.91079,3.74601,3.94923,4.52044,4.16566,2.7393,5.06825,3.69225,3.53419
3.53066,3.49073,4.52925,5.09913,2.48427,4.27555,5.35279,4.10489,4.14018,3.39112
3.76645,3.36382,5.67145,4.61396,3.69882,3.60704,2.72378,4.10299,3.72768,3.0404
5.50936,3.09979,4.20111,2.74571,3.8604,3.9693,4.72082,3.88343,2.78851,4.91068
3.99571,5.16001,4.15076,2.10723,5.40627,3.95664,4.19852,4.06302,4.925,3.60556
4.47959,4.53884,3.58137,5.29732,4.09545,4.72736,5.09382,4.99545,5.6847,5.03081
4.8096,5.34992,3.26747,4.89077,4.09374,5.2898,3.02417,3.11235,5.06276,5.94694
1.8239,4.09596,3.02073,2.92906,4.32382,3.72808,3.05624,4.04816,5.60731,4.41163
5.26835,3.78229,3.44514,4.02415,1.46214,4.50959,3.94653,6.28196,4.32206,4.05966
5.59709,1.97393,1.73692,4.85068,3.62279,4.23157,4.51149,4.22601,3.16922,4.74801
3.70389,5.46368,4.53506,4.20178,2.08831,5.87453,4.59958,3.33648,2.96109,4.49204
3.6829,4.3823,3.60495,5.53109,3.75622,3.86676,2.7554,3.71687,1.64579,4.67829
3.59629,4.75766,1.73043,3.49616,3.64056,5.34427,3.09886,5.89058,4.78751,4.44479
4.03915,3.63738,3.27134,4.28045,2.79309,5.31539,3.62844,3.24869,2.62722,4.26621
5.26798,5.16904,3.52823,5.35505,2.76954,3.10871,3.94452,4.55516,4.08785,3.48989
1.84415,4.27418,5.60672,5.08359,3.10926,5.16628,5.37969,1.4286,5.19113,3.14575
5.92835,3.95541,2.84893,4.16219,4.28972,2.90876,4.00964,6.65093,3.92914,4.33297
6.1096,4.32872,4.76357,4.91941,5.86048,3.46916,1.88865,3.56514,4.65995,3.68109
5.3282,4.50324,3.54243,5.37599,5.59204,4.74592,2.28736,4.73186,3.60307,6.16554
4.55314,3.0958,4.5844,4.44893,2.93529,5.01022,4.3684,4.70774,4.01697,6.57626
3.2965,3.78369,4.25738,3.39656,4.28716,4.31686,4.20403,6.11871,4.59276,3.79792
3.60152,3.50384,3.0803,3.13034,2.26725,3.66656,4.09263,3.44436,4.75943,4.21116
4.19973,4.81949,5.19963,4.79744,3.89376,6.15191,3.74214,3.03394,5.7164,5.50066
5.07861,5.2022,5.04183,2.34211,4.03458,4.55065,3.81875,3.20236,3.88973,5.04324
3.83479,3.84033,3.44404,3.31755,3.91203,3.25652,4.19872,2.52616,3.14935,3.9968
4.38922,3.96344,4.43327,2.59933,5.75842,3.3196,3.87434,4.43619,3.15897,2.37545
3.19208,5.08542,3.64151,3.83265,2.96846,5.08494,4.41907,3.59308,3.02096,3.59157
3.25384,3.78809,3.33941,2.46686,5.50936,3.53587,2.35516,2.17779,3.74766,2.95747
3.25563,2.63441,5.12049,2.13246,3.67747,3.97762,3.75708,4.39462,2.75198,2.82138
4.58474,2.84284,4.30943,3.4291,2.99836,3.17114,3.67104,1.96529,4.59213,5.35028
4.24692,4.96043,3.42422,3.69872,4.20873,4.29268,5.19063,3.76508,3.93594,3.29511
2.50528,3.8949,3.22492,3.97546,3.84936,4.83069,3.79031,4.66983,3.1881,2.92254
4.81097,4.68701,4.64933,3.80229,4.10717,3.35581,3.85429,3.67776,4.34871,6.12546
2.93864,4.2877,4.27844,2.94401,4.21094,4.7568,3.36867,4.3741,2.71134,3.81514
2.82002,3.25418,3.69912,3.51937,3.21327,6.12792,2.39649,3.24732,3.7414,2.57337
4.86714,3.54242,4.80214,3.78987,4.21953,4.52838,2.60663,4.84081,6.04593,3.0104
4.59978,3.09601,3.72596,3.61822,4.77598,3.01732,1.93536,7.29579,4.13408,4.32228
5.11964,3.7833,3.83533,3.70983,3.52794,3.87037,3.42929,4.32302,6.81518,3.28896
5.00341,2.89139,4.92864,4.07698,2.3213,2.81888,3.32066,3.13786,4.16022,6.51619
4.67754,4.30038,5.10625,4.53632,2.3979,3.42367,3.93579,3.26072,4.19245,2.76285
1.73061,2.58101,2.84563,2.52226,5.10186,3.70087,4.4115,4.2017,4.34369,3.30737
3.44308,2.52044,3.79075,5.473,3.96973,5.44024,4.30161,4.86741,5.05009,4.66207
4.24383,4.07063,4.23704,4.19838,4.18565,4.70839,4.98581,4.03902,2.86772,2.82416
3.46994,5.95849,3.96186,2.52315,3.12141,3.57496,3.94142,2.26039,2.62563,3.4938
5.24597,4.74763,4.57627,3.41547,4.35504,2.92119,5.42755,4.5731,4.23916,2.63832
3.63265,4.68927,3.53411,3.19782,1.8882,4.02576,3.37608,3.2576,3.52762,3.84643
3.79214,2.99494,3.63154,5.17521,2.25053,3.65504,3.79388,3.46297,3.58901,3.99796
4.89745,3.73305,3.27208,5.73375,2.99087,3.39588,3.2246,4.6321,3.6202,1.69613
5.02182,5.55276,5.60252,5.18,3.63198,2.58388,4.23412,4.85974,4.15244,4.35424
2.71498,4.51863,2.94946,5.08362,3.9102,5.21823,4.2642,4.7884,4.86301,2.17859
3.12789,5.93918,4.07062,3.86015,2.51103,3.08273,4.54115,5.07521,2.90392,4.78267
1.86315,3.89311,3.90439,2.71826,2.67985,3.81608,3.81351,2.794,3.51549,5.69395
3.55542,4.71205,4.16157,4.26542,2.78643,3.20133,3.48675,4.12007,3.82294,3.03779
3.09247,3.21174,5.62402,4.27044,3.53872,4.59937,3.24689,4.09347,2.31181,5.46731
3.14495,4.13486,3.77944,4.79646,4.65229,5.35227,3.47232,4.78738,2.48975,4.90481
3.60589,3.88639,6.33255,3.53184,2.76328,4.75136,3.97512,4.58866,3.21542,4.53144
3.23209,3.49889,5.6302,3.88831,3.16326,3.96142,3.30524,2.7942,3.84915,2.416
6.28619,5.18829,5.61528,4.26646,5.6528,3.01854,4.39487,4.59064,5.93901,4.31272
0.905444,3.09477,2.69887,4.62434,3.9338,3.42525,4.06857,2.44943,3.44317,2.45237
4.07852,3.08289,4.9582,5.49543,1.73379,2.57289,5.03298,4.92582,4.20106,4.92597
4.03286,3.62396,4.39506,5.0395,4.27391,3.74651,3.35586,3.34973,4.75517,3.70576
5.20317,3.1149,4.33379,5.26684,3.69229,3.27675,3.92455,5.33971,3.81803,5.00137
3.38383,3.23413,2.82599,6.92837,4.68444,4.22474,3.26672,3.74085,3.76499,3.41352
4.96171,5.95607,3.14045,4.86535,3.32583,4.78436,3.42552,2.88747,5.03039,2.03426
2.97887,4.43359,3.14197,4.50851,3.83915,5.73136,4.41888,4.69827,3.79281,4.84623
2.20657,4.83664,2.21333,4.71776,4.44021,3.26388,3.22457,4.60262,4.57574,3.55656
4.38884,4.24943,4.95763,4.42651,3.74088,4.08126,4.88056,3.22204,3.83311,2.80717
2.75728,4.36081,6.6327,5.60806,3.73712,2.89994,4.32629,2.89344,3.96197,5.2162
3.7205,3.57265,2.76608,3.70243,4.33264,4.39143,5.00396,3.08745,3.18477,3.48098
4.32291,3.10717,5.03902,4.75733,4.04128,5.18893,4.35219,3.92027,3.32985,5.52565
3.72985,3.46768,3.62887,3.60769,3.08162,4.47403,4.91464,5.41669,4.53986,4.06858
3.88499,2.40333,3.84871,4.48079,3.76608,5.33342,2.11859,4.29125,4.06603,3.81039
3.74832,4.17471,5.31678,3.39421,5.31863,3.51007,3.66132,3.99683,4.84231,1.51944
3.23453,4.20958,2.94172,3.23285,5.06742,2.04187,3.39062,2.78683,2.26352,2.87253
4.045,3.11476,3.37726,4.31787,3.85779,4.66168,3.25433,4.16378,3.27203,5.08877
4.507,4.64899,4.75866,4.93939,5.76593,3.30913,5.55439,4.48464,4.39754,5.03724
5.24112,3.05591,3.34692,2.73144,3.56428,4.53873,5.59301,5.32555,3.29581,3.62743
2.90889,3.63737,4.3169,5.34437,3.0292,2.4708,4.2914,4.39254,3.17175,5.5973
5.15756,3.31354,3.05884,2.60497,2.84503,4.27803,4.12219,3.27294,1.61789,3.78015
3.57223,4.57193,3.21224,4.6762,4.27664,4.69592,3.60509,5.25041,5.02475,3.06307
4.89767,4.29287,3.35688,4.50247,1.70241,3.74041,4.09289,3.18941,4.44876,4.53359
4.20997,2.85267,5.83038,3.28104,4.10946,2.65674,2.94954,5.02556,4.55769,3.5451
3.12123,3.36658,3.79914,4.00728,3.20247,4.73676,4.24298,2.76504,4.72245,4.17104
4.40792,3.98839,4.73145,4.17803,1.9496,2.1752,5.03567,3.47554,4.76377,3.52184
5.75107,4.28577,3.03008,2.33638,3.93147,3.66279,4.08416,3.96996,2.21408,3.88942
3.24922,3.51367,5.00929,3.25068,3.04351,3.2078,3.70628,4.06012,2.51548,2.31238
3.80867,3.58598,3.98078,3.15043,5.83504,5.17648,3.43605,4.1407,4.56273,3.54506
3.94316,5.26107,3.02756,4.89184,2.94753,4.34697,4.08009,1.83792,3.5622,4.04585
5.25849,3.10838,5.30194,3.75873,3.81575,2.69077,2.64929,4.93731,4.79032,4.74463
4.11513,5.26049,3.37044,4.47147,1.5312,4.6456,5.11505,4.52936,3.53714,4.31829
3.56485,3.80601,4.56575,4.33798,1.75554,6.1678,2.33712,4.4065,3.02906,2.29017
4.41242,2.37265,3.70949,3.40952,5.80184,2.43029,4.74096,3.29681,4.1781,4.39943
4.31454,3.19689,3.62253,4.28605,4.13297,3.57625,4.03018,3.80648,5.26322,5.05997
3.99194,3.30152,4.29567,2.90382,3.19905,4.39972,1.18565,5.17698,3.61926,2.8366
4.92297,4.5762,2.89518,6.54241,2.20097,4.53722,4.7566,4.37392,6.50136,4.51648
4.63467,3.25409,4.55173,4.15667,4.37717,3.00104,3.01953,2.33536,4.80813,3.82804
4.03074,3.62142,3.14511,3.60507,3.75755,3.21472,4.08363,4.98206,5.73805,4.72457
3.5701,2.08307,3.02088,4.31533,5.11198,2.24076,4.26967,3.58906,4.69654,2.58413
2.86044,5.30338,3.93319,3.26315,3.58283,4.81025,5.30725,2.36038,3.78966,5.39485
4.28733,3.61685,3.52046,2.34364,4.57483,2.57369,4.68893,2.72695,3.97127,3.93961
4.40203,5.70612,3.34207,5.41425,3.79986,3.43434,4.14203,1.83303,2.74854,4.56573
2.41858,3.34885,3.10675,2.8011,1.32672,3.6739,3.54015,4.02086,2.82667,6.15785
4.54837,2.81705,5.07863,3.24857,5.29595,3.81479,3.3926,4.5629,2.80463,3.89677
3.85588,3.29011,2.11892,1.38984,3.05504,4.05128,3.6105,4.61582,4.56427,3.68832
3.7139,2.43153,2.86738,3.26333,5.09855,2.87635,4.65259,2.59247,3.5318,4.74847
2.47071,5.5667,3.92645,4.25733,4.50767,4.34943,3.01593,2.38086,3.64075,4.7099
5.12532,3.55138,1.97896,2.97605,3.34646,3.93849,4.45854,4.50147,3.67765,2.48346
3.18095,4.56796,3.92813,4.4371,3.69993,4.99912,3.81619,5.16341,3.6079,4.36909
4.21589,4.51483,4.1896,3.82653,4.21233,3.66726,2.90645,2.92443,4.49926,4.2181
2.254,3.07464,5.76619,4.86479,4.09512,3.58098,3.35036,5.18105,4.23357,4.92315
4.31978,4.5099,3.79911,4.61938,2.69884,2.31519,4.29319,3.84329,4.1872,6.85241
4.52118,3.91394,3.90865,3.71852,2.60759,2.89178,3.30281,5.22648,5.0345,4.17212
4.82178,2.80027,4.05942,4.26471,4.39177,2.8485,0.981778,5.63428,4.82905,3.2535
3.4053,5.03426,3.48933,2.29535,3.53512,4.70041,3.22838,5.41547,2.54518,2.74409
3.12583,3.78797,4.05067,2.54103,3.34161,5.15319,4.33738,3.91916,5.64447,3.26681
3.82255,3.4472,5.18107,2.72234,3.53612,4.77585,4.44611,4.29929,3.79334,4.17136
4.37376,2.92022,3.47083,3.33411,3.48531,2.32262,4.13861,4.0363,2.75815,4.23378
2.64278,2.48455,3.66183,4.47306,4.7974,5.65421,4.13864,3.90516,3.2016,6.10513
4.20118,5.76914,5.06216,6.40471,2.14896,3.69192,5.33842,2.87633,4.2805,3.18886
2.41678,4.57777,4.84741,5.43758,3.19161,3.54452,4.66089,3.97643,3.93303,2.05026
5.31159,1.9117,3.8851,2.86624,3.67272,4.46185,3.30808,4.49853,3.48025,5.27254
2.18137,2.98709,2.82365,5.7314,5.0192,5.06622,4.47406,1.9959,3.41097,3.48166
3.85667,3.39862,4.38714,4.89827,1.94717,4.38338,4.90383,2.52197,3.23235,6.38909
4.55406,4.08933,4.75801,3.34841,2.588,3.87935,3.66179,3.75517,6.48636,4.49137
3.25547,1.8857,3.72083,2.84776,3.90032,2.29838,3.07541,4.26719,2.79285,3.92145
3.87917,1.68249,5.0596,4.73188,4.81191,1.93009,3.81002,4.39802,6.64439,5.83499
5.84484,2.57417,6.23995,5.02379,3.51597,3.91834,3.9764,3.46513,4.53264,4.61784
3.34723,3.76767,5.02325,3.02034,3.61829,5.60641,5.42838,3.30598,4.02847,4.1352
2.78475,4.89007,4.35401,3.05367,4.01659,5.73385,4.64471,2.76429,3.75312,4.66299
3.15341,4.98904,3.52178,3.01517,4.29302,4.18079,3.37755,3.25152,2.83004,2.50237
6.37649,4.38294,4.32595,2.85786,4.67222,2.88937,3.22651,3.64731,6.26156,2.88633
5.58626,1.96631,5.73637,2.87115,4.96064,3.32371,5.30264,4.28161,3.17563,4.44372
4.75471,2.46691,4.30433,4.10512,4.84161,5.02567,5.00271,3.09662,5.09317,3.90702
4.19284,4.41506,3.55623,3.89251,3.62855,2.59123,3.65654,3.38246,4.56758,2.86524
4.28653,4.07096,5.19583,3.64427,3.81797,4.31239,4.05754,2.6681,4.33905,4.11235
2.41549,6.47355,2.59801,5.1036,2.53008,4.81057,3.48868,4.15966,4.37989,4.40881
2.66058,2.68767,4.01659,3.09818,3.86866,3.70861,3.28961,3.61727,5.05503,3.84232
3.58539,3.85498,4.84992,3.56956,4.08189,3.06717,5.36614,3.3729,3.71016,4.19837
4.18713,3.47272,5.6946,3.49747,3.96469,5.81841,3.38581,3.21503,3.57456,5.37619
4.78517,2.80371,2.87386,4.12985,3.98575,3.19985,5.05825,4.6828,4.70895,3.27452
2.93701,3.81209,3.77937,4.96915,3.38622,2.47775,4.4876,2.3235,2.53712,3.93627
5.09885,2.92875,2.17297,5.80216,3.53379,1.04455,3.32226,4.68471,4.96283,4.87278
4.53627,1.44361,4.2767,3.38125,3.2979,4.77595,4.97153,4.00463,3.79333,5.79649
4.51703,5.26443,3.74391,4.24132,4.01243,1.1762,4.05638,2.52448,3.61026,5.92361
4.7261,3.65052,5.39394,3.65707,3.64149,1.97847,4.69686,2.92865,3.86953,3.95894
4.45955,1.51383,3.38371,3.9589,3.75642,4.50347,2.22037,2.51465,4.76376,3.99921
4.79407,2.52861,4.62148,2.87647,3.49244,4.10309,4.731,4.81261,4.84451,3.01811
4.76008,4.7322,5.54329,3.38892,4.36237,3.37594,4.45893,3.8394,3.56294,3.63614
2.5853,2.52344,6.98678,3.79133,5.07328,4.16633,3.36351,4.16273,4.04369,3.63299
5.18285,3.74918,3.96551,5.66169,3.94525,2.74098,4.78456,5.29271,3.12667,3.05938
4.51842,6.06849,4.32441,3.08898,3.65762,3.99118,3.1473,3.70907,4.63305,1.68857
4.82046,2.50332,3.89655,3.7894,5.66152,4.71205,4.19974,4.51926,3.84474,3.79315
2.68225,5.74883,5.20671,2.66044,4.10177,3.14884,5.85606,3.77232,4.78149,4.69595
2.9171,3.62833,3.75443,3.89791,3.44423,3.95738,5.056,3.82456,4.08707,3.4573
3.78431,4.22584,4.07874,4.20138,3.69235,3.02559,4.72893,3.48554,2.48972,2.12236
5.4181,3.73741,4.19492,6.06945,3.81333,4.97213,4.81394,5.44668,3.59252,3.42267
6.14569,4.24259,3.39987,5.93559,2.36184,5.0256,4.69768,5.917,3.20909,2.95768
4.4029,1.76444,2.71852,3.71847,3.65933,4.8902,4.46607,5.46807,4.96518,4.45468
3.8958,4.86919,3.96687,3.53397,3.50242,1.64768,3.93273,4.01357,3.22535,3.12987
3.5737,4.0997,2.11141,2.10734,2.53785,5.24273,3.06954,4.12965,5.03501,4.5893
4.90914,2.19612,4.47046,5.25677,2.2326,4.23949,3.95242,4.16641,3.77675,4.41551
4.21025,4.45408,5.37525,4.52679,4.61289,2.88799,2.99131,3.05617,4.72281,4.87846
3.47165,3.94992,3.70388,4.19865,4.58591,4.24277,2.79549,4.13038,3.4218,4.77754
6.35797,3.07628,2.9898,4.7895,2.7778,4.50899,3.10818,3.73802,5.0925,3.49771
4.22209,4.92072,2.49833,4.79438,3.91646,5.09279,4.20003,4.06849,4.0552,3.76778
5.17898,4.28322,6.14275,5.22463,4.25162,3.9628,4.65804,3.6089,2.38699,4.82431
3.81589,2.14016,3.47425,4.29718,4.50294,3.43609,2.89748,3.79523,2.4173,3.41708
3.88942,3.49671,4.26523,2.78853,3.04244,4.59002,1.92809,4.56437,6.02539,3.5428
4.41773,3.74568,3.01128,3.60369,3.542,2.32457,3.9347,3.24387,3.68722,3.50813
4.53073,4.80208,3.71501,4.34436,2.26822,3.51059,1.59292,4.39676,5.45886,4.88385
2.11578,3.13508,2.97094,3.87633,4.09631,1.9314,4.50537,5.62508,4.15674,2.73758
2.87826,4.30594,2.72761,4.86617,3.5442,4.91457,3.5453,5.44445,3.73906,4.63773
2.13573,3.39562,3.97323,4.69828,4.30727,3.68838,4.11091,4.52232,3.53825,3.84728
3.59535,3.03534,2.89551,3.80223,4.33046,2.47279,3.48314,3.77398,4.6963,2.2643
5.005,4.18277,3.96989,5.93396,4.94347,2.33587,4.45233,3.58121,3.4724,5.30184
5.79994,4.24088,4.30497,3.22872,4.07383,3.17788,4.55675,2.69436,4.76496,4.83843
3.8309,2.39972,2.91053,3.36367,3.71783,5.26715,3.05039,3.83067,3.93122,3.33454
4.42999,2.62516,3.86209,1.6434,5.63542,4.08215,5.21441,6.02502,5.79587,3.76104
4.27084,4.54169,1.729,3.55241,4.71154,3.98068,4.41365,4.81354,2.91274,4.47586
2.87695,5.15839,3.35383,3.13502,6.33938,2.5876,3.80612,3.39045,3.48315,4.35683
4.98713,4.41781,4.99178,3.27543,4.98903,5.72236,5.11408,3.21086,3.41488,4.04427
3.71739,4.66538,4.34354,4.1633,3.21226,3.95584,4.61734,5.6922,3.79903,5.65864
4.62149,3.83416,3.91391,4.01897,4.09911,3.64155,2.78747,4.40412,3.34825,5.09459
4.67551,5.24574,1.63322,5.63283,4.49679,5.2819,5.45303,3.17928,3.35893,4.3312
2.23098,5.81011,4.06552,3.05275,4.71792,3.39298,3.98006,3.61717,4.66023,4.42813
2.12454,4.16102,3.03951,3.45924,5.80199,4.9768,3.7858,6.13924,4.35375,4.91649
4.31154,2.3296,5.72689,2.26209,4.76773,4.15441,3.45706,2.72899,4.94196,3.00332
3.357,4.70856,4.74409,3.95525,6.36685,3.42442,4.90865,5.20716,4.26426,6.10255
4.31933,5.5059,3.38439,3.66337,3.81964,3.49122,4.68809,3.33425,3.51963,3.1534
5.41911,3.85462,3.93415,4.46745,3.82061,4.31936,3.94509,3.23056,1.83564,5.24928
4.92436,4.37847,3.31857,4.61563,3.98856,2.66801,4.77797,4.40723,3.60935,4.11803
4.45937,3.83472,2.90235,4.35514,3.38705,4.82332,4.36047,3.12135,3.45269,3.94138
4.92434,5.05514,4.30708,4.57983,5.46922,4.64229,5.03608,3.3216,2.14282,3.81162
5.44583,4.31841,3.34483,4.36854,5.62255,4.64628,4.81519,4.22159,4.26842,4.23824
4.80323,4.39081,5.14284,4.96531,3.87555,5.15442,3.38438,3.37494,5.64642,3.8037
4.16607,3.47302,4.16353,3.77389,4.02901,3.65628,4.10314,5.13291,4.25966,2.02415
5.48607,4.98474,4.55132,2.61344,5.52316,4.5456,4.82217,5.25386,3.99137,4.9547
2.99747,4.40887,4.35189,2.47892,3.14493,4.00519,4.44714,4.19475,1.97175,4.04278
3.33314,3.76228,3.55316,2.85418,3.63871,1.76426,4.0319,4.92296,4.6236,4.15227
5.35397,2.98684,4.38076,5.17177,5.70401,3.01099,3.80848,5.30654,3.63455,4.13266
5.12446,2.96275,4.31284,4.22797,4.42711,4.73349,5.8457,2.29987,1.70503,4.83046
6.23159,5.95822,4.04355,5.05862,5.18083,4.56396,4.15021,2.36584,3.7049,5.43783
2.94785,4.40598,4.00214,3.00171,2.78983,5.02154,2.94091,2.89807,4.66455,5.46422
3.63463,4.96004,4.96715,6.26513,6.04888,4.5862,5.27926,4.05714,3.41711,1.18462
3.13635,3.33404,2.7775,4.45297,2.828,3.87595,3.43174,3.09547,5.60651,5.00109
3.31981,2.49542,3.79304,3.05313,3.46539,3.91432,4.78708,4.69559,5.42743,3.64166
3.54222,2.89655,2.97351,4.90329,3.62663,5.73787,3.27956,4.29618,3.39508,4.48121
5.0991,4.01158,4.85784,3.7802,3.3011,3.74736,4.17733,4.82795,3.411,2.85639
4.1535,4.10456,4.54734,2.95779,4.35478,3.57289,4.26156,3.56991,4.48566,3.7829
5.63911,1.22103,4.63405,3.08147,4.77214,2.75085,3.73753,4.68325,4.34364,4.78109
5.79778,5.44139,4.98102,2.95463,3.36489,3.01284,4.56747,3.95922,3.42556,5.99236
6.17682,4.08532,4.94099,4.94848,1.684,2.07206,5.10882,3.06783,3.33954,5.36914
3.60481,4.61182,3.0925,3.25283,3.65894,5.97071,4.2266,4.20447,5.02745,3.89356
3.15901,2.99025,4.50315,3.69775,4.24276,4.46077,2.94509,3.96221,2.79753,2.46117
5.30834,3.41971,4.99544,3.09147,4.49981,4.22582,3.57083,4.65544,3.41012,2.8161
3.33295,5.25042,4.22458,2.76915,3.60573,3.29555,4.5361,4.40495,5.0723,3.95902
2.02749,3.3101,4.71915,4.92038,3.36988,3.33713,4.46052,4.56148,4.07707,3.30723
4.53898,4.02419,3.02711,3.53102,5.92831,4.03433,2.93864,4.0062,4.02143,3.30441
4.3437,4.09884,3.79101,4.2939,2.63388,2.27864,3.11307,4.77099,4.02123,3.91083
4.93048,6.10574,3.74849,4.36577,5.27343,4.82638,5.97107,3.78181,3.79042,5.23785
3.57477,4.53624,5.53453,5.51008,4.291,4.22473,4.66717,2.81927,2.43808,4.28406
5.59411,1.33552,5.54886,4.1707,4.34796,7.3086,2.55515,3.40363,5.21355,1.34569
2.65153,2.23998,6.06711,5.29149,2.87476,4.38994,4.36079,4.39249,2.46612,4.51139
5.22854,2.74073,4.247,4.47741,4.31856,5.74836,3.93286,5.54635,6.15761,2.37366
2.06582,3.74028,2.93581,4.70525,2.9208,3.69279,4.40119,3.64799,5.45233,3.60518
2.33801,4.87555,4.32264,4.48449,3.10224,3.99264,3.43932,4.3684,3.03147,3.37287
5.24259,5.0773,2.83813,4.15934,3.69766,3.55604,2.14582,6.48169,5.27648,4.21575
3.19242,2.83373,3.68673,5.09596,4.84022,4.51984,6.88899,4.14629,4.05433,3.14435
3.08109,3.48647,4.91078,3.82365,4.82654,4.02001,4.17235,4.17472,4.62203,3.96869
3.80243,5.04885,4.17985,3.97573,3.14322,3.30071,4.69012,3.71072,4.56916,4.36935
6.16973,3.3729,5.34893,3.54681,5.22962,5.67566,4.46407,3.08105,3.82414,3.65122
4.29299,3.3829,3.47919,2.81456,3.62819,3.61187,1.81548,4.3384,3.2839,2.19678
2.04292,4.75201,2.55434,4.61701,3.47432,3.7996,2.4155,4.19491,5.04645,3.11642
4.43611,3.24809,4.78082,3.30561,3.83969,5.08842,4.15674,5.14001,2.75139,5.11972
4.09646,4.86566,5.47202,5.34376,4.83137,3.92342,4.1283,4.14703,3.20588,2.46939
3.4631,4.42795,3.8123,2.37863,3.36649,2.24922,4.28362,2.6829,5.12642,4.37887
4.45273,4.24746,3.68022,4.19012,4.15956,3.57694,4.14644,3.72973,0.560994,4.78732
5.05668,4.7742,6.39944,4.16727,2.59496,5.05752,3.32289,3.65328,3.98752,3.97822
2.98036,4.3432,3.57254,3.81453,4.93839,3.31227,5.04957,3.94634,4.05574,2.76178
3.08633,3.97525,3.05604,3.23182,5.94144,4.79303,3.60755,3.72042,4.27401,2.54269
4.69635,4.73906,3.62931,3.83782,5.5611,4.21744,3.84569,4.11432,4.95648,3.39484
3.14153,4.14108,4.83759,3.40728,3.37524,6.26699,5.95332,3.24467,3.03095,7.28025
4.46396,4.70321,5.84551,3.4734,5.44217,4.51786,5.72154,4.00946,4.76955,3.36528
5.04828,4.6367,3.81724,3.46811,4.17562,5.6946,3.22026,2.58381,4.09714,4.90314
1.94395,4.31132,3.72228,5.11781,3.77709,4.11961,4.26013,4.30768,5.76682,5.38782
4.74369,4.23015,5.03943,5.23056,2.90143,6.46274,4.46025,2.77719,3.18476,3.49223
3.99667,5.8416,3.55886,4.12613,3.24563,2.83251,3.54865,3.21718,3.37159,5.28209
4.04573,5.78247,2.37552,2.71047,3.52138,3.0159,4.22924,3.35749,4.18268,3.87173
4.90073,4.29427,3.64691,4.34032,2.23613,3.93734,5.76305,4.56863,5.39401,5.60873
3.20043,3.08035,4.15983,4.29127,5.25906,3.58595,5.14306,4.12529,4.27182,5.09543
5.09551,4.74229,5.21218,4.4901,6.41697,4.44823,3.96051,3.08415,4.42133,3.53712
3.30682,2.58894,3.34513,3.89372,1.47203,3.28304,4.25692,4.87345,4.04065,2.56966
1.46771,4.79018,5.221,3.04312,3.9107,4.36731,4.89612,1.93666,4.89535,3.05325
4.73997,3.15535,5.78139,5.00149,3.00117,4.26316,4.85461,4.18552,4.82405,2.13072
4.22977,3.73088,2.64196,1.69303,4.50701,5.14999,5.83983,3.75614,5.70307,4.07586
3.80671,3.87487,5.2726,6.02789,2.1755,3.76432,4.36503,5.96971,5.43774,2.92169
3.32456,0.938616,2.28827,5.01544,3.8914,4.23573,3.25778,4.14181,2.08674,3.92543
4.25821,4.13713,3.85242,3.39538,3.65704,2.5655,4.04478,4.3893,4.74738,3.25609
3.51855,5.00996,3.7097,4.17074,3.37561,4.64402,4.68789,4.40549,2.89449,4.89453
5.83231,3.57313,4.3448,2.49707,4.97186,5.29646,5.04606,6.15056,3.3523,4.47795
2.58896,5.99622,5.32682,5.7666,4.91006,5.3017,2.31973,3.66178,3.25618,3.62015
5.12326,4.29826,4.81322,4.3282,5.81331,5.50181,4.65453,4.53635,4.79028,4.77966
6.53411,4.7725,3.10583,4.55879,4.09619,4.03622,4.30124,3.19166,3.68852,2.63639
5.0565,2.47075,5.89923,3.52828,4.15654,4.2524,5.65574,2.84396,2.59801,3.08983
4.3209,4.45044,4.49055,4.02761,4.23155,3.43692,4.31101,3.2027,3.1649,3.21953
2.42387,3.45476,3.78912,3.22745,5.99257,4.0654,3.90536,3.42828,2.81762,3.06666
2.54191,2.80419,3.35294,2.9432,3.80258,2.93492,3.05986,4.97873,3.04568,4.53288
2.28303,4.8916,4.76529,4.45482,4.3011,2.50871,3.89142,3.04229,3.76712,3.69811
4.7347,4.26166,4.78837,3.13539,4.42257,3.93027,3.83431,4.30851,4.75062,3.54064
7.20774,4.55015,4.75992,7.36201,2.29414,3.37363,5.7542,4.88807,5.27928,4.22453
4.49728,4.94777,4.64581,2.48586,3.51243,3.90512,3.58657,4.39402,4.43891,5.38082
4.08881,3.58737,2.98655,4.24511,4.0567,4.48588,4.58932,3.36935,5.25459,4.08046
3.13188,4.31182,4.26781,4.06692,4.05575,3.61384,3.55477,2.23222,2.8733,3.88987
5.9807,3.15124,4.17697,3.54563,5.21424,4.93343,4.52943,4.2262,3.91415,4.25873
4.41963,2.97804,5.39033,3.66626,5.25701,2.35647,4.61646,3.31734,5.79859,3.61253
4.26754,5.84344,4.98426,4.16789,3.69941,4.29462,5.21737,5.32595,4.05992,5.11484
3.5791,3.94391,3.01666,4.42395,6.34087,4.0643,3.59522,1.89098,2.2666,4.69152
4.97609,1.69201,4.48063,3.79184,5.01245,4.97147,3.31095,5.43912,3.43205,3.11547
3.09319,2.71724,4.62354,5.18223,3.06013,5.21386,3.74162,5.90587,3.67437,2.27285
2.68343,2.93198,3.32796,5.13878,4.29022,3.26388,4.97433,3.0099,3.94496,3.94318
2.32438,3.79175,2.66662,2.76029,2.51728,3.72689,3.16844,4.70687,2.91747,4.67269
3.90348,4.72055,3.52457,4.98884,3.41208,3.62227,4.55002,4.44504,3.62543,2.09429
3.59103,4.54814,2.7987,2.62297,4.80281,4.22938,6.37868,4.71041,3.79159,4.74668
6.65796,3.43665,4.839,3.94956,5.95115,3.58101,4.30883,2.02669,4.56138,3.47842
1.87705,3.50798,1.63029,4.10256,4.74298,3.28533,2.67583,4.82011,4.25865,3.97871
4.32909,3.9342,4.03797,2.62331,5.03811,3.49098,4.00356,4.48066,6.05085,3.67807
3.33906,4.84215,4.30713,2.95546,4.16762,5.10001,5.27152,3.69776,4.52354,5.27341
3.68653,2.43915,4.48939,5.10991,3.45858,2.40627,3.80547,3.5535,5.26172,4.75789
2.22347,5.78562,2.82509,2.52199,4.30445,3.69009,3.68395,4.15516,5.62454,3.60293
5.16373,4.57049,5.17071,4.91773,3.62518,3.24284,4.11017,2.76499,3.80397,5.24654
6.18855,3.27708,3.80483,4.02164,4.62304,4.59363,4.81887,5.58353,4.49084,5.57127
2.8065,3.26332,5.58174,4.67363,4.55441,3.56342,4.69552,4.93943,5.1029,3.47302
1.63693,4.71606,2.4774,3.25651,3.02547,4.26275,3.02999,3.86733,4.25759,3.09759
6.06772,2.64756,3.97606,3.35645,4.85521,4.33494,4.33187,2.39263,3.61873,3.6666
3.74643,2.79938,5.26145,3.23797,3.94762,4.35527,4.21551,2.42945,3.30364,3.40223
4.84498,4.4491,4.04016,4.75745,5.13499,3.29262,2.47429,4.54174,2.86112,3.19783
3.69885,3.2468,3.94706,3.19493,4.60986,3.4382,2.66461,4.6165,3.92242,3.05263
2.26024,2.36412,2.90626,3.83266,4.45646,1.31333,2.77705,3.31519,4.08229,6.3525
2.6496,3.7695,3.37092,5.49609,2.66365,2.56458,3.25285,3.30542,4.3451,2.9002
4.22428,3.41073,4.43196,4.52311,4.19254,4.13,4.91224,6.04169,3.65704,2.14227
3.7017,2.86195,3.92853,4.0333,3.41809,2.28717,3.03161,2.11554,4.67472,3.24088
3.26881,5.77915,5.41553,3.10542,3.66266,3.54571,3.99037,4.12479,4.45328,5.47599
4.15655,4.55728,2.58752,4.77707,5.81838,4.35347,3.31827,3.72445,3.44943,2.33225
4.45661,2.84085,4.27522,4.28598,4.5871,4.56162,5.55139,4.32008,5.27454,4.30953
3.59856,3.71446,3.10111,5.16625,2.48512,3.19368,4.33778,3.80326,3.37278,4.33618
3.76415,3.84877,4.69671,1.08583,3.8057,3.63723,3.87773,2.62103,4.88275,3.94102
3.21516,3.63732,4.29953,5.442,3.32119,4.11969,1.73571,3.88207,4.25358,3.86223
4.15094,2.96374,3.62203,2.94525,3.37353,2.38618,3.99731,3.65844,5.25242,3.25392
4.99855,2.83495,4.89543,4.20002,4.12002,3.57581,3.87857,4.91001,3.75789,3.79721
3.20358,4.97403,3.23197,5.16237,5.99493,4.58933,3.50041,6.31046,5.18027,3.54404
3.58376,3.05569,5.18341,4.40426,2.4084,2.58844,5.33346,4.61493,4.80654,3.33981
3.65261,4.82163,5.44134,2.44173,5.72097,3.13045,3.6527,2.89889,4.3606,3.75268
4.79961,4.38167,3.85365,3.16675,3.39384,2.84863,5.54328,4.68303,4.19141,3.63649
2.92263,4.30085,4.61583,4.94426,4.49689,2.22065,3.81889,5.37298,6.31432,4.08111
3.32104,2.86668,2.99288,4.89136,0.90209,3.85892,5.57948,4.80315,3.35362,4.53606
4.36761,3.55456,3.7114,2.95174,2.70854,3.28533,4.56276,3.84001,3.99955,2.38436
4.27175,6.92211,3.24236,4.7807,5.2972,4.25098,4.46993,4.57485,2.51171,4.29604
3.93004,4.14302,3.52124,5.48034,4.33786,3.65814,4.14316,4.57535,5.87602,3.95416
1.9785,4.21774,4.93077,2.54342,6.27996,5.09651,2.97406,4.05299,3.02586,4.91745
4.69144,3.38899,4.2377,3.56063,3.60254,3.64544,6.13996,2.84992,4.57077,4.58896
4.5204,3.69441,3.68462,3.26649,4.36518,3.63111,4.73269,2.96665,3.12986,3.08419
4.41173,4.77967,2.68643,5.24298,3.14772,2.07523,4.51408,3.76415,4.35238,3.46972
6.2277,2.29697,3.98127,3.26458,3.04555,3.77005,4.42239,2.81353,4.48328,4.95046
4.57612,2.73815,2.83939,5.43448,4.22589,3.30464,5.16503,3.08231,3.25694,6.43137
3.63428,3.49313,5.47787,6.65246,4.93492,5.26956,5.69126,3.127,3.6371,5.37233
2.14324,2.52414,4.78573,4.34587,4.52198,3.92046,4.40988,3.50578,3.74613,4.62686
4.11247,4.84902,4.98936,3.40663,4.94403,3.43426,3.18545,4.38321,2.88246,5.06242
3.77997,3.94198,2.58698,5.02977,6.30179,1.75836,2.211,3.12779,3.48507,4.76951
3.38068,4.58977,4.0691,3.30514,3.66991,4.20159,3.79431,2.70633,4.70216,3.45932
3.81008,2.75083,2.44487,4.46797,3.90908,4.06073,2.74679,2.58162,3.05829,4.19038
2.7797,4.86673,4.7508,4.7856,2.47565,5.2774,3.63743,3.62337,3.30587,4.45014
4.37351,4.09756,2.86658,2.4661,3.10482,5.08999,3.83862,4.01082,4.20599,3.18742
2.02586,3.56554,5.68921,4.69171,4.08853,2.10091,3.24529,4.48176,4.39514,4.2634
2.79085,3.58924,4.7527,5.19816,4.70186,4.93991,4.23587,4.1137,3.99874,4.76846
3.58108,4.46462,3.72611,1.77376,3.83242,3.30397,4.25802,1.68611,3.45343,5.73189
2.72356,3.24017,5.02283,4.82127,4.26534,2.878,5.50881,4.49792,4.20497,4.01395
4.45574,1.97234,3.23653,4.18626,2.2508,4.00138,3.47485,4.57503,1.92694,4.87672
3.59728,2.83068,2.37928,4.31128,3.48907,4.96473,3.59121,5.20348,5.30751,4.19047
3.40182,4.26558,5.04777,4.66219,4.2729,1.51201,3.02059,3.41165,5.07642,1.58179
2.8803,3.72619,2.55882,4.87319,3.25664,3.94625,3.5417,7.22555,5.18466,4.12313
4.32564,4.45122,3.139,4.93421,5.51272,4.97091,4.29995,3.46622,5.62186,4.11793
5.47016,2.64384,4.3668,3.4679,2.93385,1.77265,2.7724,4.57561,1.8156,4.40448
2.92571,3.80567,4.0428,4.30511,4.78674,4.00135,2.1051,1.93788,4.85949,5.12639
4.56921,4.41879,3.42679,4.07416,1.98721,4.41185,3.16073,4.6806,4.50511,3.79477
3.87432,3.9823,2.12561,4.04992,4.90076,4.36238,2.76907,4.38483,1.84582,3.40921
4.59403,4.22777,3.66635,3.11617,4.80726,6.94915,3.8018,5.68826,3.87857,2.84551
4.74861,3.16415,4.18162,4.17182,3.50188,3.99568,6.27277,4.49415,4.51208,3.54487
4.95667,2.9362,3.33153,5.35967,2.77859,4.31344,3.35392,4.1944,2.93117,4.26651
2.26961,4.03321,2.63519,3.98962,3.14173,2.6907,4.06314,4.16553,4.81574,4.47779
3.47083,3.08243,4.10476,3.92311,3.26361,6.07868,4.7493,3.92061,3.43706,2.17425
3.2191,2.58652,4.81101,5.90585,5.26362,4.00966,3.08704,3.98845,5.69271,2.28922
3.84456,3.98299,4.36368,5.18784,4.54163,2.33274,2.31624,2.15444,3.741,3.76736
1.89604,3.8365,3.92624,6.43797,6.56431,3.72393,3.7587,3.47225,2.67834,4.30795
4.36064,4.01278,3.70995,5.8586,3.87063,3.0558,4.71933,4.84306,5.13251,4.00455
3.56318,4.8727,3.73367,3.17369,4.30263,1.8218,3.72068,4.98767,4.78226,5.59647
2.44734,5.05084,5.5037,3.49855,3.10143,5.1358,6.34856,6.00195,3.56182,3.35358
5.337,3.40696,3.10465,3.24326,3.65424,1.69697,2.75499,4.38928,3.03659,1.69983
5.00884,4.23264,4.61282,3.85073,3.64381,2.09841,3.89481,3.45891,3.57297,3.14386
4.20372,3.19609,6.33609,4.11357,5.54053,3.95803,3.00965,4.31144,5.57768,4.93515
4.52559,2.44464,5.11562,2.5591,3.65782,2.1962,4.31035,2.75506,1.81686,3.94272
3.50363,4.54398,4.62396,4.16541,3.57445,1.12652,2.49904,4.22887,2.60535,3.01986
2.18359,4.60776,5.39388,4.42474,5.52367,2.08014,3.30385,5.63024,4.80219,3.95763
2.81468,2.2935,3.91101,4.7054,2.13534,5.1305,4.01955,4.36364,3.56829,2.79008
4.73348,0.529262,3.93933,3.03561,3.46713,4.49152,5.06474,5.79374,4.24142,3.35564
6.10103,4.1969,2.66524,4.49038,3.00667,0.531887,4.18657,3.92856,4.8536,3.74858
4.88014,3.87987,3.85128,3.96315,4.71888,7.09926,3.70809,4.57319,4.991,3.62315
5.01492,3.96181,4.25954,6.04117,3.43705,5.3945,3.53918,2.63263,4.25581,4.31531
1.48768,4.58111,4.2869,6.57952,3.97014,2.98074,3.92508,2.32528,3.51469,2.30902
2.99104,3.58097,4.13552,1.11558,3.32888,3.73928,3.52677,3.91097,3.10873,4.7905
3.61081,2.97458,3.80965,4.98382,5.58396,2.65572,4.97667,3.75646,1.18874,4.66207
4.88654,5.07249,3.53206,3.00981,3.83892,4.35252,4.33609,4.6733,4.1128,4.0158
5.30097,5.39917,3.38088,3.92387,4.71882,4.12443,2.96038,4.09892,3.66598,4.50252
3.3501,4.27374,4.26631,4.1587,2.54796,3.16429,3.93403,3.47413,4.76452,6.61614
4.23218,3.51697,2.34986,4.53139,4.5601,4.12481,5.21521,5.10807,4.01893,3.5767
4.47451,4.55845,2.91635,4.71721,2.03481,5.32468,3.91343,4.80229,4.39717,3.55798
4.1974,3.76358,3.28363,4.95516,4.35401,3.36866,5.27263,2.62057,3.95692,4.611
1.32551,3.98966,4.30991,5.758,4.11838,2.07545,4.8044,2.18773,4.23522,3.87983
3.48848,4.06864,4.24644,4.29318,5.6502,3.66909,4.68747,5.56072,3.77194,4.28576
3.87686,2.9664,3.51098,3.57531,5.09492,5.11103,3.52419,5.15774,1.44103,4.52408
3.01184,1.70679,2.23259,3.62203,5.00614,2.78778,4.91059,3.69708,3.97977,4.59979
4.0196,5.00829,4.86539,3.70767,4.79251,2.86222,5.70063,3.96845,4.9274,4.25577
4.49634,3.52606,3.70616,3.63126,4.30813,4.21205,2.92716,4.26902,2.63738,4.20675
2.54412,5.64142,2.91255,3.46007,4.76056,4.92308,3.72733,3.08439,4.83931,3.46925
3.04097,4.32533,2.6891,4.27378,3.91765,4.40692,4.08024,3.79078,3.23106,3.14835
3.03562,3.2429,2.94366,3.10765,3.89466,5.09709,3.40767,4.09364,4.64987,2.93344
1.84743,4.41423,4.48041,3.1467,3.3869,3.76567,5.65768,3.30197,3.8255,4.23549
4.19584,3.04857,3.53189,4.86432,2.26297,5.311,4.03781,3.99085,3.09743,3.99639
3.33987,4.69767,3.25448,3.88548,4.0867,3.96652,3.37095,3.52589,3.67871,5.56114
3.22859,4.49575,3.40573,3.01823,4.92013,3.96842,3.63968,1.48249,4.65982,4.96682
4.85511,4.66498,3.67608,2.77166,2.65914,3.68784,3.12799,4.6083,3.14694,5.57561
4.29696,3.58605,3.92975,2.87225,4.63025,1.29579,6.16298,3.19243,5.05547,3.38396
5.068,4.14027,4.62246,2.10603,3.75569,4.28714,3.2011,3.00525,5.40702,5.59505
3.65432,3.13861,5.20655,3.56174,4.68502,2.65002,3.56417,3.51893,3.78695,5.17174
4.59847,3.65803,2.84494,3.38809,4.13374,2.65832,5.34486,2.38359,4.00762,4.714
3.82699,4.47789,2.92612,2.87335,3.64272,2.92754,5.52348,4.99108,2.77059,4.0498
3.24235,5.145,6.26021,4.84734,3.40888,4.11043,4.03707,5.72167,2.72887,3.22359
2.12003,4.53747,2.88933,3.80689,2.2969,4.4646,5.13229,3.42674,3.45492,3.88493
3.99445,2.71588,5.1311,3.09294,3.77327,4.54801,4.47329,4.05333,3.83912,2.2837
3.10249,3.59356,3.1964,4.48683,3.7535,3.0666,3.89101,3.25202,2.42225,2.59692
4.69675,2.95255,3.21697,3.44701,3.20729,4.2119,2.86894,3.5847,4.12254,4.62154
3.5638,4.36804,3.59488,4.85442,5.16217,5.80251,3.16488,4.91196,2.097,2.64768
3.27329,1.35599,5.38811,3.30898,3.16075,3.76449,3.44781,2.54235,4.82341,5.21628
4.82059,4.19161,3.68906,4.62721,4.6872,4.38933,3.73677,3.45521,3.88957,4.2074
4.65399,4.19072,3.76231,5.66379,4.75838,5.10994,5.52251,2.06088,3.52606,2.63866
3.57993,3.13772,4.42509,3.67134,2.68484,4.09969,4.92249,3.71786,3.7798,3.92937
4.52935,3.3042,3.91082,4.89961,4.08948,2.78959,5.12174,5.48617,6.22884,4.41073
4.50032,4.37292,3.40736,5.54148,3.28329,3.96899,5.2952,2.64544,4.64455,4.08198
4.05968,3.65008,4.24251,2.77802,4.65255,5.03045,3.57652,3.7972,4.41865,4.0437
5.76969,4.47844,4.57818,3.68028,4.7785,3.26454,4.17274,4.63444,4.62149,5.49643
4.07809,3.81823,3.57246,4.68398,4.68998,4.14943,4.17448,3.86963,5.21342,4.21352
3.77589,5.97787,2.78279,1.90762,4.12396,3.1316,5.9159,5.33045,5.58071,4.70859
4.49446,3.4501,5.06163,2.90355,3.83762,4.31432,3.17814,4.85471,4.3446,4.78473
4.25353,2.21059,4.70517,3.52819,5.29925,5.11439,2.14213,4.50557,3.88094,3.27117
4.70142,4.1674,3.81547,4.76914,2.81714,2.95044,5.10443,2.38607,5.02215,2.77486
4.49859,3.40563,3.31241,4.09658,5.40552,4.00017,3.05048,5.19791,4.46906,4.52639
5.03985,4.76185,5.75234,2.40733,3.83061,4.00047,2.87433,2.6032,3.87895,4.51387
2.84737,4.5799,4.50448,3.14491,2.60565,3.11259,3.45863,4.48868,4.82637,3.25222
4.57023,3.81526,2.4559,2.816,4.64725,3.92315,3.96087,4.16794,1.83628,2.46165
3.33913,3.19407,6.00808,4.43111,5.40516,4.72595,4.84261,3.32579,3.55146,4.64585
3.32868,1.88729,2.77026,3.89869,3.91543,5.23276,2.23582,3.79314,1.91759,4.67427
3.17968,3.71787,6.08536,4.3719,2.44336,2.92334,3.03451,2.87844,5.64633,3.63584
4.81909,2.47342,3.51732,3.24101,5.58547,4.75796,3.20036,3.07629,3.81162,3.74741
2.54272,4.69359,4.17159,4.09549,3.13099,3.61611,6.30493,4.84349,4.10835,3.44137
3.81273,5.31535,1.91333,5.95247,4.64601,4.11668,4.05481,1.92684,4.55544,3.88189
4.3369,4.56705,3.95435,4.30439,4.05513,4.10048,3.66629,3.51103,3.10265,4.0596
3.37126,2.58736,4.17389,3.66831,3.50046,6.3501,1.19104,3.53459,1.89487,5.18231
4.82448,4.82998,4.20925,4.04991,2.44568,4.79271,5.09553,4.44616,3.97897,3.45296
5.19966,3.93478,4.21831,2.58989,6.58704,4.39639,4.58097,4.8315,5.04978,3.50016
3.6251,3.37446,4.47946,4.7434,4.35021,3.17766,4.08671,5.37877,2.66065,6.00841
3.6417,4.46462,3.38056,5.5631,4.43512,4.23735,4.16302,4.59294,2.65868,4.21003
3.63711,6.75346,3.83465,3.31175,4.21031,3.19513,3.52361,3.42425,3.57085,3.45158
3.61357,5.24143,3.35294,2.88558,3.63373,4.82169,4.99924,2.82015,5.87305,4.73541
4.11961,2.9444,3.79901,5.01096,3.73822,5.4007,3.81544,4.67326,5.12965,2.82612
3.65453,5.81537,4.12497,3.24152,6.13685,4.83474,5.99893,4.33175,4.57909,4.00685
2.67874,3.91212,2.78101,4.124,2.9975,3.60285,3.80406,3.56885,2.40763,2.8446
4.71423,3.85818,3.5582,3.22611,4.6185,3.06867,5.06148,3.51394,5.29004,4.07458
2.97948,2.97573,3.71035,5.5604,4.73106,6.02856,3.32563,3.3271,3.35062,3.08472
3.4455,3.10903,2.38511,7.15848,4.64657,6.0208,2.58152,2.50939,2.71908,4.90349
4.52489,4.27268,3.48659,2.6413,3.3971,4.62267,4.89091,3.68301,2.52217,4.63834
4.36846,3.86293,3.73696,4.57776,3.26488,4.184,3.13482,4.24257,4.42037,5.43017
3.78331,2.96555,3.9695,4.21793,5.393,2.84371,3.77521,4.10454,4.95646,2.97785
3.5046,4.91876,4.35932,2.53889,4.31093,1.52864,4.07013,4.27144,3.71822,1.69721
3.17926,5.00132,3.02813,5.73245,4.62583,3.36053,2.55198,4.80791,3.36025,3.37652
3.99373,5.98553,5.36514,5.0019,3.99103,4.98813,4.6055,3.95151,3.74246,3.16049
5.22471,4.39031,3.85621,3.51747,3.86615,6.75547,4.10327,4.58846,4.33011,3.78131
4.47497,2.98993,3.32502,3.32334,3.149,2.84464,3.8059,2.66853,5.00609,3.08171
5.61223,2.232,5.16237,1.76016,3.95022,4.03169,5.10727,2.89092,2.32812,3.56498
6.32616,3.74782,3.45958,4.33764,4.57342,3.7645,4.53512,3.18161,3.77909,3.80584
3.46674,3.58874,2.23815,2.58996,3.94574,4.15399,4.59135,4.6648,3.41809,4.33726
6.17504,5.87337,5.03021,2.49549,4.23051,3.65542,4.43815,4.25998,3.98576,4.83252
6.02398,4.77481,2.56175,3.43121,3.85831,4.09838,4.18264,4.64676,4.23378,3.46434
3.63684,5.24817,5.24464,4.84725,4.57981,3.68209,3.27342,3.45103,5.55617,3.73639
3.36598,4.44497,4.56428,3.88603,4.59917,3.83544,4.74831,2.10194,2.72981,3.77474
4.07842,4.50223,3.43956,6.44182,4.01267,4.76465,4.22077,4.52211,3.88898,4.53558
1.78869,3.17741,4.65855,3.03125,3.73809,3.28575,4.88477,4.49898,3.85317,4.29126
4.25478,5.11823,5.50377,2.19963,4.62386,1.74737,4.30119,2.82941,3.6637,4.38048
3.84497,3.67241,5.48257,3.98953,3.68421,3.68736,2.61811,4.06904,3.54667,4.09237
4.29553,3.96408,1.83713,3.97989,3.51062,5.70611,4.52885,3.87144,6.45738,3.11804
4.79542,4.93856,2.98992,4.95595,2.61629,4.8031,5.37051,2.98542,2.98405,5.34761
4.97507,5.38813,3.4042,3.91414,3.08048,4.31179,3.66561,3.98856,4.35363,3.2712
3.11123,4.02168,3.06576,5.64519,4.1127,2.07976,5.80456,4.23553,5.73328,4.06719
4.10292,2.94097,5.12125,3.68352,2.68384,3.66846,2.01571,3.898,2.00989,2.41479
4.64339,4.11609,4.93542,5.17073,5.92927,3.2962,5.55425,3.03461,3.53449,3.42003
4.02931,4.05797,3.41388,3.02132,3.44917,3.30116,4.27654,6.01282,4.07913,6.16945
3.99155,3.84915,3.47306,4.53351,5.70844,3.4843,3.31143,3.38166,1.89396,4.68017
1.86438,2.75419,3.11554,4.49628,3.06485,5.16983,2.16525,2.7361,3.28428,2.99376
1.11819,3.28149,3.4551,2.52812,4.48142,3.27067,2.73896,3.98884,4.51728,5.00318
3.82703,5.0297,2.96166,5.68141,4.38314,3.7864,2.11061,3.23577,4.68058,4.3995
2.76989,4.75067,4.04583,5.48982,2.46653,3.20633,5.06197,3.29576,4.65326,3.80518
2.59086,2.81327,3.44012,3.61589,4.49774,4.19023,2.85239,5.54127,4.82484,4.64989
4.68536,4.6687,4.67884,5.47607,3.24114,4.96201,4.48526,3.94591,5.68861,3.55644
4.15938,3.95696,2.68587,3.68168,3.71872,5.69006,5.00681,4.39107,4.94887,3.43106
4.50454,4.26016,2.95597,4.8647,4.83533,4.46419,4.09111,3.57462,5.0629,0.951226
3.68989,4.1102,3.27548,4.03751,4.83693,0.887729,3.2739,4.30102,4.40029,4.05941
2.65936,4.17057,3.79272,5.56979,4.70567,6.21242,4.70295,4.27843,3.61903,3.64649
4.65734,4.78003,4.13843,5.72537,3.07827,3.73369,3.51867,3.49889,3.48868,3.03128
2.4796,4.56704,2.44099,4.88259,2.77452,4.66084,3.78258,2.08541,3.68245,1.9822
4.66491,4.59353,4.53975,2.82723,3.28129,3.4977,5.18542,3.73145,3.93283,4.5124
5.38957,3.29299,3.49077,5.1152,4.39012,4.96637,4.37317,4.68117,2.8976,4.0726
4.21906,5.37647,4.5295,4.30298,2.30298,4.86766,3.42928,5.15542,3.57765,4.5065
5.7866,4.25382,4.75295,5.32233,4.30647,4.77035,4.26071,4.46193,4.28301,4.46891
3.94459,2.71047,3.1956,2.28215,5.6235,5.65324,4.03381,5.59646,3.46151,4.94647
5.30792,3.95096,4.02493,4.44949,2.07271,4.91384,2.75358,5.11907,5.00761,4.60453
3.51665,5.36159,4.83176,4.47506,4.77316,5.18411,2.36434,3.66357,3.95014,2.69334
3.09385,2.09493,3.52025,4.33583,5.34247,4.97816,5.11722,4.40761,2.35656,3.49638
4.87283,3.57911,5.4509,4.24768,3.00727,5.65715,2.97176,5.11572,3.53457,2.54748
2.88148,4.49165,1.50677,4.90969,3.16221,4.74767,2.21105,4.66804,3.5468,6.14577
2.04259,5.404,5.49446,2.90623,4.42745,3.78673,2.92529,1.95022,2.60344,5.14923
4.64335,2.04921,2.99846,4.44797,4.81774,4.12475,1.92265,3.28527,3.7642,5.28223
4.47177,4.31509,5.18676,4.51876,4.79919,4.72626,4.50776,3.27622,5.07115,5.04985
5.41834,3.57835,3.62192,3.45246,4.32572,4.0121,6.02381,4.45153,3.77235,3.83491
3.77179,2.96618,3.97508,3.87242,3.02625,1.70342,3.77792,3.90172,4.60557,3.93859
2.19844,4.13915,4.33863,3.95181,3.0124,2.92505,2.39919,3.41873,3.76458,4.19876
4.57994,3.85022,3.5497,4.93165,3.0473,4.91838,5.09512,2.8127,5.49757,2.96338
4.07561,3.15094,2.47463,4.01241,4.85036,3.51532,4.66904,3.78362,3.60376,4.08717
3.04078,4.25548,4.84047,4.5771,5.32151,3.85925,4.78548,4.3219,3.94767,5.12444
4.3343,3.85066,2.81089,4.11185,5.15181,4.75103,3.80475,6.63786,3.16747,4.78546
3.50555,5.65407,4.56037,3.5309,5.00491,3.42119,3.89655,6.43877,3.74523,4.26272
4.87396,6.20078,4.42736,4.27306,2.8647,3.13652,3.36427,3.18678,5.33699,3.24532
4.13618,4.00377,4.30107,3.2903,6.3045,3.91784,4.36204,3.30516,4.21291,3.63908
4.13692,5.13694,2.9949,5.17381,2.91439,3.07159,3.86321,5.40563,4.32758,3.71255
4.58304,3.55451,5.60637,5.2426,6.02444,5.37623,5.32572,5.3504,2.78404,4.37977
4.21408,3.78461,4.09395,4.57176,3.19694,3.76941,2.83395,5.64389,4.12113,3.48003
4.59019,3.74696,3.52916,3.06708,5.40698,3.70442,3.54878,3.51009,5.0597,3.39888
4.17445,3.8233,5.1971,0.91055,4.5784,2.89099,4.55812,4.96213,3.94844,3.80994
3.43465,4.45836,3.66446,3.03853,3.8951,6.48792,4.18825,4.51003,2.19375,3.30154
5.23903,4.02621,2.71175,4.84185,4.2139,4.23881,5.15636,3.61587,4.40639,3.43006
2.94693,4.62359,3.55029,3.37365,6.05991,5.89808,4.12236,5.2603,2.16727,2.87116
3.54498,3.56361,5.58162,4.20976,4.23799,3.50111,3.89709,3.44444,4.73072,5.52357
5.79931,4.628,6.04505,3.95405,3.58259,5.58436,1.85904,5.47974,3.25193,5.48093
5.08446,4.30612,4.35837,4.82324,5.87422,4.07246,4.49985,3.0393,3.55126,5.37987
3.78874,3.55377,3.78898,4.99644,4.53637,3.48311,4.39165,4.60541,3.27611,3.35393
5.43903,4.22712,3.4194,4.41011,2.99924,3.44047,3.95632,4.69031,3.97014,5.05138
3.99603,2.78377,5.70703,5.59126,5.42465,3.96972,4.96944,2.85325,3.38887,4.12125
2.59886,3.1434,3.71924,2.58514,4.14535,4.44104,3.9481,3.11699,5.73463,4.75516
3.98866,4.90186,3.81941,4.09992,2.77795,5.07453,5.06214,4.17141,4.75874,4.26569
2.13455,3.5887,5.19142,3.67154,5.53133,3.11979,4.97794,3.95961,5.49685,5.43301
3.61162,4.68343,5.66109,4.03652,5.42892,3.30326,4.14911,5.21846,2.80235,2.69875
4.92594,3.73382,1.94596,4.64848,5.66488,6.10271,3.93233,2.98021,3.02278,4.65809
4.18154,4.99472,3.82541,4.09109,4.30269,4.25428,3.97878,2.65837,3.59938,6.68472
4.53603,4.2007,3.80308,4.54766,3.89201,2.93975,2.96794,2.37408,3.04409,3.98851
2.65036,3.8146,3.60921,6.14596,2.344,2.52948,4.57006,5.15771,4.27906,2.4895
4.26508,5.22971,2.52228,5.5918,5.06169,4.40474,2.77579,3.65393,3.4256,4.18021
3.70278,4.16799,2.72675,3.12765,3.90044,2.24408,4.73936,4.13634,5.3289,2.5237
2.76643,4.03582,6.30276,4.01769,3.55008,1.97485,4.50062,3.18539,4.59263,3.34461
3.37555,2.88865,4.01536,3.61715,4.99802,4.7023,3.45151,3.73594,1.87986,3.68916
3.54943,3.26558,1.57089,3.37271,4.10791,2.45011,4.88788,5.22968,2.59107,2.41249
3.36529,4.30929,3.9395,4.19641,3.34209,4.68054,4.45363,3.63015,4.81298,5.0319
4.40309,4.279,4.53723,2.98889,5.07626,3.61464,4.57995,3.41491,4.21611,5.17476
5.00341,6.14955,3.21027,2.47261,4.88879,4.09016,4.94806,4.31201,4.11123,4.79506
2.96349,3.33268,4.10422,4.31839,4.31125,3.51756,4.28358,3.39831,4.92585,2.09626
6.42314,1.76882,4.05835,3.4481,4.85308,2.69329,3.79255,2.87779,5.07976,2.60217
4.48684,4.91501,3.3477,4.80112,4.02171,3.65607,4.22353,3.13942,3.57559,1.47957
3.40965,4.37217,2.68194,3.38901,3.29894,3.6585,5.02556,4.96853,4.01212,3.94638
3.68706,3.14352,4.28075,4.56859,2.91699,3.10729,4.48021,2.29459,3.84798,3.56941
3.83163,5.13943,2.55112,3.55886,3.7963,2.88897,3.00166,2.6901,3.916,5.38944
3.74879,3.81295,4.33431,3.69298,4.45608,4.70747,4.84452,5.63058,4.77975,3.81966
3.55438,4.59899,3.33656,3.88175,5.80782,4.68413,4.45574,3.99136,3.76892,3.44515
3.64883,3.34946,5.14949,3.88366,3.90567,4.64669,3.91726,5.79413,5.5125,2.97264
6.05118,4.68749,3.22348,3.50404,3.39413,5.76647,3.04069,2.996,6.25196,4.02875
4.19613,4.92693,4.51142,3.18508,4.28149,5.23973,4.03528,4.35994,4.43357,4.31394
2.43353,4.20128,3.09906,5.34128,4.58154,4.12277,3.7423,3.90402,4.14259,2.36604
4.85817,5.01204,2.06155,3.06137,3.22286,5.09044,3.89553,4.93551,3.54832,3.3372
3.972,4.89462,5.5245,5.42725,3.73354,4.05894,4.51569,4.62289,5.27245,3.63799
4.03217,3.59734,3.43603,3.3309,3.60453,4.10347,2.82006,4.01926,3.12759,4.53814
2.48532,5.32953,4.24542,4.08277,5.06779,5.21027,4.68004,3.72216,4.41069,4.66243
3.06149,5.28635,3.44513,2.32065,3.75321,4.99144,2.70698,4.48055,5.20613,4.87701
4.46449,3.51243,4.0845,3.39883,4.89067,4.15951,4.47016,4.0267,4.35331,2.8207
3.05977,5.8705,3.74122,3.79009,4.29225,3.92502,2.52989,4.83171,3.97595,4.38329
2.42278,3.29375,4.27005,5.20837,4.93625,5.2792,5.85643,4.98383,2.5252,3.41433
4.64192,3.64375,4.65692,4.66421,3.46118,3.87691,4.83423,3.20253,3.72459,3.83478
4.64565,4.4718,7.2833,3.21965,2.30213,4.37853,4.59476,4.18742,3.75925,5.3011
3.86689,3.41722,3.34099,2.14075,4.59962,4.30294,4.00028,4.9846,2.84364,3.81617
3.99435,2.68609,4.35914,6.045,5.98993,5.53265,5.36796,3.58592,4.08641,3.68002
3.62706,3.89656,3.58386,3.85244,4.32268,4.40463,5.92306,3.19149,3.67511,4.7625
4.47733,4.43051,4.41277,1.99935,2.30096,4.37678,3.83383,4.46578,4.10099,5.05136
5.57238,4.03311,4.79116,3.13209,5.09366,5.98755,3.06511,4.65729,2.26443,3.61318
3.46409,3.36989,4.19271,2.60897,3.9353,4.55397,4.06811,3.94921,4.09184,4.21944
3.36296,5.05205,4.61429,2.90278,4.16091,4.08497,3.46648,2.71168,5.19605,4.5174
3.19522,4.2543,4.77638,5.56089,7.05291,2.08436,3.7336,1.58934,4.2094,1.57831
4.78061,4.99613,5.39073,4.54972,3.02659,3.04714,5.00434,4.72756,3.24393,3.66275
3.23011,4.79883,4.04695,3.27566,5.31589,3.54372,4.651,3.25346,4.69701,4.01945
4.18142,5.64993,3.84201,4.7807,2.19883,1.37266,3.47175,4.06458,2.40702,5.39724
3.44643,5.49936,3.27637,3.36243,3.11138,5.29127,2.52678,4.63881,4.90663,4.60539
4.37234,6.29641,5.60274,3.52143,4.0062,2.51247,2.50683,3.86553,3.80326,4.22205
5.23056,5.61259,4.98806,3.48525,2.56576,5.93384,3.36194,5.18807,4.3856,5.1098
2.6611,3.05721,4.42752,3.30398,2.9017,4.16264,2.62341,3.99283,5.0207,4.72666
5.19556,2.9239,4.45679,5.3601,4.42202,3.39025,4.46435,5.49195,1.46775,4.02932
3.09573,2.8413,4.46142,5.00388,5.08018,4.21193,4.08132,5.42836,4.94534,3.30402
3.13108,6.03052,4.06748,2.96622,4.04295,3.24843,5.38965,4.16149,3.81806,6.05749
6.6274,5.25417,5.55372,4.91645,6.15837,4.72745,4.4314,3.58746,3.4695,3.57036
4.48248,2.9103,3.38956,4.06631,3.89845,4.80944,2.95552,4.45061,4.2901,4.96403
5.0014,4.79237,3.56459,4.42184,3.14446,4.58303,4.27126,4.3716,3.77597,3.91754
5.35709,2.67968,3.98193,4.44976,3.1234,4.2842,3.20922,3.61227,3.69365,3.52131
3.03333,4.23818,3.658,3.96387,3.16166,2.68127,3.68041,4.74508,2.4149,2.24892
4.74201,4.39299,4.13704,2.35612,2.96705,3.48869,3.96213,5.02706,5.59513,3.19495
5.41764,4.42714,3.25902,5.60889,1.92016,4.81098,4.61813,4.49008,6.34624,4.37574
4.60029,3.44975,3.11486,3.89074,4.52752,5.17105,5.06348,4.84999,4.68499,4.0505
3.97093,4.80524,5.81847,3.17714,5.72005,4.44628,3.87051,4.61137,4.92996,4.22727
3.54416,2.97878,2.07628,4.18084,3.41489,2.54785,4.78201,3.48859,4.3106,4.01666
3.27646,3.40307,3.90675,4.62058,4.37415,3.47139,4.56856,3.0502,4.76476,4.34462
5.01764,3.93557,4.16326,2.12496,3.63425,4.81558,3.018,4.79809,5.4616,3.31449
3.87409,3.66457,2.90008,2.84037,3.02131,3.34957,3.20613,5.34021,4.22881,4.46599
3.25611,4.24969,3.48202,3.9822,4.48471,4.76135,3.06143,3.08472,4.09469,5.30073
4.02465,4.6752,3.12836,4.29351,3.338,4.23173,2.48493,3.14812,3.45605,5.75959
3.66245,4.18571,4.98128,4.29821,3.042,3.40429,3.72531,3.29149,4.68924,3.23968
2.91981,3.82235,5.43279,5.56255,5.54144,4.32213,5.79097,1.89246,5.24902,5.73829
3.84445,4.44191,2.90489,3.50487,4.15666,5.00384,5.44676,4.21508,2.85338,5.18191
2.76638,2.72248,5.48459,2.81816,4.41357,4.20519,5.37304,4.71963,4.66142,4.00803
3.32243,5.20501,6.31239,2.44024,5.12635,1.01746,3.38468,5.75788,3.46268,4.29657
4.30668,4.18165,4.55695,4.51111,4.39028,3.94019,3.55266,5.22527,3.79553,3.65515
4.74979,4.4779,5.67939,3.76073,3.65274,4.44736,3.10162,3.87888,4.718,4.63276
3.4867,2.66886,2.75751,6.71498,5.71261,4.74146,6.91292,4.12854,2.68514,2.79797
4.27676,5.82345,3.16376,3.55296,3.11524,2.72938,3.81405,4.68947,3.89557,5.2565
2.27222,2.9291,4.57192,4.13725,4.48218,3.44195,3.25947,4.5081,4.31624,3.93687
4.33262,4.21365,3.16828,4.25649,3.89478,5.51415,4.15455,2.90671,4.71693,6.52969
4.10672,2.85164,2.95604,4.40389,4.60528,4.30502,3.88176,3.15387,4.50289,4.77608
2.58017,4.58412,3.66823,4.15358,4.73867,2.52747,3.51114,3.46552,3.75372,5.21826
2.51837,4.1578,4.49307,2.73293,1.93206,4.17924,4.52477,5.0872,3.64888,5.1804
3.09222,2.79325,3.79123,3.14764,5.23608,3.95434,2.96907,3.81997,3.38865,3.78648
2.71369,3.51522,4.60046,4.14801,4.6832,3.89866,2.68395,3.92432,3.51516,3.40299
5.25657,4.3126,1.92712,3.67573,2.52802,5.14597,4.43475,3.58159,4.0552,3.84839
3.2814,2.37906,3.48487,2.48012,5.28262,4.81625,3.98739,3.74546,2.95333,4.39132
4.35517,3.39236,2.31519,3.83717,2.12478,3.34303,4.31108,4.60992,4.60572,4.52806
3.02503,3.85996,4.91537,4.79715,2.85918,3.91923,3.66418,4.54864,2.81862,4.86167
3.13475,3.98102,2.13508,3.46951,2.47246,3.99885,3.07873,3.44454,3.2383,3.49099
4.47064,5.29471,2.79902,4.57119,5.8817,5.2359,4.16031,4.58021,4.44206,3.17762
4.88513,2.20013,4.43496,5.51235,2.11284,4.28515,3.00169,5.27491,4.29604,3.38572
3.76509,5.73241,6.16295,3.66028,4.50744,4.68434,5.06661,4.24135,3.39567,4.35929
3.65304,2.69842,3.80046,2.70944,4.53806,4.84105,4.59233,3.85869,1.87136,4.20223
4.47774,2.82791,3.06749,4.74202,5.00779,3.50908,2.61098,3.26045,2.98979,4.86204
2.57628,4.4794,2.59084,4.14767,3.38647,3.17078,3.82304,6.29708,4.87772,3.35747
3.61438,3.18011,5.56866,3.03032,6.54418,3.1807,5.22427,4.75318,4.19763,4.72248
2.63612,4.678,3.43843,4.90852,4.74464,3.69069,6.48685,2.587,3.88535,2.42239
3.96697,4.03816,4.99422,3.76624,5.00899,3.90556,2.97866,5.41354,3.26215,4.43722
5.31798,3.22855,3.42715,5.31633,3.35005,3.37106,3.7736,4.09653,3.5786,3.90101
2.53476,3.85306,4.90742,3.46354,3.33953,4.76877,4.50846,4.98355,3.10788,4.43606
4.12485,4.87512,3.62519,3.97237,4.90664,4.563,4.70054,4.5463,3.793,4.72657
2.40502,3.7534,4.29712,3.94346,3.65186,3.63496,3.3772,3.38272,3.29187,3.10114
4.18298,4.17076,2.69009,5.26379,4.65213,3.94709,1.68748,4.41897,2.92044,0.718154
3.63821,4.65294,4.39065,6.17473,3.80382,3.07863,3.48785,4.28555,2.48911,4.19186
3.4215,3.65458,4.25082,4.58382,4.83533,3.03547,4.98496,4.05225,5.62116,3.32055
2.995,4.00331,3.5704,1.66535,3.58965,3.52124,4.2506,5.20429,5.35751,2.60468
3.96426,3.98158,3.14572,4.49775,4.12402,3.26161,2.81714,4.05558,4.10438,4.01735
2.16293,3.41646,5.36136,2.39491,3.76141,3.02161,5.06299,4.01239,4.16182,3.89387
4.2469,4.13394,4.38311,4.50253,4.35801,4.18094,4.28215,5.06294,5.44694,4.82112
4.15976,2.35443,3.6035,3.94876,1.56281,2.05924,3.62679,5.13187,3.87492,4.44262
4.6461,3.2882,3.65822,4.18966,4.16134,2.11712,3.28706,4.23172,3.29604,3.09684
5.27792,4.84836,5.10248,2.01413,5.00312,3.93198,5.05316,4.27054,4.39302,2.97247
4.18742,2.3807,3.91918,3.43581,3.7032,3.1378,3.68935,1.66439,6.40845,6.0919
4.33818,3.61801,4.3527,3.32335,3.65692,4.16204,4.67025,3.09425,4.4272,4.28675
2.91712,3.84177,4.57888,3.73249,5.27561,4.17169,3.07041,3.7394,2.93637,5.14877
3.9176,3.71036,4.69749,3.92993,3.46586,5.02447,3.25937,4.44822,2.54238,4.37232
4.8717,3.2166,4.86758,4.58134,5.05598,1.6563,3.16404,3.70151,3.33406,4.29366
3.75277,5.66206,3.13729,3.71223,4.47235,2.18415,2.58319,4.94241,3.04108,6.3177
3.45816,3.22454,3.52958,4.43513,3.3554,3.04214,3.27639,2.60348,4.95562,3.118
4.70071,4.38171,3.93625,4.70054,4.60117,6.68574,5.19501,3.34147,3.28371,3.29496
4.12498,5.27474,4.34663,4.92159,3.03118,3.89286,4.83242,3.07226,3.79481,4.39165
4.2403,3.59668,5.904,3.27488,3.51095,4.60429,2.78919,3.24321,4.28214,4.03704
5.0192,4.84233,2.20588,3.40051,3.47535,3.05014,3.60523,4.7681,3.49142,2.26642
6.25013,4.07067,5.39701,4.46768,5.29403,3.89931,3.75089,3.54913,3.08908,3.05084
2.106,1.93568,3.1804,3.17828,4.38579,3.75348,2.78092,4.32636,2.2295,5.13446
4.60614,3.42086,3.42865,4.33366,4.41321,3.77877,3.68208,3.95601,4.44386,2.34684
3.83721,3.8634,3.37025,4.32134,7.09249,3.38036,4.59515,3.18633,4.48785,5.75478
3.87063,5.02978,4.71147,3.32489,5.11815,4.23085,4.16099,3.04691,4.36453,3.40534
3.11548,4.35661,3.1882,3.26344,4.45957,2.08426,4.08501,3.96142,4.73719,4.72546
3.52202,3.3431,3.53912,4.43052,3.23888,4.78809,4.87108,3.42995,2.74256,2.27125
5.53859,4.90986,4.79505,5.84239,3.32883,4.82018,4.63804,6.03092,2.56315,3.88568
4.51574,4.56855,4.74544,5.75983,4.03801,3.55364,5.24144,4.77451,4.85296,3.97782
3.25532,3.6651,3.40765,3.92989,3.88116,3.76179,4.12915,4.04949,4.6403,3.11796
3.85998,4.45086,4.84402,3.5462,5.31697,3.28429,4.76267,3.40351,3.87975,5.21708
1.43784,2.82713,3.0321,1.96097,4.20588,3.54257,2.34575,4.21787,3.75603,4.47454
4.65283,3.67024,4.8417,4.75231,4.53724,2.41048,4.3948,4.12274,5.24557,5.83824
3.27044,3.74222,3.14679,3.98518,3.67029,3.5664,4.49452,3.34524,2.73669,3.38274
3.01611,4.10325,4.11127,4.74664,5.50367,5.85735,2.12668,2.7448,3.66833,4.31785
5.03991,2.98594,2.57544,4.69064,3.19617,3.42801,4.91366,4.45221,2.79457,2.76883
3.69599,3.50876,4.2804,3.15489,4.52049,2.07094,2.78718,2.00321,4.19824,5.38558
3.98777,5.18815,3.08877,3.40085,4.03511,4.75362,6.18712,4.57097,3.53236,3.71369
4.89323,3.12894,3.28475,4.23677,3.83253,3.89958,5.32023,4.05086,3.44329,6.24506
4.2145,3.07266,4.65242,3.79508,6.50325,4.1195,3.3814,3.30156,4.94995,5.25532
3.038,5.51271,2.25556,3.66966,4.3567,2.95719,4.91545,4.80567,2.26912,4.13404
4.83421,3.97973,3.86945,2.76836,4.21116,3.60206,2.75644,3.47901,2.49571,5.37826
3.2255,3.39036,4.42051,3.59359,2.94523,3.4994,4.71437,3.55401,4.35716,5.28448
1.33333,5.98961,4.54156,5.51444,5.65509,4.38507,4.63364,3.78763,3.25156,6.04155
4.98472,5.94925,3.60123,4.29232,3.27699,2.92311,4.04199,3.0709,3.24253,3.83839
6.30116,4.25799,3.0345,3.80651,5.15546,4.60051,4.01548,3.65853,3.09552,5.4076
3.85002,5.47385,1.73432,4.26244,2.67632,4.1118,6.39434,1.18797,4.09966,5.4976
4.2705,5.12792,3.36343,4.39567,4.83713,3.23488,3.60921,5.42331,2.88763,5.58344
4.06432,4.86843,5.7237,2.62108,2.87424,4.93327,3.00472,4.66011,3.99998,3.00115
5.31904,3.03453,2.70908,3.43059,2.95217,3.68149,2.78273,4.26253,5.06234,4.71358
4.95883,2.54361,4.646,3.58116,3.1123,4.18703,4.96586,2.18178,5.26215,6.9635
3.46558,3.18292,5.09319,3.15237,5.3584,5.37942,3.63823,3.22184,4.9634,2.17471
5.98493,3.9428,3.31805,3.2658,4.53214,2.75293,2.60559,3.60029,3.03105,5.9368
5.6678,1.18934,3.55763,5.6713,3.65486,4.20456,5.06026,4.16587,3.5151,4.7245
3.76985,2.61488,3.73574,5.15396,4.04395,3.40145,6.77312,3.31214,3.90977,3.69064
3.57709,3.1237,4.15157,6.78242,2.50868,6.03937,1.78795,5.39344,4.54916,3.47102
5.61345,5.25243,5.52452,4.64403,2.79974,4.35042,3.43038,4.77824,3.69812,5.1861
4.28709,4.30744,4.41094,5.91262,4.06019,5.61591,4.22656,3.16056,4.96815,2.82525
2.17643,3.57143,4.04535,3.86977,3.71257,3.27549,3.49803,4.87233,3.65089,3.52144
5.25943,3.46064,4.20867,4.45845,3.5087,4.81355,4.37306,5.30553,2.73945,3.32735
4.07848,2.21033,3.74252,3.15146,2.06542,5.64203,2.33058,3.2614,4.49656,5.47497
3.56801,3.55505,2.68351,4.21731,5.17614,3.92757,4.6099,4.0485,4.159,4.55689
4.47598,4.269,6.21751,3.65817,4.88154,3.2753,2.83599,3.8932,4.57792,4.49357
3.9777,3.3101,4.45681,4.81359,4.36966,5.83188,4.57565,2.95352,3.52654,3.49729
2.82586,4.35716,4.28503,3.95697,4.1289,3.90321,2.53504,2.89828,3.59948,5.00442
4.18065,2.76535,5.8038,4.13857,4.99524,2.83867,3.09549,5.08527,4.08012,5.077
3.98363,3.03078,4.95814,2.33511,3.48608,5.61039,4.16363,4.18465,3.93371,5.02894
4.37641,3.75984,3.85582,4.50618,3.33221,4.49767,2.72667,4.87624,4.33068,3.15374
3.3384,3.19042,2.73431,4.87108,4.26452,4.84791,3.86844,4.38878,2.8509,6.08929
4.27648,3.67906,3.31857,3.99291,3.12384,3.68266,3.35542,4.40134,3.58825,3.00365
3.02142,4.4644,4.33276,3.6344,3.64373,3.27977,2.62582,2.98236,4.95459,4.25637
4.19866,5.20398,3.7838,4.88952,2.72332,3.62601,3.63797,4.63889,3.47458,3.12319
4.54483,3.62124,3.93529,2.8388,3.39728,4.56255,3.1883,6.72256,5.30668,3.81045
2.3728,4.32544,4.21784,3.34361,1.94394,3.95291,2.99187,3.69006,4.55236,5.45215
2.99138,2.57292,5.09836,3.4574,3.70764,4.89506,5.86217,2.30058,2.15518,6.65781
4.737,5.42552,5.2918,4.03652,4.04759,5.87942,4.84244,4.11729,4.00081,4.1086
4.32203,6.37045,4.39961,4.21759,5.20713,2.93894,4.63409,2.97992,2.91466,3.01152
3.26996,4.11512,3.26828,2.82024,4.19034,2.65837,3.37379,3.0868,3.96392,3.5721
5.14167,3.48701,3.33449,3.33161,2.73369,4.72886,4.79246,3.93821,3.05483,3.87379
4.37024,3.8692,4.46198,4.2034,3.2925,4.78744,4.2405,5.24779,4.27465,4.81214
4.78535,4.24947,5.82139,3.40682,2.85578,4.8658,4.98183,4.95651,4.24095,4.72387
4.05057,5.1382,6.90641,3.75386,3.28467,4.5018,3.83746,4.34627,3.83965,4.27837
4.64345,5.41599,4.79472,3.99866,4.44844,3.78264,3.99921,3.33726,3.3084,2.43395
5.93275,4.3091,4.8886,3.95386,3.56666,2.0834,4.24529,5.39097,3.93659,3.55682
3.70788,3.68847,4.34285,6.25565,3.7107,2.99799,2.46964,5.76032,4.33981,3.39961
4.8108,3.68001,3.35831,4.4555,2.30239,3.8581,5.48864,6.45394,3.72928,5.64897
5.75449,3.85672,3.30191,5.1153,4.05454,3.54707,3.96387,5.98761,3.63103,5.40522
3.8724,5.34284,4.74984,3.36976,2.19395,5.91848,2.79501,2.97386,4.32424,4.9295
3.19527,3.69624,4.17134,3.0599,5.91126,4.03162,3.21171,3.00828,2.16178,4.36947
3.49565,3.60884,3.77453,4.54637,5.30616,4.9244,2.43789,2.82654,4.7825,2.66791
4.98882,4.6044,2.41251,1.66456,3.08984,4.70211,3.26262,2.46935,3.72107,2.0823
2.94819,3.81416,3.11538,3.52979,2.33393,5.87834,3.39124,3.48656,2.60469,5.84971
4.28336,2.46893,5.20788,3.62791,4.68146,4.07554,2.02964,5.58671,4.78436,3.8795
4.02522,2.62722,4.30777,3.85092,3.75992,4.32083,4.02832,4.39981,3.04474,3.72505
4.44866,3.1973,3.89995,3.54987,3.7712,3.43346,3.53187,2.62925,3.47396,3.67327
2.9665,3.99917,4.31923,2.9713,3.11388,4.85355,3.96003,5.2215,3.39212,2.40027
1.86758,3.69082,5.00624,5.69644,2.57616,3.74194,5.50005,3.49275,3.55698,2.50422
4.67126,4.22262,4.59641,4.9213,4.89767,4.47424,4.42169,3.80666,4.59711,4.36544
4.05169,4.25779,4.40228,3.68338,3.65171,4.99484,4.32581,5.59814,4.55133,4.24189
2.71659,3.92269,4.96439,4.04506,4.36474,5.63245,4.33756,3.60232,3.65451,5.74264
4.12866,4.21547,4.17935,4.46913,5.21456,3.46434,4.02283,4.90415,3.84199,5.35973
3.55725,4.27085,3.08621,4.55732,5.80439,2.15923,5.44528,3.93568,5.07904,4.35949
3.07969,3.80972,3.63777,4.64942,1.22157,4.13697,3.37402,4.22635,3.16312,3.59418
4.32773,2.90192,2.47824,4.87139,3.1039,3.03016,2.9422,6.71502,3.65129,5.69797
3.12544,3.73402,3.971,3.97973,3.89896,4.64382,2.16512,4.04615,4.81257,3.86252
4.50195,3.61635,4.20433,1.71781,3.66733,5.49297,5.27062,5.1954,5.15036,3.43591
5.35379,4.73719,3.93784,4.81049,5.2423,3.85169,6.6952,6.33823,4.57005,2.47507
2.7717,4.03744,6.44747,3.69128,3.3655,3.45028,1.94005,3.77375,4.49648,3.23459
4.06196,5.57593,4.17289,4.36518,2.95017,4.41804,3.27131,4.13351,3.49348,4.65646
4.09075,1.85513,3.79037,4.33165,3.03257,4.18553,4.48511,5.29958,2.63237,4.49738
2.74052,5.64875,3.11531,3.06542,2.8777,3.22078,4.0363,2.60872,4.81303,3.52129
4.13855,5.45344,4.34164,5.10816,2.20929,4.24703,1.59888,3.19074,5.75838,3.4329
3.6605,6.06374,4.35503,4.12378,4.33201,4.71982,3.98691,4.17752,3.39289,4.61587
1.82571,4.68472,6.15528,5.15925,4.19211,3.77609,3.77604,4.11192,3.61686,3.72797
5.0525,4.17522,3.75891,5.26533,3.24923,2.8384,5.70894,4.79413,3.33187,4.19583
3.08509,5.85145,3.93924,5.36395,5.50123,4.41583,2.08532,2.62436,3.76563,3.57384
4.51379,3.21489,3.37676,3.1095,4.21084,4.4143,3.994,3.19939,3.808,4.42904
4.80359,4.11285,3.84089,3.74599,4.04175,5.32751,4.03946,4.53053,3.3355,5.55836
4.92189,3.51123,4.36429,5.6396,3.42879,2.78973,2.13146,2.82005,2.6975,4.40566
3.88075,5.71024,5.12883,3.68316,4.51823,3.36715,3.74915,2.67111,2.93013,3.14293
3.07187,3.24809,5.78303,3.08213,4.23555,4.78538,5.41096,4.61999,5.28159,4.96616
3.66657,3.56966,4.32916,3.07258,4.64911,3.73245,1.29872,2.8397,3.22379,3.73314
2.08197,3.88933,3.09722,6.35619,4.74563,4.30283,2.89441,6.17935,3.88607,3.90905
3.20041,3.95957,3.02557,4.86636,6.14119,4.46812,4.49847,4.17948,2.5336,4.98567
4.89203,3.30333,4.08249,3.51232,2.05286,1.65277,5.85318,4.56678,5.334,5.09218
3.61628,4.63791,3.48479,3.44381,3.41414,3.85212,5.20793,5.24338,5.14827,2.0577
4.49951,4.36778,3.07101,2.97249,4.60848,4.15267,5.45104,4.03559,2.40614,4.65411
2.57081,4.23464,4.03538,4.81424,4.20932,4.30304,2.64622,4.49115,3.22062,5.18073
5.09568,4.26165,5.9329,4.44006,2.24346,5.31153,4.68797,3.96914,4.57771,3.66047
3.25704,5.10421,3.39053,4.31019,3.76061,4.79101,3.88409,2.8046,2.6331,3.2631
4.74388,4.23365,4.11199,5.04207,4.28706,3.94955,4.53613,4.34285,3.61913,3.36775
4.23776,4.47027,2.55557,3.48913,2.11465,4.29149,4.70089,3.48318,4.08771,3.86348
4.9141,4.18073,4.37518,4.36154,5.73757,6.12855,3.30253,3.07234,4.65425,2.52752
2.5732,3.37602,5.26013,4.41114,4.29709,4.9618,3.22714,3.92329,3.23362,4.59739
6.00569,2.51339,2.22357,4.27366,4.78186,4.49958,3.14568,5.34859,3.26149,2.70805
5.52915,3.14954,2.90854,4.31934,5.09614,4.18602,4.28702,3.16685,4.88767,3.45118
3.44484,4.62563,3.8431,3.35835,2.73007,3.2726,4.74667,5.28099,5.16692,2.53106
4.85498,4.6478,4.67835,4.2294,2.91785,5.05849,4.71694,4.63589,4.69586,5.40631
4.4926,3.91949,3.92774,5.50684,4.15399,6.026,3.58778,4.05749,3.83839,0.693976
4.17898,5.10946,3.48798,4.02351,4.76039,4.80614,5.08948,4.95315,5.43646,3.54522
2.7969,3.89565,4.05564,5.58971,4.50304,4.34103,4.64367,4.27937,3.8965,5.0977
2.98674,4.40202,4.01523,1.94702,2.99098,5.04801,2.82163,2.50466,4.13537,4.70932
4.35209,2.70576,4.1296,4.56915,2.69096,5.13697,2.52449,3.7369,2.52117,4.30452
3.84009,2.49881,4.24742,4.8698,3.92378,4.43073,3.87793,4.57957,4.0315,3.16707
3.42925,3.1296,5.90199,4.25122,5.64656,4.68953,2.90274,2.12163,3.05506,3.56685
3.75898,4.5902,3.73096,4.29399,4.37234,4.53397,4.96101,4.34092,4.95083,3.10629
3.95883,2.91942,4.38023,4.13637,1.93939,5.5242,4.79522,4.70533,4.1747,5.33989
3.13262,4.47203,4.76714,3.73701,4.1025,6.18314,4.93149,4.20112,3.24459,4.1934
4.49736,5.70322,4.64744,2.48915,3.3828,3.90157,3.44357,3.06103,5.2648,3.2532
4.29719,3.67609,5.96926,2.33766,5.62618,2.051,3.8881,6.36042,4.23291,3.47151
6.10213,3.44525,3.37585,5.40902,5.22437,3.80707,3.87425,3.91034,4.16326,3.69272
3.03535,2.64517,4.1246,2.04774,3.92192,3.20957,2.91631,3.04935,4.5607,4.54364
5.034,4.25313,3.59647,3.38056,3.79798,3.27606,5.60656,3.0398,2.59468,4.74288
4.11493,3.9735,2.92587,2.56051,4.42696,4.08367,3.78133,3.49519,3.79281,4.34655
4.81984,4.57011,2.4506,5.07094,3.81465,5.47791,2.75226,5.04823,3.68683,2.20943
2.01317,5.55623,3.65046,5.61512,2.93421,4.38889,2.58844,6.00929,3.58665,1.89179
4.17691,5.9509,4.02411,6.02443,5.00326,3.61173,5.14231,4.65435,4.27974,3.35956
4.81275,1.52986,3.49977,5.01103,4.36487,2.38321,1.93935,5.33283,3.80311,4.79874
4.3297,2.1683,3.2907,3.57592,4.96532,1.99678,3.8112,6.11867,4.14385,3.42838
4.17816,4.39458,4.58757,3.0515,5.34259,6.16062,3.5873,3.04002,4.07227,4.21922
3.07253,3.41124,4.43796,4.27443,2.51396,3.56254,3.72599,4.26758,4.62308,4.50902
5.94254,3.84055,3.52322,4.29903,4.66347,4.46202,3.67817,3.00538,4.64367,4.53578
3.96629,3.57118,2.77976,2.21147,5.01558,3.94351,3.93405,4.56064,3.92698,4.59073
4.21862,3.01399,5.23275,3.26114,3.17454,3.11154,3.92105,3.76937,3.00182,4.9394
3.95025,2.02428,2.95359,5.32588,5.16941,2.86114,2.92183,4.15127,5.30238,3.88235
3.93954,4.02544,2.63254,3.29357,4.41251,5.21454,4.40159,3.39059,3.51415,3.06483
5.98118,4.51249,4.20665,4.61017,4.35771,3.62804,3.17722,2.85878,4.70407,5.77951
3.96409,4.06333,4.48983,1.6853,5.2342,3.68974,3.06385,2.83202,3.72665,3.28854
4.69941,3.88296,4.05532,4.73158,1.32819,3.55991,5.56817,3.79813,4.34154,4.27399
4.83496,3.82081,5.56618,4.84129,2.20363,4.21838,4.41278,4.39826,3.83341,5.16298
3.70656,5.03669,3.1548,3.9361,4.68498,3.5931,4.36425,5.26823,2.86518,5.89671
4.64323,3.6076,3.77853,1.8663,4.32761,2.68521,5.54265,5.09529,1.11671,5.34185
4.07076,3.2553,6.15156,2.43848,4.64596,2.39485,2.95244,4.59225,4.16506,3.96119
5.17156,4.00457,3.87432,4.71149,3.27917,3.986,5.46131,3.83706,4.05822,4.47978
3.375,4.63754,4.957,4.30904,3.46697,4.38262,3.21767,5.51087,4.16191,4.77373
4.47671,4.96981,4.69686,3.77807,5.59986,4.19494,3.24902,4.34572,3.72289,5.03956
-0.103262,4.28488,4.79187,5.58756,2.50265,4.67862,2.98645,3.46917,4.73353,2.24632
3.65296,4.32693,4.51551,3.0818,2.74474,4.61322,4.80348,3.48341,4.22093,4.07566
3.76837,3.49118,5.32212,4.23295,3.61803,2.93636,3.63489,2.82278,3.36096,6.33478
3.37479,4.35869,5.15688,2.29831,3.7183,3.7665,3.06936,4.67332,3.30013,4.59466
3.66426,4.94744,3.4803,2.82047,3.20955,3.87232,4.02774,5.53385,3.29353,5.1583
5.43156,4.66154,4.18175,5.23432,6.94241,3.04655,3.65007,5.49846,2.64175,5.0992
5.65557,3.23424,5.13592,3.72946,3.92099,3.94846,2.3979,3.1444,4.18315,6.11999
4.53448,4.86122,3.5646,2.2234,4.6907,2.71728,4.5498,3.56604,4.55504,3.59279
5.68829,2.95987,3.47548,1.79782,4.13618,5.94822,1.67766,3.67737,3.69474,1.3859
2.13013,3.38301,5.60696,4.61721,4.62279,2.9985,5.46112,3.77141,3.53472,4.50268
2.63212,4.58973,3.69762,3.27149,3.88857,4.39551,4.28028,5.77425,2.1693,3.74938
3.99065,4.47078,1.91993,3.54138,4.02801,3.83709,2.29109,4.89169,4.63182,4.57498
4.24959,5.47128,2.50069,4.61979,4.49457,4.576,4.78447,2.47489,4.19017,4.37354
4.58689,3.68871,2.35824,3.78295,4.38874,5.8763,5.21949,3.23709,4.00406,2.76754
3.623,3.20506,3.03385,3.4352,6.16558,3.53715,4.24455,3.87383,4.61593,2.1735
2.69568,4.26883,3.7937,3.77672,2.24275,6.82403,3.10209,4.35036,4.01344,5.59513
1.91301,4.19043,5.43094,4.84687,4.93594,4.40924,4.02112,4.26126,4.0291,4.64734
4.46984,5.59084,2.7,3.56772,1.37158,4.57997,3.26922,4.63129,2.59064,3.62305
3.35162,4.05251,5.41035,4.39729,3.81662,3.2121,3.50804,2.67696,3.59019,3.67153
4.4659,4.5393,5.11469,1.65456,3.45595,2.03941,3.61999,5.05372,3.32417,5.47733
4.29348,5.47015,5.66008,5.46513,4.2002,4.48544,2.58083,3.25596,3.58785,3.9809
2.16402,4.68003,3.62952,4.27501,2.63824,2.55378,5.4126,5.12476,3.18322,3.93355
4.14644,2.43448,4.75721,3.84219,4.23514,4.67637,2.06384,3.14617,2.9667,3.32066
3.29305,2.33581,4.78191,3.98665,3.36366,4.00882,4.15016,3.30564,4.1223,3.60543
5.29505,4.99404,1.96469,2.19977,2.49776,4.57802,5.03162,6.63662,3.96991,4.16567
3.5344,5.45325,4.34042,3.01134,3.89572,4.39247,3.52557,5.17002,4.60611,2.54599
4.34769,4.74496,4.07833,4.45046,2.29245,5.86654,5.7884,4.08914,4.14394,5.19523
6.01678,4.49117,3.6736,4.97668,5.22865,2.89695,2.26963,3.81468,5.51711,3.08269
3.35748,5.85431,5.8123,3.91867,4.2179,4.73005,1.21846,4.2789,4.95432,3.14632
4.68635,3.95855,4.36312,4.05603,4.54694,3.01941,3.40399,4.53282,4.06622,4.49726
4.44154,4.07214,5.06145,4.81186,4.38175,5.00307,2.3197,3.3527,4.53516,4.23318
3.76822,1.46735,3.96949,2.81825,3.91325,3.85705,4.23077,4.91355,5.61686,3.83191
3.61743,5.72144,4.18961,5.96678,3.73093,3.67886,4.33185,4.9958,4.65433,5.73061
5.49463,3.2369,3.06671,2.60694,4.56951,6.18299,4.66349,3.2818,3.54606,3.9568
3.78173,4.22926,4.63394,3.74986,4.33539,3.60144,3.93731,4.7589,4.4628,3.68159
3.31695,5.38238,4.83012,4.66231,5.10916,2.43495,4.19169,3.16693,6.27269,5.52082
3.85964,3.83507,4.95745,4.18183,4.06342,3.95832,4.4094,4.73518,4.73864,4.28152
2.42056,2.8607,3.93705,4.31733,4.9092,3.82997,3.52344,3.84989,5.31129,4.02277
5.18399,2.74673,4.23002,5.56328,4.53902,4.1211,3.58936,4.45324,3.20656,4.02854
3.19036,3.65714,4.36204,1.17841,4.97173,3.54501,4.42664,5.1019,2.52916,4.45719
4.86596,2.84611,2.80492,3.19234,4.16419,3.58632,3.60828,4.02458,5.16145,4.44589
3.10313,3.27248,2.6404,4.17821,4.05005,5.53948,4.30532,3.41637,4.52091,4.99598
5.73615,4.21069,3.57582,2.3004,3.43095,2.57891,2.4715,6.52899,6.39878,4.90024
3.69377,2.02527,3.41165,5.16336,4.73459,2.0345,2.66723,3.36265,3.09586,3.63295
4.51567,2.95539,4.99514,4.69254,3.10151,5.55611,3.60286,2.64059,3.59645,3.05208
2.61842,4.20065,2.78045,4.00322,5.01115,5.78923,5.17597,3.38255,3.88857,2.38765
4.18395,4.30681,3.70274,5.29739,2.73555,2.91846,5.38862,4.25457,3.7572,2.19411
5.3046,4.92547,3.72785,4.98273,3.73332,4.64965,1.71728,4.96851,5.36612,3.34354
3.84589,5.82293,4.47794,4.16471,2.60683,4.32418,3.53202,4.76312,5.2125,2.88697
4.93891,4.15693,3.35778,3.60715,3.81718,5.67865,3.99785,4.80504,2.95589,4.91477
4.82683,3.48254,3.94325,4.79127,4.14518,4.83039,5.46127,5.5072,3.62584,2.22131
3.46872,3.36111,4.42473,3.13046,4.65772,4.22397,5.99027,2.22732,2.37662,3.36082
4.35424,4.87349,5.31441,3.71553,5.00545,4.56313,2.83586,5.82731,4.85111,1.97752
5.11334,2.69401,3.18598,3.8338,6.75804,3.76506,4.74465,2.93948,5.08081,3.98908
2.59839,4.56155,1.66609,4.33255,2.78798,4.39305,1.71699,5.34185,3.6451,4.82931
5.95249,4.70407,3.65086,3.92337,5.61204,3.85407,2.75924,4.92718,3.85928,4.9904
5.01641,4.21096,3.39214,4.18681,3.43533,3.0436,3.81223,4.65162,4.72719,4.61488
5.17457,3.34402,3.47218,4.37498,4.59644,4.28129,4.42575,3.25186,3.96321,2.48928
3.66195,2.11518,2.25059,3.06222,2.35007,5.00927,4.76794,4.62468,3.34921,4.06586
3.16279,3.11452,1.98309,4.03656,5.43459,2.8788,4.04426,3.04686,5.85247,2.66868
3.54209,4.19303,2.98138,4.16723,3.57462,3.3886,3.85948,3.74704,5.72795,4.60803
4.1207,3.49634,4.54777,4.06293,3.10092,3.63648,4.30447,4.51117,3.97768,5.84144
4.18389,3.84528,3.96814,2.92563,4.91959,4.1508,4.54645,3.72007,3.97545,5.58424
3.87941,3.74704,5.89215,7.29522,3.88756,3.71272,3.84342,4.92437,3.92366,4.77906
4.3664,3.73197,2.92294,4.09483,4.39457,4.10897,2.75198,4.50939,3.77835,2.22602
3.0334,3.97794,3.38522,4.03308,5.55405,1.89376,4.84903,4.8915,3.53711,2.68008
4.31681,4.35229,2.74151,2.08111,3.98464,3.51922,4.69712,4.31214,2.91417,4.23268
4.84261,4.69345,3.32115,3.04893,3.45638,3.11073,5.95504,3.99874,3.31362,5.53117
1.91249,4.21056,3.67767,5.46048,5.28821,5.62936,5.17934,3.54282,4.33316,3.58005
4.52693,3.99919,3.8511,3.66923,3.86176,3.49397,4.44026,3.31381,4.66906,5.42289
3.06694,5.89209,3.83947,3.04368,2.87101,2.96558,4.67727,3.82087,3.06633,4.07974
3.83432,2.41284,3.02148,3.40674,4.39018,5.07098,3.14278,4.11355,6.06064,4.98891
3.23345,3.96863,4.45978,3.37758,3.06268,4.00167,3.39635,5.78957,3.34253,3.97415
4.17576,4.33259,4.6478,3.4762,5.24592,4.97264,4.12816,1.80541,4.21274,3.32505
2.52481,4.28135,5.05402,5.16407,4.36088,3.25822,4.45039,3.88145,5.01666,5.10956
3.0092,2.81776,5.23145,3.93306,2.57198,5.78731,4.28224,2.06894,3.79586,2.37939
4.16654,3.14154,4.60897,3.95668,3.91723,3.83312,3.29925,4.02844,4.09282,4.27328
6.34871,2.2995,3.98062,5.2261,4.06423,4.01578,3.64803,3.6105,5.52774,3.87026
3.27308,5.01479,4.76909,4.97865,3.01747,4.94177,3.41624,3.5815,4.44948,3.83606
3.67333,3.59974,4.56423,4.09917,4.20263,3.82742,3.15133,3.05945,5.06935,4.537
4.80493,3.62964,2.19252,5.46428,5.02968,4.83526,4.67704,3.80541,4.9353,2.76094
2.45548,4.72,3.51378,3.7817,4.93362,2.71167,3.80704,4.90274,5.49578,3.23207
2.78051,4.07697,5.28693,5.38491,3.9978,4.16304,4.38396,3.73328,4.18627,3.92588
5.55956,4.44557,1.99683,3.58192,4.30522,5.27871,4.68756,4.28789,5.7626,4.87531
3.13252,4.24144,4.40908,2.63264,1.35069,3.71723,2.89769,3.70853,5.48016,4.3192
5.86737,2.76123,3.98715,4.12366,5.95973,2.22364,2.4751,3.27005,5.24064,4.11944
4.4798,3.44361,3.40018,3.14384,4.5866,3.13654,5.65834,4.01297,3.68973,3.95227
4.25303,2.79622,4.51503,3.36491,5.98557,2.92268,3.332,4.73074,4.24709,5.40004
2.9835,3.16911,4.70812,4.81849,4.68999,5.25826,3.16293,3.68038,4.48148,2.4633
4.97162,3.13179,3.76739,3.9272,4.23178,4.6887,4.16685,5.67154,1.35159,4.19206
3.8198,5.17185,5.35721,2.13072,3.2395,2.1358,5.13558,2.81055,4.70642,4.36658
5.21256,4.83764,4.92911,3.19734,5.67228,2.63348,5.54275,3.00098,4.44294,3.65902
3.75782,3.95449,2.18915,4.2454,4.12721,4.47739,3.67707,4.49171,2.9506,3.42016
3.73727,4.89021,4.62152,4.52284,2.74809,3.61172,3.00307,4.26547,4.03581,4.13328
2.79149,2.99204,3.32852,3.59344,3.07654,4.46624,3.81375,4.53349,5.45461,3.82137
4.47149,4.64709,3.59719,6.15881,2.23887,4.76038,2.47733,3.10474,4.43239,4.79971
5.4456,4.75575,2.96905,4.05539,4.58316,3.74293,4.42118,3.32841,3.02089,4.52584
4.02115,3.95366,5.95007,4.50701,4.73341,3.22386,3.12815,3.77324,4.21828,3.37095
5.0926,1.32856,4.06603,4.18503,4.8766,4.35689,3.24442,4.15103,4.11077,3.40226
4.59129,4.42798,6.14955,3.40804,4.36905,2.11565,4.97506,2.94817,4.05779,2.81389
3.7824,3.87297,4.07831,4.19285,3.71485,3.97599,4.25394,3.14179,5.04109,4.13541
4.15274,3.94321,4.52292,5.47023,4.36057,3.6914,3.63804,4.91782,3.03214,4.47414
4.49422,5.15666,4.89887,3.13311,3.7528,4.82698,5.05857,5.47151,3.60523,4.62044
4.78744,2.47895,2.92685,5.26529,2.94503,4.8355,5.06149,5.29359,4.49504,4.37673
5.73378,3.30389,2.57667,3.06961,3.42997,3.34957,3.59152,2.67014,3.70938,4.44049
3.65013,4.30871,3.22683,4.38562,3.59225,4.64049,3.44012,2.71513,3.6687,2.61712
2.91376,4.9572,3.0238,2.27713,4.93623,4.28479,4.32983,4.81705,1.93583,3.90673
4.73041,4.04253,4.85936,3.44046,4.05756,3.06163,3.05325,4.78652,3.79227,5.06512
4.3944,4.33551,3.18906,3.14688,3.99296,3.4533,5.25435,5.64204,3.86587,3.3061
4.77806,1.91749,3.28489,5.20278,3.28765,4.28993,1.71788,5.18088,4.08796,5.39634
4.09415,4.09049,4.0209,4.61599,3.26274,4.02766,3.60663,5.03078,2.91154,3.76186
3.81602,2.87951,3.16528,4.956,3.63351,2.74479,4.10583,6.43136,3.85879,3.87618
4.30597,4.09132,5.08468,3.77108,4.50334,4.60018,5.21671,4.52273,2.68667,3.77057
5.08622,2.81356,6.06371,5.19753,5.38329,3.57477,2.44845,2.90176,4.63892,6.21393
4.1263,3.48605,3.4586,4.65277,4.61046,4.44348,4.55116,6.09815,4.07482,4.85536
3.08107,3.54784,3.00815,4.16076,4.01847,4.68115,3.67299,5.12524,4.13665,4.00145
2.62618,5.4168,4.09675,5.20655,3.62277,5.25794,3.22575,5.74024,5.45428,4.61371
4.0708,3.90685,3.66553,2.45131,3.32262,4.70628,4.30447,4.91226,5.19354,4.14151
4.03594,3.89868,4.05753,4.61029,4.39023,2.71636,2.70877,5.16407,5.20114,3.07198
3.65992,2.74949,4.02581,5.11714,3.78152,4.64379,2.80236,4.15035,4.71302,3.64999
4.38458,3.82673,6.51287,4.8426,3.41752,4.22639,4.83144,3.60332,4.03724,4.82574
5.2862,5.25464,4.86978,4.68034,3.20531,1.12781,5.20969,3.85864,5.26455,3.50611
4.00548,2.5892,2.88579,3.85128,4.25802,3.2535,2.48387,2.94543,4.01732,1.96958
3.40542,3.9683,5.74936,4.41271,3.14361,2.99585,3.63244,3.54412,5.18722,3.67539
3.16129,4.47295,4.52945,4.04094,4.0412,4.16906,5.49006,5.27279,3.03238,3.97223
3.42143,2.83152,4.29491,4.47231,3.22047,3.71939,4.16398,3.7156,2.05307,4.23479
3.93613,2.59047,3.38792,5.05885,4.49936,2.64755,2.78026,6.29224,4.99368,4.57448
4.42201,3.71569,4.69728,5.49719,3.36781,4.33715,3.63086,5.16448,3.46895,3.76405
5.07627,4.1276,2.99427,4.66333,3.66835,4.68358,2.53538,3.84167,3.89621,3.60388
3.33448,3.69314,4.5711,4.25196,3.7134,4.73567,3.56515,4.94502,4.93421,3.69555
4.08531,5.37324,4.25289,3.11753,5.23131,3.4522,4.34757,4.24825,3.52752,4.4092
6.22555,3.61472,4.45249,5.82206,3.39398,4.64553,4.46375,3.00589,4.54576,4.03688
2.15177,3.16634,6.43852,2.47302,2.84602,4.89866,3.18441,2.10761,5.33711,2.9056
5.30406,3.76875,4.83337,4.48781,5.36323,4.03642,2.50086,5.03846,1.72659,2.94407
4.38014,5.0975,2.44619,3.81583,4.88708,4.01068,3.81326,3.96435,5.31425,3.72972
4.63482,3.48545,5.33948,3.65453,3.09674,5.67907,5.25572,3.17661,5.21076,4.36354
3.08642,3.1195,3.76858,1.32796,3.72949,3.03184,3.11925,3.42675,5.88814,3.20461
4.32869,3.22032,3.19417,5.00837,3.06944,4.34674,3.67727,1.64139,4.42012,3.49166
5.1594,5.62408,4.80514,2.83778,4.6305,3.43144,2.45512,3.36444,1.95828,2.63514
4.65702,3.97958,4.79473,3.83814,4.49623,3.61022,5.46948,1.63918,5.08713,3.32268
1.83762,4.25001,2.50218,3.58564,3.44289,4.34253,4.3685,5.76978,3.35912,4.99074
5.97221,4.00695,4.3409,4.90566,3.12332,3.82274,3.32005,2.96296,4.73956,3.07272
2.91266,5.171,3.45337,5.04845,4.28349,3.23333,4.27353,4.97226,3.51117,3.179
3.14577,2.45052,2.66678,2.1272,4.30655,4.29253,2.74143,4.48551,2.81362,4.98292
3.53006,4.94457,2.61337,6.1759,3.80287,2.74911,4.36132,5.21737,3.27595,4.61604
3.64802,6.08251,2.83684,2.51629,3.10642,5.20691,4.77148,4.29823,3.95408,1.60643
3.13117,3.85819,3.24835,3.93782,3.01701,3.67792,4.54394,3.60835,3.2618,5.26517
3.82387,3.2612,3.25272,4.80572,3.82011,3.46233,3.94839,3.05381,4.70603,2.5817
4.91236,3.33356,3.60224,5.37452,4.15501,2.43511,3.59816,3.57331,3.0863,5.62219
2.84633,4.20688,5.57301,4.31508,3.69792,3.67475,4.44001,3.25481,2.75717,4.38289
3.30902,4.87761,4.2217,2.77029,4.40899,2.79619,3.67044,2.97586,3.81014,4.46678
5.63335,3.54968,5.66537,3.72886,3.73667,4.3499,5.16293,3.10454,4.53423,4.35552
5.35805,2.77848,6.56828,5.18906,3.78905,2.61674,4.33124,2.60453,2.12995,4.66698
5.01755,3.69372,3.61911,3.8514,3.66895,3.24695,3.45986,3.74491,3.24098,4.46185
4.08507,3.68985,4.74314,2.62563,4.3615,5.06581,3.74406,3.11167,4.51714,5.97502
5.99135,3.37481,3.58523,5.3236,3.47648,3.34796,5.20485,6.08169,4.98019,4.79238
4.14628,2.91535,3.10134,1.48365,5.29575,5.77625,4.65457,4.23466,4.36266,3.8381
5.20638,4.03586,4.79541,2.20514,3.35979,4.32576,1.80031,3.80066,4.44116,6.67968
4.84353,1.56276,5.18361,3.40202,5.45471,2.21485,3.39501,3.8466,4.43035,4.70929
5.82834,2.84642,5.7177,3.96874,5.02289,3.23229,4.88931,4.4172,4.08065,4.4014
5.05244,4.95884,2.70896,3.18996,5.05364,5.43549,3.36803,3.74414,6.90378,6.16537
3.93462,5.23877,6.22631,4.05743,3.5437,2.34938,3.80825,3.66813,4.73674,3.34067
2.27725,4.76584,3.26478,3.05215,3.95704,4.43895,3.80602,4.23072,3.74743,3.10079
5.73956,3.68255,4.14154,4.34112,3.79072,2.3983,4.42207,3.34545,3.08545,3.82322
4.27109,4.93234,4.45313,4.1625,2.86199,3.2977,4.11529,4.08648,4.82466,4.11796
4.12891,4.73887,4.06386,3.97185,2.5569,3.92354,2.51673,2.98021,4.07126,3.62523
4.84553,4.93938,5.61178,4.63239,4.82843,3.57859,5.43902,5.02197,4.80129,4.36605
3.85119,4.34943,4.7274,4.29775,6.33902,3.91496,4.22869,4.32377,3.51572,2.98057
3.77812,3.25635,5.45097,4.44849,4.71822,3.536,2.90088,4.9445,4.06268,3.10406
5.30676,4.56947,4.33082,4.43564,3.13934,4.59156,2.81956,5.43477,5.01828,5.45673
6.25764,4.17277,4.25191,4.7521,2.60528,4.36493,2.91489,3.84421,2.79195,4.0725
4.71564,3.33281,4.94991,4.48269,4.33925,2.74528,4.18014,3.69665,5.72075,3.06388
4.71915,3.95774,3.35811,4.83628,3.59223,4.8253,4.90077,3.97961,3.21617,2.1041
4.34266,5.40626,4.65353,2.78714,4.50757,4.63906,3.05879,3.48619,4.93276,2.81867
2.51839,5.56175,3.1644,4.68842,3.16332,4.00707,4.2647,5.4627,4.05095,4.12755
3.31055,5.34681,4.37713,4.34207,5.15585,3.6885,4.18341,4.29122,3.89193,5.9337
4.27639,3.43761,4.40619,2.30775,3.95744,2.33127,4.19803,3.65607,5.05528,2.51145
4.39747,4.16758,4.81086,2.6135,2.59454,4.03187,2.70826,5.86126,4.59836,4.30465
5.04487,4.56709,4.5819,4.23461,5.11757,6.31502,3.7367,2.25247,3.84612,3.71955
3.83905,3.58039,5.34755,1.19168,4.02231,3.93356,3.8674,3.12513,3.62387,5.2043
3.84423,2.10899,4.8965,4.11932,3.87228,2.93534,4.07861,5.19685,4.36701,3.13102
4.78776,4.94417,4.64452,3.50635,4.73685,4.46609,4.05113,3.28339,5.39289,2.49278
3.6222,4.53767,6.21781,4.01802,4.37532,5.27204,2.86523,3.84676,3.04979,3.46173
3.05823,3.2904,2.82456,4.6768,4.07347,3.46497,4.68395,3.80459,2.79701,3.39136
3.70153,2.82842,5.83124,3.85387,5.04722,3.10798,3.86621,3.47065,3.61776,5.04072
4.11247,2.89717,2.46868,4.48436,4.71623,3.54483,5.51309,3.15877,2.19189,4.21735
3.19703,4.09304,5.2634,2.64623,4.25132,4.80599,3.16803,3.355,3.82258,3.19616
5.01781,3.91597,4.14454,3.02246,5.34963,4.66915,2.82782,4.72885,4.60282,5.22343
3.61901,4.3437,1.80881,4.61545,4.45981,3.56631,4.84505,3.54344,3.97737,4.16286
4.32456,4.52414,1.62763,2.76751,4.82139,4.70533,3.72889,4.60697,3.66215,5.2249
5.69035,3.85794,4.58894,4.6032,4.7473,5.16609,5.44487,5.15315,3.92176,5.25037
