10
6.32158,5.03531,3.85761,5.56872,3.66407,3.31874,2.35855,4.67309,4.75252,5.46461
5.59902,3.09141,5.02403,3.92385,4.53055,3.80913,3.89147,4.00923,3.76354,3.51986
5.18684,4.34084,3.90461,2.78261,3.91153,4.2036,4.74635,2.49752,3.54794,3.73489
1.49876,3.89286,4.68653,4.75334,3.37831,2.64505,2.56754,3.71848,4.91511,4.39036
3.8984,5.29402,4.81355,5.54829,2.90775,2.883,3.79946,4.30596,2.18956,3.46032
4.99194,2.73568,5.17903,4.43736,2.80292,2.99487,2.38151,5.76991,3.93845,3.58498
5.30141,3.24029,3.41573,2.19898,3.02257,4.48321,3.96236,4.36076,3.16213,4.38833
2.75717,4.47018,2.70452,2.73291,2.97439,5.14416,2.30216,2.60581,4.85554,3.25772
4.2201,4.1739,4.12055,3.0684,2.6882,4.61704,3.32274,4.15725,3.4334,4.9596
5.78571,4.50446,5.32509,4.25664,4.62311,6.26192,3.81711,2.05864,1.8772,4.37503
3.03877,4.20015,5.00956,4.77737,4.28575,2.62293,2.43367,2.77153,4.37045,3.9358
3.99795,4.31563,2.1691,4.76505,4.3627,3.98511,2.55659,1.29836,4.26582,5.54941
5.35481,4.82637,2.88394,4.08387,2.1161,3.20898,3.53476,5.91081,4.51443,5.27723
3.944,4.11353,5.31569,4.22387,5.10546,3.77993,5.31689,5.4869,4.42074,3.82382
3.2099,5.09525,5.86606,3.89535,2.95093,4.01828,4.54712,2.65416,4.12699,1.58461
3.09694,3.56123,2.80563,3.57006,3.48051,4.33727,3.43848,3.86159,4.96189,4.47769
3.79605,2.50585,5.45917,2.53534,4.08924,3.49613,2.21205,3.94193,3.0995,3.92424
3.28996,3.40563,4.48428,4.45408,4.32511,5.76551,3.29619,3.7948,3.98702,3.74806
3.31592,4.72212,3.72624,4.12054,3.0847,2.45413,5.39806,3.27354,4.67678,3.0312
3.47401,3.63423,2.54833,1.11879,3.31499,4.58138,1.782,4.15745,3.77638,3.79809
3.99356,3.01373,4.47942,4.24156,2.84538,4.36187,3.6024,5.97301,5.45776,4.55951
4.85985,4.86428,3.00643,5.8022,4.21883,4.91235,4.79309,3.16452,4.72856,4.39589
5.72752,3.46152,3.18857,4.44745,5.11799,2.81789,3.05593,3.78643,6.23371,4.93559
2.29775,3.46973,3.61585,4.05437,2.89049,4.27937,3.14768,2.32856,5.64567,4.33518
4.0624,3.63964,6.21685,4.59736,1.57868,4.2036,2.13777,2.673,2.5838,4.89966
2.6532,3.20793,4.55162,3.95016,5.76625,3.55897,4.50814,3.4067,4.24196,3.7391
5.11947,3.10345,2.88959,3.18082,4.48296,4.92846,2.02357,4.51402,3.81061,4.61445
4.21212,3.31552,5.15775,3.63581,3.78981,4.67076,4.20351,2.55042,5.17372,6.05483
5.78373,3.76981,4.74057,3.39426,3.67507,2.91148,3.58294,2.40503,2.59774,4.66298
2.65426,3.66903,3.1507,4.31772,3.60583,4.80545,3.09866,3.70806,3.04217,4.95618
4.1966,5.6628,5.67044,5.63959,4.10282,4.55895,4.86869,3.53921,3.882,4.99413
3.93078,5.85222,3.8856,3.11022,3.77656,4.16601,2.43852,5.30467,4.71131,3.30207
4.16922,4.27941,4.83119,3.84714,3.79857,4.36429,3.75438,3.81837,6.00491,4.96234
4.21371,3.47935,3.74039,6.18177,3.54018,5.48785,4.82466,4.74182,4.14723,3.00353
4.74521,2.32049,4.68253,4.29547,2.54925,3.99,2.6201,4.09302,4.80333,4.33677
4.44361,5.19574,4.51943,4.64258,4.30925,5.89204,4.93168,4.81757,3.67938,4.05866
3.68,6.09193,5.55396,4.3354,3.18269,4.63752,5.53453,4.21587,4.13393,2.91579
6.70327,2.95029,5.11431,4.75071,4.32099,3.31569,3.13719,5.90524,4.01018,2.03941
2.66119,3.99763,3.98943,3.09307,4.23049,4.6177,5.87167,5.12774,3.33964,4.88067
3.83586,4.37272,4.62009,5.28707,4.15293,4.02137,2.11178,4.14831,6.36101,3.89823
1.41914,2.26186,4.84786,3.64464,4.255,2.75219,4.11416,4.11609,5.89891,4.5566
3.69953,4.4307,4.55647,3.52028,3.85678,3.68632,5.63744,4.44215,3.38515,3.99112
3.61065,4.96045,3.72069,3.76577,5.60494,3.30037,2.86409,5.90861,4.36439,3.59017
4.92341,2.62652,4.38834,3.7461,3.85739,4.20501,4.43075,3.34665,3.71166,3.62447
3.9359,3.23703,2.25186,3.82849,4.37916,3.82502,5.57278,2.07077,3.05983,4.08896
2.95916,4.87114,4.59512,3.90389,3.36341,3.03067,5.25814,3.50367,4.08171,2.93899
4.00298,5.04965,3.75254,3.03986,3.83213,4.68206,3.90165,3.81721,4.00609,4.16141
5.70534,6.08319,4.2732,4.07161,2.92735,3.17454,3.29819,2.90683,2.97259,5.82675
4.31555,5.08173,4.27556,3.08854,1.87769,4.88898,4.67946,4.69704,4.13095,4.91583
3.53797,4.87188,3.55443,4.02037,3.80821,5.38469,2.56084,2.41994,6.87721,4.7233
2.88936,3.41827,4.60318,3.90016,3.45689,5.79175,4.31812,4.40128,5.90133,4.35863
4.24196,5.18145,4.47699,4.5069,3.59929,5.08052,2.34586,3.20054,4.00451,2.16016
3.97573,3.88544,2.51751,3.82107,3.57353,5.65909,5.48371,5.4455,3.07564,4.24099
5.27965,5.69007,3.98912,4.7138,4.54919,4.66247,3.6735,4.37217,3.31527,2.74558
4.71559,5.54729,3.51787,3.65596,3.32733,3.77507,4.97179,4.2543,4.25532,4.12282
4.03776,3.86143,3.86011,3.95661,3.20993,3.32687,3.78238,3.7051,3.23075,5.14233
2.57974,4.87371,4.87742,3.7262,3.73896,4.84833,4.57442,2.21721,4.40871,5.56909
2.91601,4.0114,3.82998,5.57573,4.05402,3.0351,4.51458,6.30563,4.00489,3.06571
3.3273,4.63608,2.90089,5.0104,4.36316,4.51144,3.074,2.45984,3.62473,2.82478
4.29996,2.85078,4.47034,4.71013,3.83162,4.15843,5.71854,3.8873,5.1458,4.87699
4.88715,2.45863,4.74157,3.62473,4.80305,4.51895,5.01101,4.6382,4.79446,4.09219
4.04257,4.35382,5.20799,4.16208,5.4383,4.50511,3.82936,3.81269,4.67078,4.53013
5.12255,3.61004,3.18135,4.86088,3.08335,4.98733,3.90485,4.20773,4.38084,3.20942
1.80647,4.02212,3.95566,2.85661,2.51432,3.17536,3.20136,5.1183,3.29478,2.1875
4.65113,2.94905,3.12302,3.77019,3.43742,3.11989,4.67456,6.65045,4.95833,4.37032
3.6366,3.10426,4.46825,3.52041,2.83029,4.07687,3.86022,3.68145,3.55843,4.22644
4.76729,3.07811,5.0678,4.54421,4.2013,3.4069,2.91565,3.85598,4.31221,2.80682
3.60129,2.52754,2.25879,3.88116,4.59532,2.84019,3.52639,4.43038,4.5317,6.51014
6.69295,2.22187,5.42013,3.07656,3.46936,3.40922,2.30695,3.90932,4.02191,4.33864
2.38366,4.11371,5.0149,5.26839,3.63039,4.82965,4.0988,3.27427,4.52261,3.74954
3.72034,4.53507,2.86937,2.83292,4.82073,3.83545,3.09695,4.54889,2.91254,4.07336
4.45773,4.38223,3.69689,4.72902,4.01779,4.87411,5.05866,3.45098,4.33306,2.56494
3.86132,3.4989,3.42887,4.41149,5.75101,3.86607,4.04413,4.01008,2.33901,2.87076
3.79449,4.03242,4.08018,4.61018,2.87146,2.45292,2.12058,6.66754,4.8775,4.19144
4.05606,4.3344,4.66114,3.49168,6.10828,4.72847,4.32289,4.85646,3.00472,4.6409
5.11755,4.3709,6.4911,2.96097,1.81063,4.04679,4.94577,3.20423,2.47425,4.21173
3.57816,4.03768,3.71971,5.0222,4.88795,3.15342,3.54086,2.69755,4.26282,4.76646
3.9634,3.8414,3.00586,3.14971,4.54688,2.47312,2.27084,3.54489,4.45197,4.04173
5.07384,4.54498,4.97493,2.80726,4.57681,2.4315,4.30048,2.94426,3.48186,4.9459
4.54383,3.79446,3.75711,3.64835,3.44293,4.01473,3.62569,5.23474,4.29009,3
3.30554,4.45904,4.60279,4.3597,5.46148,3.46784,2.73373,1.6049,2.87522,5.33692
3.28757,3.8053,2.89612,4.9445,3.98325,4.62979,5.48999,4.75061,4.95725,3.6594
3.31645,3.83322,3.19997,5.31251,2.4657,4.22304,5.53734,4.06686,2.9469,3.82447
4.1836,5.66814,5.03207,4.64371,4.35445,2.91811,5.43701,3.41411,3.25263,3.62668
4.06828,4.08233,3.52587,5.33408,3.05846,4.85647,3.91211,2.98477,2.67167,4.01262
4.27335,4.15343,3.63609,5.64661,2.78673,3.72851,4.73043,3.95097,2.69523,5.36027
3.69232,5.4887,3.58454,2.53124,3.06457,4.20425,2.22944,4.23405,4.07802,4.75176
4.10157,3.55755,4.45368,4.30718,2.77872,3.13546,4.38662,5.3301,4.01129,5.3658
4.33563,3.43729,3.16233,4.89498,4.02896,4.49525,2.8528,4.87358,4.89518,4.31162
3.86209,3.72415,4.98726,3.03547,2.66382,5.11286,4.0792,4.79498,3.85177,3.2798
3.84098,2.70454,3.37034,3.92922,4.90415,3.43561,5.80428,5.33082,2.0211,3.53174
1.7878,3.02229,5.40543,3.5563,3.87838,4.95049,6.01093,3.82897,4.82668,3.85258
5.59095,2.70891,3.46113,2.03973,2.48096,6.1985,3.0761,2.55598,3.93447,5.04873
4.87046,3.65786,3.84966,4.04149,3.73957,2.81801,2.51332,2.69494,4.2964,4.20158
2.81078,4.35381,5.47229,4.47266,3.12979,3.99458,4.21654,4.39287,4.2185,2.68947
3.21256,4.39722,3.28945,2.79403,5.21858,3.93804,3.82137,4.03896,3.94843,3.43738
3.34284,4.1247,4.73098,3.69798,4.42052,4.22961,5.5019,3.26412,2.41009,3.84126
4.37822,4.58998,4.74655,3.22922,4.59484,3.06078,3.00562,3.91233,2.90649,5.25076
3.25662,3.38944,4.09157,3.79856,4.47394,5.01688,4.16563,3.44899,3.95581,3.42253
3.759,2.287,2.88212,4.00695,4.96102,3.50378,3.61084,1.99509,3.54336,4.05239
5.25239,3.91432,2.98626,4.41802,5.22301,4.4306,5.76468,5.67657,3.31432,3.35315
3.74065,2.65955,4.26587,4.28607,3.92502,3.97658,4.49389,4.36116,2.80652,6.55288
3.875,2.62787,3.22803,4.62727,3.82537,4.63215,2.98207,3.55765,4.44018,4.60137
3.8068,5.2627,4.19875,4.03632,4.56068,4.59665,2.60659,4.63628,4.16394,3.18562
3.64883,4.82841,3.58004,4.56508,3.52381,3.58368,4.37697,3.84942,1.55099,3.92632
2.02904,5.51136,2.94589,3.68014,4.07718,2.68233,2.93889,2.84687,3.64769,4.68323
3.92952,3.57542,3.94104,3.83076,3.03914,4.34248,4.9602,2.73459,4.81735,3.20483
4.60878,5.45224,3.9339,5.46623,4.57776,5.31834,5.32444,4.88024,1.94864,3.65456
4.09487,4.05727,4.13484,3.48964,3.3305,1.59355,5.15304,3.51011,4.06662,3.66308
2.95814,4.82545,3.87034,2.57836,5.0134,3.97816,2.85524,4.89123,3.24314,2.01661
3.70954,3.31422,3.60214,4.25096,4.98982,4.34568,4.87927,4.84848,3.73181,3.74898
3.20526,5.08504,2.25632,4.83042,4.67769,3.12456,2.30873,3.66529,5.75258,2.35719
3.48685,4.37495,3.7186,3.53891,2.65418,5.44051,5.84478,2.56777,5.8733,4.38846
3.77548,3.8831,4.51422,3.66703,4.59745,5.66599,2.95497,4.16233,2.45623,4.5348
4.05492,4.2488,4.4986,3.56595,3.67836,5.64466,2.44751,5.52464,6.38389,4.78392
4.93113,4.50371,1.99638,3.73095,3.32503,3.95922,3.69322,3.68494,3.40509,3.84073
4.53612,3.81215,4.53343,4.84654,4.17768,4.45082,4.22258,2.33944,5.42515,4.00032
2.44285,4.57665,4.90033,4.43627,2.41566,5.34341,3.73835,3.25966,3.12581,4.86652
3.67033,2.94347,3.98084,2.51829,4.12827,4.43972,3.43358,3.54511,3.90243,4.7591
4.07707,3.14978,3.2209,3.547,2.54678,5.43865,3.76379,6.16773,3.21776,4.15275
3.22786,5.10526,3.76462,5.83928,3.4597,2.06881,5.07995,4.82027,5.55699,4.00683
4.51961,2.76381,5.55288,3.83949,3.17651,3.99929,6.78659,4.55758,3.24442,3.84924
3.61943,4.35616,5.94367,4.6082,5.38507,3.91033,4.27354,4.65805,3.90275,4.4601
4.18166,3.36436,4.31988,4.81297,3.2444,3.57755,4.93491,3.91612,4.30815,3.14484
3.71523,3.25751,3.65025,3.60164,4.30954,1.8289,4.1526,5.20152,2.02418,3.64007
6.04324,4.36405,5.2538,3.59789,3.88906,3.58028,3.63145,3.98216,2.43603,4.77517
2.72114,4.37463,2.97574,5.04261,3.83146,2.03883,3.90205,3.36832,3.65571,4.64667
4.91543,4.07158,3.16107,4.50053,4.86201,4.52045,4.08384,4.50192,3.11347,4.65012
4.47857,4.34089,4.02006,5.0016,2.38656,5.27641,2.96453,1.66655,3.93615,4.22923
1.79701,5.64071,5.16879,4.17453,3.12023,3.60708,4.90699,3.43831,1.39302,3.17267
3.86406,4.52487,3.42411,5.29967,3.5167,4.17796,4.31602,2.51345,4.09834,4.69548
5.62816,3.37075,2.91206,3.45264,5.88474,3.49149,4.73553,4.44806,4.97315,4.29656
3.60259,5.02958,4.80986,4.53912,3.12555,4.09797,2.83805,2.86738,4.76254,2.6784
3.82368,3.11846,5.59164,1.99002,4.14067,4.03805,2.65768,3.28561,4.62893,3.28263
3.59136,4.91186,4.92681,2.81911,4.04676,3.62527,4.53585,4.98941,3.62502,3.96724
2.9011,4.84347,4.78176,2.55938,4.59038,4.00115,4.23922,3.96948,2.75262,5.08982
3.30521,5.17497,5.35033,2.25349,4.10379,6.25222,3.99828,2.94671,2.94367,3.48232
3.91817,4.69504,2.34629,4.72737,3.57895,4.61408,3.11807,3.87627,2.08239,4.83819
3.25299,3.73811,2.48487,3.73503,3.59621,5.65857,4.07692,4.2426,2.47868,4.37293
2.57048,4.14425,3.96753,3.64553,3.33851,3.10736,5.08192,5.24006,3.28208,3.10852
4.49459,4.36256,4.54513,5.07847,4.13968,3.4644,5.258,3.1662,3.31306,4.00418
4.43993,3.86631,4.12898,3.64254,4.98925,3.57829,4.02684,5.76645,3.84099,2.78584
4.39321,4.36728,3.40013,5.3792,3.75547,4.10198,3.76071,4.70045,3.62562,4.87114
5.295,4.38039,4.23988,4.47248,2.50996,3.08141,3.71739,2.05665,3.53917,3.51371
5.24958,2.06526,3.10624,5.08441,3.40584,4.21765,2.68904,5.13039,3.48794,3.16142
2.66413,3.0211,4.42383,3.26192,3.53989,5.72038,3.18137,3.30098,5.70337,3.89119
4.06621,3.39277,4.19833,4.13741,2.75325,2.45305,4.35144,4.96738,2.58747,3.20538
1.74289,1.86743,2.62053,1.87224,3.1226,3.78427,2.87633,2.50757,5.30789,3.05775
3.74041,3.86956,5.04764,5.42091,5.78758,4.47631,2.17214,4.01045,3.24416,2.96992
4.24244,4.7146,2.92467,4.58838,3.21243,3.22258,2.57656,5.79638,3.34826,4.21078
5.59277,4.35,3.24195,4.36703,3.0374,4.1227,4.87404,3.03772,5.67294,2.43242
3.55176,6.3554,3.9875,3.95189,3.47389,3.13037,3.00894,3.99839,3.92149,5.10719
5.03302,1.29599,1.324,4.68286,4.48515,2.74377,4.78787,2.72178,2.87669,4.30113
3.68339,3.59437,4.35871,3.75678,3.10619,5.20169,2.9946,4.42317,3.83646,3.07211
3.09072,3.69646,4.44109,1.89547,4.73398,4.37562,4.66609,4.36919,3.03629,4.27475
3.29634,4.10965,3.95848,3.63087,5.62799,4.62336,3.5061,4.91246,4.54024,4.31885
4.18685,2.949,3.94154,5.76946,3.66487,3.58561,1.92063,4.74838,2.97049,3.14514
2.27623,4.7684,4.00617,4.28481,2.73228,4.50922,4.59387,4.82049,3.41348,5.91258
4.97688,5.21699,3.32028,5.34377,3.74561,4.666,4.02282,2.13378,3.43217,3.50557
4.84173,2.17492,4.48963,3.63918,4.28994,3.12106,4.28933,4.07902,1.71926,5.13026
4.93101,4.8513,4.57291,3.80038,5.40893,2.49058,5.05045,3.45706,4.91753,3.97034
4.3407,4.34165,3.6336,3.33049,4.04517,4.66069,3.88395,3.70124,2.7399,5.20817
4.33112,3.41413,3.77476,4.05255,4.96888,4.64262,4.02463,4.20703,2.17677,4.00025
3.53923,2.237,5.3135,5.63143,4.66898,3.38407,4.49518,4.60213,3.49757,2.94828
4.14056,2.81745,3.37635,5.37944,3.53476,4.44349,3.21029,5.91128,3.91528,6.24624
5.18095,5.0323,5.55131,2.1966,3.72777,4.14021,3.39196,3.82352,4.5358,5.25405
6.45281,4.68817,3.87629,3.14084,4.89161,4.36225,4.37919,1.78169,3.91627,3.78675
3.37574,3.52868,5.81285,4.8058,4.37441,3.45653,3.07353,0.503928,3.15741,3.91135
2.24496,2.60961,5.59416,5.80697,4.31829,3.76367,3.96201,2.74604,5.6082,2.02714
3.15254,3.58745,4.36047,3.01798,5.24486,3.85334,4.39721,4.7423,4.76488,3.1535
5.22058,3.66342,1.81818,3.35008,4.52903,5.4191,3.41125,5.27144,3.85108,2.0965
2.50823,3.22622,4.63896,4.25713,2.33804,4.1726,3.01186,3.75586,4.97297,5.36529
3.2634,4.33541,3.85956,2.71998,4.78075,5.21909,4.43986,3.77342,3.03623,3.17569
3.51984,4.00339,4.26566,5.3281,4.59153,5.94424,2.75428,4.93036,2.87227,3.12871
4.02527,4.16386,4.15573,3.93496,3.74871,4.22667,4.24321,5.22452,4.4039,4.62833
3.41444,3.12059,3.1224,4.35395,4.39444,4.48371,2.2061,4.25026,5.01756,4.24365
5.2835,4.94578,4.06721,4.48212,3.9385,3.71365,1.61385,3.33642,3.40214,2.09088
4.51102,3.66557,3.08583,5.3466,3.49935,5.23045,3.80867,3.32532,5.74363,3.16209
5.17079,3.83774,4.35225,2.76441,4.08854,4.769,1.48584,4.63288,5.13353,6.83524
4.12648,4.1555,3.87944,4.66223,3.31796,4.72045,4.76107,4.78338,3.72779,3.71072
3.53377,3.55651,3.4722,6.71122,2.70542,2.62932,3.19842,4.93717,3.19112,5.36036
4.42961,5.91822,3.86418,4.55023,3.87465,5.64191,3.61883,1.6841,4.6295,3.34943
3.45085,4.59245,3.57275,2.73329,6.10185,3.37429,5.63668,4.2022,5.48075,4.27913
2.45874,3.55965,5.13826,5.72696,4.24894,5.56129,4.5918,2.80533,4.40268,3.28962
4.20669,6.25658,4.266,5.0244,4.23886,3.64834,5.73883,2.72829,5.93654,3.81014
5.45352,3.57732,3.66229,4.02821,3.01272,4.69731,5.29671,3.1433,5.98609,4.75125
5.31258,3.58635,3.37148,4.58031,2.86308,3.50445,4.29741,4.44463,3.21176,3.6795
3.41275,3.75685,5.05446,2.84417,4.65402,4.2505,4.04387,3.08999,3.31733,7.09594
4.42712,3.32589,2.7148,4.53709,2.93656,5.15523,4.65665,3.64816,4.08761,3.90697
3.86758,3.86091,4.08264,3.2064,2.82579,4.51416,1.97736,4.17867,4.57109,4.85435
4.19075,4.36918,3.15693,4.22259,4.2623,4.924,4.66908,4.00982,2.98578,5.23309
3.15147,1.23078,4.50646,3.43392,3.09246,2.81727,5.37976,4.13757,4.03929,3.27163
2.43456,4.03243,5.6635,4.36323,3.61165,3.72145,3.61082,1.43501,3.68138,3.67462
6.00671,4.21613,5.17855,5.08119,3.71881,4.08336,4.3359,3.20506,3.75552,3.90689
3.4514,3.19902,5.14614,1.89874,4.33563,1.91264,6.42117,4.26078,3.38231,4.5193
4.4147,4.35867,4.14041,5.48854,4.96766,4.41264,4.24265,3.39982,3.58187,3.48537
3.33918,3.77956,4.28489,4.68793,2.87754,2.8616,3.30313,2.88471,4.77087,3.38057
4.53081,3.83368,3.34467,3.79613,4.07131,2.85594,3.93309,2.53979,4.8575,4.14533
3.52631,4.2179,4.4756,3.77524,2.58892,4.49806,3.75243,5.90563,5.07173,3.55395
4.77004,4.35792,2.25911,2.55486,4.22033,4.00616,3.70153,2.35005,5.80646,4.43462
2.52348,2.57957,3.49303,2.42807,3.4679,5.28834,1.75279,5.44346,4.00901,5.12039
5.5119,3.92734,2.68939,2.3947,4.12352,4.67362,4.90982,3.64806,3.1655,5.0147
3.84322,4.70533,4.21129,2.42173,3.64518,4.29456,3.79498,2.90964,1.39173,1.71361
4.98065,3.3212,3.37897,3.93012,5.14676,2.55787,2.85767,3.68614,4.67261,2.86333
6.31516,2.69323,3.4744,2.63936,4.36112,3.98843,2.81948,4.78189,5.05022,4.19174
0.949531,3.50685,4.50508,3.13024,3.44248,5.04033,4.20051,4.10737,4.47151,3.86397
3.07815,5.15322,3.52724,3.64861,1.87666,4.75812,5.01444,4.52663,4.64445,4.10594
2.2232,3.68236,3.73714,3.66045,2.72888,3.13487,3.9812,4.43141,3.65232,4.56647
4.08819,4.18477,3.97526,3.35147,3.35181,5.19483,5.47677,3.944,3.58255,3.56359
4.78003,3.61428,4.29105,3.94342,4.45698,4.79379,2.05035,4.2,4.68188,4.04651
4.19238,3.14685,3.70477,5.44682,4.44036,4.27051,2.38573,2.89777,2.36308,3.69052
4.10581,3.5877,3.18056,3.93776,3.33916,4.856,2.19731,5.38211,5.86922,3.05171
4.54442,3.19542,4.59124,1.04365,2.99838,3.85323,3.4976,4.55725,3.04255,2.89538
3.62282,3.43828,6.49071,3.54107,3.59951,4.8965,3.20304,5.80799,3.25249,3.77978
4.97021,4.37145,5.16926,3.41494,2.71013,3.50074,5.27853,3.33221,4.37519,4.23307
4.10353,4.73578,4.20112,4.69613,3.95989,3.14743,5.28885,4.40739,3.75411,2.71522
3.94548,5.06154,4.48979,3.54354,5.14349,3.43401,3.75022,4.76399,4.70475,4.47492
4.48658,4.34435,6.35503,3.96138,5.49366,4.46414,3.39183,3.86784,3.39526,3.38403
3.22983,3.66542,4.80301,3.31919,3.36219,4.11427,3.27429,4.03458,4.49459,5.56596
3.735,3.4084,5.9817,4.69125,4.03668,3.06775,3.66286,3.66651,3.45061,3.60015
4.01017,4.04792,5.29583,4.60583,4.28569,4.75581,3.30304,3.72293,1.80205,5.67985
3.07771,3.13547,4.71635,3.26887,1.81975,3.80588,3.34522,2.83426,3.92756,3.86259
4.33996,3.8819,2.66913,3.18719,4.41586,4.33049,4.01067,2.70348,4.17774,1.63548
3.23834,3.85774,4.22958,3.51144,2.71348,4.88398,4.58312,3.37322,3.62368,4.88773
4.1011,4.05337,4.63464,4.35435,5.37735,3.64897,3.96009,3.88556,3.96822,4.22122
2.19985,2.68652,4.85305,3.47934,5.69341,4.17047,2.93845,5.28501,3.69324,5.03994
4.21254,4.18196,2.88004,2.98342,3.03821,5.74958,4.91444,4.59944,4.44488,3.60621
4.60739,3.08395,4.53502,4.539,4.43585,3.11911,4.52981,4.43904,2.38226,3.6827
2.86261,2.15479,3.17838,4.83084,2.37717,3.41309,4.89767,2.72697,1.59234,2.8467
2.0626,4.22543,2.96929,3.67998,3.47542,4.00467,4.66938,3.27029,4.75291,4.14491
3.69491,3.87398,4.57189,3.65013,3.8127,4.36979,4.88274,4.01681,4.28929,5.60844
3.68994,3.71332,3.75736,3.11311,2.68312,3.25396,3.578,4.37816,5.71508,4.96369
3.3362,4.49128,5.40198,5.57413,5.52377,3.85251,4.08974,4.07964,5.39577,4.08085
5.99727,4.87015,4.99401,6.18847,4.99642,4.61793,3.91108,2.95765,3.3132,6.00495
3.86788,2.64502,1.69395,2.66731,2.11207,3.51264,4.48983,4.14278,3.59019,2.51891
5.20359,5.2982,3.3535,5.02365,5.18377,2.26598,2.96239,4.0452,4.80554,4.14903
3.8313,3.92643,2.91133,2.89471,4.74884,2.04753,4.83205,4.139,5.03574,4.28919
3.46113,2.32957,4.72688,4.87456,2.70251,4.35404,4.55051,4.19586,1.92567,4.18601
0.998186,1.78235,5.22313,2.5716,5.31066,4.40854,4.0428,3.65964,4.16054,4.68753
5.37573,3.33764,4.9076,4.64111,3.44934,3.11263,4.18128,3.16469,3.17265,3.44222
4.55768,5.75041,4.54495,3.8254,6.67087,3.629,4.48807,3.07722,5.06795,4.28802
3.24791,5.18604,4.27329,4.90458,4.26689,3.72651,3.74112,4.14019,5.06769,3.90282
5.32392,4.69883,5.23108,2.6944,3.9977,2.69229,2.16361,5.58302,3.52775,3.88707
3.16956,3.98246,3.88865,2.44623,4.69685,3.99996,2.73002,4.26157,2.67314,3.04694
5.13223,3.45897,3.94738,5.02383,2.71144,4.36072,3.49348,3.7848,3.98026,3.06516
3.64709,5.20991,3.37032,4.21057,3.73542,4.96734,3.04156,4.02854,4.72263,2.78909
4.18463,4.44479,3.3991,3.58957,4.11641,3.6248,4.24504,4.46032,3.60721,4.07413
5.22043,3.89403,4.21986,5.07003,4.96186,4.29172,3.42419,4.81154,4.8311,2.00483
3.80922,3.83157,3.19236,4.88646,3.94062,4.165,4.01165,5.04802,5.13802,5.18826
4.05398,4.4895,4.06873,3.8318,4.54122,2.54413,3.61762,2.52234,4.12197,5.35296
4.89298,2.92661,3.7665,2.67355,3.35137,4.13448,2.53495,4.56102,3.79579,5.06487
3.79438,4.89712,4.35602,5.02432,2.80098,2.30411,4.19713,6.17382,2.22772,3.93108
2.8895,2.90606,4.75062,3.99011,4.27765,4.51306,2.63762,3.08453,4.42263,3.5602
4.21885,3.13518,3.92342,2.36249,4.73246,3.89097,6.28177,4.78418,2.59561,4.56561
5.07279,4.87927,4.32052,3.54004,4.87507,3.4973,3.83428,4.2505,3.11092,4.39635
4.49005,3.90437,3.98149,1.39172,3.3987,3.75305,2.42801,4.06911,4.90447,4.2229
3.58659,3.9857,3.06876,3.11261,3.49804,3.55993,4.06248,5.44679,4.2062,5.19582
3.52063,3.93028,4.89854,2.99787,3.97642,4.20621,4.13726,3.55384,4.11394,3.45037
3.585,4.99384,3.8245,4.74256,4.6578,5.18156,4.95845,4.25833,3.46226,3.87537
4.52946,4.53199,2.78466,5.93238,4.72683,3.98775,4.57076,5.37158,4.3599,3.7527
4.55681,3.66852,5.16383,4.82608,2.92463,3.44202,5.82702,4.85398,4.04287,3.24405
4.49064,3.97628,3.77975,4.3328,3.28059,4.18001,3.73052,2.98242,3.6535,4.17202
2.67628,4.95406,1.9537,6.74028,2.81878,4.25385,5.06668,2.42976,5.42467,3.10579
3.08631,3.78166,5.00184,4.87644,3.8184,4.59323,2.64671,3.10042,4.51946,4.12876
3.94955,3.76394,3.26252,3.25392,4.05905,5.07398,2.52765,2.98739,4.55821,3.38182
4.38523,4.50971,3.9177,3.08622,5.51182,4.98928,2.81165,3.56947,2.17873,5.13319
2.69265,4.31949,3.85418,3.07876,4.85055,2.84329,4.37955,4.26133,5.02274,2.83113
3.98927,3.09321,3.97629,3.65249,3.74912,3.93057,4.00415,3.84695,2.41611,4.17723
4.66489,3.82412,4.76535,5.11296,5.68079,3.88962,3.76802,3.38766,3.78194,4.82412
4.33933,3.29437,1.20514,4.82511,3.58903,2.64742,5.7403,3.42637,4.37976,5.25608
4.63387,2.70301,2.20327,3.59726,5.12048,3.89298,3.30873,4.97343,4.66907,3.59384
4.32736,4.21987,3.58688,3.72094,4.79857,3.28883,2.45295,2.79101,4.605,3.54985
3.4201,3.40548,4.96118,3.29458,4.05542,3.76604,4.05811,3.48702,3.57295,3.8184
3.70828,2.44863,3.91602,3.2979,4.35653,3.99578,4.10053,3.74737,5.47819,4.13408
5.28252,3.50126,5.72906,2.6278,4.20255,3.18226,5.36511,4.31172,4.64823,4.54818
3.54779,5.56783,4.97259,1.85332,6.1053,5.91449,4.00356,4.39906,4.63438,3.63805
3.83088,4.9568,3.63879,5.0185,4.40398,4.48533,4.3407,4.99733,3.90181,5.21137
3.66505,4.34672,3.97699,4.54297,4.58053,3.10251,6.23365,4.39597,3.03111,3.56533
3.47906,3.8286,4.17087,2.60055,4.9906,5.38287,3.68961,3.60131,3.3607,4.32001
3.21838,3.18031,5.92913,3.67569,4.15684,3.48381,3.83653,3.21457,4.26732,3.30715
5.24582,2.5391,3.41666,3.5809,2.66653,2.70817,5.18233,4.76463,3.63408,3.35496
4.52681,3.09957,3.6815,3.44255,4.61707,2.08055,5.85699,3.87609,4.29146,3.62874
2.96125,4.5972,4.16471,3.96771,1.65512,1.21393,4.59486,3.34865,4.08916,5.40901
3.92559,3.60262,4.52571,5.23681,3.41844,4.78952,4.38356,3.47744,3.33956,4.19543
4.18813,5.0305,4.16736,3.7302,5.48586,4.05286,4.21988,3.58719,5.15401,4.42578
4.16891,3.09709,5.12776,3.20986,4.22029,2.4944,2.41922,2.44624,4.62962,5.17035
4.11734,3.52203,5.12821,4.19767,3.32744,3.3391,3.2828,2.73066,4.76855,4.24008
3.07349,2.37374,2.33271,5.39641,4.77058,4.88128,4.96268,4.13101,3.80173,4.56392
5.91632,2.55306,2.31108,6.38572,4.66856,4.04191,4.1545,2.9843,3.79815,5.76862
4.58307,2.84804,5.6805,3.97775,3.80035,2.11827,4.79551,3.87616,1.53997,3.13991
3.74833,4.22328,2.73959,3.85792,4.25199,3.40561,4.45388,2.87735,3.75447,2.84492
5.63597,3.6292,3.85792,4.41082,3.32607,4.04602,3.76369,4.00532,3.20807,4.11569
3.69758,4.70583,3.36969,3.61405,4.54648,5.12926,4.18235,3.75673,5.55166,3.07915
3.72755,6.66189,4.34733,0.950673,3.98653,4.74178,2.48459,4.52587,2.94222,3.06753
4.88867,4.9627,4.4116,4.91359,4.29615,4.46347,4.54631,3.10596,4.5115,3.0256
3.48492,3.03703,4.17839,4.72142,4.45354,6.80738,2.45929,1.58618,5.01301,5.26899
4.74838,3.65189,3.84922,5.04723,4.22324,3.82698,5.36834,2.95335,2.41697,4.61344
3.67561,2.84147,4.89277,4.33309,3.24488,2.00875,6.27044,4.61428,4.45857,2.93436
4.43417,3.69101,2.58768,4.13958,5.49754,5.3011,3.48741,4.19646,3.72605,2.27816
3.27329,3.17986,3.40233,2.12115,1.56826,5.76113,2.85606,3.93498,4.49458,4.51799
4.4948,5.28803,2.37705,3.42071,5.30134,4.95666,3.70305,3.85528,6.52552,5.3875
2.92144,6.32352,4.14867,3.31849,3.24416,4.83742,4.57718,3.25905,4.30796,2.57006
3.61919,3.7693,4.23002,3.77602,3.63853,5.8409,2.31236,3.84913,4.66952,6.11111
4.94807,3.53098,2.61286,4.79656,4.1459,4.71915,1.14011,2.11689,1.42836,3.57469
4.33037,2.54394,2.57276,5.19362,2.67055,1.89463,2.86912,2.32358,4.11455,4.02505
2.42545,3.44774,3.33272,5.09736,4.70776,4.4571,4.14605,3.37184,3.63521,4.91542
2.57076,3.32015,3.6334,2.00344,5.68268,3.27934,2.60332,3.01614,3.8472,4.27107
5.6218,4.20581,3.69451,3.82496,3.60647,3.26108,2.96745,7.1945,4.83052,4.69636
3.73447,3.81593,2.14843,3.22905,4.29685,3.80789,3.57509,4.11057,5.16984,3.37645
5.5498,3.4204,5.21056,3.59497,4.75959,5.06736,3.63799,3.46905,6.15767,4.30176
4.21594,1.86391,4.41618,4.18652,4.20618,3.12435,4.88098,4.68758,2.84148,4.5502
2.91382,4.26458,4.67885,4.2318,5.41095,2.46866,4.85456,5.48811,2.3742,3.63727
4.03311,5.20052,4.02281,4.25099,4.59929,2.26912,2.97879,4.03934,2.7699,4.54838
3.2487,6.5033,3.51263,2.92634,4.12489,3.97561,5.34741,4.19073,4.90552,3.29482
2.59987,2.31056,4.2205,4.13903,5.91242,3.75934,4.42079,4.63838,4.42688,6.01015
3.90748,4.84226,6.03407,3.65472,4.48034,2.64573,5.50854,3.8674,2.13157,4.63807
5.51243,3.47754,4.67073,5.43594,2.43597,5.19503,2.80133,5.34105,4.55944,3.95068
4.5703,3.69504,5.4631,4.65972,2.19633,4.45749,4.47278,2.85745,6.27819,1.22926
5.56949,4.89964,3.23825,3.93366,4.02889,4.95646,4.17185,3.18196,5.59159,3.3537
4.58354,3.21744,3.7355,3.44626,3.17189,3.5678,3.65285,2.85824,4.85035,2.73282
4.52582,4.36826,4.24489,4.03206,3.88594,4.1457,4.58319,4.17508,4.29049,5.09217
2.20165,4.55885,3.76959,4.21355,5.03763,4.04734,3.04062,6.02526,5.02326,4.03288
3.45553,5.28005,2.30652,5.4132,5.45573,3.74366,2.92157,3.19399,2.2558,3.97106
3.59182,4.437,4.91279,4.94315,4.61038,4.20657,5.03107,2.32908,3.34563,3.39767
3.67692,4.0707,3.98599,3.38775,3.49346,2.98709,2.18244,5.296,2.80293,2.98444
3.93219,3.36632,2.86598,3.38536,3.66416,3.88132,3.05852,4.69055,3.12451,5.18093
3.42422,3.16234,4.12525,3.67454,2.49837,3.6446,4.7945,3.74845,4.13758,4.48204
2.32373,4.538,2.37915,4.46355,6.17836,4.85147,4.24839,4.24362,5.68849,3.5861
4.74261,5.95629,3.52648,2.89617,2.7307,4.68024,4.82209,1.88188,4.10494,2.86591
3.56271,3.70808,3.88384,2.5244,4.55112,5.45851,5.97627,4.92987,4.33899,4.42279
5.34828,2.53774,4.51467,3.61568,2.07436,4.71531,4.37062,4.32003,2.95818,2.56232
4.70486,2.7177,3.19433,2.87507,5.49736,3.99621,5.48625,4.20138,3.99728,4.27698
3.9994,4.14501,3.96141,5.14849,2.38629,3.75295,2.83354,4.92674,5.24723,4.39447
3.81629,4.12876,4.38742,3.865,5.09409,4.70703,1.49641,2.75579,4.10821,4.77415
3.8195,5.10456,4.74644,1.84368,3.65297,3.12846,3.7228,6.75048,2.64933,4.32737
4.99685,1.71568,4.31628,4.60657,3.93643,1.73043,4.30264,4.03143,3.88122,3.96037
3.13087,4.91609,4.80358,5.09207,4.07993,3.88349,0.926234,3.56139,2.46685,3.03158
3.74575,2.29145,2.57903,2.92338,2.59308,5.64196,4.71253,1.54422,3.73604,4.12125
2.10098,3.45369,3.24369,2.76732,3.23276,4.24678,3.26217,2.33158,4.62712,4.82163
3.27714,4.10193,3.62772,5.26245,4.85242,3.19622,3.10867,5.15193,2.42591,4.93321
5.74222,3.4684,3.33972,2.9489,3.18008,4.41631,2.56702,2.64191,4.06465,4.5769
3.31501,5.96685,4.4364,3.90906,4.49687,5.70001,3.5395,5.01577,4.35951,4.5617
3.23725,4.51511,4.55243,3.85386,4.33582,4.19612,4.1979,2.94637,4.69199,5.23658
3.46466,4.49576,4.03689,5.01483,3.91109,3.70041,4.4441,5.48834,4.68354,5.00053
3.57972,3.3041,4.60481,4.10025,4.11716,2.90571,1.98422,5.32943,3.70724,5.36496
5.28656,3.75614,4.41794,5.56947,1.48921,4.32963,3.99714,3.97419,2.88236,3.88287
2.83274,4.88894,2.14601,2.63616,6.48096,2.29609,3.69004,4.75454,3.23379,4.90215
4.60326,2.6657,3.58946,2.80523,4.86386,4.83584,2.38923,5.39002,3.88818,4.30709
2.99297,4.54158,3.22762,1.60601,1.90946,3.26551,2.67939,3.76234,3.7997,4.49677
3.86158,2.19123,3.4249,4.04284,3.99513,5.7128,4.94849,5.12645,5.13115,4.50131
1.2675,2.63097,4.19456,4.52,1.7256,6.64619,2.60855,3.78273,5.48254,2.63112
4.85844,4.1827,4.47068,3.95024,3.31865,1.8821,5.19833,4.46999,5.05187,3.8193
3.21215,3.66246,2.58869,4.07831,4.19884,3.28937,2.69373,4.56512,3.50692,4.24812
3.9698,4.18712,4.2818,1.58425,4.42358,6.24104,4.38641,5.75431,3.23012,4.51202
3.39986,4.64913,2.90949,2.59726,1.90014,3.0738,4.59477,1.74633,4.36449,3.12143
5.26518,4.7747,2.42954,4.8994,4.25316,3.55887,5.79409,4.23722,3.74675,4.09792
2.96241,4.5684,3.66467,3.91309,5.46178,3.57382,3.36489,3.97705,6.25381,3.53453
4.3049,5.20902,3.54675,3.91591,4.57654,4.54151,3.74908,4.03209,3.87942,5.81163
3.95197,5.84666,4.8924,5.82574,4.4306,4.78738,3.85817,3.78796,3.11545,3.45296
4.96645,6.19482,4.33149,4.46349,4.43315,2.31221,3.42134,4.30981,2.32517,3.45087
2.38627,5.32445,3.8627,4.05771,3.69418,4.40493,4.96297,6.4168,2.07557,3.41474
3.25731,4.92059,4.1029,2.6427,3.40094,4.68949,4.39965,4.91908,3.01171,4.75245
4.52588,4.2481,5.28909,3.87352,4.61264,2.58481,4.08058,2.82796,4.46542,3.52693
3.53616,3.16763,4.87615,2.85803,3.98881,2.60201,4.04454,3.76593,3.29205,6.11483
3.82123,2.87842,3.09018,3.46831,2.00558,3.90953,5.06872,3.83872,3.44565,5.59705
4.17563,2.60897,3.33354,3.28796,3.14828,3.53917,4.98673,4.25244,4.26239,3.31186
3.70327,3.36478,5.02677,3.06956,2.95407,4.09891,3.70384,4.28663,4.8449,4.6383
3.60272,4.53915,4.60421,4.1595,4.59861,4.90506,4.79864,3.18721,4.56841,4.69504
4.68585,3.17392,3.84624,4.73273,3.55714,3.9785,3.3626,3.62816,3.98937,4.51398
3.52463,4.21508,2.24088,2.33863,2.58189,3.14927,5.27076,3.37813,1.3013,5.31842
3.57347,4.90595,4.85285,5.0282,4.54255,4.34341,3.88106,4.75941,5.2225,4.23874
2.65917,4.23523,3.15484,5.823,2.97217,3.87211,2.96027,4.07309,3.35471,1.57651
4.11288,3.13014,3.97442,3.99976,3.44837,5.69977,3.44903,5.51782,2.35431,3.81493
5.08498,4.43171,4.96395,3.50572,4.36043,4.25461,4.65215,4.09244,3.83887,4.52194
4.65829,5.10327,5.62903,4.48102,4.71058,5.25508,5.1689,4.76865,4.58377,4.22431
2.70115,3.48027,4.81357,4.18614,3.45991,4.80044,3.71167,5.14659,4.16521,4.09866
4.93569,3.80973,4.08483,4.25757,3.25452,3.42007,5.72982,2.1998,5.57966,3.69533
3.49719,5.69795,3.83749,2.18568,2.18009,4.46252,2.69247,3.25892,2.80171,4.68613
5.28878,4.37937,3.44284,1.95697,4.4728,2.52449,4.65143,2.97172,4.07286,3.70976
3.469,3.31577,3.89027,4.1885,5.46105,4.11214,4.32401,3.91029,3.3518,5.40069
2.94902,4.41886,3.58947,3.26817,2.70831,2.25485,4.3421,4.01994,2.15115,3.52647
3.46282,2.65519,4.46668,4.16859,3.72475,4.71488,3.94316,4.34185,4.93579,6.34151
4.23407,4.81482,4.97134,3.77121,2.80377,3.61187,5.08001,4.82817,4.23719,1.00618
3.50751,3.03946,6.91451,5.27403,4.03127,5.13257,4.049,6.68443,3.92149,4.31071
5.71978,4.35312,3.84768,5.07929,3.58435,3.97479,4.20874,4.05622,4.88902,3.59002
3.58261,4.80648,4.99305,2.81631,3.26693,3.30099,4.82866,4.93807,5.09687,3.17151
4.10269,3.33589,4.91015,2.7068,3.78146,4.59025,3.78496,4.43712,4.42107,5.38828
3.68755,5.44308,3.40486,5.45244,3.13168,1.73958,5.68039,4.76503,5.48885,5.03952
3.96653,4.87243,4.577,1.9467,1.65205,2.45539,3.40683,4.22607,4.29478,3.82926
5.05543,5.68141,1.37055,3.62821,1.91961,4.06936,6.40959,4.28777,5.79672,3.38152
5.27834,4.2667,4.00111,3.76857,2.71104,5.57717,3.76909,1.21308,4.0109,2.54433
3.89202,3.58985,5.47713,3.37426,5.24049,2.36942,3.82535,2.21524,2.61805,4.06134
5.06386,3.99316,4.7823,4.70204,3.25915,3.88319,3.81958,4.08741,3.97606,4.06543
3.35478,3.52208,4.05157,5.02525,4.91876,3.43203,2.40404,4.32646,2.66455,5.08826
3.36304,5.13938,1.13924,2.76431,4.10654,4.33722,5.4598,3.8474,5.15089,3.65163
4.32729,3.68126,3.60125,4.32039,3.20917,4.76715,4.5522,6.32453,4.28667,4.442
3.92576,2.73475,3.78,2.20263,4.00852,4.71176,2.92191,4.31996,4.9888,3.80361
4.51287,5.62183,5.39154,3.77527,4.00474,3.79634,4.3609,4.47135,3.84304,3.71609
4.94688,4.09514,1.99451,4.91719,2.91088,3.20422,3.82301,4.60044,5.82625,3.7006
4.54025,5.06423,4.76343,4.25607,5.16132,4.09196,3.68981,4.02688,3.90286,3.77059
4.36884,2.95334,4.23248,4.51048,4.55725,5.03501,3.65936,2.31751,4.55928,4.39258
4.27808,4.09593,4.33731,4.36396,5.57529,5.07825,4.01525,5.53644,3.53669,3.8563
2.29519,5.78297,3.36912,4.84998,3.86026,4.57683,4.87483,4.09134,3.22236,2.14463
2.73974,4.41491,3.33037,4.58657,3.99968,3.01875,3.58933,3.15172,3.96534,3.49152
2.60041,4.25664,3.89185,3.15367,3.86619,6.58236,4.72788,3.97531,4.86572,3.2777
3.40539,4.7768,6.45693,3.72118,4.94648,6.89471,4.86631,3.88513,5.44355,4.04041
4.00391,4.53811,2.40843,2.2896,3.51264,4.02731,3.35454,3.86923,4.79557,4.98298
3.1268,5.4295,6.12888,2.76349,5.71145,2.78839,5.46221,2.55871,4.48083,4.31789
4.51363,3.29636,4.54695,5.02362,4.96235,4.79388,3.51432,4.07056,2.77199,4.71971
4.95524,5.38196,3.82718,3.92158,5.58682,4.3727,5.24401,2.12399,4.16226,3.57243
2.85782,3.66285,4.40919,3.09915,3.91824,4.55543,3.09815,4.5025,2.58829,4.47582
4.11166,4.76276,2.86999,4.45228,2.63929,4.19933,2.9439,3.86977,6.35312,4.15179
5.60779,2.85487,5.00212,3.78938,4.68878,4.61223,3.44005,3.27378,5.54145,2.71535
3.19014,3.40029,3.81166,5.21757,6.04303,5.13063,3.95378,3.20098,4.23679,5.12705
3.43094,3.96631,4.73909,5.17943,4.07925,3.57254,3.53502,2.7844,4.2088,3.69471
2.15815,3.67246,3.7134,3.96496,3.89329,2.49969,4.3462,4.85311,3.38893,3.35602
3.27397,3.15358,4.19537,3.534,4.22549,4.25178,5.75463,2.28802,3.69242,2.68407
2.85403,3.27105,3.58541,2.81778,4.38396,4.87408,4.21579,5.2883,3.70277,4.35833
4.14129,1.98891,4.27426,3.77218,1.66179,3.95126,3.88407,4.58005,3.32173,4.94064
5.93225,4.70457,4.09961,4.21188,5.19617,5.56134,4.3934,3.81138,3.88138,2.93146
4.06934,3.05195,3.11451,4.62301,5.15421,2.9386,4.58245,2.52563,2.94654,2.97456
2.30076,3.95218,4.33372,2.70562,4.35313,5.16049,4.50362,3.31175,2.61896,3.76351
4.68358,4.61679,5.03397,2.80691,2.38135,4.07172,3.94607,4.2409,4.54905,5.34368
4.82328,3.7754,3.36521,3.96775,5.0029,2.95914,3.27626,3.42343,3.22179,4.34146
3.29327,2.88347,3.83435,4.84093,6.4804,3.17886,2.87239,3.8237,4.4335,3.26663
4.29929,3.41006,4.55669,3.42203,4.88165,4.63985,4.49465,3.85392,5.10191,4.90091
5.37623,4.49937,4.02952,4.85597,4.87949,5.37837,3.06194,3.60609,4.64294,3.29061
4.05067,4.61003,4.35751,3.67804,4.74565,5.54234,5.2923,5.69532,4.60753,4.78761
4.20656,4.46252,3.65328,4.96309,3.43098,3.37211,3.12119,3.93627,2.95873,3.93672
3.5766,3.49761,3.94658,5.28296,4.62168,3.4277,2.19076,1.69541,3.12175,3.61819
3.72286,4.0681,3.48173,2.15391,3.5073,4.0689,3.71805,4.34133,4.33729,4.7064
3.02191,4.16335,4.21095,5.10849,3.34924,4.96167,4.47389,5.04763,3.8189,4.6257
4.40151,5.03488,3.93647,2.40278,3.58941,5.50603,4.25453,3.55544,3.34111,4.42656
3.85728,3.22335,3.11871,4.5688,1.99447,4.15429,4.32365,5.29635,4.64306,5.08468
4.37958,3.58044,5.04507,4.10989,3.11164,4.49587,4.56831,1.69996,3.36035,5.07988
3.62498,4.02791,4.7323,5.08877,4.98343,3.36239,3.94392,4.58505,4.58508,5.06835
2.5578,4.685,4.38791,4.96509,4.25857,6.16812,4.02486,3.13927,4.07278,3.92974
3.4143,4.54942,2.55221,3.28501,3.78741,4.95444,5.61454,3.70493,3.12846,5.40288
4.01301,3.7634,3.46959,4.46888,3.63213,3.68535,3.53837,3.71884,3.16433,5.01797
3.78628,4.08766,1.89507,3.31831,6.56225,5.00871,5.63546,3.43319,4.4388,3.43391
5.41106,2.9831,3.72759,3.15206,3.38543,4.05276,4.11541,3.75605,4.06085,2.80096
3.67337,5.97165,3.36011,3.99629,4.01143,3.59571,1.87407,5.45394,2.633,4.03878
5.30457,3.73843,3.57209,3.83951,3.69173,3.66447,4.84505,3.58518,3.56284,4.02305
4.86169,4.44661,4.82391,3.78005,4.86366,4.3227,5.08521,5.32636,2.80345,5.39595
3.75009,2.38083,2.08599,4.08305,3.53388,2.85817,3.86928,5.26952,3.7822,3.77316
2.88342,3.95189,3.5963,2.65901,3.27681,5.30484,4.57492,2.21393,2.98417,2.84531
2.59009,4.93006,2.8533,4.05207,5.15517,4.17784,3.60985,4.71972,2.78842,5.4906
3.77216,3.64681,3.84,4.64105,6.02518,4.18638,2.93056,5.55439,2.68789,2.88294
5.56969,2.68988,2.34983,3.16969,3.61953,3.07062,5.42486,4.39635,5.9677,2.4326
1.35555,3.85969,5.04379,4.63917,3.15991,3.61526,4.98963,3.0808,4.39665,2.35887
3.0022,4.46264,3.41642,3.66738,4.08436,3.89704,4.62485,4.14881,4.39082,2.54362
4.97628,4.13926,5.19881,4.49529,1.62371,3.95471,2.99442,3.82351,6.31538,4.55594
4.26306,3.28974,3.39789,4.44883,4.06027,3.27979,2.97496,3.57077,3.17537,4.08114
3.83739,2.35412,6.27202,3.52517,3.6904,4.60254,5.81832,4.25756,4.06327,4.2211
4.15471,2.47208,3.90964,6.57098,5.24743,2.66708,4.47517,5.48367,3.68435,3.15934
4.77292,5.75064,4.42559,5.23967,3.48523,4.0109,2.0154,4.18851,4.97117,4.45951
3.68873,5.38177,2.5341,5.10934,4.36521,2.29885,3.21605,4.83179,4.7146,3.47159
3.6673,2.90507,5.00048,3.69371,1.77065,5.55586,4.41654,2.65362,3.28609,4.44637
3.46485,4.4683,3.59961,2.55253,4.86391,4.77555,4.35596,4.68124,5.00719,2.88386
5.18976,3.76777,3.68291,3.56603,3.55547,3.47699,4.46405,4.57462,3.49562,5.06902
3.80825,4.93623,3.83606,4.75283,4.18271,3.25151,6.04225,4.24496,4.70522,2.29489
4.10307,4.3572,5.23223,2.84802,3.07752,4.77698,5.65976,3.49126,3.6896,2.16151
4.75976,4.83055,5.11587,4.31049,4.09031,4.4244,4.33866,4.6869,4.79289,4.70757
3.29839,3.75124,3.33246,6.33776,2.24589,4.50152,4.21853,4.22756,5.31688,4.14324
3.47659,4.1382,5.14511,2.98413,4.45206,4.39184,3.78779,2.58679,4.3816,3.72007
3.0415,3.98897,4.32859,4.43107,4.14264,3.48415,4.23573,4.67375,4.16086,3.92264
3.20587,3.26817,3.94409,4.57496,2.99079,4.68452,4.83942,2.7521,3.78821,5.43942
4.72395,3.16527,3.387,5.00108,3.33025,4.07614,4.51735,3.58673,3.55143,4.10252
4.46846,4.94006,4.72929,5.42295,2.59875,5.25753,2.8487,3.68201,4.93839,4.58133
3.36551,4.87911,4.40431,2.25417,4.2308,2.78073,3.86292,3.37252,1.87916,2.47198
4.1636,3.99023,4.43945,5.32049,5.485,1.24089,3.33984,4.18,3.69185,4.22456
4.05314,3.48403,3.09974,3.57496,1.99798,3.01429,2.74912,4.21737,3.97689,5.27237
2.63295,4.10585,4.34994,4.47026,4.55344,3.01677,2.3992,5.30829,4.04857,5.68906
4.85964,4.1243,3.34408,4.08813,4.70741,3.66259,2.48719,4.9231,4.32678,5.50846
4.78353,3.61536,3.65849,4.15141,3.91496,3.32243,2.97411,5.57329,4.13604,3.46294
4.55621,3.55081,2.44043,4.70804,4.5187,1.46235,3.20734,2.79669,4.56192,3.95264
4.15296,3.44169,5.85502,4.0291,4.37374,3.67571,5.08758,3.9365,3.50909,4.56225
5.19568,4.15335,2.77401,4.08094,2.88551,4.8002,3.67378,5.32359,4.52085,3.5209
4.2824,4.75121,3.03031,2.35681,3.66338,3.01849,4.34576,2.43443,5.02545,4.05823
5.12184,3.37471,2.58018,4.47473,3.91331,5.34167,3.75379,1.91985,4.85528,4.86328
2.75866,4.64789,4.11084,3.39893,4.22546,2.10904,5.44847,2.25455,4.7943,5.90895
2.88021,3.97008,3.32121,2.98742,4.1559,3.37559,3.26076,4.62541,3.42987,4.4457
2.95774,3.42577,4.18259,4.04679,3.18031,0.261709,5.29877,2.15215,2.87548,3.06396
4.71759,5.15865,3.61015,3.31498,4.43087,2.93921,3.19144,3.959,5.51811,4.22674
3.97371,1.70822,4.99386,4.31558,4.43254,2.52332,2.79614,3.79239,4.11008,3.57635
4.12772,3.54095,5.18439,5.5097,3.06549,2.95248,1.8413,2.68794,2.80106,3.64938
4.41219,3.81785,6.18609,2.70305,4.5997,5.62479,4.22409,4.39203,2.75586,5.0769
4.12513,2.91626,4.5375,5.08112,3.60301,3.97961,4.81982,4.70703,2.6907,4.07857
4.50133,3.17247,3.9834,4.75909,2.83766,2.50352,6.25168,3.49503,4.76977,3.7833
4.83014,3.17708,3.21065,3.54748,3.94076,4.63834,3.69004,5.60306,3.88416,5.64424
2.5756,3.35002,4.07654,4.81229,5.36108,4.12668,5.35223,3.60957,3.24176,3.26657
4.94582,5.19916,4.57889,4.64674,4.99862,4.28244,4.59278,2.89292,4.91583,4.44348
5.59893,3.70772,3.1853,3.64804,5.38078,2.6645,3.47594,3.47055,4.58543,3.53636
4.60139,3.80282,5.05721,5.66388,3.40822,0.939203,4.31138,4.93722,3.85255,3.00078
6.94429,3.84447,4.45093,3.4353,1.00363,4.30337,4.76834,5.1936,5.57893,1.52502
5.62971,4.59919,3.24671,4.0415,4.7959,3.87019,4.15042,3.64796,5.61101,3.17499
4.11429,4.52614,2.28393,2.68127,4.94363,4.47448,3.43103,3.59405,3.65792,4.99408
4.86111,3.40512,4.82597,3.05505,3.11445,4.27788,3.16461,4.50807,2.77811,4.01996
4.65104,5.82686,5.07703,4.98787,2.41033,4.54553,4.55457,5.35675,5.3309,4.02286
3.95713,4.45814,5.49535,4.54698,4.36755,2.88374,3.91846,4.18021,4.05044,3.73046
1.37349,4.78356,5.96571,4.45505,5.11817,3.53951,2.03074,3.86506,4.06973,3.81014
2.57516,1.81567,4.05693,4.06953,3.96645,4.04148,5.17411,3.28243,5.0175,3.54879
3.40431,3.65413,5.49856,4.96194,5.19185,4.69708,1.82103,4.50595,2.13112,6.0067
2.92335,4.3998,4.57844,3.83043,4.76932,4.80826,5.44214,5.13805,5.07436,3.50492
3.13425,5.14356,2.62844,4.56077,4.01553,5.05348,3.07711,4.62384,4.36829,2.65381
4.45393,4.49783,3.35192,3.94765,3.82839,5.44329,5.04441,3.06602,6.69859,5.61397
4.23472,3.08186,3.9185,5.5088,2.45481,3.3819,3.60137,2.13001,4.91197,4.88199
3.53934,3.69193,5.62022,4.03623,5.3319,3.06405,3.30515,3.04468,3.85368,4.01292
2.28761,5.42367,3.82972,4.5051,4.28201,3.12177,4.06894,3.64147,4.45439,3.92884
3.07251,2.36244,4.3087,3.18124,5.14242,4.09998,2.76572,4.58723,3.24954,4.23971
2.3327,4.84116,3.81846,3.02865,3.08628,5.60188,3.03933,4.47455,4.16566,6.34413
4.35732,5.00569,4.31415,5.83221,3.3579,3.95422,3.33002,4.26996,2.55919,4.57786
3.86116,4.135,2.84948,1.98704,3.37666,4.49349,2.08048,4.62287,4.73634,2.71259
3.51232,4.11926,3.81066,2.44581,3.96986,3.80648,4.40998,2.09996,2.88522,4.0364
3.87996,6.35881,3.28735,3.71737,4.61452,4.35203,4.422,3.45938,2.91639,3.06133
5.02078,4.86957,2.20611,4.69719,4.59014,2.89122,4.6352,4.41582,4.76933,3.43129
2.84487,2.56833,4.49341,5.01289,2.51917,3.62125,4.34651,4.91504,3.66043,4.63456
4.84039,2.74096,4.31989,2.71796,4.26285,4.21067,3.14575,5.18193,5.20158,3.96804
2.3076,5.97554,5.43194,5.83754,3.6822,3.87866,4.59737,4.38313,3.86421,3.94965
3.47891,3.58852,3.86381,4.78352,3.85303,2.04898,3.92347,4.66584,3.42308,3.99338
3.12234,5.47417,3.55179,3.40073,2.67495,3.01732,3.8243,6.09626,4.40795,3.6568
5.15795,4.4618,3.35917,4.68934,4.27833,3.6762,4.80445,3.49601,4.16164,3.04489
2.3339,3.68577,4.59591,4.32839,4.39893,4.7788,4.6793,4.95317,3.93908,3.13602
3.64844,4.81932,3.59688,2.48344,3.92982,4.3251,5.50381,4.13736,5.11813,4.83388
3.81765,4.65673,1.85102,3.92464,5.00485,4.27728,3.65785,3.80796,6.63221,2.70314
3.07802,5.11907,5.87699,3.17253,3.10145,4.19952,3.16561,3.06998,3.13554,2.70652
3.71538,4.82132,4.5644,4.61729,3.45149,2.82667,5.30367,4.57475,5.04747,3.71758
4.69509,3.63222,5.16307,3.70577,4.83445,1.84086,4.36455,3.27643,4.23817,2.2668
4.07557,3.56693,2.28955,4.38365,5.55141,2.01045,4.9033,4.93502,4.89492,3.86345
4.94551,4.26735,4.41257,6.15155,4.35778,3.30947,2.38763,4.90255,2.0117,3.60617
5.49137,3.78735,3.42846,2.34376,4.20274,3.36014,5.15819,3.75345,3.99126,3.60672
3.7281,3.08604,2.52331,4.70936,4.7884,5.59531,4.22298,3.93473,4.6912,3.4365
2.87162,5.26733,1.64837,4.65323,3.95376,4.2716,6.97028,4.15456,4.08046,4.82933
3.89631,4.44162,5.58876,4.45985,2.40371,4.33023,4.73627,5.05272,4.07902,5.58251
3.82896,5.34887,3.47663,4.15557,3.7169,5.59753,4.10591,4.7768,1.4402,3.3971
4.2354,3.20377,3.23543,4.40103,3.04163,2.9242,5.67113,2.49684,4.14031,3.30906
2.85803,3.0948,2.66514,3.54483,5.39111,4.21954,4.4807,5.53059,3.8248,1.62812
4.94623,2.20782,4.59341,4.04551,5.03135,5.09507,3.35025,3.76633,3.64454,6.1725
4.22817,4.9832,2.64315,4.96586,4.55351,3.21514,3.60235,5.87091,3.58439,3.51358
4.66041,4.30904,4.54021,2.98611,2.38381,3.726,3.22674,3.60232,4.92406,3.64957
4.24785,4.37034,4.13862,3.4186,2.50964,4.66026,5.05516,6.96662,2.5289,3.51863
4.80053,4.12425,1.86428,4.39615,4.5062,4.24051,3.28436,5.2029,5.21695,4.87723
4.05914,4.54105,5.07303,5.01465,4.39255,3.48088,3.90172,5.08392,3.70975,2.58878
3.55783,3.8827,2.09569,3.68034,3.07166,3.59899,2.16935,4.66778,4.74833,3.45809
4.80304,4.36403,2.31496,3.9616,4.36935,4.30508,2.39603,3.2713,3.66813,4.92453
2.90417,4.33339,4.30039,3.51811,4.59883,2.51794,4.88694,2.38128,2.88149,3.68531
5.02756,3.32601,4.49031,3.72403,4.08916,2.20417,4.82931,3.59781,6.02831,3.94346
3.32113,3.61802,3.44912,4.67597,6.00626,4.80139,5.47921,0.908064,3.36103,3.25528
3.9698,2.69774,3.8013,3.44047,4.42236,3.57091,3.50797,2.92071,2.79034,3.42855
3.35304,5.22044,3.79915,2.79685,3.3045,5.33414,4.89385,3.22811,5.52759,3.62098
4.5217,4.17107,3.41453,5.18968,4.04201,4.55924,2.70139,4.4693,3.20371,3.05636
3.05153,2.65801,4.95592,3.85325,4.403,4.1002,4.16879,5.15478,4.44661,3.17742
3.83443,3.35448,3.66835,3.3732,2.29428,4.9537,3.99007,4.61687,2.57869,2.1912
5.40053,4.85398,2.17445,3.74378,3.21044,4.37865,5.28811,2.47712,4.85604,4.41714
2.953,5.50787,2.45205,5.0919,3.63024,4.2446,4.80087,2.82692,2.55625,5.69053
4.56131,2.93596,5.53336,3.76962,4.80114,3.95903,3.00449,3.90999,3.40381,3.1403
6.36917,4.44643,2.83395,4.89151,2.04151,4.49144,4.74005,3.34438,4.83324,2.90231
3.42957,3.2397,4.1681,3.35423,2.30374,4.71422,4.57011,4.42263,4.77681,4.24385
5.01587,2.68714,3.54269,2.404,6.10577,2.80392,2.77165,4.65262,3.87358,2.36034
2.85555,4.05952,3.53723,4.21663,4.72335,3.40323,3.95097,2.46778,3.65385,4.47144
4.67303,3.35388,4.84398,4.2705,2.6739,3.48776,6.05917,3.84411,3.57756,4.48332
5.03049,6.02843,4.53393,3.18283,3.09256,5.32641,5.29725,3.03882,2.73109,2.83126
4.0077,5.60978,2.88525,5.32784,3.0995,3.19012,4.79437,5.60636,4.81706,3.65827
4.33444,4.50709,3.92024,4.818,5.75526,4.39469,5.04189,4.07825,3.41358,3.23966
4.32945,3.99328,4.8095,4.382,3.95321,3.12739,2.12398,3.48109,2.1072,3.32775
2.75803,4.64292,3.02211,4.82269,2.70903,3.42081,4.28115,3.78775,3.4288,4.91452
2.49904,5.99276,4.07294,5.6663,1.58047,4.70234,4.25684,3.93453,3.64195,5.29798
2.91894,4.06995,2.67459,2.58861,2.60298,4.90072,4.89872,4.08564,3.73676,1.06233
5.15207,4.7232,2.814,5.14633,2.59674,4.50129,2.05585,3.37647,3.5389,3.95839
5.53339,3.66787,3.65987,4.33594,3.66145,5.93252,2.57586,4.50251,3.47117,6.84374
4.34353,4.21537,4.45526,4.15961,5.70095,3.52679,3.89557,5.11626,3.77915,3.60403
3.88399,3.39571,5.2306,2.94858,4.56651,4.47746,5.58893,3.98244,3.45688,6.18449
2.40439,3.44624,4.91121,3.90941,4.84916,5.1657,3.66422,2.52709,3.12317,6.07492
2.21799,2.98396,3.76329,1.87831,4.10431,3.28865,6.14592,2.76529,2.92827,3.80867
2.8853,4.07255,3.70683,2.38173,4.78554,2.94802,3.14843,6.71093,4.56469,3.69509
5.09451,2.65254,4.7366,1.05806,3.54389,3.15354,4.35471,4.79804,5.42173,3.59693
3.26607,5.54222,4.6119,3.6065,3.54272,5.33774,4.98248,4.15293,6.00976,3.46539
3.83737,3.78845,3.03984,4.46763,5.3306,4.25004,5.1196,3.54479,4.3136,3.3355
4.49331,3.82187,4.20853,5.25609,3.76662,3.29414,3.69224,3.49078,2.66662,3.85133
3.92256,3.10402,4.82183,4.18492,4.46821,3.48651,2.86506,3.09937,4.30638,6.019
4.452,3.97101,5.47869,4.1433,2.68347,4.22772,3.37741,4.47914,4.31138,3.66242
3.79639,3.85906,2.39355,3.76838,4.42197,4.6574,4.02786,2.85774,3.66836,3.55923
4.94777,3.15036,4.32157,4.53019,2.78942,4.75398,3.22577,4.17986,4.86212,3.81731
2.18605,4.35722,2.91682,4.21815,4.07696,2.72061,3.42966,3.56172,4.70421,2.92365
3.72328,4.29185,4.99678,4.71502,3.26052,2.50388,3.08912,4.47046,4.90272,4.90201
4.73543,4.6071,2.82417,4.16697,3.46552,2.21251,2.68262,3.30818,1.92865,2.61203
4.67945,3.25521,5.27068,5.0952,3.64411,3.39446,3.76406,3.76215,3.20496,5.57129
5.18874,2.73769,2.59237,5.23804,4.30505,4.922,4.59999,4.3302,3.23457,3.5864
4.80153,1.81572,5.99491,5.70279,3.31967,3.86673,4.21135,3.80184,3.36803,3.46724
2.42827,4.94654,4.63058,3.00852,4.77398,2.13161,3.13072,4.18609,4.35976,4.86145
4.68575,2.73064,3.72572,4.24312,3.80763,5.11783,6.16037,3.56581,3.55033,3.32527
3.33094,3.83622,3.89194,4.28961,3.38644,6.02161,3.84265,4.77722,4.09183,4.01756
4.40769,4.66439,3.65755,3.27182,3.04403,3.5136,4.5334,3.78478,3.67655,4.21134
2.39382,4.63574,5.03107,1.90193,4.30367,2.95255,4.46587,4.56959,5.69238,5.05328
5.14251,4.1502,3.63147,4.5448,4.33596,4.13879,3.99693,6.0717,2.00426,3.58916
6.09814,2.57245,2.21024,1.52033,5.09185,4.40234,3.32966,4.0691,4.90531,4.89627
3.45097,5.18336,2.62923,3.32857,4.49923,6.9653,1.89368,3.9261,3.69065,4.93511
3.77989,4.11753,4.1513,2.3057,3.71423,3.90472,4.27381,3.57401,4.88413,3.28016
3.3723,5.22697,3.34997,5.67365,3.75265,4.05366,3.26973,4.41925,3.21928,5.2901
3.48975,4.63734,3.8847,3.12796,4.32084,2.73769,3.64219,4.41607,2.03167,5.41036
2.62459,4.66516,5.42938,4.36256,5.08228,4.59248,3.96269,3.62494,6.04382,5.97376
5.93386,4.25518,2.83358,3.34219,3.88744,4.76652,5.55171,2.93857,2.8271,3.69368
4.84144,5.42636,2.74056,3.09846,2.42736,3.58815,3.56029,3.15211,4.30736,3.5261
3.35102,4.11667,1.60334,5.16348,3.78567,4.69917,4.11745,2.53708,3.9001,4.39243
3.68881,4.56641,3.86815,4.93018,2.72183,4.1526,4.56847,3.64708,4.11486,5.14414
3.84271,4.68788,4.08551,2.72786,4.89494,4.04078,2.39493,4.75364,5.27047,3.24837
3.44545,4.14333,2.30717,4.45096,3.91323,5.25882,3.24104,4.10718,3.6469,4.36891
2.25121,0.992247,4.86435,2.92299,5.30056,4.15586,4.32994,3.71765,4.69693,4.15825
5.29295,3.12393,4.41807,3.20739,4.47822,6.04963,3.37298,5.09603,3.27478,3.32427
3.70226,4.59419,4.96695,4.58246,3.54062,4.80595,5.56228,2.35601,4.38189,2.85854
1.79586,4.75104,3.63696,5.71431,4.68282,2.58235,5.68903,3.52106,5.59672,3.23231
3.50665,4.85773,2.40858,5.49195,5.315,5.47858,3.09742,4.11118,4.37928,3.22874
3.5037,3.41242,2.51512,5.46734,1.88411,3.80499,1.79269,5.54442,3.86994,2.71327
2.80806,4.49959,3.81058,4.84531,4.92443,4.20868,1.55585,4.28015,4.35354,4.036
5.30214,6.265,4.21065,3.90357,2.92169,4.12024,7.03855,6.32256,2.78282,5.55123
3.41289,3.84114,5.19244,1.82408,4.96166,4.56415,3.82156,5.37851,2.62715,4.77046
4.14147,4.58105,4.00717,5.24992,2.64971,3.14646,3.16565,5.29558,4.28845,3.51146
3.26884,5.82166,6.30462,2.81857,4.46275,5.21959,4.53788,3.28354,3.93952,4.23618
2.73101,2.71738,3.11839,4.87093,3.69698,3.23198,4.38911,4.65069,3.57502,2.9679
2.87777,4.53095,5.00196,3.15292,2.99434,4.10667,4.65292,3.64078,4.85759,3.28225
3.46119,3.60905,4.41608,6.46011,4.95838,3.7136,5.05755,3.80946,4.64053,6.35045
5.55543,0.843006,5.70354,4.28775,4.26199,1.7802,5.44817,3.62509,4.03908,2.03193
5.34868,4.65731,4.35407,3.92525,2.23397,2.96771,4.89389,3.93117,5.34506,4.91873
4.62081,5.93009,4.70404,4.67882,3.42772,3.14263,4.05144,2.78189,5.3903,3.00219
3.35731,3.93053,4.06051,3.4584,4.11862,4.65458,3.79974,3.39756,4.06393,2.68463
3.41875,4.1352,2.69117,3.23883,6.34477,4.81158,4.0563,4.22866,1.81323,4.64261
2.59896,4.56243,5.52806,3.45742,4.96251,2.73763,5.1646,4.82608,0.884138,3.12486
4.54204,3.68595,5.50351,3.47471,4.90616,3.90924,4.59599,4.21261,3.96001,4.11635
3.38579,2.79871,5.86529,3.49316,3.82782,4.40465,2.80152,3.83612,4.20065,3.27071
4.92581,5.69411,4.72225,4.16734,4.32836,4.41196,5.24895,3.56925,3.86138,2.93036
4.21456,4.11606,3.26431,2.86713,5.28938,3.58646,2.39329,3.47459,5.72984,4.08383
4.06933,5.55104,3.99248,4.55858,4.77735,4.75176,5.10011,5.4343,3.95256,5.50614
3.94885,5.3149,2.36139,1.76334,3.49849,4.84992,3.7873,3.13205,4.93517,3.53987
2.45629,2.06992,3.9493,3.91579,4.05977,3.85286,2.84619,3.19728,4.55936,5.8176
4.25857,3.75051,5.40087,3.86444,5.37285,3.04532,3.08225,4.8734,4.16325,3.6754
5.88175,2.79011,2.92662,4.00918,4.96307,3.17387,2.35748,3.83037,3.44516,3.06072
3.11717,3.33526,4.78051,2.55199,3.84877,5.47445,4.83778,3.96998,4.34046,5.09766
3.30067,4.42961,3.88681,1.75772,3.88077,3.27077,4.17529,5.9423,4.29961,3.51809
3.96775,4.99567,4.63925,3.6895,3.06588,5.00854,3.71183,3.58243,3.48446,4.22007
4.30931,4.12705,5.83744,3.49415,3.38843,3.63978,3.68806,4.55347,3.36642,4.0155
4.63807,3.92811,2.37214,4.83772,3.5669,3.93147,4.9685,4.91827,3.80151,3.73137
4.35434,2.42959,3.83926,5.52663,2.33344,4.59798,3.84842,2.6522,4.10549,4.53939
2.19191,3.01014,4.25001,3.8483,2.84949,4.76997,1.02813,4.58927,5.80901,3.45639
5.37747,3.98217,4.06127,4.79191,3.73541,2.97957,0.983324,3.69207,4.87487,2.7131
3.95908,3.50963,3.50746,2.25551,3.36253,4.9189,4.68875,4.42063,1.24647,3.84266
5.23019,3.40933,2.18114,5.45672,4.21044,3.25616,3.5135,3.21414,4.10435,5.42467
4.59201,5.36547,4.02351,3.2107,4.25666,1.57436,6.49399,3.80565,5.33972,5.80831
3.57325,5.10387,3.93686,2.74174,3.16746,3.66884,5.62167,2.68119,4.33023,6.49338
4.39107,5.1334,4.66964,3.48972,4.39649,4.18174,4.74262,4.41665,3.63374,3.75964
2.07224,4.75833,4.39822,3.79557,4.47001,4.24304,3.01161,2.86111,3.80433,4.68583
4.73908,3.60248,3.3591,3.98475,3.46739,4.0788,3.41109,3.26575,1.94801,3.91678
5.41435,3.45314,4.97299,3.08515,3.66493,3.01552,3.1236,6.60071,3.56149,5.40305
5.84073,3.52315,4.96671,5.33151,4.36876,3.03798,3.54657,3.83772,3.36773,4.8021
4.6345,3.59077,4.56453,4.37731,3.25862,4.32841,4.2613,4.12304,2.31002,5.64551
3.89571,3.03948,6.15547,4.27152,3.49418,5.30184,3.71738,4.60025,3.90712,4.80096
2.70437,3.94649,4.03563,3.69305,3.50019,5.0075,3.66336,3.84268,4.49324,3.48376
4.70301,3.88476,3.10793,4.8001,3.55032,4.36298,2.88038,3.8213,5.05856,3.03594
6.20402,2.85861,4.24237,4.78733,3.43949,3.42539,5.5464,4.68153,6.33669,4.28312
3.99965,4.08832,3.58302,3.6196,2.77601,5.30685,4.07966,3.37487,2.86516,3.89324
4.10322,4.0657,3.06056,3.18765,3.62133,4.73083,4.47938,2.79555,4.55016,4.60283
3.89538,5.24034,2.58588,3.47071,3.53533,5.17565,3.86192,4.76552,4.08649,2.73778
3.32496,3.20483,4.05952,2.15737,4.56162,3.7192,4.09648,4.98768,3.00007,3.73538
3.84646,4.65732,4.76882,3.56274,3.56505,5.6175,3.03012,4.44852,4.49713,3.03346
4.37607,4.2682,3.91725,4.826,3.62218,4.90514,3.72724,4.3587,3.87819,2.37913
3.44395,3.7151,5.86263,4.00517,4.84684,3.47336,2.26915,3.95237,4.19614,4.557
2.53016,3.73702,2.92761,6.1224,3.09921,3.3284,4.74705,4.75165,4.15564,4.06304
3.93823,3.72692,3.81647,4.30338,4.46524,5.42914,2.49549,4.29726,3.01217,3.85011
6.2636,4.09832,2.98482,3.33379,5.33678,4.81201,3.87983,3.04626,2.51689,3.94444
3.39146,2.95432,3.65068,4.0987,4.27561,4.94375,4.22076,3.28812,4.7158,4.66492
3.84829,4.26742,2.62595,4.68342,4.48995,4.70725,4.85939,3.37692,3.47305,4.40015
3.93042,5.14818,2.96318,2.84059,4.80513,2.19538,3.24613,2.4554,4.99341,2.95542
6.26171,6.89821,5.02864,3.628,4.27711,2.65774,1.05218,2.69896,4.00275,2.96545
3.05638,1.1133,6.09987,5.0317,5.22152,4.55143,4.79417,3.90616,4.44374,2.84326
3.33338,4.15652,3.68916,3.28038,3.22985,4.54956,5.14821,3.9033,4.03296,3.75026
2.63413,5.03348,4.76219,3.91432,3.50204,3.53533,3.16738,3.71291,1.9611,4.88656
2.68476,2.08715,4.15367,4.44126,1.55231,3.14356,4.02575,3.04456,5.14682,3.82785
4.42464,4.23184,3.53778,4.39762,3.62206,4.99031,5.12329,4.00877,4.70437,2.35103
4.10416,3.98138,3.37517,3.81841,1.59261,3.48878,4.34698,2.54209,2.30586,5.44876
3.53978,3.66609,5.15189,2.74492,4.38802,3.9467,4.1123,3.88635,3.32692,5.19244
5.33032,0.88955,4.08287,4.21619,3.18006,4.27867,3.51601,4.32326,4.56642,2.30029
4.03228,2.98057,2.89707,3.58161,6.02191,3.54379,5.44239,2.44772,4.51865,4.26205
3.87302,4.17055,3.37288,3.55801,4.66526,5.09789,2.03546,3.81705,4.78157,3.61428
5.97717,5.48586,3.46756,2.07821,3.60081,6.54262,2.9464,3.80266,1.70349,4.33277
4.86047,2.91508,2.82793,4.3092,4.87103,4.7034,4.39771,4.38978,4.53094,2.61427
4.11574,1.13642,2.51963,4.69969,4.69242,2.87683,5.04954,3.53851,3.2834,3.63691
3.01294,3.36714,5.34832,3.8714,3.3774,3.52856,4.66865,3.45668,3.71845,5.16304
3.93405,5.02266,2.45572,4.52016,4.75303,3.82183,3.64015,4.22486,4.42316,5.84212
4.12742,4.03761,3.13085,4.27466,4.76121,3.08171,4.32816,4.45664,3.85721,3.85751
3.52231,5.08835,3.52411,2.67948,4.87239,2.0761,5.54897,3.8046,4.65618,3.37874
4.47799,5.62468,5.20261,5.16265,6.34766,3.41908,2.73146,4.87087,3.95902,3.85803
3.13573,1.95624,4.4627,5.05986,3.32825,4.07478,4.00419,3.96998,4.30031,3.11723
4.48094,4.48324,4.4678,3.17802,3.59473,5.47287,3.10935,5.16986,4.69636,3.20531
5.558,3.97585,6.1099,4.45106,4.50533,4.69218,4.79338,3.9901,3.59983,4.52165
1.95361,2.67821,2.66969,5.46639,4.42889,3.73179,1.95433,3.59671,3.52061,3.83862
2.82184,5.90965,4.45841,3.46424,2.67455,5.58486,4.58399,2.50584,3.83298,5.25309
3.66386,5.23637,3.29528,2.71262,3.8032,4.57451,4.07748,3.25329,2.86127,2.93341
3.77483,4.27114,2.78452,2.96321,3.51291,4.91316,4.68501,2.38739,4.0489,4.07085
4.64004,4.61989,3.27145,5.26391,4.42435,5.94942,3.66493,3.79338,3.7801,3.406
3.29801,7.72702,3.40238,3.8271,3.70627,4.12891,3.30354,2.92042,5.12728,4.86949
4.72002,3.991,4.83364,1.84324,4.76268,3.30861,6.03134,4.78274,4.47111,3.96897
4.36477,4.9665,2.34602,4.04126,3.76442,2.84472,3.50414,3.57588,4.24691,2.43576
4.36571,1.63278,3.19443,2.62848,4.71179,4.93871,5.148,3.61158,4.94193,3.69682
4.28048,4.77406,4.17642,3.94727,1.82411,2.98906,3.90868,4.67741,2.93993,6.03643
3.24751,2.98146,3.9782,5.11914,2.74489,4.81001,6.20879,3.5657,4.62985,3.81022
3.01255,5.56028,2.81496,4.73324,2.62835,3.8001,5.69634,3.63021,4.38771,2.60624
4.31618,2.75644,4.68606,3.42449,4.72809,3.85799,2.75815,2.95432,2.95782,4.14102
4.26546,3.5641,4.65069,3.97736,3.6067,4.13182,3.19907,4.16005,3.59633,5.48658
2.84238,3.89912,4.71115,4.59194,4.80331,4.67556,4.07956,2.8215,3.01737,1.62253
3.19841,5.02553,5.79403,3.04103,2.22578,4.20133,2.91688,2.46322,4.02654,4.25849
5.90714,6.33928,3.76753,3.78308,3.26361,3.59984,3.86174,3.1391,3.41428,5.18772
4.92618,3.18406,4.37761,1.23094,4.14215,1.80902,4.42966,3.8543,3.37601,2.80193
4.82537,3.38991,2.90399,2.58675,3.51495,2.47084,4.1807,4.42338,4.58821,-0.322527
2.96668,3.82086,3.49526,3.19047,4.7382,4.81833,4.24888,3.94577,4.02684,3.77823
4.34216,3.55043,4.52182,4.65447,2.23123,2.3246,5.7103,4.74028,3.90803,5.16056
4.40683,4.60595,4.76478,1.76384,3.34366,4.23412,4.82049,5.47565,3.14558,4.01179
4.09078,4.80573,5.2075,4.44116,4.58162,3.87229,4.97242,5.73559,4.56724,5.18598
3.63464,3.20596,4.99756,5.35158,4.18296,4.2265,3.56399,2.45035,2.83918,3.96685
3.97964,2.97222,3.41734,4.4358,4.49958,5.14064,3.66127,2.61487,4.06899,4.61616
4.71563,2.82766,4.65287,3.45795,4.99393,2.7389,4.07825,4.34132,3.53896,4.25579
3.44368,4.60913,3.70149,3.02855,2.32439,5.41138,4.37252,5.62768,3.18085,3.48522
4.09263,4.29503,4.92296,4.43075,5.86056,6.35274,2.46944,3.1505,4.00216,4.19264
4.99486,4.22257,4.44235,6.27281,4.13346,5.7567,5.60597,5.29339,5.04169,3.87548
3.74322,5.26824,3.68092,4.64703,4.93306,2.11467,5.05071,4.81629,3.81819,4.36011
4.11797,4.59207,3.68774,4.4998,4.91363,5.68967,4.00353,3.51368,3.17157,4.0257
4.23631,4.21679,3.62452,5.43428,5.00642,3.33169,3.6951,4.07024,4.74913,3.26781
3.98521,5.47802,3.46919,4.84986,5.22805,4.35442,3.32757,3.82956,3.15961,5.02
5.44359,5.89318,4.17413,2.9875,3.15357,6.21622,5.43585,4.31062,3.98533,2.67326
1.92815,4.19012,3.83423,3.5985,4.22828,3.14881,3.89759,4.29026,4.84038,4.20675
4.07862,7.72297,4.29983,3.64572,3.75406,4.88448,6.82525,4.69855,5.98362,4.76759
5.26486,3.88141,4.63085,2.85286,5.7267,3.59475,5.61948,5.312,4.03848,4.53094
2.33684,4.50412,4.23748,1.88611,4.90792,4.30431,3.05941,4.35184,5.72844,4.56931
3.81535,4.40957,3.10462,4.52464,3.61347,5.25039,7.04144,3.60215,4.98084,3.69173
5.04223,4.8949,3.14629,3.50973,2.85343,6.01764,4.01784,4.27593,3.63956,3.1701
4.41391,3.12531,6.08694,4.22487,4.348,3.22503,3.61325,3.03954,1.934,3.18825
3.39289,4.41283,5.23761,4.82208,3.71019,5.36372,4.38758,2.90248,3.41025,5.43213
3.17729,6.13795,4.85921,4.40291,4.05601,4.11986,3.69463,3.37081,2.34108,3.88799
2.94655,4.33213,3.46903,4.50701,4.95985,5.11272,4.00542,4.89636,4.19298,4.83452
2.15555,5.09634,2.63149,6.14527,2.75011,5.01804,5.06623,3.96944,2.78652,3.93616
4.58425,4.21571,2.00115,4.02922,2.59978,3.43686,2.9809,5.235,4.46096,4.86098
2.35127,1.46489,2.91853,2.55782,4.99134,2.56212,3.33552,2.31692,3.9505,2.9502
5.36424,4.09962,5.66507,5.99985,3.915,4.8973,3.19298,4.79331,3.80324,5.27379
3.45141,4.20092,4.77058,3.93518,4.58129,3.31539,3.51295,1.81411,4.2457,4.82611
3.96213,4.71617,3.50577,3.95553,4.53977,2.47243,4.7141,3.09015,4.16572,4.19749
3.31584,4.67803,4.12895,3.61957,3.96358,4.30807,4.76653,3.86093,2.82558,2.85808
4.08606,4.24688,3.17272,5.3194,3.56504,3.59053,3.91155,5.19755,4.19828,4.85885
5.81531,2.8897,4.26797,2.62824,3.06216,4.16616,4.41615,5.13962,3.13969,6.08067
4.26123,4.4471,3.35177,5.53977,2.58812,2.03047,5.68528,3.28451,3.47861,4.73278
4.23948,3.82441,3.56096,4.18447,3.8334,5.24278,4.20502,2.86486,1.93434,3.80943
1.31537,5.0726,5.26256,3.93335,3.98697,4.5815,3.69504,3.83305,3.72872,3.63621
3.37941,2.82548,3.06788,3.76364,3.96497,5.09464,4.14518,2.9602,3.42529,3.2686
2.37364,3.20832,3.48667,6.22508,4.54931,3.73952,3.07033,3.89042,4.86633,4.55516
5.17261,4.52156,2.93154,2.80871,5.66134,2.92303,6.48604,3.23324,3.96061,3.73696
5.22726,3.88223,5.31631,6.19749,5.00717,5.47888,4.22356,3.29296,2.92261,5.12575
4.97426,3.43703,4.7054,4.89005,3.81335,3.32521,3.68508,4.43204,6.05012,4.09818
3.53394,3.82393,3.23706,4.15751,3.58836,4.25058,4.16014,4.40251,1.48045,3.79745
4.04868,3.89899,3.38823,4.4965,3.47728,2.5922,3.30962,3.55278,4.18077,4.26893
4.88864,3.1573,3.5617,2.3288,4.37276,5.77434,1.47794,3.34119,3.81343,5.57868
4.12979,2.05829,4.28531,4.51221,4.88235,2.45471,4.28615,5.11926,4.47392,3.4672
3.7086,2.78996,4.03278,4.54172,4.14071,4.62227,3.16315,3.64746,4.65743,3.86547
4.37622,2.41302,2.62099,5.40122,3.30684,4.38403,4.98872,2.92787,5.83529,5.27231
1.73869,5.56175,2.93382,3.17303,6.24568,2.19028,4.85394,3.45057,3.29163,3.71871
3.95975,2.86537,2.84287,2.73027,4.45359,5.29556,5.81066,3.36387,4.77797,3.4202
2.87636,3.40282,1.38782,6.05883,4.59985,4.3212,4.34785,3.65264,4.98126,4.09108
2.94829,4.21628,3.92123,6.32031,3.67987,5.29448,3.4436,3.13834,4.78884,3.95217
6.94605,5.2378,3.89157,2.68668,4.15978,2.36848,3.24318,4.04212,3.71594,4.27086
2.27952,1.13168,4.30839,4.70471,3.55865,5.01117,4.14919,5.15045,2.3149,4.59726
5.3075,2.4486,4.38252,3.97478,2.88824,4.40273,4.14115,5.48402,4.6906,4.4462
3.62929,3.10992,3.29653,4.78357,3.59467,3.8851,4.35465,4.0588,6.18513,4.81813
2.27997,5.20478,1.59797,4.04448,3.57524,3.60631,4.70368,3.36406,3.83016,4.11777
3.56481,5.53698,5.82245,3.41074,4.11484,3.12733,4.66932,3.79507,3.48242,3.94944
6.90196,3.11813,5.17181,3.58352,5.07709,2.78402,2.92262,2.39696,3.79421,4.97992
4.86406,3.64795,4.38995,4.8058,3.18516,4.47319,4.49414,3.36258,3.7452,5.04205
2.65565,3.0549,5.40643,3.06909,4.33307,5.08058,2.49607,3.31264,3.68278,3.72633
5.33131,3.66257,4.3369,5.40249,4.90285,3.30001,5.72497,3.81489,5.14609,3.34435
4.0679,4.10435,4.1427,4.5929,3.99519,4.01456,4.96464,4.59592,3.86089,5.80697
3.97155,5.31167,2.51128,3.10806,3.16123,3.77727,4.69966,3.86728,4.93474,4.59193
4.67985,4.50446,2.74405,3.55285,3.25217,3.69513,4.21565,4.88987,5.17733,5.72825
5.59677,2.78381,3.96703,3.90338,3.93498,4.08472,3.64767,3.17454,3.86071,3.49459
4.39351,3.57546,0.845896,3.53292,5.03245,0.868178,3.17306,5.79552,3.30011,3.76042
4.39039,2.53204,2.22658,5.63891,3.54833,3.82457,4.31864,4.45291,4.47667,2.89347
3.8345,3.76464,4.20495,3.17199,3.93786,4.19933,2.03738,3.76409,5.71067,4.92378
4.03078,4.74302,2.81003,4.3263,4.24425,4.21291,2.80645,4.58249,5.5448,3.13066
2.94594,4.82923,6.06603,5.59424,4.56766,4.01307,4.05425,4.20117,3.27931,2.79415
4.1589,4.42101,2.74708,3.57427,3.54901,5.06519,3.96479,2.32225,2.57225,4.17127
3.66768,4.48863,3.75501,4.18399,4.89738,3.11866,4.52571,5.44225,3.13132,2.53633
2.72715,4.87141,4.974,3.93974,3.51624,6.64392,4.10386,3.99215,4.50465,3.47133
3.55257,3.82612,4.21825,1.64113,3.65403,2.96092,3.18824,4.39282,3.0151,2.21824
3.71589,3.44676,3.03736,3.37425,5.29394,1.93351,3.89218,4.84192,4.05285,2.35299
3.74226,3.28067,3.92887,5.25655,3.32017,5.46469,3.86124,4.9789,2.69576,5.46395
4.03213,2.62861,3.82355,3.29977,4.5813,5.25951,1.79297,4.48152,4.11544,2.56273
4.11609,1.37973,5.55274,3.38533,3.60428,3.26455,5.55326,4.46821,5.21561,2.34281
6.34469,2.78859,5.33286,3.23324,2.51508,3.76801,3.35039,4.53084,5.66864,4.70575
5.46795,4.38713,3.11351,2.40434,3.37865,3.50753,4.35825,4.44324,3.03268,2.75073
2.63983,3.90622,4.5012,4.09729,4.7779,4.04202,4.60638,5.11811,4.06647,5.56249
2.51545,3.05674,4.88573,4.2886,4.54517,2.46617,5.81,4.12157,3.75635,3.89836
2.59377,4.58047,4.11498,4.18398,3.34955,3.72518,3.76412,3.3103,3.43215,3.44061
2.61575,4.47362,3.18081,3.05308,4.62589,3.89891,2.76788,3.73878,4.29724,4.75013
6.19339,2.54872,4.18746,4.71334,5.7356,3.11109,3.31656,2.98191,4.81326,3.96066
2.17323,3.16056,2.83561,4.86737,4.16137,5.79743,4.19297,4.91473,3.58871,2.58963
2.88623,5.18741,3.00306,5.27008,3.80988,3.67941,3.47789,4.61179,5.23922,3.1737
3.35096,4.64882,2.96521,4.72737,3.65789,4.9199,4.55122,3.40588,4.10568,4.51493
4.035,4.28171,4.41932,5.97171,3.36718,3.62857,2.76124,5.08482,3.34723,5.19675
2.66037,4.28474,4.3742,3.26934,4.39702,4.25615,3.32837,4.83371,3.93926,4.36514
5.11645,3.06495,4.86985,5.25332,3.18507,3.45724,3.53089,3.50079,4.66647,1.17481
4.93778,5.03574,4.06643,4.66439,4.62853,3.40019,6.03354,4.32317,5.84692,5.44757
2.97513,3.70658,5.58602,3.16047,3.2255,3.05935,3.64121,3.90082,4.38825,4.70808
6.27922,4.64474,3.90064,4.31142,5.47259,4.74491,4.07608,3.34702,3.99304,3.35995
3.15892,3.9213,2.40785,4.4431,1.96128,3.8815,3.58342,6.23295,5.96476,5.18652
3.9057,2.81764,5.2816,3.98348,5.23472,3.09678,3.98926,5.02257,5.20757,4.53393
4.474,3.10406,3.74375,3.90956,2.51794,4.01777,5.24895,4.97551,4.6563,3.5761
2.65608,3.24674,4.13439,5.28945,2.57577,4.62323,5.75023,4.9319,5.33708,4.13189
4.94709,3.11809,3.04607,3.36095,4.47744,3.09908,3.78403,3.02713,4.62648,2.7234
4.21404,3.15003,3.45599,3.05787,4.75824,5.85345,3.96576,3.84873,3.91184,4.66567
3.72868,4.44686,3.38922,4.52976,4.73519,3.3448,3.45093,6.06478,2.93425,3.97822
4.91229,3.43928,4.77632,2.24205,3.1253,5.87597,5.09839,2.79767,3.54162,3.10752
3.84603,4.73122,3.15673,6.69875,5.06787,2.96578,3.1952,6.22983,5.15894,4.29097
3.44791,2.94339,2.22997,3.00112,3.80635,3.83327,4.45941,3.41166,5.3123,4.4489
4.82412,4.54935,4.45335,3.68382,3.47629,4.60302,3.70241,4.29261,4.16478,3.902
3.90735,3.72867,4.64878,2.91909,5.36738,5.98832,4.70142,3.80245,4.86696,5.32375
5.56371,4.39809,4.21906,3.09483,3.28943,4.29125,2.99293,3.1399,4.89842,1.96499
2.78198,3.58536,4.04968,3.65025,4.55263,4.67795,5.16679,4.08001,4.41426,4.82618
3.44121,3.45008,3.41849,3.93813,3.07677,4.36776,4.50561,3.59584,4.40272,3.61232
3.45449,4.58988,4.69412,4.70996,3.16428,4.52464,3.02589,4.39097,3.66279,5.3487
5.12138,4.14075,4.09643,3.88365,4.57645,2.36237,4.41182,2.84084,4.88205,4.09125
3.20152,4.71933,4.47985,3.57722,4.77188,4.90082,4.80036,3.86633,3.08363,3.5582
5.06114,4.35352,4.82075,3.32117,3.17142,3.15004,4.48213,4.1857,4.14733,4.49991
6.67098,4.42686,3.93295,4.98888,5.16985,2.86603,2.63522,3.91865,3.28344,3.52695
5.03402,5.0771,3.54704,4.46634,5.68163,5.19147,3.78196,3.26635,3.4693,5.71088
5.06654,4.15014,1.54732,3.48559,2.59033,3.48,3.38255,3.88644,3.59525,2.40489
2.37785,5.89541,2.42001,3.13504,4.53739,4.71426,4.38988,4.36354,4.58797,5.2247
3.34011,4.68406,1.53382,4.02909,4.59431,5.55565,3.99942,5.59507,3.91624,4.6604
3.98264,3.68616,4.6951,6.27471,4.31307,3.24042,6.15702,1.89721,2.86099,4.23939
2.37335,2.63127,4.33653,4.245,4.0556,3.02119,4.99001,3.53022,3.40255,4.70908
4.02588,4.00363,3.01364,5.0388,4.5687,4.42018,2.23074,2.78253,2.90852,3.61732
4.55899,3.02988,3.34196,1.61314,4.87506,6.31215,3.31998,3.16749,3.2314,3.854
4.1675,5.56252,4.85567,4.50736,3.36328,3.634,4.612,4.7426,3.08832,3.35466
4.37056,5.81174,3.28057,5.04506,3.78138,3.24048,4.47652,3.49731,4.82971,4.97971
2.50161,2.57638,3.68421,1.86155,4.52308,5.07188,4.44727,5.38638,4.63863,3.76781
4.1807,3.14327,4.64391,2.45987,5.81785,4.60131,3.75983,4.68121,3.46732,5.27319
6.26449,4.52561,3.16188,1.82305,3.06316,4.17479,3.30728,5.08099,3.88519,4.51614
4.45758,6.42094,4.6491,4.85835,5.21218,4.67992,4.54742,3.5869,4.80407,2.63429
3.83009,4.80847,4.04716,2.50862,5.23539,5.85283,5.11293,5.47307,2.69885,3.86006
4.05792,5.00455,4.83669,4.76254,2.8135,3.395,2.35738,3.72723,4.02769,4.82373
3.44087,3.8314,4.63009,4.62427,3.13351,2.66658,5.48853,3.26776,2.85737,3.59795
4.1084,3.99067,3.02068,6.11183,5.00981,5.41985,2.98499,5.10467,4.96306,1.73323
4.29984,3.25876,5.38267,3.59848,4.41263,3.62725,2.90385,5.49281,5.55904,4.82811
4.45171,3.14309,3.73773,5.69211,3.62392,3.50664,3.11939,5.23976,3.71599,4.32435
3.55734,4.59535,3.74871,3.65416,4.11083,3.51341,3.96727,3.4112,2.99037,4.59311
3.06752,5.00755,3.00188,3.67001,3.47341,4.24519,4.96565,3.88278,5.51155,4.08611
4.94096,1.25625,3.74065,3.36487,2.29704,4.98936,3.78224,6.18059,4.10369,3.60275
4.73506,2.05226,4.1559,4.94576,5.54648,3.61688,1.88975,5.13788,3.00708,4.7266
1.93813,3.35676,4.12912,4.28294,2.84568,3.9274,4.87401,3.75848,4.33235,3.5343
5.29694,3.12554,6.70947,3.81111,3.58171,3.70897,3.27197,4.95867,3.98915,3.73865
2.02819,4.66285,1.91374,3.66068,4.38728,3.70419,2.36677,3.64547,3.72704,2.97645
6.12979,5.01448,3.64145,4.81389,3.92022,4.27065,5.94886,3.29412,5.1161,4.66749
4.37495,3.95063,2.48169,4.01624,6.10729,3.93974,5.60598,3.05219,6.35535,3.96044
4.83529,4.45372,3.67545,2.85771,4.5831,4.57076,2.34258,3.33517,3.27446,4.31435
4.34615,3.60848,4.7187,3.31214,5.15014,5.58647,5.36583,3.82891,4.44625,4.19086
4.51118,3.70526,4.15569,5.88144,3.88793,3.80701,2.45361,2.23933,6.16776,3.02317
4.20644,3.02981,4.87257,4.10435,3.67281,5.43906,4.04422,3.90101,3.63286,2.94261
3.57057,3.14698,2.85655,3.92005,6.22117,3.45118,4.05629,5.73263,4.33949,3.52749
3.65672,4.53627,2.92975,2.99061,2.76441,5.17328,5.15234,3.01586,5.45802,4.92007
4.55599,4.92623,2.49274,3.83377,3.22807,3.06019,4.93689,3.87304,2.77512,3.65759
6.26551,2.71541,4.08411,3.58309,2.10065,4.05113,5.09785,3.94923,4.03101,3.52367
4.97644,3.59744,4.82464,5.50082,5.83318,4.10974,4.11096,3.81954,5.71793,4.60408
2.03837,3.38234,2.12382,3.13679,5.75693,3.36245,3.33586,3.76333,4.29541,4.0686
3.83807,4.40182,2.89672,5.32609,3.33204,3.911,2.75264,6.50189,3.14073,4.87052
4.78123,5.09039,3.32911,2.39585,4.3964,5.18491,3.60036,4.02662,3.61673,1.59555
3.00862,0.931508,4.12398,4.284,5.20405,5.8313,4.30125,4.56683,5.63014,5.13895
3.26002,4.0333,1.75396,4.71048,5.29913,5.11107,5.20745,3.36088,4.36203,6.32404
3.40015,4.27223,3.72888,4.89497,4.71256,4.18798,4.85198,4.66571,3.78093,5.69087
3.43228,4.23518,4.02082,3.87295,3.03432,4.99088,4.58799,3.10294,4.16448,2.389
3.38528,4.3063,3.83202,2.66099,4.32716,2.16254,4.39427,2.48941,4.39898,4.99786
2.04254,5.61383,4.0831,3.17084,3.28519,3.201,3.71896,2.49144,3.82719,4.08123
4.10652,2.94824,3.9171,2.58734,3.71876,5.22447,3.11269,3.2527,5.45192,3.11579
2.30632,5.23484,5.20733,3.54434,3.87303,3.60127,4.92173,3.91265,4.55474,3.77019
4.9862,1.39131,3.3525,6.15556,4.38173,3.66564,4.12273,4.23238,3.45106,5.36153
3.83676,6.14877,4.00815,3.42979,3.83747,3.41162,4.25806,4.95906,4.17729,4.73986
4.74116,3.76783,4.62433,2.13271,3.09123,5.45124,4.45056,3.67063,4.42424,3.8321
6.27853,3.81895,4.61074,4.52906,3.93466,5.73059,4.69487,5.13194,5.32131,4.87915
3.06137,4.73517,5.10358,5.1064,3.86535,4.62696,4.12997,4.59326,4.7132,4.43502
3.54751,6.2466,4.55089,5.18801,3.32207,3.50732,4.05599,2.10079,3.89133,4.40184
3.93338,2.59645,5.42927,4.95463,3.18593,2.79273,4.85956,2.95168,2.72192,3.00726
3.40295,3.96783,4.63663,6.1395,2.98162,5.29542,3.09949,3.3808,4.67437,5.01192
3.39412,4.66658,3.58369,3.57395,2.5145,2.4414,3.62304,4.38931,4.28786,4.30803
1.79411,5.37157,4.78574,5.39367,2.20883,3.16373,3.72396,4.75721,4.21304,4.18695
4.02023,4.39059,2.93231,5.41683,4.64013,4.8617,5.4611,4.67816,5.15549,4.23669
3.96235,4.62221,3.3284,1.59629,5.58288,3.02647,3.99785,4.67611,5.08528,2.60452
5.42966,4.15756,3.62773,4.36327,5.05714,3.58965,4.45483,5.15967,4.73016,3.16984
4.86816,3.35832,4.50791,5.09316,3.14961,3.47722,3.60155,5.4841,5.4894,2.33277
3.19327,3.23268,4.39698,3.71735,3.93718,2.47712,6.30867,3.68792,4.53511,3.68756
1.47672,5.6498,3.7749,3.0359,5.01685,4.35312,4.29786,3.30413,5.27953,4.18124
4.23929,5.91284,3.76966,2.94168,6.22097,4.153,2.10518,2.64377,2.9916,1.58831
3.74275,4.2272,2.16818,2.64766,3.6012,3.55252,4.55542,3.91667,2.92201,5.06626
3.93661,2.27918,3.28556,5.00164,2.72357,3.87216,4.18403,4.32801,4.05568,2.81911
4.63626,6.29571,1.60818,3.73705,4.02932,2.81352,3.56628,5.84594,4.68804,3.97112
4.6332,3.98874,4.08362,5.17528,3.82691,4.59187,4.51334,4.56143,2.54757,3.89998
3.43112,3.99681,5.29183,5.29904,2.64026,3.97305,3.51631,5.45824,2.64826,3.99913
3.01094,4.34778,6.21841,5.10335,2.8324,3.7846,4.09086,4.42807,2.78093,5.59743
5.49358,2.91599,3.41746,4.46712,4.44491,4.98594,3.15648,2.91436,3.80873,3.71936
2.29802,4.12789,5.6481,3.26463,5.21346,6.88274,5.16156,4.1274,3.01,5.27216
3.13461,3.59897,5.71387,4.36257,2.45331,4.42798,4.89179,2.90876,4.21802,3.33941
4.63069,5.65515,4.41531,3.21877,2.71462,4.17908,5.51032,4.01826,3.2697,4.11779
4.40122,2.00527,6.06984,5.27659,3.7882,3.82172,4.17923,4.40969,3.8079,4.97761
4.92878,3.01356,3.85313,4.23092,4.40883,5.32094,3.93476,2.11753,3.28343,4.34491
3.34244,3.73772,4.37485,4.47683,4.73147,5.00277,4.83593,4.14363,3.50495,2.29218
4.10209,5.62949,2.50736,3.69362,3.38231,3.97907,3.03266,4.24995,3.64305,3.8579
4.70596,5.25727,3.22681,5.50343,2.69582,4.72095,4.11608,4.39628,5.32594,4.21002
4.62475,3.0001,4.32769,3.12589,6.41444,3.56396,3.09371,3.89759,4.13869,3.64953
5.52246,5.32775,4.33972,4.12807,2.77778,3.4411,2.63739,4.25541,4.13198,4.26959
2.74989,1.77993,2.76518,3.03304,4.258,3.84207,4.45408,3.86943,3.76327,4.70018
4.85199,4.61534,3.82671,3.50463,4.22389,3.90929,4.81052,3.31801,4.80565,4.57484
3.32168,4.64263,4.73162,3.83615,4.4357,6.19598,3.07904,4.49326,4.8535,3.99844
2.22408,4.89899,3.78178,4.0665,4.90532,4.67343,3.61525,4.19764,3.66264,2.60697
3.75575,5.12011,1.84142,3.41384,3.26778,4.90166,3.03906,3.96411,5.47506,3.30702
3.65661,3.54574,3.15341,2.44418,4.64071,4.58914,5.0441,2.96138,4.64555,4.68303
3.56601,3.89688,2.43964,4.22938,4.35102,2.48797,4.81113,5.92623,2.96689,3.3662
3.27713,3.52154,4.57604,2.41611,6.18172,3.60279,4.34591,5.03529,3.23554,4.43129
4.42742,5.51184,3.31657,3.64603,3.98895,5.41268,4.50409,4.66573,4.02199,4.6235
4.6577,4.43739,4.04566,4.446,4.72653,3.23284,4.44704,2.13678,5.2059,2.412
4.31137,3.79653,5.94887,4.18537,4.15319,3.07004,3.52222,4.07118,3.33598,4.60891
4.41128,4.52284,2.92681,4.29054,3.13368,3.23761,4.5713,4.61229,2.94075,3.81707
5.39985,2.87876,1.49926,3.63926,3.91802,5.7461,3.20938,3.23569,4.05948,5.04605
4.10259,2.47665,4.66647,4.05367,3.93854,5.98311,4.47919,5.45355,3.05765,3.77386
4.14234,3.97079,3.29419,5.21681,2.24101,3.25234,3.97704,5.06894,4.54476,4.16044
3.83355,5.43308,2.72818,3.61642,4.83895,3.84015,3.86422,4.48302,2.66614,4.54674
4.16174,4.55107,4.22701,5.07197,3.37901,3.34111,4.88047,4.35312,2.80184,2.31638
4.92967,3.77377,3.37408,3.37939,2.97502,3.18794,3.23172,3.95914,5.75797,5.80677
4.47467,3.66612,2.1689,2.45434,2.45467,3.96246,3.44208,4.16343,5.53081,4.39014
3.52582,4.83663,2.89483,2.12026,3.30047,4.57048,6.05842,3.82202,3.79711,3.56732
5.9107,3.84201,4.80546,5.75629,5.2644,4.15587,4.45042,4.06891,3.52781,4.93421
4.32366,4.62951,6.00702,4.08902,4.53891,2.411,4.04496,3.71008,5.70188,4.99479
5.60363,4.82985,3.10419,3.80674,4.10447,2.73693,4.20596,3.85463,3.6319,2.88976
4.31531,1.62389,3.46243,3.26457,5.85338,2.90899,3.88957,3.17636,4.41095,5.35436
4.40943,2.40587,3.93332,3.52436,4.451,3.66411,3.23261,4.4169,3.00477,4.14203
2.63432,3.93828,4.24435,3.0776,3.92111,3.81464,2.7334,2.32963,2.60805,2.02387
3.88904,3.73097,2.98891,4.03874,2.36295,4.65265,3.44111,3.43342,4.67831,4.07465
4.90084,2.30273,4.272,4.35971,2.33466,5.85086,4.58932,2.35292,2.2028,2.88356
3.43719,5.65752,4.61362,4.10026,3.41024,2.623,6.63586,1.71504,3.99793,5.89999
3.97712,4.50006,5.66505,3.24172,5.67572,3.80811,4.32884,5.4101,4.02858,4.75962
3.3604,4.57419,3.4335,3.84552,3.2634,3.39472,3.23054,4.10327,2.8056,1.88235
3.53763,3.43181,3.42348,4.50392,4.59885,3.37477,3.92746,3.64833,4.46781,3.98053
4.16446,4.67813,3.43418,3.26371,4.90403,3.16406,3.75299,3.81655,4.39974,5.97863
5.08059,2.96843,3.84344,3.21536,3.65509,5.27298,2.81371,3.24172,5.22686,5.21102
4.62554,5.65712,5.13565,4.63466,4.28757,2.83604,2.66102,3.51696,4.3135,3.93268
5.23007,2.34745,4.4562,3.13182,3.84289,3.14711,3.81288,3.38039,4.67661,4.02667
4.25051,4.08868,4.37638,3.40272,4.35636,4.23325,4.73763,3.33263,3.87854,4.66531
5.45388,2.43499,5.48904,2.36919,2.14751,3.77696,4.44063,5.6212,3.70279,3.46494
3.03369,1.42957,3.55479,5.26406,3.50577,4.29471,4.4658,2.17215,5.72754,4.72483
2.80282,2.76673,4.90953,3.43138,4.45646,4.7675,4.19628,3.81914,4.64609,3.19547
3.54115,1.63611,3.60699,2.45155,5.45038,4.35056,3.30699,4.6185,4.25431,5.18676
3.02491,4.66617,4.29244,3.00096,5.69036,5.33614,3.51958,4.60168,3.85176,1.75796
3.71388,4.50804,2.88499,3.98216,3.24147,4.11635,5.56316,3.91527,3.23922,3.23162
5.57174,3.47732,3.62232,3.88647,3.81363,5.09292,3.45077,3.71606,4.45214,4.58273
5.26166,2.32785,2.95029,4.8851,3.40745,5.22265,3.57079,4.62413,2.3182,3.95125
2.28026,1.23451,4.85146,3.26906,4.25273,4.4879,4.16348,3.08355,3.7502,4.07442
4.88303,3.80528,4.43363,3.62748,3.18501,2.94265,4.4404,5.24749,3.11261,3.44691
4.2863,3.74941,3.80463,4.93035,2.79382,3.52456,2.7312,5.31511,1.71745,4.13248
4.59876,3.93117,4.44555,2.62313,2.26744,3.00715,3.27872,5.33398,6.1189,1.7377
2.04505,3.06839,5.05781,4.18246,3.6727,5.61735,4.43466,4.68924,4.82163,4.46714
3.17432,5.3232,3.33736,4.87491,4.42668,5.8797,5.62569,3.23485,4.66423,5.58606
2.38196,2.42179,3.74014,3.81742,4.76787,3.20023,3.2286,4.73127,4.8179,3.04652
2.52606,4.16597,4.7352,4.32055,3.50697,3.95287,4.6334,4.31967,1.63538,4.74191
4.42927,4.56516,3.23721,5.16931,3.29725,5.25993,4.46361,3.11248,3.07443,5.9606
3.40495,5.51003,2.56492,5.06643,2.58266,4.40321,4.01534,3.49682,2.66411,3.47442
3.27528,2.89943,4.26875,4.74773,3.50103,3.31822,2.4825,3.32455,4.47977,4.82979
3.10531,3.50524,4.17245,3.99911,3.11797,3.95447,3.91158,5.16165,4.00647,3.75313
3.9909,4.49631,2.49364,4.74895,4.88086,4.67094,5.49367,2.99016,6.694,4.58788
3.5441,4.89472,5.43509,5.13567,2.67811,4.41123,2.20882,3.63532,4.50147,3.38138
4.38255,1.92305,5.48194,4.64679,4.8481,3.78399,3.29624,5.18993,5.80475,4.94402
3.52904,6.20622,3.08168,4.51627,5.69483,4.9165,4.94611,5.84406,2.99565,2.30712
5.2236,2.82341,5.40754,3.94202,5.11668,2.8729,4.5328,4.2489,4.48229,5.62667
5.22449,4.05237,3.32686,3.33807,5.53115,5.88521,3.50684,3.36872,5.88408,3.74892
1.7751,3.11629,3.05532,2.52058,5.21008,3.45592,5.87017,5.15495,3.46097,4.06146
5.54614,5.12377,5.70921,5.11103,5.45488,4.47178,3.32677,4.27883,4.36449,4.75669
3.66293,2.60681,4.14666,3.8337,1.51674,3.63572,3.36119,2.90861,1.6055,5.11509
3.91967,4.88539,5.2479,3.50801,4.38264,5.42117,3.04001,2.91895,3.9625,3.74518
4.13875,3.44642,4.1555,4.55572,3.15221,5.16318,3.14924,4.73932,3.19231,2.5702
4.78661,4.43644,1.94787,4.14484,5.11974,3.37284,5.1248,4.84373,3.72583,4.19315
4.12231,2.42319,3.18951,4.72344,4.80444,4.41208,4.84178,3.63377,4.38735,6.10972
4.93897,3.90758,5.53754,2.69472,3.56264,3.33037,2.28303,4.28499,3.51366,4.44791
2.56316,3.41021,2.47419,4.67359,4.81436,5.23691,3.62364,3.87889,1.28174,4.32663
2.49816,5.58557,2.14896,2.44266,5.55091,3.92414,3.79119,5.13118,5.83208,3.29987
3.98313,3.79263,5.08569,4.02403,3.80521,4.82457,2.94176,3.55874,3.21382,2.25032
1.51841,4.66236,2.4477,3.64347,4.64125,5.41603,2.22713,3.49361,5.74603,3.97233
4.09082,3.46603,3.55284,4.64722,4.72989,3.91334,4.49641,4.47098,2.76297,5.59125
6.25863,3.86298,3.68474,3.36569,2.83983,4.42251,4.50172,3.67236,4.8569,3.94281
4.65414,5.30623,4.15101,2.95775,2.80719,5.88887,2.51177,4.96661,4.60974,3.94293
5.92157,3.26949,3.49714,4.00993,3.25381,3.61878,3.29525,2.50852,4.27678,4.4389
3.27984,4.03579,3.18684,4.85246,2.17112,5.16657,3.21583,3.87147,3.48959,4.9976
1.94904,4.28147,3.50952,4.10234,3.65136,3.10879,3.80988,5.57865,6.68569,5.65597
6.00073,4.45636,4.90543,3.27649,2.79465,3.45843,5.08964,5.49632,4.70968,5.28675
3.84399,3.78371,6.0964,2.44244,4.76054,6.0414,4.73014,2.93962,3.26181,5.00826
5.76002,5.61213,4.44891,3.00811,3.37924,5.00831,3.48786,2.39457,3.72822,4.20228
2.75453,4.66898,4.36818,4.19306,2.22861,4.64623,3.72251,2.60512,3.85727,4.43939
4.4114,3.30626,5.55005,3.93566,3.20048,4.61176,5.15136,3.63492,5.80414,4.68956
4.4269,5.22873,4.72866,3.39809,5.09913,1.83829,5.38057,3.88616,5.36077,2.23653
2.73787,4.75223,5.1592,3.00086,3.28223,3.12037,3.05099,2.7584,5.96816,4.07256
4.02016,3.39181,3.10449,3.98247,2.45068,3.48058,3.63137,4.95383,4.4594,1.64958
6.32818,4.12905,5.22969,4.07052,3.93674,3.6283,4.28123,3.30811,4.38474,3.73839
