10
5.01576,4.75138,4.61762,3.77357,3.8268,6.50665,4.17102,3.42423,3.66543,2.1743
6.30666,3.01995,5.0245,3.54225,3.7095,4.05073,6.08273,2.93522,4.50694,3.49275
4.41398,5.27216,5.55755,3.22774,2.52846,4.90402,3.72838,4.73667,4.07543,3.49447
4.29944,3.50134,3.85889,3.05384,3.03575,5.90452,3.98173,5.51411,4.27397,4.55128
6.50169,2.84849,2.55843,3.70367,3.19192,4.87858,4.45588,4.26497,2.04478,4.81895
3.54935,3.43247,4.0773,4.2116,6.15746,4.87238,2.50501,4.30269,3.18841,3.80671
3.88233,4.44793,3.29224,4.33633,3.7365,4.43391,3.6492,3.45123,4.86799,5.45066
3.51652,3.40117,5.04361,4.35309,6.31707,3.22116,4.40083,3.22857,5.2201,3.96237
4.25709,4.82636,2.90348,4.29268,5.18013,3.71002,2.85204,3.97648,3.86182,4.61685
4.40922,5.41588,4.32997,5.30157,3.56508,4.19594,4.80286,4.76004,4.06362,3.33914
4.419,3.91077,3.74855,3.74232,3.7,4.07376,2.06664,2.95075,4.23242,3.15694
3.37439,1.5816,2.69013,3.25679,3.32187,3.62236,3.91083,4.54794,5.45764,3.89907
2.91268,4.33471,3.81,4.17155,4.77354,4.06622,3.54162,5.08553,3.7457,5.30115
4.42731,4.07953,4.99952,3.04186,5.22099,4.95489,5.88168,4.23154,1.85703,2.44263
4.2672,3.65931,3.44703,4.95055,4.68146,3.70351,4.12887,4.70753,4.97006,3.80993
2.22978,2.92093,3.508,4.14826,3.01675,5.41647,3.88508,3.13614,3.32713,4.79212
2.61915,2.97374,4.73972,4.4433,4.5722,4.64995,3.78814,2.86348,3.28455,1.91084
2.92802,4.06817,2.80216,3.80676,4.66931,3.71373,4.78513,5.37285,7.05725,4.62698
4.11779,3.05826,3.95391,3.04029,4.41689,3.33167,4.01544,5.39374,3.50316,4.7334
3.18132,2.57417,5.08988,4.47394,2.87401,1.68514,3.01277,2.89298,3.88517,3.89827
3.88236,5.63486,3.19831,4.17575,3.80031,4.03663,3.23455,3.86158,5.04302,4.55157
3.73941,4.75391,3.62787,5.46016,3.09464,2.09825,2.72587,4.19584,3.48878,5.68213
3.75004,6.14732,2.07129,5.46758,4.61062,4.34448,5.40979,4.90446,3.89723,3.61379
3.68336,4.83826,2.82351,4.21664,3.26805,4.70111,5.64559,4.80941,2.57504,4.79231
2.54675,4.33793,4.9431,3.07672,2.39089,3.40641,2.87041,1.94207,2.98233,5.39368
4.16431,4.7839,4.01085,4.03437,3.52869,4.70787,4.57654,5.52828,5.39145,3.78283
4.95124,5.06639,4.16482,4.83966,5.61909,5.84685,4.72855,2.04829,2.55825,4.79
3.78309,3.31565,5.52246,3.58596,3.89846,5.62022,6.38308,3.52761,4.24608,4.20641
4.52392,4.98912,2.48134,4.73617,4.03335,2.87152,4.83168,3.93671,4.76372,3.21727
4.97384,3.18626,2.50192,2.05225,5.59316,3.71672,4.58186,5.2864,5.2642,4.51273
3.93918,4.28132,2.2518,3.02866,3.25743,3.15545,5.68255,4.06306,3.98088,5.73637
2.49215,3.99899,3.77199,5.76724,3.81681,5.67917,4.87341,4.92436,2.51677,3.24397
5.30667,3.77823,2.96573,2.02338,4.24394,3.58514,3.77427,6.16891,4.6603,5.3273
3.93441,3.66945,3.98992,4.28515,4.74119,3.35812,3.81546,4.14409,5.50781,4.42361
4.71898,2.29263,1.98393,2.49873,4.20048,3.29303,3.33882,5.01635,4.90752,4.18043
4.86395,3.824,5.04639,4.74418,5.08947,4.35368,3.23803,4.09012,5.22886,3.69389
5.83712,5.59639,4.92627,4.53816,6.10566,5.05516,3.45437,3.41072,5.01972,4.21133
3.67975,3.51172,3.66146,3.86801,4.63291,3.75927,5.34234,3.17225,3.15431,4.18878
4.02632,2.7046,2.3931,4.26555,2.41044,2.38839,2.89725,3.66776,3.24828,3.73233
4.95195,3.24642,3.31819,4.87077,4.37268,3.75791,4.67801,4.99355,2.45402,3.26616
4.4123,3.83607,4.37673,2.15007,3.38865,3.87932,3.81854,4.43095,2.62387,4.82021
5.81856,4.0231,3.86911,2.2176,4.39569,4.31269,4.75318,3.81983,2.44263,4.29597
2.4019,4.69075,3.67196,4.52869,4.62268,5.1792,3.21379,5.00409,3.97214,4.27266
4.20245,3.42603,3.57278,3.80381,2.88951,5.44647,4.75598,3.60103,3.76161,4.53169
3.8744,5.49329,3.19152,4.96755,1.86638,4.84745,3.07391,2.82587,2.25024,2.79857
3.68328,3.57517,3.6889,5.30614,3.9211,3.99663,5.37246,2.16527,3.54248,5.79943
3.46381,2.86626,3.25254,3.62885,3.7631,3.95946,1.94523,4.47192,5.23529,3.27453
5.79923,4.25592,3.35295,4.64723,5.52732,5.40963,4.05017,5.5999,4.59774,4.51841
3.74893,5.85618,5.59191,5.42354,4.62137,3.54084,3.8316,6.7681,5.80507,4.3739
4.65619,4.60711,5.30054,4.04857,4.04704,4.76658,3.56464,4.33729,4.73382,4.65258
2.98839,2.8063,2.69229,3.25145,2.95837,3.64828,3.97581,3.65597,4.45197,5.12934
5.8556,3.78877,5.6304,3.12166,4.92207,4.55797,3.93107,2.4456,4.53818,3.84808
3.74129,4.37509,4.474,3.93725,4.09876,3.82231,1.90332,5.40275,3.31481,4.84888
3.13773,5.36649,4.17951,5.06342,5.01073,4.71796,1.6612,1.87959,5.15157,3.70698
3.06647,3.50479,4.68635,3.61236,3.26764,4.96086,4.44821,4.2539,5.2321,5.26525
4.78513,4.18297,4.19545,5.73202,4.3791,5.42347,4.22952,2.33738,5.77404,4.60339
4.42196,3.88674,3.88398,4.92291,2.95438,2.80882,4.17163,4.02241,3.22028,4.7578
5.01231,4.26749,4.1582,2.60008,5.28159,4.66036,2.37266,3.67565,3.45889,2.94554
4.45221,2.98914,2.89643,4.3713,4.48351,3.96147,3.6391,4.38302,5.01627,4.2007
3.87964,3.56028,3.10707,3.40003,4.11753,3.2625,4.72472,3.09886,4.2365,3.32493
3.79657,2.94284,4.0249,2.41033,5.43929,5.18374,3.28793,4.86842,4.14147,5.64526
4.03036,4.44342,4.67436,2.58224,2.71281,5.71287,5.37489,3.72601,3.88227,4.44855
4.19619,3.67868,2.69907,2.26887,2.74713,2.99311,3.80247,3.53914,4.34974,4.50861
4.69316,4.07586,4.34418,5.32562,5.28064,1.96956,3.65141,3.29172,5.40011,4.29616
3.83753,3.46506,3.95456,2.63029,3.40802,5.2814,3.46364,3.9132,4.76732,2.5598
4.25685,3.26863,3.37753,5.21413,3.86039,2.26859,4.56297,4.9235,3.39893,5.58779
3.85711,4.18901,3.66834,4.35802,5.18621,4.63895,3.61146,2.70889,4.2849,4.61557
7.70818,4.22852,5.90728,3.78839,5.04418,3.73865,3.47898,4.25332,4.03539,4.48773
5.30142,4.13448,2.74916,4.93236,4.43305,2.91872,4.44527,4.60377,4.03876,3.4017
4.48971,2.79028,5.13341,4.77688,5.02384,5.4114,2.45229,3.04072,5.48348,3.93268
2.93184,3.09907,3.45445,5.417,2.93373,3.89796,3.16109,5.47262,5.34655,1.93003
3.83109,5.86428,5.26072,3.62303,2.8588,3.15345,2.80966,1.62776,5.03379,3.958
2.78799,5.09543,5.67412,3.54142,3.67405,3.99363,4.62487,2.79641,3.43601,3.55195
4.15889,2.42177,3.86932,4.55798,2.44608,3.49684,4.58812,3.07967,0.589719,3.092
4.84467,4.74337,4.88857,3.21725,3.95639,4.88574,2.45488,5.15849,2.32201,5.17836
3.187,4.13317,4.36318,4.43149,2.33507,4.30753,5.02482,3.44194,5.18219,3.40548
3.20808,4.16577,2.00875,3.74691,2.54463,3.58069,4.06409,1.79873,4.37837,0.342809
3.86524,5.10016,2.5025,5.29501,3.50789,2.47971,3.32723,3.65587,5.2325,2.81171
2.94448,3.46257,4.79459,3.71349,4.79261,3.89346,3.99139,3.90297,5.89993,3.24472
4.70394,4.76896,3.14962,5.14045,2.58546,5.14213,5.05151,4.1291,4.27398,3.67122
3.27843,4.33698,5.83597,5.8754,3.24971,4.14169,3.46866,2.47842,4.38876,3.48047
3.87911,4.2297,2.33641,3.81624,6.09408,5.58491,3.12015,6.34148,4.41973,2.12282
3.15454,4.26434,4.34171,5.7863,3.0318,5.80214,3.6924,4.94804,3.57847,5.26803
4.27095,4.39293,3.08574,2.98768,4.0939,3.83774,3.00125,4.03498,5.38968,4.13345
5.05369,2.6972,4.5004,3.995,2.52808,4.15782,2.12727,4.59146,4.85085,5.42524
5.06571,3.24893,5.00479,2.65319,4.36956,4.31174,3.70521,4.71863,3.75525,4.80383
4.73878,4.16726,4.78469,3.57203,3.60243,3.96205,4.45375,3.64639,4.32888,3.06244
3.87617,3.13715,4.20144,5.66951,3.53814,3.7507,3.50647,4.46982,3.05096,2.98107
4.04134,2.86302,4.31079,5.0576,3.78886,2.13798,3.7841,2.83578,4.62326,2.4486
4.00045,3.17489,4.03678,4.63276,3.15252,4.64759,2.91097,2.29429,3.78556,3.74893
4.10408,4.78713,2.78924,4.43733,4.62594,3.98233,4.39068,5.70075,3.09229,3.52492
3.1861,5.6901,2.46133,4.82429,3.96129,3.40718,4.59686,3.76299,1.89084,2.63582
4.9779,5.04216,3.61614,4.53257,4.454,4.47736,2.70975,2.80811,3.08832,2.69492
4.26161,3.75132,3.60645,4.25839,3.65816,1.59386,3.16844,3.50195,4.76357,3.68303
4.16843,3.88892,5.74085,4.1336,4.47904,4.02034,5.29885,3.78695,1.65266,2.99323
4.60573,3.46335,4.89298,4.79043,2.72776,3.88325,4.10026,5.62505,3.61265,3.48352
3.27068,4.33433,5.70315,6.76082,4.1266,2.14333,4.41293,4.13586,3.74983,5.71982
3.82393,3.3781,4.08376,3.92901,3.94706,2.90361,4.79391,1.80423,3.79034,3.3348
4.36699,2.2234,5.76648,3.56332,3.60682,2.81532,3.87474,2.44184,2.51717,3.92865
3.51706,5.45078,3.68667,4.2224,3.61355,4.1394,5.60199,4.48229,4.20212,4.03631
4.85972,3.50172,4.26757,4.64885,4.90056,1.77994,3.68712,4.65044,2.97404,2.73655
2.65742,2.62075,3.78408,2.19579,4.99476,4.89317,3.98458,2.2584,5.49282,5.45356
3.83795,4.84451,3.54613,4.05014,4.66073,4.53169,3.53747,4.2045,2.58971,3.62924
3.67336,6.45298,3.41364,4.32546,5.68824,3.31553,2.43341,3.19657,3.6746,2.88587
4.74673,4.57059,5.48356,4.73691,4.64128,4.92934,3.90139,3.61973,4.52092,3.40323
3.95216,4.45648,4.31063,4.38326,3.76155,1.42624,2.30974,3.35384,3.26849,4.72771
2.29889,4.55227,4.41102,4.97905,5.12363,4.81926,3.23648,1.30218,3.2585,2.24798
4.46995,5.18939,4.71883,4.84204,4.94839,3.00477,4.3117,3.34042,4.78239,3.5867
5.97899,5.34393,5.56977,3.54091,1.89867,2.71129,5.59585,5.24749,1.71173,1.93815
4.77119,5.05904,4.42628,4.26319,1.70132,5.80837,4.07065,3.11856,2.13431,6.19082
0.962942,3.99207,3.42173,2.1634,4.20988,3.58941,4.63077,4.19066,3.98685,5.24539
2.42957,4.57859,2.31053,3.97426,4.1844,3.27923,2.86479,6.61603,3.25321,2.35787
4.81808,3.62281,1.53366,3.03297,4.94643,5.01155,3.34013,5.14052,3.74572,3.87784
4.19012,3.59728,3.70559,2.54857,0.497004,3.60043,4.06911,4.60559,4.10414,3.78601
3.82116,4.00989,3.63375,4.52354,5.31627,4.73491,3.38765,3.49398,4.21097,1.42165
3.7364,4.10628,5.30078,5.20994,4.6181,4.46547,1.88757,3.74709,3.73331,3.23139
5.18563,4.30677,3.1113,4.90048,2.30524,4.00976,3.99853,3.30419,2.54807,2.91694
3.04367,3.78314,3.873,3.82894,3.14441,2.6344,4.05207,6.34445,3.24488,4.68339
5.03687,4.9326,2.81347,3.85049,3.87219,3.01412,5.69908,4.21356,5.20577,5.30011
3.17289,2.16714,3.6587,4.92771,3.69414,3.9343,3.51164,5.03725,4.20048,1.75449
2.03446,3.62559,5.83215,3.78749,4.98307,4.6709,4.97394,5.58617,5.96553,3.3525
4.16157,4.14114,5.94672,2.78591,3.01802,3.93286,3.65191,2.93882,5.0904,3.13883
4.12677,5.29167,4.6041,1.71717,7.0387,3.21985,5.29949,3.97603,3.56944,4.79538
4.62958,4.44817,3.67361,2.84432,3.95393,3.53146,4.62438,4.29646,4.01726,5.62641
4.29964,5.24188,4.66964,5.05123,5.31556,4.63522,3.62956,4.50092,3.07645,4.29021
5.06667,3.81835,3.79135,4.67997,3.18454,4.88199,3.49619,4.19428,4.61809,2.89785
3.89125,3.64328,4.06238,2.92012,4.26429,4.01189,3.08363,1.98816,4.2099,5.39563
4.29442,3.42586,4.43649,3.8558,3.60319,4.00184,4.63491,4.09447,3.89128,3.42612
3.02987,3.18123,4.91289,3.72919,3.63136,4.24593,4.3973,1.03634,1.90056,3.76301
3.904,5.51427,3.34079,4.09181,3.92917,4.32305,2.9633,4.45416,3.52233,3.54071
3.33449,4.86199,3.93143,4.8705,3.94983,2.84836,4.60329,5.55865,5.49054,4.3785
4.80029,4.64417,4.79793,4.35637,4.36747,3.53447,2.92618,5.03453,3.88865,4.06847
4.77097,3.6841,4.41682,4.07612,4.68738,3.44786,3.68279,2.57416,4.21009,5.23917
4.32214,4.63595,4.30245,4.15349,2.61647,4.13357,3.99465,3.64189,4.42323,5.75518
4.43221,4.47173,4.72115,2.06697,5.14413,4.69062,3.38267,4.11921,5.00373,2.4804
4.64915,2.79962,3.82796,3.83331,2.79846,2.79844,5.06595,5.09374,4.43409,3.03949
3.00381,4.71908,4.35419,1.74117,4.75546,2.11337,4.27861,4.21751,3.45265,3.6764
6.02797,2.30369,2.53186,4.19883,5.97786,3.92918,4.39138,4.1065,3.17959,4.32139
3.75615,2.80511,3.03694,3.63328,4.73077,2.57772,3.50031,3.61954,3.52872,3.834
4.24906,4.08901,2.73281,4.70257,2.7542,3.79951,3.11933,4.55086,5.73455,4.09244
5.61022,3.33543,3.9014,3.90873,3.32499,4.60945,5.44227,1.88519,3.36045,4.3599
5.80185,4.42735,5.05467,3.97063,3.36549,5.38927,3.02088,3.4727,5.04142,4.08617
3.99314,4.81438,4.80062,2.99045,5.28238,1.43896,4.05361,1.85579,3.46842,3.03665
3.79533,3.94323,3.63365,3.44431,4.00109,3.6479,5.74698,3.14717,2.29273,3.72916
3.35961,2.89766,4.7309,4.56599,5.20274,2.98242,4.70598,3.70852,5.30824,4.65461
4.33999,3.77864,4.15658,2.78585,3.56033,3.78901,4.39149,4.26372,4.37249,3.84217
3.5791,3.50008,2.35993,4.56122,3.89328,4.0527,4.73059,4.11248,6.80904,3.41752
5.07557,4.3196,4.94197,3.78975,3.42689,4.57416,3.79871,4.49707,2.7416,2.99502
4.27157,5.36641,4.20982,3.91832,2.08472,5.33764,3.24177,2.21406,4.5875,1.72833
3.70919,4.00045,1.31772,3.81584,2.54581,3.42673,4.93651,3.36462,3.75076,2.97057
4.60445,3.42537,5.60256,4.27133,4.45682,4.94838,4.30362,4.67323,4.01393,3.38019
3.63026,3.45553,2.67973,5.44614,3.90962,4.21218,4.61158,3.94215,2.82984,4.67392
2.48464,5.04861,4.62544,4.73434,5.42683,3.99636,3.07944,3.86769,2.54931,4.02016
3.36684,4.73107,4.04184,4.62887,3.85212,3.34085,3.30862,5.17071,5.62788,3.15161
1.97642,3.92095,4.06152,3.9647,5.4887,4.52331,1.80448,3.34056,5.12991,3.17968
3.79775,3.19958,4.11718,4.26618,3.17805,4.11397,3.4237,4.11823,3.41487,4.62237
3.79321,3.02327,3.92393,4.3232,3.53908,4.01661,2.94808,3.99767,4.68311,3.46712
5.1367,5.02666,3.46028,2.97608,4.3495,3.96114,4.85235,3.11792,3.27652,4.76616
4.71963,3.94484,3.71525,2.94208,6.01239,5.05341,5.48234,3.92309,4.9525,3.16812
2.14603,3.90185,3.47213,4.7961,3.23643,6.34735,3.91673,3.36258,3.34255,2.12909
4.28386,5.14881,4.60326,3.22964,4.50257,4.49817,5.76545,3.55348,2.35687,1.009
3.78062,3.26011,3.91141,3.83882,5.39654,4.53134,4.67133,1.74823,3.01409,4.0224
5.95411,4.33341,3.36429,4.31684,4.54695,3.87948,1.92967,3.87589,4.09279,4.72248
4.63131,5.46463,3.39343,3.77269,2.01243,4.55242,4.20234,4.24702,5.32094,4.0241
4.32474,3.6945,4.90322,3.7394,3.37079,3.53611,4.01293,5.2838,2.47949,5.66509
3.42386,3.08302,3.49768,4.30687,3.05658,3.89499,3.7799,2.29951,4.3743,1.645
4.80939,4.22305,2.60777,3.02334,4.38624,5.12755,3.22691,3.02436,4.70537,3.86192
4.43966,5.58137,6.28015,4.7405,5.49362,3.94684,3.80047,2.24822,3.94318,2.72281
3.4914,3.77979,4.37302,3.81605,4.34103,4.50756,1.39589,3.93346,4.08451,5.66501
3.42827,5.21084,4.369,3.29265,5.87644,3.99265,3.46946,2.87433,4.15301,3.12775
4.66829,5.17973,4.89523,3.55866,4.74388,5.53487,2.57808,2.59348,3.66952,4.75796
5.52327,4.08341,3.35544,4.31484,5.357,3.88503,5.45782,3.58644,4.5913,4.86783
4.76691,4.28252,4.30009,4.48332,2.92598,4.50278,3.22656,3.40363,4.26746,3.27461
4.11115,3.38391,3.98254,3.02224,5.1451,4.56468,4.75143,5.3553,3.59221,2.89252
4.46209,5.37921,4.48193,4.01503,4.48401,4.38558,4.14983,2.16975,2.80686,3.81516
3.41601,4.20218,3.1754,3.04091,5.17087,2.75436,4.54498,4.81303,5.7288,2.40353
3.47442,3.95895,3.78345,5.07473,2.53299,4.75637,5.34382,5.80292,4.57211,3.18271
5.23176,3.46099,1.21489,3.60284,2.62241,6.23999,4.16852,6.15508,2.82655,2.96313
4.91069,2.57645,4.40195,6.27782,4.90175,3.90165,2.66559,4.78992,3.67488,5.0618
3.04802,4.48239,3.09841,4.75898,4.50649,4.42664,3.18684,5.54776,3.80557,4.6568
2.38681,3.78263,4.37142,3.63624,5.18031,3.85101,4.17083,4.69985,3.74328,4.27244
2.86593,3.94506,6.03997,4.51338,3.59133,3.70385,3.69765,3.14515,4.37511,5.79275
4.52561,4.83489,2.75704,4.12513,4.52905,4.46292,3.00205,4.13128,4.13224,3.51171
4.171,3.49498,3.06892,3.15092,3.93514,1.9426,4.07833,5.35142,4.21293,4.5377
4.00003,3.33112,4.53531,4.48521,5.68547,3.44142,3.97538,3.66238,2.91906,3.38
4.95545,4.51477,3.68342,2.04797,3.96434,5.38497,4.51714,3.30307,3.41445,5.0845
3.56843,4.4028,3.09738,2.84319,5.81295,1.90483,4.2691,4.80585,3.62061,3.90553
4.08398,2.1612,4.17329,2.66812,4.13214,3.66633,4.73613,3.82961,2.96589,3.59248
3.8573,3.95976,3.66882,3.92686,3.17326,4.40636,2.68812,4.86483,3.75684,2.33886
3.86886,3.67822,3.79434,2.66772,3.81278,4.6313,3.29631,4.39444,4.26273,3.43313
3.63195,2.59401,3.99961,2.6694,4.77782,6.67196,4.03791,3.45184,5.77942,3.01409
3.91262,3.33634,3.82139,4.39943,3.21359,4.44306,5.36133,4.69204,5.69111,6.22087
5.56124,5.49293,4.45312,3.86776,3.61857,4.0206,5.74347,4.27396,4.70062,4.86324
3.89911,4.05461,0.265817,3.56201,4.04066,3.21432,4.00956,3.17635,3.44178,3.10208
2.9605,3.04601,4.73928,3.88939,5.26457,5.93128,4.68146,4.91084,4.02143,5.08068
2.50001,2.00269,4.34057,5.31966,2.71024,4.76304,3.6825,0.927267,2.99334,4.326
4.34535,5.17278,3.41528,3.3618,2.89535,2.74531,4.08862,5.60715,4.69049,5.36463
3.18502,3.78818,4.04656,4.73217,5.23859,5.64465,5.21447,4.14472,4.76322,4.27574
5.26017,2.60079,3.67905,4.83442,4.44456,4.28631,3.62355,3.03431,5.39436,3.50118
5.29662,4.41196,3.44336,4.18396,4.67149,2.39116,3.99433,3.89538,4.69846,4.40242
3.54798,2.85166,4.32764,2.91073,6.53104,3.90461,5.88154,6.67489,3.646,4.38097
2.47888,3.77996,3.84629,4.98151,4.17515,3.11225,4.38721,4.76802,5.25993,3.09431
4.60894,5.06427,3.15727,3.75627,4.95539,2.45939,2.95966,4.94113,4.0947,4.64356
3.26756,2.62933,4.2132,3.94319,4.24976,5.35513,2.1667,4.59951,4.30915,5.33012
5.16158,5.69828,3.65284,4.33824,2.61432,3.42373,3.37143,4.06475,3.85876,5.16564
5.00737,4.05703,4.09552,4.60107,3.27644,4.88953,5.08045,4.40923,4.12719,3.79281
3.94154,1.03456,2.39389,4.98876,4.60513,3.82077,5.0857,4.20955,3.97771,3.68498
4.63554,1.83276,4.79695,4.09091,3.50958,4.55105,2.8943,4.01505,1.76536,4.68073
3.99273,5.50185,4.28535,5.28977,4.87234,3.34996,3.22655,2.98866,4.36115,3.14674
3.88986,3.2421,2.07261,6.06754,3.30819,3.8587,5.44331,3.58579,4.13613,6.49475
4.61583,3.55212,3.90887,4.02467,5.08893,4.41817,4.3968,2.93407,5.06149,4.64117
2.04167,4.2579,5.73983,2.79534,3.95025,4.52757,5.12899,2.88341,3.15553,3.89629
4.63526,4.58351,3.1539,4.3359,3.77183,3.44105,4.76379,4.70784,3.98396,3.78096
4.16448,2.91489,6.50479,2.80226,2.17835,4.49867,4.27533,4.63722,4.47312,2.7869
5.23292,3.73688,2.72322,4.55135,4.29616,3.00583,4.65664,4.40116,3.56927,5.48489
3.56924,4.76291,4.67757,5.36177,4.09791,2.64512,4.05986,4.67384,4.93742,3.65555
4.12253,4.03972,2.12659,2.81756,5.58032,2.83748,4.82921,4.32153,2.32559,3.10889
4.11073,4.01123,3.88021,4.02485,4.69408,4.40321,4.4141,3.77442,3.69808,3.66043
4.98672,4.30525,4.50032,2.87846,4.32534,5.47368,4.64987,5.22927,3.83641,4.83937
5.56398,5.19836,3.23687,4.34782,4.41559,4.83651,3.8274,4.52105,4.62436,3.43435
2.69125,4.22315,4.6749,2.35786,3.41977,3.36382,4.10127,5.09898,2.93445,5.14147
3.09431,3.50295,1.69328,4.33246,3.24543,5.3137,4.87853,4.31766,2.69322,4.09297
5.4442,4.87708,3.7606,4.2531,2.8291,4.02297,5.13389,5.17256,5.25105,3.49895
5.73058,4.568,4.08286,4.29551,3.60198,3.2594,2.74786,4.0854,2.86006,3.53333
4.6079,3.85097,3.59131,4.49511,4.5118,3.18225,4.79656,4.28064,4.75804,3.4198
4.52398,5.18269,3.78425,4.26794,1.71648,4.18413,5.4778,3.61528,4.86566,3.96004
3.40911,5.05091,2.20581,4.91102,4.17215,4.29762,3.59285,5.84692,4.36758,3.50932
4.52746,2.67701,2.99508,4.28974,3.05737,3.09803,4.84622,3.98439,2.36604,2.57289
3.87643,4.1478,4.11936,2.77934,2.951,5.11279,2.91978,3.30086,4.15685,3.0066
2.25901,3.9013,4.60328,2.69398,5.2471,4.91143,3.51727,3.02705,3.92934,3.19961
4.00985,3.50111,3.3973,2.75086,3.22059,3.73308,2.13369,3.57167,2.44812,5.35399
4.14392,5.01275,2.72286,3.3099,5.41283,4.2227,4.57832,2.54302,3.75979,4.63758
4.05833,3.25234,3.97371,3.10756,3.51326,6.00906,4.39562,3.58128,5.47562,5.57572
2.99441,3.87143,4.3586,3.45199,4.89563,3.33518,3.2807,3.7443,5.5526,3.70786
4.94098,4.17413,4.9288,4.79698,5.14054,2.54583,4.65808,4.34576,3.19101,4.63441
3.98968,5.31737,4.52978,5.51971,3.41873,3.33897,3.4454,3.83653,3.42064,5.35795
3.36453,2.32881,2.44166,2.95491,4.70558,3.21423,3.20789,3.04112,5.39353,5.57008
4.9082,5.84902,4.51232,2.14929,3.44784,4.37294,2.40125,5.66523,5.91442,2.67293
4.24403,5.06814,4.62913,3.58236,4.87459,3.12277,3.91729,3.5086,4.15856,3.91132
4.39903,4.48762,1.98656,3.47578,1.82293,3.48381,2.59471,4.91929,3.65221,4.63136
3.70872,4.97027,2.24878,1.6325,2.9946,4.70974,4.8271,3.28571,4.82844,4.95101
3.04249,3.35729,3.28286,5.78974,4.10415,2.47516,2.80821,2.60424,1.84367,3.36058
3.61354,4.7475,4.41479,3.00168,3.60393,2.98353,5.49434,5.65464,3.74176,5.81775
4.50849,3.22176,3.99397,5.66907,5.20669,4.35006,4.83711,4.31999,3.9713,5.61694
3.03692,5.17394,4.47541,3.59183,2.43441,4.48613,4.69637,5.09226,2.55473,3.85409
3.56639,1.98832,4.99382,4.21528,3.48206,3.23523,5.17104,3.5696,3.48239,5.63267
6.23169,3.17903,3.86316,4.48814,3.55366,3.24515,4.94953,2.78025,3.53923,3.86318
3.54434,3.53102,4.49512,4.10802,4.97925,4.22795,4.13025,5.90365,4.67624,5.39801
4.82694,4.50928,3.04559,3.16947,4.36384,4.66812,4.15612,4.08768,4.12101,5.02454
3.21171,4.1797,4.87413,4.67582,4.67041,5.6892,3.90623,6.26042,3.53023,3.38912
3.66123,3.56958,4.72128,4.92343,2.92127,2.61581,4.27897,4.52436,4.20101,3.29444
4.37957,2.35934,3.49678,3.13104,3.75105,4.25456,5.31885,3.58676,2.61135,3.56405
4.19873,3.656,3.25264,3.70545,2.57404,2.08484,2.17091,3.85846,4.22639,3.66184
4.21672,3.92004,4.88238,4.11218,2.98464,2.90747,1.44325,4.18457,4.16928,3.46449
3.37417,3.29704,4.45105,3.77861,6.27966,6.02303,4.27501,4.7666,6.0725,3.81424
4.82816,3.15672,3.14705,2.72455,4.58572,5.021,3.92452,6.64506,5.77013,3.61655
2.76875,4.77605,2.35087,6.60258,3.63903,3.84082,4.0805,3.11558,3.04693,5.30203
4.46827,2.10496,3.79139,3.83572,5.15079,4.83041,3.43883,4.74943,3.14033,4.14303
4.31123,5.08919,3.83017,4.5689,4.65853,5.32875,3.44784,2.49228,3.96732,5.25096
4.96613,3.91125,3.21591,3.49492,4.51692,4.65551,3.36794,5.26517,2.62949,5.97803
4.39728,5.18805,4.01915,3.4202,2.81897,4.99476,3.29095,5.02618,4.76909,5.43143
4.97829,4.06121,4.874,3.19557,3.37796,2.03223,2.17667,2.51609,4.3324,5.736
3.19829,2.89447,4.87542,4.98587,3.94814,3.51134,2.84234,5.75101,5.3419,3.44503
2.89639,0.946813,4.17809,4.38156,4.79087,4.06524,2.30871,2.84207,2.98084,2.82814
3.47085,4.38613,2.74338,2.78255,4.78621,4.50401,3.93471,3.63596,3.93106,3.41501
5.0834,1.48185,3.02225,4.37898,4.84101,4.24572,3.05979,3.57738,4.04862,4.92518
3.80961,3.56937,3.19328,4.91525,2.50525,5.28854,2.82477,3.87377,2.55501,3.40281
3.37847,5.03855,5.46959,4.21631,3.09527,4.09088,4.20308,4.3464,3.43156,3.72482
3.23487,2.99387,4.21454,4.28636,5.77304,5.33679,3.39703,3.79343,4.70015,3.51377
4.54655,3.03334,3.26379,4.19938,6.43307,5.84373,2.98589,5.42813,3.51199,4.75387
5.34629,4.82037,3.51522,4.15401,4.15067,1.99488,2.71341,5.43185,4.08744,4.60126
4.07432,4.65895,4.65958,3.80488,3.66058,6.25362,4.94139,3.65098,4.02345,3.47838
4.32524,3.15765,3.16116,3.07619,4.38423,2.78635,2.51581,5.31922,4.24357,4.89425
1.99156,2.20563,3.06118,3.05776,3.50605,4.97661,3.92296,3.5291,4.01203,3.97568
4.43488,3.4786,5.22305,5.97186,4.28871,5.25343,4.30532,2.97053,4.23321,4.00469
5.94512,3.8153,3.41849,5.78433,3.84505,4.23191,3.03075,5.20246,2.35176,4.1734
3.56845,4.32635,4.25683,3.19966,3.04556,5.54001,4.25864,4.30805,4.56793,4.26592
3.40548,4.49509,5.26844,1.82133,2.11425,4.69164,4.47734,4.97613,4.8424,4.9336
4.88117,3.80841,5.95025,4.85737,3.92211,4.44038,3.72695,3.88757,5.26953,2.96712
1.84409,3.9968,3.28385,3.31419,3.43097,5.74811,4.61738,2.43028,3.7709,5.84649
6.14227,4.05278,3.17442,3.87973,4.32372,4.03425,3.42779,3.61298,5.17682,1.7483
3.88241,6.00021,5.60394,3.27491,4.12593,2.77363,3.79576,3.51764,5.23793,3.35654
5.33072,4.19149,6.37103,3.21911,3.99003,2.63247,3.505,3.71282,2.81782,3.58032
4.65447,5.13382,3.21021,3.74642,3.69914,3.18418,3.99095,5.05613,2.80498,3.73976
2.07268,3.11454,5.45869,4.75307,3.6949,2.98285,6.36238,4.27815,3.50241,3.61576
5.17394,4.0566,5.05561,3.03936,3.09504,5.3418,4.32506,4.18221,2.37486,4.35846
3.21366,4.72038,2.84252,5.11743,2.84074,4.58208,2.66858,5.10906,3.97517,2.87939
3.35461,2.1723,5.8724,3.1863,4.36384,3.88545,4.04073,4.96509,4.63032,4.02999
4.75944,3.26791,3.61971,1.2688,3.67796,4.82225,2.47436,3.41151,2.08214,4.61147
3.22758,5.24978,4.84214,4.99764,4.80636,3.5746,3.44083,4.93942,4.08418,2.84796
5.01312,3.14617,4.81521,1.83157,4.68795,3.07949,4.41188,3.30703,3.67816,2.77086
4.51069,3.59988,3.197,4.08901,3.72705,4.77309,2.59373,2.44435,3.26041,4.40449
3.81531,4.78688,1.7947,4.46546,3.32339,4.66579,5.09,3.39135,1.94454,5.09048
4.4415,5.44827,4.32055,5.9931,4.04877,3.56251,5.15059,5.27843,5.89991,2.75228
3.84917,3.87665,3.36361,2.97165,3.49284,3.53865,5.21039,4.4028,5.03536,4.13472
6.03563,3.11842,3.51612,3.9078,5.16861,3.15373,4.6552,3.71817,2.40539,5.64411
4.2575,5.17133,4.01143,4.05246,3.06726,2.81009,2.90377,3.94646,4.94943,3.36812
3.4879,2.95484,4.05964,4.91924,5.23901,3.26469,4.81723,2.85874,2.9043,5.70855
3.80858,3.71135,3.87167,2.84369,4.45411,4.96794,1.70322,3.59584,4.66035,3.78818
3.41027,3.73162,5.15242,4.71127,4.72118,3.9765,2.30101,5.08612,3.4657,4.23539
3.83435,2.46899,4.20824,1.42591,3.01691,3.26385,4.68789,4.45872,4.78876,3.70079
3.40994,5.14389,4.25908,5.98937,4.45087,3.78975,3.01923,5.41813,3.80295,5.69582
3.09993,4.35168,4.75134,3.85145,3.04753,4.99139,6.42117,3.10754,4.51167,0.982216
3.9922,2.59502,2.67513,3.36475,2.07292,3.59312,2.43606,4.39666,5.29176,3.72617
3.71099,3.09965,3.55015,3.45507,5.39355,3.18253,3.21819,3.62631,4.8618,4.14099
5.08691,3.77397,4.10344,4.07239,2.74117,4.98069,4.72002,4.30495,2.2196,5.85319
4.40051,3.99645,3.21217,2.54535,2.16465,5.22743,5.40391,4.64213,5.0785,4.28092
5.71183,3.65602,4.2725,4.94376,2.17501,4.5997,4.18783,2.80759,3.43128,3.53103
4.46957,4.1774,5.42847,5.72248,3.52301,3.49133,5.20844,4.29955,3.73656,4.02574
3.27701,4.07196,4.7074,4.28478,4.35582,4.06189,4.2223,3.61195,4.41584,3.0698
4.40912,4.22446,3.58927,4.87799,4.75758,4.30812,3.63452,3.05384,5.32897,4.93972
3.968,3.72276,4.07489,4.35826,3.02888,3.91716,3.5092,4.11034,4.02051,4.29955
4.5674,3.90551,3.54294,4.59849,5.59481,4.32731,2.84295,4.58452,3.55614,3.14804
3.8842,4.43944,3.8011,3.91218,6.06368,4.81626,5.0075,5.72937,4.81984,4.53171
3.82795,4.03477,5.30783,5.5271,2.52492,3.11028,5.00386,3.85951,6.24838,5.34539
4.88045,4.51772,3.97672,4.74802,5.71007,3.77783,4.10381,4.66223,3.80358,5.55694
3.82116,4.0281,2.59707,3.3756,5.4601,4.1025,3.95232,4.31502,4.06778,2.89996
5.80387,2.51422,3.59053,4.36341,4.71612,3.65798,3.93896,3.71502,4.22736,6.95536
4.46602,3.2271,1.72126,3.4497,3.00155,5.62113,3.63768,2.88362,5.43636,4.0446
4.20625,3.57118,3.49426,2.47949,5.03303,4.31151,4.62531,3.57098,2.53624,4.99381
5.41143,4.17531,3.37221,3.96455,2.97449,4.40188,3.0245,2.92028,3.60245,3.91519
5.54252,3.50076,3.68309,3.14379,4.50744,2.85109,3.88945,3.92548,4.02287,4.682
3.20853,2.18226,3.24814,3.31113,4.03537,3.02069,5.95658,6.08928,4.80399,4.41554
4.53952,2.74727,3.97864,3.08453,3.52141,3.41469,2.45955,4.26324,4.75385,3.39559
4.82075,5.35233,3.43182,3.14169,4.02941,3.73733,3.54916,3.04126,4.16723,2.91258
3.29965,3.76731,4.94195,3.12459,3.70569,2.95503,2.23826,4.63299,3.77982,2.74034
2.69777,4.02664,3.6169,3.32207,3.24269,4.24218,3.36745,3.26072,3.87265,1.51207
3.09013,3.70759,2.50376,3.78684,4.19621,3.42625,2.72455,6.6241,4.60084,3.89741
3.48017,2.6339,3.93601,4.54361,3.04753,4.11142,2.42702,2.89393,4.26414,5.9349
2.34213,2.13622,3.86157,5.56456,3.35532,3.32195,4.82363,2.68606,3.05726,2.879
5.59146,3.67208,2.63055,5.25827,4.2911,5.19207,4.30279,2.4693,3.46323,3.38792
4.11129,2.98578,3.67761,3.13382,1.52211,4.61647,3.498,3.15788,3.50405,4.91034
3.54213,4.46204,3.18154,4.62059,5.1441,2.39605,5.1507,3.9122,5.38458,4.80942
4.34799,4.15783,4.57669,3.63926,5.22466,4.31581,3.92724,3.42567,2.57693,2.06506
4.85849,4.74659,3.68062,5.49458,4.47466,1.788,5.65059,3.59239,4.23201,4.02373
3.93284,5.63108,4.39357,4.60039,5.02635,4.88653,3.94603,4.21426,3.92407,4.22668
3.49449,3.20495,5.43741,3.5153,4.37801,3.99717,3.5601,4.92177,2.37728,3.11728
2.06798,3.93036,3.92435,4.25039,3.88048,1.85538,2.28404,2.2419,5.22083,3.43603
3.3262,4.8033,6.77001,5.9223,4.54566,4.07917,5.42336,2.2341,3.22902,3.33664
5.50947,4.13133,3.12755,5.64026,4.34342,4.28208,4.10976,3.22927,4.66856,3.76603
5.18599,4.70572,3.3717,3.39762,3.71054,3.46081,4.23102,4.6201,3.0979,4.0109
4.11483,3.70984,4.85581,4.13344,6.23749,5.35318,4.21216,4.10319,3.93814,4.43713
3.232,3.58925,4.62993,4.2046,3.13633,4.54012,4.81682,4.48421,4.54196,3.38643
3.54355,4.26828,3.76109,4.40564,3.36336,3.89377,3.36688,4.61182,3.84388,2.91809
3.8592,2.53561,4.23928,4.78843,7.13741,4.80508,4.17678,4.72843,3.32983,2.93935
3.20413,4.40049,3.76903,5.60174,3.94654,2.696,2.03109,4.76154,3.10397,4.46815
4.01472,2.05182,4.10815,4.40242,5.00533,2.95303,4.52027,5.46117,3.53698,2.05773
4.77061,4.28525,3.68093,4.30214,4.31182,3.46195,4.24486,3.51121,3.96937,5.89603
3.79282,5.11844,5.07648,5.23712,4.20923,2.33504,4.04256,1.87905,3.87749,4.69093
4.82968,5.03641,3.74674,4.26465,2.68369,3.1368,4.5147,3.23903,3.1189,3.70085
4.4145,3.68164,5.35707,3.05103,4.25893,4.54426,3.40426,2.5985,4.60244,5.29271
2.80923,4.27492,7.12315,4.23223,5.01217,5.23544,2.79841,4.9165,3.53104,2.66967
3.47054,4.84127,3.21046,3.16475,3.93138,5.33693,3.54256,3.4512,2.98393,4.12393
4.83824,2.2128,3.1972,6.41078,4.34751,3.0996,2.13362,5.11901,2.31257,4.66437
4.8809,3.92715,4.21793,4.41823,4.54069,2.76286,4.77358,2.82675,2.29822,3.18231
6.71029,3.5972,2.35053,3.05347,5.57646,4.38495,3.57268,6.6899,6.24607,3.26918
5.41041,3.62986,4.93262,2.91671,4.61341,3.89467,3.0966,3.94842,5.23753,4.22319
2.82577,5.28721,3.06935,5.36557,4.33486,3.46445,4.25528,3.80629,2.52619,2.79839
3.27819,2.11945,4.92984,2.14932,3.71364,4.24703,4.45547,3.70339,2.32913,2.90688
4.66915,3.81983,4.22565,4.94378,3.57392,5.48792,2.73272,5.26063,5.5699,3.69167
2.46617,5.25257,4.74159,5.83318,4.25933,2.40862,5.27188,3.16989,3.52261,3.09499
4.5217,4.23988,4.20863,3.17684,3.89769,4.57765,5.06368,4.56826,4.19703,2.43225
4.59887,3.74813,4.31056,4.17326,6.16303,4.31668,4.243,3.58565,3.90606,4.86633
3.99798,5.60155,4.45365,5.09865,4.07861,4.49119,2.84772,3.48219,3.7734,1.60992
3.17792,1.80692,4.44943,3.7594,4.39078,2.46371,1.97418,3.92253,3.68075,3.24852
4.86366,2.87964,3.783,4.66363,3.61794,3.6786,3.83332,3.03691,5.16665,3.36029
4.55501,5.33431,3.2206,4.15912,3.87647,3.26437,4.66194,2.6186,3.90543,2.6856
4.03009,5.31452,3.73363,6.16847,4.46852,4.59074,4.89156,5.19119,2.11913,5.25971
4.30128,4.53588,4.36567,4.90264,3.32839,5.23525,5.29459,4.01971,4.49621,4.3151
3.37311,5.2455,5.05323,3.88106,2.53554,5.65446,2.94124,4.53544,2.82538,4.25537
5.22321,5.07436,4.07684,5.43808,6.38357,4.11982,4.74456,3.35429,2.87366,3.71956
4.08666,4.6923,4.57969,4.39089,4.07264,3.30989,3.10861,4.39901,4.82036,3.94769
4.67476,3.66766,5.18036,5.54021,6.1141,3.61232,3.79566,3.74103,5.00748,4.55536
3.02613,4.25866,5.84857,3.66399,3.42737,4.59152,5.21703,3.94492,5.27365,4.91673
3.50812,3.87887,3.78876,1.47368,3.66297,4.53831,5.50049,3.57861,4.29202,2.99903
2.53858,3.75428,4.81407,5.22857,5.03231,3.90047,4.6313,3.48726,5.46447,4.42034
2.52942,3.62838,3.17556,3.4604,3.79281,4.09153,5.37192,5.33274,4.54762,3.64828
3.37159,4.62855,3.73295,3.99783,5.40698,2.94952,3.11369,4.53439,3.42541,4.75567
3.77305,3.15923,2.86453,5.62508,4.00277,2.93668,4.89757,3.16871,5.15936,3.15745
3.55672,4.16636,3.23313,4.69054,3.68676,3.01952,4.83973,3.60204,1.82573,4.02473
4.06309,2.59425,3.91513,4.19216,3.47658,3.74495,4.35075,4.1532,2.70017,4.6901
4.5504,3.18828,2.78821,5.43418,6.07804,3.29196,3.89576,3.28246,4.72097,2.52584
4.91037,6.0903,5.78199,5.16191,3.88756,4.93043,3.17175,4.19503,4.43541,4.033
3.60898,4.18854,3.86227,5.30556,6.01265,6.0495,2.14631,2.17242,5.17992,4.69968
4.02568,3.94051,4.49114,3.27119,4.13216,6.19632,3.35757,2.31328,4.7234,3.63073
4.68052,4.11034,3.84801,5.85778,4.59481,6.76659,3.14107,2.73765,5.32123,3.44338
4.33378,4.60807,3.68158,4.61434,3.96699,3.51162,3.7275,4.79479,3.15883,3.85662
2.74748,3.60354,3.62152,4.31667,4.06308,3.78107,5.41593,4.48796,4.77283,4.40688
2.87104,3.27835,3.90671,3.88555,3.10035,5.07859,3.12947,4.20679,3.34053,3.40045
2.3576,2.63245,5.63988,5.47135,1.66933,4.97045,4.05672,2.84482,3.7002,3.0899
5.27265,2.82298,5.96323,3.56017,4.16534,3.58882,2.88919,4.62749,3.05989,3.12484
3.22593,4.1882,4.21797,3.44901,3.26202,3.5169,4.37057,5.46007,2.73888,3.71457
2.47977,3.76759,5.49638,3.58799,3.74983,6.59486,3.58243,4.15869,4.06159,3.90176
4.05566,3.40665,5.32755,3.68015,3.87804,2.12486,4.52352,3.41204,4.24127,3.97572
3.35906,5.43797,4.84852,3.59584,4.34669,5.60307,3.96156,4.83695,3.67857,2.28056
5.37692,3.35103,3.91143,4.1659,4.31784,5.24563,3.9491,5.58143,2.77971,2.91313
4.28914,2.71853,4.09958,3.25331,3.72437,2.34274,3.52064,6.55388,4.99227,5.33302
4.26635,3.33672,3.53985,5.79909,3.1921,4.30927,3.55828,3.26189,5.91717,4.06024
3.4892,2.9883,4.38597,5.77414,5.52101,4.58359,4.86244,4.35356,2.56988,4.77376
4.08173,2.99635,3.90846,3.3533,4.76757,4.24664,2.66539,6.15069,4.49181,4.84249
3.35928,2.97675,6.44511,4.86048,3.69304,4.13376,3.98006,4.40627,6.13027,4.67666
5.14018,3.23833,2.1492,3.23614,3.08321,5.1279,4.76165,5.22353,2.45533,6.11157
2.5163,3.48135,2.85629,3.45838,4.58053,3.80145,5.27196,4.38746,4.34418,4.77933
1.65793,3.33871,5.08738,2.70707,3.41519,3.77501,5.07848,4.16462,4.9584,4.29151
3.62535,2.87352,2.85858,5.16983,3.93722,3.77758,5.39207,4.32399,4.96127,4.28509
3.81762,4.04616,4.3575,3.64478,4.20068,5.71988,3.03441,3.71746,4.50359,3.87487
5.64467,2.45709,3.65406,4.93184,3.88465,2.98294,5.15934,3.66277,4.18277,4.33322
3.39305,5.0748,3.48263,4.47501,4.26824,3.7192,3.03279,2.81782,4.68588,2.78347
3.27459,4.83549,4.07285,4.33499,2.57148,3.168,3.75628,4.33942,1.76785,5.35497
3.38239,3.69876,4.45672,3.07918,4.62454,5.48723,3.49381,4.87261,3.74137,1.92624
3.91526,4.22019,4.24337,3.60993,5.09666,4.54367,4.21403,2.73135,3.9232,3.16888
4.74592,3.07643,2.38508,3.57505,3.28366,3.81165,4.47126,3.66606,4.75811,4.78261
2.7327,3.31515,3.20892,3.87437,3.66533,4.44725,4.89328,2.72118,3.90267,1.84561
5.33828,2.644,2.872,4.38166,4.4427,4.98169,3.61226,4.61351,3.35079,4.08629
3.90607,4.35376,4.12962,5.23595,3.77012,4.00905,5.61838,3.11648,4.68643,3.53801
3.38048,3.68394,5.12211,3.62551,4.0881,3.14303,5.65582,4.69317,4.48274,3.37561
5.15049,4.26537,4.21927,4.46079,4.44662,3.41533,3.39984,3.84525,2.79411,5.12247
3.87419,1.54195,3.69114,3.10738,4.00888,4.40618,3.90115,5.91373,5.3052,5.29195
3.45739,4.05916,7.17612,3.5289,3.53024,4.14494,3.44477,5.43049,6.3399,2.82903
4.53054,2.21234,2.07977,3.15904,4.18453,5.47365,4.70567,3.699,4.23912,3.62124
5.55314,4.72692,3.36294,4.31388,2.81943,4.54026,3.83526,4.8183,4.46314,5.05948
5.31322,4.02721,4.89757,3.23508,4.17213,3.9013,3.04981,4.09529,3.45511,2.59055
3.57502,2.31137,1.92651,2.97606,2.82553,3.98475,4.2848,2.73673,4.53905,5.16893
2.98684,3.26,2.10678,3.15997,4.71731,3.52788,3.471,4.06343,4.4747,3.06025
2.80992,6.08034,4.52532,5.15602,5.90587,4.3349,4.28648,4.46419,4.97957,4.28549
3.65793,5.47982,4.48532,3.69673,2.60276,4.35308,2.33581,4.27882,2.03713,3.94933
3.44932,4.1505,3.31877,2.08284,4.50033,4.6704,3.8488,3.78407,4.44007,1.42687
3.18547,5.48687,4.08197,5.57487,3.62733,3.99552,4.61888,3.39232,4.01503,4.33267
5.16524,5.48648,3.33313,4.07458,4.94186,3.82388,3.77767,6.39808,4.86747,1.84719
2.21466,5.47354,3.50187,4.78226,3.38637,3.56556,4.46996,3.83851,5.08423,4.8963
4.96024,4.22196,4.50307,5.57118,5.22301,1.99924,5.69971,5.5276,4.5907,3.62864
4.11226,3.29537,3.23159,2.00358,3.30322,4.95652,4.75299,3.0507,2.7851,3.90795
4.3075,4.21919,2.42553,3.02352,3.56318,3.51129,3.94818,5.40533,3.53042,3.20218
2.49729,6.20695,5.67141,3.17688,4.47979,3.60349,3.93085,3.97279,5.33294,2.90008
3.19211,2.60362,4.44729,2.50068,4.26857,5.59781,5.09249,2.60565,3.75874,5.58636
4.10061,3.41281,4.07358,4.22484,3.71938,4.62385,3.68576,2.12063,3.73572,3.87188
3.59831,5.77431,2.48506,3.3105,4.30679,3.34992,3.60763,4.83596,5.06976,3.83956
3.83487,4.8348,3.94016,4.908,2.98019,4.48787,3.51694,4.86955,4.12689,4.40505
4.67995,2.56048,2.7573,3.56952,0.955234,3.75324,3.37133,2.70722,4.83085,4.40307
4.29278,3.12684,4.51276,1.80327,4.79154,4.38689,6.17815,3.81061,4.57283,4.66849
5.01038,4.39096,3.84405,4.73949,4.22433,2.96255,3.59994,5.06658,4.01991,5.32981
6.00432,4.06053,3.36271,3.54948,2.3749,3.82276,5.27634,3.39833,4.83759,3.65772
4.83141,3.41209,5.16395,4.45221,2.49611,3.12792,4.23375,3.38913,3.82983,4.6032
1.1349,3.92536,2.82368,3.07241,4.60331,3.51233,4.03586,4.15477,4.53845,4.07414
5.5143,4.48102,5.92368,4.03595,3.55958,4.86037,5.28601,2.75017,3.47235,3.10118
4.01312,3.50575,3.44837,4.34346,5.27595,0.942187,2.66697,4.35095,3.95657,4.29495
5.38261,1.76585,3.79136,3.26471,4.54953,3.85174,2.53449,4.32826,3.16789,3.18507
5.28704,4.27736,6.58596,4.15162,4.91115,2.9382,4.24527,1.99945,5.17198,3.3536
4.38903,3.45985,3.28735,3.6222,1.78709,3.07259,4.37872,5.76878,5.65392,3.94623
3.5005,4.44571,5.14404,3.9155,3.76558,4.1463,4.50563,3.66874,2.09853,4.01874
4.3252,3.82236,3.14784,3.04181,5.1604,3.72066,1.69876,4.36745,3.75712,3.77344
3.98194,3.99055,4.83931,4.14421,5.18322,5.84748,3.5325,3.16798,2.842,5.69371
3.65238,5.32383,3.92176,4.36887,3.56469,4.59487,3.14321,2.86163,3.37231,4.21331
4.33168,4.624,3.2796,3.06073,5.65875,3.96162,2.80161,3.83548,4.9647,5.05085
4.81747,2.34814,2.82565,3.50702,4.94334,4.68519,4.92389,3.48713,3.57547,3.89016
1.89815,3.88767,3.02234,3.51073,3.51677,3.5069,4.27493,3.04303,2.20862,2.30899
4.13564,4.02351,5.76614,4.20929,4.59368,3.83794,2.33889,5.23416,4.24361,2.92732
4.29748,3.37109,3.04684,3.95876,4.94399,3.19492,2.66836,4.86096,4.62138,4.92822
5.95224,7.04287,2.68973,4.1085,3.53127,5.45344,2.15832,5.36451,4.11546,6.72564
3.07407,2.92157,4.096,6.13082,4.17571,2.95129,3.9847,3.14969,4.42963,3.00206
4.83152,4.47769,3.61346,3.61219,5.29922,3.91001,4.12893,5.69306,4.3602,2.35289
3.71562,4.6376,4.69585,4.71577,3.63977,4.17448,3.9322,5.72961,4.58012,4.62928
2.59901,5.68196,2.33827,3.71719,3.37446,2.67188,7.07108,4.4614,3.6877,5.79092
3.29091,4.89179,3.57569,5.66031,2.83685,2.64987,4.08684,4.63204,4.33358,2.42524
4.56095,5.02892,5.04503,4.2681,5.1734,4.26743,5.22281,3.91222,4.8123,4.72196
3.74593,2.99685,4.51847,3.92202,4.10541,2.53177,5.72132,3.12047,4.72149,3.52156
3.91978,2.97485,4.8653,3.11905,2.9712,3.41082,3.35778,3.30586,4.53971,4.32946
3.34716,5.00633,4.17084,4.81017,4.8959,4.71247,3.17061,2.97991,5.18838,2.21587
3.68723,4.25316,4.25212,4.53267,4.57808,3.29023,3.08639,3.15976,4.22381,4.57621
3.75548,3.89376,4.77245,3.21061,2.00746,4.39418,3.41202,4.25109,3.94741,3.61478
4.68613,2.6088,3.24254,4.87388,5.98005,2.47167,4.54503,4.07942,4.22883,3.61049
5.05357,3.35378,1.3122,5.09551,2.44449,3.56779,4.12029,4.7419,3.31188,4.49533
3.68816,4.21713,4.33433,3.72498,4.80166,4.80289,2.81284,2.47577,5.08203,4.81867
4.47766,4.65874,3.66622,5.47961,2.66351,2.92435,6.04801,2.55213,3.84055,3.76296
4.3297,4.8789,3.9814,3.90674,4.26667,3.66373,3.74982,3.35987,3.72477,2.60443
3.8673,4.8803,3.14151,5.03431,2.1159,3.32047,1.98679,4.50947,4.98197,2.87418
3.15686,4.6415,4.20051,4.68994,4.50731,4.64907,2.98397,3.76598,3.75261,5.2154
5.37768,3.90834,2.70153,4.12451,4.43546,2.42189,3.66595,5.55217,5.75513,2.69245
4.09526,3.78982,1.86,4.30816,4.2901,3.3266,4.30141,3.59739,3.91537,1.56923
4.53797,5.5321,3.17886,4.83666,2.2894,3.95565,3.22698,5.20989,3.40564,1.88393
5.09958,6.00661,3.47332,5.70093,4.21461,6.44297,5.52443,3.86589,5.7206,4.81156
4.10363,4.43361,2.88663,3.45351,3.60053,5.24169,5.88413,3.6726,4.87978,3.35128
4.58649,3.55387,3.63677,3.85895,3.70012,3.02542,3.13488,3.84688,4.41349,2.32347
2.80796,1.87318,4.11566,1.62714,3.95273,3.51913,3.74894,4.26161,3.72823,4.33656
3.28746,4.06134,4.8213,3.37032,4.1186,4.34544,3.01883,3.56302,4.55148,4.40056
2.94596,4.08619,3.06137,5.32584,4.61375,5.03313,3.04572,4.7821,4.46967,2.86174
3.45864,4.5281,1.2337,4.0715,4.78694,3.33788,5.11069,5.66323,5.32751,2.63159
4.21096,2.97414,5.35386,2.98775,3.48849,2.40775,4.37827,3.67804,4.0212,3.10466
5.39429,4.31507,2.57306,3.28114,5.39321,4.42644,3.07568,2.08896,4.52686,3.41591
5.44141,4.57717,4.13702,3.36285,3.436,3.93865,6.36525,3.68469,3.93033,4.44662
3.05339,4.57866,2.83036,4.01641,5.68622,5.17293,3.83075,5.11037,3.78649,3.38361
3.32464,4.20859,3.89362,3.26451,6.44279,1.92979,1.89305,5.06425,4.32965,3.16367
2.61284,6.64269,3.31783,4.26193,2.71581,6.53801,3.07891,4.17904,4.16855,3.32673
4.78037,5.40213,4.42729,4.57999,3.4536,3.09204,5.59086,2.20997,3.76521,6.28597
4.72386,3.29458,4.60774,2.66103,4.17996,4.82006,4.25258,2.77021,3.67196,4.49931
5.05334,3.72388,2.52862,4.0084,6.01111,2.46595,2.63143,4.71761,4.05527,5.02076
2.81116,3.0074,3.84129,3.25266,3.15231,5.47084,3.87973,2.86686,2.77686,4.26324
4.19812,2.26275,4.45419,2.91213,5.03854,4.35274,4.42334,3.56813,4.81419,4.45687
5.09698,3.64765,4.29879,1.76035,4.84086,5.38013,2.69206,2.14498,5.55659,3.85743
3.40103,6.17986,2.55206,2.22461,3.76991,4.63235,2.23452,3.89018,4.43617,5.25635
3.32696,5.11644,2.8575,2.13355,4.9679,4.71746,5.16461,4.49176,4.32233,2.86397
5.1166,2.92779,4.46466,5.07009,3.93301,4.75198,5.09001,3.00527,4.23848,4.30276
5.31711,3.02148,2.96199,3.33942,4.53275,3.2139,5.14824,4.71291,4.41001,4.59028
4.81312,4.71714,4.82192,5.85882,4.04166,2.38148,2.28698,2.54557,4.47415,2.18331
3.76673,2.53301,5.30907,3.58314,4.49092,3.33752,3.57805,2.298,3.94984,4.06972
5.17248,4.9596,4.43395,4.80487,4.21088,4.1259,3.49957,1.73597,2.95066,4.59687
5.40009,2.53064,5.25573,3.61828,3.48422,3.36833,3.90641,5.45648,2.95617,4.01815
5.19109,3.09401,4.36979,4.94454,3.68409,3.88237,2.64083,3.03079,3.75842,4.40823
3.11836,3.77256,3.29224,5.59621,4.50729,3.66898,3.30607,5.21456,5.52706,4.28888
3.78683,6.06255,4.14865,3.71828,4.90895,4.18733,3.2593,3.10821,3.72052,3.03673
4.87237,3.94004,4.58579,3.68119,2.51828,4.39759,4.00813,3.90263,5.78898,3.91564
4.88235,3.85469,4.35309,3.77995,2.59718,4.34196,3.94342,3.6578,5.49825,4.16397
3.45764,3.08157,4.31982,4.63558,4.39883,4.74298,2.95831,4.55635,1.75085,5.16936
4.31329,5.35575,3.62921,3.15081,3.68741,4.55307,5.73115,3.6262,3.98441,1.50233
5.3724,4.31391,4.99847,4.93547,5.97283,2.2587,2.7902,2.85207,3.33885,4.73148
5.27063,2.9847,4.91216,4.82538,4.06008,3.90531,3.29173,2.90248,4.33541,4.34651
3.77615,4.16669,3.84775,3.96151,4.89669,4.66035,4.31611,3.53081,4.0639,4.19984
3.16265,4.22533,4.57682,2.20772,5.42511,3.63854,4.07692,2.95672,5.29256,2.91112
3.16536,2.5117,5.66444,2.35706,4.17146,4.6085,3.45006,3.96123,3.65427,5.53177
5.02685,4.83765,5.17431,2.46892,6.55442,5.42472,3.28237,4.74547,5.05017,4.06603
4.27175,5.50772,4.83412,3.17214,5.85765,4.36667,3.70949,3.35839,3.4738,3.19912
3.35931,4.91936,6.23197,3.0694,3.52173,2.73995,2.60113,5.38284,4.84707,4.79822
4.16551,6.25365,4.86506,3.69433,1.6631,3.08708,5.00853,3.98637,2.65275,3.07862
4.41829,2.09492,5.81566,4.32171,5.15866,3.7817,4.79414,4.77751,3.65031,3.38898
4.27992,5.32756,3.81773,4.62799,4.02745,2.97367,4.34591,4.91475,3.03902,3.5742
4.56875,4.44243,2.60061,3.04396,4.52989,4.77638,2.59836,5.46965,3.86992,2.71951
3.83943,6.02405,2.35992,3.34318,4.46059,4.96459,4.1316,3.88074,4.52424,3.7186
4.59754,4.36566,4.46536,3.77039,3.87459,4.08656,2.30359,2.68988,3.69473,4.89122
4.0554,3.9643,4.78657,3.82362,3.32945,4.02936,4.91404,3.47519,2.95572,4.96095
3.98265,3.80848,4.35374,1.75879,4.36336,4.33904,5.18948,2.62218,4.61329,5.95939
2.79337,4.08776,2.23095,3.83349,5.16916,3.20023,4.0388,4.00843,3.75059,2.3352
3.31484,4.45441,4.55154,4.00698,5.0294,3.18142,4.72365,4.50251,3.58905,4.11803
3.95494,3.35432,4.63352,5.62757,1.25378,5.03002,2.91837,2.6698,3.87066,3.38345
3.36665,3.03577,3.053,4.56006,3.53001,4.01436,4.2538,3.30835,4.20127,3.68315
5.18769,4.19571,3.98039,2.61218,5.23125,2.88969,4.3137,4.51294,3.98668,2.15435
2.19547,4.61909,4.31507,2.63486,3.93436,4.34712,3.91923,4.0086,2.39981,3.40297
3.50199,2.8603,4.00669,4.25521,2.81192,4.38987,5.85527,3.05179,2.85579,4.33264
4.53661,3.10036,3.51724,2.99685,5.44266,4.51202,2.0205,4.52787,2.86621,5.01424
4.45143,4.12242,4.23735,3.78604,4.54893,1.38713,2.732,3.15803,5.2432,3.64782
3.16442,3.06539,3.82438,5.44454,4.27049,4.54807,3.41729,3.38951,4.0759,4.35466
3.33361,3.82916,4.07501,2.68793,4.47946,4.60769,3.43412,3.57662,2.61114,3.86607
4.12176,3.81959,3.74849,4.50403,4.31089,3.39855,4.99634,4.99172,2.46746,4.34226
4.87916,3.4458,5.118,4.95454,4.87798,4.02037,4.80593,5.65097,4.00554,4.02115
3.06143,5.59364,4.42109,3.96084,3.01898,3.94686,2.50842,4.84805,6.55394,4.99618
3.68615,5.65611,3.55169,4.01961,3.99399,2.81722,3.91515,1.74109,4.03688,3.64916
3.57442,2.01808,4.39346,4.41098,3.36199,3.94778,5.9286,4.63894,5.36037,4.51885
3.16073,4.69392,5.52316,4.81734,4.649,2.90087,5.05839,2.99415,3.87907,5.53848
3.32437,3.99732,2.72412,4.34463,3.05266,3.21855,4.19535,5.50865,5.21596,3.42239
3.06443,3.34876,3.30621,4.66643,2.98642,2.78951,3.02865,4.09207,3.89434,3.10148
6.06703,4.92647,3.97174,3.80882,4.3923,4.68499,5.12973,3.23798,2.18251,5.54391
4.25803,3.06918,4.22152,3.70436,5.1806,2.26434,1.95239,3.5634,2.69973,2.66132
3.60562,3.75902,2.61883,3.38035,2.77233,5.49579,4.12369,5.61256,4.2345,3.13552
4.33984,4.27497,3.26316,3.20205,4.09252,3.13353,2.42732,4.97366,0.938499,2.93891
4.2569,4.85003,4.29521,4.06974,4.81204,4.67754,3.86572,4.54665,3.43705,3.68034
3.47889,4.54895,3.65644,4.63515,4.91275,3.37428,4.30868,3.70414,3.9879,5.072
3.49244,4.45808,3.05102,3.44495,3.6089,4.32471,5.14698,5.32437,6.0812,2.77484
3.99549,2.63697,2.67559,4.22926,4.20369,5.90881,5.12572,3.7012,3.9019,2.99142
5.85632,2.99332,3.58768,3.97145,4.34361,2.5511,4.04228,3.093,3.57006,4.17095
5.30849,2.55813,3.4937,4.24033,3.42896,2.65939,4.77616,5.65227,4.0255,3.6169
4.41967,2.81479,3.94943,4.34823,4.03143,3.76573,3.56643,4.43455,3.02252,4.45146
3.46979,4.29144,4.48857,1.60275,3.32967,3.38426,3.78656,3.1994,5.58143,5.1396
3.09262,5.1755,2.13931,3.69313,5.43524,6.0317,3.06045,3.20805,5.83173,2.85649
3.62443,3.43705,4.26384,3.73243,2.57741,4.24451,3.31805,3.64187,3.66343,2.80578
3.70793,3.16664,4.64056,3.77369,3.2312,2.03397,5.72113,3.87402,4.79344,4.242
3.831,5.10009,4.44379,3.12959,3.1596,3.66102,2.83955,4.84573,4.24513,4.14029
4.94856,2.36417,4.58582,3.72095,2.18405,4.22263,2.81894,4.02926,5.27272,2.30095
3.83187,3.31682,3.76499,4.58821,3.46273,4.68042,4.94441,5.55114,3.79311,4.40752
4.84102,4.28987,3.33112,1.66389,2.82441,2.62513,4.35944,5.65746,3.21259,3.17758
4.06362,4.24489,4.02302,4.89187,3.52931,1.86111,5.15528,4.15885,4.97124,2.52062
3.0125,2.66861,4.09429,3.94185,3.9709,4.93407,4.24593,2.82068,2.39755,2.92727
2.05043,3.23547,5.40963,4.68218,4.40685,3.39186,4.56423,4.96934,4.51752,4.67976
5.46666,4.60102,5.00846,2.94078,4.62602,3.51454,5.15076,4.1386,2.95377,2.20026
5.14273,4.48614,3.50712,4.93058,5.08528,4.47856,4.83836,2.27788,4.42312,3.02972
3.62687,5.1531,2.86066,3.29717,4.13167,4.55031,5.00892,3.86102,3.53486,4.31633
3.28647,1.8272,3.45205,4.49599,4.58032,3.25432,3.90284,2.18318,3.20279,4.66858
3.42868,4.76986,5.77644,6.44983,4.2524,4.06527,1.87587,3.2561,4.44812,4.59125
4.92093,4.01253,4.04062,4.66107,4.17978,4.55082,2.23965,5.40823,5.35978,3.84258
3.80314,2.94559,4.82352,3.27158,5.57737,2.77326,3.38158,4.05029,5.32672,4.17085
2.69179,2.63758,4.06884,3.50918,5.46515,4.35598,4.69237,3.87803,3.56312,3.68129
2.1561,2.16663,4.571,3.84177,5.27865,4.97553,5.67299,4.36484,4.26376,3.63333
4.00805,2.28043,2.95788,5.73497,4.20485,2.86427,2.53019,4.77382,2.17718,6.93504
5.29339,3.71738,3.6959,3.06101,3.92735,3.86556,4.25461,5.99908,4.69219,1.92122
4.15284,4.696,4.26748,3.94134,5.00318,3.60106,2.59537,3.62407,4.66451,4.48717
5.00039,4.05489,4.38837,2.19464,3.83735,4.63842,4.79235,3.38684,3.05885,2.4232
4.01503,3.33009,4.81984,4.02513,5.40118,3.67195,3.90164,3.0945,2.73793,3.69554
4.25601,4.02902,2.53375,2.42141,5.0963,5.21738,5.53612,4.29112,3.79564,5.21059
3.87697,4.92906,3.9038,4.45312,2.64223,5.30644,2.81879,5.25779,3.0924,5.67247
3.08352,1.79052,1.96068,4.52956,5.72846,5.03063,2.38296,4.6193,5.16025,4.12565
2.87076,4.50673,4.22534,3.64378,5.67888,2.89295,3.22121,3.3484,4.1927,4.24242
4.43881,3.60048,2.84505,3.81146,3.13377,5.3956,3.96152,4.11497,3.80437,4.53478
2.01092,3.77603,4.0229,3.70291,4.62969,3.6179,3.46916,5.87135,5.403,4.54476
3.3203,2.78996,3.95083,5.56781,2.47797,3.51473,3.72813,4.44664,3.05896,3.63511
4.96673,4.03022,4.24191,5.17895,3.71196,4.33581,2.91838,1.31307,3.43004,3.50713
5.49552,3.92187,2.88563,3.71082,2.41826,4.32465,1.4115,4.13523,2.7961,5.24829
3.07321,4.45722,3.65718,3.26939,2.97274,2.24574,4.10974,2.88756,3.95726,5.45788
4.54154,4.24325,5.38556,2.7469,3.7434,5.67667,2.16923,4.49884,4.65146,3.46003
4.52727,2.77674,4.137,1.19345,4.28249,4.58834,4.8206,1.8708,4.54482,2.47848
5.08086,3.39301,3.91352,2.56956,4.23356,2.925,3.34711,4.31246,4.4524,2.34985
2.24706,3.53638,4.34784,4.79311,2.76142,5.43724,3.01002,4.24531,3.75464,2.73056
4.30517,6.06166,3.79133,5.25737,4.04804,3.32307,4.02657,4.28421,4.78688,4.55616
4.12593,2.8849,4.92377,3.61156,3.31677,4.39501,4.33175,4.27065,3.20859,3.52831
3.32793,4.89882,3.44532,1.82671,6.81643,3.4817,5.20113,4.11933,4.81474,4.3205
2.84147,3.40208,4.89071,2.81116,6.03396,4.3038,3.33347,5.72118,3.04119,6.58995
1.53407,4.3536,3.38715,2.53901,3.55505,3.38409,4.2329,4.49166,4.77581,5.11149
5.76701,4.64935,2.48355,3.96038,2.77503,5.02515,3.91311,4.6658,4.39809,3.10531
3.44486,3.49611,3.62766,4.33642,4.37494,2.803,3.02618,4.50987,5.1167,2.95587
5.27867,2.25901,3.18978,3.32309,3.95728,4.80919,5.4491,4.63419,5.69818,4.64465
2.91915,2.70628,5.21359,3.67523,4.59222,3.9244,4.95796,3.49948,4.03939,4.16217
4.03854,4.22718,4.81751,3.85732,4.64631,3.2319,3.91856,5.21808,3.39815,4.29831
4.23376,3.36109,2.97061,2.85132,3.85615,3.68831,4.51646,3.75422,3.56798,5.36478
3.91792,3.79515,3.3643,3.45632,4.26705,3.2703,4.04028,3.66218,1.91771,4.3685
3.97653,2.73168,3.26273,5.28174,5.7559,3.84305,2.72467,4.84813,2.95841,3.27598
4.89789,5.75717,4.6997,4.22975,3.77421,4.44612,4.53367,3.60666,3.20565,3.4873
4.45157,4.52595,4.9263,4.12173,5.10437,4.32189,4.5025,4.04724,4.51352,3.62562
4.5811,4.93966,4.01928,3.21975,4.99883,3.4041,4.57094,3.18667,4.02866,3.24513
4.01087,3.46016,4.96041,3.06738,3.82821,4.84958,4.85695,3.49335,3.49707,4.48836
4.07207,3.36103,6.59529,3.96762,4.41844,4.58327,6.66375,3.18438,5.74486,3.78365
3.09036,4.81785,3.91292,4.5617,4.95594,3.62149,6.22872,5.95277,4.42919,2.79921
3.30042,5.27082,2.35696,4.50043,3.86912,3.40946,5.33714,5.17246,5.42706,2.7096
4.03856,4.07798,4.21718,4.77015,2.4193,3.26969,4.26584,4.37923,3.55237,2.7803
4.02652,3.39034,4.12231,3.70117,5.32287,4.38702,4.64197,4.8974,4.08648,3.19854
4.47994,2.52165,4.4744,4.01874,3.9543,4.44983,4.24041,5.91432,4.13292,2.18265
2.66571,2.48777,2.93834,4.59316,5.14121,4.32233,3.2455,3.51679,3.04437,5.23696
2.9479,4.28045,2.47726,4.5852,5.81406,3.94227,2.95457,2.96566,3.29888,3.97505
4.24602,4.75342,2.64259,2.97577,4.64033,4.95178,4.4234,3.4504,4.79661,5.22382
4.7978,6.51493,2.66456,6.08459,4.40051,5.86834,3.60886,6.52325,3.11885,4.6752
5.21863,3.75795,4.30063,3.75968,5.63146,4.15926,3.93661,5.03086,3.3108,3.40082
4.57179,3.08508,5.39833,1.76964,2.23846,4.54323,5.16036,3.79238,3.98743,4.3877
3.87582,5.28856,4.04507,4.06365,3.48879,4.40271,3.92147,3.14574,5.82917,4.7935
3.95383,4.82654,3.076,3.96641,4.19781,3.85206,4.66723,3.72923,4.57975,6.19304
4.8291,4.24921,2.89329,4.67887,4.66996,5.50786,2.79684,3.40242,4.87827,4.01334
4.59209,3.50703,1.92289,1.91788,3.28349,3.90643,4.88923,2.64289,5.21106,3.75244
3.79861,2.86255,3.44062,1.82433,3.49588,4.80253,3.74529,3.37027,4.58534,5.98383
3.95481,3.2352,5.15299,4.80959,4.54443,3.71342,4.51371,2.66904,2.71436,3.64385
3.23185,2.3699,4.87553,2.11141,4.95917,3.8379,4.30895,5.14105,4.62394,2.451
3.31162,4.83007,3.37239,3.21137,3.95959,3.60232,4.55182,1.95463,5.83557,3.66183
4.779,3.18737,2.67894,3.0139,5.13217,3.48532,4.7358,2.93034,4.1282,2.89989
2.9492,4.30883,4.43558,3.42179,3.54756,4.87326,4.60198,3.97323,3.44226,4.2051
2.55052,4.83992,2.3131,4.41374,5.13213,4.03036,4.01235,3.76707,3.39845,2.9946
1.68904,4.55251,4.4038,4.57094,3.98073,4.69228,3.55009,3.85905,4.70254,3.40983
3.67662,4.73477,3.54971,3.597,2.4909,3.87259,6.03151,5.82878,5.48983,5.79645
5.47027,4.58954,5.43839,4.76748,4.84559,3.51119,4.84177,3.61585,3.78711,6.36524
3.97572,4.10566,4.46954,4.86488,3.54532,4.34906,3.59979,5.45794,1.67285,4.57548
3.38577,5.82068,5.11356,4.89268,3.85574,2.96144,3.14568,4.4953,3.9286,5.98381
4.4551,3.94829,3.731,3.49706,4.01962,5.59616,3.61621,2.79012,4.0431,2.83715
2.96362,5.86676,3.58945,3.87705,4.69944,3.95713,3.07932,4.03395,3.27635,2.82462
2.44526,4.49604,4.39759,5.78627,4.46729,5.75145,3.96186,4.31267,2.88924,4.90826
5.37766,4.17706,5.13159,3.61928,3.571,4.76146,3.20022,5.06223,3.26512,3.16761
2.82256,5.00899,5.33785,3.60085,2.76507,2.9889,4.07715,4.60782,3.60874,4.16484
4.7473,2.90023,3.97158,3.22346,4.9181,4.30666,2.26601,4.60395,3.04036,3.67285
3.45562,3.21207,4.6994,3.34368,3.84995,4.2984,3.67221,3.35495,5.01852,3.75378
4.82335,2.56014,2.80279,4.62007,4.04635,4.03013,5.81556,4.89495,3.70377,3.37636
4.96027,2.45512,5.26423,3.58951,2.97931,4.96339,4.68674,5.0752,4.0391,3.17825
4.31618,4.12166,3.60436,4.52363,4.22683,3.99192,3.13587,4.53862,3.42069,3.50386
2.47223,4.81641,3.21362,4.58541,4.09371,3.60205,3.90587,4.73641,4.46834,3.69873
5.05909,4.98401,2.25775,4.12807,4.3838,4.05992,3.98695,3.50917,4.41667,4.33376
3.40154,2.8971,5.90857,3.48394,3.95246,4.6388,2.24878,4.35444,4.51596,4.49805
3.76632,3.86557,3.2323,5.03618,3.89103,4.54249,3.35414,3.66517,4.37987,3.62427
4.42115,3.21265,3.25966,4.95289,1.62695,5.98503,1.60611,3.09368,4.375,4.40086
6.00454,1.44734,4.77014,6.17678,6.54813,3.79768,2.86782,5.35192,3.64294,3.71571
4.94047,4.66526,3.25612,4.69515,4.56911,3.82225,2.28266,3.42131,6.58398,3.01389
5.19511,4.54068,3.75263,3.89507,1.68723,4.59185,4.46441,4.76856,2.9641,2.66037
3.12206,3.3558,3.28963,5.03906,3.42396,3.46868,4.65802,3.83456,4.95211,3.45522
5.44326,4.1866,5.16659,4.61566,4.37563,3.83138,4.07079,5.27001,3.7442,4.59567
6.842,4.25634,5.35882,5.26137,4.68588,4.349,3.51214,4.61123,6.01342,3.44701
3.64251,5.34369,3.86781,5.23232,3.27416,3.78413,3.15376,3.37584,4.08192,2.45711
3.2839,2.66057,3.61415,2.45575,3.03611,4.81945,4.69328,4.30877,3.54794,2.72864
3.02371,4.85547,2.91788,3.92705,4.2031,4.00671,5.29877,5.1288,3.04211,3.55294
2.88419,4.79414,3.31613,1.75445,5.2622,3.73529,5.40592,1.88209,2.95373,2.59113
3.86002,4.41876,3.21654,3.13294,4.68014,3.57524,3.73416,2.48511,5.16534,3.79378
3.88138,3.01994,2.13853,5.58228,3.72387,4.19943,2.81433,4.58655,4.4751,3.13062
5.20078,3.27481,3.94603,3.48678,3.42943,2.02899,3.67429,4.93523,5.60342,6.45985
3.96495,3.00917,4.65573,2.81171,3.34991,3.09589,2.81267,3.43892,2.93434,4.28994
5.19329,3.45342,2.58825,3.70717,3.44268,3.54186,4.22226,4.84688,4.22321,4.08562
2.7735,4.32783,3.50754,4.04132,4.08386,4.3206,4.98124,5.40085,5.16153,3.83536
4.52639,3.1261,5.10891,4.60938,4.12585,4.51259,3.81619,5.27754,2.51852,4.4925
4.89654,4.16643,4.53196,4.27476,2.99436,4.20855,2.8629,4.45731,4.72057,4.50456
4.1665,2.489,3.51174,4.24307,2.99538,4.76724,2.45902,5.81225,6.3335,4.14573
5.59382,3.82803,3.09182,4.99999,2.26503,4.72182,2.40151,3.67161,4.36867,4.74236
4.58161,3.8135,7.36812,3.51234,4.28927,4.38812,4.70537,4.63052,3.71017,4.76056
3.50892,4.06596,4.1276,4.93787,4.03716,3.24455,4.3342,5.2928,4.02162,3.68889
2.27736,3.06406,4.30272,4.38977,3.85304,1.60035,5.16652,2.2426,4.25664,4.36472
5.22355,6.53635,5.64406,3.81409,2.85885,4.3351,3.81914,2.70104,2.56678,2.31139
4.13606,3.64405,4.77548,2.08267,2.47983,5.13716,4.45454,5.28243,3.84789,3.56061
4.14191,5.25625,3.47187,1.9396,5.15898,3.99105,2.91023,3.1713,4.7041,4.64793
4.52001,3.39767,3.31446,3.82224,3.3043,4.54294,6.73359,4.62843,2.58838,2.53548
1.82967,5.19056,3.84843,3.92678,2.90219,3.12921,4.46923,3.94246,2.81256,6.85564
4.97735,6.09753,3.56905,5.41137,3.52412,5.60376,2.5582,3.34353,3.92848,5.09951
4.97012,4.32834,4.7049,3.03951,3.98343,2.74755,4.17788,5.13133,4.86578,4.83288
2.27062,4.29936,4.05805,4.24712,3.35517,1.68892,3.53849,3.03051,4.50911,2.9581
5.47712,4.74861,3.89509,3.74418,1.75565,3.61736,4.65161,2.77198,4.01271,3.67801
5.01236,4.98783,6.56875,3.72154,4.65167,3.30141,4.08298,4.09874,4.5525,4.18331
4.83577,4.89135,4.39449,3.91215,3.75913,3.61011,2.81594,4.51281,3.20899,4.48755
4.0456,3.08752,4.32198,4.28339,3.12478,5.08614,3.53864,3.90823,4.68704,3.42429
3.29275,4.97633,6.11286,3.90766,2.34009,4.61623,3.98812,4.37997,3.98495,5.4669
4.31887,5.21467,2.51637,4.38474,6.79841,6.06033,4.64467,3.34922,4.49172,3.79186
4.74553,5.63336,3.26737,5.03396,4.78768,5.04553,3.64306,3.13552,3.33927,3.9458
5.49761,2.44784,3.11258,3.34919,4.5431,4.77286,5.31413,5.03889,3.79817,4.65924
3.827,3.79525,4.2375,2.84171,5.19453,2.66402,4.1124,3.16063,3.68724,6.02938
1.59883,4.85424,5.36577,2.11279,4.46677,4.88408,4.79618,3.75995,2.28644,3.79033
3.89432,3.05869,3.73909,5.04417,3.26004,5.35658,5.20211,3.80937,4.78817,5.63552
5.00111,3.20239,4.74495,4.02458,4.23908,5.7273,4.8919,2.40496,1.85482,4.48534
3.4158,3.66802,5.05865,2.24162,4.74167,6.16486,4.76747,3.1099,4.64482,4.34079
5.38859,4.28344,4.00966,3.52182,4.41916,4.48499,2.48428,4.48893,4.64668,3.62331
4.16545,4.40839,5.99522,2.71204,4.93911,3.71555,4.63892,4.71744,5.02156,4.38085
5.38903,5.78714,5.04137,4.02624,3.25874,3.89277,4.4198,3.50858,3.43172,3.67364
3.64883,2.97263,3.10621,3.46064,5.22327,2.53111,5.41459,4.31387,3.09034,3.2694
4.77696,3.96867,2.61043,5.0781,4.54199,3.02424,4.19302,3.20605,4.042,2.22855
2.27897,4.03096,4.63494,3.89811,2.13981,3.92676,3.91084,5.50125,4.60697,5.07943
3.98793,4.79523,3.89515,3.47788,2.04294,1.80841,2.3236,3.10742,3.15929,2.81235
3.96436,4.63652,5.09257,4.53309,3.49898,6.93095,3.78727,3.06736,3.07471,4.05771
5.60267,3.75553,5.91295,4.40095,6.18799,4.28386,5.59452,3.4687,4.51267,5.06979
3.85152,3.24141,5.03314,4.36548,4.47139,2.96736,4.48425,4.34045,2.19693,3.41707
4.5882,4.34349,4.30221,4.26345,6.71594,4.99586,3.98474,4.31017,3.92869,3.81993
2.11502,3.99911,4.11404,4.00601,2.67622,5.58504,2.39877,3.94194,4.41502,2.80892
5.29232,3.72557,3.152,4.67016,3.19455,3.33136,3.00085,3.43741,4.30707,5.47712
5.09505,3.97293,4.11749,4.792,6.13097,3.36355,3.41289,4.39625,4.88888,3.21009
3.82601,4.32266,4.53008,4.43479,4.07955,5.33623,2.15499,1.86557,2.9886,3.20703
3.75671,3.84705,3.16402,5.62517,3.21935,2.87864,4.02926,4.62216,5.00579,3.51454
4.02219,3.28099,5.04205,3.76876,3.25231,5.04056,3.09496,5.55126,5.18966,5.05991
2.62685,1.86135,2.83564,2.73893,4.68602,5.84115,3.73427,4.48842,4.42886,4.16048
4.08468,3.40482,3.88864,4.98661,3.17098,2.20035,3.08094,4.14202,5.21385,4.9525
3.567,4.51424,4.34894,2.01216,4.3296,4.14076,4.78949,5.52991,2.22019,4.45511
4.72162,4.41282,3.15051,3.62885,3.86372,3.92706,2.14364,2.92902,4.16365,3.67766
4.73867,5.24541,4.93265,4.62164,4.79812,4.40476,3.52062,6.39681,4.73936,5.27196
2.90965,4.58683,3.85611,3.20501,4.45364,4.38526,3.71897,4.82312,4.0254,3.55541
5.1873,3.49413,4.23364,2.46153,1.9629,3.42528,4.9382,3.74971,4.36648,4.20378
4.77807,4.4153,4.57672,4.54764,2.75822,4.07449,4.02549,2.63666,1.46666,4.55864
5.0502,3.94263,2.8266,2.56872,2.54824,4.92507,4.00328,3.03443,3.51196,1.69878
4.05851,5.06881,4.73595,5.27465,2.85208,4.46672,2.13777,3.30862,5.15103,2.44695
3.93763,3.92577,4.22318,6.08671,3.20607,4.2161,3.54806,5.06154,2.33175,2.62993
4.8919,4.8093,3.73246,5.07628,2.95643,2.86804,1.87511,4.79419,3.83769,3.25696
2.62967,3.63892,3.17793,4.34133,4.01849,3.85015,4.70885,3.50725,4.2791,3.46867
3.82029,4.17,5.08444,3.56284,3.99357,4.19213,4.53952,5.00664,5.03115,5.63323
2.05756,5.07514,3.88719,3.64296,3.41636,2.72375,4.48691,5.49275,3.38581,6.33423
5.57359,2.56602,4.05961,4.59002,2.34654,3.62115,6.01075,2.77346,6.04423,3.47677
3.10871,3.09518,4.97481,5.01648,4.35401,4.29929,2.87745,5.58213,2.813,3.14856
2.82763,2.39636,2.80199,3.65601,4.32764,4.92191,1.81961,3.46365,3.95795,5.20883
3.05207,2.85078,2.73659,5.11672,3.78669,4.07335,3.50973,5.72694,5.10881,4.38185
3.05326,4.01577,2.50368,3.23671,4.81335,6.08874,3.22286,3.48341,5.32278,5.69915
3.81034,4.61621,3.52368,3.67428,5.88096,3.49558,2.01396,5.41597,4.78773,4.94065
3.25147,2.62115,3.39091,4.04986,3.33035,3.32651,4.72161,2.88894,2.83713,5.34459
5.48574,2.89045,3.21823,2.14607,6.13202,3.70121,4.64793,2.31071,2.92296,5.84887
3.60284,3.45062,3.91435,2.3706,2.81306,3.81318,4.7557,5.64526,3.37184,3.38948
3.38879,4.05173,3.24368,2.84538,3.20153,4.98798,4.38269,4.07501,3.86858,2.60036
2.96943,1.04035,3.65312,5.11193,4.92669,3.84697,5.47185,3.61627,2.04536,2.99701
6.21293,2.63752,4.02726,2.89333,3.27574,2.51968,3.9927,5.56999,5.56241,3.85173
3.21875,5.00719,3.60574,2.6169,3.45705,5.42904,2.47126,4.41853,2.84073,4.47681
5.78807,2.53612,4.03571,4.4813,4.34746,3.65383,3.82037,4.75976,2.09192,2.87389
3.75185,3.4328,5.34684,3.34338,6.51302,4.60436,4.37738,2.70756,4.14452,3.90466
4.04275,2.03015,5.14102,4.69978,3.5998,5.14564,3.74873,4.78119,3.95362,2.73446
3.51495,2.87892,4.00366,5.03395,4.88068,3.66442,3.52928,2.78464,2.596,3.07241
4.4709,4.68477,4.17996,4.93307,3.98382,5.80076,3.61813,3.80645,4.89983,4.02027
4.98158,3.20674,4.52287,2.77405,3.07598,4.49212,3.52767,3.86788,4.47749,3.62237
3.82065,4.7508,5.08877,1.01726,5.2381,5.25516,3.31155,4.22992,5.90028,5.68345
4.46097,3.20687,3.86968,4.82083,4.09471,3.74707,3.9011,2.80679,3.67299,4.09193
5.18803,5.41196,2.64664,4.08014,4.74276,5.51963,5.27198,4.56107,2.62362,3.72263
4.23491,3.95431,6.13037,5.87735,2.66275,3.38637,4.67107,3.76402,2.66948,4.9831
3.9546,3.36369,4.44993,4.53098,3.86032,3.20639,6.1895,4.67815,4.98976,3.68976
3.75585,2.45605,3.42875,5.26536,3.27238,4.66899,4.3541,4.36764,4.57633,3.60133
4.00864,3.42279,3.91592,3.26056,4.19275,5.0375,4.47066,2.87539,4.58521,3.5585
3.92431,4.26229,2.46135,3.58784,5.30018,3.9633,5.44792,4.47353,4.77849,4.25588
3.07435,4.17363,3.93389,6.04227,4.63831,2.287,2.90841,2.03403,3.48637,4.41463
3.64536,5.75153,3.84491,3.36646,3.52073,3.68191,4.6491,5.61339,4.86635,5.4957
3.35403,4.86036,2.9095,5.32576,5.06598,2.48892,3.22653,4.31824,3.52606,5.24282
2.61721,2.48383,4.57542,3.68961,4.24526,3.43165,2.14711,4.18734,4.90309,4.98548
4.3408,4.04842,4.55328,4.6844,5.03566,3.92055,3.92843,5.04617,2.25002,3.52898
1.08298,1.64236,2.67526,4.62824,4.75299,2.88236,3.72622,2.96541,3.30371,3.44589
2.54775,5.27834,4.20093,3.49543,3.26554,3.41052,4.68057,5.01996,3.46017,6.77613
2.87062,3.74482,5.61573,3.07488,4.09612,2.95808,3.80289,2.88959,5.36573,4.22331
4.81571,4.97905,4.14315,2.45223,3.17945,5.05391,3.02541,3.51877,4.55729,3.36213
3.938,4.66987,4.32872,5.05198,5.77782,5.13956,4.71298,2.91088,4.96703,5.90027
4.92507,3.54016,4.89582,2.71367,3.93197,3.37934,3.46155,5.26494,5.56741,1.09553
4.64293,2.93236,5.56824,4.60481,4.94201,4.37292,2.79264,4.42442,3.51651,3.54081
3.22856,3.02557,3.5051,3.72023,4.74321,3.31007,4.06433,4.13362,5.25594,4.16792
3.48751,2.94906,3.39959,2.76992,3.29419,3.48488,3.43799,4.78266,5.15353,3.39631
4.89769,3.80563,4.34653,4.21836,4.44968,4.83225,2.73216,4.96,2.46892,4.18156
4.14366,4.19989,4.72108,4.46146,2.77451,5.42333,2.90702,2.8655,3.49928,2.63139
4.02775,3.48657,5.07323,4.41661,5.2092,3.15663,4.31951,3.88783,3.98197,3.27577
1.73897,4.29858,3.74406,2.05783,5.0532,1.70715,3.81131,1.99909,4.35185,3.61188
3.83684,2.79957,5.81502,4.80888,4.46536,4.59945,4.15527,5.30587,2.63811,6.31442
4.27588,3.95815,2.55845,4.05986,3.01542,5.86935,2.36082,3.46767,3.69113,5.6058
3.6855,4.47438,4.51002,4.90483,3.95484,3.55066,5.21845,4.37374,3.91313,4.13367
3.67797,6.1522,4.62759,4.16278,4.13636,3.1735,3.9006,3.45018,5.45674,4.33402
4.00557,2.7842,3.00563,3.02123,3.955,4.74017,3.40108,3.80707,3.29771,5.01277
3.96511,3.12,4.48941,2.66719,4.53398,4.31609,3.76896,5.13477,5.01504,2.55934
3.57248,5.30679,3.10831,4.66491,2.74351,5.23074,2.84655,2.04731,3.69829,4.77219
5.53571,3.51245,3.53496,2.97755,4.32384,4.06917,3.64692,4.33267,1.30578,2.72308
4.53214,5.15085,4.50352,3.64493,5.68066,4.03119,3.83331,3.29855,0.83149,4.62433
3.48077,4.06691,3.62987,2.68807,4.31758,3.45475,4.29452,5.04978,5.17876,4.84595
3.15432,2.43478,4.46959,3.2142,4.88843,4.04379,6.3422,5.69506,1.80961,2.62459
5.26177,4.55301,3.8715,5.59697,3.85419,3.72731,2.78669,3.26348,5.26556,2.51332
4.26236,1.40623,4.07559,3.82134,4.37314,4.97721,3.17237,3.53126,3.34585,4.47557
2.99675,3.8581,4.14279,3.39388,3.08336,3.74422,4.12522,3.37278,2.80401,3.10577
4.77642,2.97091,4.48754,6.08309,3.93521,2.85028,4.71877,4.06144,5.40675,4.10588
4.53245,5.89225,5.4958,4.38717,4.30575,4.22584,4.87093,4.08222,5.4401,3.99996
2.57241,4.21322,3.96252,3.65078,3.75384,3.76774,5.32588,5.78545,4.3722,3.26587
4.44292,2.71308,3.70225,5.39578,3.74926,3.69151,4.08655,4.71043,3.40461,3.46524
5.21994,4.51241,2.71681,5.07872,3.89069,3.87806,4.64831,5.68729,4.43364,4.93697
4.9356,5.24193,4.56087,2.60625,5.14656,2.30526,3.16266,1.85643,5.35637,3.42379
3.2619,3.02434,2.91125,3.8993,3.06482,5.37459,1.55903,4.10785,3.62195,4.95218
3.57831,2.64948,3.11641,3.9321,4.6631,2.67106,4.26245,4.48633,5.35199,3.80521
2.59433,3.86279,4.50686,4.95316,4.84906,3.23451,3.43545,4.69369,5.37409,4.56823
4.36769,5.34474,3.8812,3.96779,4.44829,4.93837,5.97777,4.68737,3.91343,3.60487
3.72237,4.60681,2.18111,3.2223,4.57556,3.15959,5.09567,5.00364,5.77636,3.69999
6.49222,4.9381,3.63094,2.4935,5.22806,5.29565,4.9787,2.08196,3.37825,5.87804
4.27604,2.71584,4.18061,5.3764,3.54923,4.18047,3.53003,2.83638,4.38981,3.46966
4.78388,5.30376,3.70874,4.96764,3.82465,3.89315,1.90057,2.25415,2.92103,6.02438
3.42196,4.50237,4.75659,4.33417,3.69984,5.12493,2.39785,2.89769,4.05336,4.78548
4.6754,3.42822,3.93082,1.88604,6.21026,3.79556,5.13167,3.4867,4.76724,3.04123
6.02512,4.43987,4.94979,4.31829,5.02304,3.58926,5.14241,3.5838,4.46152,3.62026
4.37122,2.56438,4.91737,4.32809,3.22736,4.92576,5.09998,5.85898,3.86466,3.25102
3.88611,4.72282,4.1676,4.79239,3.05104,3.33602,3.02417,3.92892,3.96298,2.69371
4.15118,4.05144,5.71951,3.62095,3.64135,4.80537,3.78204,3.29248,5.12618,5.25525
5.44226,4.36042,3.80473,4.76497,4.71397,4.42031,3.7814,3.18818,3.76869,4.2175
3.5922,3.40566,5.63055,4.47591,3.91194,5.49205,5.09092,6.5656,4.16765,3.97624
3.64517,3.66656,4.0264,5.81741,2.75536,4.82126,5.07019,4.46702,2.73739,3.05809
5.11004,4.03426,2.69642,3.59282,3.65889,2.55801,4.36508,4.06452,4.22233,3.60281
3.1875,2.78158,4.09725,3.50056,4.06406,2.84575,4.71654,3.62402,3.07959,3.50105
4.47227,4.72975,3.43227,1.94062,2.75453,5.47567,5.58197,3.46614,4.00141,3.07366
4.14991,4.35345,4.8009,3.51288,2.60397,2.42633,3.0164,3.10245,3.28724,2.58976
5.25052,3.54678,3.11539,3.08128,4.44839,5.08376,4.12208,4.61777,3.42427,3.99962
3.81952,3.22106,5.28698,3.33564,4.5517,4.08041,1.41993,4.90466,3.86574,4.94009
3.51112,4.57136,3.93983,3.9447,3.08789,3.48377,4.93925,4.8258,4.46531,3.72944
3.4533,2.9392,3.31403,4.88592,3.47952,4.32154,3.49703,3.60476,3.70591,5.71556
4.08222,5.15079,4.22641,2.65961,2.31406,5.93853,3.86179,4.39935,3.53875,4.02699
2.91361,2.2531,3.00064,4.49483,3.64757,6.65791,4.9125,2.5018,3.66764,4.37317
3.12194,3.30526,4.23876,4.32537,5.31102,5.18157,3.48864,4.34368,3.60212,4.75434
2.33327,3.20125,3.93525,3.51352,3.62484,4.36979,4.69073,4.64657,5.45301,2.7544
3.3845,4.84444,2.75166,4.0328,4.90992,5.4018,5.71291,2.76448,4.81024,2.21021
4.2765,5.1268,5.20504,4.02942,3.54871,3.09296,4.06854,4.11347,3.18918,5.42792
5.53046,4.64123,3.18475,4.41442,3.28778,3.42225,4.11271,5.10533,4.45043,4.29119
4.53935,5.89058,4.84583,4.429,3.03811,2.60266,5.08583,3.63883,5.07703,4.27967
3.64317,4.79521,4.03694,2.35368,4.55985,4.1104,3.53523,3.18144,4.16386,4.06282
3.12298,3.97247,3.63839,5.42383,3.62479,1.93034,4.51856,4.25052,2.76124,2.51017
4.6471,4.80639,2.8018,2.31365,5.14662,3.1733,5.79712,4.82041,3.85065,5.73417
3.98585,4.23549,1.81021,3.12942,3.83082,3.63089,4.0225,4.27977,4.2436,5.39786
4.40161,5.61216,4.37812,2.7073,4.83742,2.74704,3.84039,4.97676,3.72413,4.20022
3.89644,5.00194,3.67173,4.20417,3.15356,2.31836,3.48966,4.00141,3.69752,4.11879
4.28994,3.8673,1.53019,2.73016,3.6392,2.41794,5.7695,3.00086,5.37565,3.09441
4.39137,3.07381,4.49044,4.39171,3.47859,3.13943,3.88253,3.22357,5.53469,4.61426
5.05952,5.24812,5.04394,2.59183,4.26862,5.44043,3.33909,2.44461,3.96298,3.84127
3.91991,5.0595,3.23813,2.93849,3.1215,4.99485,5.1733,2.2705,5.36552,2.78421
5.69959,4.6017,6.53566,5.1327,4.97665,2.76191,3.3602,3.87755,2.56633,2.83813
3.9599,1.89637,2.9602,5.55602,4.15104,4.35896,3.50022,3.33389,4.10829,1.77479
3.56613,3.67608,3.97696,3.9427,4.00805,3.63379,2.8883,4.16768,3.69839,3.92792
2.67828,4.78115,4.31094,4.39239,3.75163,4.5314,4.35922,4.07421,3.41345,3.63559
3.91961,2.50668,5.71892,4.78621,2.9198,3.83746,3.6895,4.11192,5.27627,3.16717
4.27792,4.13821,3.44279,2.99919,1.80142,2.67649,3.26923,4.69796,4.10815,3.25431
3.23597,4.58017,3.67118,3.81074,3.5931,2.55099,5.49911,4.89005,3.39109,3.96597
4.36159,4.07394,3.97497,2.47641,3.89852,4.99204,4.51649,4.77607,3.38867,3.57898
3.95901,4.9938,4.04845,3.77482,2.98446,5.9435,3.90442,3.58065,4.95631,3.41256
3.09325,4.57307,3.56309,4.90962,5.09862,4.64434,4.26615,3.95623,3.55053,4.09883
4.76913,4.15322,3.89577,3.46954,4.29473,3.18963,5.10674,4.54043,4.15223,4.72962
5.58759,3.80833,2.09347,6.42417,4.14837,5.25048,5.95353,3.58351,3.43367,3.5615
4.71668,5.14544,3.65089,3.28718,5.56012,3.59322,0.994738,4.8657,4.33358,3.85021
5.41598,3.51674,5.4626,4.66393,4.10251,1.11754,3.73843,3.56872,4.52826,3.62405
5.55974,5.09989,3.27665,2.96611,3.37437,2.17361,4.20016,4.29326,2.98404,3.15286
6.56718,5.22425,4.13753,2.16429,3.38344,3.61576,6.40204,4.10007,2.91765,6.75345
4.42868,4.71518,4.00764,4.08836,2.50588,2.85152,4.49243,4.19801,4.52316,5.15737
4.37575,4.56908,3.75394,3.98673,3.90167,4.83705,2.4089,4.87517,3.6296,3.83843
2.57052,5.20748,3.6801,5.17919,4.72666,4.04945,2.93587,5.83903,2.68597,3.30519
5.55764,4.97508,3.79277,2.84112,2.72384,4.3938,1.75758,3.4346,3.41928,2.83068
5.59673,3.76782,2.68573,5.1298,2.36039,4.31637,3.60985,4.0808,3.74698,4.22354
2.76798,3.36296,3.70392,4.53725,2.68754,6.17129,2.82854,4.59116,3.87403,4.11762
4.30084,4.20889,4.89287,3.69566,4.17676,4.11335,3.25155,4.57641,2.58724,4.17951
4.34825,3.14944,3.10837,4.05311,4.48582,3.8489,4.52225,3.81448,4.92274,5.18574
5.46491,3.11338,4.53962,4.30883,3.76695,1.81547,3.35809,5.08246,2.26996,3.12798
5.21874,3.6651,5.82343,6.41846,3.9352,5.36308,2.96212,4.36349,3.16937,3.79454
4.15675,3.61718,3.02147,4.3594,3.53146,1.41011,3.61862,5.51881,2.83921,6.89118
2.12239,4.67493,4.49638,5.08892,4.93356,5.39977,3.32208,4.16063,2.97298,5.42756
2.74783,3.00996,4.08328,3.9303,5.78379,1.99479,4.07576,4.29305,3.44535,2.38138
3.99609,5.98232,3.03226,2.89478,4.86654,5.43267,4.51888,3.75666,3.94015,4.5266
4.5276,5.2328,6.04465,1.52205,4.86507,2.93734,3.16498,4.25119,3.99036,2.73038
7.12909,4.41275,3.01638,4.42414,3.97937,4.58228,3.76542,5.02013,3.6974,2.98933
4.81003,3.6484,5.30226,4.80043,3.6878,4.32518,4.50561,3.26747,4.22033,4.06992
3.56328,3.23546,3.13112,1.8322,4.05219,5.11272,4.34699,2.45347,5.43583,4.25687
4.87353,3.9699,5.56602,4.70242,1.7148,4.62457,2.32621,4.29128,3.49222,4.06661
4.11862,3.55136,4.47014,2.92931,3.47609,3.76516,3.35165,4.72006,4.26241,3.58727
5.03618,3.82509,4.00643,3.66605,3.8374,4.77841,4.03146,3.92313,2.7206,2.82784
3.68891,4.95969,4.68551,2.93212,2.92358,2.92252,2.18734,2.90203,3.67699,4.67642
2.34045,4.27487,4.73499,6.24179,3.48943,4.99577,3.45227,5.16033,5.42378,5.33857
3.2223,4.07534,2.52,5.15426,3.91035,4.42657,6.47551,3.64191,3.65502,3.97649
4.0784,1.82899,5.66282,3.63548,3.49299,3.56579,4.33271,4.14014,3.67557,3.40701
3.46322,4.67614,5.31396,3.51367,4.36833,3.66079,2.69527,4.74566,4.25524,3.96833
3.16556,3.59787,6.23014,2.74721,2.7825,1.49777,1.59143,4.40507,4.68892,2.49591
3.258,4.01819,4.0145,3.16684,4.77627,4.37286,4.9222,2.92915,4.67857,3.29995
3.05373,5.15397,3.9428,6.04453,3.54107,4.59288,4.5232,5.23143,3.92344,2.82062
3.66681,4.55459,2.49918,4.29427,4.0194,5.30914,2.43084,2.81546,3.17546,3.41465
3.96017,3.60051,4.85465,3.99987,5.5978,4.6352,2.16916,4.37367,2.57252,4.10197
3.33383,3.55417,4.72568,2.4932,3.60869,4.94237,3.63296,4.13152,3.11064,3.26229
4.05749,4.16706,4.1479,3.8832,3.42859,3.92097,5.26836,6.08783,4.50726,3.37948
4.21487,2.17132,3.52249,4.47439,3.54605,2.71553,5.06815,3.49232,3.85508,5.17635
3.147,2.91071,2.53529,3.9779,4.54879,2.53488,5.90546,5.2253,2.96305,4.70413
3.6976,3.18867,2.65834,2.83034,3.50672,4.83062,3.65951,6.08381,3.37979,2.67757
4.04217,5.61359,5.26826,4.4125,3.45453,3.06221,4.01581,4.88943,1.92748,4.71649
5.45741,4.11069,3.52781,4.79167,4.53245,4.42781,4.45233,6.0806,3.9392,2.76323
4.62096,3.90584,4.34658,4.71047,4.51395,2.82464,3.96768,3.89049,3.39976,4.0046
3.90084,3.74647,6.3256,4.22483,5.89761,3.96342,2.95668,3.69485,5.31799,2.95334
3.89047,4.2489,4.49603,3.45895,5.01592,5.1515,3.10824,3.94463,5.82389,5.30644
2.92159,4.45593,6.05629,3.29856,3.56531,3.28914,4.28557,3.87073,4.08362,3.85748
3.78836,4.00336,3.66649,3.86875,5.71518,4.9585,3.82992,3.02826,2.6353,3.2796
3.20085,4.79135,5.11041,4.56587,3.10089,3.94443,4.01061,4.15078,3.46867,5.46629
4.46911,3.5613,3.95259,3.94489,2.47604,3.4919,5.3384,4.38068,3.73705,2.56969
3.71,1.10101,3.59627,3.42048,3.99088,3.08263,4.32137,3.90946,3.53526,2.98978
4.10019,4.71049,3.40274,4.15807,3.38967,3.08132,3.21503,5.18532,2.88485,2.52626
2.70579,3.47053,3.53095,2.99704,2.13627,2.94322,2.98175,4.09858,4.67726,5.07454
1.33505,3.96754,3.51714,3.8281,3.91237,3.45649,3.77563,1.12211,3.05231,2.86542
3.4934,4.07706,4.71997,3.06593,6.13666,4.86073,3.72514,4.02603,4.45756,3.81353
3.56303,3.03217,4.30744,3.14512,3.72388,3.88647,4.1674,2.87536,4.66905,4.67386
3.403,3.11227,3.96604,3.78742,2.59465,5.80879,4.32835,3.74065,3.15645,3.89395
3.82976,5.13543,3.0004,4.11823,4.25343,5.16633,5.32797,2.77909,5.39585,4.20372
3.918,5.24216,4.3668,5.35216,2.68607,4.79006,3.85073,3.08221,4.20571,4.64203
4.10943,3.37041,6.08344,3.92761,3.68877,5.71129,4.42776,1.67786,6.47144,3.97474
4.32202,4.6527,4.82652,4.77744,4.34704,3.70423,2.39065,3.36651,4.59405,4.71613
4.2649,1.51858,4.39989,6.27578,3.94562,2.21839,4.12675,3.616,2.47937,2.98177
3.06958,3.41118,3.8935,5.69351,3.66147,4.56895,2.68448,3.94062,4.07183,5.90986
2.63608,3.70346,3.79172,5.10434,4.01923,4.65404,4.23587,3.43384,3.07805,2.56016
2.45665,5.37447,4.17445,3.8424,4.77645,3.96151,3.18459,4.58138,4.74171,1.69056
2.70243,5.52032,2.47598,6.0722,3.82629,2.5015,3.62228,3.68772,4.21772,2.70627
3.5557,4.81028,4.02727,3.53105,3.67748,4.59326,2.8169,2.82117,3.14408,3.72263
3.85165,4.87566,2.13522,2.51803,2.56029,3.75963,3.45678,2.28126,3.93197,2.83535
4.45936,3.96025,3.15875,4.78998,5.33991,5.12881,5.27033,4.22948,2.69561,2.22596
4.24819,3.05184,4.59268,2.74286,4.53308,3.12206,2.02775,2.83971,4.41665,2.77835
1.74748,2.91581,3.07328,4.07735,3.61684,1.85921,4.64013,4.75429,4.44728,4.35304
3.51777,5.25199,3.58487,3.58483,5.30683,2.59607,3.57291,5.36795,3.14212,4.24176
3.9892,4.40205,4.58146,3.34725,3.87972,4.18767,5.15343,4.76622,4.50952,4.61709
3.7557,4.75498,3.728,4.52437,5.38112,3.59679,3.76532,5.32218,3.70472,4.50059
4.11548,5.087,3.36321,3.7505,4.56597,3.3308,3.20074,4.82373,4.09382,5.27396
3.98121,5.00785,3.3589,3.65808,5.47498,4.91368,4.11314,3.18788,4.92961,3.50892
4.15205,5.8316,2.79449,3.26149,3.84223,4.52512,3.80561,5.74781,4.10183,4.57528
5.62757,4.24854,4.24264,3.59188,4.16195,4.67846,3.74889,3.61777,3.67109,3.03817
3.51457,3.87128,5.25696,2.8216,4.35184,5.27382,4.86442,2.75268,3.90817,2.92585
3.52527,3.75263,5.32321,3.27206,2.86832,5.13001,5.48723,3.9695,3.94166,5.77001
2.07579,4.46035,4.41438,3.33452,3.56676,5.64577,4.089,3.28299,4.69713,5.56956
2.49233,4.51886,5.24452,3.04354,3.37341,1.26273,4.66151,3.9392,3.33077,3.9455
3.03437,5.11172,3.59937,2.89606,3.52616,4.40974,3.51575,6.35631,5.22707,4.40532
5.82089,5.4611,4.33612,3.7335,5.35042,2.18652,5.44873,2.47173,3.9508,4.60751
4.02008,3.02875,4.61246,5.21154,5.4877,3.65682,3.04104,3.50875,4.42954,2.22388
3.5498,4.6905,4.00016,3.81905,4.78438,4.01665,3.05659,4.10932,4.72505,3.35631
6.55847,6.57503,4.15033,6.15644,4.56711,4.02155,4.43588,4.04591,3.74465,2.02978
5.5514,2.54202,3.90714,3.47842,5.34453,2.94745,4.76554,4.3193,3.91403,3.21328
5.05461,2.91281,4.15761,4.69598,4.0293,3.20711,3.7742,4.54346,4.3748,4.04992
4.49663,2.27728,6.0016,2.09171,4.79704,4.00931,2.9825,4.71321,4.42507,4.39458
3.65599,2.89716,5.67088,1.31847,3.5528,4.23129,4.65381,1.74917,4.22578,2.01543
4.09738,5.45845,3.43117,4.58939,4.17079,5.05069,4.21427,5.54159,3.90875,2.21103
3.30535,2.95103,4.71645,4.1228,4.70763,4.07794,4.24256,4.47526,3.66228,5.3883
2.648,4.8882,4.20745,4.83521,4.04618,2.65124,6.01945,4.80104,4.10724,3.39101
2.65748,5.11767,2.11428,3.50084,2.12367,4.53605,2.73865,5.15418,5.60838,3.50312
2.79553,3.49046,3.42889,2.9572,5.0534,3.29173,4.41117,4.90757,5.20281,4.60604
3.86901,5.95879,4.11532,4.33262,1.97949,2.66547,2.24416,6.26106,6.22672,2.59407
4.27293,3.2883,2.69404,4.06269,4.23517,2.52752,4.13712,2.04882,4.8278,4.80545
4.64309,3.74523,3.0063,4.78667,4.43762,4.14586,2.99413,6.31677,4.94385,3.99696
4.22032,3.49264,4.05105,4.50295,3.35094,3.50805,3.80299,2.26789,3.75407,4.0954
3.51209,3.8437,2.86402,2.12317,5.64355,4.4381,4.57821,4.30773,3.4396,5.31769
3.16326,5.20468,6.1674,5.10146,4.11043,4.1303,4.91758,3.51748,4.95342,4.85964
3.18496,3.60482,5.03739,4.067,4.62085,5.28741,4.69413,4.27337,2.94741,6.08277
4.77431,3.29852,6.54996,4.29544,3.5627,4.24451,4.44476,4.71127,3.5773,2.69957
2.1613,3.68064,3.58266,5.26438,4.25512,3.29538,4.22536,3.89,3.86995,2.35419
2.71439,4.92343,3.44936,4.71296,3.60429,2.1989,4.09519,3.9752,4.79937,4.89052
3.09157,4.08438,2.79239,4.31173,2.01457,4.06049,4.81477,4.51275,3.76795,4.07836
3.25375,3.65336,4.45441,3.62241,2.60034,3.20784,4.93003,4.55142,2.57422,3.87424
4.07904,4.35019,4.02477,3.74295,3.64225,3.6082,4.46666,4.92849,3.13512,4.61593
6.00942,5.51867,3.63898,4.71711,4.31809,4.46583,3.80061,2.50801,5.21187,3.90066
3.93791,2.6906,3.96043,4.40694,4.52415,4.75474,4.44909,3.95975,3.33431,3.76914
4.215,4.43511,3.70581,4.82582,3.70524,2.42874,4.50839,3.71644,3.44272,5.61871
3.93014,6.21729,4.12111,3.62018,3.50177,4.59459,4.43692,2.56021,2.75475,3.50229
5.08372,3.01434,4.23141,5.92374,4.58788,6.52812,3.60294,3.41399,4.57329,6.18269
3.05151,5.42533,3.20702,4.12956,5.83435,4.03836,5.88109,2.34665,5.01932,3.48119
4.8835,3.18503,4.15264,3.0881,3.13317,5.13226,3.72698,5.94718,4.55718,4.63538
5.68445,3.87044,4.07657,3.21394,4.18286,3.11652,4.24803,3.4278,4.64952,3.92464
3.25794,2.93254,5.59174,4.21036,4.9399,5.1897,3.40099,2.18293,4.02005,3.81768
4.72498,3.95812,2.54003,4.47702,4.90431,4.7834,2.75579,4.62843,4.39769,3.8009
3.03042,4.07616,3.87504,4.9707,5.70225,3.75707,5.02999,3.51289,3.5543,5.70725
3.03275,3.3171,5.44954,5.83328,4.376,3.26846,4.40941,5.16601,3.92287,4.7993
4.6317,3.52633,2.94217,3.14569,2.90999,2.46331,4.54438,3.89219,5.44895,4.555
4.38334,3.99995,2.02842,2.93311,3.55431,2.37234,3.10826,2.53783,3.85404,5.39404
2.98283,3.60668,4.1786,4.39327,3.0025,3.66361,4.25281,4.20767,3.65013,7.24697
4.33843,2.892,3.27902,2.46318,5.37474,2.50404,5.55814,3.89285,3.70132,4.66302
4.40035,4.64315,5.42198,2.89531,5.50677,3.24863,3.42562,4.91919,4.55925,4.02772
4.44291,4.16782,3.4347,2.87661,4.75169,4.93105,3.23512,4.10923,4.17158,5.13489
3.87951,4.57886,4.68184,4.54586,4.97394,5.01028,3.19526,4.03482,3.71157,4.78007
3.49476,4.35032,3.18891,3.76386,3.92441,4.33762,4.22084,3.82938,3.16836,3.29147
3.68475,6.097,3.89856,2.58766,3.50723,4.50657,3.5276,2.93338,4.00787,4.20194
4.74618,6.49189,5.38123,4.5518,3.32208,4.30117,4.95399,3.43249,4.47577,2.98383
4.14921,3.86932,5.46184,6.11546,3.06682,4.42784,4.62649,5.8058,3.52143,5.0876
2.81892,4.48387,5.08378,4.15123,2.86987,5.40337,4.40998,4.71771,4.80861,4.15856
3.26511,4.07724,3.78058,5.24479,3.05563,3.04074,3.53254,3.8811,4.08949,3.35086
3.33923,4.70011,3.13729,6.86045,2.14442,4.26368,3.32684,3.44022,4.95383,3.29931
4.40856,4.03144,4.51308,4.38687,3.57096,5.21047,3.11369,3.61233,2.99185,2.59425
3.98017,4.43702,5.01275,3.21249,2.67441,2.78906,3.21314,3.01088,4.56944,3.64587
4.59227,4.25222,4.09056,3.81963,3.11027,2.19823,3.2019,5.11259,4.69497,4.75087
4.65356,4.07287,5.81177,3.89943,5.94939,4.45978,2.7981,4.24874,2.82303,5.11275
4.90424,3.20794,3.16516,3.03963,3.33565,3.50566,4.11585,2.92999,5.03585,3.13618
4.56195,5.3744,4.30874,2.27948,2.89846,5.02941,3.44299,3.93763,4.40352,4.40437
5.06907,3.97157,3.52063,3.1671,3.73604,3.6315,2.82405,3.84195,4.28374,2.79607
4.2305,5.87624,2.9857,3.32855,4.49631,4.72839,4.19482,5.02158,3.22326,4.1372
3.70842,2.66112,2.90901,2.79438,3.54112,4.58333,3.77383,4.05826,4.12515,2.77372
2.29658,3.36693,2.88796,3.4428,1.97356,3.90056,3.76903,3.2267,5.46619,4.34367
3.93255,3.6325,5.07275,3.07439,4.88164,4.55558,4.80329,3.00155,3.17107,4.01987
