10
3.53539,4.15168,5.61185,4.86521,4.02379,4.65968,4.60192,3.31668,5.5528,4.64433
3.55111,3.20674,4.00605,4.65624,2.37241,3.30881,6.09614,2.46226,2.14276,4.61032
4.45505,4.09378,5.36724,4.53815,3.99022,5.10516,3.78381,4.88304,4.91989,2.97849
5.16972,2.18759,3.53976,3.82824,3.96992,3.20013,5.06108,3.84164,2.80988,3.40452
4.65612,2.09587,4.83126,2.68219,6.15691,4.12234,4.36702,3.30357,3.43694,4.0424
2.7736,2.99987,2.87787,4.33265,2.35513,4.78928,6.21234,5.29891,5.13741,3.65262
4.15351,6.12359,2.7922,5.03265,3.99388,4.81952,2.23451,4.41959,4.8185,2.73609
4.08,6.09065,3.72368,3.50881,5.01673,4.66394,4.67581,4.97438,3.87221,4.11501
4.16179,5.62693,3.77328,4.2455,3.74926,4.33125,3.9517,3.07771,3.04052,4.00764
3.31168,3.59813,3.64079,2.80258,3.19914,4.02666,3.40991,4.42534,3.63609,3.60444
4.23243,5.30574,2.19745,3.63847,5.4635,4.05281,4.22357,3.46327,3.26603,4.26982
5.90874,4.68617,4.83667,3.77258,3.0646,3.67943,3.03237,4.57218,4.02203,2.00806
4.75644,2.46963,4.97412,3.64336,5.22111,3.94765,4.01142,6.1433,4.25533,3.0643
3.85971,2.59128,6.24541,2.69397,3.64325,5.36072,6.6113,4.57683,2.01402,4.50428
3.75143,4.53215,3.80647,2.88713,4.10727,5.39763,5.06796,4.68976,3.0529,4.51856
6.30517,4.33724,5.2389,2.35498,5.17274,3.70862,3.41658,4.68288,3.21445,1.52124
4.74582,4.5173,5.05608,4.33863,2.73287,3.27459,6.41985,2.5576,3.40656,3.6546
4.71791,3.70984,5.06027,4.53729,5.12653,3.88889,3.56417,4.85608,2.7844,5.09576
3.91837,1.64103,4.32557,5.00329,3.84344,2.18297,3.06931,2.3033,3.7602,5.87214
5.24601,4.23342,3.98654,4.60453,2.26099,4.31803,4.68983,4.32708,2.83924,3.57378
4.15235,4.2289,4.91691,3.96989,5.99777,4.13538,2.86479,3.51259,3.32371,5.2317
3.58857,3.92376,2.96493,3.61667,4.75975,4.43548,4.46608,4.45464,4.84743,5.13763
2.2829,2.58156,4.18519,4.41987,2.89232,4.32992,3.53225,4.2125,2.90841,2.21977
4.30006,3.97746,3.47429,2.70272,5.26993,3.71561,4.68338,4.53611,4.59603,3.74869
4.07589,4.24346,4.21053,3.47204,5.42804,4.57057,4.1653,2.66412,3.75614,2.25414
2.77131,4.42211,3.28464,3.86081,4.3076,4.00295,5.49566,2.88655,3.67521,2.70448
4.87144,4.03148,4.96408,1.55604,3.06369,4.80353,3.95826,2.44909,5.08732,3.53193
3.7112,2.48408,4.21126,3.72255,5.13693,5.29936,3.81441,4.72712,3.7912,3.46173
4.58127,5.18823,3.36795,3.40363,4.47553,3.8719,1.79107,4.70441,3.68479,1.5953
4.41177,3.32546,1.41376,4.18295,6.05125,3.42036,4.69717,5.06887,3.53286,5.54669
3.52454,5.13584,2.60975,4.8263,2.76407,3.74126,5.00409,3.15433,3.68237,5.47671
4.66524,4.02595,2.78707,3.80278,5.06142,3.27997,5.95759,4.22961,4.89791,4.56068
3.2018,4.68274,4.09489,4.54867,4.37579,3.32788,4.93439,2.98779,4.43749,5.32326
3.95642,4.86587,4.46288,2.7749,5.06601,3.9495,5.45397,4.95814,2.42962,3.71699
6.39308,4.94594,4.51437,3.8946,5.94226,3.75374,3.64548,4.68959,3.87817,3.30793
5.0301,4.33775,4.43751,4.01111,3.50444,2.11206,5.29027,4.5528,4.66392,3.17765
4.84242,4.35162,4.98173,3.12865,2.98113,5.62806,3.97677,2.25548,4.09131,3.77796
3.16631,3.00297,5.85727,4.27566,4.10189,5.33771,5.28289,4.64411,3.45128,4.52792
4.03923,3.92048,3.10426,5.49404,3.0365,4.60791,4.23988,1.14319,3.98018,4.01309
4.85183,4.08679,4.61379,2.8978,2.46162,3.94877,3.51656,3.56163,4.28272,2.69153
5.20552,3.3955,4.80717,5.61228,4.41289,3.39668,3.2219,2.5646,4.55973,3.85427
2.43001,4.66601,4.40993,4.20472,2.3063,4.24025,3.97644,3.59117,3.19817,4.56252
2.5145,1.86307,3.5283,3.99678,3.68203,4.57277,4.51695,3.32576,3.93028,5.28055
3.67307,4.6596,5.44636,5.1705,4.34867,4.59873,4.90791,4.10174,4.60841,5.04789
5.57846,5.59824,4.21943,4.13883,4.03037,4.23499,6.1906,3.34992,2.97536,4.19275
2.91799,2.53882,4.34948,4.04394,4.33856,2.4579,4.67502,3.56817,3.85485,1.48033
5.50924,2.84941,3.91108,4.49483,3.31485,3.91174,5.83776,4.92322,4.08712,3.46673
5.02989,4.79843,3.65179,4.97885,3.91637,2.02964,7.15413,3.57076,4.31125,3.78995
3.44874,4.09536,2.73123,3.80952,6.26172,4.44619,3.50469,4.89327,2.42579,4.0327
4.88235,3.31969,4.52406,3.66716,4.89263,3.09933,3.36615,4.708,3.24017,4.85286
5.27277,3.63628,3.91381,3.71799,5.15708,4.32274,4.44823,2.97343,2.52342,3.96663
4.28492,4.18381,2.05017,4.49082,5.27307,5.53452,3.34605,4.56598,4.55035,2.96665
3.97742,4.29205,4.29747,3.70342,3.13171,5.30003,4.0293,3.74723,3.36881,2.90215
3.25114,5.54334,3.49779,5.36859,4.21668,3.70747,5.17704,3.23051,1.94631,3.62649
3.84801,1.60069,4.34119,2.60748,3.54633,3.5122,4.9897,1.72831,4.60511,3.20966
4.55328,3.95445,3.51006,5.92071,2.12519,4.98543,4.46005,3.81583,3.69401,4.73489
4.46382,5.52733,4.68493,3.99037,5.78547,3.75185,4.78098,4.8529,4.60291,4.47645
4.09452,4.09173,2.75298,3.54746,2.36532,3.30282,3.43769,3.0896,4.14533,2.78988
4.27741,2.86354,3.82619,4.20258,4.55275,3.55976,3.87852,4.9852,4.49042,2.94752
3.53931,5.96668,5.18662,3.64626,2.91566,2.76774,2.07661,5.46826,4.86615,4.67892
3.66412,3.03433,4.64633,4.30362,2.28735,3.68748,3.66492,4.20824,5.15747,2.96325
5.08042,3.96921,4.79878,7.03109,4.64929,3.23106,3.14189,4.47645,3.33201,3.78571
4.6382,2.18416,4.33623,4.80221,1.47371,4.16152,2.6913,5.775,4.49835,3.93786
2.16298,4.46296,3.43416,3.83201,5.15164,5.11194,2.60552,3.46163,3.61508,3.35657
3.66808,4.11607,3.1216,3.99599,4.79865,4.02371,3.20949,4.08178,3.30753,4.80856
3.09348,3.90275,3.94858,3.42842,3.26687,3.77663,3.89942,2.3592,5.74197,3.18861
4.51055,4.03183,3.7754,2.57339,1.95144,3.76144,3.76067,4.64085,4.9213,2.81928
3.31436,2.98019,3.81621,3.79193,4.75876,4.83568,3.34383,3.00716,3.74055,4.40338
4.77865,4.82758,3.87334,3.74993,4.32606,3.55581,4.11238,4.23665,4.36576,2.98964
2.94309,3.53229,4.75391,4.20004,5.21653,2.35282,2.45371,5.0462,3.7775,5.16601
4.75988,4.02448,5.00393,4.39261,3.56481,5.72579,5.45698,4.07084,3.74933,3.49852
5.58512,4.82989,2.68132,5.93031,3.09249,3.11058,2.82367,5.86834,4.09277,5.44873
5.46363,2.47831,2.28797,4.14924,5.63102,3.28602,4.16359,4.2432,4.59923,5.10166
4.90394,3.10703,4.65515,4.86868,7.02732,4.1601,3.69991,5.47596,4.04401,3.52979
6.22308,3.7815,4.75766,4.31206,4.0204,3.56861,4.13639,3.96438,2.59345,3.84839
3.11915,4.03252,2.91635,4.19069,3.11525,5.43654,3.64384,4.88746,4.00525,4.27342
4.34748,1.20235,3.29081,4.35365,4.36971,3.277,2.02134,4.7748,3.29522,4.60618
3.18339,4.21692,3.72142,4.17484,5.30978,4.18427,3.53347,5.43679,3.11658,4.00992
3.21699,5.11201,4.05551,4.13657,4.34365,3.99711,3.67468,3.39068,3.84822,3.98915
5.63468,4.91223,3.84144,4.75258,4.44156,4.08628,3.78776,3.39328,3.40377,3.87666
2.38024,3.06058,4.18048,4.14325,5.95006,4.32516,5.13628,3.84864,4.44557,4.23656
3.96675,4.73817,5.60838,3.94872,4.00571,1.50711,5.60011,0.963778,4.50832,2.26057
5.25691,5.14755,2.809,3.58027,3.40816,4.19316,5.17009,2.17241,4.62871,1.19583
2.68502,3.32954,3.5748,3.6855,3.54102,4.1016,4.14018,4.34893,4.13166,3.50934
4.14638,2.92285,4.03693,5.00905,3.98904,2.85973,3.38842,3.94277,4.65467,3.87618
5.14612,2.80788,4.01237,6.32876,5.17776,4.6288,4.60517,4.42842,3.62553,3.02969
3.78794,5.93588,3.27061,3.75123,6.2285,4.89315,3.73789,3.02076,1.51577,5.03037
4.35752,2.55513,2.70493,3.97389,2.45036,5.03476,4.23656,5.80116,5.63117,1.07602
4.71859,4.95691,3.80595,3.43088,3.22038,3.89403,3.56201,3.13634,4.22045,2.02442
3.70919,3.3369,3.15899,4.5002,3.52401,6.03608,4.23166,4.15101,3.06668,5.62767
3.34898,3.52995,4.53685,5.72789,4.55682,3.33273,2.03763,4.57402,3.79789,4.18557
2.08506,4.63233,3.64148,3.00548,4.65887,4.40725,3.22936,3.41606,4.11238,4.25074
4.16808,5.1713,5.04109,3.97474,2.87113,2.93981,4.6898,5.1976,6.26142,2.4919
4.14854,4.29643,2.40094,3.61498,4.56118,4.12021,2.25918,5.32288,5.57396,4.27663
4.31056,4.25497,2.25918,5.09247,5.01112,5.00288,4.31877,4.78115,4.97874,3.28884
3.88709,4.03254,4.49872,3.2935,4.4476,4.83521,4.58254,3.41699,3.15398,5.73037
4.69275,5.48653,3.07691,3.98288,4.59428,4.30832,4.55354,3.83917,4.32436,4.17892
5.04204,3.55578,5.12195,4.33589,4.29373,3.42171,3.41402,2.68708,3.76915,3.66728
5.70466,3.77746,3.96596,4.86194,4.45142,4.43845,5.29072,3.92078,4.30067,4.02159
3.95163,3.35062,4.15969,4.70164,4.60869,4.50023,3.62166,3.40097,3.13384,3.50377
4.84412,3.56565,3.28877,3.53246,3.17932,3.33801,5.53047,3.72339,4.08044,2.22696
2.72481,4.43637,3.47744,4.48419,3.84491,4.42288,3.49094,4.83297,3.00461,3.57865
4.7642,2.71761,1.65141,3.4008,3.39218,3.32479,5.1973,5.05619,4.08275,3.44179
4.80577,3.24448,2.58193,5.35215,2.83603,6.54487,5.06734,5.05259,4.636,4.59145
6.34306,4.49852,3.00716,2.43029,2.90461,3.43364,3.46593,3.28283,3.3887,4.54574
4.09537,4.35757,4.92129,3.75017,2.64914,4.58624,4.87395,3.52389,2.26181,3.27752
3.36971,5.2553,4.62891,3.62229,3.97836,2.9551,5.76842,3.26515,4.79283,4.48027
3.70935,5.24855,6.01245,2.38554,4.73843,6.35445,4.06745,1.85764,2.28886,4.02635
3.92339,4.63265,2.73763,5.02387,2.97256,3.69155,4.46874,3.24365,3.23443,2.9687
4.21903,3.34034,4.77976,5.57217,1.438,2.78372,4.15842,5.87519,2.84532,3.60655
3.06261,3.7713,3.36161,3.87377,3.98737,4.46432,3.87256,3.08144,4.07334,3.40556
4.5697,5.02296,4.91392,4.56241,4.88011,0.722848,5.07517,2.69594,4.50803,2.96825
4.32596,3.37056,2.70807,4.15899,3.8757,2.7047,3.6438,2.7564,4.93685,4.15861
4.20527,3.29129,2.77686,4.19112,4.13445,3.21618,3.93116,2.84258,3.69342,4.30606
3.55817,2.59811,1.33073,2.4102,2.85604,4.19945,4.81894,4.00273,3.25258,2.19827
2.59913,3.25067,2.944,3.17259,3.4545,3.03885,5.19318,3.66396,2.26901,5.40569
4.08737,4.26582,4.08556,4.80186,3.40293,4.8899,3.51701,4.88243,3.77518,3.60576
4.83337,3.60687,3.21432,2.87012,2.4643,3.94573,3.22967,3.18441,3.85572,3.84153
3.45435,3.46546,5.87011,3.51845,3.88305,5.25959,3.80624,4.03911,4.03447,6.3256
3.86847,4.93182,3.54266,4.2943,1.68583,4.49504,3.9613,5.23166,2.719,4.82608
4.42968,3.0379,3.05868,3.58936,3.32698,2.98019,4.32027,5.13721,3.38041,3.10797
4.24625,5.1792,4.80796,2.12288,3.72491,6.23183,4.52331,3.42905,3.76901,4.64988
4.14715,3.89953,5.52541,2.64334,3.44007,5.46942,3.84014,4.58933,4.91439,4.92274
3.03785,4.79301,4.05564,2.22257,2.97583,2.0107,4.38187,2.32566,4.33775,3.72834
2.93139,3.57334,3.83425,4.23744,4.65856,4.9301,4.13983,3.71626,3.17799,4.67143
4.66276,3.34062,3.31383,2.78504,4.21907,5.78618,3.87056,4.01514,3.35404,3.93042
4.13281,5.46861,4.91096,2.18094,5.22244,1.76808,5.124,3.50918,4.35852,3.56221
5.61522,4.79528,4.01282,3.7785,4.45929,4.72907,2.92724,4.39194,3.97612,3.17083
2.20985,2.99678,4.6891,1.63244,6.43935,3.91003,2.99134,3.71424,2.98168,3.509
2.88008,3.57944,4.06658,6.71273,3.59297,2.77392,4.56248,3.00551,4.40127,4.49206
5.19382,2.05897,4.29348,3.7779,3.17968,4.22758,3.96716,5.46597,4.98613,3.91519
5.14568,4.38777,2.65293,2.56821,2.5367,3.70551,3.01033,3.85413,3.80993,3.11527
2.369,5.26403,4.47165,4.50835,4.58615,1.47161,4.7404,4.58766,4.23448,3.82655
3.33884,4.56578,6.38318,5.0241,6.42391,4.99749,4.77051,2.90177,4.15262,3.08116
3.66113,6.46367,3.70874,3.92442,2.91111,2.71673,5.64517,3.91666,4.99673,3.41554
5.63894,5.73841,2.70497,3.83124,3.85471,3.64442,3.21823,4.95021,4.57013,4.48655
4.98133,3.58405,4.73694,1.40389,4.23181,2.13118,2.34014,4.969,4.7654,2.82808
4.90439,3.97002,2.63953,3.36397,2.06954,4.02685,4.87283,4.48724,4.92367,6.04234
4.48328,3.53323,3.06954,4.45556,4.33293,3.92246,2.25299,3.817,2.9646,3.27463
3.21597,2.51065,1.53719,4.79467,3.33135,5.68958,3.88956,2.69574,5.04471,2.92089
2.43635,5.126,5.15672,3.3416,3.08441,2.35912,4.90936,4.22558,4.02262,4.18668
3.1964,4.16415,2.35226,3.58323,4.92305,4.34923,3.68629,5.03411,3.76992,4.43022
4.89581,3.76487,3.60113,3.9289,3.85296,3.29112,4.79556,4.76046,4.25357,5.08936
2.44214,3.05771,3.53219,3.69487,4.68109,4.90524,4.59091,3.31431,2.30403,4.11119
4.93619,3.01169,5.25224,3.2826,3.89149,3.97229,5.3549,3.80107,3.36708,2.95161
4.7952,3.19243,4.85021,2.6175,3.88345,2.73356,3.14035,4.68476,5.72112,3.40284
3.82096,4.35447,3.53205,5.743,2.80434,3.78668,4.28611,1.74663,4.40996,5.01933
3.33954,4.77046,3.39022,5.34343,4.73891,3.67385,3.59464,5.51863,3.29655,2.39054
5.08777,2.73361,3.72589,4.59429,4.93213,2.9135,3.04565,4.31265,3.65601,3.7504
1.71335,3.35391,3.21505,4.11447,1.43238,2.70632,2.89707,4.25385,1.89616,3.53147
2.25243,3.93149,4.05616,2.19921,4.84679,4.59973,4.12854,4.02332,3.73464,4.09505
4.32521,2.8954,3.91334,4.34095,4.17734,2.53361,3.76776,5.50952,3.59817,5.19272
4.23084,3.74884,3.34006,4.50139,5.7244,3.702,3.0683,2.08387,5.43107,5.17317
3.17265,3.31088,3.79786,4.28947,4.00963,2.89116,4.44412,4.11248,3.49424,5.69655
2.91728,3.6691,3.22639,4.72598,5.0053,5.23087,1.90587,3.04374,5.21578,4.25043
2.56947,2.27618,5.9645,6.20671,3.01793,3.72764,4.19862,4.79461,5.80069,3.78119
3.37079,5.87486,5.40693,3.96088,2.82199,3.65297,4.19398,4.26058,5.40435,2.6187
3.83717,4.03949,5.58753,4.77332,4.4211,2.59389,5.02035,3.45893,4.13219,3.03115
2.77747,3.10529,3.61046,4.23213,2.93319,4.78212,4.7365,3.96673,2.43574,3.55322
3.24931,4.13436,4.3646,3.67017,2.75895,2.82563,4.853,3.64018,4.7296,2.23464
3.55499,4.13209,3.82593,3.58275,4.62068,4.21531,5.37846,3.97797,4.81776,4.13175
4.85906,4.71168,3.14804,3.92954,4.54055,5.04571,3.30703,3.62766,5.94305,2.90539
3.51016,3.37543,2.29615,3.43442,4.14462,1.99384,2.48971,2.53195,5.1255,5.5836
3.49943,4.40715,6.197,3.70499,3.4266,4.58877,3.4067,5.14815,2.69155,4.37869
4.47576,4.01613,2.50578,3.78395,4.30837,3.63764,1.66954,5.30518,2.50618,3.21626
4.12651,3.89723,3.78694,3.8441,4.06532,4.79599,2.30764,2.51198,3.97965,4.04141
4.06914,1.60744,3.26106,5.36567,4.082,6.01957,2.8563,1.65969,3.96212,2.68962
2.8034,4.997,3.29824,3.44779,5.07672,4.40797,4.88735,4.03268,4.06287,2.98489
4.10023,3.25082,3.87034,5.23259,3.52709,5.32193,4.12327,2.94169,6.03796,7.21283
4.17598,3.92781,2.84217,4.17691,2.64307,4.80249,3.82754,2.34401,2.60638,2.34137
5.37837,1.95745,1.6498,3.10895,5.27971,5.84272,5.05132,1.79442,1.80379,-0.771283
3.59599,4.50795,3.82511,5.25708,4.33491,4.00481,0.744634,5.21349,6.25119,5.24358
4.41187,4.21186,3.66397,5.13596,1.55704,4.34571,2.99804,6.22122,4.24114,3.53196
5.30537,3.73376,4.41216,5.02243,3.90257,2.40939,1.60554,3.92514,4.07585,5.41379
3.95905,3.58275,4.9928,4.47752,4.17335,5.66154,3.09834,1.94665,3.05697,3.72606
3.94729,5.37864,4.30966,3.95772,2.09718,3.66297,2.58012,4.71392,4.33097,3.82211
4.0465,6.12359,2.62433,3.90923,4.23291,3.96545,3.78482,4.56598,5.01364,4.71791
4.29066,2.79534,2.74697,5.60919,4.47256,5.25014,3.84409,4.61739,5.06552,5.92264
2.41295,5.33737,2.76864,3.11482,3.88309,3.58336,4.35059,4.35738,3.25822,3.85803
4.67317,4.01419,4.60998,3.80605,4.90271,4.34186,3.63176,4.0087,3.32532,4.14014
4.03437,5.16662,5.35446,3.38564,4.66275,6.86615,3.78376,3.01021,4.39775,2.02506
3.72666,3.29915,5.67702,4.41845,3.07663,2.53426,3.93711,5.34862,5.67599,4.21628
4.39432,4.28042,4.3491,2.3819,5.84258,4.9859,6.10779,3.74876,6.05865,3.98141
4.00889,5.27643,3.68011,5.34265,5.19823,3.20552,3.75086,3.59236,5.59791,4.02587
4.27624,5.11023,2.09004,4.49457,4.81681,3.03278,6.18512,4.66994,3.16981,6.41592
3.1754,3.30986,3.64159,1.72296,1.91449,5.14057,3.69572,4.00243,4.93053,4.43804
4.16363,4.95553,3.04437,4.55712,4.11801,2.14184,3.10319,4.83267,3.78879,3.38499
4.31792,5.36244,4.45313,4.10981,3.3899,2.00183,4.50842,3.70981,5.66506,3.68374
3.5834,5.33144,3.11564,2.06351,4.7437,4.27131,3.69345,3.90085,3.94297,2.93021
4.95931,4.23298,1.57843,2.82304,2.99375,5.37001,5.28421,5.96026,4.87219,4.50988
4.25335,4.69057,5.10937,3.2682,5.4721,3.67484,3.03799,4.58214,5.11823,4.9917
4.75881,4.54951,5.5599,3.20233,3.06117,3.23303,2.2105,3.794,3.85228,3.40122
5.59048,3.64133,4.79272,4.6932,5.14799,3.68051,2.67801,3.28785,2.05357,2.27664
3.87748,3.5944,2.81581,3.77995,4.36505,5.0895,3.8862,4.42922,4.48575,2.3911
4.26835,3.17396,3.93255,3.94466,5.24966,3.78439,2.61278,4.32387,3.85406,3.1585
2.13999,2.56897,3.00208,4.1477,4.85663,1.74482,4.12414,3.05154,4.71294,7.08818
3.80047,3.76298,5.66727,6.66065,4.47543,4.48081,5.88376,4.02996,2.36256,3.45837
3.73241,3.50284,2.7329,3.48356,3.91983,3.40006,4.34544,3.32664,4.77679,4.50965
6.16126,3.24738,5.07531,6.34165,5.13979,5.98333,4.37683,3.8349,4.1912,3.73082
2.05147,3.29956,4.23971,5.53236,4.04998,5.12374,2.74061,2.98226,2.9596,3.44285
2.87123,3.68166,4.03395,5.17039,5.39904,3.49731,4.5494,4.71481,4.89095,3.57753
3.91799,4.20337,4.45803,4.38295,4.1832,3.96616,5.67802,4.57386,4.57658,3.97423
2.45583,4.36373,4.52367,3.64298,4.59975,4.72261,3.45116,4.59054,5.61825,3.93902
4.07773,4.48558,4.46392,3.5478,5.19695,3.02889,3.76037,3.62462,3.63617,2.6118
4.99547,4.78214,3.55381,3.28285,3.85027,3.7794,2.86219,4.20191,4.81485,5.86706
3.98965,3.66675,4.03689,4.96831,5.67033,4.26818,4.2877,3.67702,3.61391,5.30483
4.68386,4.56349,1.80415,3.75115,2.88674,4.65653,4.36404,2.928,4.98874,4.62689
4.93211,2.93901,3.82502,5.01476,3.94661,3.78218,4.04603,4.45998,4.808,3.02621
5.03228,3.16231,5.18646,2.74793,2.96494,2.33049,4.21291,1.81937,4.84132,4.60975
4.59059,5.05812,3.24154,4.38121,3.78988,3.07905,4.36838,3.95337,7.2139,2.51471
3.15555,5.86818,5.29936,3.46046,2.64306,2.19768,3.40415,6.08254,4.51102,4.44683
4.3269,5.07146,2.96748,3.72055,5.00463,4.32999,3.30356,1.7931,4.01432,3.56126
3.36865,4.82883,4.06262,4.12825,3.11648,4.025,4.45247,5.03922,4.10062,5.02344
2.9077,3.25105,3.19018,3.61916,2.77075,2.93171,4.12795,5.01549,4.16303,5.05441
2.96871,4.46043,3.71572,2.57079,3.49029,4.03378,3.91945,5.48043,4.75691,4.70594
4.7636,3.66727,4.5131,3.07566,3.72534,4.12045,3.59246,2.28874,3.45741,4.25132
5.41405,5.1975,3.67479,5.75561,5.79424,4.01321,6.47877,4.75457,4.24624,4.83301
3.72698,3.82822,4.62724,4.62056,5.0627,4.00445,5.32349,3.80732,4.67845,3.38933
5.58458,5.25425,4.88471,4.7454,4.04217,4.86243,4.04093,5.55407,2.13781,3.93353
5.32686,4.21778,4.98988,4.04591,3.1472,5.0056,3.60036,3.24709,4.57482,3.64813
5.56935,3.32369,2.31016,3.71063,5.14751,3.93013,4.77236,3.27101,4.56943,5.06589
3.13456,4.31527,3.17479,4.31307,4.40118,3.38553,4.56208,3.58663,3.75692,1.84019
3.02414,3.20554,4.00884,2.14108,3.72362,2.48943,3.95123,3.23413,3.6966,2.51365
5.12531,4.23669,4.0434,3.64851,4.33087,4.95853,4.58395,4.01175,3.1776,5.82885
4.26184,3.10838,4.65857,4.27231,5.38816,4.83087,4.99952,4.24197,4.30186,4.07513
3.5553,5.84143,2.96739,3.07885,4.27549,3.56137,4.72742,2.89523,3.435,3.57231
2.92572,4.56928,5.38871,4.36318,3.73775,7.43688,3.76167,4.048,4.61394,4.02769
4.74951,5.23923,4.90041,5.02181,4.6668,2.01709,2.49952,3.71696,4.13935,3.44605
4.2952,3.96347,2.7548,2.92725,3.97305,5.59589,4.1452,2.60982,2.81663,3.93485
3.73317,3.61247,4.73471,3.53294,5.39931,3.81913,4.22692,4.28805,4.68176,3.09465
3.28502,4.17078,3.47853,2.64346,4.57333,3.89106,3.9582,2.4727,5.03522,3.61825
1.89798,4.30746,2.91206,2.58503,2.66872,5.47666,3.26343,3.84082,3.81007,1.99196
3.16754,4.94743,2.43849,7.28226,3.50307,4.33064,4.41264,4.53485,4.86057,4.2481
2.11828,3.35824,3.98558,5.31495,5.28398,3.3218,4.70784,4.72165,4.5224,1.69833
3.50377,4.43135,4.2946,4.32547,4.08295,3.75625,3.01645,3.91028,2.6379,4.39813
4.54861,3.07735,4.51559,6.17082,3.95165,2.47844,3.61265,1.98396,2.4626,6.00406
4.29375,3.2861,4.96497,2.70441,4.37023,3.22262,1.90644,3.02565,3.18534,4.79114
3.00572,4.88346,3.25706,4.21822,3.73119,1.72367,3.50099,5.12376,3.33757,3.3272
4.09467,6.68672,3.09956,3.73786,4.07157,3.92147,2.86465,3.5407,3.83692,4.62854
6.22986,3.40804,3.06461,3.89724,3.08875,4.04432,5.18072,4.74684,3.78483,3.28963
4.99412,3.52076,3.70893,4.61858,5.06519,4.02501,6.59463,2.62615,4.89866,4.07691
5.00023,4.533,4.28599,3.93652,3.14692,3.63752,2.68719,5.13915,4.95091,4.70802
5.34675,4.04378,3.13729,3.66656,5.78599,3.66189,4.66472,3.03543,5.01927,5.27604
6.40276,3.13082,3.66341,4.04214,3.58182,5.06446,3.91621,2.55763,3.5425,4.37714
2.70422,3.21643,6.15396,3.54947,4.49774,3.92379,4.04143,3.5665,5.46263,4.42723
2.84779,3.83117,2.07046,5.94313,3.27841,3.86407,1.38082,4.46995,5.82577,2.17472
3.33784,3.44826,4.04532,3.29689,4.07032,2.57097,4.00905,3.41809,3.93092,3.19722
3.99493,4.97815,2.51757,4.46012,3.35286,3.40835,3.11858,3.91297,3.58822,4.27305
4.51538,4.3414,3.23263,3.58145,6.15928,3.23909,5.7508,3.84792,3.76214,2.91556
5.07017,4.45328,3.23046,3.39062,3.15795,4.13125,3.93193,2.59079,2.81603,3.73379
2.52645,3.27041,6.10805,3.99064,4.26785,2.8389,3.88453,3.697,3.71264,3.18448
4.33782,5.04149,4.15663,4.11896,5.00062,3.97038,3.30726,3.84559,3.54962,4.32405
3.32842,4.49244,4.15287,4.4053,3.99412,5.05755,3.35732,3.93778,2.71222,2.66615
3.65368,4.12821,1.89003,4.19549,3.58965,2.34797,2.61845,4.51764,3.00853,3.58745
4.0382,2.86572,4.51384,4.90308,3.69866,5.45132,3.9925,6.24359,3.42256,2.01523
5.68354,5.74892,3.39526,3.74558,4.16979,2.78182,3.83168,4.01938,4.51401,2.32156
3.16635,3.51197,4.87132,2.06565,3.90024,4.59448,4.14578,5.07239,3.51159,1.84674
7.12148,3.52971,5.6077,2.56463,5.50132,3.27164,3.57151,4.35067,4.69996,5.18295
4.28267,2.52001,2.74219,2.59565,3.42258,3.65666,3.95653,5.26945,4.74403,3.02705
4.40185,4.72216,5.91517,4.34747,4.26588,3.22053,4.42602,3.07119,1.78785,3.26936
2.82978,3.67119,2.79214,3.6986,4.17101,3.81243,3.49378,3.34621,1.29871,3.98292
3.0454,3.1294,4.013,4.51013,3.95938,3.88908,4.26,3.75882,4.93494,3.66436
3.56343,3.18266,2.72783,3.93257,4.3765,2.74342,4.59337,5.0632,1.59681,3.81779
5.42185,5.52972,3.25177,4.47588,4.65819,4.40644,3.31336,2.57172,3.4789,4.88116
4.70653,5.94411,4.01864,6.59661,4.74293,4.73739,4.89793,3.2016,3.0481,4.36885
3.95096,3.90187,2.60715,3.88742,3.22503,5.83769,4.18386,3.3923,3.33989,4.17699
2.728,3.04177,4.6843,3.54456,5.7314,2.32839,4.56551,4.95382,4.48304,5.19753
3.53709,3.60363,4.53605,2.34025,3.47229,2.71162,3.93669,5.40123,4.57729,5.00371
4.78862,3.83481,5.21555,3.60823,3.49644,3.22136,4.35285,5.01613,3.74968,3.52122
2.99282,3.84363,4.72601,2.65157,3.96217,3.41054,3.98694,2.77435,4.48384,3.47623
4.02115,5.95908,3.09956,4.02554,6.14464,2.92416,5.81367,3.13328,2.79164,3.20096
6.41893,5.24639,4.36101,4.47174,4.21324,4.05726,4.83002,4.16612,3.62759,5.41455
5.79033,4.41499,3.1904,4.19613,3.61765,4.58562,4.12425,5.61609,3.20635,4.16919
5.16428,1.81956,4.21439,4.81316,2.89851,3.72808,4.20424,3.50852,4.66935,4.24872
4.13565,3.37613,3.02859,4.31864,4.57315,5.10843,3.74396,4.37433,4.12713,3.38304
3.45884,3.7022,1.18314,4.33063,2.3372,3.49263,4.27264,3.45676,4.18475,4.9998
2.9867,3.15481,4.75556,4.95169,3.08497,2.12331,3.68317,4.32911,5.58706,3.69324
5.35594,3.50361,3.56316,4.0438,3.4679,3.04879,1.90537,3.02745,2.36692,3.21528
3.17085,3.37934,4.12258,4.54175,3.85722,4.4492,4.40454,5.25251,5.06865,2.81745
4.20626,3.3809,4.27333,4.09197,4.99094,4.90677,3.77792,3.51802,5.45132,4.37676
2.76332,3.80662,4.36627,4.57013,2.50424,2.77779,4.04361,3.63282,1.96609,2.95839
4.11192,3.52688,5.56213,2.97515,3.47868,4.22105,5.63378,5.66492,5.44869,4.82252
3.32174,4.8895,4.03152,3.05945,4.37385,5.77839,3.58765,5.87136,3.63879,3.62398
3.77833,2.80796,3.0328,3.48741,4.92952,6.1409,5.43742,3.65138,4.45217,4.24566
3.63618,4.09783,2.85962,3.89561,3.54864,5.38244,2.49512,3.17893,4.46495,3.97365
3.69034,3.10848,3.73918,4.50445,3.18289,4.31693,2.0888,6.29195,4.2265,5.11923
5.32283,1.73439,3.69176,3.29311,1.7198,4.95777,3.55835,2.64183,1.81649,2.69121
1.21392,5.00948,3.6196,2.53151,4.38703,4.25067,4.43052,4.11574,4.68973,4.04769
3.11636,3.85284,2.86476,4.88592,3.69738,3.15267,4.51683,3.3813,4.3748,4.04653
5.32991,3.861,5.34848,4.43505,3.94727,3.26872,3.40514,2.93331,3.16328,4.60389
2.81644,4.2209,1.96719,5.36146,3.58896,3.56964,4.47411,4.84464,3.37762,4.04096
2.4192,4.74123,3.70122,4.72434,3.27205,3.19998,3.05162,5.25005,3.06306,2.01585
2.99009,4.82169,3.02179,2.94681,3.7523,4.83806,3.12917,5.27858,3.15496,4.8854
3.64297,3.68787,1.76533,5.36438,2.73942,3.44066,4.91479,5.42691,3.94101,3.4062
3.86874,3.33167,4.00028,3.68912,2.62895,3.89038,4.19059,3.17052,3.4343,3.4015
5.36311,3.72552,3.50567,2.7999,5.19759,3.85183,3.35537,3.45812,2.83092,2.21044
3.60508,2.2932,5.15552,4.32056,3.9967,2.27027,2.86658,4.27172,3.96213,2.88741
4.27948,3.24124,3.11257,3.52785,2.9842,6.58173,3.15,5.64221,5.05329,3.92779
3.18419,2.54999,3.47967,3.42381,4.75745,5.27227,3.63232,3.48575,3.76903,3.62907
3.45614,3.29952,4.15172,1.79443,5.88653,3.98304,2.84196,5.16613,6.04246,4.80039
3.45649,4.81447,3.0765,5.41758,4.53252,4.07832,3.1991,3.27455,3.84043,2.8929
2.05957,3.97277,3.96235,4.57608,3.78019,4.17969,3.67927,4.0454,2.29494,4.69132
7.08279,4.93432,3.17982,4.50317,2.20202,4.85181,5.44822,4.52777,6.04717,2.76413
4.34999,4.39588,3.7839,3.64159,7.13669,3.97534,6.01385,4.96627,3.12442,3.66442
2.25158,4.83741,3.1748,5.55274,3.60422,2.6512,5.39073,4.33994,5.86627,6.48536
4.83464,3.87549,4.5195,4.87415,1.79156,4.43847,4.09056,3.64206,2.97542,3.99934
4.938,3.61755,4.63809,5.55608,4.90692,4.55817,3.97766,2.29887,4.92338,4.23212
6.22499,4.64531,4.34725,5.38508,5.48372,4.48962,5.03194,4.30398,2.32894,4.66641
3.84831,4.85612,2.96692,2.9618,2.60452,4.76793,3.1947,3.72886,5.4278,4.18167
5.83988,4.56766,4.36272,3.27427,3.44648,4.53008,2.22035,3.3359,3.82853,3.38173
5.33208,4.29964,6.03409,1.82285,4.72343,4.22051,3.63725,4.21428,4.10625,3.27795
3.08466,3.94548,3.22689,4.84444,3.83149,3.85047,4.08302,5.12806,3.97305,2.85421
3.55524,5.34964,3.94004,3.68956,5.50054,3.74978,4.91125,3.40999,2.68997,4.40189
3.95405,4.9166,2.3953,2.74757,3.13133,3.59243,2.4474,4.40309,3.82465,4.8935
3.54777,4.55014,2.64509,2.98967,4.63361,3.78824,2.43308,4.08309,2.17053,3.58346
2.54754,3.35528,5.05194,3.84195,4.19079,3.39747,3.84604,3.79114,5.3099,5.02149
4.49588,4.0638,4.55192,5.59125,5.62556,3.37976,6.3381,3.77341,4.9233,4.6336
3.17221,2.17408,3.9867,2.7283,3.17938,4.38803,4.94083,4.54165,1.94751,4.8743
3.23433,3.13059,4.86553,4.44391,3.97945,4.32621,2.84754,5.74487,2.88468,4.13361
3.94078,5.20447,4.58058,3.28297,3.09856,3.611,4.37086,3.96184,3.22302,6.67692
4.93518,5.5292,4.39574,4.27,3.83539,6.27688,4.713,4.66785,4.28764,4.91084
5.66037,2.37767,3.42342,4.89919,3.24703,5.00369,2.80243,3.29148,5.20834,5.87177
3.77915,4.75167,3.51967,3.9608,4.97825,4.45759,3.10528,4.72855,2.82547,3.62409
4.82542,3.65562,5.6209,5.15148,4.54976,4.36489,4.12177,3.85569,4.81176,3.86091
5.94341,5.04945,3.58647,5.87579,3.614,3.15361,3.50536,3.22102,4.74155,4.61247
2.34766,3.91249,3.63792,4.02058,4.95881,5.39448,4.9857,4.12109,4.50527,4.85187
5.45421,3.63749,3.00604,4.63371,4.92062,3.96888,5.93728,3.69895,4.4679,4.37338
6.21165,4.08685,3.01856,2.7625,4.88573,5.24132,4.52117,3.67301,3.34558,3.41248
5.10549,3.50075,1.93542,4.28608,5.40798,4.04054,2.47041,4.60465,5.18893,2.05146
4.10253,1.94171,4.61699,3.11625,3.26207,3.87402,4.88661,5.17363,4.32177,3.77279
3.88716,4.59051,2.78542,4.06785,2.60963,5.51115,4.91752,2.33422,2.60735,2.23124
3.39048,4.01764,1.77446,3.85861,6.54126,4.22865,5.71174,3.46315,3.80928,3.64773
4.45927,4.10569,3.66041,1.04983,2.83659,3.43015,4.77532,4.35698,5.68681,5.4889
3.112,6.15348,4.64643,3.17551,3.95353,3.47331,5.67567,4.89308,3.46757,3.58021
4.12675,5.5938,3.50255,4.93628,3.0735,2.60456,4.66093,5.19707,3.5773,3.98293
3.54454,3.16192,3.85651,3.0041,3.72473,4.45833,3.33344,4.54319,5.38737,3.47375
4.28589,3.70048,4.41646,4.76034,4.6,4.22722,3.72099,3.02612,3.08676,4.26761
2.07006,5.34878,3.98059,5.06135,4.58449,4.78317,4.24285,3.48991,4.75158,5.58024
4.43993,4.02095,3.31989,3.16341,3.78324,3.9646,4.49396,4.41734,3.22461,5.2463
3.7648,4.12571,3.6652,4.19259,5.1961,3.54273,3.13321,6.00186,3.20694,2.89812
5.24494,3.43099,3.42525,4.7595,5.07923,3.27743,4.96753,3.13844,5.64031,4.97799
2.8107,4.38167,3.9523,4.03741,2.54048,3.87548,3.86934,5.6669,4.84841,4.66117
4.41113,5.50219,4.519,3.84909,3.55147,3.51517,5.01605,3.87761,2.74247,1.6362
3.88166,3.43054,5.85838,3.00314,4.65525,3.46445,2.07464,2.2783,4.18627,3.90158
3.18922,1.30797,3.60854,2.71549,4.92279,4.08216,3.00686,3.19024,2.19622,2.98718
4.55292,4.53772,3.3611,3.12382,5.43293,5.35894,4.26813,3.36758,5.08605,3.55433
3.96532,4.20234,4.03562,4.21036,4.89732,5.54925,4.91414,4.14874,3.92579,4.19319
5.43701,4.67213,5.26669,3.43946,3.05745,4.13362,2.32379,2.76868,3.78111,3.84994
3.74762,5.42989,4.02015,3.68811,3.82018,2.83661,5.38677,5.34276,5.85334,5.52243
5.37392,4.998,3.67158,3.91116,4.19543,3.86316,3.70934,4.97283,4.07761,4.1043
4.22504,3.12851,1.08795,3.76448,3.58455,4.73269,4.54325,3.5839,1.72661,4.29406
3.09358,2.45896,4.2312,5.89794,4.39124,5.47147,3.95064,5.81907,5.95747,2.60653
3.2012,3.88496,5.2543,5.21076,4.96449,5.09176,2.27543,4.49916,3.94287,3.86546
4.03073,3.84673,5.83097,4.33594,3.48844,2.65984,4.21074,4.36299,4.08556,5.25975
4.33069,2.94603,5.41782,5.53306,3.28414,4.27589,4.40721,2.96154,3.57527,4.06782
4.71862,3.9893,6.32571,3.50494,3.68509,3.97922,4.0874,2.98393,3.82812,4.54425
4.11243,2.96742,4.12249,3.51327,5.6451,4.21212,4.65201,1.52955,4.80058,4.16026
3.82182,2.8061,3.54334,4.70772,5.11269,3.0764,4.83284,3.63879,3.43793,4.42934
3.88961,4.44445,4.12932,3.07053,5.06159,3.73135,5.69513,2.53328,5.54168,2.44317
5.77085,4.01071,3.73447,3.59275,4.52562,4.06202,4.32879,1.12111,6.31184,3.01543
1.99315,3.43952,4.49485,3.41659,3.69802,3.38452,5.06708,3.3129,4.12302,6.75291
3.31338,3.20683,2.63434,2.49975,5.09967,4.46989,3.19339,2.22876,4.00076,3.35397
4.92953,4.17972,3.28826,3.90781,2.75297,2.84557,4.39672,4.7126,4.48619,2.68625
4.12441,3.92826,6.13386,2.19589,3.04056,6.87236,4.66674,3.64616,3.7312,3.23829
4.16747,4.79512,4.55552,4.17099,5.56252,3.32501,3.81404,3.26091,4.85328,2.09559
4.15309,4.74109,3.85328,4.23541,2.8636,3.66697,3.76509,4.87813,2.54005,3.64398
6.86352,4.49407,4.68969,3.87597,5.76515,3.4613,4.99736,5.4347,4.20164,3.80499
5.32061,4.21443,3.42932,3.43904,4.64296,6.30006,3.69953,4.45354,4.37981,6.01099
4.97955,5.07731,5.10758,5.03087,3.60195,2.95081,3.60814,4.96523,2.67137,3.054
3.95293,3.44684,4.36641,5.58676,4.10859,5.73638,3.46151,4.61644,2.17715,5.31981
4.89257,4.20008,4.41134,2.98458,4.20739,3.67334,1.93269,3.64685,4.55644,3.66124
4.81261,5.06265,3.86138,2.63804,8.12921,4.95325,5.11285,1.91375,3.57649,2.4331
5.53236,3.66174,4.22905,4.19379,3.47136,4.72355,3.14533,4.61978,2.37648,2.50144
3.58304,3.31316,4.71357,3.16562,3.78971,4.04121,4.50907,4.34881,6.84472,3.22884
1.85752,3.74909,3.7973,3.88308,3.94013,4.4087,4.46263,3.44522,4.16629,3.56414
4.11688,4.06147,2.7425,2.83902,3.49046,6.18453,6.4537,3.56537,4.00388,3.57694
2.0528,6.01307,4.95182,1.65874,1.98388,3.88842,4.05666,2.53537,3.56923,4.25929
4.77983,4.43504,4.72994,4.00159,3.15961,4.24821,2.50978,2.92764,2.71977,3.01301
4.0436,4.15424,5.30442,3.44764,3.04193,3.74918,4.66072,5.54924,4.86677,3.94118
5.39834,5.44034,4.56898,3.64662,4.7071,5.40579,3.52529,3.52829,4.24524,4.43091
3.73664,4.07616,3.96598,5.47681,4.53008,4.25375,2.40358,5.51736,5.38121,5.94707
3.83598,4.64524,3.9144,3.90213,1.88225,3.88612,4.72429,4.43106,4.95047,4.61043
2.97903,3.93219,4.37219,4.55739,2.46402,3.39942,3.22128,4.14476,3.21073,5.5909
3.76021,4.53178,5.14394,3.96906,4.64025,3.44849,5.10636,3.12662,1.90641,4.02645
6.30653,4.74971,2.13747,4.16163,3.71724,4.3754,5.76316,1.2795,5.42162,3.72332
3.42764,4.76427,3.85699,3.58907,3.42208,3.53046,2.42646,4.75588,5.41859,3.79835
3.88306,3.39742,3.80672,3.73738,4.82839,4.33907,3.96696,5.6222,4.93976,3.33156
4.39577,3.51927,3.22271,4.84712,1.00057,5.4087,5.76309,5.11619,5.59731,2.30337
2.49434,3.71365,3.31699,3.84155,3.20802,4.09411,4.64067,3.95548,2.47289,4.88853
5.13096,4.25342,4.7193,3.7364,3.09062,4.72851,4.91867,2.06509,4.39152,3.2937
3.25836,4.7414,4.38114,5.29696,3.797,4.76952,2.94159,3.31371,3.83909,1.72009
3.54239,4.40201,4.19976,4.73785,3.57272,3.56628,3.47369,5.4023,4.83387,4.6862
2.7713,3.23339,2.8616,4.26316,3.71757,3.55659,3.14246,3.09011,4.29353,2.31512
4.11575,5.45686,4.28513,5.0801,4.28386,4.23299,4.85416,3.51491,2.09295,4.31041
3.98183,3.65334,3.56913,4.02221,3.48776,2.45425,4.23941,3.95686,3.07972,3.90772
4.77192,3.86858,4.77227,3.08602,2.86815,4.12569,5.61169,4.00514,2.82572,5.15884
3.07977,2.83262,5.24387,2.74113,3.93153,3.61146,1.27013,4.19125,4.07457,4.90378
6.24212,3.00504,2.95271,3.96297,4.3566,5.13357,5.52209,3.09941,5.54156,2.90262
4.78696,4.16921,4.83514,4.84788,3.55451,4.81708,3.92377,4.10239,2.45682,3.69502
2.59618,3.02801,3.92893,3.43563,3.31284,4.77029,4.84203,4.4915,3.9923,2.63445
3.73322,5.02159,3.10512,3.03976,4.52816,4.5351,3.89147,4.48106,3.92064,4.17619
6.32515,4.90616,3.52392,5.3498,4.55809,3.78207,2.95985,2.6126,4.25621,5.01233
4.48537,3.97252,3.83658,6.14264,3.56776,2.57324,4.1566,4.29736,5.5219,2.55029
4.37897,4.7967,4.16132,3.1434,4.19466,5.32475,3.21162,2.8847,3.6639,3.9873
4.9941,4.57817,4.66893,4.66884,2.39185,3.97583,3.5469,2.77874,5.70893,3.13554
2.80721,4.63069,3.68512,4.25416,3.95404,2.87068,2.94713,2.10695,3.13809,3.89366
3.293,5.03704,5.3635,3.48189,4.2743,4.51677,4.42266,7.36888,2.90001,4.23654
4.24431,4.68513,3.25568,4.5339,3.97458,3.01986,4.58841,3.94469,4.42001,2.93762
7.23324,3.39008,3.70472,5.39504,3.2516,3.34304,3.99615,4.26274,3.75718,3.50931
4.12273,6.70268,4.9491,4.44581,3.84685,2.75193,3.46964,3.93594,4.46169,4.53406
4.50896,3.42421,4.80646,4.85784,5.78972,3.24705,4.13833,3.34611,4.56836,3.14153
5.3383,4.04148,3.81007,3.59175,3.33694,4.46255,3.32136,4.36929,5.91743,3.85944
4.86352,3.14235,4.38291,3.37557,3.37028,4.09223,4.18626,2.67384,3.54164,5.34332
3.20975,3.72811,3.72221,5.14824,3.9009,3.15808,4.38919,3.97061,3.88103,3.321
3.1227,4.78865,4.75798,3.32014,3.17593,2.35284,4.14551,4.27989,4.88994,3.63517
2.5399,3.01606,5.91372,4.42656,3.51922,2.22537,3.05912,4.3059,4.29941,1.95019
5.78548,4.37837,4.77822,3.47664,2.84177,3.12441,4.25201,2.5328,3.94167,3.98598
5.10585,5.59872,6.80425,4.56681,5.0422,4.51333,4.63769,5.51253,5.48411,5.29628
3.42417,5.62798,1.16162,4.63778,4.43031,2.39279,3.53959,4.09522,3.77268,4.54223
4.01467,4.34286,5.28505,4.33056,3.85384,4.85414,5.63513,3.03772,3.31691,4.22352
5.4703,5.57117,5.73343,4.82072,3.19638,3.67987,4.21307,5.04633,4.47506,5.16335
3.01745,6.2954,4.0815,4.06953,4.63256,2.65503,4.29868,3.00733,2.97303,2.914
3.45809,4.79021,3.11725,4.11019,3.62483,4.44317,3.91669,6.18862,4.02144,4.35524
2.39072,5.59469,2.52833,2.65798,3.64287,3.96389,4.44092,5.16503,4.9791,3.74741
1.64232,5.20221,4.99618,4.158,2.64771,3.29506,4.22034,5.27802,3.22254,2.45123
3.74545,5.32801,4.35836,5.03217,4.43514,5.12466,4.80149,3.98118,3.72754,5.51889
4.50154,2.30336,5.03383,3.10171,4.72887,5.21306,5.48661,2.98647,2.62482,4.00262
2.88187,4.84764,3.69428,4.20062,3.55319,3.92598,3.51836,2.46058,3.85149,6.8029
2.2238,4.76577,2.53077,2.77071,1.83364,4.60089,4.57097,3.50075,3.32151,3.08546
4.01016,4.30637,5.49715,4.00502,3.97879,3.79444,1.68992,3.22779,2.91395,3.04307
4.42823,4.2869,4.6342,2.87201,3.53098,5.13566,4.89319,2.91986,3.87269,5.02126
2.97496,5.87697,3.2779,4.69946,4.00344,4.92848,6.34855,2.70578,1.45307,5.82542
2.18415,3.10526,3.61378,3.65444,4.96898,5.47088,2.77587,5.21714,4.10505,3.9654
2.83976,4.76798,3.69442,2.14399,2.99606,3.21917,4.50911,4.56182,3.85694,4.45666
4.62195,5.44972,4.85608,3.41788,1.45449,4.28,4.27602,3.30738,4.43418,4.99716
4.31263,4.97844,2.86784,4.73544,4.45228,4.43254,5.07309,4.64131,4.12638,4.19635
4.36617,4.0387,2.73386,4.23784,4.38792,3.53116,5.17971,3.60254,4.45293,2.81676
3.6765,3.17233,4.71678,2.60048,2.72781,4.34439,3.67849,4.94191,3.78029,4.21757
5.30821,4.14805,4.50862,3.71815,4.2494,3.81358,3.4828,2.70094,4.18554,2.55889
3.15558,4.37019,3.89838,2.98353,3.7595,5.5853,4.31919,5.1882,3.30428,3.75246
6.08898,1.69744,3.44164,4.51387,5.42358,3.98879,3.33276,3.00136,4.00395,3.66709
4.99874,5.27025,2.74654,5.24866,5.11403,3.40893,4.78616,5.72761,4.83105,5.77192
5.63069,4.42342,4.48834,2.81431,5.93004,3.4684,6.4268,3.23311,2.36508,4.93801
3.88166,5.83978,3.14876,2.62937,3.37103,3.73537,5.38091,2.72153,2.64527,3.43187
4.04195,4.83382,2.6719,3.68927,4.92818,4.10375,5.76023,5.32828,2.68848,5.69683
4.30241,4.07627,5.1948,5.35761,4.7522,2.13833,4.67875,3.42906,3.7375,4.53005
4.016,4.41142,3.356,3.86794,5.05335,5.02796,4.98194,4.20303,4.5643,4.20092
3.92974,6.00296,3.74414,2.32461,2.72608,4.71641,4.22695,2.2763,2.83162,2.46716
5.2167,4.86115,4.01584,3.40235,4.89911,2.48012,2.89401,3.54433,4.29696,3.53825
3.25445,6.78233,4.72295,4.92773,4.3697,5.31479,4.31715,2.30156,4.50168,3.07165
4.99291,3.90637,3.66801,2.88944,4.50133,4.34232,2.9284,3.59369,4.0196,3.43743
4.49941,3.37635,4.46042,4.05971,5.86937,3.92124,3.80476,5.22418,2.32275,4.05085
3.99344,3.99517,6.68369,4.84378,4.2092,3.8912,2.98853,4.07656,5.733,4.02737
5.27914,3.58137,4.23975,5.35267,3.88319,4.62915,4.12932,5.14058,3.96624,3.8876
4.43975,2.83019,5.1814,3.76927,2.96,1.23392,4.03882,5.19589,5.45741,3.16766
4.96482,3.89279,4.52794,2.95669,5.87785,1.70368,2.86332,5.26293,3.4931,2.94459
4.12592,6.18758,3.76819,3.75661,3.04931,2.47672,4.82162,3.99884,3.62909,4.65674
3.2916,3.0568,5.44315,5.32409,6.67801,4.21274,5.22299,4.29334,5.68225,3.56176
2.84917,3.88496,5.08382,4.31077,4.59975,2.69754,4.86224,3.30533,4.42454,4.73426
5.20092,4.85022,3.95131,5.15766,2.40459,2.692,5.24513,3.57178,4.89116,3.54624
4.6508,3.97688,3.68388,4.84001,3.5547,2.3699,2.80141,2.7501,3.43437,2.9348
4.23572,3.81262,5.30562,4.68748,4.48446,2.86822,4.70393,3.67764,3.8405,5.23164
4.22628,6.26297,3.96367,6.19561,4.53685,0.859203,3.14312,3.62737,2.9713,2.17013
4.18955,5.71304,3.52995,3.09973,3.12118,4.37078,4.25664,3.46047,4.10419,3.96795
4.78597,4.52908,4.64195,4.04104,2.95071,4.16707,3.06791,5.3043,3.04107,3.08155
3.22188,2.51723,4.615,5.05842,3.32764,4.00486,4.10128,4.74959,3.21421,5.04974
5.38292,4.96126,2.2172,2.81137,5.03987,4.18179,3.73192,3.49242,3.17819,4.41397
4.76869,5.34683,5.71684,3.08143,2.19292,5.59785,5.29648,3.59815,4.88812,5.51408
4.06738,3.95846,5.77279,4.21487,3.51757,4.85899,5.50051,4.08342,2.52783,4.24106
3.05316,1.99121,5.28644,5.61999,5.32234,3.20385,4.11485,4.56377,1.52418,4.30521
4.22981,4.5489,3.36315,5.66512,6.02779,6.05196,3.95534,5.37408,3.50984,3.78181
4.47871,3.54018,3.1864,5.26937,4.04962,4.62027,4.61736,5.34437,3.11016,4.19466
4.15046,2.44573,5.35246,3.20813,4.66327,3.85194,3.61228,3.92866,3.6199,4.32134
5.33873,6.66924,3.58528,3.16793,5.35588,4.18868,4.48467,4.19147,3.225,2.47006
4.41429,5.99769,3.60823,3.00089,4.04793,3.64911,4.24099,4.01361,5.33701,3.91415
4.56159,5.03744,6.10392,5.28362,3.42591,5.40525,3.05219,6.74112,5.04005,5.73361
3.92826,2.9084,1.85049,5.26192,3.88336,2.55354,3.68498,3.77465,3.59624,4.69721
2.91544,3.16889,2.7984,4.47469,3.20738,3.03405,2.31134,3.5599,3.20223,3.2547
2.87819,4.31577,3.93209,4.84783,4.67679,2.45067,4.44956,1.23355,2.47531,3.71006
2.72882,4.85448,2.33854,4.71185,3.47246,4.03489,3.32493,5.0743,4.72137,4.59361
2.1802,4.82851,4.03755,3.25731,5.3756,2.5476,3.8403,1.02356,4.16545,5.26219
5.23829,4.86225,4.10972,3.22873,2.74256,5.08364,3.87314,5.34873,2.25675,4.35761
3.37867,4.40465,3.45521,5.18966,4.73566,3.62849,3.67213,3.72267,2.33418,3.58787
2.26211,4.66711,2.23972,3.0187,4.07321,4.97034,5.59563,5.1659,4.10465,4.02822
3.65906,4.10491,4.48891,5.83343,4.71549,4.04627,4.99159,2.77333,4.79526,3.11609
3.67702,2.9125,2.86701,3.15596,4.66721,5.03732,3.17525,3.63228,3.2636,3.83743
3.94621,3.85068,3.10051,6.4832,3.52322,3.32619,4.9928,4.8825,4.74733,6.20523
3.00012,5.03399,4.71479,4.2289,4.19851,5.69959,5.50288,3.24243,4.31042,4.29081
5.00793,4.3907,5.71008,2.65717,4.99991,5.54282,3.60496,4.78049,2.75661,4.80749
5.38481,4.08121,4.19295,5.67187,4.08561,5.28,4.64745,4.12379,4.49502,5.4487
3.26764,4.40926,3.49761,3.80816,4.79366,3.41534,3.10633,2.24937,2.64827,3.24193
4.96901,3.28944,4.20407,2.68357,4.8858,4.29695,4.92893,3.99737,3.71966,3.13942
3.51136,4.82993,2.85294,4.12536,4.18243,3.14691,2.45971,2.70411,3.30327,5.14728
4.96222,5.15996,4.15083,3.82532,3.03757,3.03305,5.59375,3.2401,4.25496,4.50719
1.64401,3.78494,4.49729,5.45968,2.92838,5.14702,4.40848,2.43607,3.82623,5.65528
3.22984,5.51883,3.54742,5.01086,3.70299,4.14305,4.15894,3.85891,4.50712,3.45798
6.34959,2.40749,3.79008,3.65471,4.73705,5.18732,4.60784,5.32841,2.78935,4.18574
4.69623,4.65528,3.7564,3.95518,4.89492,3.2439,3.60403,5.05286,3.23177,4.04598
4.38258,5.2423,3.29697,2.39374,2.99879,4.51028,3.09685,6.7307,2.3304,4.34907
5.8892,3.59946,2.53976,4.45484,4.5098,4.16942,3.68909,3.76976,4.85416,4.14739
1.14074,3.59663,4.57263,5.08589,5.42393,2.49606,4.06807,3.53807,3.68669,3.88701
4.02358,4.75438,5.33628,3.68956,4.46969,5.40715,5.00874,3.05019,4.92603,4.01235
4.8217,4.73209,5.27304,2.65034,3.53663,2.7102,4.06175,3.59086,1.86115,2.69082
4.08353,4.68113,3.76285,4.73404,4.17345,4.5595,3.00624,4.31034,3.81824,4.10775
3.2862,2.9626,4.5056,4.57285,3.73123,5.37473,3.56054,3.90572,4.24367,2.98606
3.27725,3.45308,4.73113,3.39152,4.13438,0.888612,4.82965,3.61466,4.4138,4.07763
3.62828,5.15518,4.92317,4.29004,3.70347,3.41912,3.3204,5.12049,3.7069,4.8969
3.9643,3.82713,2.3842,3.06991,6.98944,4.64813,3.23962,3.54211,4.52255,4.50848
2.93888,5.27392,4.24846,5.3436,3.93621,2.8873,4.22799,5.02061,3.97951,2.43722
4.67683,5.18708,4.08368,2.23285,4.59544,4.19107,3.68046,3.47195,4.67846,4.94496
3.1194,4.77141,3.64526,4.24211,3.12291,6.14665,4.06375,3.37714,5.88886,4.66644
5.06881,5.07078,2.74932,3.14632,4.19719,4.15928,6.05876,4.71255,3.62032,3.4132
2.97277,4.48143,3.63534,3.50935,1.99738,3.88461,4.11878,3.62798,5.20163,4.22112
4.4822,3.43808,2.90081,2.57598,3.40631,4.90673,5.14834,2.90247,3.51025,4.69995
4.32331,4.39521,4.15989,3.07456,4.41206,5.14001,5.51449,4.4558,3.92097,2.96308
2.89055,4.06779,5.60129,5.49443,2.90102,3.85302,2.19835,4.54065,5.35419,4.28679
3.55158,2.97054,4.69319,3.56158,1.27548,5.17749,3.71484,2.64633,2.79697,4.36428
4.63837,3.48386,5.08255,4.76512,5.52648,3.95843,3.24988,3.50644,3.61012,4.30032
4.27358,3.70661,3.07629,5.3006,3.97241,3.28907,4.44423,3.71764,4.43813,4.10549
3.14519,4.43529,3.2556,4.51031,4.84985,4.4439,4.70846,2.91593,5.24012,5.22997
4.89668,3.61317,3.54967,4.36918,3.36584,3.99117,4.13354,5.16398,5.03712,3.36313
3.95049,4.73,4.45287,2.53444,3.81438,4.52747,3.39013,3.17904,4.50058,3.96264
4.85415,4.32218,2.79614,4.28211,5.09097,4.11432,3.06308,3.64724,3.55896,3.7566
3.00048,4.00873,2.96174,2.82774,3.1457,5.02025,4.07284,4.7036,5.85863,5.04013
3.06282,6.09637,5.51513,4.74446,3.49701,5.09022,4.43339,2.42093,3.16035,3.75061
3.91379,2.4166,3.94977,2.64395,4.01895,3.87146,4.12054,2.67526,4.29382,3.12737
3.90525,3.96314,3.24475,4.33645,2.82925,4.18179,5.03561,3.35699,2.63875,5.17189
3.94076,3.74096,1.53062,4.89123,5.24538,4.39967,3.69777,4.0764,2.97162,5.0306
6.02966,2.97333,4.87412,4.45911,5.5403,3.80284,4.3368,2.46254,2.2226,4.60021
3.5539,4.97229,3.04677,4.33494,4.45976,3.10147,4.59433,3.88863,3.63101,3.66294
3.83886,4.21173,3.81582,4.28072,4.36649,2.20783,4.78274,3.53225,4.44617,3.63024
2.22874,2.89639,3.3888,4.85571,4.04045,4.30708,4.72322,3.74417,2.77727,4.7793
4.75289,3.56726,5.31549,4.7783,5.4488,2.7548,3.94977,4.09842,5.37066,3.53559
5.83508,4.18247,4.75288,5.75865,3.47549,5.20947,4.47404,5.59681,3.6517,4.35624
3.97366,2.24736,3.4311,3.59052,2.45791,3.95087,5.51692,3.51124,3.84075,2.73707
3.04329,3.48337,5.38656,3.14745,5.69218,5.53242,4.01435,3.7679,2.76827,4.21475
4.47389,2.87322,4.49569,4.0718,3.73996,5.29136,4.03606,4.13583,3.7054,3.8351
4.69105,3.32501,3.88492,3.10829,2.75914,3.34342,3.68136,3.49445,4.94103,3.27412
3.02848,3.88539,3.31932,2.78012,2.09722,4.46151,4.06489,3.34204,2.50371,4.07421
6.76606,3.95897,2.54802,4.75919,4.04808,4.54107,3.20665,3.02987,3.32872,5.00347
2.96319,3.78563,4.67814,4.73233,4.29672,4.13164,1.96171,4.35787,3.79766,2.85231
5.27122,4.37085,3.8364,4.47899,3.95196,5.44229,3.60387,2.32612,3.25695,4.05893
4.06468,4.85324,4.67295,4.51287,2.96252,4.05928,4.80357,4.25186,3.45929,4.26393
3.57559,3.55373,3.87607,3.40612,3.60043,3.96736,7.27878,4.03,4.6596,3.49675
4.26035,4.42991,3.02036,2.19138,4.58357,4.97845,3.20109,3.85657,6.12382,3.1682
2.80943,4.8127,4.2776,6.1222,3.03096,5.16594,4.63606,3.21359,3.02117,4.33601
3.90035,3.74132,2.682,4.11483,3.84916,3.72654,3.84429,3.2747,3.65791,4.03926
3.43537,4.89675,3.54659,5.21182,2.88657,3.45552,4.52226,2.7571,4.7303,5.56819
5.79777,4.96896,4.4704,2.24304,4.13013,4.04347,3.90078,3.8153,3.3065,3.83137
4.17174,3.41945,2.7339,3.35198,3.48943,2.27268,3.58837,5.11219,4.81456,5.92854
4.32025,3.46548,2.96348,3.84698,4.44055,3.15924,6.05593,5.1534,4.46401,3.96427
5.31094,2.83164,3.76099,4.35569,2.76687,3.51063,3.7232,4.77413,2.82814,5.37992
1.9787,2.88793,3.44995,4.04696,5.18916,1.92385,4.13187,2.70864,3.94437,3.74661
4.90251,3.67044,4.26877,5.13635,3.92768,4.80055,1.91887,4.90108,3.33666,3.75067
4.65658,3.90426,5.07291,2.00939,3.60843,2.184,6.34626,6.04511,4.3748,4.10683
3.19239,3.07355,2.46993,2.29926,4.86711,4.00517,4.15704,2.84606,2.54058,4.06293
4.12591,3.20715,3.86027,3.72087,4.94254,4.10416,5.12392,5.18059,4.14588,4.40598
5.02779,4.56279,4.76996,3.47198,4.19986,2.85458,5.76898,4.02405,5.04732,3.35157
5.43146,6.44512,5.57458,4.31424,3.81996,2.88495,5.0702,4.85603,5.03132,5.11156
3.5182,3.89417,3.83225,3.94687,4.91099,2.7839,4.29257,6.02617,4.41424,2.99006
4.80786,4.6687,2.97605,3.56437,3.42131,3.36281,3.46732,3.70201,3.00392,4.80307
4.24112,4.28275,3.10023,5.04867,4.58253,3.81277,5.27806,1.59519,2.59565,3.4598
4.43992,2.97526,3.88631,4.93594,4.24544,5.4378,5.49093,3.8921,4.56721,0.974293
5.74817,3.95991,3.52011,2.86297,3.81969,3.68199,4.88655,3.56294,5.36598,6.2885
5.03967,3.56016,5.39461,3.78803,3.97858,5.0013,4.83836,4.62264,1.99221,3.58532
3.24283,4.83209,5.03196,3.66155,4.37151,4.97569,4.40892,5.16245,4.60346,4.58029
2.41663,4.42888,4.21054,2.84062,3.21154,4.86904,3.11632,4.55857,4.98864,4.37811
3.27744,5.64674,5.24399,3.25512,4.28734,4.17291,3.00567,3.37408,5.37303,3.41345
2.07848,3.05229,4.93842,1.93949,4.90518,3.1065,5.21026,4.90537,6.30303,5.0293
2.8587,2.33531,4.16993,3.32081,4.36872,2.44517,5.16077,5.14337,5.86163,1.66991
3.99282,4.55255,3.45859,3.06602,3.47622,4.71072,3.14779,2.42144,5.12719,2.89536
3.68358,3.77242,3.91047,3.66488,2.87266,4.08222,4.21245,2.95845,4.00634,5.01282
3.80299,2.75197,6.06115,3.32069,5.56825,3.98333,3.44538,5.3043,3.23931,4.08671
4.85067,7.65402,3.83644,6.35461,5.09418,5.0171,5.31465,2.70097,2.79957,1.97771
5.33835,5.47738,5.05948,4.86085,2.78092,3.48047,1.78445,5.25332,4.03543,4.35228
3.947,2.88353,2.77545,4.67872,3.98951,2.84688,5.13038,4.4392,3.41886,2.72598
3.67952,3.21503,5.80733,3.51804,3.52228,3.3255,2.66131,2.45819,4.15623,3.93623
6.09608,4.91351,4.63649,3.60835,2.11285,4.28141,3.94648,3.50851,2.49693,1.91592
2.09783,7.58561,3.12232,2.39336,4.51644,3.25942,3.77766,2.52694,3.83549,3.74462
2.81202,4.38273,4.52224,2.21785,3.64639,6.40762,4.8961,4.52253,3.74774,1.94983
3.8195,3.02877,2.13306,3.82925,3.44355,3.09326,3.27949,4.49364,4.47958,3.79516
4.88146,2.36731,1.50831,4.33363,4.93612,3.73391,4.81043,6.51836,4.09347,3.72993
2.61341,5.4608,4.73003,1.86605,2.16426,2.88303,5.08282,5.6838,4.7268,5.79156
2.34449,4.10897,2.55529,3.53037,5.9317,5.2259,4.37925,5.07181,3.79545,2.99572
4.74368,3.69834,4.68114,4.45038,2.74189,3.95745,4.73298,5.25028,3.82216,4.90792
3.70007,3.90562,5.3195,4.17312,2.83056,2.95292,3.6031,4.96583,4.16025,5.07513
2.74914,3.32409,3.60737,2.89259,3.90474,4.98151,3.51751,5.63835,2.79785,3.59684
4.58958,3.00611,2.78598,4.48235,2.94305,3.02605,5.17961,2.41913,3.10362,3.0021
4.06302,2.4634,2.73787,3.93702,3.74796,4.88552,4.15287,3.89346,3.67701,6.3392
5.68323,3.27708,1.9238,4.84802,4.5786,2.01088,3.41173,4.36762,5.93237,3.6369
4.70032,4.40235,3.42822,5.24669,3.6982,5.67622,4.44117,4.09797,3.99108,3.19719
5.44073,4.58495,5.40391,5.0803,5.25048,4.62542,4.67886,3.69849,4.76915,4.41656
3.55241,2.67978,3.98122,3.38338,2.80702,3.66216,5.58765,2.36166,4.95479,3.954
4.5938,3.80938,2.79874,2.59573,5.66976,2.38634,3.71417,4.25346,3.62136,3.02851
3.87622,3.75105,5.77001,1.98634,4.71429,5.21202,4.33752,3.64557,3.06214,2.27539
3.63951,2.42896,4.8984,1.8884,2.44014,2.81591,2.06008,3.25338,2.30076,3.64654
5.28149,3.39818,2.49445,4.04914,5.15291,3.93774,3.38174,4.86886,4.86326,3.67747
3.26644,2.12956,2.52588,4.43479,5.5169,2.54117,3.07966,5.32074,3.11555,4.92302
4.13366,4.96278,3.40654,2.84296,3.03281,4.95941,4.93019,4.53815,5.71769,4.22296
4.56355,7.59873,3.68744,3.82749,4.91308,5.40557,3.21762,4.93842,4.04493,4.27671
4.07938,3.06914,4.11431,5.05872,2.93121,4.58607,4.04357,3.1983,5.79426,3.83784
4.65295,4.56696,4.04892,4.22918,2.12886,5.4859,3.17652,4.83613,5.10643,3.15942
3.14637,6.12902,3.74079,4.69514,5.03609,3.35718,2.65191,4.09275,4.25543,5.6376
2.98809,2.98942,3.9198,3.84758,3.88141,3.96365,3.9338,4.31701,3.89161,2.97813
5.92985,4.64636,3.76598,4.41747,2.4885,4.15996,2.64094,3.01507,4.77572,3.36921
3.28642,3.18974,3.37279,3.98172,5.59576,4.13638,3.15745,5.13403,3.8462,4.75448
5.00435,4.90739,4.66029,4.57159,4.85281,5.81237,5.8525,4.00663,4.50254,3.61398
3.97323,4.10942,4.98364,2.56346,3.85288,2.24209,2.98315,4.60247,3.55892,4.12015
3.61053,4.40206,4.1627,4.07311,4.19509,4.50227,3.79405,2.93414,3.15797,4.04567
4.40747,5.44374,2.0189,5.35112,4.73711,2.14359,4.9528,3.19073,4.37487,2.83263
2.87005,6.24847,4.71085,3.02089,3.56641,3.68705,4.63477,4.94987,3.69744,4.91615
6.16449,3.54673,2.99615,4.71954,3.63189,3.82623,4.15786,3.39474,4.48246,3.95646
4.33489,5.94917,2.97801,4.34533,5.73346,3.68501,3.98347,4.26628,3.33816,4.09024
4.37833,5.04408,2.86154,3.10926,3.91017,4.6362,2.42193,5.2669,3.65966,3.91801
4.7068,5.39868,3.45964,4.46266,4.06665,2.08771,5.05019,3.28327,5.81083,5.14399
3.00017,2.82384,3.12012,3.42052,1.09406,2.94319,4.96484,3.81304,3.97578,5.53566
2.38747,3.50269,3.9081,3.27564,4.62895,4.26306,5.46315,2.06803,5.04398,4.44677
4.40671,5.36604,4.998,4.55191,3.82484,5.13136,2.43391,4.40751,3.04892,3.06861
6.30136,3.39483,3.6504,3.89238,2.14979,5.48974,2.68741,5.31777,3.76207,4.23542
4.18002,3.20709,5.00424,2.92496,5.24565,4.20278,6.38952,3.85785,2.89143,4.03063
3.03524,4.07718,3.34733,4.26283,4.18984,4.03017,4.21303,3.16474,6.06002,3.0975
4.00615,5.12297,3.64506,3.81933,3.53272,4.43843,5.01958,4.64159,4.37346,5.39848
3.92405,1.98335,5.62427,4.45166,4.00481,3.34727,3.5338,3.70054,5.71591,3.38864
2.12154,4.73127,2.43316,4.3941,3.41261,2.93403,5.30179,3.93267,4.4858,2.81421
0.766019,5.53156,5.26293,3.28686,5.81009,3.50588,2.73051,5.4891,4.05059,3.68882
4.4995,4.68458,3.66386,3.36239,4.5553,5.37966,3.36003,4.72975,3.81297,3.56655
3.91692,4.16498,5.14214,3.85598,5.31749,5.11173,3.58458,5.40751,2.81906,4.21997
4.14854,5.28277,4.83948,3.8411,4.11978,4.16311,3.30886,3.53656,2.15116,4.27865
4.02781,4.93947,2.62208,2.05861,5.05413,4.06308,1.53128,3.58139,5.28268,4.15417
2.37383,3.20573,4.32946,3.4023,3.01972,4.14257,4.8883,5.64022,3.17816,4.64048
4.97956,4.97924,4.39712,4.80781,4.55234,3.48804,3.44525,5.39268,4.20401,3.47816
4.79078,4.25093,1.67981,4.30319,3.76285,3.10222,6.06964,3.69156,2.76541,4.90755
1.15126,4.81499,2.51447,2.71407,2.30061,2.13685,3.22816,3.85222,4.12749,4.19489
3.37875,3.75951,3.13185,3.8703,3.83553,3.92021,4.55618,3.99972,3.86219,4.70882
4.23293,2.52436,5.22379,3.73913,5.30797,2.2824,6.64458,4.21667,3.57388,4.73488
3.40923,3.2543,3.31962,3.64108,4.32587,4.01778,4.32014,3.77529,5.10384,5.40871
4.18844,3.50649,4.18248,5.28236,4.04547,5.03178,4.10496,3.89089,4.03231,4.36353
3.40656,3.00488,3.07394,3.61907,5.10946,4.05012,2.70398,4.35933,4.38129,4.53342
3.77654,3.46222,3.40502,4.02374,4.39601,4.80021,3.82618,4.1846,3.64301,5.55979
2.72654,4.39702,4.72189,3.00863,4.01843,2.6857,3.82393,2.61279,3.72064,3.82983
1.50223,5.77278,3.85917,2.41985,4.95243,2.34189,3.89863,2.60197,5.05754,5.65959
3.87117,4.63881,3.94153,3.98987,3.06885,3.16656,4.48149,3.00365,4.19179,4.06166
4.78394,4.45554,4.00715,3.2131,3.2913,2.80164,4.89238,4.56165,3.57108,4.24492
4.4328,3.50673,4.36453,4.17775,5.27322,3.50439,2.13945,4.07275,4.50158,4.15998
2.60687,3.56598,5.16671,3.24588,3.11504,5.31968,4.42732,3.46529,3.86842,2.64564
5.27167,4.97375,3.39337,2.29778,5.08985,1.95522,4.13709,4.53884,5.05618,3.78069
3.61016,2.23808,4.04111,4.46099,5.05568,5.13022,4.54288,3.63841,5.05666,2.78781
4.01525,2.25678,5.48056,5.58964,4.32921,2.89366,2.81657,4.01732,4.75703,4.90405
3.32767,4.47384,4.16987,1.59768,4.31544,3.23344,4.97564,3.17635,4.99609,3.9632
3.38376,4.23872,2.64323,3.77684,3.62059,5.92376,3.30777,5.0025,5.21522,3.90679
6.98793,4.52806,3.69594,4.08332,3.93532,2.54422,4.82488,4.63512,3.44783,2.61467
3.6962,5.18466,4.13028,2.98707,4.83051,3.04426,4.11051,4.12908,4.24066,3.46866
5.0074,5.00584,2.84635,2.98971,3.81615,3.5043,4.20951,3.25423,3.74212,4.80296
3.93761,3.96472,5.41389,4.05036,2.45104,4.48536,4.73819,3.53682,3.41993,2.38003
4.09179,2.31157,4.0285,2.86788,4.88417,5.8871,4.89953,2.91098,4.29714,5.32086
4.34882,4.97565,3.95121,4.06691,4.99175,2.91425,3.53633,3.42134,4.21931,4.94272
4.02779,3.44454,5.19429,5.07071,3.48824,2.16424,4.11861,3.69964,4.18591,4.18259
3.90665,6.84105,4.84014,5.98655,3.174,4.04907,4.06075,3.73893,5.71539,2.84983
3.84828,3.58872,3.94857,4.25206,4.90835,4.46511,5.06691,4.79098,3.04674,3.14086
4.31132,4.57327,4.62702,4.25662,4.01369,3.29944,2.96496,2.96693,3.38406,3.95758
3.57454,3.72666,4.50493,5.27899,4.45073,4.3706,4.89188,3.90685,5.26967,2.70072
3.23529,5.85509,3.70016,4.31282,1.75205,4.06227,3.09947,2.9839,6.09699,4.26287
4.99434,2.14269,5.1896,4.67068,3.3672,2.76699,3.23753,5.79265,4.58625,2.88539
4.37287,3.63844,4.29867,2.17326,5.43914,5.7741,2.63579,4.15244,6.56458,4.26568
4.66257,5.42759,3.59969,3.00758,3.6841,4.58073,4.20252,4.00104,4.14296,3.31097
5.58393,4.9205,5.81613,6.02775,4.2673,2.47867,4.3586,3.77014,3.01268,5.59977
3.41007,4.26314,5.87443,3.96663,3.98636,4.27744,4.63551,4.00517,3.75672,3.97462
3.66376,5.00357,5.24374,2.19266,3.31283,3.1813,4.45807,4.67106,5.22552,2.40011
4.15681,4.1008,2.14138,3.34695,4.53789,3.97258,4.24109,4.66279,5.83712,3.42921
2.51239,3.74469,3.28422,4.27467,1.76475,2.79178,4.17713,4.12513,2.67884,3.92056
1.89818,3.25755,2.6354,3.42341,3.42738,4.34795,5.09144,3.79319,4.31395,2.79842
3.60116,3.47463,3.99956,3.54211,3.30391,3.75069,4.11586,3.22635,3.63272,4.61582
4.974,7.4125,2.60263,4.36951,4.57111,2.26935,4.46371,3.22112,3.792,4.55878
4.84448,3.11108,4.04783,1.66447,4.59322,5.90675,5.61732,2.66592,2.47622,4.40327
3.9349,4.78696,3.96863,3.51145,5.29114,3.64723,4.07328,3.9093,3.02682,1.93007
4.07331,2.15217,5.04181,4.42002,4.77054,5.65111,5.03115,2.75513,3.87088,2.62792
3.39804,5.67102,4.70412,3.97266,3.30735,4.53637,6.41416,3.59789,3.1025,4.36877
3.23824,3.29972,4.12817,5.05426,4.74386,4.78223,2.99066,4.64689,3.98222,5.20941
6.80242,3.89356,3.24955,3.0676,6.12294,4.1685,5.56777,5.56974,5.65807,5.01351
5.33282,4.54183,2.77648,3.06244,2.65602,4.27141,4.09583,2.89572,5.4006,3.59258
2.50035,4.71004,5.63093,5.90407,4.89995,4.73745,3.06124,4.01294,2.7881,4.98317
2.07426,3.95559,3.71785,4.59088,5.79494,5.67485,4.40641,4.62605,3.55209,2.23118
2.93748,4.47068,4.26137,4.70501,4.13533,5.66377,3.0676,2.56914,3.69745,5.89676
3.85413,4.94824,4.82113,4.08529,4.25982,4.28559,3.23404,3.21641,4.68736,3.94084
1.99409,4.34245,3.3726,5.34601,2.41709,3.28007,3.64475,3.65857,5.26621,2.72408
3.23383,2.9069,5.10894,3.79299,4.07284,2.69113,5.76417,5.47471,4.28668,4.05017
5.2208,4.03988,3.11706,3.92937,3.97654,4.14748,4.27573,3.20237,2.16593,2.22973
3.19266,4.34529,3.14383,2.93055,3.51512,2.71825,3.7446,5.29986,5.21521,3.64507
4.31454,5.22999,2.83474,3.39799,3.02959,4.93129,4.09617,2.98139,4.48561,1.57885
4.90721,3.86624,1.53185,3.51206,5.0371,4.83988,3.79055,5.32311,4.79275,3.48794
4.22614,4.04427,3.44288,2.7924,6.38419,4.19877,2.91158,4.52129,2.60626,5.05362
3.836,3.64618,2.96071,5.79958,2.06472,2.29222,5.06538,3.63966,3.3205,4.02661
3.84078,4.11135,2.71683,3.5155,2.39375,2.98003,4.29542,4.24332,1.62195,4.47643
4.12319,4.17397,3.20904,2.69894,4.77248,4.88015,2.8386,2.81946,3.4441,5.83567
2.57913,4.43518,5.42398,4.55335,2.36552,3.03581,4.02271,4.44092,2.42749,2.5376
5.00948,3.00159,3.68263,3.02305,2.66968,2.69416,5.12014,4.09227,2.93298,2.5237
4.19809,3.72608,6.02361,4.47693,2.95378,4.70108,4.57137,3.41404,4.60005,3.58006
4.66688,3.73566,3.94849,2.32542,4.17057,5.12338,4.67217,3.8924,4.28444,3.98036
4.36296,5.38832,4.50691,3.50209,3.49415,4.95726,4.09693,4.36989,4.65979,4.18213
3.52861,4.20383,3.44952,4.38139,4.8497,5.40196,5.96765,5.1508,3.39677,2.71933
4.20029,4.46497,4.19242,4.73782,3.78525,4.96103,4.75111,3.61134,5.49382,5.03987
3.83246,3.51946,4.78897,2.61518,3.61181,3.80957,4.55698,3.11916,5.06687,4.32322
3.59234,3.62827,3.49323,4.56233,3.30831,4.55188,1.93918,4.16241,1.37973,3.40617
3.58857,4.24092,3.13031,3.53579,3.19897,6.2286,5.84717,4.61411,3.4237,4.58949
4.5034,3.17778,3.00397,3.68912,3.46589,3.51441,3.43233,3.85294,3.82684,3.9323
4.72861,3.94365,3.50637,5.01623,5.04409,4.91381,2.5757,2.94438,3.60287,3.66917
4.78554,4.08797,3.82499,5.59849,4.54841,2.53077,3.4772,4.04972,5.80593,3.6628
1.45125,2.94503,5.38257,5.12977,4.36262,4.57342,2.81251,4.72544,3.95874,5.24894
3.95209,3.7059,1.64638,5.30214,3.57704,3.64718,4.36333,4.51296,3.3241,3.01104
2.50045,5.09815,3.47254,2.43468,5.28725,3.63914,2.62422,3.63513,3.40629,3.89808
4.82429,4.78249,4.60809,2.46087,1.35987,4.65204,4.21848,3.82491,4.7536,2.60571
4.61594,3.28347,3.11417,1.84876,3.59607,3.81365,4.54073,4.98389,4.56641,4.0423
3.24927,3.5767,2.42565,2.3948,2.86061,4.84177,5.15555,4.39681,4.6551,3.44925
2.49526,2.48892,4.33015,2.76621,3.81949,5.02547,4.27558,4.79614,4.21185,6.14099
4.26046,4.15392,2.1446,3.6293,2.77174,5.0944,4.73404,3.62701,4.47188,2.17215
3.80521,3.62526,5.69051,4.25307,3.94171,4.36967,3.90175,1.95146,4.47952,2.68625
3.26261,4.67657,4.22603,4.74001,3.45287,5.01753,3.46059,3.1214,2.85452,2.87196
3.97986,3.29956,5.1277,2.15474,3.99882,6.37437,3.5391,4.32055,4.30128,4.94606
3.22083,5.01937,4.03111,4.50496,3.05832,5.45188,4.36906,4.54717,3.07256,4.84947
4.56299,3.54392,3.76476,2.78575,3.48413,5.29066,4.06711,4.07765,5.81966,2.85113
4.28113,2.98059,5.47266,2.10986,4.60525,4.67339,4.24472,6.03248,2.77755,5.19272
2.11475,3.49017,3.761,3.24998,3.18982,4.57688,3.73128,2.62114,2.64679,4.17814
3.93762,5.1869,5.32838,2.38272,3.01579,4.44556,4.37841,4.48415,4.67743,5.86726
4.50226,2.9213,3.15746,5.86302,4.11561,4.20722,3.20016,4.25425,3.75599,4.5729
6.20572,3.81042,5.49059,4.8606,4.62128,3.56334,4.53094,4.85733,2.98739,2.79446
3.56293,2.74216,4.53386,4.06349,4.04925,4.36229,4.40167,3.32074,4.71734,3.59909
3.76254,3.21529,3.93548,4.68384,3.39153,3.62316,0.27215,4.65197,3.33412,5.00826
3.82893,4.82781,1.93564,3.14574,4.01113,3.1112,3.88089,3.89914,3.09816,3.38109
4.55313,4.57181,3.83916,4.99605,3.04922,3.98903,3.24494,4.9259,4.39132,5.16146
4.36271,4.04884,5.47218,2.79327,4.57657,3.29485,2.68867,3.95999,3.77231,4.14449
3.0052,3.40586,3.88929,3.36275,5.05401,4.5174,3.2034,2.21593,3.77298,3.46869
3.94059,4.84276,4.25556,5.76185,3.05336,3.20922,3.12079,4.17967,3.77213,3.92826
3.81505,2.95408,3.98288,5.6173,3.30149,3.78523,4.41296,4.06862,4.95095,3.02511
3.31886,4.52025,4.551,3.75237,6.30795,3.71221,3.82014,3.7883,2.25886,5.70378
3.73365,3.96768,4.88119,4.14372,3.30078,4.1109,3.55152,3.5547,4.74666,3.3665
3.99929,4.19188,3.50114,3.42607,3.08254,3.85958,2.98055,3.12711,3.48369,4.02671
2.88652,3.47004,4.09894,4.75294,3.57648,2.89889,3.97295,2.94072,3.22954,2.36056
2.69096,5.7969,4.9376,6.02651,2.85248,4.71364,3.71243,2.73135,3.50611,4.45557
2.88653,5.21144,5.44937,3.35948,3.12356,2.46478,4.33327,3.89846,4.71396,3.3427
5.01749,3.11419,5.59213,3.16128,5.3894,5.33061,5.86302,4.84831,4.27464,4.44821
4.27576,5.04761,1.10456,4.86668,4.21252,3.49799,3.71418,3.34759,5.0442,3.65532
3.45868,3.97327,5.15367,3.83451,3.30111,2.62731,5.56651,3.69641,2.90549,4.16958
4.48147,3.17465,3.6674,4.16958,5.91184,4.05604,3.62755,3.99593,4.45208,2.90084
4.66445,4.8416,1.76575,4.93577,2.36231,3.87005,3.08046,4.58887,5.55635,4.55093
3.94878,2.75102,4.25883,3.7738,3.7559,3.41219,3.06218,3.71497,3.33054,4.74635
3.88058,4.72515,2.56668,3.24177,2.77208,4.432,3.75665,3.18872,4.59144,3.16969
4.47819,4.29488,3.52951,4.94566,2.79526,2.8817,4.65153,3.76543,2.76381,3.17892
4.30412,3.9836,4.06759,5.42089,3.07046,4.79312,4.89142,3.84376,4.17664,4.80248
4.80525,2.96297,4.68124,4.87269,1.82581,4.62024,4.47483,1.70223,2.71359,5.33111
4.45606,4.2589,3.32339,4.02479,4.576,4.32439,4.59116,4.54144,3.67908,4.90739
4.1525,4.02672,4.92036,3.02033,4.25125,4.40364,4.56017,3.5482,4.74988,3.688
2.86076,3.81729,3.27864,3.95888,3.68998,4.08763,3.22778,4.45572,3.46054,3.72951
5.42195,4.44329,2.09478,3.9571,3.35446,2.15895,3.89735,5.74784,5.28015,2.64663
4.1733,3.48596,4.21974,4.14757,3.34993,4.80698,5.28327,5.67328,6.4762,2.78595
2.39467,2.92679,2.35089,3.76493,3.65969,5.80956,4.74107,3.84881,4.20035,3.91563
4.20116,3.96072,4.6429,4.17181,3.74988,4.86588,2.33745,5.30293,1.85917,4.35313
5.48923,3.9711,4.52046,4.75374,4.04628,3.5131,4.78843,3.67774,2.93023,2.73852
5.24082,2.53592,4.46437,3.57572,3.89189,4.84026,2.27206,4.46552,4.59938,2.70879
3.09929,4.27812,5.23723,5.86925,3.67658,4.23607,3.72081,4.24038,1.44416,3.53673
5.11103,3.81187,1.96921,2.46445,3.06863,4.33227,5.32617,2.9036,3.78194,2.35757
5.27159,5.30986,3.48965,3.17232,4.28574,2.99404,3.52613,4.37736,3.20453,1.76182
5.246,3.36828,3.58334,4.89086,5.58053,3.18274,5.68752,3.62206,4.45145,4.19469
4.64276,2.13327,5.3285,3.89731,3.79907,3.77561,6.34126,5.3849,4.71398,2.93996
3.78386,4.13497,4.16551,2.60935,3.61293,2.43247,3.84914,4.23035,4.8722,4.75084
3.52075,4.59748,2.23241,3.6752,4.28259,2.89509,4.1161,1.77306,2.81877,5.62315
3.61953,4.32234,5.04768,4.62189,3.76764,3.9813,2.75877,4.66949,3.23536,5.02498
4.07312,4.15132,3.73112,5.82888,6.14046,3.65918,4.39305,6.19041,6.16932,4.25149
2.70009,4.31872,3.58932,3.92083,4.95169,4.80339,4.99291,2.55105,3.27744,4.29653
3.73138,4.4,4.75225,4.41672,5.07525,4.57536,3.58066,4.22654,5.79256,3.64322
1.40649,3.35878,2.84481,2.98669,2.33169,3.81026,3.86272,5.04098,3.60189,4.90801
3.82903,4.65363,4.121,5.4617,5.18321,4.06344,6.31199,4.39341,3.06134,3.37935
4.22183,2.72007,4.59505,4.45206,4.36976,5.1919,2.67868,3.68628,4.95843,3.18907
3.98121,4.31665,3.7877,3.88195,5.05121,3.41042,4.21947,3.02211,5.53564,4.57239
3.64505,4.37336,5.31441,2.9289,4.50428,3.48306,5.46513,3.29289,5.47195,2.72001
3.18,5.03852,4.0625,4.2221,3.64693,2.69526,4.573,3.99134,4.20456,5.20246
3.91755,2.19929,6.10384,4.67515,3.95134,4.44149,3.1426,3.87409,4.83865,3.23611
2.80641,5.58536,5.79936,3.80152,3.72589,3.45757,4.76604,3.63173,4.18062,1.95065
2.54958,4.47337,4.85898,5.42712,3.41574,3.91012,3.75943,2.88508,5.35517,3.84732
2.81519,2.66132,4.08735,4.09091,3.22668,3.99867,1.84085,3.23711,3.60916,4.3486
3.02795,3.51158,4.09151,4.48362,3.54264,3.5256,4.66955,4.61321,3.86154,3.25816
2.9451,4.59636,5.21744,4.9426,2.75496,4.81706,5.17878,5.08949,4.80597,3.41478
3.74795,2.96785,3.22236,4.26646,4.92517,3.86989,3.9631,4.05443,3.96111,2.45221
4.68999,5.33023,3.36094,5.35387,2.86677,3.23242,4.24221,3.6465,3.71736,2.63548
3.62976,3.93298,2.66934,6.14482,2.79422,3.90157,5.84769,3.82559,3.7622,4.38103
5.39443,4.88441,5.30129,3.93003,5.51185,5.05602,4.16835,2.70758,4.86609,3.3703
4.39092,3.35176,2.16189,5.38961,2.62607,4.94329,4.07029,2.662,4.18565,3.7054
4.79215,2.67883,4.82331,4.02391,3.68747,3.18723,4.40576,3.81899,4.82112,5.50073
2.47713,2.196,3.98658,3.194,3.17288,3.26138,2.70744,4.86841,3.90629,4.98628
5.63618,5.84908,5.97275,5.10534,5.32868,3.61242,2.37854,4.99632,3.82123,5.0771
4.45334,3.71134,3.43408,4.24222,5.57731,3.38299,4.42297,3.47441,4.90499,3.39377
3.43134,3.17989,3.57184,3.67432,4.81409,3.14073,4.54518,4.25495,3.72124,3.13955
5.59187,2.90731,2.38188,3.16657,4.32572,4.48065,2.85896,6.60357,5.42738,2.96808
4.56663,4.79002,3.52637,3.87197,6.20699,3.49212,4.57595,4.0399,3.9831,2.14007
3.31483,4.15739,4.0334,2.85075,4.50967,3.77206,4.07326,3.65143,2.9942,3.7198
2.3444,1.68596,2.72062,0.781425,4.22483,3.93607,2.94088,4.4825,2.85528,4.29279
3.17252,4.07825,5.35023,2.12943,3.95976,4.00624,4.19957,4.12591,3.81793,4.08959
3.59427,3.79123,3.11359,3.38825,4.83936,4.81901,3.95454,4.83452,3.56239,4.15156
3.75819,3.78093,4.32796,4.06859,4.64471,4.41685,4.14658,3.4313,3.68047,3.76801
3.18479,3.75045,4.65471,4.08322,2.6489,4.71988,3.02899,5.15313,5.60757,3.98341
4.89799,4.50613,3.97012,2.14388,6.15717,3.15601,4.88015,2.95244,3.8421,3.30276
4.06816,1.5363,4.3799,5.21449,2.29748,3.37702,5.47725,5.21869,5.72938,4.60025
4.77222,4.23786,4.47432,3.79789,1.69357,5.46135,2.0797,3.74059,4.31443,5.49967
3.60657,3.56962,4.5147,3.06231,2.3897,5.05429,3.80558,3.91337,4.38531,4.31875
2.13714,3.15239,3.95523,2.94832,3.74872,3.25238,4.20526,6.12405,3.44007,5.72515
4.388,3.66706,3.2849,3.07875,4.0092,4.31525,4.47461,3.13223,4.46119,2.98343
4.14697,4.39476,4.02561,3.42178,3.34012,3.98118,5.59365,4.04434,3.36833,3.27204
2.05529,4.82138,3.85702,2.86485,5.34144,5.1154,4.22664,5.20708,3.87789,5.0193
2.23455,3.84743,5.81146,3.4356,2.18855,3.66111,3.74666,4.65842,3.78618,2.6613
5.39042,3.77731,3.24275,4.10542,5.70464,3.18109,6.05982,3.763,3.15065,2.71737
3.29826,4.51921,4.35265,3.53468,4.92696,4.14352,5.99307,5.99481,3.14779,3.75607
5.07693,4.3305,4.15952,3.41533,6.0072,4.46486,4.13058,3.72388,3.61873,4.55872
3.43197,3.22585,2.71679,5.48011,3.41135,4.73518,6.67337,3.83252,3.78411,4.03406
2.94198,2.3394,1.49915,4.67043,3.24485,4.23827,3.63383,3.79781,4.60779,4.85092
3.55448,3.81371,2.65037,4.4093,3.12425,4.43722,5.37439,3.80372,4.68319,3.91291
3.49819,4.44963,4.96321,4.42454,4.15431,4.73902,3.80089,5.18596,5.27462,5.58581
5.11511,4.70427,4.2737,4.28886,2.07972,3.68808,3.5389,3.84437,4.85476,2.42711
5.24318,3.32624,3.7603,4.03057,2.98735,4.72542,4.03973,3.34373,2.32584,2.45238
3.99229,5.80445,3.84381,5.07015,2.27801,4.56151,2.30278,3.53842,3.78153,4.70121
3.97055,3.31368,5.90195,4.3056,4.5679,2.5459,3.11619,5.04278,5.22793,3.61248
4.94835,4.8242,4.55278,4.49427,4.16947,4.4074,3.4958,5.2258,4.03959,5.61053
4.80507,2.73925,4.49417,4.49061,5.61531,5.1143,2.25733,2.10784,4.43175,5.70336
4.77862,5.18594,5.49267,3.64807,4.41659,1.66351,3.40268,5.24204,4.50077,5.16454
3.28172,3.82466,2.85534,2.84523,2.36386,4.65613,2.65229,3.50435,5.26384,3.92643
3.28504,3.14757,4.52157,3.66322,4.46622,5.03845,3.7321,3.6232,3.44688,5.17712
5.37453,4.17884,1.87161,3.97604,1.8485,3.29885,3.46218,5.29451,3.90599,4.04542
3.83885,1.77254,3.81669,3.76831,4.54562,2.89094,5.42765,2.9663,4.30134,2.73529
4.42423,4.18007,4.37206,3.06634,3.69171,4.5408,3.87499,3.35378,3.40507,2.69477
4.35648,4.19239,5.43949,6.39147,4.26214,3.62261,3.57532,2.96807,4.80761,6.78574
3.66936,2.91708,4.94102,3.61652,4.15549,2.88835,1.55821,4.32603,3.60665,3.45701
6.46563,2.50785,4.25992,2.88891,4.4102,4.24637,4.36785,3.56913,4.53371,2.87373
4.80734,5.75743,3.59142,3.99468,0.664797,3.87633,5.11996,5.37846,5.32543,5.49886
1.81503,3.94594,2.28423,3.51543,4.73942,2.96154,3.39093,4.5296,4.1855,4.20206
3.56084,4.58683,4.5634,3.42823,4.69897,4.97881,2.96942,4.35663,2.52321,4.3889
3.04203,4.22164,4.02647,4.31431,4.24169,3.62517,2.63384,4.82836,4.97269,3.47766
4.60576,5.62309,5.00201,5.23988,5.47585,4.77152,4.69915,4.05413,4.79219,4.47874
4.80084,5.95323,3.84619,2.75049,6.42301,3.89585,1.34231,5.08879,3.5201,6.95918
4.98757,3.84172,4.66521,5.53695,4.33049,4.00269,3.75428,3.23052,3.81881,3.34737
4.02815,5.20123,4.26767,4.30543,5.0433,4.67683,4.01238,2.66887,2.69518,2.75281
4.93921,4.8563,2.47036,4.58395,3.55054,1.87073,3.77498,2.21168,4.08759,4.87481
5.94744,2.81765,3.95557,5.30154,4.91139,3.23749,4.7153,2.66151,5.03011,4.00217
4.40123,4.22699,6.19153,4.21653,4.80654,3.41145,3.26893,2.64341,2.71879,4.66327
3.481,5.94927,3.62738,3.74109,3.36279,4.09732,4.35275,3.27803,5.24507,4.58207
2.7116,4.50889,3.90713,3.3599,5.63082,3.54442,4.07436,2.85695,4.66685,4.83475
3.24998,2.43793,4.92245,4.54851,4.18061,3.08921,4.30445,4.41182,2.61968,4.84027
4.03367,4.02246,3.63932,2.97132,4.52656,4.35116,5.37476,3.18404,4.14094,2.89931
4.72366,4.6139,4.86675,3.50612,5.17997,4.28657,3.73063,4.9049,4.30501,3.69323
4.37496,2.71679,4.62634,3.57143,3.95167,5.28178,4.19999,4.61848,4.1048,5.0879
5.93444,4.54038,2.68112,4.87998,4.49606,4.23498,6.60527,3.87549,4.83234,4.96354
4.96623,3.54965,2.14765,4.41983,5.51449,3.37362,7.00423,3.33608,3.7444,4.16086
2.96039,3.91913,3.02949,3.53018,2.89324,5.30352,4.14915,2.9401,3.67588,2.62333
4.45962,6.12857,4.23571,3.92852,4.09291,4.0261,2.39309,3.41363,4.69678,3.79585
5.81045,4.97035,3.96103,2.97521,2.67294,5.14403,3.42795,4.11353,4.15962,3.54565
3.77186,5.10121,3.98043,4.90527,2.88447,3.2481,3.97674,4.88252,2.65678,4.58239
3.96208,4.69513,4.1713,3.43029,3.22326,2.8613,4.48817,4.06603,3.85516,3.63788
1.90718,2.36942,4.8145,4.11021,3.35584,4.50499,2.58107,4.08328,4.0198,2.06135
4.28812,5.63172,2.73086,4.4195,5.3184,4.12558,4.70707,4.08961,3.84335,4.02287
5.19794,4.24506,3.10453,3.93407,4.499,4.52729,4.53757,3.14988,3.80341,4.91315
3.11008,4.77739,4.00101,4.82393,5.54263,4.65147,3.54542,3.24785,4.94712,1.62396
3.98457,1.4368,2.88453,4.63661,5.37648,4.34979,2.67353,4.40795,4.70658,4.66883
4.91128,5.46845,3.9006,4.08601,2.85721,4.69569,5.59975,1.6065,3.27553,4.61051
3.98845,3.6392,2.98097,5.18241,6.29302,4.45649,4.48316,5.43295,4.57097,3.88443
1.20419,2.68948,4.71106,2.05055,3.6628,4.35713,3.95679,4.80694,4.1388,3.25715
4.89812,3.29408,4.84999,3.09548,4.07243,4.36132,3.48392,3.61639,4.31793,5.47778
2.83647,4.02328,3.18572,3.86288,2.71628,4.80552,3.34169,4.0719,2.8393,3.00557
3.34907,4.16327,4.26034,2.11495,3.40876,3.60667,4.98256,2.44327,4.48489,3.99197
6.08835,4.93819,3.65602,3.00301,2.93207,3.59373,2.69932,3.67748,2.70901,3.26152
3.05586,4.81661,2.96165,5.09368,4.30425,3.92703,3.86969,5.59184,4.92823,3.72235
5.01372,6.09407,3.65281,4.99769,4.16144,5.10713,3.5711,3.55725,4.52764,1.88954
5.50924,3.99355,2.84602,3.7111,2.43576,3.28043,3.18171,4.4672,5.00757,2.20497
4.31124,3.99492,3.26979,3.68965,4.84697,4.58329,3.6499,4.28868,4.53955,3.91606
2.93014,4.6236,3.09092,4.32255,4.93417,3.01765,4.66687,3.66544,3.9117,3.57495
3.1297,4.65952,4.26243,3.88885,3.49945,3.70596,5.21684,3.24063,4.32499,4.67355
3.90601,4.24506,4.81833,4.09954,3.81326,5.07698,3.66154,2.79457,2.82463,3.5672
2.73487,3.41987,4.49069,4.29047,4.66389,3.09611,2.08992,3.06696,4.04427,2.39317
4.92511,4.96494,4.57021,3.72021,3.38014,4.50242,3.64362,3.89382,4.33153,3.14993
4.44846,3.59467,4.2399,3.47441,1.97585,4.3758,2.4591,3.48855,4.07169,4.44074
4.36402,3.19077,4.45817,5.05809,3.67689,4.51449,3.43571,2.20133,3.0386,4.49112
2.79278,4.86303,3.35783,3.41332,4.65058,4.23931,4.6744,2.82673,3.66644,4.46009
4.36096,2.84016,2.15318,4.7331,4.12795,4.60631,4.00255,4.69973,3.70506,4.17047
3.83332,4.12458,4.57242,3.59267,2.22009,3.20086,3.2204,5.39842,2.84183,3.66146
2.73819,3.67381,3.97429,4.91437,4.0281,3.34101,5.07752,3.30989,4.6307,4.00432
3.26751,4.39184,2.93438,4.53499,3.50482,5.59632,4.42601,4.23706,4.88362,3.20587
2.99659,4.70291,4.60445,4.14486,4.12017,3.91645,4.3596,3.61054,3.37999,3.76287
3.5207,3.41145,6.10409,5.04245,2.99749,4.19863,4.20832,4.2117,3.54398,5.54777
4.14669,4.55042,3.04978,4.21201,5.00984,4.56239,4.57961,3.58076,3.99781,3.92762
3.52099,4.37865,3.72575,2.42747,3.1268,3.88086,3.97554,4.23987,3.58806,4.31908
3.89088,5.19349,2.05405,5.45167,4.01238,5.12004,3.05157,5.4084,3.75511,3.34906
3.81746,2.77577,6.53828,3.13118,4.36786,6.19096,4.70811,4.85599,3.75767,3.15837
5.76372,3.3532,3.61625,2.96595,3.98776,4.57918,4.57789,5.18253,5.05469,4.65062
4.50314,3.84464,4.3381,2.9807,4.32363,3.5295,2.44239,3.22906,3.94251,3.2997
3.92333,5.27328,6.44284,2.418,4.07102,4.42924,2.46074,3.47523,3.18103,2.86871
3.07283,3.74215,2.57282,4.39086,6.66377,3.81448,4.33698,4.30751,4.26153,6.28266
3.16694,4.34065,5.28889,5.36589,5.32232,3.96362,2.04044,3.98366,3.49248,4.74024
3.37587,4.29008,3.99294,4.24456,5.65392,5.94952,3.18363,4.3696,4.43241,3.36292
4.42775,3.80772,3.86583,4.17201,2.09624,3.34438,3.17329,3.74177,3.77089,4.28344
5.63754,1.89577,4.74846,3.31417,4.79654,3.4423,4.58666,5.36346,5.68381,3.95934
3.7849,3.79036,4.02354,2.68154,3.74013,4.92956,4.77878,5.34397,5.08541,2.99432
4.10112,4.31355,5.04687,4.10536,3.91668,3.076,3.88305,4.40805,2.6045,3.46625
4.91458,4.35928,3.74821,4.23149,4.49452,3.71841,3.68834,3.90498,2.97689,2.77556
4.15185,2.59395,3.82918,3.58456,1.43707,3.41537,3.80867,4.53257,4.30581,3.26612
2.73268,3.77048,4.27256,2.43074,4.04536,2.67391,4.84861,3.20323,4.18971,3.63002
3.82402,5.16306,4.03818,3.91629,1.89256,4.11036,6.26785,4.80656,4.75097,4.26034
3.29268,4.05873,4.27337,5.53035,3.51705,2.74288,4.26501,2.89709,5.04675,2.89112
4.14687,3.23761,4.63722,3.85777,3.61354,3.16083,4.04082,2.81062,5.66813,4.26369
6.7896,2.96201,2.83478,3.49523,3.35768,2.88722,2.84698,4.70113,5.66172,2.79591
5.81494,4.64381,4.11886,4.18704,2.98502,2.36938,6.37244,3.59226,5.6947,3.0625
4.6749,5.13073,3.42341,3.71787,3.80066,3.78116,5.49348,3.8979,5.52428,3.89089
5.07708,3.80933,4.1853,4.81727,5.93877,5.28375,3.85617,5.08175,3.15257,3.82031
4.58979,3.86665,3.6098,5.5977,5.91619,5.00827,4.35966,3.3443,1.8031,4.66152
4.8707,3.74442,5.05654,2.55664,3.15067,5.28723,3.25968,2.52664,3.73137,5.00904
4.48417,3.37703,4.16019,3.42379,3.16066,2.27736,4.76575,3.69824,3.21621,3.19557
3.41907,4.17354,2.80047,4.33376,3.55249,2.76363,4.70813,4.26179,5.45987,3.69432
5.3223,3.99731,3.75696,2.96264,4.81388,5.38171,5.18428,3.45505,5.17177,5.47603
4.29675,4.45631,5.65379,5.05858,2.89318,3.43111,3.73869,3.48512,2.90281,3.71867
4.2033,4.48227,5.40963,4.71312,5.3683,2.80924,4.6818,3.88581,3.34626,4.10382
4.34484,4.6234,3.39191,4.51067,3.24165,2.73073,4.10189,6.00522,5.72655,6.33778
5.14378,5.20496,4.89104,3.73407,2.65656,6.11469,6.05414,5.18646,3.31225,4.16185
3.85347,2.21479,3.47592,2.77723,2.22243,4.67115,2.63307,6.37442,5.51979,3.5018
5.28944,4.05865,2.65633,4.30949,3.53455,3.43295,5.8152,2.70667,3.74854,4.94781
4.83592,4.97578,2.77424,3.83285,2.62471,4.0687,4.0508,3.15313,4.04452,4.13964
3.40168,3.5915,6.73423,4.0336,4.28575,2.10225,4.04016,3.78846,3.52394,4.21446
3.50774,2.88561,3.09226,4.77654,2.05564,4.34456,3.51251,3.5111,3.8719,3.14049
3.84077,5.16458,3.70789,2.32759,4.53939,3.29665,3.2013,4.02791,4.01319,5.10948
2.4254,4.5278,4.62614,4.4181,6.00222,3.95192,3.17281,3.91432,3.6899,3.14867
1.47345,3.83559,4.52868,2.39403,3.87424,3.90185,3.35052,3.03061,3.74775,3.86017
4.08333,2.24297,6.72349,2.51737,4.62563,4.97869,4.90145,3.07465,4.31549,4.01205
4.46767,4.41279,4.74187,4.18665,5.15456,4.50558,4.0371,4.90994,2.31717,3.90289
3.70923,3.17842,2.79993,2.96096,3.23817,5.12648,5.1461,5.57643,3.90288,4.92474
2.69645,4.12115,3.74584,3.40386,3.83491,3.80939,4.50382,4.00963,4.43584,3.08557
3.26771,5.29794,3.00153,2.90919,2.07252,5.3639,4.44227,3.31716,4.65744,1.80856
3.92925,3.65279,4.87392,5.57843,4.33186,3.9936,2.7119,4.52772,3.80306,3.92441
4.01834,4.09018,4.29726,2.74882,1.52752,3.38882,2.33976,4.36867,3.98812,2.42629
4.13826,1.95562,4.7385,4.78069,4.75112,5.89564,4.64283,2.28485,4.41734,5.87987
3.8959,3.49358,6.61817,4.07608,4.27208,3.16515,3.9949,5.60519,4.29868,4.89244
2.86036,3.95888,3.36467,4.01469,4.63548,4.64969,2.17323,3.22994,2.90704,4.73426
4.70333,3.34503,4.4249,3.63381,3.82943,4.75362,3.01894,3.02836,4.36057,3.55045
4.49699,3.87391,4.59428,5.09816,4.89756,4.95401,3.65603,3.99499,4.80194,4.14639
3.55665,3.63765,5.15051,1.985,4.15963,4.65634,4.09736,3.95932,5.40092,1.0113
3.01789,3.66885,4.10128,1.87353,4.31127,2.87793,4.40639,5.01675,2.84148,5.32668
4.75195,1.90384,3.31154,2.26625,5.19706,3.88616,4.65259,4.6491,4.3896,3.49866
2.89204,3.96646,3.84075,4.71818,3.59748,4.15383,4.52891,4.42519,4.26353,5.10598
4.64997,4.33139,4.77198,2.05047,4.06398,4.44251,4.21111,4.5784,4.12633,3.58341
5.54307,4.98419,4.11757,5.38373,1.36507,4.57477,5.28768,2.92158,2.34553,2.1652
5.2722,5.45478,3.1701,4.10153,3.77694,3.7588,4.50685,5.45812,4.17822,2.29894
3.41178,2.93052,5.47569,4.36613,4.36278,2.77185,5.32758,6.26174,4.12106,5.49113
3.31658,3.8271,3.19532,3.02247,5.23002,4.15309,2.43268,5.77834,5.00764,3.68799
3.19004,3.67962,4.94403,5.25011,4.42994,4.47825,5.05657,4.63761,5.83507,3.22132
3.75777,5.80492,3.60899,7.04878,2.79266,5.24153,3.36784,5.18717,4.00958,3.62064
4.89112,4.6711,3.65349,3.41509,5.75474,5.4011,3.74501,4.67363,5.01761,3.99557
3.6161,5.29726,4.54391,2.15025,4.69469,3.8944,5.20745,4.43916,4.87239,4.96061
4.39685,3.08584,3.45381,4.28106,4.90353,4.52584,4.58396,3.16005,5.65525,4.50257
4.30243,3.49405,6.51495,4.14155,2.97608,3.35686,3.65548,3.73282,3.30115,3.22159
1.78671,3.75379,3.14339,4.12496,4.99869,3.84245,3.99031,5.11415,4.48329,2.96462
3.39082,4.42584,3.93468,3.28606,4.36683,4.36166,5.91654,4.78555,4.0517,3.91275
2.16219,4.81279,2.97398,3.7714,4.77736,4.22988,5.12298,3.95683,4.32442,4.2427
2.84967,4.92551,3.28264,5.00607,3.52668,4.50176,4.16749,5.08869,2.87409,4.41179
3.41723,6.07135,4.4397,4.3298,4.97694,2.13488,3.52832,3.63566,2.30311,3.57852
4.4072,2.89687,3.76553,4.82523,6.19268,4.1272,3.90482,2.70095,3.45679,4.72879
2.96431,3.37172,4.47398,4.74798,4.59497,3.7215,3.01221,3.62037,4.12977,4.60526
4.80743,3.5042,3.68177,3.61993,3.05233,4.7492,3.90349,4.9489,5.74827,4.01663
4.21917,3.44146,3.17716,4.83619,3.90993,4.88978,4.63989,2.76752,4.02618,4.16594
3.7438,5.15189,5.28843,4.1261,5.06406,3.72425,3.92187,2.43502,4.90185,3.80018
3.54499,3.63649,5.2284,2.98671,2.96283,4.65471,2.86328,3.8093,4.73369,4.73729
5.1651,5.24958,3.20103,2.28805,4.75719,4.42593,3.15685,5.87175,2.97781,4.81928
5.78041,4.8197,2.78802,3.19303,3.2048,6.02021,3.05664,3.47537,3.02746,2.83869
3.16797,2.86175,2.91197,3.39124,5.67564,3.44463,4.86398,4.43585,2.56711,4.1544
2.08981,3.73675,3.62772,3.66051,5.43748,4.55626,3.29577,4.62457,4.02656,4.84999
4.02352,4.08429,4.2443,5.25526,4.13497,2.38207,3.51702,3.85488,3.68958,3.88551
3.8788,3.75604,3.32347,3.64794,3.11017,5.84421,2.86194,3.65948,4.44584,3.80771
3.21341,4.21693,4.40604,3.04033,4.93265,2.4865,4.16067,4.68924,2.32827,3.2917
6.38656,3.1699,5.04621,5.61455,5.19726,3.12286,4.05765,4.12037,2.52651,2.96547
3.72053,4.57041,3.66575,2.0249,4.33757,2.29397,4.02908,4.02089,3.03798,5.14976
7.15538,4.47767,4.66664,5.92009,3.97008,3.53812,3.09678,2.33239,4.76889,3.79235
4.03647,3.83847,2.97132,4.41056,3.29735,3.75704,2.62691,3.00211,4.07773,3.36792
3.87823,5.2465,3.35814,2.63197,3.93638,3.49435,4.70574,4.15402,2.21346,5.36375
4.54421,4.87634,4.3972,1.87336,4.3166,2.68069,3.91732,4.14407,2.68944,3.9543
6.51684,4.53724,3.24599,4.00757,2.82136,3.98229,4.4531,2.72348,1.99746,3.91172
4.03754,3.4805,5.01637,4.76123,2.48105,2.39472,4.64106,3.06754,3.63485,4.37816
3.86908,2.73862,1.46589,5.8416,3.93722,3.05169,4.31073,3.3614,3.98775,4.73555
4.93554,2.98826,5.30956,4.79298,2.82961,3.6542,3.43145,3.46738,4.06354,3.81544
4.67826,2.90214,2.74302,4.88876,3.30946,3.05053,3.20906,3.91107,3.08514,5.37367
4.61213,2.68229,4.29471,5.38969,5.95664,4.83936,4.75021,4.67029,4.05025,3.40633
1.94936,7.08883,5.04921,3.23288,4.12955,2.45063,4.86783,2.56895,4.08259,4.40406
3.94376,5.60756,3.79059,3.56357,5.01889,1.97857,4.74108,3.67637,2.51427,4.93217
6.21961,3.89121,3.19382,3.6166,2.3882,2.7823,3.99352,4.62618,3.30259,4.65733
4.14472,3.59793,3.90114,3.46393,4.95161,3.59696,3.85039,4.57763,2.89274,4.81025
1.63515,3.82727,5.257,3.29346,2.8203,4.19736,4.02874,5.67492,2.46382,1.72286
3.49672,3.31109,3.57173,4.24192,3.74649,4.51684,4.84737,4.40115,4.08001,6.8469
4.67388,5.70904,3.94744,3.78385,3.40224,4.83472,2.64668,4.50332,3.03431,3.70487
3.23609,4.58314,4.66603,3.76232,3.16667,3.14221,4.51387,4.75804,5.36117,5.32236
3.49073,2.97243,3.72432,5.38835,5.06049,4.31888,4.85223,3.74045,3.66448,4.86832
5.35653,4.72568,4.80475,5.63193,4.01737,3.23654,2.42309,5.50562,3.45019,2.68012
7.49028,3.00037,5.94917,3.22171,4.89747,2.85398,3.82743,4.5925,4.30405,2.22126
3.14929,5.5164,5.08961,3.12568,2.59425,4.12384,2.26892,4.46076,3.4345,5.2056
5.47879,5.81262,3.20257,5.98403,2.95818,3.55043,2.55239,2.63771,2.3758,4.75438
1.27452,4.09627,3.72147,4.95487,4.85765,3.63502,3.42556,3.36582,2.69487,2.62681
3.971,3.38764,3.9471,3.48629,2.74164,4.76153,3.76629,2.21157,3.57198,4.63652
5.53185,4.67268,5.47179,2.61577,4.31995,4.16309,3.04637,3.97175,3.83142,4.16545
2.84705,3.26248,2.13983,2.40934,3.99873,3.03834,5.06822,4.21943,5.94579,4.86027
4.52613,4.26905,4.80606,4.09497,4.15891,4.38901,2.1503,2.7755,4.80592,4.699
