10
3.79785,4.20098,4.41927,3.05302,3.11582,2.93733,4.23937,4.53123,4.56353,3.61041
5.22723,5.03188,4.30486,5.97298,7.12551,5.27056,2.95727,3.99488,4.59688,5.21405
3.99306,5.06595,4.00371,2.01877,4.89343,3.85024,4.72005,3.9388,4.88286,3.70307
4.23624,3.07733,2.43577,5.8809,4.57053,4.55109,1.83228,5.4304,2.6476,3.42282
2.21407,5.7796,3.11414,4.75881,4.82391,3.49811,4.09215,3.00126,3.49179,5.19672
4.08884,4.13407,3.99613,3.45463,4.17818,5.07353,5.57478,4.30605,2.34293,4.78768
5.01407,4.3097,2.21486,3.79511,3.54237,3.28618,4.55951,2.92958,2.69104,3.91625
3.64327,2.68724,4.41426,5.74254,4.85893,5.99411,3.61654,3.03833,4.15953,3.21761
4.74213,4.238,3.32888,5.1117,3.60935,2.17715,2.38153,3.78259,4.47493,2.82391
2.84483,4.94802,1.9059,3.00203,5.04257,4.11458,4.70605,2.95907,2.65398,4.53762
3.72369,2.28789,3.89218,1.71666,2.90286,4.59016,3.83512,2.37571,2.51047,6.03284
4.23648,4.40839,4.44152,3.61609,2.95439,4.74992,3.45641,4.87271,6.47504,4.72299
4.94686,4.16409,2.75379,5.54947,4.561,4.27231,2.16832,3.56452,3.22301,2.21274
2.56882,4.36593,3.65995,4.26544,6.43063,3.29009,4.77824,6.08109,2.32592,2.31364
4.9407,3.33449,4.44818,4.04641,3.9048,2.64134,2.37667,4.24215,5.6823,3.37136
2.86455,5.45457,3.67484,5.82592,4.09763,5.6749,5.44057,4.19723,3.74828,2.80404
2.72516,4.43852,4.38577,2.13428,2.34825,6.92409,3.84178,4.04628,2.40953,7.12265
3.10364,4.68113,2.50725,5.0363,2.81065,3.27332,4.14882,2.62978,3.81976,3.57859
3.347,5.37622,5.19697,3.01969,5.14574,2.9356,3.65512,5.90877,5.10207,4.93692
3.01104,2.96644,3.20767,4.796,3.26611,2.02352,5.68881,2.80906,3.15953,4.84533
2.5775,3.24022,3.9336,4.09334,3.3171,4.62162,3.39854,3.39282,4.23754,3.78248
2.71167,3.94606,4.59579,5.00779,4.92889,4.29395,4.32157,5.88956,2.74097,3.4989
4.73973,4.20746,4.46281,3.10695,1.68886,1.86012,4.24732,3.13165,4.19588,5.68072
3.6048,3.13852,4.42231,2.95137,4.00769,4.14145,2.45113,3.21137,4.60079,5.15391
4.60056,1.11246,3.39245,2.28119,4.51672,3.2404,5.55171,4.43621,4.57655,3.55016
6.19155,4.98346,4.5448,5.84036,4.13505,3.39803,5.2197,3.16153,5.81754,5.40704
1.46633,5.30585,3.11463,6.3611,5.38065,3.83108,4.35877,4.2446,2.92298,4.0997
4.86698,3.71319,4.09231,2.90799,4.91992,3.41957,6.35762,4.4662,2.79285,4.08634
3.51897,4.14807,3.32247,3.08066,6.29331,4.38324,3.75256,4.10313,3.49091,5.38831
3.86037,4.39205,3.12129,3.89723,4.86402,4.69346,4.50644,3.93283,5.94464,4.8571
3.79924,4.92277,4.25387,4.93968,2.86321,3.96511,3.32723,4.76993,2.46248,3.22339
4.0683,3.61016,3.15569,5.41548,2.98235,4.34727,4.65565,5.37576,4.3601,4.77679
2.16324,2.38137,3.24691,2.24295,4.71037,2.94248,3.87657,5.62638,4.8429,2.55654
1.90714,5.04837,2.79334,4.98551,4.07762,6.10518,4.84147,3.81139,2.11204,5.88346
2.93586,5.42593,2.36307,4.8378,4.77568,5.08212,5.71997,4.88372,3.80619,3.25577
4.05829,4.7561,5.29986,3.15201,4.29424,3.30753,3.33094,4.92746,2.11494,3.63349
1.84635,1.8433,3.80947,2.85037,4.19069,3.39982,6.07851,4.14555,2.24296,4.44028
3.80229,3.69625,3.93038,5.28912,3.66755,5.28688,4.30951,5.3317,3.7009,3.40689
4.10453,5.51619,4.66803,6.25652,3.22322,2.36335,3.77327,5.06704,2.93867,4.52963
2.76101,5.68497,4.90124,2.95968,3.25852,5.51289,3.95324,3.78805,4.93951,4.74482
2.94259,6.00648,5.92522,2.63597,5.34116,4.32586,5.19004,4.64298,4.47027,3.89319
5.33639,3.0714,1.88504,1.40406,4.43009,4.4695,4.27751,2.51233,4.1051,3.43863
5.74483,3.91782,4.14246,2.3645,5.23945,6.04107,5.3745,3.87311,5.30455,3.68632
3.67242,3.49014,5.26542,5.0412,5.67306,2.5726,4.36996,2.60036,3.80923,4.24421
3.74705,4.60268,3.96769,3.77751,4.02436,3.14394,5.67946,5.78672,2.78324,3.93074
4.52396,4.38656,4.93304,5.37109,4.8781,3.87467,4.411,2.31972,4.67456,3.43066
4.05726,3.76706,3.31292,2.80374,4.3252,4.41696,4.08644,4.74178,3.81486,4.29381
4.39626,2.98968,4.05412,5.38427,4.57579,3.20862,3.80585,4.52562,5.06279,3.93516
2.68535,4.39503,4.74975,3.76921,4.40645,2.77944,2.93123,2.55703,4.25865,4.75526
3.14788,4.39634,2.44267,3.38775,3.8002,4.14986,2.29277,5.073,5.13891,3.82707
4.67792,4.16138,4.17783,2.73765,4.89922,4.9881,4.75827,3.60209,3.52973,3.94331
5.54627,4.34061,3.3618,2.89653,4.75808,3.82667,3.88379,5.08481,4.12434,6.15503
2.77461,3.42746,3.60476,2.97348,3.22942,3.29212,1.34013,5.92033,3.09436,5.0467
3.57739,4.17127,3.00585,4.60818,3.24354,3.27737,5.47749,3.32998,3.55791,5.26528
3.18347,4.06442,5.149,5.41351,6.09162,4.29974,4.31792,4.64508,4.13666,3.53773
4.09557,5.2073,3.67853,4.44772,5.00909,3.88593,3.05395,4.51588,4.05044,4.60179
4.03676,4.26676,3.29766,4.12733,4.05161,3.80816,3.9682,3.19748,3.3558,3.72917
4.09567,3.79154,5.08618,2.27181,3.65378,6.20812,1.04038,3.20326,2.04199,2.54908
5.00011,4.02046,4.2145,4.44505,4.38061,4.14418,3.73084,4.05493,3.98898,2.52307
4.4809,4.41496,2.61635,3.65483,3.27268,3.72206,4.51048,4.28553,2.75851,2.63829
2.43381,2.91033,4.06435,4.54455,3.87938,4.02964,2.64489,2.51515,3.57192,3.52555
3.99487,3.49262,2.81451,3.19971,3.58717,4.00782,3.78942,5.26534,3.74108,5.15332
3.54708,3.1356,3.69452,3.39728,4.43781,3.67602,2.71291,2.06288,5.35035,2.94557
3.78564,2.78455,4.55006,6.58272,5.08385,3.99917,2.33367,3.97294,4.55234,3.46125
5.35215,4.87955,2.38184,4.23358,5.88627,3.38453,3.28586,3.0941,3.56925,4.94673
4.45044,3.53974,2.72767,3.79932,4.33898,3.26795,2.14401,3.17512,5.48157,3.8239
4.40866,4.86579,4.03308,3.36258,3.57031,4.98831,4.3496,4.13068,3.5352,2.44734
2.72784,3.72944,3.65207,3.49726,6.15359,1.41739,4.34571,4.36788,4.42187,4.4329
6.04695,3.53296,4.26143,4.19493,3.14849,3.42843,5.25488,6.26487,5.19294,4.97461
4.93568,3.59033,3.58884,4.96417,4.20916,3.54904,3.56467,3.91836,4.07997,4.03877
4.54666,4.21256,3.34994,3.55845,3.24157,3.43293,3.95457,4.60667,4.07006,2.73902
2.88481,4.1674,3.99669,3.44221,4.3109,5.09508,3.79117,4.09131,3.95105,3.16791
3.77219,4.29127,4.50592,6.27825,3.49943,6.69051,2.28089,3.49934,5.75876,4.6737
4.25174,4.6026,4.65469,3.7708,3.16141,4.15149,4.51653,2.74534,5.12977,4.81287
4.55003,1.83672,4.722,3.75868,2.62377,4.1377,4.48553,3.77707,2.8136,2.87442
2.85212,3.92489,4.75354,3.85798,4.11578,3.64593,2.62179,5.57265,3.52806,3.705
3.9939,3.20763,4.35765,2.83778,5.74859,3.654,4.66466,1.85237,3.8668,3.57548
4.83562,3.33585,4.27445,3.42865,4.29549,3.78714,4.75423,6.00268,3.42132,4.13978
2.67162,3.43888,4.04462,5.4879,4.46412,3.84294,4.87265,3.1982,4.37466,3.28016
5.46663,4.96209,4.40205,2.92185,4.01055,2.75073,4.25708,4.19585,3.1368,4.29298
4.05623,3.15379,5.31472,2.8641,4.02031,5.52147,4.09261,4.52465,4.77847,2.76825
4.49798,5.84099,3.32904,3.69911,3.83316,5.03303,1.29937,3.05783,2.23413,4.65088
5.27199,4.44909,2.29748,5.2833,2.9646,3.2081,4.45116,4.26194,2.05714,3.91962
4.06908,3.61206,3.66758,2.70032,4.53017,2.95936,5.75734,3.84552,4.63625,4.22234
4.62846,4.32307,3.72987,2.12152,4.59054,3.90755,3.94792,3.82416,4.44807,3.12534
3.85959,4.17142,5.7845,3.90638,4.23791,3.00185,3.08848,5.53511,3.29863,5.476
2.70625,4.89847,3.08699,5.54486,3.16839,5.40869,5.0964,3.32851,4.48305,3.49634
3.41844,3.54197,5.38156,2.65531,3.5593,2.92583,2.71784,3.41603,2.9076,3.01026
4.03769,3.30948,3.59716,4.76379,3.71828,3.33066,3.5377,4.58142,3.63582,4.98656
2.99079,4.71891,5.3932,3.93539,2.07597,4.27548,3.38846,3.78867,4.88262,2.68422
4.2706,3.46721,5.34281,3.1096,2.59062,4.49621,2.20136,4.40393,3.76167,4.56141
2.56919,4.12068,4.67775,3.11913,3.91545,4.6842,4.23412,4.53744,3.99934,3.94203
4.8399,4.34147,3.11123,5.38276,5.69339,3.00582,5.24722,4.17718,3.21885,3.50911
3.96447,4.16553,3.76811,5.08599,2.25854,1.34587,3.20974,4.18465,3.03286,4.87389
3.1615,3.6997,4.69376,3.29335,4.2621,4.22857,5.14803,3.96532,3.73739,4.26163
7.05807,2.92363,3.11296,4.34692,3.89939,3.95695,5.5266,4.41991,3.15605,3.32071
5.37906,4.20952,4.36475,4.33064,3.79415,4.13114,3.05027,4.93495,4.97693,3.85331
2.26915,4.19922,3.39181,6.07757,4.12677,3.3311,7.26741,4.90312,3.00347,4.50935
3.21691,4.36152,4.82029,5.19825,3.47528,3.62506,3.75625,4.75052,4.28922,3.27109
3.21207,3.24957,3.55531,4.11773,3.8234,3.44152,3.37659,3.81942,3.27084,2.71656
5.62754,5.41934,5.0835,3.65688,4.234,2.04284,4.89393,3.66042,3.76621,3.83475
4.3604,4.93644,3.22753,4.03683,6.10088,3.81089,1.97178,3.39401,3.69175,4.38857
5.46606,5.96277,4.54545,4.1984,4.77557,1.49169,3.19912,3.56112,2.29053,2.59487
4.80764,3.46515,3.29128,3.02298,3.32951,4.11278,3.17177,3.55936,5.19622,3.41582
3.85578,2.26962,3.5297,3.01111,2.47037,4.017,3.25433,5.71562,4.12409,3.78994
4.84216,3.68409,4.65696,3.81359,2.9525,2.74669,6.82475,2.48205,4.25041,3.99245
3.39038,3.66044,4.31418,4.07931,3.97894,6.26608,6.04953,1.57097,3.33775,5.81645
4.65085,3.4594,3.46854,1.28946,3.19808,4.65165,4.32801,2.82409,2.72317,4.11515
4.03105,4.26899,4.83163,3.79951,4.74093,3.93771,3.91187,2.90907,3.72158,4.75343
3.61187,4.05355,3.95895,3.20182,3.9295,4.0316,7.02607,4.25738,4.85832,4.72101
3.80594,2.97946,4.67149,2.13731,2.73941,4.97853,3.81321,4.90534,4.20083,6.60842
3.85676,4.11946,5.21579,4.22284,4.60936,4.19434,3.65574,5.77516,6.39756,3.00302
4.75823,3.69969,3.98781,4.22804,4.76522,3.21277,3.90458,4.02238,6.54693,2.06575
4.27281,4.01619,3.61275,5.31391,2.33152,4.32683,2.52354,2.12889,4.24256,3.97537
3.45797,5.25394,3.04187,4.11564,4.11063,3.29832,3.00036,4.04612,2.98743,4.32535
3.54308,3.95731,4.19179,4.32434,3.98906,3.57728,3.41124,4.08172,3.72524,4.11856
5.24224,4.4979,3.37994,5.03236,6.06066,3.54249,3.57978,3.58673,3.84522,4.62858
5.33299,7.2032,2.3451,3.36775,4.20463,3.75382,4.63713,4.01162,3.21044,2.43126
3.55911,3.65716,4.73387,4.87624,1.4256,3.50282,2.79668,4.41185,2.30151,3.5073
3.18715,3.9292,4.49912,5.77432,4.43926,5.48407,5.97882,3.73858,4.11275,3.4519
3.55975,4.48714,3.45331,4.19356,4.14418,3.04956,4.19979,3.46086,2.7661,4.30309
3.49377,4.02807,4.62257,4.06584,2.98807,4.93854,3.54879,4.22791,3.27537,2.18325
3.20286,4.82298,3.52578,4.36603,3.79395,4.14579,3.89565,4.84006,4.33775,4.01785
4.73691,4.69498,4.87695,3.75172,3.39519,4.26377,2.24074,4.87395,4.06959,1.89598
3.02358,4.63666,5.01125,3.04843,5.37069,3.92472,5.38206,5.63307,3.39546,4.57301
4.88149,3.13018,3.08718,4.1847,3.65889,3.85846,5.6876,3.97076,4.94252,3.36064
4.68138,2.87284,4.74516,5.48218,2.35948,3.72648,4.8245,0.27129,4.58052,3.28362
6.00661,4.94368,3.90073,2.76211,3.00426,4.27684,2.20965,1.20154,3.96369,4.72864
5.32143,3.43868,4.83485,3.84843,2.96207,3.83111,4.57343,4.25116,3.29643,2.59268
3.84811,4.19489,3.92389,3.09884,2.58797,5.27195,4.56776,3.47575,4.34525,4.56778
4.59563,4.48801,3.51284,2.94087,5.96877,4.18233,2.78806,3.25292,5.23482,4.74572
3.816,3.21112,5.60706,4.10608,4.72459,5.70118,3.32779,4.59692,5.61793,4.23978
4.37508,4.36545,4.54341,4.00981,5.07389,5.58889,4.88017,4.91482,2.74583,3.06654
3.76068,3.04794,4.71236,2.67892,2.61054,3.1589,3.61577,4.60236,5.1131,3.79751
3.07181,2.31519,3.54528,3.06014,2.94802,5.47296,3.86633,3.74246,5.18127,5.62351
5.93488,4.69285,4.331,3.61729,4.09895,5.47767,5.73462,5.30765,3.76747,4.60267
4.37013,3.36931,4.18297,5.27962,4.20308,3.22581,3.01779,5.11753,3.55866,2.64055
4.95752,3.78208,5.14938,3.3068,4.60473,4.40362,3.78075,4.3569,3.02933,4.82941
4.29342,5.70558,2.51447,3.99277,3.59693,4.52796,4.52876,3.61575,4.26827,2.07047
4.52407,4.86292,3.036,2.90786,2.68714,3.93193,4.27406,3.21984,3.39184,4.9725
4.08096,4.10244,3.84522,3.38261,4.72109,4.238,3.06859,2.47351,4.03341,2.43381
4.53445,3.48779,4.68426,4.05117,3.09287,4.69275,2.80802,3.11278,3.55631,4.34533
4.88873,2.61035,4.23854,4.77538,3.92591,3.77653,5.54454,3.55933,6.4825,2.473
3.36421,3.27932,4.88541,3.36328,5.22495,3.90135,3.59635,3.44474,3.56719,3.9584
3.96437,3.92654,1.4966,5.92429,6.51072,4.4921,4.14289,5.34187,4.01139,4.74642
1.92572,3.48028,4.13572,4.63921,4.70878,3.8298,3.47811,3.83595,3.4815,3.64038
4.02811,4.78327,4.39811,3.34884,3.6858,3.70438,5.63985,3.38422,4.91195,3.45045
2.98671,4.35597,5.58479,4.32243,5.26244,4.92207,3.47467,3.75238,4.47877,3.10748
4.19453,1.61979,4.38102,2.8849,2.76489,3.35849,2.02864,3.335,2.58182,4.45452
4.15453,3.88366,3.52923,3.41494,1.32369,5.37553,4.57315,3.55761,5.89122,4.85061
3.47983,4.64279,4.54255,6.4464,5.24587,3.5048,5.45911,6.31358,3.43621,3.11663
3.43528,4.46035,3.59415,4.52702,5.00916,3.98224,4.66026,2.71258,3.82316,5.06356
1.74649,3.54483,4.85312,4.29635,3.56131,6.12775,4.27464,4.85564,4.25109,2.36797
5.14516,3.64886,3.54005,5.17341,3.14329,3.43078,2.51479,4.14276,4.21808,5.51293
3.84766,4.31871,4.34034,4.53944,5.36737,4.8484,4.20898,3.91966,4.09679,3.30259
2.59633,4.20508,5.09459,4.3533,2.14352,3.41604,2.78755,3.21434,4.11861,3.08467
3.11459,2.59272,3.4928,3.79304,4.80455,4.30593,5.45009,4.15165,4.98634,4.1706
1.21781,4.07609,4.02348,5.77963,3.31471,5.22375,4.73399,3.34191,5.0787,6.79453
4.13893,4.83195,3.05873,4.70874,5.73492,2.47321,3.41428,3.94124,3.60483,5.72625
3.30677,4.18753,5.2994,3.80876,3.80116,3.53746,4.63724,5.97391,2.3102,3.04458
2.97983,4.42115,3.96051,5.50415,3.31344,3.22419,3.39972,3.61678,3.5341,5.7838
4.60627,5.46437,3.4824,5.07175,3.07219,4.22158,4.61745,5.83599,3.53094,3.84175
3.22362,4.01447,3.90254,4.85069,3.28707,4.69991,4.28997,2.89816,3.99904,4.92596
2.29341,4.45389,4.93806,4.52407,2.36308,3.55348,3.41215,4.09456,3.75172,5.54571
3.54574,5.25043,4.56213,3.84761,1.10661,2.50966,2.65547,3.58608,3.98651,4.46103
3.30286,4.53118,4.53533,4.34697,3.74359,2.94237,5.54343,6.59366,4.17235,1.56347
3.21427,2.92426,4.07709,4.13823,4.13517,4.60432,3.52171,3.359,4.95982,4.19703
4.74255,4.45685,4.49717,4.64115,2.53309,3.5611,3.92096,3.97211,4.40007,4.0092
3.1119,4.41808,3.90256,2.0593,4.69396,2.61759,5.51908,3.64626,2.4677,4.47261
5.49325,3.8743,4.60415,4.49752,4.42108,2.64448,5.52162,3.05577,4.95771,4.17418
4.72449,4.55871,4.70504,3.04529,1.97347,4.12651,2.39028,3.42576,4.16546,4.12475
4.21101,3.96675,3.91356,4.18364,3.93833,4.5467,4.28707,3.42563,5.47031,3.60304
2.98473,2.4566,4.84594,4.80877,4.33583,4.24344,5.02644,4.84296,4.8831,4.06282
3.72535,3.97734,5.41441,4.25551,3.65031,5.18391,2.0626,4.60162,4.59199,4.50477
3.75578,4.01758,4.16556,3.67929,3.52385,3.43743,3.28274,3.20337,4.50583,6.71524
4.74113,4.22279,3.0633,4.17583,4.76516,5.56066,3.88388,3.90197,4.57936,4.23371
2.94516,5.80432,3.22027,3.9195,4.49089,3.97565,5.80269,5.74537,4.14508,2.41518
1.63634,3.28263,2.48756,4.52876,4.10998,2.29344,5.16131,4.64979,3.54331,5.29763
4.34202,3.78723,4.19302,4.63618,4.31433,2.56002,4.35903,2.68802,4.44582,4.80761
4.08432,6.04306,3.73448,4.50936,3.52924,2.73319,4.01888,4.81067,2.76434,3.29175
4.4666,3.53073,5.47576,3.99804,2.23062,6.22734,3.71481,2.80995,3.76559,5.4955
2.6092,4.92235,3.28368,3.7706,5.13212,4.90262,3.50552,5.68471,3.62515,4.35492
2.27304,5.12874,3.78967,2.43288,2.50068,3.97714,4.87092,2.57935,4.32407,3.33684
5.31285,4.37671,4.57653,4.07953,6.74277,2.12401,2.86788,3.30302,4.04812,4.41314
3.50096,2.54585,4.3685,4.28636,3.64607,4.93655,4.38882,4.25342,3.55181,2.81233
5.41318,3.88508,3.43294,5.17193,2.88174,4.13095,3.28088,4.27386,4.04898,4.11855
4.49648,5.363,4.2885,3.47085,5.0949,4.17533,4.61372,6.45778,2.26004,4.25979
4.16547,4.97807,3.83352,5.21805,4.55985,1.1919,4.10031,1.91428,3.81528,1.78995
4.88128,5.0146,4.42618,3.22945,2.91178,4.22839,4.12209,3.06352,3.08462,6.05174
3.71686,5.8795,5.08129,3.88137,3.28477,4.18956,4.2644,5.70619,5.35547,5.52396
4.0998,5.28569,3.23328,5.13612,3.66787,3.73251,4.30095,5.06828,3.37117,3.68431
4.73519,2.9844,3.158,4.28605,6.24841,5.79123,4.88694,3.14789,3.425,2.52597
3.96286,2.22966,4.11845,3.47624,3.69325,3.11032,4.32177,4.66096,3.93624,5.54213
3.21273,4.31187,5.28175,4.70089,5.13139,4.87495,3.16171,4.55176,3.22479,5.55096
1.61562,3.32998,3.9642,6.18635,5.84578,4.75718,3.03779,4.38774,3.9371,3.76393
1.98456,3.95514,3.87768,4.27048,4.00482,4.4851,5.0509,4.73043,3.77306,6.27981
4.84366,3.38967,3.36687,3.63391,4.93746,3.93897,2.19627,3.74204,3.23618,2.67843
3.57282,5.29138,3.48697,2.85145,4.77381,2.14752,5.80881,1.12133,3.896,5.01351
3.85022,4.35013,3.67158,3.64033,4.71385,3.72529,5.49972,4.93099,3.61695,2.90906
0.627268,1.93021,2.57571,3.88588,3.01293,3.96596,3.94906,4.21099,5.10731,3.89634
4.45409,4.16305,4.76612,3.28684,3.19269,3.05293,4.13955,3.21026,3.37213,2.66057
5.03094,4.18678,3.31787,4.15912,4.88797,3.54508,3.37376,5.18567,5.74648,2.94773
4.94901,4.08357,5.39214,3.49228,4.06211,5.37714,4.32757,4.07575,2.69973,5.835
2.41968,4.98451,3.53327,4.18534,4.1489,3.93307,4.31634,4.42225,3.06559,4.73671
2.64391,5.20082,4.59807,2.70155,3.82658,5.18665,4.35873,5.03229,4.63028,3.70176
4.80442,4.35476,2.13997,4.99753,2.93357,5.89208,5.19872,2.3975,4.66301,4.26575
4.4743,5.16408,4.02856,3.00194,4.35356,3.20787,3.82552,4.29193,3.69917,3.30422
3.37995,2.29366,4.66626,2.44852,4.12639,3.70126,1.74952,2.79661,3.3178,3.6864
3.85175,3.85254,3.88189,2.57048,5.66155,2.34001,3.00957,4.12029,3.40896,4.54003
3.01477,3.8826,4.50828,2.24292,3.91309,4.13088,2.69574,6.32357,4.63522,4.63415
3.55435,4.74784,4.51403,3.72429,4.07067,4.59171,2.32735,3.66416,4.87772,2.01013
5.86403,5.14738,3.76555,3.54878,3.37807,2.66786,4.69995,1.63392,2.28753,2.97987
6.60469,3.61458,5.1853,4.79608,6.25698,3.79243,3.35326,3.4081,3.21874,3.22824
3.48452,4.53281,3.17967,3.89295,3.45212,3.61137,4.01396,3.13969,2.82679,3.57014
3.62194,6.43209,4.14167,3.12348,2.97449,3.5293,4.31184,3.79984,2.16619,4.44405
4.04414,4.3096,4.45614,3.44051,5.60978,4.22384,5.82013,3.41495,3.48148,4.19704
5.06986,4.45036,3.45763,4.90591,4.11886,3.76833,1.77543,3.8022,4.28108,3.66725
3.4443,3.38898,4.35412,5.17563,3.47324,4.15137,2.85614,1.45935,6.2086,5.43792
3.32055,4.79635,4.80843,2.95061,3.54808,4.0457,3.11511,4.4483,4.89808,3.26795
4.31663,3.78613,3.36137,3.69839,3.34882,4.85193,3.91725,1.71707,4.15066,5.07369
4.19986,5.05668,2.31303,5.42713,4.65917,4.97768,2.59158,3.31394,4.88648,6.34249
4.56292,4.88676,3.23779,2.69102,3.92763,3.12273,4.3505,3.91508,4.53215,5.19406
4.92726,3.06374,4.96051,2.87427,4.23623,2.63177,4.46338,5.20102,3.18941,4.24591
4.80328,5.29081,3.12369,3.86384,4.49137,3.49012,3.93158,5.21555,1.75078,3.60395
5.10579,4.43467,5.76675,4.27258,3.29725,3.02676,3.35552,5.36383,4.63228,3.76324
2.94766,2.92516,4.13167,2.41556,3.26345,5.0533,4.22516,3.03317,3.17279,4.02739
3.66807,3.79295,3.86307,2.11195,4.08142,3.93666,2.62134,3.35512,4.34794,2.61909
5.52825,2.69504,3.16617,5.7691,4.38643,3.94933,5.03353,5.70411,4.26809,4.11719
2.10945,4.68023,3.57424,2.47565,6.40685,3.72414,3.15445,3.64588,3.44845,4.41751
5.14186,3.58472,5.85928,5.53994,2.76543,4.75153,3.18678,2.82632,4.56724,3.80473
4.47023,5.00344,4.01844,2.22273,3.25429,5.77153,3.43603,4.11115,4.16085,3.68015
3.67529,2.89891,5.59147,2.3005,4.1413,3.92836,1.42843,4.35148,3.50751,3.37827
3.28517,3.4174,4.89841,4.93936,4.4304,5.38684,2.74552,1.97562,3.77495,3.07777
3.53338,3.63175,5.30385,4.6299,3.17288,4.16861,3.78901,2.77204,1.94876,5.21158
4.26768,3.59794,4.33093,2.59318,5.14647,4.16102,3.53796,5.04448,6.04278,6.0031
2.05847,3.05548,4.122,4.87252,3.50525,4.83033,4.49537,5.36998,5.12566,5.0759
4.52602,2.16842,3.88469,2.2942,5.11099,3.86258,3.8223,4.40537,3.65238,4.87177
4.58616,1.83293,4.05214,4.66647,3.7969,3.89705,3.75983,4.68997,4.13752,3.39429
3.95015,4.74323,5.46845,3.15681,1.84073,4.37845,2.72938,1.66241,5.08259,5.92391
4.59441,4.96259,4.07358,1.96177,5.3386,5.56412,4.78301,2.4663,3.46281,4.62104
4.80764,3.29321,2.52671,3.94013,4.86324,3.20185,3.83086,4.63997,3.95026,2.8417
3.37752,4.48631,3.18984,5.12652,3.37837,4.89639,2.43118,3.81388,3.05026,3.33511
3.54023,4.64215,3.43201,3.84577,6.15423,4.09486,4.08744,5.39954,5.79045,5.32178
3.35988,3.57281,5.05112,4.15581,2.83088,2.9303,5.68013,5.8673,4.55415,4.26432
4.38976,4.8027,3.92989,3.70817,4.23794,4.37558,3.70155,5.72624,3.51044,5.5035
3.41395,4.08065,3.1432,2.64837,4.61265,2.53086,1.56066,2.5143,5.44539,3.53536
4.36066,3.95541,5.53085,3.60748,5.12125,3.88522,4.09498,5.14421,3.49812,1.87822
5.2522,2.94683,2.75605,4.98054,5.7067,5.57965,5.16299,3.83563,3.98393,5.30773
3.69596,4.93066,2.98179,3.18247,3.9948,4.7572,1.70638,2.74843,4.26393,5.03056
1.76878,1.69977,3.3286,3.23974,4.0739,3.8399,3.49519,3.69597,3.35597,3.76267
4.14755,3.7407,4.96742,4.26111,3.70731,4.7782,3.58478,5.00039,3.66266,3.40804
3.38494,3.14769,4.1682,4.24121,1.91604,3.65808,5.30558,5.20517,3.06909,4.78071
6.40674,3.27962,3.77931,2.68953,3.96216,4.23408,6.52693,3.74636,3.03819,3.34308
5.83194,4.23743,4.35436,2.99491,4.77548,4.73946,5.34061,3.73934,4.6711,4.45201
2.90126,2.9235,4.65844,2.78413,3.41071,3.35879,4.8372,4.38503,2.85032,5.63232
6.20183,4.08366,4.17799,3.10059,3.79983,3.904,3.7985,4.37903,2.75932,3.79188
5.24416,3.47494,5.07804,2.74655,4.25684,4.00737,4.35822,2.64428,5.26996,3.05578
2.96635,2.4674,2.92774,3.3123,2.66805,4.27991,5.36853,3.1768,2.2959,3.21478
3.79846,3.53921,3.22911,2.96876,2.27683,4.44561,2.70051,3.0791,4.79041,3.72899
3.73936,4.58572,3.54833,2.9105,2.82407,2.89356,3.34557,5.16009,4.56512,1.90376
2.99861,3.36081,2.42824,3.76019,2.80568,4.38657,2.76617,4.19688,5.04177,3.83671
3.45932,3.75991,3.79492,3.17077,3.51795,4.76495,4.11757,4.48622,4.61967,2.40262
3.22334,4.58326,3.84586,3.54833,3.38204,4.92426,4.65049,2.73842,1.90922,5.33841
4.64384,3.55224,3.71063,4.47306,3.25999,5.45021,5.85807,2.92337,2.50856,3.81615
4.77297,3.92611,3.35851,2.41301,3.55875,3.98626,3.71242,4.35309,1.90645,2.82089
4.98248,2.70333,4.61056,5.38213,3.26256,3.00398,5.06362,3.22516,5.38388,2.76098
2.41285,3.99085,3.10496,2.52143,3.27358,2.5821,4.76477,4.13091,2.62444,4.37519
3.78178,3.23896,3.44088,4.75169,3.5418,4.71284,2.18588,4.0631,3.13949,5.44158
2.88071,3.25774,2.2772,3.40949,2.1125,2.73177,3.96043,4.47837,4.45472,3.81778
5.65638,3.44241,6.70567,3.04913,5.51942,2.91086,4.58549,4.68973,4.44236,3.69238
3.11521,3.31051,4.43456,3.09971,4.03024,3.50399,1.29735,3.93497,3.86394,4.13602
4.89392,3.06925,4.06276,3.26403,3.06112,3.68417,3.34458,3.52118,3.96523,6.72876
4.01212,4.10704,3.40575,2.90195,5.22303,3.17197,4.17964,3.69661,3.92164,3.70401
2.87912,4.10065,4.6286,4.40502,4.04124,3.61577,3.38267,4.19734,4.24976,5.28756
2.86694,3.12627,4.73408,4.61041,2.92405,4.943,3.34328,5.57294,4.49853,4.20409
3.94251,5.18128,3.69301,1.71659,5.5784,5.15061,3.77917,3.91052,3.61329,4.03153
2.61726,4.33417,4.61205,3.60408,2.39921,3.43744,2.45817,4.99414,5.98284,3.15372
4.12937,3.1353,5.38598,4.60323,4.96602,5.04521,2.85379,2.97609,5.39727,3.52415
5.83061,3.89828,4.54128,3.43683,2.97807,4.48595,4.23,5.63504,2.77412,3.0458
4.10393,3.27435,2.37064,6.11324,3.40343,2.99429,4.7061,4.63855,4.39838,3.58398
2.76836,3.56207,4.90864,3.87896,3.2196,5.40649,4.93839,3.0492,5.702,2.94821
3.37901,4.73528,0.786168,3.36647,4.76469,4.93985,2.55919,5.04057,4.33878,3.66061
3.546,3.88986,4.06352,4.93992,4.00735,4.36222,4.44496,5.81952,5.9058,5.94518
4.6967,4.14718,5.93868,3.87329,3.95395,4.97289,3.58443,3.88882,3.09638,4.37197
3.42121,3.41168,4.76923,4.1992,5.43071,3.25264,3.58254,4.25808,5.03123,5.26886
4.49372,4.61557,3.52893,3.26106,4.24542,4.00754,2.52061,4.45385,3.90754,3.20742
3.81377,3.10576,4.16373,3.42368,4.29737,3.81691,4.85117,5.02292,4.28702,3.79464
5.25043,1.78371,5.14152,2.34841,3.93833,4.83924,5.4915,2.70068,6.04857,1.36287
5.17525,4.84763,3.34598,2.81469,3.32107,5.27125,3.60118,3.13417,5.017,2.20429
2.76541,3.64464,5.8838,3.4307,1.67083,3.21669,5.34451,4.44601,4.01971,4.10547
2.41148,5.09549,2.2046,2.82493,4.59689,4.1491,4.65911,4.36209,2.47754,3.63037
1.52021,3.46002,5.51968,3.18336,4.17196,2.20459,3.31006,3.92863,3.16563,2.7867
3.19501,4.46961,3.85952,3.03512,4.50663,4.44744,3.9845,3.93822,5.98646,4.22989
4.65626,4.18105,4.10414,3.71483,2.83847,4.73017,3.6821,4.30452,2.88131,5.09457
3.32921,2.52084,5.52966,3.58221,4.67248,2.38274,4.18145,4.80828,3.19621,3.66062
4.85339,3.66495,4.21769,4.0695,2.38141,3.89446,3.36241,3.70145,4.85859,3.47206
4.11176,3.11558,3.54149,2.20144,2.75438,2.38178,2.89904,3.90553,4.13511,6.05837
3.30779,5.20799,3.73602,2.01695,3.73804,3.80528,5.00985,4.0987,3.78392,5.178
4.03004,3.42192,3.41991,3.12715,3.39974,5.2693,4.04961,3.44478,4.45529,2.58751
4.51064,1.2984,5.07595,4.36252,1.94534,3.69079,4.4886,4.19329,5.09532,4.08189
3.27802,4.30002,3.18071,4.50008,4.91753,5.12766,3.8041,4.23215,3.62174,3.24157
3.41881,4.8812,5.94098,4.55556,3.17365,4.39174,2.70328,5.08341,4.15487,3.51159
4.78581,5.49743,2.88781,3.76069,3.79091,3.50636,4.0943,6.06635,4.12363,5.41393
3.51113,5.80352,3.06191,2.49841,2.77665,3.74498,3.82808,3.23535,2.37504,4.54582
4.73318,3.176,3.92687,4.16448,2.02168,5.26614,4.80543,5.16493,3.74641,2.65323
3.60143,3.28518,3.84435,5.46924,3.2788,5.67715,4.71593,4.05262,3.97173,3.67994
5.02876,4.19374,5.02712,4.32048,3.30641,2.90971,4.679,2.89222,4.84096,4.28711
2.31548,2.82756,3.1961,4.11472,2.81859,4.76223,4.70766,6.10678,5.06894,2.84893
3.46006,4.45895,4.19068,2.48173,3.90421,5.86903,3.24562,4.51765,5.87543,5.37829
5.78362,5.67799,4.94947,4.43743,4.23192,4.61431,4.62788,4.07094,3.94769,2.54044
5.13298,4.24529,5.57022,4.57629,4.47452,3.7313,3.8271,3.91973,2.99737,4.36961
3.36538,5.1775,3.47693,4.31546,4.48015,4.06638,3.77001,3.53527,5.1941,4.88619
4.64853,2.96914,3.44682,4.12011,4.78022,4.60989,3.22008,3.55029,2.14742,5.38162
2.68353,5.12069,3.07752,3.38855,4.3968,3.48257,6.36843,2.59229,3.13061,4.25595
4.61411,4.33725,4.88962,3.95869,4.45684,5.5496,2.72189,3.69873,3.14717,3.79711
5.25902,4.63031,4.92856,3.95513,3.9083,2.49907,4.09729,5.02723,2.01352,3.55136
4.80764,4.28252,3.22005,5.09693,3.92333,3.24934,3.71297,3.52696,2.458,4.32405
4.46086,3.72727,4.89042,4.29529,4.88401,3.57594,4.32639,4.92525,4.93983,4.99017
3.22936,2.35854,3.87123,4.87847,3.242,4.66446,2.21141,4.80624,3.8627,2.87703
5.12118,3.99776,4.661,2.86621,4.75009,4.68675,3.59234,3.89013,5.38043,4.23268
4.16245,4.97857,3.80606,4.23621,2.90876,6.85825,2.44731,3.63523,4.61153,3.77995
3.40374,4.73554,4.93912,4.05739,4.68891,3.2396,4.84958,4.30576,4.09373,2.33425
1.85142,4.68209,3.41238,4.44592,4.81979,3.48276,5.61019,3.69591,3.23176,2.47054
5.04335,1.9603,4.44362,3.90807,3.49587,3.93363,3.42706,2.14139,4.94278,5.39012
4.72797,4.53014,4.32178,4.53892,4.90565,2.72648,4.34936,4.62339,0.175444,5.41228
3.21064,4.28516,4.41206,3.48411,4.67957,4.11303,3.22327,2.19172,4.87959,3.88026
3.49782,4.55168,4.94842,5.01935,4.89954,3.98347,3.57362,3.91036,5.59455,4.77431
2.75673,3.48401,4.48229,6.02661,4.03927,3.42134,3.20224,4.47591,3.27278,4.63443
2.96695,2.75531,5.50961,5.71219,5.64569,3.5054,4.01505,3.53814,4.06953,5.45698
2.87253,3.9365,2.44994,6.13494,3.88152,3.75435,4.0815,4.66186,5.12943,3.69639
2.39994,2.40345,4.19316,1.62828,4.21255,3.98403,4.77806,3.82597,4.29581,6.21827
2.3697,4.22586,3.08463,3.40115,5.50991,4.66154,5.30562,2.76198,4.28922,4.28491
0.340992,3.54359,4.53096,6.1128,5.34516,2.4141,3.386,3.09518,4.30025,3.75977
2.68408,5.47829,5.44011,4.05526,3.22854,4.79309,4.64786,2.52089,3.61463,3.72803
5.55352,5.1749,3.89343,3.67377,2.80727,4.06332,3.53376,3.36138,2.24031,3.89173
5.88624,3.66659,4.28826,2.63364,5.49709,4.29765,4.91271,3.57601,3.61722,3.26316
7.0347,4.34463,1.86311,4.74388,5.31312,2.63393,2.97135,5.05744,4.40611,2.97157
4.53687,2.50575,4.35862,3.1457,4.56496,3.53824,4.77717,3.85049,2.18938,3.67325
3.05928,3.63435,5.09289,4.57062,3.95494,4.40149,4.50758,4.75413,5.80093,3.11415
3.93928,4.80981,4.22608,3.91179,3.34678,4.55657,4.58036,3.32517,2.15933,4.49319
6.04518,4.18827,4.33253,4.97773,6.26719,1.69436,3.49414,3.22663,2.82274,5.64474
1.51521,5.1474,4.45455,3.19301,3.20376,5.93097,3.38408,3.69501,4.36395,2.98656
3.6666,5.347,3.69655,4.3566,6.64531,4.59574,4.00818,3.3949,4.0498,2.479
4.59589,5.24253,4.84857,2.4072,4.40849,3.29206,5.03153,3.4214,3.7076,3.07436
5.8143,4.5684,4.36446,4.16645,4.76747,5.17596,3.69746,3.6142,5.38954,5.5677
3.75043,3.35393,4.90751,5.28918,4.30729,5.66579,3.52867,3.95739,3.14716,3.823
2.58118,4.27817,4.59925,3.70722,3.68644,1.81465,2.03066,4.15914,4.10038,2.05689
4.37824,3.6545,4.60729,4.12847,6.41095,3.59903,4.34058,3.17792,5.3461,2.77388
5.92541,4.30244,4.58489,3.16137,3.1976,3.50518,2.9919,3.66689,3.88708,3.54623
4.14938,3.46325,3.64751,3.93625,6.04587,4.13309,3.41057,3.59359,3.66549,3.58362
4.24565,2.83589,4.89132,4.36484,4.96574,5.85199,3.9056,2.03442,1.80757,5.31951
4.03082,3.50531,3.28849,3.38877,3.71355,4.81777,2.55446,4.17912,1.66809,3.32543
3.96434,2.34147,5.59518,5.64503,3.13776,4.75314,4.90714,5.0177,4.59548,2.9939
3.11436,3.67934,4.41283,4.65164,3.48894,3.33376,4.25525,3.96921,2.97633,3.72756
3.28139,5.31704,3.17314,4.58799,4.49174,5.59102,4.50849,5.03844,4.20278,2.84596
3.02111,2.39146,3.79054,4.40209,2.60033,4.22951,3.3983,2.44242,4.37344,4.46984
4.86894,2.7475,3.92781,3.3105,5.26336,2.46166,3.31289,2.48508,3.55092,4.67485
4.55134,2.35532,2.75295,3.78196,4.45789,4.60784,4.39648,3.0044,5.48775,4.46879
3.70697,4.73639,3.86995,2.29702,2.79512,3.85512,1.44601,3.37295,4.85009,4.28967
4.50303,5.21045,4.01374,4.28809,4.17959,3.77115,4.49049,5.85962,4.49515,4.3846
2.91229,4.10612,3.78032,5.78836,3.98814,3.76691,4.12448,2.21777,2.93393,3.97803
3.97583,5.52365,2.50836,2.26994,4.13659,4.04541,4.83118,4.97879,1.09584,4.21259
4.07906,3.23833,4.53726,5.08233,3.18054,3.53891,5.29438,5.27626,3.8353,3.67188
2.96439,5.47235,3.24087,3.92997,4.67506,3.76703,4.55275,4.93044,2.4377,3.28828
3.29942,3.03877,4.19989,3.55602,3.33535,2.87924,4.27424,5.39801,3.49267,3.32504
4.21554,3.72117,3.97161,5.72419,4.74021,5.74548,2.61325,4.36937,3.58339,4.32299
3.32898,4.34566,4.29984,3.42442,3.9065,4.98255,3.60464,4.31455,3.02674,3.95156
5.69983,3.75038,3.49934,5.21943,3.08822,4.66024,5.83532,5.69177,4.7665,4.93766
3.23183,3.51258,3.27244,4.65307,5.80129,3.43574,4.31047,3.91954,3.87774,4.54045
3.61023,2.41107,4.86278,4.00828,2.33748,3.22,5.1042,3.29188,3.99885,5.34979
4.65845,4.39361,4.47364,3.43476,3.39688,2.52496,2.11136,3.12294,2.89743,4.34686
4.65752,4.6223,4.49043,2.64194,2.65067,3.07817,3.5863,3.50658,3.29605,3.78119
5.22625,4.56087,5.36021,3.32618,4.01673,3.03062,2.58203,3.90903,3.30518,5.64153
3.61237,5.39891,3.36856,4.27588,2.93056,4.39826,3.22985,3.88928,2.66716,1.59248
4.11656,3.337,4.43875,2.97622,5.4707,5.01189,5.02583,3.77754,3.18913,3.92366
4.6954,2.10719,4.01772,5.32026,3.59395,1.69557,4.37805,3.97005,3.30557,6.26283
5.51446,4.48922,2.65966,3.21385,2.38067,2.95065,3.08152,3.61549,4.07684,6.44625
5.99565,4.40436,3.04914,3.47559,4.25766,5.66042,4.52647,5.74187,3.66475,3.53509
3.08295,2.86294,4.74861,3.61932,4.99699,3.58966,4.75167,3.55079,4.23087,2.41474
4.59799,4.40108,5.93639,3.50583,3.427,4.00415,3.56192,4.69918,4.77085,2.5076
2.51882,3.21826,4.23919,3.41842,3.5961,4.20821,3.42429,3.75721,3.78242,3.00906
4.77209,3.55444,3.52531,3.81764,3.49331,3.64089,4.94748,5.09626,4.19983,3.81723
3.96415,4.62694,4.62312,2.30138,4.51838,3.62715,3.72399,5.22747,3.57791,3.79997
3.88206,3.30902,2.85479,4.11774,4.58756,4.22833,5.61681,4.45818,4.89858,4.7385
3.70116,3.39292,4.96635,3.65335,6.0019,4.7297,4.47054,3.68453,4.56862,3.49661
4.41513,3.26387,4.66091,3.67352,3.28845,3.89097,3.21624,4.9437,1.92334,4.03899
5.30306,4.99826,4.32513,4.1426,3.64421,4.56925,5.41644,3.733,4.47659,2.66478
3.35941,5.15215,3.91342,3.76149,3.29593,4.18557,3.15929,3.23267,3.28064,5.72705
4.91506,4.4823,5.30894,5.49913,3.40814,2.4724,2.60182,2.00897,4.13601,2.71732
4.02205,4.37548,2.85117,5.78709,4.05386,5.54716,4.46147,3.33773,5.82478,5.15489
2.96286,4.85493,3.75888,4.1041,3.99976,3.78457,3.32148,4.5732,6.63879,3.77483
3.52902,4.31292,2.45,4.1704,4.50005,4.3665,2.56405,3.98979,3.63397,4.61121
4.19435,5.04442,5.63045,4.71332,2.99454,2.53796,4.07946,4.97506,3.80412,3.07958
1.67487,3.25815,3.87531,6.00808,5.88951,3.19434,2.13833,3.091,5.05342,5.18368
4.1771,3.04007,3.74547,5.39097,2.41164,4.91703,4.24676,4.17496,3.55484,4.94145
2.05117,3.76623,3.60696,3.84724,4.53942,5.38512,4.76911,3.40252,3.45158,5.12688
4.95523,3.25348,4.58788,3.5921,2.57879,4.61495,4.50412,3.48022,4.48247,4.76347
5.08664,2.75716,3.50052,3.71623,3.53297,3.07064,3.01983,4.35645,3.71244,5.31292
4.55035,3.85322,5.07682,3.71759,4.19208,2.94948,3.56811,4.17201,4.17929,2.60451
4.69722,3.45788,3.93994,5.23796,3.11091,4.8422,2.17687,2.97651,3.18206,3.4493
5.06755,3.0695,4.96985,4.3798,3.31081,3.84688,3.00139,5.40108,4.40789,1.15027
4.69007,4.32094,5.52495,4.03326,3.52279,4.28408,3.30555,3.87286,5.25929,3.65921
4.52797,4.80054,2.96902,4.27954,5.50769,3.29234,3.92528,4.44413,3.5017,3.48549
3.72215,5.1366,3.82715,3.95539,4.39023,4.66697,4.40412,3.08282,5.78629,6.22332
6.34287,2.64546,4.16585,3.04819,3.48527,2.54646,5.08369,5.49733,3.39993,5.70663
2.87504,3.5338,4.3657,3.48485,4.26039,2.75893,2.73089,3.73013,3.81726,1.70637
3.1069,2.99295,3.47895,5.51654,6.64932,5.39078,4.10429,5.30319,3.45569,2.47409
1.76908,6.31138,3.87765,4.17862,5.16586,4.7917,4.78225,5.13682,4.4198,3.96206
3.88286,5.09388,6.35324,3.72575,3.67431,5.33293,3.01276,4.64371,3.05545,3.01804
3.3095,4.54673,5.93194,4.34061,3.16958,5.76726,3.4478,3.63375,3.72353,4.18859
3.97603,4.80405,3.35893,4.99232,3.41421,2.4088,2.60959,2.82445,4.61615,3.97406
3.65344,4.14745,3.20716,3.04579,3.73427,3.88718,5.1799,4.05749,3.3857,4.79772
3.83288,3.59116,1.70042,3.51695,5.34199,4.2566,3.10142,5.02516,4.71066,3.50955
2.51469,4.77349,4.30542,2.21221,3.5002,4.30629,2.99206,4.6839,3.20245,3.46673
4.23232,4.56142,4.88753,1.59873,4.14292,5.03233,3.3418,2.97108,3.67881,5.02722
4.71466,3.13621,4.90765,2.31983,4.29364,2.90707,3.4094,5.10237,4.2603,5.39333
3.63202,3.90743,3.9814,4.511,3.93024,4.2371,4.97177,3.0189,4.23868,3.57856
2.69521,5.71877,3.86093,3.71711,6.86894,3.80965,2.45587,4.4201,3.81644,4.62468
3.44605,4.21234,2.99521,2.86443,2.81235,3.8758,4.42032,4.03256,5.27758,4.1801
5.5426,2.84594,3.17405,3.8234,4.43083,5.7478,4.06989,4.18795,1.94153,4.17403
3.9881,4.82578,3.26289,4.04053,5.50093,3.24212,3.52628,3.81934,5.93975,3.82101
3.93032,3.48036,2.86258,2.94837,3.17938,2.63737,6.15476,5.66071,2.14636,2.47561
4.57524,2.57802,3.84635,4.00648,4.03316,4.35777,3.83916,5.19186,3.74631,3.95361
4.17151,2.39567,5.29507,2.73636,-0.107645,3.80658,3.32838,5.10802,2.82285,5.15857
4.91748,4.46456,3.91205,5.39851,3.99239,2.9491,3.6084,3.67114,3.58588,4.33172
4.99895,4.16742,3.09141,4.65081,4.34561,4.40687,3.99296,4.71369,3.60435,3.10764
1.51555,6.08412,4.3539,4.44594,3.14024,3.78864,5.14728,2.46858,3.67585,3.44913
4.13498,2.76321,3.48055,3.60791,4.68001,3.49688,4.5346,3.93685,5.48755,2.29709
3.71919,3.75841,2.96512,3.81665,3.82762,3.86755,4.14522,3.74931,4.32407,4.35812
3.84705,3.29555,3.65178,3.43282,4.93741,3.65192,5.79563,3.50174,5.1712,4.52839
3.54014,5.4818,3.3134,4.66535,3.36022,3.97396,1.03935,3.40021,4.49985,2.55553
4.40296,2.67977,3.5061,3.28827,5.82045,4.35086,3.14379,3.37762,4.26483,4.75672
3.56496,4.788,5.91757,4.06919,1.87094,4.34539,3.79041,4.68143,2.98318,4.19027
1.62203,2.9295,4.42724,3.81406,4.19797,4.25928,2.03664,1.85058,3.58625,5.83139
4.63344,3.65568,3.74795,3.30009,2.5327,4.92783,3.74434,2.21141,2.63958,4.40655
3.98055,3.75506,4.70047,4.41964,3.92306,3.68731,4.8125,3.22245,4.07807,3.84284
4.49169,3.21387,3.76625,3.67516,4.14863,5.18842,3.54336,2.84344,5.2756,4.09066
5.47007,3.20002,3.50157,4.57483,5.25473,4.71068,3.92626,2.96939,4.8024,3.52696
4.26227,3.82056,2.66663,5.43226,4.18838,4.16305,3.4257,2.84953,4.40114,3.9034
4.409,3.61663,2.84481,4.18638,3.97939,3.84505,4.00218,3.4669,4.1973,3.69645
6.79217,4.81229,1.63172,1.8835,4.13759,3.28703,4.19503,5.78247,3.67016,3.5159
2.49713,5.46544,5.35515,4.86728,2.1492,5.86494,3.59849,2.42318,2.39758,2.76751
4.16056,2.32417,3.13727,3.5112,3.51865,3.27513,2.79255,4.52977,4.37064,5.96401
2.65447,4.94456,2.50669,4.58051,5.93876,3.52425,4.14132,2.581,5.44358,4.38745
3.38984,4.39526,4.3543,3.95044,4.63075,3.28691,3.36606,4.1763,1.97952,4.27281
4.48889,4.77184,1.40554,3.68764,3.87221,5.38873,5.11105,3.57071,4.22069,4.44568
4.15312,3.00028,5.87949,3.65188,3.94831,4.17013,3.59665,5.05149,4.90433,4.75188
3.88064,4.22689,4.50333,4.56113,4.45403,4.77136,5.13652,5.10387,4.38417,3.50382
1.32886,2.99576,4.53034,4.1683,4.2864,2.62095,1.84072,4.479,3.51045,3.11033
4.06281,2.96459,3.60769,3.89048,4.71589,6.12844,4.28904,4.57973,2.78817,6.48345
4.99665,4.7926,4.90173,5.17244,4.90325,3.04996,3.77794,3.77658,3.93479,4.61905
4.37078,5.51034,5.74991,4.60402,5.59254,4.56143,4.84534,4.68033,5.53683,4.18147
2.58888,4.37385,3.62784,3.49736,3.97108,5.19268,3.5547,3.81017,5.29079,3.88343
2.95659,4.10778,5.56551,3.74401,3.78293,4.11081,3.64797,3.69109,5.29408,5.17341
5.88405,3.46946,3.9983,4.70325,3.10431,6.2542,3.80332,4.07619,2.97111,3.33069
3.84335,4.01187,3.58609,4.93879,4.64545,2.57803,3.92129,5.1833,3.02855,4.74461
3.08024,4.04751,2.38435,3.01321,3.81679,3.84943,4.68314,4.40653,3.2661,6.421
2.59721,2.19663,6.66187,5.38879,2.59564,1.89841,4.09354,5.1048,3.88277,4.11147
4.88421,4.84566,6.72825,4.26649,3.82853,4.83246,2.42136,3.60157,5.38045,3.87133
5.94776,2.33802,4.26855,3.05981,4.03771,4.33333,5.46423,5.51736,4.42755,2.86712
3.20162,5.19755,3.97119,1.80141,5.94802,5.14789,3.79994,5.38456,4.21586,3.225
3.84865,4.73196,3.25464,3.27958,2.85993,4.19452,4.25736,4.04444,3.60274,4.60395
4.21563,2.91315,4.9171,1.82006,3.49005,4.79142,2.59365,4.74303,4.53187,6.55007
3.56529,3.88769,4.18515,4.38929,4.70589,4.47973,3.99482,3.72752,5.49913,4.62836
3.78312,4.14512,3.86772,4.63339,3.01884,2.22086,3.04644,4.16778,4.29792,3.66235
5.46376,5.16619,3.6629,3.3184,5.29622,4.00622,4.24796,4.8344,3.49357,3.50888
4.04075,2.49399,4.55077,3.20841,2.4078,4.48922,3.95244,4.91741,3.82719,4.25547
2.34697,5.77291,3.82514,4.50417,2.74487,3.29755,3.76582,3.69198,3.54205,2.84149
3.77384,4.26794,3.50202,3.13645,3.5077,5.33031,4.04869,3.66266,2.85903,4.62764
2.2044,3.67987,5.51411,5.66621,2.62976,4.04561,4.21098,3.81552,4.53217,3.95376
4.53482,2.76484,4.63632,4.3751,4.14248,3.8394,3.61375,3.54085,6.78911,2.27359
2.9903,4.33315,2.21422,3.19429,5.19773,4.88569,2.94695,5.45706,1.47559,3.66388
3.54504,2.2523,5.08145,2.4891,3.70971,3.70127,2.83376,3.8636,2.4845,3.57003
3.4954,4.95394,3.28294,4.19969,4.32579,4.45376,4.43636,4.05864,3.4624,3.96144
5.16788,2.26268,3.14132,5.27474,4.34425,4.67796,5.32746,4.06175,3.33023,2.99634
3.66814,3.32476,3.57924,3.64686,4.59114,2.52479,2.86969,4.45129,3.42898,5.00117
5.07697,2.72714,4.0829,1.77997,3.02231,3.2224,5.83909,3.30766,3.1439,3.87367
3.2995,5.76896,5.84307,3.8786,3.90505,4.61179,3.08606,4.83321,5.80155,4.41451
3.82401,3.08891,4.20216,2.0891,5.63164,4.69509,3.3841,2.60608,4.22799,3.06785
3.6717,5.22229,3.90153,3.34789,3.83444,3.6103,2.99769,3.28065,5.01174,3.81084
3.13636,2.843,4.05021,3.95378,5.67293,3.05589,3.32141,2.66309,4.47258,4.07597
4.99722,4.03306,4.21707,3.74263,5.3321,3.49833,5.78043,2.92315,4.91124,4.17455
5.03762,4.86365,6.11785,3.06846,3.03982,2.07733,1.82149,3.91106,4.1248,2.66741
2.05037,5.61002,5.41366,4.20572,4.50403,3.07237,4.47581,3.06707,3.7572,4.83844
5.24342,3.82574,3.15125,3.0018,2.69914,5.00664,3.82409,3.66691,4.3525,3.56466
2.58985,3.56865,3.87137,3.39279,4.27049,5.93196,4.11667,4.25343,3.51387,5.28845
4.88671,4.69995,2.20582,3.34887,3.52672,1.8943,4.69393,4.19487,2.99452,3.69822
3.98789,4.98122,3.09913,4.82502,4.14169,3.9403,2.97819,3.12808,4.11247,3.95058
3.43536,5.56199,2.54331,5.04405,3.88914,3.52512,4.59358,4.11425,3.88326,4.79866
4.75723,2.37124,5.16232,3.01829,3.59216,2.64771,3.42629,3.29326,3.65997,4.64438
3.0771,4.73337,5.15877,3.92472,3.50885,3.80996,3.77168,2.96088,2.60332,3.13132
2.70064,4.56311,3.73899,4.20557,3.18176,2.9135,3.26404,6.52351,4.55408,3.07647
4.58907,4.51364,3.33933,2.76799,2.38405,4.43315,1.90728,4.73489,1.27012,4.50622
3.11037,3.14674,1.6108,3.9824,4.69258,3.32516,3.3341,4.4522,5.01044,2.85635
3.6932,5.44281,3.48368,4.9075,4.23517,3.6893,2.6398,3.4765,4.13956,2.95555
5.26979,4.6927,4.94408,3.0021,2.90889,5.48628,4.57944,4.21542,5.37852,3.57181
2.73862,3.69194,4.06192,4.68849,4.97299,3.35268,3.08842,3.83868,3.65801,4.18463
3.64469,3.88771,5.91448,4.33458,5.85081,3.87179,1.92036,5.35421,4.87997,4.71327
5.4289,4.15689,4.62656,4.61843,4.18002,4.17383,6.48743,4.16879,1.39709,3.33843
3.8731,4.46616,6.1309,4.60444,3.38746,4.54438,2.68757,4.65966,4.62515,3.40374
4.12776,3.61326,5.76405,3.95483,5.23355,4.13192,4.0519,4.02973,4.04871,5.07919
2.32403,3.58979,2.31812,4.84378,3.93971,3.739,3.21212,4.68503,3.6192,2.80051
5.86562,3.65108,3.78965,3.87471,3.3138,3.81062,3.00554,3.69432,6.22761,2.56771
4.11014,3.9849,3.76068,4.793,4.13937,2.45527,5.3952,3.29256,5.67616,1.55561
4.43207,6.29055,2.03095,3.71108,4.05179,4.91236,4.50314,3.96608,3.13465,6.09626
3.9156,1.9113,5.24404,1.88732,3.41666,2.67881,2.62759,3.76034,3.30334,3.73821
3.34991,4.29919,4.22994,5.78326,5.20092,5.76152,3.14891,6.35093,3.63481,4.24329
4.6126,4.48065,4.43774,3.80708,4.71891,4.81653,2.51909,3.73187,5.2198,3.54725
2.95858,3.42782,4.26385,2.53614,5.87251,3.79066,6.12901,3.737,3.65361,4.78658
2.85208,5.16558,3.98413,4.36357,3.6788,5.2287,3.92304,4.54506,4.29707,2.83838
3.47822,2.3097,3.22228,4.30333,5.00369,3.83295,4.47868,5.28507,3.81842,4.30798
2.20295,4.15987,5.70167,3.37127,3.78325,4.05665,3.50616,3.89177,5.57296,3.63572
3.43596,3.36576,2.53656,3.20849,4.21241,4.24458,4.55115,4.5894,5.16024,3.07512
3.85387,3.61263,2.86314,5.14862,4.64692,4.43097,4.58748,4.90648,5.70036,3.37472
6.09294,3.2884,2.83636,2.01813,3.87503,2.94991,4.23695,4.17497,3.62351,3.97683
3.84106,5.53577,2.46375,4.0226,3.70315,3.66273,5.41878,5.45775,2.8063,3.68796
2.44855,4.18645,2.73334,4.66739,5.33468,4.26792,4.06945,5.02954,4.10061,6.21322
4.69192,3.13023,3.85307,3.65431,2.46094,3.56451,5.62305,3.11664,3.79853,3.56097
1.43165,5.18947,4.83337,2.62574,4.11241,2.20864,3.83169,4.29419,2.98882,1.427
3.20436,3.10121,2.92802,4.69993,4.79558,4.59368,5.09066,1.38251,4.36105,4.84386
4.29663,5.52338,3.46422,3.99707,3.69522,3.33302,5.89887,3.51551,3.10225,3.61176
3.45968,3.83186,3.65601,3.89039,3.19821,2.2554,3.4502,3.16491,4.86839,5.1708
4.38603,1.23472,2.35644,1.26027,2.09991,5.70955,3.90984,5.92043,4.11129,3.48467
4.09636,4.12781,3.62641,3.47542,4.78702,3.23822,4.2627,3.18376,4.00738,4.56604
4.97924,3.54836,4.52331,4.04742,2.52629,4.9917,3.92251,5.69679,4.17645,3.83747
4.13924,3.95444,3.93886,2.36301,4.44024,0.948298,5.20957,4.60663,5.31876,6.69423
3.50451,3.74462,3.83284,4.40828,3.12232,3.89894,4.30225,1.39594,3.99766,3.21745
2.70405,3.60117,2.6466,4.44503,5.22532,4.9934,4.6385,5.1419,4.72839,3.37615
4.90019,3.92113,4.00883,4.60587,5.68835,0.418881,4.67032,4.48161,4.16615,4.69405
2.9897,5.0783,4.47811,4.97708,3.78769,4.02739,4.48242,2.933,3.67724,5.75586
5.26543,3.83045,4.34801,3.56234,3.852,5.31745,3.88362,4.57722,4.76893,2.77113
2.57332,4.67281,4.08475,5.09611,3.3918,2.96272,4.42085,3.4415,6.75026,1.64009
5.62575,4.31157,5.48076,3.24075,4.31008,4.37866,4.49108,4.84713,3.58684,5.08812
3.75778,4.29308,4.10279,5.06354,3.56628,3.81784,4.61168,4.22115,2.60444,2.84023
4.64984,3.66314,3.61609,4.60564,3.2663,4.32689,4.15163,3.77122,3.71401,3.66166
2.70999,5.05465,2.98719,2.91814,3.38663,2.00459,5.57227,4.44775,1.94816,3.96914
3.65286,4.54613,4.28201,5.13532,3.21497,3.64493,3.65334,5.09166,3.43578,4.02587
3.97528,3.22694,4.14103,2.02692,4.85058,2.67648,2.88632,3.40686,3.67517,3.00287
3.72489,4.10396,5.5728,4.89081,3.11765,5.30352,4.12832,3.52143,3.47356,4.85595
3.57065,4.56262,4.1117,5.91843,3.91053,4.01148,4.51044,2.61721,5.16729,2.24391
3.40349,4.81242,3.76492,4.63319,3.43203,6.15764,5.53774,5.25237,2.8978,1.91426
3.24846,2.8103,4.21895,5.19903,4.57329,4.11751,2.84066,2.23223,5.47185,3.8293
4.01684,4.56959,4.3721,3.45484,2.89311,3.43904,4.5823,6.25744,4.02972,4.63514
4.27078,4.11125,4.89953,4.0924,2.25678,4.03833,3.28811,4.3271,2.94741,4.17714
3.14653,6.29608,3.80828,4.84334,5.23778,2.35043,0.562061,5.20659,5.36009,3.28515
3.40834,4.22041,3.7888,3.57612,5.20659,5.68423,5.20447,3.22164,4.25268,3.69869
2.92206,3.96352,3.05757,5.01829,2.37225,3.77114,6.02212,3.88706,3.79896,3.06343
1.59393,4.30788,3.75282,3.24019,3.8303,5.36921,4.24009,4.14608,4.32534,3.95638
3.09433,2.62426,3.43249,3.68973,2.85295,6.41527,5.18694,4.22549,3.53255,3.97058
4.78338,3.07584,4.91088,5.39018,3.75413,4.72419,4.70856,3.36478,4.26903,4.70504
3.47063,3.68348,4.23257,1.49847,4.9657,3.51833,5.62341,3.44182,3.55539,4.55178
4.38028,3.95756,5.08526,4.03384,4.16392,4.2055,5.42502,4.28225,4.04001,3.11528
4.11154,4.75956,3.67713,2.68071,3.35576,4.13904,3.25585,5.31731,3.56478,4.98444
3.28327,3.42522,3.88911,4.31984,5.76096,4.34106,3.98361,4.95478,3.86443,4.46588
4.25984,3.41354,4.33702,4.29311,4.38762,4.82923,3.61913,3.93844,4.56371,3.46718
3.56902,2.27296,2.88829,4.93658,4.46954,3.35756,4.11309,4.19537,2.86296,3.83273
3.75078,4.50767,4.36511,4.57607,3.11174,3.76404,2.99416,4.02107,3.22735,3.64758
4.85885,4.34195,5.455,4.63176,2.91999,3.49657,4.40697,5.50773,5.03767,4.78884
4.75174,3.99717,3.09407,3.52141,5.49281,4.34341,5.24223,4.44946,4.09635,4.29086
3.503,4.23842,4.21772,3.76153,4.47456,2.79581,2.1803,4.84513,5.57941,3.8645
4.29817,3.90783,5.09976,4.84679,3.54491,5.19378,4.8859,4.70028,4.90308,5.21942
5.23108,2.67238,3.9195,5.18844,5.09054,4.58486,4.32432,2.20992,3.3803,4.87769
3.30831,3.63141,3.67102,4.18294,3.91778,4.0379,4.92757,3.59615,4.41932,3.64356
4.70683,3.71253,4.58413,3.99761,4.23225,4.57005,4.08318,4.34302,4.92814,4.34848
4.3909,4.51814,4.22021,3.71899,3.74582,2.12535,5.89323,3.31817,3.63087,2.52093
4.96883,3.7372,2.72941,3.70869,6.03114,3.64361,4.11656,5.29229,2.36107,5.27671
4.05587,1.67105,3.11602,5.67541,3.84599,4.57212,4.0654,4.57685,2.53149,2.82212
3.75868,3.58441,3.39877,3.33337,2.23123,4.20962,3.9659,4.74354,4.07082,4.31775
4.30639,2.93641,4.65107,3.9909,5.40596,4.51929,5.80001,5.6151,3.92863,4.88979
5.62877,2.87849,2.92172,2.955,3.7262,5.25471,4.16963,2.3935,4.27607,3.47803
4.66477,4.80452,4.16727,5.37334,3.61199,4.07287,6.02509,4.91089,5.9838,4.01214
3.77686,4.98199,5.18441,2.6299,2.61113,5.2224,3.92615,2.7119,4.06863,2.99163
4.91068,4.92447,1.97889,2.85925,3.61845,3.1767,4.2431,3.53539,3.3556,3.20753
4.79192,3.64699,5.03851,4.39067,3.08071,4.88532,5.6038,5.38313,2.52852,3.75748
3.07733,4.84785,6.48109,3.78639,3.95186,6.06231,3.10124,4.41913,4.83153,4.27277
5.03084,4.35741,3.44412,4.95915,3.03329,5.55926,4.53719,3.22169,4.37299,4.04071
3.85818,3.4394,2.66251,4.40694,3.40147,5.27035,4.58083,2.39286,2.64161,4.94855
5.17568,4.84505,3.43418,4.84869,4.64719,2.87648,3.85743,4.15047,4.87327,5.15955
2.52908,5.73551,4.70768,3.22515,3.41165,3.64939,4.94706,3.50652,3.33939,4.57449
3.79661,3.62754,3.86355,5.33301,5.20052,2.98998,1.75287,3.67121,2.41244,4.34751
3.53149,4.56268,3.99335,4.0388,4.05644,3.01322,3.99295,5.75344,4.4383,4.10541
4.4153,3.7261,6.2334,2.54377,1.93442,4.52028,3.33699,4.04253,3.69179,3.53183
3.12888,2.73648,5.62634,3.99017,3.93781,2.3196,4.76371,2.63127,4.00663,3.37746
3.0363,3.57676,4.03844,3.93714,2.98385,4.55308,3.9102,4.19242,4.72411,3.99502
5.0174,3.54114,4.47297,2.57317,4.101,4.98047,4.21865,2.32193,2.6629,3.20151
2.7739,3.44951,4.2404,4.2244,5.8492,3.69376,2.58371,3.74733,4.96592,3.90215
4.55809,3.85397,3.07442,3.99473,5.01774,3.80482,4.11443,3.06329,2.80036,4.50198
2.87052,2.84712,3.7757,3.40537,3.51781,3.62491,4.11791,5.10932,4.10342,3.35175
2.75864,2.09749,2.67572,3.3413,2.0209,5.6178,4.80154,3.72438,3.87669,2.69988
3.11854,3.98472,2.6832,4.58846,4.56643,2.7227,3.64195,3.57821,2.75469,5.75586
3.8432,4.22728,4.80291,6.02677,3.4864,4.78917,2.83296,2.25547,3.8953,3.20374
3.36391,5.81756,3.22781,1.62781,4.6329,4.52194,2.84032,4.53207,4.33738,3.32959
2.59902,2.36885,4.49173,5.36242,4.16896,4.12724,5.61776,2.7317,5.6324,4.56933
4.08937,4.23916,5.47368,4.15552,4.93878,5.53485,4.65412,5.33285,3.95847,3.91863
6.6825,4.05129,3.95268,5.22566,5.99253,3.56609,4.04017,4.29951,3.22388,3.47486
4.17861,2.85768,4.1813,4.06149,4.09341,4.64473,2.19713,3.1463,3.24566,3.92033
2.76505,4.84341,3.35011,4.09296,3.20734,2.92239,3.11962,4.62667,4.14853,2.51992
5.2825,4.01195,5.69909,3.57246,3.02205,4.27147,4.43585,4.07495,3.23853,4.33306
3.78674,3.64022,3.29187,3.52704,4.82879,5.7454,4.09779,3.23658,3.50022,1.58041
5.24708,3.96958,3.52998,4.98207,4.35608,4.26635,3.07239,3.33679,3.83297,3.64385
6.23014,5.35165,4.06258,2.87293,5.16094,2.83547,4.18718,4.56739,3.1252,5.55536
4.68262,3.76396,3.88441,3.78,2.44971,4.45987,4.34725,3.67905,4.24439,4.03125
2.38724,5.11964,3.73423,4.89861,3.4497,5.21492,4.83198,3.37261,4.88844,3.87729
2.86641,5.27287,2.79133,7.8046,4.4992,4.23214,4.48899,3.27188,3.14633,4.13064
3.46427,2.61811,3.00671,1.94667,4.1034,2.91386,2.17038,3.00107,3.75527,1.90683
4.27925,3.26007,4.7358,3.0537,5.08152,3.57711,2.23906,1.82202,3.30135,2.61386
5.58059,4.01678,2.65731,5.30547,4.07605,3.11334,4.57476,4.80112,4.67841,3.5013
1.86153,4.78907,4.33213,5.25938,3.98384,3.35676,4.47735,5.01339,2.90053,2.74989
4.25752,4.07626,2.30615,4.44193,4.89461,3.75176,4.4608,3.60905,4.67288,4.35971
4.79075,2.5102,5.39203,3.55065,3.77383,5.41063,3.02781,2.74391,2.93361,4.52433
5.20429,4.47096,4.59845,3.94952,5.89415,4.63328,3.82182,3.87741,1.91077,3.22339
3.665,3.16025,5.06586,4.08227,4.62221,4.9855,4.2099,4.09538,3.54907,4.03183
3.43072,3.69754,3.89018,4.52877,2.50098,3.46727,4.99927,4.39325,4.55038,4.42829
2.93293,3.7803,4.41982,1.93945,3.60768,3.13498,2.69066,6.0322,4.48064,3.92349
1.2292,3.26091,2.81042,3.8568,4.90437,4.28984,4.64991,3.60206,3.91229,6.35046
5.47239,3.78296,4.65108,3.31295,4.98762,3.82528,3.24089,3.08586,1.49976,5.16133
2.70569,1.42674,3.65048,4.15943,3.4175,4.18956,3.36689,4.82982,4.27539,2.4645
3.79608,2.07334,2.25014,3.52171,2.27229,5.06218,4.19351,3.98548,3.91627,4.29541
4.19136,3.99097,3.34855,3.37648,2.93217,4.45585,4.53911,4.54201,3.56145,1.15312
3.90571,4.37308,2.93354,1.67451,3.97922,3.51383,2.60936,3.69617,4.19727,5.32441
3.49781,4.3405,4.72553,6.93175,4.16089,5.47927,3.25023,4.96639,4.51643,3.56801
3.55356,5.1386,4.34891,4.77046,5.27509,3.94116,4.3389,4.40723,2.95828,4.29442
4.74378,4.36948,4.2178,3.35434,3.41686,4.97559,3.98968,1.91691,4.37037,3.51455
3.16325,4.10878,3.2503,4.02914,5.23314,3.57873,4.06772,2.70242,3.1047,2.00955
3.52386,4.77422,4.3446,4.95492,4.55118,5.14507,3.86218,3.69691,4.70929,4.05406
4.83878,5.0797,3.60922,4.22311,4.01194,3.88955,3.51101,3.70689,2.9833,4.06833
2.84506,3.71008,5.23866,4.72125,2.81866,4.1622,2.89342,4.39796,4.83697,1.96076
3.87577,4.50053,4.912,3.91547,2.9048,4.01232,4.19202,1.71018,3.95472,4.18285
6.05384,4.98453,4.41841,3.35586,5.36719,5.26971,4.20132,3.58552,4.55897,3.12355
4.36638,5.58189,4.71163,2.21988,5.60138,4.83181,3.91074,2.94334,3.96296,3.37155
2.30193,5.14743,2.85433,4.36988,4.86715,3.53556,5.40979,3.03876,4.73236,2.83539
3.16064,3.20076,4.38404,4.74893,3.63457,4.13246,3.92034,3.51906,3.57475,3.76715
3.98429,5.61184,5.3224,4.02125,3.27995,4.56293,4.84342,3.34783,3.84243,4.36318
4.10178,5.69124,3.73794,3.96622,4.61321,5.67853,4.38039,5.05821,3.68581,4.27654
2.43982,5.09091,3.27815,4.52195,4.13405,3.03216,3.01106,1.76739,3.79372,3.9787
3.95989,4.28712,4.59207,5.61638,4.08787,3.18727,3.05798,4.25889,3.95009,3.62956
3.43481,3.46483,1.82492,5.00788,3.61037,4.88565,5.06682,4.34359,3.23853,3.70906
4.19762,4.93053,5.10615,4.32037,2.59203,3.66184,3.75839,3.80737,3.46463,5.13175
3.99523,4.13516,3.46326,1.58855,2.06257,4.56909,4.72383,4.5804,5.71066,4.81684
4.8284,4.61566,2.9523,4.9784,4.69885,4.22891,3.54539,2.35078,6.11072,2.28231
3.25773,3.2173,4.54037,4.23344,3.97286,2.09574,4.99835,2.72412,3.02867,2.67552
3.82147,5.69483,4.52848,3.62787,3.74612,4.68661,3.73938,3.51107,3.96887,5.76066
3.55128,5.28131,3.61843,2.71526,5.28122,3.99054,5.92486,4.33306,5.25343,3.70249
4.7381,4.10888,4.43419,1.74557,3.77826,4.1823,4.98927,3.83654,2.67114,5.03801
4.38499,3.30164,2.28071,4.6159,5.31749,3.92196,5.45542,3.16835,2.80751,4.28671
2.20389,3.11575,3.18016,3.83859,6.2989,3.16693,3.91834,4.2168,4.26013,4.67724
4.40477,3.35989,4.74901,4.30646,4.45127,2.85299,3.14187,2.43757,6.0531,4.01633
1.43504,2.98949,3.53705,3.10889,6.31805,3.58645,5.14307,4.43721,3.15947,4.83338
4.53699,2.06516,4.35034,2.37272,3.10324,3.63382,5.39005,2.10241,4.4136,4.16133
2.7942,6.00721,2.11393,3.11472,3.06613,4.32495,5.08909,1.69299,3.69496,3.11122
2.54043,3.08063,1.50984,4.50466,4.19217,4.75494,5.17985,3.19496,4.54658,4.08234
3.62177,2.0241,5.37661,3.03474,3.54092,1.95575,3.31482,3.18364,3.83301,5.06018
3.18172,3.59874,4.38028,4.34946,1.96901,3.59988,3.75278,3.97883,3.87664,3.54067
4.09167,1.42589,4.62184,3.04739,3.81536,3.41809,4.29032,4.90301,5.87093,2.3122
4.60746,3.0742,4.18967,3.11599,4.34718,4.70793,3.24007,6.43373,3.50366,4.69222
5.65038,2.04671,2.22838,4.62921,3.93384,4.76067,4.15746,2.54488,2.98978,3.53649
5.60685,3.78586,4.33066,4.51681,4.55777,3.7255,4.47047,6.03775,3.71207,4.24708
2.55469,3.63429,3.87814,4.5847,4.87704,3.7587,2.71963,3.54163,4.74118,1.16676
4.28577,4.06184,3.32481,4.25029,1.98638,4.38776,4.66669,3.20431,3.23291,5.37836
3.31464,2.93032,4.81185,3.97904,3.05966,4.26871,3.90788,4.91769,1.34262,4.36552
3.35236,3.04218,3.24437,5.37722,3.56272,4.53,4.03318,4.31115,3.35337,3.90906
2.85022,3.09434,4.67181,3.09911,1.85377,2.80628,5.71123,4.1666,3.42035,4.03909
5.09488,4.13202,3.57556,2.95532,4.59882,3.78328,4.6202,3.98097,4.14382,2.09572
5.10924,3.58613,3.32635,4.19257,5.89113,4.82358,4.40478,3.12419,2.9592,5.13858
3.30158,5.57399,3.6974,1.94674,6.06566,4.35797,5.11299,3.72487,4.10509,5.12111
4.67558,3.66329,2.48203,4.01261,3.36861,3.74518,4.97819,3.94915,3.402,4.16161
4.11703,4.31386,4.14985,3.70097,5.12812,2.94634,4.9289,5.29808,3.28857,3.87251
4.52011,2.80908,5.84072,5.2767,2.81491,4.75386,4.6724,6.24679,5.74579,2.36541
3.59395,4.89868,5.08904,3.56938,4.87815,3.32214,5.69561,3.21162,3.56843,2.89988
3.69114,2.57957,3.2321,2.86282,4.32031,3.00015,3.96541,4.3434,3.45262,4.49167
4.17758,4.37479,4.99578,2.59001,4.0935,3.23409,2.99171,5.75089,4.08471,2.61626
4.7105,3.60516,4.97609,4.25654,4.66,4.20449,2.94991,2.75619,4.78923,2.27159
3.92935,3.89285,4.53826,5.9604,4.89712,2.23484,4.15308,3.25658,3.56616,4.23984
3.65664,3.99283,4.68318,4.5945,3.20595,4.52903,4.44187,5.68284,3.04879,2.63459
4.72446,3.83952,2.78437,4.10855,4.53603,4.46538,2.68305,3.4758,1.91929,4.37949
4.80387,2.49458,3.1671,3.01367,2.83931,4.73868,2.79366,2.6004,3.10819,4.24925
4.94273,4.77337,2.76265,5.32387,3.11975,3.88899,5.57779,4.32827,3.8705,4.13515
1.45141,5.18726,4.76304,3.92654,3.43932,3.35969,2.04239,3.63112,3.51861,5.49353
3.64945,3.14753,4.45413,5.27061,3.18083,3.78181,2.61323,5.38296,3.16615,3.45184
3.57234,3.31363,3.41713,5.71246,3.19862,3.68403,3.56345,3.26784,6.82508,2.93653
3.13589,3.90962,2.21222,2.81091,5.34593,2.46148,4.30395,5.81633,4.40311,2.26197
4.34392,4.83568,5.27559,4.33473,3.6033,4.64868,2.10014,2.8759,4.16719,5.27004
4.57984,4.46655,3.2634,4.6639,4.65886,4.00031,5.44576,3.99559,4.61286,5.61834
1.93464,3.73621,4.01654,4.47034,5.52722,3.94404,3.12495,4.91399,3.60733,2.73703
2.78424,5.43536,3.19907,4.89626,2.80523,3.55696,1.49107,5.0893,4.06506,5.32274
3.26887,3.25294,4.52601,3.99751,5.4875,4.24459,5.44023,6.19172,6.28129,4.87644
2.82423,4.62323,4.40875,4.61483,3.82852,5.26417,3.82769,4.17271,4.23277,4.41324
4.54451,4.9526,2.18812,3.79386,3.04771,3.2626,4.08524,4.46293,4.15399,4.92662
3.72967,1.53134,4.39479,2.66063,4.7361,4.75201,3.94025,3.12415,2.67747,2.17328
3.1991,3.24363,2.60737,4.88462,4.60454,5.37908,3.2504,4.28801,2.26433,4.2999
3.85908,2.39302,3.90597,2.51549,2.62471,3.99633,6.39929,3.30598,4.21772,4.76053
4.61245,3.01631,3.94097,3.79792,5.37462,3.56403,2.86257,2.93514,4.03605,3.1891
5.21394,3.78516,6.01828,4.39563,3.49951,5.59565,3.01742,4.50058,3.77941,2.62868
4.99379,5.34394,4.18231,4.48414,5.21703,2.458,4.36024,2.55708,3.15271,3.97085
5.08541,4.21168,4.40759,3.18933,5.86592,3.61089,3.42125,2.65251,4.6991,4.40748
2.75367,3.70973,2.55302,3.86687,4.0067,4.26391,5.25768,2.78078,4.13996,5.25849
4.54174,2.90988,3.7221,2.01569,3.30436,3.54298,3.62649,5.17828,1.58009,3.74393
5.48419,2.82305,3.34108,4.25542,1.70798,5.04906,5.67732,4.00436,4.86665,6.17081
2.58691,3.05904,5.85026,2.82328,3.58853,2.02517,3.05393,4.56283,4.6564,4.77251
5.40625,4.96312,4.9509,6.57718,3.84495,3.58756,3.95969,4.83164,1.28925,2.68215
4.41654,5.12122,4.0968,4.15287,3.73018,7.11432,4.39213,3.06492,2.91095,4.70711
4.3313,4.60593,6.37433,2.97811,5.30303,5.13371,2.6006,5.02736,3.29349,3.97314
4.07745,5.626,4.49623,2.52882,3.11349,1.45151,2.5337,4.30499,3.40681,3.81192
3.3888,2.51074,4.06227,3.7776,3.2963,3.919,3.07875,4.68363,3.73638,2.34954
3.70763,3.82326,4.86634,5.11713,4.66395,5.09934,2.82831,4.50686,4.35931,3.6854
2.57796,3.13859,2.7614,3.20898,3.23088,3.90805,4.90962,3.687,4.63218,3.09197
3.80809,5.67606,6.21014,4.15539,4.66663,2.88874,3.9052,3.59339,3.35513,3.63033
4.59404,4.24165,4.00032,2.32721,4.19346,2.50746,3.4637,3.76352,4.44199,3.41515
3.90542,4.69429,3.89976,3.04879,4.95944,5.7432,5.12519,3.46503,4.70896,3.11332
4.75315,3.85102,3.96782,4.59918,4.62473,5.95856,5.22252,1.58035,2.55446,4.4663
5.11891,3.82823,2.03606,4.10366,5.31887,3.77347,4.4454,2.9615,3.58299,4.73099
2.7756,4.63765,5.54003,5.61403,4.06319,3.87591,5.7333,5.53376,3.95548,3.40234
4.16324,4.233,3.23968,4.8743,4.65001,3.63973,4.69907,4.92189,3.57457,2.63707
4.09012,5.17252,4.51783,4.33563,3.16119,3.58266,5.06415,4.24217,5.51215,4.06481
4.44191,2.96712,4.00868,3.29655,3.39366,4.41666,5.2005,4.20883,4.08097,4.30666
6.16938,4.76143,2.79643,4.30784,5.67506,4.31486,4.19102,4.49074,3.61269,6.13696
2.09231,3.72854,4.73925,3.68968,4.0805,2.30853,3.83229,4.04084,5.06781,4.96509
4.12388,1.7338,3.87479,3.68697,1.45651,4.05896,4.24334,5.22317,7.05575,3.42848
4.81086,2.62606,2.86982,4.59757,3.45012,3.38357,5.68075,4.41701,3.86736,2.73692
3.3366,3.03718,3.11677,3.57247,3.74883,3.74621,4.87234,3.49434,5.18266,2.57841
4.02272,3.65041,4.88378,3.44813,2.96309,3.46884,3.93318,4.75231,5.6285,5.57337
6.52748,3.81888,3.32816,3.7073,3.14707,4.71223,3.92143,2.10956,3.20857,3.71788
3.4885,2.32198,4.24244,5.24476,3.44207,2.50695,4.6965,3.47202,2.36546,2.27305
2.41661,4.68003,3.50174,3.20422,3.52857,4.35809,3.00203,3.49311,6.03956,3.45055
2.9919,2.90515,2.84051,4.9353,4.25452,4.74827,3.79358,5.5444,4.5172,2.69795
3.38071,4.9819,3.18446,3.59714,4.88784,2.00445,4.18297,3.90466,3.4508,5.35521
2.47751,2.9012,4.50728,4.56724,2.69544,5.27976,4.08054,3.90956,4.25314,2.83895
4.64626,4.59601,4.92063,3.97691,5.49298,5.33527,5.43829,3.28494,4.7834,4.96422
4.6141,4.05016,3.97564,4.51914,2.82257,3.86961,3.0534,2.97439,4.6635,4.3946
2.57873,2.82184,1.84701,3.56167,2.74782,4.62948,5.72341,4.40874,3.81277,6.20704
3.54238,3.52511,4.36412,5.02199,2.03485,2.51199,1.42758,3.78005,2.49396,3.80961
4.42138,3.64371,3.75351,6.1204,5.31893,3.91257,5.25204,5.59181,4.15127,2.72336
3.3494,4.00008,4.01564,3.45996,6.03446,3.05513,3.45574,5.18466,4.11026,3.47783
2.43817,4.15252,3.33828,4.2007,3.56916,3.801,3.15566,4.93804,4.2986,4.69902
4.85908,4.25212,4.83061,3.71247,4.62549,3.157,5.3952,4.10594,2.29405,3.20427
5.27942,4.37168,4.34151,4.77461,4.36532,3.68362,5.82416,2.62482,2.9553,3.60738
3.87954,4.70046,5.3756,3.26641,4.69135,3.27284,3.37911,3.07527,4.52152,6.23116
3.79519,4.07936,4.41854,3.27231,3.26889,4.55425,3.73646,3.83652,4.25932,5.00118
1.81828,2.92992,3.48347,3.55136,2.34095,4.32835,4.88269,4.09109,5.00796,2.24618
6.22075,2.26124,6.10216,3.79306,4.91459,2.78931,3.49539,3.71248,4.10042,5.14444
2.1687,4.01646,3.58389,4.84281,3.62964,3.24033,4.15369,5.21984,3.19742,4.12654
4.2067,2.72353,4.37742,4.08858,4.95814,3.70923,4.28206,3.51926,4.03358,4.60418
4.67786,2.66721,3.26472,3.92747,3.72628,3.22407,2.46682,3.29896,2.35924,5.38946
3.0514,3.29711,5.20374,5.08539,3.9377,4.94417,4.77176,3.36619,4.66339,3.75079
2.3688,3.68274,4.48567,2.297,4.03079,2.2265,3.18942,3.79446,5.80799,4.76963
3.62105,5.17643,0.999489,4.59408,3.23311,3.7352,3.16037,3.58729,2.5653,5.82944
3.75521,3.28856,3.8807,5.21271,2.08478,2.09701,3.85852,4.34343,5.02757,5.74871
5.3687,3.72688,2.49173,2.81869,4.15604,3.79229,4.12596,3.81699,4.57439,3.0432
4.60465,3.1217,5.22655,2.593,4.04408,4.08002,4.30811,4.56031,3.18252,4.20684
3.86721,4.81322,4.21915,2.83634,3.46155,3.88523,5.37154,3.69487,4.82206,4.58452
4.24262,4.49265,2.89105,3.74643,2.60182,0.081001,4.40742,3.33025,4.388,3.98422
4.52594,3.5056,5.01978,4.86263,4.57072,3.4274,5.29796,6.10135,2.28122,4.31697
3.96097,4.64957,4.72463,2.22861,5.06171,4.8973,4.81274,3.96505,4.92326,5.08918
1.79781,4.87256,4.15502,3.60067,4.09841,4.34209,3.62705,4.56882,4.17388,4.79041
4.78079,2.58603,3.56007,4.72438,4.2664,5.15824,3.34947,4.02115,4.16561,4.52334
3.03658,3.72341,3.65931,2.97528,4.1255,4.52839,4.66807,2.69894,5.11078,3.88001
5.1236,3.81091,2.68318,5.52644,3.50685,3.87778,3.81534,3.1635,4.89756,3.56279
4.25147,3.86778,3.74618,2.32687,5.17251,4.59936,3.51703,3.83525,3.29429,1.94032
2.1338,3.13247,2.53505,3.90225,4.84743,5.03078,2.24998,3.71269,3.69597,4.07982
3.80275,4.21325,4.16338,3.67236,3.94166,3.88331,5.40567,5.21081,3.90079,4.57504
4.89385,3.65103,3.77508,6.3741,4.66322,4.18682,4.57203,3.31574,5.67662,5.40147
2.816,3.13286,2.6461,4.4533,4.57454,4.50337,3.90763,3.41297,2.97921,2.80211
4.86511,3.26925,4.705,6.70981,5.41718,4.0986,5.24941,4.66978,4.27487,4.94709
5.36589,2.05559,4.34156,3.28154,6.31445,3.19029,3.09004,4.96119,4.07339,4.25688
2.89951,4.32736,6.37218,4.60473,5.08857,4.5481,3.47309,2.93227,5.94256,3.80889
5.07387,4.38521,3.68469,3.64323,2.4152,6.00019,4.04088,3.91478,4.65191,3.7476
2.3828,5.22949,2.1961,3.10099,2.92613,4.27029,2.32208,3.62798,1.61669,2.97545
5.6264,5.75999,3.2161,4.13535,3.6969,5.0435,3.84046,4.38054,4.65853,5.42799
4.55539,4.44066,3.11774,5.26306,5.50531,4.54534,4.2562,5.29313,5.1637,5.48627
3.32891,3.00708,4.52599,4.19975,4.72438,5.61442,3.98329,2.95,2.99721,5.52872
4.70893,2.74889,5.40839,6.56188,3.79499,4.14483,2.53011,3.5167,3.68051,3.51497
4.98517,3.76793,2.65838,3.93353,3.44021,3.38801,4.20777,3.50967,3.95558,3.78687
3.85337,1.42305,3.91378,5.44379,1.63972,4.48082,3.51714,3.53066,5.34538,3.85997
4.43579,3.73155,4.28078,4.39564,5.31117,3.18507,3.13987,4.8049,3.45256,3.62725
5.27444,4.36763,3.49915,5.17002,2.21456,2.10521,5.03655,2.91291,6.26163,4.8945
3.204,4.50327,5.50993,4.91351,4.44603,2.65866,2.36027,4.17359,3.43819,4.40602
2.53364,4.78205,3.34664,3.70894,4.63993,3.61385,4.8941,5.15472,3.76879,3.16279
4.06067,6.14695,4.78139,4.94508,3.22641,3.45216,2.71633,4.63276,5.17024,3.65675
5.23221,4.76505,3.64107,3.63495,2.79084,2.53148,4.33342,4.50076,3.98755,2.94013
2.88341,2.18223,4.12703,3.28598,5.11683,3.20291,4.52948,2.59257,2.78214,4.52291
3.16674,4.72153,3.65283,6.45742,3.97702,4.5707,3.82188,5.32735,2.61463,5.16521
4.00807,2.80648,4.35941,4.69868,2.8455,4.19177,3.59571,5.13557,4.39091,4.61176
3.50153,3.70569,4.22403,2.8547,2.86401,4.12741,4.05274,4.18355,5.37253,3.09233
3.70041,4.54494,3.50973,4.1332,3.5064,3.49886,3.59722,1.82941,3.22662,4.16606
3.58201,3.62695,2.17038,3.85698,2.73547,3.62698,2.49627,5.38168,4.27057,4.92991
5.0559,2.8987,3.813,5.432,2.62194,5.21476,3.61222,1.96283,3.51897,3.92428
3.8091,1.19734,2.77755,4.02355,3.07753,4.19975,4.45412,4.20862,3.44617,3.39713
2.65937,3.76077,6.07243,1.60587,1.9491,4.14836,4.97921,5.04168,4.16448,4.75679
4.04855,3.14234,3.93468,5.49713,5.4409,1.92868,5.84141,4.43179,6.32887,4.84599
3.81228,4.2443,4.44538,3.93096,5.48332,3.34474,4.34333,5.6639,5.56877,2.81797
4.41699,3.98937,5.22499,3.54065,4.1988,4.98199,4.11716,4.90502,5.21387,3.74497
3.99678,3.95772,3.52904,4.67776,4.32805,3.89224,3.33205,3.39899,4.6895,3.93426
1.98808,4.28623,3.74993,2.563,5.1623,3.89396,2.43138,2.84053,4.90103,2.50039
3.42673,4.07449,4.87327,2.97352,5.09916,3.3895,2.98544,4.86614,5.02416,4.82059
6.06638,3.69928,5.22943,5.18887,3.97943,3.89991,4.83591,3.34679,3.24741,3.22431
4.4121,4.09487,2.39299,6.35648,4.09259,3.97884,4.86283,3.86983,4.04749,5.44457
6.60924,3.59343,3.97366,2.28499,3.43786,3.80513,5.40833,3.76209,3.48113,4.01501
4.9532,2.79246,4.79359,3.07113,2.17201,4.76596,5.721,5.9483,3.60927,4.54048
3.0881,4.25293,5.69105,4.12702,3.62922,4.12171,3.5503,2.75895,4.7296,2.91064
4.51532,3.5388,5.10903,2.80481,4.09892,4.03958,4.7392,4.27581,3.42457,5.00589
5.44402,3.44469,4.11595,4.18385,3.48181,4.60077,5.19599,3.5631,1.7983,4.64547
2.97972,4.10059,4.43257,1.96869,4.63834,4.83709,4.99172,3.01647,1.12459,4.49976
2.19947,2.46337,2.4863,3.96172,3.96833,5.11038,3.43887,3.22747,3.32228,3.3244
3.84328,4.40155,4.88382,4.65062,1.76474,3.35093,4.81946,4.20255,4.24458,3.82942
3.92228,5.70258,5.77786,4.42329,4.02809,4.89115,4.10031,4.39434,3.50877,2.95435
4.28307,4.44925,4.79674,3.20828,3.51918,5.72485,3.99051,4.144,4.95092,3.91503
3.36808,3.4433,5.60928,4.95452,4.40043,2.07358,5.41013,1.85559,2.43353,3.78899
3.66289,4.99432,4.39408,3.88261,4.63563,4.66916,5.61728,4.36948,4.28536,4.32233
3.30636,3.91354,5.32757,4.74186,3.73109,4.42907,4.9097,3.62157,4.1838,4.67707
4.19301,3.8984,5.20948,3.78788,3.30121,4.55499,3.11525,5.90507,4.72767,3.9522
2.9729,3.0848,5.14757,4.07407,4.62905,5.06163,5.89974,3.18667,3.11519,4.13105
5.63584,5.0424,3.4447,4.06648,3.59669,5.14163,3.59483,2.28954,4.06576,4.60083
4.65859,5.26151,3.77166,4.58862,3.93596,4.68337,3.04422,2.02264,4.63762,4.396
3.7672,4.27597,3.69014,4.36921,4.47606,5.26198,2.10872,5.32239,3.81021,4.99573
4.10339,2.97219,4.22838,4.04139,3.85143,3.49146,3.22529,4.2458,4.43076,3.94926
4.00461,4.69475,5.23032,3.81148,5.4577,3.40565,3.50373,2.55907,4.8757,1.64012
3.81118,2.52101,4.86055,4.14587,3.75066,3.89854,4.93242,4.0583,4.82076,3.81908
4.72089,4.73948,4.73744,4.6585,1.40447,3.59044,5.16798,4.73539,4.38513,4.99596
4.48054,4.34647,3.34168,2.8076,3.9563,4.73715,4.15783,4.52338,4.17442,4.01357
3.62223,4.08246,2.82027,4.62242,3.27689,4.59214,3.44551,2.88044,2.4916,4.77837
3.8829,2.3293,3.73243,2.47503,3.2997,4.61802,6.10177,5.21844,4.64072,2.10464
5.35885,3.69791,4.89109,4.61727,3.68548,5.38722,3.49041,4.71082,3.14911,3.60209
3.24799,3.827,2.95109,4.24374,4.70502,5.13503,2.10868,4.43192,4.89922,5.15199
4.50138,4.00427,3.59226,4.04659,4.89698,4.77537,3.64427,4.58176,4.98578,4.08584
2.15923,3.48691,5.21745,5.38233,5.70637,4.19137,5.25897,4.55843,2.74053,3.58023
2.67317,3.53738,4.26813,3.56754,3.64225,2.64998,2.69249,4.08806,4.52214,3.61617
3.55368,4.08262,4.49191,3.37024,4.16558,6.34362,5.80358,3.87885,3.7146,4.90953
3.46043,3.83924,5.02522,3.95084,2.66897,3.74718,4.61685,4.41835,6.55281,4.40374
3.58537,4.33612,4.28507,3.40174,3.3179,4.70767,3.12373,3.29994,5.42618,3.69404
3.46933,5.13589,3.58758,3.62988,4.51997,4.24817,3.30261,3.12636,3.19409,4.40915
4.41585,4.51167,4.99259,3.17875,2.35122,4.16514,2.6115,4.36918,4.26859,3.90868
2.94437,4.67941,3.73697,3.19036,4.89629,4.15337,2.26403,4.60698,3.06251,3.8719
4.40973,2.27594,3.21602,2.68868,5.4774,3.12241,3.8732,5.5139,2.17008,2.96426
5.12518,4.43138,3.80381,3.34294,3.89942,5.45522,3.52303,3.95913,4.18205,4.89816
3.32362,4.26072,4.54362,4.65699,4.55341,3.02747,3.53137,2.89402,3.66567,2.45828
4.16025,3.56369,2.77577,3.41922,3.352,2.2967,4.5035,4.54032,4.67159,4.29723
5.59664,5.68227,4.00316,2.20652,4.91297,4.72593,4.18935,2.4518,4.85187,4.89485
5.15062,4.96976,4.15966,4.80645,4.21401,4.847,3.42518,6.4631,3.98416,2.65613
4.25726,5.01965,3.26757,4.62563,4.55231,4.16172,4.16811,2.9565,3.1588,5.26046
6.0751,4.48123,4.01606,4.33116,3.5689,3.24701,4.12957,2.1144,4.86712,3.80412
4.93373,3.85043,5.8139,5.18515,4.7565,4.5667,3.87457,3.38048,4.55436,4.86287
4.1664,3.00388,4.68011,3.78171,4.43824,3.54369,3.95008,3.83742,2.34368,3.96605
2.7272,4.20775,3.71756,5.69546,3.98028,3.09449,3.38022,4.46197,3.2957,3.74229
1.9964,3.76553,4.35206,3.71567,3.27437,4.43057,1.30089,4.51495,2.50085,5.13779
3.2204,3.81305,2.21433,5.61222,3.30513,5.03265,4.95202,3.25638,3.50871,4.73232
2.64846,3.67142,3.71485,5.27176,1.99978,3.27093,2.3686,4.66425,4.27687,5.44754
2.43495,3.79147,3.90935,4.60315,4.10852,3.12522,3.0863,4.46543,2.88923,3.92168
4.59512,3.44458,3.01744,4.5753,3.9943,4.84322,3.46872,3.80682,4.88915,2.02649
4.25198,2.22449,1.71105,5.43437,4.70556,2.84501,4.23847,3.91484,2.5786,4.07759
2.77765,5.00784,5.03218,2.36845,3.81018,5.37821,4.71761,5.40921,5.77301,3.29032
3.98721,4.77514,3.84441,3.60225,4.00846,4.61729,2.837,3.77967,6.34762,4.57726
4.92628,5.40699,4.14825,3.50992,3.31719,5.64427,4.1175,3.37439,3.33516,4.29943
3.97659,3.90371,4.54915,4.54639,5.44838,3.58171,4.42972,5.09623,1.88855,5.71033
3.13682,3.64875,3.85919,2.12735,3.19852,4.27981,2.80965,4.05545,4.71183,2.4794
4.24164,4.06684,4.76264,5.3874,3.55986,4.70421,2.84563,2.94563,2.27847,4.59553
3.07563,4.04399,4.89991,3.67422,6.2994,4.76012,2.75172,4.59712,3.15545,4.57243
1.50103,4.90698,6.33872,3.07736,3.93173,4.38316,5.4317,2.95305,4.33693,1.9923
4.43187,4.49609,2.47825,4.98342,4.67138,4.05576,4.61393,4.22778,3.13512,2.36478
4.00147,2.30191,3.36594,4.90781,2.93266,4.33316,4.53025,5.17021,3.36558,3.72046
4.30715,5.63709,5.02231,4.58801,2.11943,2.5961,3.10851,3.81241,3.97823,4.29955
4.94708,5.90161,5.10515,3.77554,4.60166,3.90866,5.14874,3.5834,3.76672,1.48533
3.25304,2.6629,2.62893,4.61607,4.00326,5.96671,5.34224,5.00861,4.47105,4.57567
4.81357,3.39026,5.28602,3.31231,1.79947,5.45222,3.64317,4.36367,2.83411,3.85146
2.33276,5.46467,3.73679,4.68484,4.92656,4.74623,2.69687,5.15939,5.65222,3.26887
3.21822,4.27875,5.06756,2.37981,3.10696,3.36352,3.42654,3.96938,3.94916,1.82461
2.43411,4.34599,3.16209,4.22286,6.2635,3.72836,3.62544,4.56049,3.64327,4.12599
4.99185,3.9852,4.73084,2.70505,5.22832,4.5471,3.45553,5.17004,5.63209,3.51338
2.23548,2.88432,4.0721,4.90109,3.85225,2.94857,5.04435,4.3999,1.49998,2.12354
4.56368,3.96891,5.04016,5.82408,2.79075,2.62965,4.82761,3.46611,4.74339,5.28609
4.96023,4.37263,4.82677,3.65722,4.06344,2.94755,5.03807,4.92286,4.50277,4.93545
3.44935,4.21147,3.70654,2.02655,4.73101,4.34602,3.7064,2.63451,5.12435,3.70622
3.58177,4.03755,2.8658,4.28297,4.73472,5.39144,4.70617,4.07574,3.95051,3.53285
4.34602,3.51026,2.51941,6.91764,2.2409,4.26971,4.13682,2.42845,2.75019,3.25132
3.18352,5.03103,4.17086,5.48425,3.27905,5.37446,3.1364,2.96581,4.96383,4.87639
5.09148,4.91622,3.55312,5.03752,3.54138,2.37935,4.87122,5.25721,4.45294,2.7982
4.86005,2.86778,5.07342,4.41728,4.39143,2.76449,2.31051,3.98284,5.30522,6.01453
4.56247,3.97244,5.65418,4.52738,5.20457,2.87001,3.11543,2.91276,5.03597,3.9864
3.81445,3.9328,4.19716,5.12141,5.00965,4.03859,2.60273,2.33774,5.15134,3.36581
3.23757,5.44682,3.37124,4.61884,3.97884,5.96042,3.28209,3.92533,2.97168,4.63531
3.83394,4.69317,1.59247,4.54661,4.70957,4.5856,4.2004,3.99147,2.33857,3.706
3.10468,4.2239,4.09923,2.86713,3.21897,3.61196,2.50579,3.71661,2.89666,4.44219
4.1236,4.60301,4.75209,4.64245,5.76878,2.42016,4.36202,3.85398,3.73157,5.40773
3.7838,3.99184,5.05272,5.30676,4.79553,5.92614,4.68142,4.57724,4.79356,3.97552
5.72908,4.96929,4.9556,2.16583,3.88106,4.28823,5.61595,4.23902,3.6587,4.33335
5.309,4.30036,4.44141,4.95684,1.83023,3.04945,3.68313,3.70257,4.10397,5.19518
2.03747,2.41032,5.82552,4.73308,3.64894,3.42088,6.11434,3.55478,3.58604,4.04027
5.61387,5.19442,4.62645,4.82667,5.31045,4.5322,3.49328,5.10566,3.94905,3.46046
2.24189,3.33761,5.3909,5.4961,3.44871,5.09771,2.98786,2.94806,5.42257,3.69562
4.11602,3.15439,5.93906,4.47445,4.73969,2.89333,3.53029,6.04332,3.63821,7.22091
4.39067,4.22802,5.01056,3.44043,2.77567,4.16119,1.98797,3.00344,4.22854,3.65001
4.51521,2.97872,5.07326,5.88517,3.41267,6.56342,4.40764,4.13856,3.17866,5.00634
4.26296,3.09147,5.06843,4.08752,4.27746,1.73975,5.74188,4.12655,2.69821,4.82498
3.56944,5.7469,5.16718,4.9447,3.66205,4.65832,3.60858,4.21486,2.74314,3.81137
3.6289,2.79801,2.43766,4.1817,5.07415,4.5148,3.59774,3.07801,2.19105,3.6167
3.91954,3.50826,3.20676,6.90047,4.71996,2.24366,4.06471,3.49437,3.20075,3.92223
4.5129,5.79263,2.57885,2.65965,4.30344,4.09195,4.23085,3.1879,2.93008,2.40802
4.30747,5.9012,2.63787,2.86368,4.06267,5.17961,3.21101,4.43314,3.73579,4.05448
2.96354,3.63343,4.47174,3.08782,4.83946,4.41255,3.96532,4.59529,2.95999,2.72139
3.39601,5.55422,5.33315,2.77554,2.42061,6.92051,2.42654,4.09471,3.66722,3.39052
3.40396,3.79837,3.66363,3.14113,3.31414,4.48179,3.69423,5.31831,4.23389,2.82553
4.23605,3.33276,2.56465,3.24396,2.31984,6.28474,4.48479,4.39697,5.50391,2.68734
3.53645,2.7394,3.57858,3.65101,3.42071,4.95595,2.9442,3.68807,3.6768,4.46184
4.53102,2.57066,4.34713,3.09587,3.92237,5.62981,4.10402,5.62685,3.13624,5.0472
4.75171,4.93695,4.69338,5.36955,3.44789,3.02284,4.24628,3.67165,2.69036,3.87628
1.7887,3.55119,5.14771,4.66877,2.68888,4.59235,2.83233,4.30659,4.13571,3.44246
4.16205,3.91617,4.64373,3.97443,4.63814,3.08885,3.82028,3.29335,5.10968,4.67646
2.72782,3.66346,2.83311,5.51936,3.63841,4.92201,4.04722,3.22916,4.80489,3.0511
4.09851,2.13025,2.64486,3.17864,5.55894,5.04261,5.08541,3.31423,4.73341,2.83645
4.52993,5.0641,4.52274,5.82392,4.46809,3.91775,1.65525,1.2749,4.17674,5.81163
5.25737,3.04955,3.88654,3.31261,3.74641,5.91849,3.69836,4.53315,2.9538,3.87603
2.64872,3.65936,3.85453,4.35299,4.21025,3.51465,3.78383,3.29636,3.39595,3.83679
4.63452,2.9385,3.59846,2.2821,4.27225,4.84036,3.09478,4.11407,4.39317,4.81499
4.89832,5.25255,5.44132,4.92314,3.0526,3.64382,3.77818,3.74178,3.59699,3.74446
4.43452,4.27007,1.63204,3.20988,5.09085,4.30843,4.42602,3.97941,3.33066,2.50013
1.44812,4.16894,4.39275,5.03844,3.14723,2.00572,3.68799,5.12733,4.77588,2.99507
3.15599,3.9258,5.57905,4.39871,4.12796,3.10597,2.0671,3.55167,4.19117,4.10639
5.73745,2.69921,2.0799,4.0951,3.767,5.48404,4.42237,4.63769,3.70029,5.03709
4.23565,2.74332,4.56299,3.82278,3.94632,0.540422,6.79585,3.63552,3.66336,3.64716
2.92792,1.97745,5.6354,3.1861,3.03686,4.36707,6.36558,4.31091,4.56092,3.58382
5.30248,1.84868,5.97363,2.52853,5.69924,4.35497,4.17068,5.00242,5.3885,3.88489
4.76052,4.2402,3.17631,4.97312,3.00283,3.26679,4.43719,2.82289,3.19112,3.26863
4.57268,3.80802,3.99689,4.12591,3.3108,4.0246,3.06248,2.78086,4.48122,3.56354
3.6699,3.35542,3.48749,6.4053,4.12619,4.66839,2.78254,4.2096,2.28875,4.07063
4.76926,4.05146,2.0876,3.48365,4.00099,4.8217,4.32868,2.82706,3.59411,4.26763
4.25156,3.52819,3.73435,2.97297,4.63208,4.34756,5.69294,3.67123,2.13067,3.16238
4.7757,3.06604,2.89086,4.45209,5.17122,2.76779,4.99408,3.3048,6.91279,3.87795
4.0281,3.47414,5.63567,3.12949,4.947,3.1218,5.57224,2.6318,4.12984,3.21211
4.44616,5.07376,4.46798,4.35489,4.88948,4.52223,5.08794,2.48464,2.94258,5.41009
4.67406,3.86149,3.96177,5.13886,3.75347,4.11995,3.57154,3.76028,3.2279,3.88707
3.78049,3.51933,4.45968,4.00462,5.68149,6.79351,3.72075,3.81245,3.78517,4.15759
4.98295,4.73476,5.77656,4.9478,2.54016,3.99453,2.41349,3.82863,2.55546,2.13481
3.10915,1.85022,4.38442,5.23358,3.67272,2.80769,3.95555,1.39381,4.72752,4.55701
4.10617,6.51884,4.92657,3.18476,4.22512,4.09714,3.46319,3.65734,4.23154,4.46999
3.99909,4.64344,5.52051,4.18367,3.81298,4.28491,3.51029,5.22489,3.16404,4.43581
4.2792,3.46768,5.35883,2.64696,3.69207,2.9454,2.95838,2.91816,3.21285,3.84423
4.36917,4.81198,5.04913,4.30048,4.92392,3.9837,4.10915,4.73672,2.98012,4.29575
3.77186,3.54037,4.97615,4.0527,6.16292,4.48613,5.71877,4.54651,3.53368,2.80653
3.46278,3.8903,3.5694,4.86664,4.05443,4.70138,2.65013,4.4601,4.3014,3.31108
3.60207,3.77706,5.13674,4.43081,4.56534,3.58586,5.39123,4.0491,3.23294,4.6787
4.79031,3.92062,3.4558,4.19235,4.64894,4.92855,2.97537,5.27519,2.65766,3.42954
5.24397,3.10657,3.9171,4.04933,3.08794,5.35869,4.50507,5.20829,3.62794,4.50965
4.39695,4.68033,4.79582,1.82334,4.25532,4.47657,2.63289,4.09048,2.61537,4.56443
3.49747,3.49773,4.23706,5.08705,1.02314,3.72699,5.32764,3.00616,3.97656,3.36382
4.9321,2.08131,4.8621,4.38365,3.70056,3.29708,4.63476,3.58283,4.17582,4.27159
4.27704,3.07146,4.72088,4.65812,4.7432,4.01063,4.68151,3.19112,4.17243,4.74976
3.63385,4.99124,4.67414,2.94372,3.90686,3.48712,2.31446,3.16782,3.21798,4.4983
3.32723,3.20483,3.76156,4.91878,5.20475,3.84063,3.74593,4.7945,3.34933,4.1659
4.16735,3.65084,6.19935,4.25289,4.55047,3.66352,5.24261,3.29581,4.87104,2.95008
3.65506,4.09668,3.89241,4.5894,2.55833,5.23367,4.51435,5.20241,4.49453,2.89259
5.45544,4.28848,3.06178,4.73413,3.30049,4.97508,3.4888,2.59272,1.99978,5.94544
2.75478,3.09439,3.24468,5.26241,4.36587,3.94315,4.64461,4.51108,4.09244,2.8395
3.15232,2.41145,3.96177,3.72658,2.77212,3.35238,5.05199,3.99861,2.27592,5.62892
3.37005,3.30482,2.80505,3.61899,3.26138,3.84874,5.76593,4.96533,2.85972,3.64605
3.47562,3.26056,3.44064,3.78136,3.36517,5.00264,3.69452,3.84041,1.61799,4.77867
4.65902,2.31567,4.17334,4.86134,3.77878,5.85581,5.21459,3.70348,3.22533,5.43081
4.64407,2.96204,4.88557,2.80387,2.81667,2.45382,6.03052,4.26215,3.14503,4.26022
6.87721,3.36665,4.72922,3.81526,4.88531,5.23726,2.60973,4.52068,2.36278,3.05409
2.73967,4.02127,3.91,4.2588,3.50423,3.53754,3.68793,4.64422,3.81731,4.82724
3.56154,4.8258,3.54617,4.17926,5.51406,2.99939,3.51712,5.71678,2.97806,4.34226
3.66567,4.51095,3.16115,3.69519,4.17388,4.70747,5.21478,4.57157,3.68215,4.15112
3.38454,3.9325,4.68831,2.38998,5.57214,5.31736,3.30541,4.24619,3.42813,4.80152
5.23227,4.26223,3.30557,4.98448,2.99918,3.58793,4.48314,4.1243,6.18121,6.03126
2.42296,3.90818,3.74342,4.87456,4.25553,3.64952,3.89909,3.7745,2.92884,2.61148
4.6645,2.98344,3.65448,4.50453,3.20349,3.70869,4.39417,6.25298,2.80463,4.12276
4.51505,4.23821,4.26987,3.73952,3.1178,4.67386,2.20879,6.02408,3.41402,5.60947
4.32148,4.96915,4.20992,4.93798,4.16058,3.76086,4.43767,3.30275,3.88182,3.42034
3.77544,4.47026,4.23116,3.92005,4.5449,4.65677,3.83922,3.39645,2.5022,3.11018
3.82605,4.42939,4.57794,3.88211,4.46028,3.6181,2.8613,4.01378,5.16723,1.65763
2.98308,3.21361,4.38851,6.12317,3.95807,3.40783,3.4402,3.73635,4.2267,5.73973
5.03338,3.07627,3.69272,3.49277,3.6327,4.44313,3.0895,4.47377,3.765,5.42461
3.75369,3.36857,3.17336,3.618,5.28318,3.7265,3.91798,3.22822,4.65496,3.70902
3.83652,5.65527,4.4451,4.77969,3.19252,3.47531,2.52882,2.69817,2.66131,4.06638
4.9309,5.83842,3.86007,2.71837,4.49802,5.38882,3.67508,3.52789,3.15036,4.70971
2.26958,4.86397,3.6509,1.86021,2.96014,3.15235,3.40738,4.99815,5.30065,4.57631
2.48121,4.72425,4.49576,4.44829,5.51869,6.13575,3.34009,4.20478,4.45821,5.67851
3.91412,3.762,5.12154,5.95888,5.05579,3.96728,3.26981,3.7541,3.61365,2.83202
4.3825,3.17593,4.27352,4.45694,4.03778,3.39957,3.83728,3.7102,3.24833,1.53258
4.25932,3.52782,4.11786,3.12485,4.34661,2.48845,4.9315,2.41707,4.36494,5.09298
3.74621,4.0232,3.48651,2.76823,5.49169,3.93579,3.63689,2.90149,4.98112,4.25024
2.29523,2.38937,3.72292,5.0448,3.65314,4.00279,3.65021,2.42751,1.82861,2.62468
4.83496,3.12451,3.66003,3.67056,3.49071,2.20886,3.4245,3.70933,4.7412,2.53754
3.82441,3.85588,3.51811,3.47485,4.53209,3.71919,4.40395,5.75396,4.8316,4.84085
4.61597,5.43179,6.41361,3.23219,3.06651,5.69652,5.07389,2.80955,2.26665,2.96812
2.34074,2.99926,3.55128,3.45369,4.98984,3.50398,5.37465,7.03371,3.21,5.10195
2.79831,2.62885,5.3507,6.09338,3.48035,3.03696,3.29545,2.24698,3.93461,4.65826
4.29321,4.57288,6.06982,5.32743,4.11864,3.59019,2.43651,3.62638,2.16556,3.2416
2.84502,3.83601,3.61715,5.057,5.3193,3.93962,4.50253,4.81081,3.5362,4.20303
4.30073,5.57639,3.63406,4.36839,4.55877,5.01196,3.37646,3.36919,4.40133,5.56895
3.95772,4.71218,3.05704,3.32516,5.73543,3.21209,4.2628,3.12353,4.85322,3.83871
4.17228,4.89673,3.89729,3.82647,3.64161,4.19837,3.34148,4.9172,3.02313,3.1337
4.1833,3.96078,4.83117,3.32108,0.666026,3.8421,4.47559,2.20751,3.50633,3.94503
4.26027,4.27942,4.74056,3.98154,3.99215,3.35945,3.46482,3.12584,6.63863,2.93557
1.7475,4.1561,2.676,2.85347,4.68007,3.66893,2.63284,6.36028,3.83592,3.56145
5.02691,3.74004,4.47182,3.89051,5.62328,4.66539,3.64693,4.02826,4.69993,3.31773
4.09827,5.07829,4.22935,3.21284,2.74409,5.04429,5.79298,4.84613,5.33977,4.59765
3.63459,4.7749,4.3487,3.36366,4.31635,4.09698,5.05567,4.77378,4.89313,5.39176
4.93697,4.94794,3.26401,2.67388,3.78715,3.03977,3.78889,4.91189,2.64161,3.84119
3.73541,2.45949,3.01092,3.43715,5.85227,4.57356,3.0544,4.43494,3.37527,4.40398
4.36945,4.86206,2.55462,4.45051,3.2987,3.60159,4.47098,4.97803,3.99503,3.89903
3.29914,3.47945,4.34555,3.68246,5.26721,4.52072,2.83026,5.06246,3.59262,4.40552
