10
2.97368,3.85048,4.13141,2.8517,4.55793,2.52904,4.78365,3.28469,4.59301,4.20794
2.85117,2.76246,3.51069,3.27024,4.7541,2.94671,2.02804,4.27499,1.94648,5.87486
3.21547,5.05218,4.31582,4.01406,3.73717,5.68395,3.69591,4.76999,3.22805,4.72224
2.94979,3.08811,3.40129,4.34662,2.73965,3.4868,2.40568,4.90961,1.97804,3.28953
4.71244,4.72094,2.78982,4.53035,2.19458,2.27426,1.68981,1.59999,3.47247,4.65678
2.59487,4.61217,4.34921,4.97228,3.33064,5.19074,4.30571,3.00277,2.76369,4.63677
4.01898,3.34441,4.80226,2.5852,4.17148,2.27125,4.45207,3.10255,2.57388,3.30471
2.80337,3.76879,4.10813,4.16894,3.98852,6.32834,3.38972,3.77664,4.25525,5.45949
2.38688,3.97192,2.80178,4.06962,5.2028,2.91506,4.2948,3.4518,3.56523,3.79036
3.65985,2.97071,3.79331,3.92637,5.33231,2.9465,3.6148,4.50359,4.51359,5.11203
4.12101,4.75116,3.29934,4.62988,4.72208,3.54165,2.75144,2.97027,3.50092,3.01936
3.69377,5.19731,4.34702,3.39998,4.21951,3.93776,4.3361,3.70559,2.29489,5.20101
5.27742,4.46083,3.84462,4.54846,3.96841,4.83535,3.74176,3.82731,2.77936,4.04938
2.76592,5.66869,4.01913,4.95865,3.01386,4.19738,3.98244,4.09166,5.30966,3.78285
3.11986,4.25578,2.32584,3.26483,3.76594,4.91465,4.9937,2.57136,3.88708,4.84978
2.23662,4.82891,3.97231,4.09653,5.1137,3.55625,3.90491,4.04099,3.95671,3.99218
3.35143,4.80932,5.28837,3.00418,4.18432,3.07536,3.74193,4.88397,3.98622,4.70991
4.67712,4.33168,3.88936,3.46656,3.44046,6.18809,3.49135,4.40297,5.47244,3.60094
2.9215,3.67878,6.14417,4.13259,4.24257,2.53734,5.01363,4.76357,3.44847,5.9503
3.21672,3.72041,5.00475,4.56709,3.6046,4.32882,2.48666,2.93954,2.54446,3.19463
5.08858,3.06206,4.80418,4.56125,5.18193,2.46947,3.79659,6.05236,4.44043,5.05025
4.94371,2.31306,4.00145,4.83029,3.14482,4.57776,3.35025,6.14463,4.18001,3.9648
2.98995,4.29261,4.52892,2.88633,6.1753,4.27954,4.57204,4.58273,4.90804,3.85536
3.83816,3.314,3.62534,4.31615,3.72813,2.4157,4.02759,4.39116,3.57806,2.29675
2.09449,4.51119,3.20009,4.53035,5.81579,3.90571,3.46646,3.29374,3.41097,3.34752
4.28913,3.57748,3.77315,4.4512,3.72051,3.97223,5.64868,2.90683,4.74104,4.66926
4.25858,4.44551,4.42553,5.94624,4.02745,4.80751,4.4053,5.05972,2.29909,3.7906
1.75269,3.97816,2.86306,3.14208,4.67392,4.70545,4.51558,4.97216,5.85761,4.5823
3.01112,3.74235,2.6139,4.26991,3.32065,3.84552,3.93622,2.35394,4.57834,2.80851
2.9917,4.05096,2.74234,4.4037,6.20377,3.42261,3.63666,2.5432,4.22715,5.88628
4.14785,4.67594,0.612542,2.79437,2.49426,4.33519,4.13752,3.81226,5.19538,3.86192
3.89431,3.06462,4.02059,1.61711,1.97375,3.74408,4.30881,4.00547,5.0519,4.42052
3.79466,2.62817,4.80375,5.81421,4.33247,3.54329,4.39918,2.04616,4.02448,2.8491
3.5839,4.47563,6.18764,3.17294,2.55188,3.80649,3.33901,4.59177,5.00819,3.28091
3.00798,3.60293,2.97621,2.94977,4.05191,3.41182,3.52334,4.50915,2.86853,4.04742
4.20183,4.21843,1.66346,3.90103,5.77389,3.4915,3.97874,5.91468,4.99208,1.73934
4.07277,5.41479,5.53864,5.39356,2.64342,4.08562,3.40841,3.14925,3.32371,5.03681
4.22207,3.7306,4.1254,3.92526,5.23318,4.723,4.84141,4.19039,3.43751,4.26884
4.17273,3.75528,3.15483,4.20245,5.47339,1.9214,2.76794,5.04435,4.98322,3.78988
7.24271,5.15094,3.09606,4.62137,4.15211,2.23756,5.12754,3.71747,6.24263,4.79083
3.52607,4.57039,3.40858,4.27525,5.13825,4.59909,4.94917,5.24351,3.93102,4.16866
3.82875,4.00181,4.16663,3.29466,2.78417,1.51484,3.95542,5.42967,4.81206,3.4091
4.75133,3.77238,3.71928,6.91137,2.54326,5.18021,4.064,4.33835,2.92319,4.19009
2.12393,5.36025,5.21127,5.28567,3.21663,4.69512,3.51809,1.66521,4.25066,3.9195
4.23439,4.24339,4.24697,4.32237,4.21111,2.4138,3.66663,3.26481,2.11522,3.32119
4.25934,3.48419,5.43561,3.34754,2.74757,4.45566,4.3176,3.36309,4.9543,4.75913
3.61926,4.73507,3.25027,3.54442,5.81977,2.35966,4.56416,2.36918,5.28665,2.7771
3.51937,5.24782,2.83278,4.4149,3.60042,2.29211,5.86169,3.41732,4.74945,4.26273
3.95928,3.5023,4.99818,4.9336,3.71666,4.28264,3.60441,3.88868,3.96954,1.47709
5.53067,6.63067,4.29702,2.92747,1.80274,3.72618,3.6443,3.55785,4.59044,5.18031
4.7933,3.56113,3.71196,3.81657,3.76637,4.16319,2.75653,4.92405,3.89033,3.07835
4.555,3.17059,3.24599,5.29119,4.20603,3.74269,4.40283,4.97334,2.6518,3.62881
2.033,3.62562,4.81456,4.86611,2.79045,3.32497,4.27814,4.53059,6.0726,4.61419
4.08091,3.28962,3.60959,4.44726,4.12398,4.89719,4.88872,3.55774,3.88414,3.80545
2.87775,4.71886,1.69701,3.54013,3.79399,4.20788,3.49743,3.65984,4.63331,3.36253
3.26697,4.97876,5.10812,2.70794,5.8945,5.12055,1.82245,2.21098,4.36212,4.17752
3.20699,3.61079,3.55354,5.34134,4.85968,2.95691,3.42621,4.50746,2.57152,4.88148
4.19506,2.77789,4.32185,2.51452,4.98251,3.05693,4.94194,5.52891,3.65827,3.14481
4.54022,3.44758,4.75612,5.37633,4.33471,4.20116,4.87303,2.52598,4.15456,5.78984
5.51303,3.42811,5.0584,4.50097,3.45976,3.73406,4.26795,3.76251,5.30242,5.76087
3.95508,2.86885,5.89341,3.45791,4.42493,3.27196,4.35859,3.03467,5.0198,6.04954
4.84631,4.52696,2.97269,4.58193,4.34265,5.26161,3.04464,3.01122,3.85093,3.36124
4.55662,4.88671,3.97752,3.54964,2.89656,4.51824,2.83012,3.429,2.59272,5.30152
3.96048,2.69269,3.62714,3.49114,5.1245,4.15494,4.83022,3.78983,2.37533,3.67166
5.33734,3.00745,3.01848,5.23002,3.64454,4.51334,4.03338,4.5831,3.18949,4.31738
5.0011,2.79771,2.95344,3.70896,4.2082,4.00796,4.13571,5.79844,4.66941,2.60369
3.89561,4.93727,2.81777,4.82818,3.34214,4.39613,2.39706,3.16483,5.19666,1.93825
2.86694,3.95776,2.80367,4.86205,5.67623,3.62713,4.67631,2.57497,5.20615,2.73965
4.76847,4.362,4.06997,2.72328,3.75564,3.85682,2.86215,4.17411,4.20629,4.32534
3.54048,4.12923,3.6471,2.15271,2.7577,3.40521,4.84837,2.18998,3.28181,4.48696
3.6154,2.77897,3.12586,2.52504,4.5872,4.88261,4.40444,4.53126,4.68148,2.90425
3.08751,3.14725,3.61884,5.53608,2.62716,4.30961,2.21878,3.92343,3.3485,5.66877
5.9961,5.26258,4.51109,3.67411,2.88008,3.90607,2.62204,2.92549,2.74876,5.30856
3.69807,4.22727,4.60921,3.88703,2.75559,2.84532,4.54534,3.84528,3.70443,2.66134
2.5507,3.30143,5.5562,2.35359,3.21796,4.48833,2.11238,3.64982,4.31805,3.56744
3.62008,2.17714,5.23079,4.81366,3.18347,4.37658,4.12206,3.74432,5.63348,5.08375
4.13981,3.98209,5.84183,3.83803,4.55757,2.40957,2.72029,4.16264,4.12849,2.95555
2.40501,5.26615,2.79249,5.59212,3.41927,5.47035,3.25233,1.89067,5.74802,4.25879
3.89646,2.08769,3.851,2.81818,2.6203,5.09206,2.75055,4.97342,3.19084,3.30148
3.59098,4.79912,4.08872,6.28243,4.95275,3.41968,5.65913,3.11633,3.13821,2.60251
6.06863,4.4488,5.4173,4.21267,4.07219,4.20523,4.27775,3.79762,4.85362,4.81018
4.86841,3.7464,3.77801,4.49562,3.31008,3.82345,2.19306,3.78862,4.52602,4.08677
4.5844,2.28701,3.8989,4.86136,2.82555,3.31235,3.62971,5.03908,3.53831,4.75574
2.97418,3.90176,4.18721,5.44281,4.88225,3.70522,3.77594,5.03702,5.22997,5.41166
5.71913,2.76354,4.15593,4.18623,3.32479,4.14553,4.12153,2.74933,5.55815,3.8773
3.69234,4.50347,4.66288,5.04394,3.89895,3.65748,3.01422,6.19752,5.70574,4.61389
4.97524,3.08588,2.60939,4.58886,3.45405,7.06055,4.11393,4.97149,3.96077,3.51205
3.77302,2.4974,3.33947,4.82995,4.61336,4.95198,3.3372,4.33879,4.63146,1.50257
3.90587,5.09872,2.38289,5.68355,2.94989,3.34654,3.20023,3.13787,5.25976,3.36765
5.39672,3.79505,4.08465,3.21874,4.9748,4.58138,4.32245,3.81957,5.01875,5.57448
3.51868,4.47293,3.30594,4.87651,5.1323,4.18168,3.41968,3.47372,3.60601,3.9284
5.97241,3.3102,4.66358,4.092,4.09858,4.67085,4.41806,4.12563,3.69967,4.20833
3.44647,3.45712,3.24928,6.46882,3.53123,3.82185,4.21777,3.64737,6.18825,4.72575
2.98017,4.5715,5.08182,3.63365,6.05517,3.7647,3.33528,4.40468,2.82796,4.09079
5.20265,3.47574,1.85406,3.22352,4.69802,2.99102,3.42439,5.67615,5.12474,3.07542
3.34101,3.78882,5.83224,3.25594,4.03107,3.54072,3.10734,3.6151,4.07872,3.40303
3.36895,2.20593,3.9067,3.76767,5.48314,4.21287,5.38623,3.16935,2.95649,3.97753
4.34579,3.82999,5.12235,4.1127,5.92704,3.98482,3.96722,5.31935,4.77846,5.72852
2.60138,3.65159,5.04024,3.69203,3.35774,4.60762,3.73328,2.98233,4.73923,5.7509
3.68461,5.89185,4.39936,3.39393,3.25432,5.60158,2.47989,5.04851,4.47593,3.64176
5.95469,4.1557,4.21462,4.86347,2.71252,2.9786,3.68776,4.10885,4.23497,5.52306
4.70863,2.86528,4.83538,3.85055,4.02786,4.57077,4.34652,4.44929,4.24887,4.21413
2.33452,5.92788,3.22131,2.79979,5.381,2.56215,5.41686,4.77261,4.52266,3.81137
4.87954,5.7689,4.70836,3.74481,4.41505,3.71084,2.99874,4.70295,4.43793,3.81036
3.47869,4.89138,4.98989,4.45915,3.14291,3.90906,3.04643,4.79205,4.47031,5.56714
3.73838,3.60909,3.02513,3.59356,4.01179,5.54802,3.43303,3.11906,4.56437,2.59705
3.78895,5.73921,6.19878,2.58366,3.68633,5.34043,2.67977,4.92067,5.78321,5.362
4.64711,2.88716,3.84927,2.97531,3.95428,5.1052,4.90835,3.28543,3.888,5.48574
3.8105,3.46006,4.48698,4.73672,2.92482,3.51793,5.18058,4.68815,3.77154,4.51125
4.37727,3.97317,5.85418,4.44069,6.57439,3.47278,3.47148,4.3038,4.05697,5.25493
4.37378,4.6241,3.40158,3.7995,2.71738,3.23035,3.0859,4.61847,4.45507,4.61241
2.36606,3.54226,0.79244,3.69054,2.9602,2.9357,5.25673,4.45177,4.73677,6.11108
3.48923,4.45649,4.34636,5.12994,5.79887,5.34046,4.14517,4.26683,2.788,3.22744
2.64748,3.82285,3.22509,3.38693,3.51809,4.79117,5.37817,4.47635,4.41656,4.54704
2.51291,2.81841,2.69205,3.74476,3.44454,4.42542,3.59488,3.65616,3.53495,3.45325
4.93601,5.01245,2.72143,3.99421,2.05477,3.85042,3.28115,4.12966,4.32026,1.78861
3.18947,3.95228,4.02976,1.17218,3.37177,3.81939,4.27368,3.83193,4.53831,3.6045
2.28917,4.19017,2.4756,2.4022,3.30244,4.42844,2.61206,4.09878,3.50348,4.50609
4.19198,4.19553,4.879,3.90982,4.57647,3.30808,3.08763,2.88474,4.98399,2.92765
4.83798,5.65027,1.23179,4.07514,4.09038,4.36326,4.21529,3.27484,4.78681,2.60332
4.62899,2.78065,5.046,3.26364,3.83539,3.64016,3.22446,3.61868,4.15505,3.25501
3.93437,3.93544,3.85402,4.14957,4.56292,4.88,4.52009,4.46507,4.64218,2.93339
4.88602,4.06428,5.33144,4.81466,4.40267,5.38842,4.38457,4.8331,3.28087,2.86967
2.9074,2.44079,6.3304,3.6162,5.60258,2.73204,2.39709,4.1326,4.28259,3.54249
5.0627,3.56155,2.97609,6.55337,2.69541,2.96144,3.93773,3.96971,3.63228,3.42856
3.23704,2.01795,5.14298,3.87591,4.89512,4.80181,3.91825,4.41008,5.17694,5.4085
4.18748,4.29401,3.18012,3.84963,1.78632,4.64868,4.15071,1.35426,4.00444,5.53558
3.45284,5.87537,6.36435,6.03127,2.08651,4.48904,3.8643,3.1521,4.42436,3.42911
4.06668,2.40605,3.60352,4.90036,5.24434,2.45164,3.04086,3.6364,3.42012,4.6172
4.92763,4.98184,3.01184,5.03763,5.1767,2.83826,3.6322,3.84773,3.74514,3.94543
3.68974,3.69573,3.40722,5.02934,3.75,4.39695,4.03763,4.51645,3.83588,4.89465
5.59046,4.40078,4.48272,3.97823,5.21969,4.74826,2.45923,3.3032,4.81009,2.86707
3.94229,3.65597,5.23877,2.80749,3.4628,3.53439,3.61509,5.6771,2.90819,4.35734
4.80071,3.24592,3.29742,3.30404,6.19423,3.33569,5.81126,3.02331,2.82817,4.1691
3.98746,5.81273,4.49359,3.8113,5.12828,4.36747,4.13722,3.61848,3.86869,5.95567
5.29783,4.67261,5.43274,4.03464,4.23586,5.52001,3.94785,2.89683,4.82788,5.21117
3.74672,4.32496,4.00477,2.30224,3.23009,5.36527,5.55029,2.95247,4.12524,3.59395
4.3012,3.01552,4.49704,3.30344,3.98456,4.9947,4.39528,2.96813,2.9709,3.42756
3.44258,2.85705,3.133,4.11559,4.60524,1.52589,4.61234,4.45923,5.5218,5.1676
3.42829,4.72219,2.86015,4.74526,2.45618,5.91769,4.24053,4.27969,3.92258,1.97987
5.34803,5.48951,1.34229,5.61177,3.14318,4.25956,3.21288,3.11272,2.78486,4.58444
3.70147,3.07436,4.98847,2.76894,4.22176,5.1133,4.2869,3.38347,3.15463,4.13996
5.07451,3.96026,4.63458,3.50778,4.66063,4.06343,4.31868,5.00964,2.99553,3.62094
3.97842,4.98883,5.44035,3.50632,5.07722,4.64168,5.4382,2.98137,3.18191,4.28405
5.2729,4.63645,4.1855,4.63232,3.7159,5.68807,3.69298,4.57861,3.5744,3.32587
3.30211,3.93376,4.77291,2.69221,3.47486,3.39421,2.99596,2.58993,4.94292,2.29908
4.04102,4.26652,4.43952,3.24016,2.19355,3.85343,3.90493,3.7248,4.5349,5.00223
3.08545,5.48565,3.80656,5.68208,4.97695,5.62666,5.05911,3.80414,4.07099,4.07411
4.04121,3.99972,4.1779,3.77342,3.74092,7.29299,3.78097,2.99042,2.24831,5.60653
4.26766,2.76227,3.90527,2.34929,4.20208,4.63406,4.66067,4.09805,3.4054,4.31825
4.46119,3.47037,4.12307,5.03363,3.89252,5.42187,3.31879,5.74455,3.53048,2.76092
4.65281,5.69566,5.29113,4.97502,5.09694,3.82153,3.18332,3.38189,3.47113,3.33537
5.78599,4.49678,5.99356,2.68717,4.67443,4.79055,4.06362,3.75918,3.80977,3.29645
4.35245,3.48657,2.5028,2.73166,3.19585,3.72225,2.39312,3.4101,3.06866,3.68973
5.60427,3.84966,4.57377,3.85359,2.88136,3.69045,3.85313,5.14502,3.08519,3.38005
6.42877,5.6432,3.30356,4.00352,5.10216,5.02572,3.73724,4.10982,4.28428,4.33173
4.19117,4.90913,3.30852,5.29818,3.71394,2.9843,4.09218,4.83227,3.38594,3.36234
3.15952,2.0793,3.95889,5.27289,2.29093,4.26526,5.54881,4.69561,4.28067,5.27389
3.37693,4.4188,2.66253,3.94757,2.31961,5.04493,5.88566,4.73385,4.31173,3.44893
1.77009,2.37711,2.81115,2.5842,4.22001,3.4566,4.37604,5.28425,3.68487,2.35141
5.46811,4.00365,3.43848,2.91309,5.7306,4.73922,3.82353,5.43698,3.5255,4.9352
2.13721,3.14805,4.59207,3.83971,2.65027,2.98566,2.30461,3.61872,2.51833,3.59345
5.27841,5.29527,4.84564,3.6084,2.32593,4.67454,4.27538,4.72954,5.82765,5.7657
3.92821,4.10415,3.98626,4.96399,3.09984,4.24706,3.09328,2.83569,2.39927,2.63704
3.54907,3.31908,3.94093,6.03701,4.3886,2.55455,3.84174,3.2559,2.11378,4.27781
4.73111,2.0258,3.30588,3.32779,3.44663,4.04747,3.65312,3.49264,3.65902,3.00936
3.39796,2.39931,4.4895,5.03687,2.39338,4.19394,2.9239,1.65372,4.46386,4.73562
3.43969,2.33484,4.51386,3.93184,3.0143,2.70323,4.42917,2.64694,3.15647,4.86548
3.64447,4.20378,4.60515,2.9819,4.16388,3.71452,3.56799,3.04255,3.72146,5.41584
4.86916,4.65652,3.98931,3.92882,4.98889,3.6016,5.16172,4.62772,4.15255,4.43895
3.61452,4.01345,5.63935,3.51851,3.5204,3.65164,3.91456,3.85187,4.80919,4.85799
4.1639,4.66906,4.96584,2.80895,3.22771,5.59567,1.79333,3.44959,4.483,2.1831
5.02159,3.08389,2.04496,3.33834,4.05362,3.06616,5.52334,4.71162,2.78728,2.50834
2.52487,3.05787,3.52292,4.10817,3.41212,4.94186,4.0281,6.09273,3.85525,4.87823
3.33248,1.82908,1.84764,6.32204,4.59942,4.05082,5.80261,3.26946,5.06466,2.67038
3.86228,1.67123,3.06795,4.70952,2.94744,4.22338,3.79945,3.44835,4.16826,2.47453
3.50622,3.91118,6.55665,4.11579,4.42631,3.64593,4.8441,5.27393,5.43649,2.4332
4.31583,4.34926,2.15182,2.83814,4.11912,3.26129,3.42695,4.14604,4.76089,4.39486
4.38665,4.10802,3.50648,1.01393,4.12509,5.60507,3.40725,4.67732,3.96576,4.46106
3.49044,5.68375,2.96508,4.10637,3.50866,5.07398,4.47602,4.38594,1.93036,3.15815
3.61308,3.74711,5.26492,3.82529,3.74226,1.87238,4.86159,2.96843,4.24492,2.87062
2.11776,3.73343,5.10925,3.4402,4.70747,3.09457,4.7777,5.02345,4.45285,2.59544
2.65552,2.88107,3.9693,3.41983,4.87227,4.75058,4.64053,4.39592,4.33277,3.35586
0.714698,5.24898,4.15949,4.59399,3.24181,3.79109,4.38654,4.60641,4.97643,4.74738
4.08219,3.84793,3.11537,4.0409,4.38385,3.73314,2.55635,5.03687,3.82652,3.96324
4.38755,6.6742,4.61312,5.03249,3.1571,3.89232,6.00775,3.89287,2.56606,4.43656
5.93378,4.03692,2.71465,4.15206,5.2234,4.30332,3.7358,4.71084,4.63775,4.96649
5.33615,5.12065,3.45008,3.39019,3.64242,4.0144,3.46206,2.92772,4.07059,5.97177
4.62949,5.15385,3.62325,3.31378,2.64306,4.15593,5.33055,3.48201,4.9341,3.87428
3.61998,4.14754,4.50797,3.38963,4.05526,4.13755,3.43022,2.48231,5.14672,4.61781
4.45948,3.88338,4.0161,3.79548,2.73042,2.17003,3.57963,2.27362,4.27526,4.47994
4.26469,3.80279,2.57032,2.15873,3.96943,4.91239,3.91696,6.0196,3.53773,3.61732
6.56224,3.35235,3.64638,5.61974,2.06724,3.97934,3.76447,5.01119,5.86144,5.1906
5.54243,4.20978,2.88239,3.47658,3.81906,4.06949,4.68286,3.60356,4.35688,1.79973
2.84775,3.32173,4.75324,5.83444,3.19242,3.06064,5.07119,4.16335,4.24761,3.89463
3.10605,4.10907,4.89126,4.17066,2.36621,2.7886,2.72952,3.65949,2.41707,4.1686
3.13769,4.10929,4.49727,5.84447,4.15953,3.20647,4.15217,3.0784,3.49947,4.81022
4.14616,4.24495,4.65478,5.36653,2.45715,2.98592,4.06392,4.015,4.68914,4.25928
4.81783,4.90484,3.51055,3.09115,4.30342,4.19484,4.97259,2.92906,4.97133,4.71473
4.52627,4.13375,4.50747,5.60497,5.09032,3.40792,4.97051,3.30126,4.69142,2.20747
5.75664,5.32374,3.15606,5.32183,2.98082,5.16137,3.76961,4.21333,4.42941,4.83152
3.1979,4.04018,4.71677,5.46172,3.59716,3.28982,3.27674,2.55434,4.55634,2.81653
4.53919,3.97254,3.2409,3.35517,3.67315,4.22311,4.44192,5.11729,2.73731,4.02286
4.5065,3.42953,4.22001,5.0796,4.6218,3.75896,4.78824,4.29437,4.33717,2.91809
3.71293,6.11583,2.97721,3.59693,3.00085,4.73023,2.0822,3.33511,4.02635,2.78828
3.72116,5.08526,4.71975,2.46332,3.27407,3.93005,4.64804,5.03188,4.18152,2.21593
4.51277,2.39519,1.41013,2.2981,4.51784,3.70875,2.42317,3.63842,3.23376,4.80356
4.28387,3.44837,6.4715,4.15726,2.79557,3.42748,2.38595,3.07044,6.05768,4.70527
4.6205,3.15654,4.64307,4.46188,2.81256,5.34731,3.60475,3.25951,3.42398,4.99757
4.63023,4.74693,4.63182,3.94295,2.69375,2.86714,2.24455,5.31141,3.58202,5.07476
2.80081,3.08402,5.54542,4.03817,5.27549,2.37922,4.53751,2.96224,4.5508,4.29654
5.07176,4.10015,4.23599,6.1094,6.15984,4.26918,2.82964,4.6257,4.44097,4.21041
2.95371,4.66067,6.31797,3.53122,4.02016,4.51169,4.46918,5.2814,2.32425,4.72419
3.80622,2.9669,3.85527,4.29321,3.69297,2.63782,3.24118,4.89772,5.60026,4.12273
3.42254,4.4121,4.32268,2.8033,2.66967,4.01382,2.17705,4.61969,5.78784,6.88606
4.76301,3.28409,4.22857,2.56372,2.88188,3.98873,4.50902,2.56291,4.36267,4.39266
3.89114,3.69098,4.0515,3.99346,3.69236,3.41173,4.1872,4.8961,4.40917,4.27478
6.01978,4.48316,4.37441,2.17261,3.03241,5.06425,4.43399,3.81413,3.92654,4.98235
3.00778,3.71579,3.20317,4.29121,2.99471,3.41004,4.23894,3.68883,3.71462,5.70026
4.29998,1.98514,3.40987,4.35859,2.9381,2.75593,4.27702,4.35828,4.63635,3.34427
3.13079,2.57073,4.00037,2.25697,4.19456,2.18165,3.84426,3.34001,4.32349,3.42539
3.46261,6.03948,3.64087,3.88513,4.22894,2.0105,4.73154,4.36473,5.35549,3.22293
4.17279,6.17871,3.41794,5.76845,5.89547,2.90937,3.18734,4.80869,2.88222,2.26754
5.72715,4.27519,1.78946,4.00933,2.49111,4.70289,3.19267,4.97492,2.64543,4.07429
4.33443,5.3651,6.0839,3.55981,4.93759,3.81403,4.95457,4.96729,2.60006,3.67128
2.99196,4.20956,3.05477,2.81554,4.06673,4.06223,4.50661,3.07458,3.81067,4.08106
3.09192,4.29186,3.66156,2.76816,4.60788,4.54736,4.35486,2.30821,2.98129,4.19938
4.71883,3.64328,3.00295,3.02544,4.26006,4.31194,5.91759,3.79067,4.37539,5.12563
3.74424,2.68073,5.17367,3.20886,3.61364,3.37077,4.1585,5.37571,5.00447,3.00348
3.13357,3.99925,4.57753,3.91532,5.27359,3.01268,4.70004,4.0196,3.41683,5.16783
2.67907,3.75818,2.97526,4.4619,3.22181,5.41031,3.44584,3.70803,5.64328,3.48468
4.84595,2.85744,3.3917,3.24207,5.04795,2.43999,4.57901,4.07189,4.57757,3.2925
3.76053,3.74568,2.55753,3.7891,2.99356,4.8789,5.4997,4.87458,4.94422,4.56944
4.47851,3.12689,5.86457,3.63665,3.93992,3.19511,5.11804,2.74913,3.75849,4.29061
3.38183,4.2173,3.76243,3.39665,3.52738,3.04624,3.87286,2.15443,3.88337,3.26477
4.1284,3.63814,2.03749,3.64221,3.73887,4.10542,4.76044,5.27926,3.8732,5.13999
2.57197,4.24731,4.3102,4.48789,4.1581,3.58532,4.4757,5.36088,3.28995,4.31649
2.69172,5.71914,4.15077,3.31939,3.92495,5.03215,2.48987,4.23027,3.99045,5.73456
2.84458,3.73451,2.75075,4.54986,4.41945,4.32679,3.82823,5.6997,3.48831,4.677
2.74792,3.94134,2.80561,3.77458,4.54196,3.64118,4.93773,2.16333,3.99384,4.26528
5.15693,4.61761,5.82115,4.77017,3.84258,2.82524,4.01885,5.17232,3.7291,3.18641
2.35175,3.40593,4.10563,4.09277,2.79267,1.99092,2.60408,3.78962,4.36979,5.00689
3.47695,2.22665,3.9943,4.99464,3.09353,4.50437,4.90519,3.88642,5.34558,4.17337
4.89202,1.923,2.48337,3.41235,3.97625,6.17174,3.76881,3.88793,4.26818,4.22699
4.6228,2.36497,4.4688,3.59835,5.97669,5.74628,3.15522,4.68891,2.98655,5.6303
3.77585,3.16384,3.38243,2.75909,4.776,4.16936,4.92389,1.85865,4.66274,2.85929
3.70151,4.75212,4.8181,5.29485,5.31158,4.32821,3.31759,4.49224,4.82361,4.41296
4.0246,2.92343,4.95241,5.16319,3.58327,5.67728,5.05018,5.84117,4.21933,3.13907
3.65906,2.87593,5.17895,5.28947,3.84008,4.85667,4.52453,4.11189,3.83254,3.91669
3.65006,3.74818,2.80631,4.32775,5.35955,3.92506,4.09723,2.84364,3.3973,6.19198
5.28876,5.10592,5.23909,4.32032,4.56534,5.46301,5.56362,3.66163,5.22091,3.53843
6.04342,2.80681,2.64916,2.29978,3.93194,3.14055,3.24301,5.2303,4.18729,3.73922
2.10283,3.95932,2.76177,6.58253,3.49049,5.1582,5.13443,2.11837,5.77728,4.21044
1.79463,3.40407,3.4063,3.16028,4.61769,3.24726,3.1933,3.60685,4.0725,4.95439
5.11716,2.89469,3.92881,3.52535,2.83456,4.71793,3.74163,5.97208,3.31936,4.8018
4.03092,3.36161,4.20882,3.89084,3.9458,5.23813,4.42341,3.20433,2.64625,5.72879
4.34603,4.74994,2.84731,3.19777,3.45126,2.0193,3.50548,4.47047,4.46386,4.79658
5.86836,5.52024,4.0282,5.79848,4.80362,4.03804,3.79335,4.84907,3.60967,3.5996
2.66784,3.80155,3.03093,4.63679,4.95063,3.60634,3.54205,5.17193,3.34173,4.18282
2.61074,6.03324,2.91846,5.61526,3.44859,4.89857,3.57466,4.58727,4.8472,4.17708
3.6308,3.55323,5.17172,5.17128,4.18572,3.38115,4.56651,4.00225,4.59991,4.84196
3.62546,5.11426,3.72867,5.18496,2.11042,4.54818,3.75782,3.02954,4.95589,3.45159
4.63534,3.75095,4.07561,4.57593,2.62537,4.28093,3.32924,2.68825,4.81892,3.29568
3.62903,3.55116,4.03459,3.35824,2.63558,3.25534,1.9191,3.1475,4.56243,4.70424
5.08252,4.4602,3.77763,4.28022,3.1984,3.69915,5.80643,6.71131,2.69802,3.81894
3.39216,3.03401,5.23852,3.18392,4.56705,3.99039,3.2755,2.36807,3.83342,2.35223
4.44678,4.61971,3.80571,2.88008,4.56295,4.24884,3.46906,2.79394,4.64335,3.88801
5.62966,5.16189,4.23397,3.50291,4.49783,2.28583,3.6462,3.39961,4.15208,3.76245
1.39299,3.52677,4.49741,2.82532,2.95157,4.31451,3.68231,3.27475,3.63612,5.18046
2.68109,3.38347,3.55753,3.14593,4.40936,5.30832,4.78808,4.02283,4.08091,2.91958
4.40015,5.07081,3.82943,3.13933,4.12463,4.45314,5.21141,3.02067,4.41836,4.13901
4.17178,5.02447,4.014,3.94423,3.56872,3.14445,3.74939,4.99013,5.44164,3.19445
2.96056,3.72763,4.30537,2.62552,3.24056,2.13235,3.74944,4.63354,4.7243,2.97651
2.27091,4.62177,4.93636,3.38788,4.50347,2.7111,3.57416,5.41358,5.01442,3.55718
5.11983,3.42034,4.07692,4.01806,3.70143,6.10895,5.13042,2.72923,2.30465,3.60349
5.218,3.40026,5.52068,4.98887,3.79136,6.78442,4.32465,2.40276,3.35988,3.44368
3.96425,3.37265,4.89334,5.42916,5.64053,3.11283,6.41618,3.87259,3.04395,5.24141
4.02447,4.50767,3.21288,2.25993,4.80332,4.42614,2.99803,3.68323,3.86467,3.74686
2.62932,3.56671,3.14591,5.21,6.50035,5.04477,5.69622,4.17839,5.60437,3.35791
4.99969,4.01364,4.16017,4.60742,2.54631,3.2564,3.4173,3.64827,5.47749,3.26063
4.3096,5.47775,3.88099,4.98963,3.38885,2.24828,3.00057,3.15906,3.9215,4.24894
4.39915,2.86339,2.98743,3.11273,2.71849,3.34038,4.31198,4.18161,2.46209,3.31266
4.74377,2.72721,3.26123,3.68125,3.32826,4.21074,4.39488,5.75246,4.51868,4.1523
3.35508,3.89687,2.86835,3.70375,3.79178,4.22991,3.61775,3.22367,1.7344,6.09598
3.8946,3.30563,3.93279,6.41549,3.34776,4.36999,4.93537,5.42739,3.92817,2.54374
3.88381,3.05103,2.41297,5.17317,2.96002,4.498,5.56432,3.72028,3.30762,4.74736
3.93924,3.18495,3.74793,4.02021,2.18981,2.8849,5.75193,4.22624,4.10883,3.75986
4.42171,4.56997,3.05085,3.23557,4.01714,4.80547,3.03101,3.63935,3.99227,3.01198
3.65417,3.72139,3.81356,2.54106,4.95626,4.37623,4.67573,4.20209,4.25291,6.7859
1.7621,3.22516,5.04924,3.14575,2.95064,4.39187,5.27907,4.04985,3.18195,5.39345
2.87971,4.15514,2.80816,5.47295,3.68589,3.83799,3.57935,2.78742,3.85136,3.78469
3.77059,3.31598,3.37694,2.64784,3.84696,5.61073,4.27794,3.37188,4.76591,2.91635
5.20807,3.07932,3.67239,5.74255,5.04427,4.11469,1.75956,6.81599,3.48129,3.71997
5.42747,2.98645,3.4591,5.07846,3.78973,3.7189,2.51179,4.93815,3.28361,3.97908
2.88884,2.29685,3.94683,5.29652,4.86846,3.44156,5.42459,3.85315,3.76009,4.4088
4.15564,2.01355,2.63149,3.20574,5.20726,2.41425,2.82625,2.63601,3.95654,3.52369
4.63163,3.29135,3.03182,5.13995,5.11049,1.57779,4.04632,4.30784,3.57571,3.87392
2.93969,5.15526,2.56804,3.78181,5.79223,2.65875,5.08019,5.66986,3.39816,6.20143
3.96392,3.94086,4.16014,4.21152,5.61657,3.99314,2.76753,6.30668,5.56482,5.7401
5.93793,3.9952,4.07997,4.78686,3.60299,2.95729,4.33087,3.67862,2.66265,3.646
4.07277,4.32007,3.86924,4.39181,3.81552,4.21444,3.76284,4.84764,4.47163,4.57556
5.59854,2.94177,5.0766,3.4152,2.8425,3.82299,2.37233,4.38825,2.41063,4.79218
3.7177,3.47436,3.13984,4.63881,4.3735,2.57814,4.80147,3.02302,4.50397,5.31962
5.12956,3.65919,3.61327,3.74631,4.39329,3.52672,4.2191,2.95731,3.75219,3.46317
3.8908,5.21538,4.32225,3.97956,3.27355,4.6103,3.79158,3.76465,3.78744,4.24093
3.93215,3.00883,4.59531,2.41628,3.43772,3.51447,6.47222,2.33084,4.81534,3.87403
4.2578,3.53532,5.80409,3.96858,3.58223,4.5458,5.43235,4.32189,3.58724,5.39236
3.20259,4.7445,3.26996,3.53565,3.1039,3.08324,5.03437,5.65889,4.57329,3.19667
4.07415,4.24147,3.77916,3.06476,3.68563,4.14429,5.90129,3.98556,3.28446,5.92092
2.41186,2.90448,4.40117,4.14718,4.95286,3.15511,3.4874,4.75534,2.25858,3.19224
4.42189,4.28514,4.28731,4.48818,6.42628,3.62898,3.25089,4.8805,4.50795,3.59268
4.48925,4.65779,4.46146,3.76717,1.75987,6.22433,3.37102,5.27689,4.11117,2.93052
2.54731,3.29458,3.2968,2.63525,4.0161,5.14401,4.98563,2.58326,3.19893,2.76104
3.86314,5.83891,2.81598,4.90861,4.1729,2.67701,5.23945,3.48357,6.12642,5.8365
4.8043,3.64355,4.05248,3.44212,0.845923,2.14681,4.13195,5.16066,3.77521,3.70847
4.15229,4.88848,2.78941,4.09741,3.53406,3.06912,5.56798,4.33428,4.75831,3.44406
2.91932,3.13995,3.66544,2.43456,3.17605,4.55247,3.34974,3.55881,3.24169,3.39123
3.53423,3.35351,1.91867,2.96893,2.61773,1.94177,2.75578,3.99045,5.83141,5.21391
4.69909,4.73541,4.9625,4.2268,4.04729,5.37424,4.14695,3.68632,4.89985,3.93018
4.44239,4.06265,4.70784,4.33549,3.83795,2.29975,3.98992,3.3131,2.97022,4.18285
4.33852,3.71894,4.37944,4.71294,3.58445,4.29917,4.83956,4.31335,3.20171,4.69443
3.65719,2.78881,4.40748,4.04301,4.47076,6.08965,3.44573,5.73311,3.99853,4.58349
5.98507,4.5436,3.47832,4.80853,3.86763,1.85358,2.87873,3.11704,3.19738,6.39297
4.2885,3.37326,3.46084,4.13568,4.04661,3.43993,3.73994,3.82782,4.59428,3.93649
4.35696,5.25514,3.48979,4.40393,5.01969,5.97225,3.17326,4.47425,2.65511,3.77408
3.82271,4.86668,4.32649,3.30797,1.4772,3.85724,4.00863,5.89875,4.65716,6.04945
4.03542,1.36711,2.86761,3.12748,4.4066,2.86927,2.38057,3.26478,2.98477,2.62713
4.5062,4.69607,4.64627,2.87103,4.63964,4.001,3.48808,3.64295,3.98181,2.82162
4.64173,4.77477,2.23691,5.43543,3.64593,4.27438,3.25305,5.12923,4.15797,3.46751
5.80106,3.46361,4.50825,2.70426,3.62182,3.8249,1.1469,3.35911,4.50954,4.41587
3.61443,6.66613,3.69777,3.76141,4.50235,3.99417,5.25257,1.68123,3.51901,4.50796
4.43587,5.13184,4.39266,3.99957,4.33146,2.17231,4.38964,2.301,3.22481,4.54982
2.89407,3.19319,2.51943,3.40843,3.37331,4.15819,3.81952,3.72179,4.76782,4.52741
4.66866,1.97463,3.9745,4.58855,3.98221,4.01836,1.74914,4.85384,4.00089,3.0929
4.44888,3.91203,1.99129,2.65993,4.08126,3.51728,4.16052,4.27995,4.16063,4.39405
4.12586,5.71358,4.5617,3.02986,3.74383,5.72831,6.51555,3.01344,5.07045,6.50657
3.11833,2.9194,2.55611,1.82914,3.60796,2.31229,4.7265,5.23472,3.62224,4.49705
3.83118,4.00389,5.29316,4.21532,4.1263,3.34063,3.97307,3.83605,3.88233,3.90632
3.18252,4.86187,4.54355,4.03129,3.09029,4.59331,4.79674,5.84154,3.7049,5.18862
4.97299,4.29139,6.03643,2.9372,4.53854,3.58578,5.11653,2.76206,3.94329,5.00345
3.0642,2.64812,4.32521,4.06983,2.6556,3.6852,6.935,4.13754,4.66064,4.32012
5.11484,2.61433,3.84822,4.8739,3.36239,3.97036,3.26255,4.17432,4.18043,2.90633
3.21517,1.70477,5.31675,4.15639,2.20723,3.18327,3.76409,5.24431,2.85256,3.77478
2.48981,4.67802,3.13172,4.60546,3.09088,4.00408,5.73068,3.85154,4.1872,4.10951
4.84132,4.94647,2.81356,4.16878,3.72025,4.3531,5.56947,3.72598,3.76319,3.576
3.84093,3.62622,4.57856,2.72591,4.51719,3.0908,3.63808,4.89248,2.95779,3.09119
3.71333,2.60402,3.63383,3.71952,3.73812,5.12422,3.80416,3.03537,5.89088,3.64765
2.68934,4.48899,3.09268,3.75862,4.0162,5.03539,3.00564,6.58664,3.80797,4.13854
5.98623,3.34277,4.51577,3.81863,5.28062,2.6656,3.16667,2.5255,4.39496,2.58622
3.86735,2.51993,4.37478,3.75337,3.51011,5.23193,2.95234,3.77417,2.7861,4.22116
2.16412,4.99686,4.328,4.51866,4.76615,3.70754,4.9647,4.63395,4.21689,5.1931
2.38768,3.85924,3.10462,4.64355,3.15523,4.23387,4.74683,5.22361,4.06779,3.73654
4.36732,3.41506,4.34634,3.96927,4.20919,2.65768,2.96204,4.01921,5.23964,4.42109
4.1095,5.18447,3.96867,5.07148,3.83292,3.04566,4.37297,3.84973,4.43795,3.72605
3.48203,4.07022,3.74826,4.32554,6.07338,1.98295,4.62406,5.63886,3.38432,2.26652
5.35521,3.08401,4.09131,2.24681,3.8254,3.68847,3.25136,5.45467,5.28514,4.74295
2.56839,3.86771,2.08266,3.26358,5.57714,2.90462,4.25399,4.55156,3.14297,1.99229
2.91188,4.65288,3.92725,2.35234,3.49275,4.82563,4.27867,3.6918,5.51238,5.20374
4.05316,3.42202,4.38264,3.95075,2.96276,3.1134,4.0995,3.44781,3.2073,4.58664
3.65842,4.26944,4.65349,2.59129,2.84272,3.65402,4.37712,4.60891,5.6676,3.14484
2.33436,4.49094,3.94757,4.95661,5.1111,4.83794,3.27344,3.742,5.53078,4.62574
5.47751,4.15298,4.45478,4.19183,2.82211,4.6782,3.29982,3.85739,4.2469,2.57125
5.1128,3.90602,3.49815,4.02775,4.00823,1.41561,3.85253,4.07176,4.21139,3.07365
4.90394,4.04471,4.73053,3.26023,4.76392,3.14333,4.54097,2.56382,3.43564,2.80724
3.35264,2.62017,3.73966,3.41079,3.82501,3.7889,2.8173,6.49505,3.63791,4.96921
4.03435,2.26393,5.003,3.12457,5.0734,3.60449,5.19241,3.48382,3.58483,4.0527
5.22302,3.99768,2.75412,4.26748,4.7445,3.94271,3.72715,5.05732,3.35066,3.21953
3.7055,5.57415,5.91845,5.96591,2.1224,2.05139,4.18002,2.49229,2.91604,4.87958
3.4031,4.23287,3.79713,4.40393,4.62446,4.60785,3.43849,0.426578,2.23668,4.32003
4.39032,4.37181,3.37269,4.90882,3.32732,5.12344,4.06161,3.44263,4.11376,4.5839
5.98085,4.90156,3.46466,1.88968,5.31664,3.2291,4.28026,3.42557,4.06981,4.56843
3.79649,4.01457,4.20359,4.38094,4.39729,2.57521,2.7764,4.22687,4.00458,5.13874
4.26204,2.44522,5.08279,3.8517,3.81529,3.23449,3.03142,3.15945,4.41124,4.09343
3.05592,3.88697,4.78411,3.17508,5.94541,2.22397,4.50011,3.06103,3.37602,2.68435
4.55831,4.31012,2.95325,3.54091,3.86838,3.8724,5.70061,4.19133,2.94727,4.27668
4.20117,5.27373,4.43937,1.49828,6.63976,2.56682,2.9519,5.2365,4.49232,3.23392
4.2916,2.977,4.45825,5.68174,3.48717,5.06345,4.25371,3.25746,3.26067,3.58087
3.90812,3.15246,2.09739,2.35547,3.87413,4.64703,3.9067,6.21354,4.25312,4.26648
4.00419,4.11326,4.34139,4.04172,4.26575,3.34652,3.57382,3.99327,3.78074,4.3473
6.03736,2.73379,4.58591,3.62141,2.15448,5.83887,5.63518,6.15808,3.93057,4.93693
2.86523,3.82309,2.86532,3.39523,1.63884,2.64833,4.13116,4.38884,2.09313,4.639
2.66953,4.83948,1.88167,4.48109,3.01782,4.17349,3.98219,3.30686,4.6602,4.9149
2.28168,6.29567,3.33284,3.80867,3.46032,4.52755,5.69557,6.04532,3.61816,2.879
3.87358,1.91507,4.14661,3.22223,3.3616,3.61202,4.74744,5.26226,4.56726,4.94352
2.82572,4.64418,2.66471,2.53026,3.72427,3.79057,3.03216,4.54644,3.8173,4.21736
4.15511,4.85885,3.87849,4.42167,4.49301,4.01864,4.18511,4.91921,4.12501,3.91767
2.83269,4.36432,2.55717,5.14778,3.88943,3.09098,5.18792,5.45255,3.8579,4.17615
3.83481,3.67779,4.27579,2.83121,1.68354,3.5227,3.41218,5.00265,4.80805,4.22063
4.45624,3.37432,4.38661,2.91701,3.11679,2.99471,5.07335,3.35132,5.83092,3.85755
5.51065,3.37178,3.93086,4.12068,4.10842,4.63139,3.05789,3.87596,4.19764,3.5713
5.46006,5.11325,3.57793,2.95069,5.31398,4.2878,4.45012,2.0692,4.8968,4.17298
3.68177,5.50232,4.17778,4.82468,4.98738,3.78736,5.80478,4.27685,4.5206,5.07292
3.73896,6.37166,3.41869,3.75185,6.08349,2.92653,3.27328,3.7612,3.2328,5.39831
5.91981,5.5995,5.12645,3.37941,4.1088,3.8807,4.58769,4.2662,4.58809,3.25476
4.3062,4.89556,4.26349,3.85473,3.78618,5.15586,3.91083,3.62274,5.32408,2.38025
3.90977,3.82705,4.29341,4.40843,3.66247,3.60763,4.25676,4.16774,4.51437,3.66385
2.00136,4.33213,5.05394,3.87799,3.80225,5.77786,4.12176,2.98243,4.07837,4.56392
6.43005,5.09315,4.16004,5.88749,4.47116,5.03783,4.44988,2.49625,4.61983,4.415
4.27952,2.99841,2.67761,2.77418,1.15884,4.15227,4.63697,3.26896,2.29885,1.80746
3.80255,3.7429,3.54674,3.61696,2.50337,5.20803,4.76202,4.41368,4.58752,3.65339
4.52656,4.05714,3.8279,1.35373,6.22492,3.50712,4.22334,3.6281,3.04185,3.68617
4.67272,4.77117,2.57083,2.25718,3.38362,3.19535,5.3103,2.15326,4.0366,4.99387
2.63987,5.44341,3.26292,5.16879,4.33576,4.49915,4.60757,4.3959,3.3493,3.54086
2.92467,3.90708,3.99464,4.5964,2.52245,3.13401,4.29981,4.45623,3.07428,4.15539
2.7154,3.97455,4.05623,5.52064,2.61823,4.60819,4.03691,4.1306,5.94594,3.48412
5.13198,2.89441,5.40666,4.07718,4.53661,4.53141,5.02792,4.35718,4.19272,2.36412
3.76193,3.74038,4.73,3.57276,4.04476,3.25529,3.61515,2.84589,3.15345,2.70452
4.73979,4.22476,5.68095,3.50923,5.37031,3.78966,4.37388,2.62731,3.88568,5.32403
5.72668,3.29673,5.14796,3.47678,6.18564,2.91231,4.65463,3.61574,4.36557,4.89371
4.31994,3.43191,1.96944,3.11752,3.36471,5.20369,3.68721,4.0171,3.98172,5.04101
3.62463,4.72355,4.99125,3.7492,4.47087,2.29798,3.79652,5.47191,3.3034,5.35905
4.07516,4.8428,5.14115,4.64325,2.23924,3.68196,4.49221,3.57405,4.53578,4.96463
4.6215,4.81035,4.50374,5.28155,5.35745,3.89759,1.45915,3.16898,3.79684,5.08032
2.93913,6.1803,5.07445,2.84287,2.93889,4.38671,3.83971,5.19071,4.97965,3.55052
3.77017,5.02752,3.0984,2.10036,3.39428,3.92438,3.84822,4.94698,2.60254,4.13186
6.95416,3.47487,5.28483,4.01581,5.06782,5.40328,2.99183,3.76018,4.14297,3.77767
5.20068,3.55876,2.90811,3.93686,4.67985,2.07874,2.38187,3.8496,3.32318,4.9605
4.44163,3.73139,5.33181,5.57472,3.61475,4.00296,2.3297,4.32765,4.65282,4.36973
2.39994,2.2979,6.87549,5.20781,3.26834,2.86047,4.25385,6.01433,3.58509,1.58141
4.47508,4.90417,5.08682,2.65135,3.99446,3.89921,4.16172,5.2628,2.88171,2.32138
4.75843,4.75364,4.00719,5.50877,5.76794,5.4649,3.39895,4.71445,4.473,3.89812
2.48502,4.81542,3.82374,6.33927,2.85433,3.17447,3.1388,4.91509,3.06258,3.77732
1.86356,4.52777,5.11352,4.51581,2.36391,4.40847,6.24571,4.4855,2.61626,3.9449
4.51142,4.57849,3.17533,3.32871,4.79074,3.92249,3.50619,3.882,3.94507,3.10794
2.42596,3.421,4.40414,5.4466,4.05094,3.68626,5.12641,2.98858,4.23733,3.31285
3.78641,3.36514,3.77586,4.92674,3.82147,5.92865,4.03088,2.92079,2.27124,3.95226
2.10501,1.21944,2.87863,3.49438,4.46545,4.01039,5.77551,2.8701,3.9243,5.64503
4.76141,4.59885,5.66826,4.75394,3.72729,2.12702,1.44743,3.45733,3.42342,3.95558
4.91911,2.50953,3.58687,3.92991,3.54358,3.21242,3.71698,3.61144,4.31931,4.03186
4.75667,3.88827,3.3559,4.58104,3.95414,5.37293,3.65435,3.8202,4.10241,5.15219
4.71843,2.88509,3.43114,4.85996,3.9478,4.48626,2.98113,4.86562,4.15082,3.29802
3.80308,4.1582,4.54593,3.63308,3.48487,3.40279,2.8803,2.84319,2.99473,3.0477
2.33123,5.59559,5.47032,3.3631,3.11511,3.71858,4.2564,3.27025,2.15777,3.73352
4.71699,4.89675,5.97346,3.43249,5.29248,4.94579,2.75366,3.09154,4.66855,4.68417
4.53098,4.19001,2.79903,3.54475,4.0625,2.53663,3.22303,4.42791,2.14185,3.68619
2.89568,4.43317,4.15714,3.0219,3.47649,4.32839,4.78822,4.24558,4.47631,2.48554
4.0835,4.69235,4.68379,2.723,3.85854,3.87986,4.79508,2.77322,4.73262,4.81947
2.23355,4.63759,3.61907,4.82667,3.74783,5.51071,6.29563,4.64206,4.87841,2.77116
4.55675,4.56623,3.61992,5.46612,3.14055,2.91945,3.26922,3.71906,4.4182,4.02368
2.69716,3.2194,5.40393,4.00402,4.75063,3.08178,2.71626,3.84028,2.34168,2.53858
5.68586,5.5153,4.3679,3.19263,3.60177,5.2024,3.52038,3.48783,4.44941,2.31184
4.28152,5.43435,2.93845,4.03634,3.77481,3.65261,5.21355,4.03586,3.83143,3.6449
4.35976,4.47511,3.13987,4.70305,5.33862,3.3639,4.83428,5.13666,4.72918,4.52164
3.07414,5.754,5.41608,5.0725,5.41741,5.32366,5.61833,4.64863,4.13803,3.82897
2.50418,3.61559,3.69876,3.27182,4.56762,4.34293,4.03,4.0781,4.66839,5.20864
2.75086,5.66267,2.9931,4.44486,3.35557,0.63261,3.65004,3.57493,5.40265,4.73926
3.12843,4.93814,4.60606,5.17417,2.80796,2.39109,5.07666,5.166,3.28013,3.65671
3.6289,3.97484,2.79588,4.03064,3.2364,3.06759,4.46745,3.83412,4.48916,4.40954
2.82425,3.98226,5.10382,2.91805,3.79407,4.1898,3.63667,5.18504,3.5294,5.1493
3.48575,3.50746,2.54445,4.40435,4.2566,4.2727,3.81826,3.98559,3.53728,4.01507
4.07538,3.88322,4.47293,3.39866,3.48822,4.92685,4.65094,4.54045,2.86035,4.88204
2.74821,3.58653,4.97036,5.29391,2.37631,3.12824,4.26777,3.25931,2.34602,5.24746
4.31531,3.4798,3.28361,3.46142,5.68709,4.75875,4.42377,5.78597,3.53113,3.46285
4.31573,5.24924,4.03168,3.03288,2.01591,3.10387,4.76491,4.16128,3.01687,5.35662
4.08831,2.80343,1.79459,3.80594,4.89629,4.9997,5.16545,3.72775,3.5486,3.75703
4.34993,2.83187,4.32585,5.11636,4.85256,4.68265,4.63841,3.8716,3.69853,4.91191
5.48968,1.86148,3.06494,4.19367,2.59914,3.04384,3.80684,2.97201,4.72863,3.91315
2.49802,4.35378,1.69205,2.8564,4.16004,3.93202,2.98769,4.92458,4.25646,3.15375
3.47069,3.89294,5.05222,3.94749,3.7494,2.40796,4.07468,3.3404,4.93482,4.37867
4.83954,4.72041,3.10912,3.62299,3.03097,3.86807,4.40962,3.89119,2.99319,3.07854
4.86161,4.11679,2.89389,4.60035,4.38878,3.45509,3.98092,1.12216,4.54739,4.01748
4.99951,1.39644,3.92511,3.88014,2.32158,2.14838,2.74032,4.26826,3.71236,3.20106
4.02739,3.32852,3.972,2.66076,3.68564,3.37217,5.34131,2.25716,4.27957,3.50355
4.33406,5.91845,5.04488,3.29739,4.60956,3.15316,4.74187,5.01461,4.29482,6.34567
5.05037,3.82335,5.7908,5.63162,6.05994,4.50782,4.31386,3.36004,4.10619,4.62583
4.33504,6.06818,3.87069,4.78611,5.23995,2.83827,4.97223,3.81009,5.13201,3.93742
3.32304,3.91674,4.58249,4.28449,3.31902,2.61218,5.56998,3.65896,4.55706,4.40395
5.37839,4.13151,5.31795,4.39858,4.18815,3.81277,4.00391,4.70595,3.58449,3.39134
4.16512,4.41419,4.4706,4.74219,3.45555,4.90571,5.01212,4.71371,5.44973,5.41071
4.98626,3.16997,4.20489,3.29647,3.21556,4.5546,4.40262,4.1606,3.16433,4.05976
5.31087,3.10545,6.94834,6.61993,4.77416,4.22909,3.65216,3.87286,4.22544,2.40858
5.85506,4.96324,4.50619,4.00901,4.30806,3.62532,4.82082,4.85258,4.03493,4.60399
4.01695,4.34249,3.35842,2.19989,3.16096,4.16665,3.13958,5.2764,5.02176,2.45264
4.6622,3.21204,2.54888,4.60823,4.65513,6.04055,0.944525,3.55537,4.58316,6.24277
6.49172,3.08503,2.68406,4.23235,2.45868,5.55698,5.11341,3.0792,3.27132,2.68776
4.0824,4.07393,4.3215,3.70155,5.32912,4.9798,3.48121,2.94488,5.69238,4.24453
4.73085,4.14113,3.68173,3.08475,5.26816,3.12865,4.74341,4.41614,5.89468,4.27846
3.49134,4.33612,2.9361,3.28834,3.14127,2.97722,4.17268,4.32809,3.28861,4.04565
2.92526,4.66104,5.12591,2.21873,3.40669,2.44189,2.00023,2.75036,4.78631,4.54179
4.63957,3.80335,5.35446,3.37037,2.69907,4.70049,2.81099,6.53495,3.13132,3.44791
3.47589,4.1122,3.0186,4.72214,2.91129,5.70095,4.61082,4.91238,3.88134,3.50044
3.93811,4.86927,4.64863,5.32654,3.48259,3.55471,4.94185,5.54943,3.83487,5.73543
1.35865,3.47219,3.246,3.89852,4.25322,2.93135,5.38317,4.71755,3.54183,3.61993
3.45201,3.24272,4.12971,4.41184,4.29229,3.10903,3.15106,2.53929,3.40166,5.64837
5.01871,3.16128,3.35501,2.08404,3.60386,4.75912,3.61076,2.45446,3.80827,4.57137
4.98732,2.87515,5.27632,3.48025,4.74097,4.04104,2.94862,4.119,5.62554,5.91333
3.3662,4.17209,3.79442,3.56848,3.68844,3.2982,4.15795,3.5766,3.14943,3.15127
3.30545,3.78116,6.35511,2.33382,4.05966,4.04217,3.90399,3.56368,4.82021,2.89655
4.75045,3.43984,4.91509,2.98778,2.52811,4.35853,4.02102,4.60417,3.73766,2.09805
2.97451,3.89535,5.34512,4.52638,3.64905,3.60271,5.14176,3.44825,4.19929,5.95001
4.89729,3.04769,3.42934,3.20342,2.0904,3.3765,4.11851,2.2056,5.15342,5.62427
2.609,2.42303,3.61588,3.09031,3.67389,3.53726,4.19255,4.18145,5.43301,3.49529
3.61289,4.43354,4.93583,3.58006,3.921,4.1439,3.10021,2.84754,2.98617,7.62411
4.16769,1.57557,4.13429,4.21543,3.34662,2.63481,2.91924,3.99647,4.47258,4.55473
4.58469,5.31351,5.32194,4.98829,4.80366,4.30167,3.64692,4.42016,2.50002,2.29429
3.69213,3.14843,4.66954,5.15696,3.94414,2.74596,3.39875,4.43597,3.977,2.76615
2.36424,3.57802,4.66785,4.05535,3.06052,4.96645,5.36479,3.48884,3.64428,3.9741
2.7103,4.84053,1.95833,1.94391,3.11102,2.51569,5.23071,5.08497,3.86536,4.05715
3.91599,5.6125,2.32183,3.39657,4.25135,4.00054,6.33453,3.4441,4.80838,3.5748
4.37431,5.97227,4.55011,3.27201,3.49402,6.78056,4.49591,3.05763,5.4664,6.75327
3.51103,5.05196,4.51835,4.00985,4.87143,3.98167,3.29821,5.33624,4.886,3.84503
5.5503,3.63534,4.53135,3.91895,4.8716,4.59277,4.49844,3.15892,4.76044,4.73461
3.72317,3.73515,3.20984,1.68906,5.538,2.68884,2.97654,4.58288,4.26035,4.34382
7.51485,3.2815,2.89576,4.94855,3.60527,4.0603,4.42727,4.65606,2.23817,3.67235
2.00211,3.4296,4.77882,5.87001,3.8437,4.56518,4.25156,4.42712,3.24366,2.68228
5.69027,3.35736,5.12375,7.42935,2.90417,3.70744,3.78237,4.06694,2.81706,5.64857
4.26624,4.24896,6.28415,4.75275,4.55686,3.35462,4.3581,6.14314,3.43361,3.00067
4.40434,3.4435,4.74537,4.41261,4.41167,4.26432,4.30085,4.08823,3.52611,4.52076
3.63291,3.33307,4.69111,3.68884,4.94839,4.85503,2.09738,4.8699,3.59754,4.41918
3.78428,3.98478,4.28458,3.10525,3.42142,4.43675,3.55495,2.82955,3.07331,5.28691
3.72011,3.41883,4.03662,2.06926,4.74934,3.22142,3.03625,2.74628,4.50105,4.45906
3.89697,4.05987,3.84801,5.37895,3.13607,4.63702,4.83661,3.29098,3.80491,4.70477
2.30782,3.23514,4.51997,2.96859,3.74519,3.69468,5.04896,3.77636,4.13555,3.15114
5.79075,4.96717,4.78806,4.42799,3.34849,4.97515,4.46878,5.8026,4.71629,4.08594
3.88521,3.87222,3.6548,4.3096,3.32679,3.96723,4.80134,3.01985,5.33874,4.34311
4.22019,3.39309,4.08409,2.78892,5.79844,2.84881,3.00336,4.17669,3.87457,5.15016
4.51642,4.25278,4.45706,3.50466,3.36329,4.49611,3.30377,3.56102,2.9174,2.58254
4.21823,4.21106,5.15702,3.00424,5.44356,3.87811,4.95534,4.66778,4.08755,6.31462
3.21328,3.32401,3.75299,3.61445,3.99026,5.90036,4.3661,2.96508,3.81353,4.09304
4.23537,5.23221,3.22378,4.07404,3.69104,4.65024,2.32299,3.07147,2.67088,3.77676
5.00181,4.26753,3.54682,1.57839,3.12575,4.02281,3.72459,4.09461,4.02156,4.0625
3.47182,3.96625,4.35754,3.30852,3.69057,1.91704,2.4637,2.88535,3.8253,3.54864
3.5731,2.2746,4.99566,4.4178,3.15671,3.04251,4.08404,4.4612,4.42844,5.50382
4.39867,4.42675,2.98827,2.39046,3.73668,2.31013,4.53349,3.48845,3.96185,3.22032
3.55396,1.46698,4.61327,5.18404,6.08228,3.23162,5.99164,4.85047,3.51554,1.45863
3.44768,3.71972,1.54833,3.93048,3.69099,3.6816,4.47353,0.829382,4.61769,2.43219
4.32562,2.87655,5.22183,3.61834,4.29191,4.14055,4.02421,4.56579,5.47047,3.34245
3.31391,3.48813,4.48001,4.56587,4.4866,3.96677,3.99635,4.21781,3.7901,5.03964
4.11799,3.78435,3.40876,4.42267,5.54001,4.18909,3.36207,3.8074,3.70874,4.5523
5.06676,4.38721,2.60477,4.21111,6.01554,3.75612,3.14746,3.4111,3.88999,3.58008
5.30574,2.75379,3.67153,2.94206,4.96641,4.44351,3.32106,3.83258,3.39414,3.70755
5.09481,4.91546,4.13645,3.4502,4.02151,2.49498,3.69283,3.37241,3.74041,6.41168
4.85601,4.16058,2.10537,2.47932,4.06297,3.66501,3.87797,2.63861,3.74964,4.3782
5.41033,4.624,5.36221,5.57956,4.06943,2.04166,4.90365,4.3528,4.02888,4.37569
0.640096,4.10812,2.8004,2.51263,2.6373,6.22578,3.01906,4.24189,4.18776,4.2808
4.75082,2.97777,4.03944,5.04765,3.58014,4.84435,4.9941,5.14388,3.30696,5.40615
3.69777,3.25577,2.58253,5.27904,4.82387,2.25851,3.14224,5.18701,4.50117,3.54589
4.22473,2.72295,3.93886,3.7512,3.90088,4.78118,3.52919,3.61128,5.01132,6.15105
3.6102,3.25772,3.71723,4.36976,5.76733,5.31718,2.87577,4.90228,4.05125,3.6367
1.70394,4.43014,3.10216,5.60698,4.01969,3.12177,3.2763,5.10314,5.16503,2.06863
3.13573,4.46192,2.7995,2.73523,3.82549,5.00476,5.11091,3.02868,3.80017,3.35218
4.55307,4.02192,4.30064,3.19579,3.66283,2.78368,2.32782,3.77076,4.70686,4.40097
5.05599,3.4393,5.91271,1.59102,3.82329,3.53011,5.45273,2.72116,4.12989,2.88497
3.44704,4.19478,2.49397,4.37601,3.15695,3.75187,4.39555,3.73199,4.24465,3.54215
5.06481,4.01965,5.85471,3.04916,4.0492,4.38421,3.74825,5.8355,3.48119,5.10369
4.09655,4.19759,4.11653,4.11014,3.0643,4.25616,3.48157,4.09972,4.66129,3.98425
4.4351,4.46432,5.55789,2.65573,3.44953,3.0402,3.98687,5.62605,1.82586,3.88285
4.88515,2.57986,3.60477,1.062,5.76541,3.87809,3.22795,3.81266,5.89424,4.76622
3.09219,2.96674,4.51368,2.31243,2.61075,3.50964,4.28713,4.01911,4.50426,3.35812
1.86137,5.06212,2.66479,4.3967,5.51955,3.85363,2.63167,5.20884,3.68304,3.61342
3.63702,5.36416,4.37196,2.72019,4.41395,4.25842,4.17281,4.33105,4.279,3.47469
3.71574,3.74111,4.27512,6.00695,2.26345,3.85246,4.15821,2.34971,4.84446,3.1973
4.76317,4.30113,4.55335,3.46836,3.44144,3.50935,3.46662,4.46186,2.81435,5.30525
3.25124,4.94775,4.25446,2.97133,5.4216,3.28984,4.54964,2.17175,2.79028,3.76193
4.64337,5.32527,3.95449,5.37081,1.91631,1.92192,5.67606,2.80748,3.94701,5.62806
4.86597,3.16838,4.42838,3.65013,4.20209,4.14928,3.39946,4.54642,3.89488,3.93559
4.20034,4.43267,3.54071,4.41692,3.41631,3.53277,4.06741,5.52914,2.63108,4.61492
6.70721,5.90149,3.92131,2.28445,4.67517,1.85971,2.18696,4.17595,4.21881,3.42449
4.0788,5.84923,5.06159,3.81036,4.87342,2.53417,3.41891,4.4082,4.80235,3.35947
3.49191,3.00859,3.1572,4.72172,5.01194,3.33243,3.81079,3.87694,3.19649,2.88532
3.80983,3.49045,3.54616,5.64029,4.03368,5.3214,3.9345,4.13122,6.07208,5.16785
5.53139,4.03839,4.71663,3.14544,2.96222,3.03088,4.68335,4.87756,2.78587,4.82708
3.53222,4.57486,2.75734,4.88937,5.87058,4.41074,5.27083,3.04126,5.4076,3.8752
2.97745,3.47961,4.1766,4.84268,4.28085,2.72415,4.27738,4.80866,4.71459,1.30433
5.50935,4.43812,4.71624,4.02659,4.3867,3.95304,4.46357,3.74075,1.91506,3.14589
4.37997,4.23314,1.91729,5.50442,5.901,3.54603,3.83079,4.8444,5.58629,2.58804
3.76112,4.01929,4.6686,3.64816,3.72844,4.09242,2.8777,2.29743,4.37184,3.68621
3.9865,3.97419,5.03395,2.96047,4.25701,4.25554,3.87491,2.25148,4.23988,4.21461
4.16727,4.13907,3.41096,4.09096,4.32658,4.71414,5.36059,3.89442,4.68643,4.91327
3.36389,3.22547,1.98968,1.59585,3.85596,3.75245,3.7705,3.09685,3.97777,5.60252
5.03941,3.08225,3.91994,3.16004,2.25604,4.53387,2.41333,5.36005,4.40109,4.40872
4.74042,6.36431,3.62435,4.42912,2.95013,5.70408,5.6847,4.43451,5.28045,5.15662
4.09964,3.51406,3.70966,3.7378,4.71236,3.45309,4.27476,2.88587,3.40591,3.96262
4.06676,6.07024,3.89275,3.95326,4.43713,3.75005,3.65065,6.04659,3.83657,3.25338
3.70231,4.67089,6.6226,3.38568,4.56525,2.62331,5.11536,4.1211,4.87578,3.00487
4.17721,5.01835,5.08989,3.38332,3.98297,3.04596,4.83676,3.54696,4.99362,2.72174
6.7463,4.7132,4.07172,3.79942,1.49464,2.81798,3.74482,5.15988,5.32154,3.16048
5.51705,4.49606,4.3061,4.37722,4.37402,4.6398,3.58659,4.49745,2.88577,2.27504
5.12013,4.13743,2.9695,4.97032,3.2649,2.95461,3.13067,4.15516,3.4282,1.69958
3.00279,3.5449,4.49864,3.47456,4.55609,3.50979,2.77047,3.40924,5.43597,4.26286
4.34136,3.80021,2.62041,2.50478,2.76228,4.44167,4.14874,3.84418,3.68093,5.32565
3.76771,2.91526,4.26072,4.20556,3.13758,7.04584,3.37333,2.99721,4.37631,1.9154
3.66912,6.70464,5.45362,4.78357,2.28027,3.79074,4.19669,3.83157,4.55345,4.7339
3.12742,3.94465,3.49031,3.38759,3.23574,3.83488,3.46265,3.57823,2.43425,2.12901
4.64771,5.12233,5.73035,3.53665,3.07728,4.15767,3.08291,4.15805,2.97054,3.36375
3.44294,2.12694,4.10744,2.6812,1.50496,2.89368,2.58784,4.49574,3.47356,3.21333
2.62639,5.17838,3.59309,3.9548,5.53684,5.0778,2.53403,4.1103,4.99428,3.10833
4.22331,5.32767,3.82863,5.8595,3.49124,6.0561,4.20914,4.26092,3.31468,2.88454
4.52183,5.64551,4.89067,4.8779,4.84781,5.59205,5.51777,4.00629,2.68901,3.88415
3.21268,2.4472,6.02685,4.48943,4.48981,3.04039,1.81825,5.44885,4.48398,4.5962
4.41846,4.22761,4.07504,4.04077,4.1333,2.12557,4.89133,3.17517,4.01851,4.07267
3.00068,3.84913,4.88779,0.235782,3.47042,2.47367,5.12924,3.53267,4.13733,5.15342
4.15548,2.8457,4.46519,1.70683,4.39965,3.29655,3.48533,5.5924,4.72775,1.96237
4.66381,3.42481,5.08872,3.56321,4.42803,2.98748,4.74128,4.67766,3.80902,1.41925
3.74051,5.37727,4.5015,3.04852,3.38624,4.87194,2.55725,5.40944,3.80791,3.30537
3.30551,4.64369,5.39191,5.60585,3.16154,1.83142,3.13966,5.14386,4.30632,5.39006
4.17784,3.31404,3.34222,3.8424,4.97363,3.93789,3.90223,4.60928,4.42425,4.50083
3.11446,2.96433,3.16789,4.62628,1.56734,6.2693,2.41327,5.28025,3.07215,5.18646
3.44175,4.77854,4.87514,3.69025,3.04374,3.55616,3.3372,4.57672,2.80875,1.97909
3.55204,5.11398,2.92499,2.76486,3.73393,3.54707,4.24582,3.86374,3.73314,3.37816
3.90431,4.22554,4.33089,2.79035,2.88683,3.24081,2.8825,5.18075,3.76356,4.739
2.99704,4.79874,3.6146,6.08736,4.76061,4.61299,4.1382,2.65638,4.07447,4.20348
3.6736,4.27278,4.81526,7.42519,3.83079,3.09905,2.73299,2.47695,5.11064,2.89971
5.87966,4.75874,4.68521,4.88083,2.95492,2.79962,3.92593,3.89038,4.96246,3.16403
4.98268,3.60042,3.82811,4.47848,5.1048,3.41042,3.06245,4.82735,4.53303,4.98631
4.15008,5.47372,3.46864,2.5787,3.64564,4.45073,2.73198,5.2905,3.94426,4.67041
5.80019,4.65381,4.09447,5.48073,4.19464,2.82623,4.29571,4.48875,3.13646,3.38921
3.97101,3.72954,4.82747,5.80405,6.22389,4.28179,4.2485,3.54406,2.11785,3.09731
3.46271,3.98883,4.44163,4.24577,4.50577,4.18643,4.07377,4.38889,5.02701,5.88488
3.92781,3.32736,3.33128,3.62465,5.74796,3.94849,4.34887,3.01776,3.82482,4.17099
3.07514,4.42939,2.04448,5.08271,3.27926,4.12569,3.59358,5.22684,4.00629,4.08088
4.75495,3.06863,4.9746,4.8721,2.92666,3.20112,4.32222,5.40366,4.43413,3.67876
3.97829,4.55449,3.77893,4.66285,5.32033,3.16976,4.76349,3.45654,4.59352,3.89109
3.18172,4.20238,5.04941,4.33672,2.5517,4.67223,4.10148,4.84196,5.15957,4.28799
4.88994,2.71438,2.70682,3.09907,3.27446,4.1681,4.39702,3.70321,3.38287,2.18616
2.59342,3.94515,3.37127,4.05351,3.35232,4.76388,4.53343,3.65209,4.37996,3.18372
3.17097,3.59647,2.61862,5.62108,4.64696,2.81661,2.56234,3.81679,5.76609,3.44111
3.13837,3.27145,2.29962,2.47548,3.44536,3.84477,5.1955,4.27952,3.53032,3.15011
3.50546,3.98637,3.57523,6.16403,3.54948,2.86941,3.30562,3.60182,3.85615,4.51663
4.826,3.90401,2.43607,4.15696,1.95012,5.52421,3.77696,3.76963,4.07652,5.70701
4.35285,5.13288,3.6509,5.633,4.35471,3.08203,5.23789,1.86417,4.94806,2.81683
4.33047,2.56275,2.86902,2.51346,5.38375,3.13033,2.058,4.9742,3.83461,3.19416
4.21849,3.31092,2.58624,3.70419,3.30646,4.83273,3.14827,3.33106,2.9552,5.2645
4.56985,2.75708,2.69752,4.62645,5.11751,5.1045,3.23432,3.99169,5.72531,3.86847
4.1507,2.66164,5.17487,4.8543,3.24445,3.50143,5.34968,2.50957,4.06771,3.12162
3.21775,3.57621,3.35144,4.13295,4.83964,5.16448,5.31922,5.34459,3.53831,2.75601
4.66304,3.56879,2.9569,3.97509,4.02128,4.99833,4.51771,3.96827,3.48581,2.22283
2.60843,1.72969,4.37858,5.44074,3.31138,4.57071,5.4555,4.94642,2.82892,6.26216
3.60962,3.97083,4.6793,3.05348,3.55223,3.17049,3.06842,4.55602,4.85019,6.31521
3.7551,5.35157,1.83656,2.68138,3.49666,5.77315,1.9923,5.46927,3.17694,3.44256
3.41731,5.46786,4.4369,3.36445,4.8289,2.26266,3.93514,3.57198,4.29658,5.09381
4.9328,2.38237,4.1402,5.0863,5.97024,4.56973,2.70747,4.75065,4.04283,3.55117
4.09242,4.60986,2.61531,2.21477,2.30366,4.15237,4.2121,4.4037,1.83368,4.3912
2.28104,4.74974,4.42659,5.09236,2.53026,5.87845,6.78329,2.87745,6.10999,4.34511
3.52564,3.07858,4.25112,4.10921,4.92579,3.59471,3.10853,4.38455,3.1571,1.85107
4.02861,4.60361,4.36574,2.8033,5.24301,6.33244,4.84517,3.64589,3.53816,5.14168
2.52797,3.76581,5.22144,3.07189,2.18072,2.57213,3.59399,3.26619,4.29461,3.85684
5.70686,5.08557,3.45946,3.80053,4.63287,4.87354,3.85471,4.51553,4.92179,4.34926
4.72767,2.41875,2.77038,4.19457,3.54782,4.3661,5.76247,3.87225,2.96855,4.40014
2.18577,6.00841,3.0209,4.44544,4.31183,5.64129,5.20917,3.98202,4.60692,2.73031
3.76756,4.42408,2.76852,6.07519,3.78726,5.55595,4.44018,5.22224,3.88399,2.30042
3.14926,2.5701,4.32216,3.29287,2.44901,2.95232,5.43421,4.2527,3.85104,3.64487
3.04166,3.60409,3.98538,4.80366,5.10274,2.79637,2.95577,3.33135,4.51419,4.15134
3.45658,3.0277,2.82202,3.02394,4.68902,2.21621,0.586989,3.3485,4.52558,3.07826
4.89503,3.33606,4.48815,4.4933,4.34996,5.32138,4.78396,3.11295,4.03696,3.49285
4.83311,3.96329,3.04451,5.3669,3.89404,4.73395,6.0596,2.95221,5.62727,2.73712
3.23037,4.50707,4.56182,4.62542,4.69452,4.29748,4.85053,3.57477,3.41031,2.36934
4.27264,4.36903,3.49954,4.00565,3.3636,3.19591,5.44452,2.71282,5.29254,4.24626
3.81844,4.19504,1.99473,3.09266,2.91618,4.93922,3.98124,3.29283,2.95276,5.52976
3.91008,4.10158,5.40033,3.38203,3.06328,2.94917,4.73574,3.67583,3.83515,6.23864
4.25354,3.8706,4.54227,2.19222,5.40635,3.80687,5.55867,1.71791,3.07333,4.94047
5.34033,3.76588,2.22549,4.61209,3.3199,1.97968,4.24373,5.1275,4.42337,4.15807
3.18354,3.45161,3.74719,3.95158,5.21967,0.218314,3.83657,4.23502,4.21352,4.32165
4.35871,5.48018,4.83839,3.88635,4.9293,3.01035,4.7275,3.35869,3.73858,2.83432
3.63068,4.10297,4.71602,3.81243,5.67108,3.37258,6.26611,3.65165,2.58084,3.58695
4.05109,4.33348,6.76445,5.2836,4.08555,4.7574,4.21128,2.63636,4.23381,4.62957
2.99007,4.81735,4.93698,4.62362,4.87596,2.81518,4.16752,4.51976,4.24492,3.6639
4.19834,3.98968,4.10727,4.89397,3.19176,4.85725,4.42333,5.03104,4.92309,3.1682
3.66786,4.27288,2.47286,5.04797,3.62143,4.18286,6.86969,4.9848,4.6263,3.00956
3.18853,6.28622,3.04402,4.56457,4.13727,4.21407,4.36097,4.87151,3.34299,1.60755
1.84562,4.73241,2.81352,6.55155,4.25456,5.47807,3.31148,2.42476,3.33357,3.50563
3.41578,3.43156,2.52279,2.91956,5.18342,2.9161,2.76573,3.57648,5.54722,3.93793
4.89899,4.97441,4.69104,4.60106,5.00081,2.85969,3.51185,4.25746,4.60778,3.79141
5.97775,5.99867,5.36442,1.89104,3.22514,4.04301,3.13933,5.22743,4.85917,5.72107
3.25743,3.46264,4.76657,4.49828,3.61107,4.42957,4.03496,4.90599,4.46017,4.48045
3.70098,4.87946,6.40652,2.9983,3.4096,4.83652,5.15631,3.57908,5.43895,2.73503
4.30282,2.67255,4.43495,3.36805,4.20422,4.60292,4.67242,3.3443,3.20208,1.85448
3.05488,5.0161,3.92886,4.76637,3.05966,3.89374,5.56145,4.00595,2.70911,3.56222
4.3954,2.49731,3.75204,4.6031,4.60966,5.16576,3.76097,3.61649,3.82593,4.36574
4.11817,5.46311,3.91599,4.19458,3.19847,5.22323,3.57713,2.69916,3.5712,3.94363
4.36463,1.91352,4.80799,4.08288,4.42533,3.09844,3.39809,5.0842,4.11211,1.99814
4.35743,4.46412,1.75478,3.76664,2.58307,3.32464,4.07641,3.11994,2.63038,3.99337
3.66555,4.85632,3.32573,4.36318,3.77239,3.24103,4.50102,4.98107,4.3245,4.89933
3.61102,6.16321,2.53725,4.78927,4.86445,3.24675,4.018,3.54662,3.20359,3.25765
4.80617,5.4541,4.02818,3.50343,2.78162,3.07251,3.24468,5.83957,4.81363,4.36736
2.88355,2.61972,3.12431,5.03324,4.29919,4.72349,4.62668,4.39144,3.64687,3.07865
4.38473,3.71308,3.37108,3.43097,3.58117,4.13876,2.5007,2.92817,3.65208,3.20228
3.01913,2.61294,4.91283,3.85115,3.35903,3.29537,3.47921,2.50216,2.61532,4.04116
3.13594,4.24562,4.5005,4.17183,3.84857,1.92204,3.08376,2.78711,3.29031,3.18659
4.13042,5.13611,6.18488,2.84666,3.41782,3.8273,3.87714,4.79609,3.62787,4.25544
4.55912,3.2966,2.43127,4.35204,2.64768,3.2481,4.35101,4.04355,4.05472,3.64939
4.3639,3.05328,3.49216,4.30056,3.74566,4.26604,2.34867,3.62216,3.49377,5.21657
4.17278,4.18508,3.84398,4.46464,4.3992,3.39455,3.18639,3.87354,4.5314,4.14034
4.2129,4.0596,3.66067,3.33586,4.24462,4.99236,5.50402,4.43684,3.31859,3.48752
4.50382,3.29157,2.98353,1.24079,3.71758,3.88314,5.30283,4.68792,4.22347,5.04337
3.56921,4.08708,4.06028,6.36325,3.82285,4.87722,2.72089,2.59417,3.4817,4.87302
2.6926,2.94214,5.25557,4.24072,1.78769,4.15584,3.39443,4.18822,3.54039,4.306
3.43825,3.67267,4.04742,6.3777,2.60496,3.68163,5.02172,2.83331,3.9419,3.73513
4.41663,4.07118,4.81273,3.94522,3.8132,3.80469,4.5852,5.08698,3.68449,2.76702
4.09751,2.484,3.52228,3.94708,4.56562,5.39358,3.86373,3.72974,4.79872,2.30681
3.0926,3.19892,3.25718,3.956,3.67456,3.24766,5.42581,4.4232,2.65723,4.59125
3.5805,3.27899,2.24586,3.58827,4.58522,3.46883,3.7626,3.41395,3.62192,4.4701
2.97387,3.40799,3.13823,3.47078,4.69132,1.92231,5.10106,3.75079,3.61514,5.82982
4.11589,2.75741,3.1629,4.46617,2.07439,4.01456,2.80626,5.39528,2.721,5.93089
5.02053,3.63295,2.79811,4.31843,3.69215,4.36589,6.46839,4.22939,3.60541,4.62763
3.7893,4.00667,3.56741,3.14761,3.33931,2.77013,3.41456,4.60117,3.67934,5.18416
4.00432,3.5496,6.59458,3.94782,3.96947,3.95,3.50761,4.38132,2.14166,3.00208
3.54892,3.54525,4.31195,5.35323,2.58366,3.29139,4.62455,5.56949,3.14039,5.84735
4.34081,2.20853,3.86215,3.5879,1.98767,2.75158,3.2894,4.30391,4.05181,3.55454
4.00127,3.97018,2.91339,4.74485,4.85548,4.17569,4.24948,4.74606,6.02383,3.92602
4.93181,3.89697,4.11937,5.96053,3.98552,5.05627,4.01776,4.50309,4.95574,3.31572
3.79762,3.22501,2.22982,4.35881,2.86701,4.47922,3.68325,4.94564,2.02377,3.59573
4.49962,2.42866,4.62776,3.97887,3.10997,3.19003,4.00995,4.00526,4.09885,4.77576
2.83997,3.87035,3.88509,6.19357,3.65586,4.33683,5.41146,4.49979,2.54626,2.89972
3.26886,3.40985,4.97755,5.17511,3.9279,4.02528,5.37885,3.6447,5.65921,4.7477
3.15477,2.6854,2.60947,5.28117,3.19035,3.49851,4.74377,4.6228,3.81111,4.52367
3.12535,3.39582,4.53964,4.66527,2.22245,3.08436,5.61153,3.65742,3.31028,4.19088
2.87507,4.27453,3.87999,3.84984,3.03259,4.88669,4.01602,4.21424,4.5168,3.66156
2.72179,3.84965,4.5602,4.17712,3.54815,3.62451,3.41507,5.6832,3.08237,2.20296
4.52455,4.38928,4.09407,4.17376,4.40436,4.79645,5.19073,4.40317,4.79497,3.61405
3.53319,5.14102,4.71223,4.11433,5.13142,4.49291,4.16043,3.11984,2.2635,4.30097
5.43753,4.03971,4.73739,2.96885,4.04936,3.54971,3.25251,4.07473,3.43907,2.74218
4.51384,3.93184,3.6729,3.0563,4.57386,4.18913,4.16355,2.92855,3.43815,3.71999
6.05107,5.2079,5.44626,5.10592,4.58752,3.39064,2.53652,2.51102,2.72469,2.74886
4.72449,5.36777,4.35996,2.51082,5.05343,5.12919,4.98318,3.81356,3.28634,3.66235
3.61822,2.9765,3.60762,5.55819,3.07081,4.75221,2.89216,4.08093,6.1606,3.83558
5.68606,3.77322,4.54268,4.96827,2.68363,4.6078,3.2738,4.08552,3.6689,4.39272
3.70455,3.84274,3.06898,3.49351,3.43888,2.71088,4.95241,2.60596,3.99751,2.23548
4.73601,4.67182,5.44837,3.94957,2.97276,2.98687,4.95413,6.05629,5.57869,4.01157
3.13872,3.66605,2.1114,3.51068,5.17164,3.35201,5.93031,2.40261,5.17665,5.19708
3.8122,1.7689,5.09701,4.08554,4.25962,2.16431,3.34945,3.39498,3.3377,3.94155
4.85801,2.82016,3.58258,5.27673,3.82028,2.26528,3.53772,6.22284,5.12341,3.46021
3.87231,5.61593,2.62767,3.95512,4.14887,3.15672,4.90155,4.86184,4.4516,5.30609
4.37698,3.91424,3.47992,3.68201,3.7325,3.6643,4.60626,3.20969,3.69933,3.969
4.511,3.13842,4.95542,3.40888,2.70765,3.85405,4.07347,4.65203,2.67236,2.69278
4.29424,3.14494,3.80701,3.89918,4.51589,4.44829,2.55585,3.93804,2.27919,5.58688
5.30038,4.4739,5.8476,3.87575,3.27608,2.67351,4.59246,5.39162,4.89405,3.85422
2.23852,1.54536,4.63865,3.80637,4.69585,5.73381,3.49707,3.52194,4.73492,3.75973
4.32984,4.67572,3.11021,2.76383,4.81502,3.52115,3.7559,3.61997,5.22519,2.81772
3.91343,5.18758,4.55794,3.94806,5.47486,3.47106,5.09981,4.93727,4.6826,1.68042
3.55612,2.34461,3.45609,4.38902,4.81813,3.27611,6.53538,3.29121,6.19498,3.36366
4.55359,4.00307,5.35589,4.56473,4.36629,4.19761,6.64176,5.50328,4.39681,4.42173
3.81643,2.97357,4.78399,3.65433,2.76343,4.8686,4.00235,2.41971,5.05584,4.80767
2.52669,3.47907,3.78142,3.185,3.48173,7.10011,2.93547,3.51508,1.77995,4.64136
4.05653,4.74946,6.08806,2.37667,3.18849,3.55774,3.02972,3.47699,3.61563,3.91489
3.6487,4.3437,3.00802,2.22128,4.17905,5.83398,2.86362,3.57296,1.84511,2.40557
3.11799,4.80474,2.18301,5.03686,5.18853,3.65014,4.08269,4.55635,4.78273,4.7852
3.49176,4.19065,3.08407,4.32975,2.43186,5.14381,2.02391,2.71061,2.06586,4.12947
2.51009,4.27147,2.37824,5.59224,5.02576,5.11229,2.4565,3.14229,4.80194,4.14352
3.02497,4.39785,5.87161,3.90944,3.11878,4.55675,3.92011,2.95457,3.28899,5.06524
3.75269,3.77681,3.45316,4.69607,5.13634,4.31779,3.77378,2.94984,5.12757,3.33484
3.63035,3.2605,4.04869,3.22443,4.55952,1.48914,4.95857,4.93124,3.32574,2.69024
4.68246,4.77237,2.49604,2.47415,5.89429,2.84557,4.84558,3.65031,2.97582,5.21286
3.52133,3.28024,4.61189,2.46877,3.50141,5.2224,6.31274,3.51025,5.23247,3.32237
4.36775,4.59151,5.30724,4.72012,4.765,3.28848,3.62265,4.16405,4.283,3.17106
3.18889,5.31609,4.61883,4.42405,6.08744,4.6765,3.51651,4.71289,3.73765,3.3826
4.40497,4.07583,4.25121,3.28714,5.58374,4.09386,1.48634,2.09051,5.21155,3.91225
3.30257,3.7507,4.30893,3.48099,3.38697,3.73755,3.14284,5.92215,3.61248,5.2598
6.01219,3.88333,1.36585,2.71015,3.89963,2.64293,4.09619,2.77033,6.04082,4.70253
5.21128,5.14186,4.68464,5.1685,4.19371,5.07122,2.62778,5.59281,1.51314,5.23488
2.88135,3.52828,4.11263,1.05032,3.54157,4.25556,3.83511,6.09654,4.57404,4.37504
3.38336,2.9156,3.06472,5.17776,1.96743,6.17852,4.84017,4.36207,3.43859,3.3299
2.95201,3.88722,3.87923,3.12945,4.22123,4.54975,6.35199,1.63728,2.46341,3.68872
3.40369,5.30312,3.67718,3.50562,2.91487,4.27428,4.52005,4.0659,4.00162,2.17211
4.34246,3.04424,3.52179,3.51588,5.70335,4.30474,4.0634,4.78152,3.36697,4.87775
4.46049,2.89014,3.97607,4.61564,4.47917,4.01878,4.14294,4.26884,3.92604,4.16315
3.03382,5.32932,3.13532,2.10734,4.41367,3.91974,4.51015,4.25155,4.44202,3.87272
5.00769,3.21964,2.69593,4.55256,3.31691,3.80093,4.45785,5.77588,5.36766,2.28143
3.74439,5.60901,3.25316,4.10347,4.73646,2.60562,3.39854,4.52868,2.96398,2.81718
4.19836,4.04597,3.10966,4.97745,3.85089,3.59198,4.05172,3.3223,3.90738,4.12051
2.99773,3.43546,1.04839,4.86647,5.57518,3.32206,3.70978,4.5097,2.95873,6.06542
4.67734,3.58514,2.60306,2.79034,4.89497,6.76774,2.70695,4.39108,3.45538,4.183
2.32961,4.25137,4.65439,4.09398,3.59183,4.31613,5.40471,3.79145,3.67131,3.24507
3.41724,3.80651,2.84329,3.64469,3.56572,3.57352,6.03558,4.26624,2.9118,5.25844
2.93856,2.8631,5.24447,5.78094,2.17358,2.87519,5.46284,3.17772,3.54124,5.41679
5.12435,4.95759,3.54619,4.1771,2.05892,2.70867,3.23054,3.6387,5.90677,2.96883
7.27749,3.30627,2.99786,2.4301,5.26394,4.19359,1.92085,3.72159,2.59642,3.59698
2.38364,4.24462,3.29615,3.63683,5.38116,4.06562,4.27608,5.23643,3.51071,4.30241
2.7354,4.12081,4.13555,5.21588,5.62873,3.71965,4.3883,5.52219,2.6899,3.30415
4.50365,3.81295,3.3561,4.81694,3.54574,2.90438,3.44304,4.19498,5.38684,4.12882
3.25594,5.61316,4.53799,5.1652,2.36608,4.00089,4.78919,4.34352,2.99353,4.06186
4.14903,2.69138,5.51835,4.02567,5.32569,3.70863,2.10082,5.32713,5.05209,3.04821
4.88439,5.81761,4.67027,4.54221,3.03796,3.95792,4.13643,4.98292,4.80988,3.6271
4.29567,3.56898,3.84379,3.50174,4.9841,4.54386,3.95693,3.58125,6.27224,3.37798
3.72908,4.5519,4.84865,3.11628,3.02398,3.43515,4.46765,1.89693,4.95616,5.47414
5.30602,2.66384,3.72189,2.80949,5.1161,5.5575,2.72304,3.71644,4.3283,4.35217
5.6597,3.64592,4.65922,5.74906,5.04851,5.7467,2.78197,4.21104,5.60699,4.06787
3.64743,4.13963,4.85146,5.86696,3.16918,3.15813,2.09554,3.8453,3.37177,3.55957
4.56948,4.04682,3.05468,2.01518,4.59293,1.92416,3.63059,2.59835,4.13511,1.92187
5.62481,3.58755,4.11576,4.7342,4.24621,2.94472,3.65913,2.72118,4.46484,2.48231
2.40539,2.51264,2.60487,3.6621,2.85196,4.67141,5.0642,3.91191,4.32845,2.95814
3.26297,3.65861,5.01994,3.60542,4.54955,4.28452,2.48045,2.62815,4.21579,4.00999
5.07283,4.11337,3.65555,3.5642,4.6234,4.58923,4.76259,3.24807,5.22153,4.93593
4.15247,3.15994,4.06769,3.27528,4.11218,4.39751,3.97118,4.60751,4.02693,4.23693
6.93102,3.30127,1.9494,2.6308,4.60923,4.23007,4.23049,4.51912,3.94911,3.25883
3.63728,3.43624,5.54101,4.9048,3.86685,2.355,4.84328,3.49399,5.0187,4.80478
3.81436,3.49556,3.75836,3.54579,2.10523,5.45084,5.47221,4.73486,3.19179,3.57229
2.95996,4.42229,4.37592,4.26809,4.39451,3.73726,3.43832,4.66357,5.68841,5.05731
4.60917,2.6373,4.06439,4.28349,4.67275,4.06851,4.31759,3.64936,5.18972,2.58505
3.26425,3.52362,2.98045,4.02247,4.31043,2.66861,3.36164,3.58143,3.43648,4.90165
3.84101,5.50075,2.18095,4.66,3.56033,3.99098,1.98788,5.38849,5.04714,4.03682
2.88321,4.15579,3.3058,3.76741,2.01491,5.50051,3.90877,4.06916,5.02833,4.45228
3.15129,4.44234,4.16421,3.40398,3.30763,4.5559,4.17927,3.66281,5.75519,3.78223
3.25195,3.5251,5.74608,2.58366,2.05936,3.18649,5.68099,3.96222,2.92645,3.01046
4.05235,3.75091,3.15106,2.58454,3.32707,5.50412,3.67069,3.6136,4.67191,5.02098
3.85349,2.08178,5.58622,3.26748,4.38649,4.02336,3.4072,5.79854,5.37704,2.50061
3.68428,3.55827,4.62441,6.05447,5.16105,3.33271,5.77498,6.73697,3.88409,4.10381
5.3415,3.68973,3.82954,2.67725,4.85674,3.19866,4.84669,4.43818,3.84768,3.46403
2.82943,4.3656,2.52056,3.5066,4.17877,4.44078,5.32115,3.09259,2.00921,5.00847
5.24434,3.9265,2.1285,3.49419,3.95987,4.27795,4.62169,5.64588,3.03641,5.16858
3.99794,3.15551,4.1215,1.58954,4.94841,5.00689,4.63289,3.98627,2.16597,4.12197
3.03573,3.82746,3.66452,5.09777,2.50112,3.62066,3.89625,3.12016,5.04892,4.68047
3.80025,4.31769,4.71282,4.35038,3.68279,4.42245,5.54383,3.47497,4.00172,3.87805
4.35926,3.80431,2.58509,4.2768,3.15741,4.7683,1.97991,3.06742,4.14411,2.79789
3.95244,4.87578,3.09878,3.04528,3.92919,3.05501,3.85264,4.33016,2.28153,4.42927
3.48827,5.72184,4.60245,3.62255,5.0651,4.13255,4.11035,3.82426,1.86787,2.83756
3.483,4.19435,3.09134,2.73811,4.17718,5.54213,2.55409,2.93729,4.32614,3.16817
4.33888,3.90574,4.34558,3.00534,4.89968,4.2852,4.03388,4.37283,3.47227,4.88173
5.34952,4.05463,4.77174,4.23496,3.96585,4.58689,5.69563,3.63685,4.23107,4.86448
3.05891,3.12484,5.64559,2.91902,4.56475,3.25018,3.34297,4.26763,3.52204,3.48922
4.23852,0.990095,3.04421,2.38023,3.43011,2.29885,5.13039,3.3566,2.59459,1.90359
3.29481,5.19015,1.95097,4.18672,4.50192,2.18097,3.84255,3.60442,4.01011,1.53013
3.63716,3.64587,4.17792,5.26618,2.99464,4.21666,3.87135,4.35251,2.69693,3.46038
4.88055,4.89299,3.60234,2.88699,4.28946,4.42953,2.83485,4.74407,3.3062,5.37095
2.3742,6.46381,3.65404,2.58113,5.14132,4.65379,3.56861,5.60453,3.04598,3.56794
4.16959,4.77593,5.54638,3.79686,4.15588,4.81357,5.85291,3.78852,3.72228,4.38512
4.60126,4.06577,4.18964,2.96073,2.95696,2.24651,5.35508,4.42447,2.83513,1.79971
2.37948,4.13777,4.20267,4.33669,4.73192,3.69367,4.08669,3.37122,4.33576,5.33708
4.14041,4.27583,4.62647,2.62789,5.55642,4.72575,2.65212,4.63138,5.4941,2.62031
3.16099,4.61874,4.67659,3.71743,3.6984,4.41492,3.11352,3.56488,3.35191,3.40859
3.64863,2.32015,3.44769,4.46422,4.23633,4.55234,4.42281,4.20397,2.5146,2.68997
2.66448,4.10686,4.28733,2.56185,5.04461,3.81568,4.66517,2.97846,3.2808,4.07841
3.13404,4.91843,4.58206,2.96298,5.8043,4.59258,5.63078,3.81298,5.19291,3.63573
4.17903,4.17983,4.06432,5.09319,4.88606,2.8095,3.5834,3.2506,4.55922,2.84204
3.86485,4.34032,4.20775,2.28515,5.54923,2.61078,4.40478,2.72029,3.47678,1.38094
4.50634,4.17258,3.90444,5.37791,4.41537,4.52755,3.71198,3.60302,2.85317,4.13716
3.29245,3.73424,5.1512,3.98436,3.60332,3.554,4.65647,3.95883,3.06986,4.87625
3.45475,1.95876,2.99408,4.92425,4.25677,4.16736,4.54538,4.70285,2.23076,3.67246
3.69896,4.50343,4.0028,4.09176,3.86087,4.06877,2.89316,1.57101,4.33208,4.8118
2.71391,6.21373,5.27524,3.75708,3.94824,3.65015,5.62821,6.7359,5.53478,4.69426
4.1155,2.77937,4.32577,2.08234,4.45669,4.16905,1.8461,4.16192,3.34974,5.03422
3.06983,3.817,1.94609,3.83528,4.35038,3.25118,3.46332,2.62195,5.48495,4.91792
3.26503,2.95635,4.04036,4.56957,3.19024,4.75445,2.65164,4.02522,4.84533,4.42339
3.99554,4.41107,4.95677,2.45839,4.58132,4.84881,3.89004,4.33016,4.04143,3.63297
3.64089,4.05528,4.31568,4.66875,5.14046,4.12381,4.82759,4.41723,4.67418,5.20043
5.74665,5.47983,4.24738,5.22273,2.86227,5.56179,3.39075,3.98953,3.20797,3.40405
4.34117,4.55866,4.57036,3.56961,3.67398,3.63432,4.73129,4.02268,4.24379,5.242
3.50864,4.49264,3.93115,3.18432,4.80316,4.18864,3.07892,3.91716,5.73943,6.15091
5.33273,3.0669,3.17011,5.35344,2.76007,3.57773,3.86834,4.41305,3.79675,3.5179
2.89188,4.18166,4.39459,3.84326,3.75301,3.31227,5.1327,3.87733,2.88339,2.74902
4.59868,2.37569,4.58108,4.62332,4.89745,4.92071,7.33194,3.25991,3.71646,4.9881
4.72451,4.07562,4.19489,5.57709,5.28283,4.6435,4.05516,4.67507,4.03759,3.18662
4.5629,2.50614,4.07834,4.79144,4.23717,3.44119,4.82341,5.07642,1.71529,4.19257
3.00068,4.96609,3.80541,3.51413,4.45731,4.16955,2.58367,4.27797,3.96593,2.96271
2.95968,3.07712,3.35358,3.66401,3.55707,5.97665,2.89553,2.33749,4.86801,3.44566
3.87543,3.80849,3.77762,2.42394,3.98467,3.48133,3.60226,4.22139,2.79736,4.57591
3.64983,5.53238,2.20852,3.62114,3.36645,4.76375,4.80352,3.41397,2.68054,2.81542
4.155,4.7697,0.887448,3.22576,6.37604,2.98945,3.97,3.56911,6.54123,6.52095
6.16874,3.05501,4.82745,4.12143,3.96251,4.53843,2.45867,4.67374,3.37118,5.14135
3.54933,2.44252,3.94264,5.61651,3.67087,4.18305,4.05661,3.4693,4.0669,3.9572
3.68163,3.50834,3.38421,3.97187,5.11905,4.1183,2.60823,5.06765,4.708,5.80776
5.39599,4.08742,5.29407,5.00053,4.26869,2.50983,4.80079,5.81607,4.46791,4.57543
3.73652,4.47053,3.48147,3.87938,3.06224,3.45006,2.96866,3.49555,4.80818,4.375
4.61183,2.88357,3.99169,5.09454,4.16745,4.44965,3.43306,4.69946,4.86906,4.15734
1.17233,3.3217,4.44313,3.57755,3.91916,3.64059,4.06054,4.39998,3.9575,3.09517
4.36635,2.66286,5.12907,3.14046,4.25138,5.14479,4.01819,3.60856,3.74785,3.67379
3.83702,4.92864,5.31957,5.44522,3.39695,3.17238,2.21936,3.90938,3.63257,4.31426
3.7627,2.5728,5.21295,5.17706,4.8731,3.40207,3.26869,4.02108,3.09499,5.05297
3.18049,5.12702,3.03138,3.06456,3.6113,2.17971,3.16845,3.76057,4.43049,3.67006
4.80301,4.64309,5.18919,3.97598,3.41838,5.03247,3.62871,2.17295,4.91025,3.31716
4.93455,3.08708,4.77209,3.56967,3.51585,6.52532,4.75244,5.98325,2.22576,4.26114
3.32563,5.61936,4.00344,2.79199,3.44816,2.88724,4.9485,3.36483,5.06321,3.0978
3.99394,3.8597,3.88561,4.26828,3.2283,5.40553,4.09446,4.39429,4.41827,4.24777
3.74752,3.41774,3.94209,3.62565,5.9334,3.43411,4.29327,2.87404,4.85954,4.50953
4.21779,5.13288,2.81219,3.61077,3.93044,3.29105,3.47732,4.43572,5.3398,4.10475
3.20032,5.43866,4.96632,4.00603,4.20774,3.95093,4.58659,3.27891,3.95563,3.57266
1.16726,3.69429,4.69133,4.65957,4.64834,3.24765,2.24761,4.37218,5.58258,3.25737
4.04214,3.15305,5.44838,3.4498,4.25798,3.81268,3.61731,5.09964,2.82966,4.57432
3.09008,4.0825,1.87487,3.52939,3.76882,2.26894,3.08428,3.76901,4.06958,3.47823
3.21057,3.19176,2.13613,3.43421,3.50291,4.54167,1.98029,3.72326,5.09106,5.30851
3.59401,4.31055,4.07869,3.14161,4.49051,5.98657,3.81912,3.34741,2.29385,4.92031
2.23978,3.34217,4.52223,3.23477,3.69091,2.32484,3.2408,3.13635,5.3057,6.09792
3.06776,4.06358,4.85931,3.00469,3.28833,4.51855,4.02975,4.01959,5.47461,4.55955
3.66382,2.96182,4.0094,5.97246,6.05171,3.46995,6.10892,5.02458,3.10338,2.11951
3.22969,2.85105,3.83123,3.91521,4.93131,6.05177,4.68249,3.62343,2.09607,4.22907
4.71349,3.34174,3.4679,3.16398,4.30963,3.75159,3.06078,4.22308,3.78732,5.26116
5.39964,3.24802,3.91675,1.80364,4.38891,2.65884,3.12318,3.54252,4.19345,5.32578
2.59,4.8477,4.37355,4.17872,5.13047,4.5306,4.33078,3.78662,3.52183,5.29268
4.06104,4.53035,5.94186,4.08909,3.15451,4.38326,3.11215,5.46793,4.00076,5.15707
3.23651,3.36919,5.54231,2.21747,4.85056,4.19579,3.97408,4.25754,4.63719,2.08404
1.74792,2.98408,3.09468,5.90158,3.41946,4.32617,3.19788,5.45303,5.1517,2.37475
3.44708,3.67321,4.5425,3.50393,3.98632,3.6397,4.94853,4.36939,4.12097,3.76407
5.45706,4.42343,4.33018,2.35948,3.60379,3.99344,3.84222,3.9115,4.21198,4.15902
3.68499,4.06631,5.90974,4.77943,2.05408,4.5681,2.82619,4.43496,2.79016,3.53292
4.02008,4.49397,3.44327,2.88499,2.55939,2.23183,2.90683,6.1268,4.98648,4.25278
3.20788,3.63643,4.40448,4.90025,4.38998,4.33783,4.4871,3.39321,3.96276,4.78557
3.92224,3.7597,4.54192,5.32747,5.06128,3.98384,5.43574,2.86733,4.27031,4.75878
2.85727,5.8864,4.08142,4.54255,3.25681,3.3874,4.95472,4.27809,3.48105,4.40198
3.03718,5.19845,4.61135,5.20789,3.45113,4.19186,4.9937,3.95793,2.46927,3.62396
3.42944,3.12329,4.00822,3.7476,4.30242,3.39237,4.42118,3.49762,4.50709,3.97888
4.7074,4.12182,3.18321,4.3654,3.24808,4.17315,3.86827,3.77593,3.39859,3.44056
2.73281,3.74011,3.02256,3.62151,2.22088,2.89044,4.01627,4.33942,5.24789,4.4014
4.00893,3.41566,2.69304,5.34924,4.83891,5.26441,3.03984,4.86701,4.5985,3.47938
3.81218,4.82046,5.11074,5.16248,3.41338,2.94016,2.14942,3.85242,4.86095,2.69807
3.54093,3.98986,3.39558,4.29907,3.51673,6.3874,4.17273,2.5066,4.13711,3.257
3.79587,5.49086,4.41601,4.38004,2.67473,3.19065,3.28115,4.0707,4.79038,5.516
4.97987,3.65198,3.07533,4.02245,3.55638,3.17295,3.198,2.94108,2.98829,4.48539
5.48278,4.06648,2.12649,4.59043,5.17604,3.27867,5.07095,3.51916,3.97423,4.69482
3.37342,4.07437,4.45652,2.85183,4.38185,3.34661,4.18248,4.28502,3.49239,5.16899
3.58844,4.62857,3.22901,4.11535,5.34252,5.07358,4.10528,2.62885,1.40004,4.69798
5.20155,4.04035,3.79319,4.53425,4.93268,2.85103,2.72767,3.31427,4.6781,3.24501
5.07554,1.88984,3.76041,3.07547,5.13381,3.07217,3.74503,4.567,4.02976,3.58395
4.45618,6.31174,3.91099,4.65263,3.91227,6.376,2.72343,5.28937,4.47906,3.74121
2.47191,5.0736,4.80622,4.11879,4.19521,2.75885,4.61962,5.03254,4.39722,2.38414
3.71927,4.62824,3.08887,3.24113,3.19929,3.99753,3.09158,3.06012,5.75583,3.49807
5.70015,4.86348,4.81003,3.90305,5.48993,3.0534,2.98506,4.47399,3.31011,4.04609
4.09581,3.76611,3.53042,3.8075,2.79487,2.9467,3.62387,5.04126,3.00734,4.12071
3.70856,4.28559,1.76549,5.11444,3.30106,4.05213,4.87218,6.88091,5.84563,5.17504
3.76654,4.01504,4.29917,3.64851,3.70509,4.28114,4.65336,3.62014,3.62043,4.05476
3.31919,3.90472,2.01109,4.14335,3.79774,4.61161,3.54239,5.20978,1.75982,2.275
4.26813,4.84298,3.56166,4.78623,4.483,6.28653,3.41709,3.85198,3.33446,5.51791
3.53603,5.45392,4.4038,3.92992,3.869,4.11033,4.42479,3.04516,3.00313,4.65576
3.89903,4.68671,3.08525,4.73502,4.0188,5.44552,4.41445,3.42295,3.79025,3.84112
4.10157,4.45713,5.78885,3.07611,5.30049,4.69071,3.76118,4.09638,4.62847,2.09181
3.8464,4.1223,3.37234,4.7224,4.86292,2.9535,3.58424,3.24745,5.35497,4.18035
3.54539,4.08141,6.1277,5.01107,4.00131,3.59215,2.98956,2.09899,4.81729,3.58125
2.89981,3.96035,3.16994,4.1729,4.12104,4.7925,3.2702,3.27349,5.29128,3.97164
3.58662,4.17373,5.0793,3.21209,5.29487,3.57344,5.27964,5.17915,3.1763,6.14344
3.94075,3.71318,4.70413,3.19959,5.62556,3.74819,3.32959,4.03055,3.9032,3.83933
4.37854,3.70115,3.78857,3.76752,5.90974,3.11637,3.40701,4.79723,5.11098,4.83609
4.47464,5.21171,2.77441,4.70811,3.76324,5.41611,1.88398,4.95728,2.05703,4.94064
3.02634,3.53768,4.23181,1.08149,2.80914,3.78078,4.10493,4.93783,4.45624,2.53038
3.67332,3.28223,3.75274,3.88029,4.25847,5.16117,4.35097,4.39494,4.32707,2.09901
3.51134,5.77861,3.92473,3.31509,4.09164,4.48271,3.81933,1.89433,4.07997,5.23576
4.84261,4.0708,4.58943,4.09511,4.44362,4.04626,3.55748,4.49313,4.39834,2.48406
4.97758,3.52256,4.85039,4.11693,4.7994,4.68631,2.73603,4.60135,2.74081,4.22686
3.28022,4.83853,2.82667,4.61786,3.58951,3.76591,2.42381,6.27054,3.14446,3.74978
3.29027,4.90453,4.68368,3.47814,2.50459,5.7463,3.38311,5.20278,5.07634,5.57164
5.17362,3.43545,2.99887,3.97726,4.54805,4.77741,4.23527,5.76074,3.91207,5.57224
2.99375,6.09245,3.73053,4.15594,3.48544,4.27336,3.29946,6.52977,4.45412,4.11922
3.37039,2.13009,4.60361,4.33127,1.62927,3.7039,5.72649,3.25731,4.98303,3.17858
3.31582,3.08121,3.42342,4.21234,3.43891,2.97901,3.80394,3.63289,3.16755,4.10458
4.43978,2.92269,3.207,2.96418,3.74312,4.12737,3.57677,4.51132,3.79565,5.00365
2.62614,4.39246,2.90196,4.67332,4.2915,4.03587,4.71316,4.38547,4.76447,3.80798
4.90948,2.30646,3.36438,5.24058,4.04811,4.74037,3.41485,3.7892,3.26187,3.95647
4.45149,5.70582,2.95714,4.7529,3.33708,4.60721,3.84068,3.70971,2.77995,4.32902
4.528,6.05344,5.19623,4.86224,4.59101,2.82742,3.54053,4.74726,3.3794,3.44332
4.95786,4.37641,6.53246,5.04371,2.69137,5.38446,3.09771,4.6265,5.40903,7.67417
2.5947,5.09979,4.24756,4.65783,2.87804,3.76662,5.3608,4.84363,2.79388,4.66859
4.17575,3.29546,4.05938,3.65098,6.09993,4.18382,3.69483,4.24074,3.4845,3.46191
5.48723,3.37835,4.90983,4.7182,3.18935,5.48314,3.795,5.21394,3.30578,2.29541
2.39553,4.0024,5.25647,4.39156,4.36507,3.36058,5.50005,2.37383,3.27474,4.39366
3.61056,2.99542,4.19,3.53306,2.6627,2.75758,3.88207,1.81663,3.77879,3.45993
4.42294,3.20729,4.2672,5.25103,3.10471,4.53668,5.17427,6.08393,1.60475,2.97022
3.90263,2.98472,4.73231,5.28751,5.38457,3.38728,2.42658,3.32099,2.861,2.20255
3.18584,2.54196,3.57832,3.90545,2.64333,4.99715,4.69558,3.32294,4.1303,2.95023
4.89866,1.5301,4.11357,5.21798,3.95552,3.26315,2.4554,3.14453,1.74369,1.54753
2.17339,4.48938,2.25094,3.8116,4.47802,4.88873,3.51876,3.46335,4.93986,3.25661
4.26045,3.53833,3.30836,4.54838,4.85128,4.62234,5.65031,3.72645,3.11567,4.71767
5.30949,4.62868,2.96895,5.11663,3.7975,3.10559,2.23035,2.91708,5.61911,3.92815
5.76041,4.0624,3.94102,4.13182,5.92444,3.44083,4.43745,3.1659,3.3782,4.52692
4.9898,4.06764,3.59573,3.74366,3.59784,5.42732,5.95788,3.57301,3.91533,4.3384
5.10776,3.70465,3.77192,4.44331,3.4205,4.70611,4.88588,3.69141,2.94142,2.85677
4.32912,4.55681,5.35583,4.95168,4.52142,4.78079,4.87209,3.46454,3.25517,4.09917
2.80153,3.27147,4.3931,5.22134,4.30962,3.61716,2.52533,3.98093,3.85472,5.61462
4.10719,4.39727,2.23091,4.26441,3.80252,3.04246,3.7158,4.68139,5.09909,5.75313
5.38384,3.48588,4.48122,3.75628,4.55904,4.08167,3.49118,3.81214,3.27424,3.45306
4.37141,5.10599,2.71313,3.87921,4.26907,3.39802,4.71546,4.37325,4.15961,4.54119
3.01812,5.3,2.46545,3.41673,3.6936,2.7636,4.17691,4.80368,4.10344,3.65741
4.7105,2.99988,4.85449,3.13737,4.4548,3.72601,3.72465,6.08109,3.21253,4.23929
3.79502,2.11396,3.40754,4.01978,3.59528,1.68512,6.12802,1.59107,2.78536,4.89449
4.07559,4.89045,4.35976,4.06537,3.65811,5.10191,4.66015,5.15173,3.80455,3.54181
6.16267,4.40142,2.53577,2.06651,2.37001,4.17709,3.73069,3.60092,4.03586,2.58004
2.32725,4.05795,4.47319,2.41152,4.01994,4.52537,3.95059,3.70609,4.14823,2.89229
2.93197,3.86605,3.99326,4.19259,2.92862,3.37843,5.18484,5.21298,3.82529,3.47402
5.01224,3.62452,2.15804,4.54415,2.39119,4.22806,3.75002,3.16903,3.25924,3.2245
3.50413,4.97168,4.02986,5.65742,4.01819,4.4732,4.26227,3.93474,5.49802,3.49251
3.32303,3.78916,2.60864,3.06603,4.33607,3.95907,2.61348,3.562,3.046,1.21586
4.73927,3.82715,3.6507,4.86875,4.42367,2.82179,2.49339,3.07455,4.78651,3.66564
4.59573,2.88438,3.29789,4.7068,4.61344,4.90926,4.54203,3.41195,2.60782,4.65021
2.37896,2.10332,4.88263,3.87443,3.96294,4.58684,5.93346,2.16357,1.76909,4.99524
1.69173,4.00509,4.75822,5.17699,2.62493,2.89951,2.83583,2.38645,4.87027,2.43421
3.50064,3.7905,3.12929,5.04171,3.53594,4.16398,3.07254,4.7334,3.64984,4.85186
4.68544,4.21682,4.30516,5.7865,2.97147,5.04966,3.6135,1.98005,4.97141,4.71445
3.83308,1.82777,4.41739,3.66396,5.31862,5.03642,2.42813,2.24168,5.07745,2.85164
4.63276,4.81083,5.14469,3.17737,4.63961,4.06172,3.74012,2.48674,3.93296,3.52915
3.73414,4.68425,2.76761,4.40383,4.58114,4.30967,2.76782,3.70276,4.29152,3.79781
4.79075,2.26938,4.44178,2.18425,3.86825,3.61646,3.77308,3.89824,4.23034,4.83563
4.65327,4.75552,4.11587,3.5361,4.17922,4.1776,4.61026,4.39643,4.42206,3.82537
5.18916,2.3622,4.72974,4.25431,3.97154,3.76863,4.42903,3.86053,3.74169,3.24672
4.10063,3.54427,2.363,3.3846,3.94205,4.91077,6.42794,3.38496,3.36991,4.16491
4.04232,4.1452,4.32288,3.15686,4.84039,4.87861,4.50123,3.1487,5.88781,5.02019
2.44392,3.65981,3.87747,2.56547,2.97331,4.24776,5.24867,3.06757,2.80207,4.23903
4.14908,2.64014,4.04767,5.11007,5.17151,6.39991,5.60525,4.83201,5.25779,4.00898
4.46632,4.45032,5.44333,2.82635,4.46236,3.07989,4.05971,3.8924,4.06219,3.75957
3.81416,3.17815,4.64744,3.56732,3.88266,5.20875,3.54245,4.85821,5.02838,3.50938
3.09509,3.32115,4.54908,5.09263,4.01618,4.04348,3.2776,2.19353,4.89417,3.45635
2.61265,3.50419,2.69689,1.56333,4.18779,3.56687,3.30916,2.73958,4.78738,5.57119
4.39235,5.35542,5.2636,3.59056,2.54006,4.82799,1.81964,4.32544,4.16325,2.22549
2.67712,3.46195,4.32615,4.03843,3.70165,3.21601,4.88855,3.34333,5.05123,4.02395
5.39092,4.12917,3.72992,5.0575,5.02319,5.8918,4.06095,4.37337,5.48571,5.18559
5.32661,4.25918,3.82606,5.56419,3.41798,3.72213,4.92405,3.31736,3.99583,5.20749
3.6911,3.21391,3.99447,3.5997,4.29424,7.17682,5.22977,3.6385,3.10458,3.98521
4.36325,4.6133,3.83999,4.72563,2.62851,4.65441,3.32594,2.29201,4.99918,3.2735
2.6691,3.54629,3.1731,4.08567,4.75941,3.54573,5.1007,3.13023,5.28799,4.85778
5.01047,7.33545,3.62608,5.42407,6.4288,2.2912,2.47572,2.7458,3.86901,5.21411
3.11483,4.56227,4.67152,4.86474,5.05218,4.91112,3.48259,4.93155,3.98455,2.81484
4.34511,3.52071,4.39615,3.38528,5.48323,4.30019,5.08136,3.65065,4.1031,1.72322
4.50162,2.81152,3.87764,4.40565,4.77264,4.43439,4.43368,4.31856,3.43705,2.46323
1.99839,4.69558,3.78222,4.35506,3.90999,4.37279,4.37313,4.26985,4.73884,2.90901
