10
5.25158,4.49572,4.05039,5.0755,5.87392,3.89191,4.72354,4.94129,5.81375,4.10357
3.00155,4.58675,3.68316,3.038,3.50916,3.3949,4.92232,4.49466,3.59763,4.50581
3.42374,3.90104,3.09673,4.46339,3.62565,4.58934,2.79606,4.28297,2.683,3.12285
3.81556,2.07492,3.8154,5.64673,5.0377,5.25631,4.53209,2.95833,1.82378,5.21586
3.33312,4.33327,2.88302,2.4506,5.87049,5.57914,3.36094,2.74118,3.30472,3.68388
3.70884,4.60465,3.29417,5.33392,4.12133,5.8434,4.22363,5.14708,4.74883,2.65393
5.06811,4.07008,5.1384,4.72546,4.55066,4.48151,3.62459,3.70982,2.93882,4.12957
4.41632,3.69419,3.50544,4.68153,5.86814,3.67051,3.02049,4.50222,4.62604,3.78298
3.79347,2.32658,3.69647,3.52604,3.56356,4.39089,4.11545,4.90791,3.75959,3.81604
2.85335,4.25924,3.16906,5.27041,3.95001,4.56971,4.89303,4.48246,1.98704,2.25331
4.93448,4.1507,4.03584,2.84411,4.14327,4.1955,3.33134,3.7685,3.83175,3.32162
3.98589,4.44073,5.03387,3.70408,5.22416,3.91445,4.46512,3.89213,3.66477,2.97774
1.74636,3.20284,3.43022,3.05712,1.97646,3.35267,3.56632,3.09944,4.27758,4.08424
5.4087,3.68444,2.51817,4.50939,0.445518,4.75412,3.80425,5.84666,3.90674,4.62878
5.5561,2.62167,3.84013,5.05687,5.03449,4.90962,3.30014,3.3909,4.56672,5.08308
3.89821,4.03536,5.64512,2.19553,4.317,3.3857,4.43461,4.23339,3.83717,3.64932
4.16016,3.37978,3.45726,3.53615,4.1479,5.74419,4.16442,3.5422,4.34116,4.0064
5.05984,3.67954,2.62685,3.01768,2.37357,4.00393,3.67288,2.87374,4.02315,3.60375
5.22103,3.54412,4.69119,3.14519,4.45246,4.46043,3.3518,2.69629,5.49852,3.55459
5.29996,3.96931,3.51786,5.02151,4.23245,5.47146,3.36486,4.31507,2.4391,4.8562
3.54355,4.90768,6.3076,3.96363,2.49619,4.67814,3.70658,4.76603,6.90927,4.13896
2.28144,4.26,5.60234,3.1519,5.0605,4.29467,5.20164,3.81062,4.4925,3.0968
2.98521,3.33796,3.36218,3.43692,4.81613,3.06609,5.41219,4.21026,3.54161,4.73543
5.84958,3.45184,4.71231,4.76456,4.67024,2.5623,1.88078,6.13372,3.70282,5.96776
4.34126,3.202,4.42319,3.32274,4.01898,3.98728,4.56067,3.22094,5.22812,4.06658
3.92586,3.15339,2.38151,4.85446,2.66812,3.88506,4.20548,4.23399,4.09024,5.25668
4.83234,3.94157,4.32489,2.57478,2.59041,2.75167,2.45119,4.50717,2.34023,4.91015
4.18593,5.67336,4.73082,3.03783,3.43996,4.15782,4.2594,4.15308,4.09798,6.12393
3.32518,3.95554,4.00775,4.91401,2.37515,2.28401,3.81171,4.23534,3.82913,5.29065
5.94699,6.18876,4.7461,6.91252,3.6596,4.50164,4.52304,4.26654,4.77241,3.97094
5.269,3.01157,5.55563,3.79845,2.26848,4.13905,3.82982,3.78908,2.63069,4.45525
5.3081,6.59812,5.09088,3.65312,2.9776,3.87605,5.42266,4.075,4.73633,4.45143
4.39959,5.44154,3.42225,2.85625,3.27578,4.50565,4.99746,4.74891,4.57616,4.54218
5.79727,4.27021,3.14312,4.47547,3.65845,2.39064,4.13439,3.96168,2.37822,4.51105
3.31737,5.66917,4.37497,3.46118,2.6798,2.69312,5.47122,3.2624,3.66285,4.2387
3.80881,4.32846,4.65283,3.72369,2.71992,4.03623,2.31987,5.07008,3.17145,4.81406
4.29749,4.16569,4.70533,4.51666,3.20452,3.8751,3.78367,3.03777,3.88889,4.07185
3.1004,4.6044,3.81072,5.26641,3.81998,3.89432,3.4014,5.59924,4.07238,3.78573
2.65861,2.97949,6.23205,4.48748,4.08712,3.82628,6.29391,2.87448,3.68698,3.705
3.45033,4.93268,2.10188,3.74102,4.88648,4.37484,3.13267,4.00177,3.92675,3.892
4.83301,3.05777,3.21678,3.34532,4.48744,4.24765,3.44345,3.20901,5.2404,4.49826
5.81587,4.44862,2.17959,4.64571,4.42558,3.51366,3.96999,4.20897,5.23141,3.37746
4.16016,4.61046,3.7359,3.7447,2.86271,3.8421,3.8738,4.60306,4.52307,3.75796
3.16836,3.65489,3.02996,3.50115,5.48793,5.24611,4.77632,3.62433,2.17339,4.60891
2.94557,5.12251,3.83506,5.04037,5.49831,2.55127,3.42553,2.53537,2.85188,3.82268
4.63686,2.38636,5.32447,3.11839,3.95389,2.84561,4.67049,5.07317,4.24822,3.52481
4.4114,4.51496,5.27961,4.5318,3.40286,4.97206,3.81837,3.91828,3.66383,2.5926
5.12882,3.43441,3.91163,3.20995,4.14562,3.80762,2.86007,3.31047,2.83629,3.60371
2.41847,5.76897,4.5258,5.20395,2.79161,3.84339,5.33872,5.03224,3.96546,3.73713
2.95676,2.76261,2.95712,4.84215,4.33203,3.89839,4.09261,2.74474,4.54982,3.17248
3.06584,3.75869,1.71486,4.02791,3.64861,5.06968,3.4166,4.24975,3.92442,3.06804
4.85776,4.724,3.41317,4.0849,3.64913,3.40286,3.7684,3.12364,5.32452,5.30838
4.27822,2.2987,5.09902,1.92567,4.08517,4.30452,4.84848,2.88284,2.7698,2.21418
4.01008,2.59788,2.73459,4.80341,3.02363,3.87648,3.64571,4.85974,3.34141,1.82722
4.05371,4.79952,3.19568,4.47736,3.82774,5.36007,3.18631,4.22041,4.62028,6.40387
4.76527,4.15068,3.87366,3.51587,4.38605,2.68911,4.14555,3.63105,4.34793,5.54149
2.83694,3.45973,3.22732,5.33944,5.71336,3.11661,3.18574,3.10502,5.4867,4.42825
5.43251,3.11598,3.41006,2.66525,4.25536,3.691,5.69373,4.66752,2.94137,4.39675
2.79037,4.71286,3.52656,4.11461,4.02188,3.81629,3.42172,0.852774,4.14571,5.43508
4.89289,4.57006,5.39978,4.79611,5.01543,5.05225,3.80193,2.8907,3.46482,4.92843
3.18858,3.38275,3.01662,3.86038,4.33792,3.81348,2.0405,5.68028,3.47477,3.71524
4.46019,4.68491,4.48763,3.93043,4.11495,4.68752,5.33154,3.3702,4.04532,5.18374
5.35347,5.11941,4.12857,4.19182,3.90263,4.59207,3.84287,3.29067,3.56917,5.27626
3.27997,4.34142,5.12908,4.78749,4.46522,5.01026,4.01055,3.11873,3.61171,4.26983
1.94516,3.70214,4.94153,4.22432,4.65702,1.86483,3.35047,4.07049,5.35153,3.45306
4.44353,4.78681,4.37607,3.03862,4.30665,0.980076,2.40178,4.41307,4.93188,4.84928
3.85054,4.30886,3.658,3.38056,4.02728,4.41564,4.59994,2.97643,6.3698,2.34766
4.27649,3.54016,3.08341,2.36253,4.76114,4.40754,2.81122,3.33046,3.83238,4.89892
5.24861,4.42233,1.92311,3.22169,3.5591,4.41288,2.06528,3.64026,4.07105,1.80707
2.46095,2.76556,3.38246,5.11701,4.45182,4.04756,4.34134,2.31381,3.7455,3.46792
3.51685,5.23055,3.93162,3.56303,5.06936,4.42668,2.36982,4.89641,6.03547,3.29324
4.27978,3.30962,4.75665,2.69713,5.83498,3.90746,4.42559,5.27795,2.99572,4.76565
3.23471,4.58294,1.68106,3.15915,3.92039,4.02642,3.11526,4.70279,3.41797,3.60185
4.63345,5.62364,4.49978,4.99336,6.39526,3.06298,7.00015,2.51276,4.51544,4.58547
2.66228,5.032,4.67293,2.21593,4.47661,2.01718,4.75634,3.708,4.37996,4.31115
4.2767,4.67896,3.94703,2.85062,2.83761,2.70255,2.17555,5.30478,4.57877,3.11712
2.71154,3.50763,3.81668,3.85731,4.21307,4.30772,3.96286,1.90013,4.35079,3.91701
3.82024,4.34005,3.46466,5.25093,3.33733,5.12187,2.51897,2.93068,5.32457,3.81494
4.34111,4.33054,4.83507,2.42455,3.47646,3.50181,3.65348,4.52493,4.50035,3.23164
4.05753,4.18224,3.59697,0.979692,4.03455,3.95459,3.20818,5.45063,4.83267,4.17322
3.77214,2.26738,4.60806,2.30526,3.68184,4.70334,3.17943,3.55784,4.55278,3.23651
4.41821,4.20967,5.74292,2.67536,5.28063,4.30018,4.04771,4.95616,2.27895,5.00522
3.63544,4.31104,2.93096,5.38429,3.99664,1.9743,4.3964,2.42529,4.41137,4.64851
3.69886,4.2247,3.34309,3.96415,3.64385,2.8729,3.95155,5.51602,3.76267,4.7637
5.12297,5.866,4.09524,1.23667,3.36541,4.99707,2.60309,2.47257,3.94743,3.55568
3.70916,2.47299,2.91388,5.46416,2.16391,4.2633,4.25367,4.64607,3.94004,3.7488
3.21001,3.69341,4.51017,4.84209,4.21128,2.33029,4.26635,3.69557,2.69884,4.99455
3.12026,5.14084,3.0932,4.07827,4.31706,3.1406,5.15495,3.01607,3.01587,4.15396
2.42555,2.51205,4.35497,5.17096,1.66097,4.47924,2.82496,4.50088,3.22802,1.83492
3.51415,6.01157,5.63466,4.87016,3.99312,3.11686,4.40978,3.25566,4.44095,3.43191
3.90638,3.34356,4.47393,3.68929,4.52395,1.6658,4.98027,5.39555,4.15302,4.5728
2.1361,2.53037,3.28771,4.82587,3.82316,3.69044,2.62977,6.25529,3.50915,4.23976
5.2827,3.37636,3.06529,4.45148,4.94971,2.97308,2.96738,4.83493,3.98651,5.12135
3.33502,5.19434,2.38043,2.53446,5.88871,4.22495,4.52084,3.63943,4.69666,2.78533
3.92767,4.51895,5.49621,4.17211,2.83719,3.24601,3.23056,3.20097,3.29539,3.00193
1.8084,5.31334,4.85209,2.61392,5.52057,4.03892,3.79328,3.10988,4.65869,2.48717
4.31351,3.79944,4.41957,2.18403,3.63244,5.7705,3.41216,3.46154,4.79617,3.05606
4.09674,2.67759,4.30712,4.94717,4.29437,3.01834,4.33957,4.10396,4.73266,5.42796
4.96971,3.12067,3.72637,3.77553,4.29598,3.21769,5.72756,2.79772,5.99854,3.83277
3.54857,3.59633,5.85978,3.20678,4.1642,4.59362,3.70545,4.70635,3.59096,4.51489
3.91084,4.33004,5.12416,3.72801,1.36356,0.635814,3.25775,4.39911,3.49663,2.65596
4.53034,4.34336,2.50978,3.10303,2.97591,3.85397,3.76613,4.46319,4.16355,3.81806
4.07535,2.71416,3.91107,4.1218,4.75435,2.36647,3.27425,5.46093,3.6913,6.0297
4.72372,2.57173,3.5276,5.01882,2.54289,3.03135,3.11957,4.50891,2.92609,3.13683
5.21277,5.25599,5.38532,5.26818,2.0544,4.6227,5.40605,4.0969,5.67672,4.98885
2.79687,4.5421,4.58812,3.31728,3.51514,2.73423,3.79963,3.84985,2.82993,3.14592
4.05255,3.37937,3.71083,4.82049,1.65658,3.79516,4.96049,3.70531,3.31305,2.62039
3.31081,3.73463,3.71178,2.82636,4.07902,2.39195,2.18235,3.00903,3.83749,2.37361
5.3856,4.8768,4.35004,5.66489,3.14546,3.85707,3.04519,5.13924,3.01342,3.73242
4.27132,2.91065,4.43707,4.80526,3.85173,5.01708,4.42528,5.11941,4.00594,1.31018
4.36864,2.5347,3.46093,3.33482,4.38828,5.80097,5.5298,4.27051,4.08516,4.79226
3.58204,3.77022,6.04669,3.78105,6.44439,3.08818,5.32352,3.65278,5.25462,2.19144
4.33257,3.41917,4.87885,2.61323,3.01461,3.24721,4.2818,3.51621,4.26299,4.52707
3.92958,2.35008,3.93734,4.18342,4.21045,2.73774,4.23854,3.76362,6.43911,3.14097
4.6522,4.01732,5.10777,5.27005,3.35549,4.11771,5.39666,3.53684,3.08561,2.90533
3.31161,3.14834,4.49303,4.02745,1.41007,3.29027,5.69555,4.41945,5.18502,4.71008
3.5531,2.29855,3.97298,3.89216,1.78783,3.2166,3.92484,4.41702,3.6261,3.93192
2.51949,4.16066,3.54311,3.36144,4.56428,3.6738,4.50258,4.89533,2.82513,3.55071
3.50903,4.70539,3.94548,4.45952,5.50645,2.98509,3.68552,6.87636,3.87474,3.9786
4.30202,2.24978,4.37964,3.1041,3.3151,6.36568,5.52278,4.01058,3.36317,7.33566
4.60309,4.85714,2.93721,5.04104,4.26824,4.07187,3.35321,4.4383,6.06259,3.05688
4.66741,4.31834,2.66169,5.51321,3.75382,5.75754,5.03422,6.48488,3.33718,2.97926
6.03228,2.24953,4.91216,3.81167,3.51587,3.50951,5.92202,3.52253,4.47852,3.62841
4.15158,4.32301,5.01702,4.21874,3.91657,1.72625,4.29086,2.15073,3.85812,4.09962
4.57966,2.8071,4.20846,4.62116,4.00395,2.34361,4.46414,4.31114,2.5632,3.06848
4.68404,4.9084,4.90191,6.73087,4.82587,3.60414,4.62271,3.23396,2.96022,3.51527
4.57299,4.65614,2.90435,4.76068,4.50492,4.5782,4.41881,5.11087,1.76819,2.73838
3.94512,3.5456,2.76909,3.18646,3.1068,3.79936,4.65503,2.91107,4.17727,4.89737
3.60649,2.8825,3.97031,3.48346,4.23643,6.1434,3.7285,3.81201,4.77499,4.18523
4.41965,3.62499,5.50372,2.18193,4.28341,4.13178,4.53047,3.1622,4.44692,4.70941
2.64774,3.88257,4.38038,3.32322,2.03018,4.01446,3.50566,4.63289,2.38879,2.99145
3.05563,3.69615,4.92251,3.12374,4.58376,3.0765,4.10939,4.61467,2.7684,3.13247
4.47244,4.94278,3.63221,3.42268,3.39111,4.67543,3.1573,3.65525,4.72699,2.15352
2.07269,5.29291,3.14085,3.61034,4.64852,3.18051,4.47676,2.34604,3.55109,3.69686
3.73973,4.31701,4.351,2.3267,2.61174,3.82011,3.72027,4.15247,3.54056,3.50334
5.23497,3.50533,4.62025,5.18909,5.37097,3.33452,3.43464,3.54426,3.30618,5.50367
4.67346,3.64384,5.22416,3.8881,3.33921,4.40073,5.90765,3.68046,3.90317,3.93337
3.29837,3.84247,4.41534,6.56487,3.20962,3.21661,2.24807,2.46623,5.35982,4.38106
3.78968,4.52207,4.03801,4.67536,3.22122,3.65665,2.30231,3.56432,5.39208,3.53067
2.83682,5.49321,4.87159,4.10516,4.81184,3.57935,2.93005,2.67002,5.51736,4.80725
4.4686,3.14227,3.61351,4.58255,2.63769,4.4894,4.18954,2.16455,4.58052,2.73241
4.43774,4.63049,4.18906,4.23229,4.23834,4.93145,3.56629,2.84731,4.48805,4.94597
2.87524,3.14695,2.26274,5.9476,3.4892,4.67981,5.39848,4.29253,5.66983,6.1838
3.28225,2.60273,4.33456,3.73335,4.41798,3.99665,3.0159,4.1395,3.66048,4.8579
4.32331,4.27771,5.76311,3.97071,3.96855,4.68561,3.88718,4.52146,4.79768,3.26991
4.4469,6.01733,4.81878,3.47203,3.02631,2.62936,3.95132,2.34963,4.65735,5.20476
2.53822,4.1028,4.37025,3.92616,4.04133,4.21267,3.66807,3.04288,3.54641,3.64106
3.98472,5.56901,5.36535,3.47673,3.87667,4.40849,4.50263,3.93646,3.53152,4.05074
3.79827,4.52004,5.17511,4.75106,2.30591,4.32033,4.74247,3.10733,2.95711,3.57162
3.78124,5.03958,4.40351,1.51479,4.34238,3.82153,3.78876,2.46178,4.8128,3.52136
4.88432,4.52187,4.36698,4.63377,4.10607,3.84295,4.38404,4.32227,3.47258,4.5448
3.64662,3.64213,2.88007,4.23183,3.93683,2.78376,4.68927,5.29116,4.97485,3.12899
4.78723,2.62159,3.61099,4.1463,4.18271,4.42636,4.91872,5.09634,3.17703,4.3264
3.51511,3.37288,4.77402,2.91718,3.58096,3.1163,3.56618,2.7279,3.04628,2.21924
2.77088,3.05692,4.50307,4.89862,4.87425,3.59815,6.78564,4.05096,4.88528,3.13814
4.62258,5.21899,1.77445,4.04003,4.48521,3.5345,2.89164,3.25709,3.20248,4.29715
2.19117,2.67331,2.26247,5.42095,2.14196,3.98838,2.83047,5.41886,3.24748,2.11458
4.37605,4.23875,2.5634,4.87657,3.9584,2.47669,2.49174,5.08343,3.67875,5.14762
3.35352,5.3887,2.62847,4.72639,6.63252,2.83937,5.38145,2.30271,2.70405,4.97858
3.82234,3.41038,5.78712,3.95354,2.69046,4.1822,2.32728,4.08338,4.54696,4.47942
1.25811,2.91191,3.49465,5.9964,3.86877,3.43044,2.49642,4.78407,5.10591,2.87886
3.64366,2.91625,4.24459,5.90646,4.34114,4.3865,2.14672,4.24101,4.57556,2.45458
5.031,4.31754,3.24461,6.22899,4.6384,4.42131,2.83024,3.89644,3.83916,2.34791
2.94929,3.99433,2.40972,4.92634,2.14799,4.38519,5.07726,3.22545,3.51326,2.96437
3.73398,4.6562,4.8129,2.50988,2.90082,5.31028,4.82458,4.4553,5.00605,2.1593
3.7964,4.1286,4.79086,4.5082,3.36867,2.4174,5.70914,5.66613,5.07752,5.53748
4.79759,4.33936,3.02401,2.13152,5.52882,4.05684,3.64216,4.35285,2.82075,4.47544
5.35958,2.49571,6.91905,5.28757,3.4051,2.88755,4.97445,3.96213,4.10616,5.7092
4.72092,3.79171,5.37888,2.38227,1.06236,3.69059,4.66942,4.12095,3.73948,3.6744
5.38787,4.93726,2.62869,4.2994,3.88071,2.08338,4.49493,4.77883,4.73562,3.86548
4.75466,5.01715,3.28146,4.9195,3.68345,4.2912,4.40747,3.46155,3.66654,3.69231
4.81965,4.53489,5.12718,4.58375,5.15036,4.34971,4.88275,3.2837,3.54736,4.18024
3.34875,3.45102,4.34749,1.89336,6.48014,2.23737,4.48227,4.28075,4.40759,4.42844
5.34384,3.77721,5.36954,3.90493,4.47577,2.95542,4.25889,3.76076,3.58949,4.79382
3.43373,5.28808,2.27503,2.46621,3.65175,4.7628,3.55495,4.75185,4.55159,4.44042
2.95225,4.13496,3.22045,3.65813,6.31034,4.84819,4.48149,2.3006,3.91597,3.76354
3.43654,2.56197,4.26197,4.48365,4.55287,4.279,2.3453,5.39417,3.28084,2.34272
4.35372,1.65129,4.61918,1.19796,5.81693,4.11627,4.77569,3.95021,4.4597,3.26607
4.50652,3.56911,4.89839,3.86183,5.19159,4.82252,4.02519,4.17681,1.81752,1.48674
4.89136,4.47265,4.75889,3.87981,4.15892,3.61605,4.41449,5.6053,3.43422,4.06581
4.61065,4.23454,4.04708,4.2178,5.36109,3.61869,3.5761,4.19901,3.22179,3.9733
4.89775,4.83,3.95796,4.66173,4.82074,5.41251,3.97276,4.58523,3.81114,3.94868
3.04569,3.45094,5.53353,3.15123,5.14442,5.39201,4.50889,3.89401,4.13626,4.81379
3.90063,3.49531,3.24533,4.40465,2.05036,2.87394,5.47474,5.55681,4.64734,3.30096
4.52028,4.75215,6.37994,5.12032,5.41775,5.4864,3.42282,6.00534,3.65829,2.86897
3.24189,4.11174,4.64265,2.14048,4.80348,4.04808,6.49645,2.74949,4.96981,3.01894
4.84265,3.26488,3.80735,3.81379,3.64985,3.03244,4.82226,3.76408,3.26429,4.59361
4.22053,5.19669,1.69143,6.54406,3.97969,4.65707,5.08166,3.94843,3.67319,4.43881
2.89568,2.93824,3.45291,4.14357,2.35294,5.0369,3.09441,5.26885,4.5869,5.32468
4.90973,3.28789,3.03162,4.2056,3.99554,5.11537,4.24171,3.31902,3.53078,3.6674
3.0698,5.03801,1.5252,4.72403,3.52172,3.50134,5.6842,5.54302,3.20314,7.57576
3.70093,5.32171,5.96215,4.65908,2.88422,4.56109,3.73993,4.10176,3.39642,4.15442
4.5461,2.02554,2.7963,4.40956,5.96648,2.65131,3.65012,2.88357,2.97124,2.91698
5.01241,3.99791,5.17897,4.45523,5.77552,3.93103,3.81734,3.62218,3.83941,3.47484
5.87459,3.97657,4.34048,2.90314,2.88478,4.3698,4.41749,4.41712,5.33636,4.03575
5.5147,3.24139,5.44571,5.24344,3.92969,3.18067,4.2498,3.50481,2.51837,5.38311
1.8682,2.6428,4.62302,4.59705,3.43269,5.10004,3.65416,5.02898,4.12543,4.4617
4.70617,3.96984,4.1898,4.20813,5.42919,4.20239,5.56464,4.97375,5.71025,4.48978
2.91814,3.28056,2.43614,1.99784,4.75545,5.32941,3.99014,3.55464,4.60589,4.01627
4.23885,3.2697,3.85998,1.7937,3.97908,2.07001,2.81954,3.29631,3.68386,3.82188
4.22367,4.62744,3.89779,5.87218,3.08165,2.02287,4.50319,3.40012,5.62833,3.3421
3.38608,3.1967,3.95134,2.17297,2.13103,3.32536,3.14246,4.67264,3.93663,3.35327
3.79974,4.56072,3.16308,3.9239,3.97768,5.31044,4.49378,5.83483,4.67539,3.0717
2.34664,4.97568,3.85496,4.85942,3.56906,4.42017,3.30485,5.88923,3.73057,3.89091
4.73764,5.47227,4.78726,5.47892,3.31703,4.54201,3.21342,3.96683,3.2619,3.72158
5.03665,4.2418,3.60567,4.19966,4.55745,3.33587,3.89323,3.3568,3.03935,2.87602
5.31409,3.88828,4.31889,5.38441,4.49224,4.48697,3.55309,3.4373,3.04243,3.66565
4.47922,1.54577,4.53077,4.18884,2.60577,5.06588,6.97286,6.17993,4.23935,4.7195
3.55484,4.06715,3.52715,3.48652,5.10845,5.11666,4.46012,4.35032,2.01494,3.15422
5.95024,3.87363,4.78674,3.9346,2.41295,4.21802,5.45604,6.14697,3.41269,3.26841
3.59284,5.18197,3.90368,3.11968,2.94286,5.232,4.43793,5.34985,3.34542,5.13821
3.62123,3.63117,3.6322,4.78562,2.31815,3.71119,4.50895,3.14683,4.34662,3.64621
4.2968,4.59956,3.33673,3.93177,4.59725,3.38462,3.29264,4.9145,4.28381,4.1579
4.01161,3.62203,4.57445,3.95303,3.94038,3.19829,2.74571,3.04107,5.82995,4.10651
3.22529,3.89912,3.4843,4.84745,5.18257,2.24062,3.14493,4.24228,3.92892,4.06806
5.00581,3.65462,3.87917,2.98858,3.7116,5.85518,3.5591,4.53114,5.74052,1.88863
3.1962,5.53128,4.19717,4.52762,3.32636,5.36713,3.07232,3.45174,5.94965,4.76383
4.46046,3.29481,2.83893,3.29873,3.83173,3.02845,2.15626,4.34927,5.15859,4.04671
4.10291,4.80526,6.26722,4.3647,2.79801,3.13765,3.9652,3.11662,2.67651,4.21816
3.70362,5.25065,3.90245,4.94979,3.47587,4.17205,2.71706,5.53905,3.26045,4.33415
3.13017,4.74504,4.19759,3.26567,2.8153,3.88447,3.6609,2.99804,3.04953,5.01843
3.78771,4.11848,3.14333,3.7671,4.03546,3.62688,3.11387,4.72725,4.52682,3.93641
3.10792,4.20244,4.30241,4.66536,3.66413,4.45076,5.44477,4.94795,4.49745,4.588
4.97212,3.10049,3.28144,3.56217,4.75791,2.65927,3.45719,2.78169,5.05291,4.20368
3.39669,5.41687,4.37464,3.50749,4.2503,5.68044,2.75759,3.90081,3.94553,3.66372
6.69818,3.36377,3.66969,4.22703,3.91293,4.73742,4.06599,4.25347,5.13698,2.94373
3.94022,4.67463,2.76856,5.87595,4.48785,4.16177,4.08578,4.53746,2.67665,4.11218
4.69977,4.99927,4.87509,2.67034,3.61947,3.8618,3.16557,4.50167,3.91674,3.81904
4.86291,3.97017,2.53767,5.07989,3.83204,2.86135,3.05223,4.52957,4.43055,3.51228
2.10395,4.916,4.02185,4.07763,4.4867,3.47012,6.67104,3.55548,2.7943,4.42457
2.82962,1.58566,3.71326,3.52351,5.06737,3.59988,3.80467,3.73434,3.72236,1.93649
4.35355,4.70744,4.39322,3.69172,3.21813,5.53122,2.89515,4.09787,4.54791,4.82034
3.75965,4.5036,2.39518,2.8458,4.78348,4.08494,5.35002,4.54962,1.81298,4.717
3.87429,4.36787,4.11263,2.45557,1.37634,5.5634,3.37279,2.58701,2.41872,3.73035
2.02858,4.13769,3.97648,4.68427,3.18013,2.90073,4.00007,4.24085,3.32684,4.72265
4.41226,4.97255,4.78339,5.74583,4.89691,1.11938,3.54023,4.49585,5.73125,5.8659
3.42757,4.27418,2.75421,5.28562,3.10295,3.82677,5.3874,5.31567,3.55043,2.9457
3.81823,2.6216,3.67237,3.6467,5.09628,4.22179,4.54751,3.28725,5.21869,3.07321
5.57116,5.25404,3.78077,6.3384,4.38244,2.34957,2.84044,4.42419,4.94473,4.96133
3.46726,4.9491,3.94308,5.15122,3.61773,3.92257,2.34026,3.82197,4.89662,3.961
5.31738,3.76949,3.41459,3.44134,5.42658,5.15079,3.75346,4.24368,3.33468,3.10272
7.64883,4.92432,3.13197,7.24469,2.88273,4.3131,3.56201,3.68718,2.27736,3.9027
5.7252,4.13763,2.99588,3.59466,5.05005,1.00798,4.07164,3.6921,3.48731,3.87463
5.50931,5.72921,2.83077,3.90192,3.48516,4.65872,3.63515,5.82479,4.26842,1.56271
4.18484,2.24624,2.96512,5.2076,3.84265,1.99535,4.67687,3.81284,3.60872,4.10124
4.06873,2.94979,4.5861,7.11349,3.59255,3.56484,3.1204,3.67736,3.72245,4.23779
5.04204,3.62918,3.80284,2.78622,3.61388,4.15152,5.65933,6.01914,4.94392,2.39755
4.62835,3.43914,3.19075,2.49964,5.63112,4.10611,3.70881,4.05086,3.55239,4.60154
4.48763,4.47132,2.39634,4.51577,4.34711,2.70156,4.25481,3.96809,5.22661,4.09325
3.2245,5.35215,6.34063,2.64429,4.67808,4.53898,4.57189,4.33578,6.65209,4.78368
1.36421,3.40818,2.61949,2.78125,3.0363,6.07977,3.40713,4.76984,2.89678,4.35711
4.58109,3.09528,4.11817,4.42491,4.18126,5.55336,4.88497,5.61484,4.48055,3.88255
3.4212,2.68925,4.46891,3.71799,4.5634,2.53066,4.00021,4.35892,4.05869,3.66096
3.67066,5.31738,4.91978,4.0589,2.93076,3.61939,3.05162,2.34612,4.11207,4.91437
2.56362,4.21519,2.39604,3.03307,4.41433,3.34899,5.24161,2.85035,3.81445,3.82745
4.15548,3.36346,4.05788,2.85132,4.54142,2.46796,3.73389,3.6592,4.97968,4.68272
4.99181,4.46845,4.31119,3.60517,5.63893,3.25247,4.21859,3.73408,1.72721,4.86307
2.01,4.90256,3.12279,3.77506,3.51704,3.72965,5.59762,5.67799,4.11876,2.95419
3.72119,3.4435,3.9945,3.02417,2.74518,4.1063,4.13017,4.08398,2.98211,3.15601
2.95466,5.78007,3.66386,3.81973,3.62948,2.47858,1.99534,4.04324,4.89414,4.42688
4.00297,4.39216,5.27964,4.80289,4.82907,3.29806,2.78201,3.13939,4.33552,5.41621
3.33737,4.47869,4.99325,5.47606,3.23226,3.22616,3.63658,4.09179,4.37141,4.68106
2.725,3.46175,5.1232,4.91974,2.95787,4.68277,4.78509,3.79002,4.29522,4.63867
4.58852,4.45933,3.47205,5.17887,2.04428,4.06501,4.9767,4.5725,4.5219,3.00606
4.27202,3.28479,3.86087,6.33032,4.34597,4.79812,4.7115,3.62203,4.83996,4.69252
3.44587,4.18131,4.28472,5.15963,5.59116,4.02494,2.85613,3.70371,4.85844,6.14854
4.21376,4.25569,3.75604,2.58971,5.70307,3.7535,3.96568,4.54839,3.43489,4.44977
5.37227,3.17703,4.68127,4.63954,3.31174,4.28846,2.43636,2.84784,2.7575,2.97962
5.43819,5.61845,4.38889,5.02415,4.09648,3.07783,2.65549,6.69417,2.82746,3.56581
3.03261,5.62014,4.72361,5.43789,3.31062,3.41014,4.69672,3.13978,3.71783,3.7286
4.1119,5.72003,5.12144,4.56098,2.26863,3.30774,3.60183,4.58721,3.74759,4.69465
4.57283,5.53781,4.17343,4.81248,4.95222,2.60258,5.09756,3.67053,3.55449,4.89682
4.78468,4.17785,4.34863,4.86632,4.78547,3.24461,1.98806,3.89346,4.7384,4.48472
8.51469,5.64742,4.09898,3.51122,4.78846,3.61856,4.16623,3.72169,3.05101,3.79446
5.07099,2.0393,3.52085,4.16127,4.21763,3.38136,4.31093,3.0292,4.58962,4.04336
3.35015,4.19287,3.29948,3.6062,4.79625,3.59669,4.92734,4.25774,3.98873,4.30514
3.98354,3.83905,3.75176,3.35956,2.059,4.0288,5.08421,4.57752,5.27154,6.42461
5.57543,4.03575,1.95227,5.50671,4.75498,4.58264,3.26215,4.34877,3.45838,3.20102
3.78446,3.01849,6.76763,3.42906,3.58576,4.15103,3.05738,3.49967,6.30047,5.99555
3.3917,5.15451,4.03902,4.20645,5.24202,3.64635,2.55394,4.45947,2.07463,4.76542
4.98503,4.32412,2.91521,4.5366,3.26992,4.68993,2.85638,2.62221,4.20792,2.9675
4.13421,4.11617,1.91626,4.02906,4.30369,4.05209,4.07397,2.71472,4.80244,3.89466
4.36933,3.84616,2.51136,5.11026,4.95688,3.60191,4.18916,4.38966,4.70116,6.15174
2.79926,4.3624,2.37393,2.44598,4.30577,4.41719,3.35481,4.78899,2.02514,4.09185
3.41451,4.91562,5.01127,3.74726,5.27877,3.57362,3.17508,3.51527,2.09589,3.32378
5.09143,4.06152,3.1051,2.26407,3.94996,4.29084,4.45836,4.29943,3.38323,4.21561
4.22301,4.51486,4.09186,5.62972,2.92441,4.3407,2.78926,5.30004,3.62754,6.04324
2.88046,3.59702,3.11627,1.8934,4.21215,4.94605,6.01829,3.75531,3.61558,4.52734
3.05549,5.55333,2.43685,1.899,3.67269,3.04096,3.29959,4.82559,2.6055,3.07902
5.32042,5.86287,3.97123,2.76765,6.18524,3.23715,5.06093,4.11824,2.27147,3.8497
5.10381,2.90994,4.7012,5.02112,4.15321,4.62911,4.09272,3.89246,3.05258,3.14135
4.06954,3.35646,3.72415,2.61438,2.49412,4.03019,4.13636,3.15349,2.59462,5.25021
4.63767,4.75268,4.11488,3.66135,4.09157,2.96693,5.08738,3.67613,3.39599,3.99232
4.6065,4.64945,4.53796,4.01991,3.96685,4.24913,4.88202,1.49815,3.46363,5.0685
4.54149,3.06416,4.19608,3.48754,2.07218,3.78815,3.56243,4.8482,5.77081,4.07973
5.5637,4.08324,2.26864,3.18821,4.27482,4.77175,5.8077,2.5609,3.18404,5.47574
3.53282,4.02295,2.78171,2.60432,4.05789,5.0284,3.61687,4.98083,4.57861,2.764
3.95278,5.42475,3.96463,5.36748,4.23648,2.96739,3.45959,3.91109,5.65834,5.58795
3.98487,3.60788,4.75856,3.37204,3.78083,4.10719,3.98961,3.96701,6.35306,4.55784
3.22623,4.74498,4.90159,5.29694,3.55517,3.92846,3.72467,3.9033,4.25197,3.49837
3.42599,5.1726,4.86751,2.54987,3.90556,1.89496,4.75277,3.13781,2.12792,2.98461
5.6285,3.06094,7.37768,4.90297,3.84693,4.66579,6.02216,5.22554,3.51869,4.3526
4.42964,1.87763,3.49236,3.72761,2.32618,4.97127,5.1298,4.51244,2.72421,3.16324
4.52831,7.11095,3.35242,4.52897,2.8568,5.49995,5.218,3.87665,4.62207,3.48502
3.81846,3.87039,4.01694,5.94346,5.58345,4.56293,3.64552,3.68294,2.22078,4.72881
3.44983,3.7264,3.16552,3.94615,3.97853,2.77898,4.24186,5.09569,2.84539,4.37605
5.40586,5.54925,3.47826,1.89509,3.22685,4.03229,5.59598,3.51683,3.59783,3.70854
3.58616,3.17917,4.58247,5.88527,5.82436,4.97792,3.4231,3.73113,2.18951,5.8154
2.1997,4.93075,2.83309,3.12212,1.26891,3.17722,3.89083,4.48268,3.65621,3.90263
5.01169,4.57838,3.12553,4.10342,3.41543,4.32202,3.92269,2.02367,1.09595,3.3297
1.21707,4.44848,5.26703,2.65512,3.60209,3.96112,4.82867,5.44842,4.80596,4.52212
3.90532,3.10937,2.35202,5.13165,3.42919,3.1269,4.18089,4.20275,5.28703,4.60888
1.37326,4.27287,1.74574,4.63511,3.75348,4.63935,3.6987,3.60118,6.15583,6.10438
3.99139,2.54157,2.90727,3.55412,4.56207,3.30069,3.84515,4.23132,1.86447,4.8148
4.48152,4.1226,5.38503,3.09512,4.15891,4.00084,4.74147,3.86462,2.66898,4.03718
3.32018,4.92772,3.0411,4.32192,3.85707,3.82822,5.62235,3.72315,3.84536,3.39134
4.20578,3.41459,4.66359,3.36156,2.20345,4.73552,4.4708,5.69816,5.60496,4.10133
5.2352,3.81031,2.26976,4.34068,4.32273,4.98649,3.77983,2.65246,3.26786,3.85569
3.28676,2.22534,3.25754,3.38907,3.54574,3.45761,2.89262,3.4548,4.63533,4.49193
4.22046,2.47543,4.72298,3.07255,4.04194,3.72896,4.45071,3.5467,6.03249,4.24359
2.01199,3.35985,3.70696,4.38162,4.032,3.79797,1.06799,4.15723,4.65087,3.94055
4.06438,3.33991,2.26693,5.90455,4.55433,3.69419,1.9066,6.66937,3.89869,3.86935
3.87517,5.20348,4.15721,2.32271,5.40156,4.74973,3.132,2.99681,5.03217,5.63795
3.30286,2.96265,2.33543,4.92049,2.74574,3.67821,5.19151,3.04969,5.04168,3.25864
3.19759,4.5487,4.32701,4.3086,4.0622,3.68586,4.01389,2.21884,3.23703,5.6986
4.42123,4.26871,4.61824,4.09788,3.13099,4.86839,2.33674,3.83357,5.4047,4.95338
3.0656,4.21459,3.39882,4.73607,3.41703,4.62226,4.66929,6.02498,2.95255,4.68864
3.11019,4.25535,3.03401,3.32326,2.11516,3.89485,3.88653,3.25064,4.3653,4.20598
3.57358,3.93125,3.33213,5.19944,3.79215,4.01161,3.74332,5.42846,4.72787,2.54697
4.71528,4.42455,3.02493,4.95776,4.79291,3.51874,4.55141,3.76687,4.27421,5.55896
3.42541,4.27121,5.29628,3.54525,4.26079,4.18131,4.76179,3.51287,2.89238,3.47218
4.43943,4.30603,3.9071,4.62773,3.7529,3.77301,4.1759,2.04822,4.50514,4.0563
3.81967,3.77177,4.45512,4.15024,3.22005,3.44329,4.07734,4.53687,3.91707,4.14592
1.79469,4.49624,3.77294,3.26494,3.37601,2.8919,3.74584,2.34746,4.87751,2.89879
3.81583,2.7808,4.76815,3.93987,3.12088,3.19972,5.31577,4.74411,3.89956,2.72595
5.11301,5.88398,2.75108,4.15949,4.22042,2.88412,3.7561,3.22089,3.73082,3.48573
4.7416,2.78487,4.77944,3.75998,4.65165,3.99379,4.63332,3.18226,3.92684,1.40328
5.02798,5.19105,3.82307,2.53882,3.34626,3.79961,4.14507,3.90555,4.9908,2.87108
2.56604,4.00409,3.60363,4.43791,3.81211,3.58344,3.91742,4.08245,4.02394,4.3774
4.17753,3.56698,4.09,4.02289,3.37657,5.28191,2.39736,2.26059,3.56289,4.05115
4.03461,4.49005,4.41469,3.43606,4.0591,4.3579,4.3463,3.20278,3.12215,4.78584
4.1025,4.55916,5.78102,2.96167,3.56372,4.0305,2.8376,5.42159,5.04938,4.41073
3.38755,4.45497,5.04143,3.84275,5.23404,3.3267,2.82344,3.61799,3.21944,3.4717
3.55793,4.35444,4.91756,2.67989,5.03885,3.27604,3.7338,3.04745,3.83683,3.61246
4.79452,5.00245,4.39396,3.34674,3.74666,4.99358,4.42682,4.14642,5.23696,2.67886
4.46855,4.84943,5.12318,2.36968,4.11409,5.48514,3.82694,3.38367,4.03148,2.96503
4.84981,4.29775,5.44629,2.66494,3.39071,4.78816,3.88417,3.62419,4.33195,4.31421
4.2011,1.84576,3.44668,4.10802,2.76903,3.55199,5.38599,4.6731,3.31099,3.6767
4.15394,5.66908,2.25053,4.1744,4.23621,2.9443,4.25484,3.90653,3.71133,3.9555
4.95189,4.82141,5.49396,4.10508,3.50992,4.11957,3.70402,5.43443,2.9579,4.29894
3.51105,4.47882,3.20631,4.17121,2.74155,0.736025,3.55903,3.787,2.53307,5.03838
3.85555,3.613,3.03787,2.70466,4.56902,4.03932,3.87468,2.15123,0.766232,4.31902
3.86157,3.03817,4.59405,4.25187,4.01748,5.2087,4.37038,5.39049,3.65982,4.33468
3.56358,4.57099,3.55787,4.1578,3.40971,4.21078,5.00125,3.36871,3.98716,4.55537
3.66395,3.22627,4.60474,4.39638,1.58932,3.81054,4.45502,6.00669,3.30771,4.96001
4.47574,2.79563,3.66305,4.78638,2.96706,3.62967,4.76037,3.38525,3.60135,4.62878
4.26429,4.67395,4.14798,3.56961,3.32467,3.85413,2.9534,4.06042,5.26825,3.83031
4.35985,3.60432,5.21387,5.61812,4.03715,2.92585,4.73951,3.95838,3.58945,4.76255
2.28425,4.11137,3.73431,3.875,5.57499,1.5019,3.33115,3.5366,2.76315,3.478
3.74502,5.02405,3.7027,3.68871,5.48517,4.5419,2.93091,3.70919,3.89122,5.53132
4.13906,4.19683,4.95811,3.51055,4.92626,2.89054,4.53291,3.44937,0.868488,4.24253
2.75382,4.60696,3.5426,2.93671,3.23883,4.01664,3.07311,3.46482,3.80715,4.0587
4.22851,3.68706,3.82204,4.97025,4.16233,4.35093,3.8686,4.31685,4.68179,2.84426
2.55558,6.30967,3.69108,4.48986,4.68279,5.98934,5.18112,3.95045,4.95936,3.47087
5.54176,3.64228,2.75737,4.43488,3.02424,2.40751,3.07165,3.37469,2.27986,4.36464
5.19698,4.09906,4.49299,5.73055,4.15803,4.26349,5.12486,4.23573,3.41231,4.68775
4.08234,4.04661,4.51396,3.68564,4.52323,6.17362,3.76434,5.07357,3.37732,2.55992
3.70545,4.66464,2.73473,5.18343,4.46751,3.05913,3.9013,4.71176,4.55734,3.06983
3.77764,4.05172,5.44551,4.62609,3.81011,4.26562,2.85547,2.85047,3.87101,5.06223
4.91355,6.21076,3.82836,4.16835,3.66899,6.13838,4.04857,3.00636,4.11944,3.46852
3.71646,3.41866,4.20144,3.92147,2.28352,3.82885,4.80034,3.97996,4.04555,3.17323
3.42224,3.51791,5.5368,3.41428,4.46082,3.80341,3.78747,4.11985,2.68663,5.48831
4.687,2.73996,4.21106,4.5814,2.57577,0.403837,2.90382,5.49198,3.83425,5.28488
3.19315,4.98627,5.54747,3.85065,2.57466,2.95505,2.97845,4.0914,3.31779,3.91129
3.76492,4.44925,4.15182,5.81074,3.98894,4.58246,3.7631,5.62326,3.08873,4.75667
3.02909,4.56364,4.6783,4.09139,3.62972,2.36286,4.37974,4.16841,3.6144,4.17964
3.79002,4.45511,3.76634,4.5834,4.17606,3.91743,3.09051,4.10734,5.77258,4.29389
3.47936,3.87874,4.42132,4.10553,3.29637,3.24971,4.17418,4.42576,4.13967,3.54321
5.07628,2.69695,5.50315,2.34041,3.69845,4.72052,6.16549,3.73855,5.50202,3.45999
3.67574,2.52825,6.07812,3.97348,3.96461,2.1221,3.65034,3.54074,3.97934,5.36735
4.90759,3.2005,3.55999,3.25319,5.75646,3.2992,4.12897,3.87749,4.18536,3.86108
3.19097,4.11259,3.91317,4.45596,4.63692,3.75051,3.18163,5.51651,3.44098,3.17469
3.39377,4.73247,2.70544,4.87181,3.45919,2.33487,5.37745,4.98948,2.63892,5.19117
4.10073,3.58169,4.12166,5.7488,3.45712,3.46914,3.42205,4.01747,3.81776,5.24392
2.75638,4.193,4.10671,4.13397,2.01838,5.89189,4.4027,3.67429,3.90506,5.12611
3.89704,3.27174,3.53638,5.42771,3.27338,4.46818,5.01031,4.89947,6.26724,3.43201
3.98053,3.75128,2.22638,3.61426,6.27735,4.21315,3.88717,6.59593,3.95198,1.69026
3.9682,5.32533,3.99133,3.25361,3.16179,4.05581,3.87255,4.1071,1.59074,2.84514
5.81677,4.34324,4.15015,4.11616,4.12375,4.26551,3.03585,5.59192,3.818,4.27245
5.47027,4.7799,4.88141,4.52198,4.39791,5.55455,3.51593,6.61711,5.11328,3.03694
3.68847,4.71781,2.97189,4.43954,5.04236,4.05796,5.75496,1.57232,4.27554,5.16984
4.86482,0.772974,3.46622,2.52458,3.10722,2.36916,4.19961,4.00311,5.16645,5.14533
4.54745,3.85903,4.00381,5.21407,5.4461,3.60627,4.24449,4.28879,3.49503,3.02238
4.29188,5.88389,5.68406,2.84235,4.99102,5.2184,2.65734,4.8825,4.17696,3.18351
3.18846,3.66822,3.77014,3.98247,3.17378,3.7517,4.25122,2.44024,3.79342,4.76344
2.62867,4.80281,4.20678,4.36493,3.32929,4.30006,3.64951,3.44697,3.93252,3.43183
2.49686,2.82621,3.57232,3.8553,2.79088,5.04985,3.65146,5.99976,4.36232,4.28725
5.36632,4.24382,3.50678,3.04321,2.38992,5.04731,3.76869,3.91417,3.18226,3.7087
3.46732,3.98762,4.62698,4.95652,2.5239,4.27919,4.56601,4.89454,3.37323,3.68038
4.46022,3.54558,3.00502,2.99965,4.46448,2.54187,4.21184,5.175,2.73892,2.85589
3.84641,3.69108,2.30942,5.26925,5.59697,5.2465,4.88088,4.38934,2.25103,5.1308
2.85527,3.31604,4.5974,4.68519,3.19966,4.03631,3.938,2.46347,3.78348,3.92806
5.61596,3.87227,2.44891,3.57596,4.01921,2.9377,3.9847,2.44135,3.37195,2.42073
5.19557,4.03723,4.76185,5.22975,5.61887,4.01956,4.32238,3.85435,3.00091,4.36491
1.40452,2.65844,6.03639,3.09686,3.33481,4.30337,6.24962,4.43101,4.12735,2.50677
4.82344,2.94004,1.74469,3.45748,2.42131,5.12042,3.78448,5.09607,3.75157,1.61114
5.8665,2.57119,3.41423,4.00996,4.42305,0.995766,4.80659,4.30048,4.15666,3.67518
5.98813,5.71057,3.44476,3.36241,1.01364,2.99513,5.08213,2.87156,4.17928,4.55265
3.70218,4.22607,4.57805,3.36821,4.17678,3.31568,3.48556,3.86832,4.78102,4.93493
3.93329,4.06253,2.98997,4.36703,3.41042,2.54145,3.48014,4.73886,4.43496,2.55574
3.90263,2.67122,4.55856,5.36678,3.83626,5.8306,4.21756,4.55963,3.6571,3.32177
5.16063,3.65512,2.33995,1.80561,4.26257,4.58553,2.25887,4.53435,4.36467,4.82875
3.0067,3.66638,4.12666,4.69594,5.16461,4.30151,1.54072,4.55441,4.3185,4.80624
3.10397,2.99697,5.2087,5.25482,6.27027,4.82915,5.18863,4.67651,4.67507,1.72261
2.31614,3.57271,2.24029,4.52959,3.95992,4.76959,4.70784,2.71179,3.42355,4.26786
3.389,3.61633,3.79141,5.13967,6.10732,2.97039,3.53121,3.57804,3.90972,4.05324
4.93081,4.95113,3.6955,5.33351,3.75631,3.11141,3.64695,4.1187,5.53514,4.14976
4.26003,4.42564,4.5245,3.48682,4.01196,5.27211,4.61212,4.8989,3.29743,3.17836
4.15586,3.08504,4.03814,3.90902,3.5622,2.67569,2.90503,4.03932,2.71548,3.60293
4.18777,3.0335,3.70726,2.74798,7.20824,4.87102,2.35689,2.87891,3.66956,4.84997
5.47172,5.61428,3.17178,4.08964,3.32733,3.05736,3.71745,5.3114,4.54745,2.4647
4.07574,4.92634,3.50691,2.77715,4.82063,4.03568,5.23073,4.35402,5.80876,3.00116
3.22288,4.31316,3.24118,5.30493,3.43635,4.06518,3.36941,4.66893,3.53187,6.3405
5.03306,3.28633,2.91945,4.75726,3.40932,4.07465,3.17619,4.57175,4.14522,3.81457
2.84689,3.27595,4.57339,4.09122,5.07985,3.46508,3.63061,3.94333,4.10076,4.94855
3.36034,3.66419,4.13404,4.78165,3.4813,5.23998,3.20001,4.64187,6.70853,5.1512
4.88736,5.09963,3.75318,4.04853,3.64117,5.52976,4.34695,3.28006,3.71447,4.90103
4.51525,4.26375,4.30628,4.25464,5.54559,3.46318,4.62941,3.7705,4.54124,5.35759
4.46454,4.96083,3.55937,4.62489,3.30733,3.96358,4.38185,4.54151,4.10896,3.2684
4.26906,5.90181,4.47279,6.24458,4.20885,3.42361,3.43563,3.2121,4.05192,3.91112
3.67106,3.43067,4.13947,3.68125,5.48283,4.58403,3.47742,6.34878,3.96807,1.96229
3.33089,3.82884,4.16338,4.37294,4.2692,3.37934,2.57867,3.81288,4.30807,5.40658
3.31249,4.76057,4.39632,4.51221,2.82029,4.98221,4.6352,3.14549,4.20541,4.83093
3.06918,5.43085,1.26438,3.10256,6.02297,3.20901,3.463,5.01058,3.17427,2.54258
4.23737,4.32428,3.79709,5.85216,4.23393,2.48993,6.46489,4.51333,4.76211,3.32636
4.22178,2.92695,3.00412,2.83065,5.183,4.33028,3.68633,3.04436,3.89555,3.58718
3.55664,4.49617,3.77582,2.44866,3.71514,2.302,3.31038,2.59872,4.06146,3.61519
3.43099,5.01851,2.96351,4.14593,2.4112,3.88349,3.15377,2.72492,4.60065,3.79908
3.83929,4.73717,3.00855,4.41333,4.58799,3.93904,3.21501,4.84656,3.57998,4.21058
4.41821,4.26707,4.71745,3.99178,5.28583,2.70468,5.01875,5.41148,4.41984,3.07009
3.43512,3.75808,5.11951,3.84725,2.31832,4.31412,4.89558,4.47251,2.92608,3.619
2.68884,4.41392,5.5854,5.48029,5.25248,4.31085,3.67877,4.94944,2.87368,3.102
6.18167,3.28019,5.27674,2.56355,5.33704,3.92507,4.78654,4.32139,4.27012,5.33849
3.66632,3.81363,5.20996,1.65294,3.33977,3.91534,4.87366,4.50479,3.13049,3.30672
3.64876,3.64506,4.91803,4.11429,3.64448,2.7502,4.99619,5.26259,3.60614,6.38299
5.55898,5.72979,5.12018,4.17118,3.61714,4.56503,3.04222,3.05504,3.07218,3.40303
3.37626,3.32098,3.96473,5.80586,2.93493,1.94023,5.66225,4.84953,6.56406,3.99486
5.12408,2.21021,5.18593,4.78519,2.1957,3.0463,5.24438,3.44217,4.39304,4.44469
5.32742,5.08431,2.34268,2.59231,4.55676,2.91353,3.9707,5.326,5.30314,3.90221
4.71309,4.51356,4.88012,3.54679,3.29814,4.735,3.52922,4.16004,4.88023,4.55846
4.30666,4.87228,4.32736,3.62172,6.11668,6.02997,3.79326,2.30769,3.78014,3.5036
3.50302,3.60477,6.47418,3.06994,3.02383,2.85889,5.4375,2.6176,3.97542,4.88169
5.41801,3.89709,4.33846,5.85874,4.21354,4.71868,5.30182,2.48355,3.83931,4.30144
5.26117,3.83849,3.50818,3.85315,5.98356,4.27897,2.62997,4.42453,3.92277,4.11265
4.60389,4.88489,5.43525,3.3372,3.90286,3.32738,4.16763,3.60022,5.90018,4.02812
3.76458,3.03215,3.23401,2.04541,3.6944,2.76709,4.85875,4.87198,3.45487,5.16249
4.75983,4.17357,4.21969,2.91264,5.80416,4.26574,2.4573,3.15827,3.56544,3.56205
4.22637,3.27964,3.64837,4.3161,4.89559,5.22568,5.75246,3.61589,5.67217,4.65978
3.21578,2.75148,6.02277,5.12941,3.33718,5.98223,4.80601,4.3208,2.46447,4.34144
4.41842,3.4571,3.1776,4.87155,5.60688,4.24549,3.94679,3.62995,4.56713,3.91207
3.85535,5.88197,3.57498,4.70977,5.75067,4.12007,2.48628,4.50414,1.26528,2.82739
4.62484,4.81897,3.62899,4.30221,2.07955,2.4384,1.8771,4.03343,3.60351,5.00447
3.4114,2.89277,4.45933,4.1248,3.85836,2.72384,3.33865,4.94537,2.45987,4.90645
1.87499,3.67149,4.70876,5.34397,4.46642,3.74341,2.83497,5.07069,4.72226,5.99447
4.00918,3.12439,5.05901,3.50341,5.70146,4.23529,4.10729,4.37758,3.50041,3.17284
2.12749,4.70339,4.53991,4.08291,2.69872,2.85068,4.09987,4.70839,4.24247,4.61172
4.22166,4.6245,2.91004,3.74214,4.63572,4.67455,1.95156,4.38735,5.16611,3.15684
4.68234,4.44604,6.41254,3.25105,3.72101,3.24245,6.51554,3.75219,5.22159,4.41441
4.23236,5.19799,2.68608,4.96649,4.01007,4.29456,2.80748,4.70877,4.01365,4.16046
5.57018,4.56729,5.04012,4.81605,3.11197,2.69037,3.69777,5.14525,2.44968,3.87229
3.92261,3.08227,5.48576,3.08449,3.5226,3.95268,4.52381,4.23785,4.0754,3.08534
4.51873,3.8836,4.17507,4.47448,4.25444,3.74735,2.41389,4.77997,3.72454,3.23113
4.19008,7.23434,3.09567,4.62253,4.74803,4.62494,2.94042,5.27173,5.27443,3.29689
3.67473,4.82036,2.7724,2.82416,4.49872,5.13443,4.88368,3.93134,1.42671,2.54902
2.88268,4.22992,5.0571,4.03472,3.82008,2.35763,5.02463,3.19975,5.34058,3.03123
4.45846,4.32176,3.49285,4.66424,5.32447,6.29599,3.74168,4.73849,4.63934,3.99321
5.93347,4.77249,3.64804,4.68051,3.09902,2.58889,4.13418,2.80585,3.8831,3.95141
4.32005,4.41558,4.13191,4.50172,3.19787,5.95511,4.51688,4.92431,4.09605,4.83947
4.52415,4.59331,4.41824,3.80652,3.65442,4.35209,4.0931,3.89762,4.60344,4.62091
5.3358,5.766,3.49226,3.77312,4.83987,1.66046,5.03745,3.18759,3.45299,5.28758
3.84257,3.56757,4.0574,1.35041,3.3508,4.9468,3.05021,4.42457,3.46689,6.19601
3.12647,2.64789,3.91262,2.44254,0.998004,4.45517,4.39232,4.07159,4.3707,6.24601
2.67172,2.90887,5.06666,5.65226,4.78622,4.78815,4.90795,4.67612,4.20275,4.29692
4.62632,3.30554,4.60381,2.64639,2.63021,2.48684,5.4353,2.30511,4.37319,2.86033
6.09807,4.46804,5.43448,4.60142,3.88906,4.6952,3.70602,4.90906,2.95282,1.73053
4.82244,3.06181,4.14419,3.79437,1.77994,3.66418,3.38067,4.3913,3.43426,4.01024
2.80483,3.7646,3.44033,4.82511,4.06513,4.45087,4.75177,4.01012,4.82048,1.89153
3.7127,4.61716,3.3035,2.94964,3.08239,4.018,6.45844,4.41894,2.58658,4.03693
3.52533,4.66553,4.00261,2.92959,4.60764,5.09085,2.99268,4.01408,2.24627,2.91162
3.84827,5.25739,5.22312,5.77131,2.11948,4.3854,2.62411,5.64127,5.14414,3.26991
4.16688,3.94947,4.78363,5.65943,5.01412,2.94259,2.83262,2.97913,3.01681,4.38304
4.68639,2.46141,5.34459,4.37512,4.79927,3.83659,2.67421,4.89663,3.61823,4.48522
3.31297,4.71636,3.74427,4.38124,3.77571,3.89412,3.32869,4.00339,2.64195,3.6783
4.41181,4.09678,2.08327,2.93714,3.656,3.143,4.39702,5.56198,3.27147,3.32884
4.84382,5.88427,4.86365,5.13311,3.94533,3.26981,3.83696,4.87241,5.21848,3.81385
4.20094,4.53027,2.77407,3.32885,4.85479,3.70332,3.24367,3.66742,2.91833,4.04266
2.89981,7.03591,3.18372,4.39053,3.48241,2.56569,4.51678,5.80054,4.32943,4.79381
4.32325,5.33754,3.31511,6.00885,3.77564,1.85348,3.16038,5.17579,3.97402,4.22739
3.71583,6.09118,3.24935,6.42857,2.87674,4.70141,2.87672,3.46226,3.49691,3.50187
4.76929,6.03088,3.68304,4.6695,6.54417,2.28322,3.3594,2.7433,4.54224,2.18737
3.07271,3.40614,4.77042,4.76925,4.45817,5.20177,1.65154,2.68567,4.98128,3.96326
3.75031,3.80107,2.74285,2.59053,2.15382,2.93608,4.27396,3.93369,4.64335,3.32216
3.63241,5.06146,3.91662,3.86733,3.98716,3.89921,4.54414,5.01578,3.17743,5.11957
4.68726,3.07777,0.625256,3.91821,6.12061,5.15435,3.37641,4.0001,3.16674,4.19098
4.05521,6.19054,4.66063,4.33821,5.01178,4.08943,2.62459,3.24673,1.96022,4.3307
2.8048,2.91817,3.37003,3.14638,4.7554,5.32194,3.76644,6.84323,2.67437,3.64425
4.18402,4.72884,2.9857,2.84959,3.8803,5.48342,4.14732,4.97764,4.17901,2.53074
3.3365,3.22684,5.23159,5.26259,4.82664,3.76703,4.16498,5.08112,5.41083,3.70979
4.93227,3.46494,5.31939,5.45602,5.26904,4.64628,3.32527,4.27249,2.98072,4.23295
6.5669,3.74777,4.05547,4.94754,3.60805,4.84165,5.14782,4.61598,3.09439,3.11557
2.93421,3.79686,3.60073,3.13023,4.74576,4.52142,5.48283,4.20939,3.36119,4.87236
2.61292,2.75417,3.5793,5.78593,4.78566,1.39223,1.56892,1.54023,4.96713,3.15422
4.47276,3.17049,3.93783,4.60704,3.61477,3.12018,3.93726,4.19772,4.73709,3.80416
4.3116,3.89278,4.84391,3.53684,3.17054,4.1451,2.96829,3.50944,5.26996,3.91283
4.87514,3.84679,4.24151,2.92044,2.82063,3.16268,2.77634,4.62602,5.59826,4.25766
3.83478,4.10407,3.78551,3.82589,1.89768,4.23041,5.96272,4.29023,4.35854,5.0689
3.78061,4.7708,3.83971,4.76759,2.93703,3.46277,5.12412,5.40969,5.36386,5.60786
2.0318,4.81845,4.10987,4.52726,3.17492,3.25673,2.06161,3.30133,3.45706,4.66305
4.18789,4.70701,4.64888,4.43718,4.1179,2.10523,4.77842,4.40858,4.20535,2.33561
4.53914,2.92187,3.2244,4.79733,3.98718,2.42267,1.64395,2.58238,3.66258,4.79822
3.85756,6.89328,3.64945,2.44771,4.23396,3.37871,5.14872,5.01685,4.0701,4.12211
3.02194,2.44188,2.64498,4.48507,4.59493,4.43611,4.22514,4.18969,2.94359,7.27327
4.09542,2.59831,5.34732,4.62201,4.7273,3.42603,2.87066,4.35967,3.41547,2.98309
5.40935,4.82598,2.03366,3.47709,4.97716,3.97914,4.02071,4.11745,5.26332,3.08375
2.57508,5.69165,3.99816,2.44636,4.75279,5.56413,3.24501,4.74272,4.31897,3.77793
4.01013,4.54665,4.97783,6.03423,1.9782,4.60744,3.62385,3.11181,3.7441,4.76641
4.7265,2.78003,3.60879,3.86156,3.26619,6.04557,3.74321,4.79316,6.75641,5.59167
4.24279,4.95649,3.71866,4.01325,4.30983,2.55795,3.28588,3.39798,5.44533,3.60709
3.65272,5.66211,2.77723,3.7866,4.7255,2.94225,4.80489,5.24098,4.49698,5.38904
2.90095,5.00832,4.6022,5.21546,5.46224,4.30832,4.34342,4.2456,4.46257,3.73595
2.68719,4.32126,5.26851,3.32728,2.85325,3.85245,2.93847,4.93321,5.16982,4.35947
3.14195,4.38422,5.83608,4.19743,3.77921,4.67461,2.64874,5.09955,3.10896,2.46543
3.40464,3.81793,2.31641,5.81088,3.70794,2.86494,3.58669,6.44153,2.95383,5.79543
4.47693,5.01427,5.33816,5.69668,2.78999,4.32501,5.16417,3.44138,2.52412,3.36522
4.71908,2.87609,4.04969,3.12322,3.67079,4.95336,3.10848,5.35168,3.44413,3.92388
4.90955,3.40447,5.72574,3.51992,5.98599,2.80381,4.34129,4.64232,4.27021,5.73476
4.0142,4.13669,3.60344,3.82188,4.65839,2.35842,4.03922,3.72869,4.80797,5.56173
5.96856,3.8033,4.54814,4.04731,3.90229,2.28414,3.92353,4.67348,4.07916,2.9705
5.18638,2.68106,4.23731,4.19555,5.01125,4.89118,4.91206,4.52781,4.02806,3.52391
1.82392,2.39208,4.09055,2.13345,3.22794,4.71438,4.50162,3.7286,3.29422,3.90904
5.41114,3.20077,4.58205,5.51701,5.34099,3.34861,5.18592,3.89147,4.0159,3.04796
4.73255,5.22748,3.87718,4.59892,4.94608,2.76768,2.53723,4.3039,2.03342,5.44814
4.56022,5.29542,3.52883,3.43712,5.70096,4.41762,4.06169,4.43085,4.52213,4.48167
3.80466,2.26097,2.41779,3.43377,2.26287,3.70455,3.83515,4.03729,4.277,1.881
4.16746,2.80803,4.48681,6.38897,3.62882,2.46417,3.12552,4.05836,4.00192,5.26849
1.97191,3.79069,3.09168,3.37357,3.26336,4.34946,5.16093,3.55295,3.68194,3.85235
3.89643,3.7856,5.22768,2.65022,5.11406,4.49456,4.0374,3.03947,4.07072,4.01487
2.35428,3.3393,5.18563,3.76228,4.58167,5.0267,3.70448,3.91844,3.38165,3.97779
4.39748,3.95237,4.27336,5.13654,3.99021,4.99185,4.00332,3.05289,3.58486,4.25448
6.19466,2.94004,3.36479,5.31883,4.58718,2.22001,4.77092,4.58295,3.22088,1.71743
2.28627,4.20345,2.42085,2.65754,4.27081,6.43814,4.64926,4.59451,4.57158,3.44942
3.64459,4.18561,6.62795,4.6534,3.03111,3.9738,6.11351,4.34819,2.39072,3.77323
4.76751,3.48916,3.23334,4.02222,3.54482,4.00427,3.81609,3.40138,4.13316,5.05474
5.20937,5.22618,3.84563,4.63798,7.00189,5.20474,3.9982,4.15672,5.16762,3.4851
3.87469,5.77008,4.12182,2.4649,6.08554,5.2699,5.889,4.15397,2.17949,3.47951
3.15186,2.98011,3.24279,3.15916,5.32718,3.40178,6.15517,4.96982,4.04338,4.24108
5.73473,3.36066,5.77416,3.32321,5.43287,4.19133,4.95487,4.31122,3.6719,5.35368
3.96405,4.48603,2.76695,3.85256,5.03234,2.23347,4.81487,4.70793,5.46354,3.75175
4.86044,3.83093,2.0428,3.83655,3.43807,3.66114,3.68205,3.74231,5.34272,3.54523
4.41237,5.67407,5.40022,5.7171,5.25381,2.45251,4.61341,5.23993,5.59342,3.39892
5.09044,4.28111,4.87455,3.18322,3.14583,2.99628,3.46027,3.84359,2.85917,3.62173
2.33703,3.30854,3.97283,4.52319,5.45931,3.87086,3.71332,5.38733,3.84796,3.99229
3.4569,4.91892,2.55233,4.90298,4.90695,3.86867,3.78371,3.07173,3.81885,4.04816
3.63754,2.10096,4.57356,4.70641,2.60969,3.62512,5.58794,3.59993,4.86703,4.51691
4.00729,3.15855,4.50596,4.7056,4.4427,3.46191,4.25866,5.45533,4.43195,3.79373
4.0356,3.85685,4.0466,7.02154,2.98378,5.57949,4.65695,5.64358,3.80797,5.90624
4.1329,5.21106,4.514,3.99017,3.52319,2.48279,4.15954,5.6531,3.17205,5.07442
3.85055,4.68533,3.32868,3.48014,6.0189,4.3731,3.83382,4.289,2.71513,4.64406
3.72323,3.68162,4.07596,4.65541,3.17051,4.16262,5.54308,4.41364,5.73999,4.03565
4.14014,3.80315,2.20326,3.21662,3.83557,4.34048,3.23619,3.24684,3.59087,2.47756
3.13531,2.65283,5.03435,4.8769,3.73016,3.20136,3.58475,3.4476,5.7599,4.2736
4.42953,3.84973,3.58763,4.47866,5.40505,1.68801,4.09425,1.47828,3.35476,4.2277
2.89112,4.73735,5.32153,3.60588,6.3195,4.24882,5.06771,4.05865,2.66748,3.6388
3.99793,3.94206,2.67168,1.54485,3.22509,3.34307,3.62245,4.72495,3.32747,4.32281
4.52077,5.24567,3.2718,3.65888,4.37306,3.0168,5.84457,4.20922,3.31883,4.90773
4.6599,4.12652,3.87391,3.81978,5.71603,3.72308,3.7832,3.63759,4.45927,3.82952
4.2992,3.94909,4.06395,6.39517,2.77717,4.70587,2.80202,4.63737,2.36443,3.66794
3.22986,2.15798,4.93363,4.52443,6.22103,4.41719,3.87976,4.01815,4.88538,5.4857
4.2806,6.8083,3.51571,5.72939,5.73972,3.05786,2.74838,2.54258,3.666,4.32403
3.62106,4.4674,3.87792,4.54349,4.62133,2.99178,4.14847,4.65403,2.84177,4.86622
5.03598,4.64498,3.96409,3.97508,2.52018,4.97442,3.03359,7.71249,2.97204,5.14139
4.94718,4.00811,2.96825,4.25744,3.49823,3.53516,2.37386,3.55033,2.48569,4.4951
4.93492,4.40988,1.14999,3.09046,4.49276,4.02214,5.5269,3.87554,4.44771,4.40777
4.13427,5.42839,2.97834,1.5129,2.6207,4.64962,3.03379,3.55378,4.34083,2.41243
5.00304,3.65,4.19472,4.7218,1.56752,3.56882,2.64544,5.62266,4.75884,6.11755
4.74587,4.14457,3.66944,4.60111,4.22929,3.40559,5.15801,5.17987,5.53998,4.35433
3.07193,3.92183,3.85001,3.01999,2.04413,4.47633,2.44139,4.19497,3.59236,2.47552
5.22846,2.21239,4.72177,4.41419,4.87503,7.85515,4.58517,4.17516,3.46703,3.33414
4.72548,3.73295,2.59518,5.54797,4.21086,5.24451,2.95983,2.75033,5.6628,3.86482
4.32827,3.19442,4.13128,5.44165,5.01319,4.53791,4.23492,5.99128,5.09699,4.28622
3.21402,1.03343,2.74501,3.92017,3.38599,4.93806,3.12332,4.20884,3.80926,4.62944
4.67369,2.35592,4.12339,4.70479,4.44866,4.32471,4.82942,4.71464,4.21891,2.65569
5.61529,4.25349,4.61716,5.14949,4.01465,4.32529,3.76321,4.48368,3.77118,4.21336
4.1134,4.34641,4.06728,3.9226,5.62619,4.75385,2.56366,3.10019,4.64173,3.70001
5.26708,3.92659,4.35623,2.85049,4.60346,2.11487,1.60124,2.77132,4.11107,4.80322
4.41631,3.52444,2.90391,4.02047,4.03267,4.99388,5.27785,4.59243,3.09492,4.47178
5.16707,3.66426,3.53159,2.96734,4.32194,6.06709,5.10225,4.2445,3.00613,3.26339
3.46545,4.02782,3.75968,5.42766,1.82818,3.58476,5.36537,2.7576,3.78674,4.66959
3.06522,5.27841,3.23863,3.43992,3.35378,3.13489,4.26866,4.0809,4.76744,3.37448
4.88332,4.66143,3.41016,4.27693,3.30933,4.38778,4.96277,4.12541,4.96232,3.90574
4.80452,2.43664,4.28943,3.79779,4.09542,3.40957,5.19447,3.43331,4.69801,3.43277
3.86324,2.29968,3.51034,3.2201,4.02985,3.84762,4.83801,4.92796,4.61253,5.64679
3.86528,4.99066,3.31466,3.33331,4.83337,5.72001,5.60352,4.95551,4.21854,3.26096
4.21464,2.96429,4.93168,1.49983,4.54306,5.06286,4.87582,4.67573,4.89402,4.71172
5.5685,3.80357,5.66677,4.99344,3.91429,5.33529,3.81373,2.88915,3.1629,2.6132
3.52033,2.76062,4.41013,6.52785,3.82603,4.32393,4.25309,4.27203,4.19607,4.68484
4.51132,4.87044,5.57316,2.80735,4.20127,2.34582,3.93383,3.76957,3.60772,4.16603
3.01479,4.47924,3.95444,3.24144,4.62018,2.84058,4.19237,3.28091,4.0942,5.44225
4.33224,5.27333,3.84033,2.38286,4.26114,3.93236,4.02873,3.72234,4.40001,3.05286
3.24011,3.11742,4.6332,3.86766,3.45517,5.49043,4.78271,2.1581,3.10323,5.13314
3.15664,4.36075,3.94087,3.60615,4.62901,3.45596,3.09884,2.05205,4.05152,3.30009
4.90821,3.10973,3.36427,1.86859,4.60884,3.45942,4.79297,2.26626,3.92567,4.49365
4.47368,4.95271,4.2102,3.48686,4.25614,5.78866,3.19059,4.63871,4.53873,5.14674
3.37965,4.08941,6.6383,4.92207,5.42518,2.60025,2.46369,3.35094,3.75643,3.9058
4.57045,5.5779,5.2372,4.13531,4.17849,3.82289,4.42729,5.02776,5.00824,5.84098
4.78178,2.87298,1.96243,4.18357,3.04204,2.40165,4.72923,3.96221,3.27306,3.56311
4.70766,4.9312,5.47026,3.90964,4.14758,4.67539,4.86674,3.85787,3.3014,2.17809
4.49983,3.02545,5.05212,3.88517,3.26065,3.29215,5.79651,3.52372,4.90564,4.07723
3.00483,3.94224,4.15073,3.41111,4.67582,2.51231,4.71943,2.44232,3.86488,2.82267
5.39586,3.72863,5.42464,3.54954,2.9415,3.06464,5.44235,3.70462,1.37256,4.40613
4.20743,3.37601,4.32894,4.71315,3.35562,5.26869,1.76182,4.97339,3.73576,3.25998
4.20541,4.71337,4.77931,4.12785,3.6032,3.31955,3.4895,3.19443,3.11438,4.55933
2.12021,6.14279,3.18243,5.05886,2.20555,4.38527,3.90062,4.93052,5.0391,4.31401
3.40106,3.15364,5.48419,4.11382,4.53991,3.42206,4.15598,3.61809,4.39063,4.92347
4.06761,5.22314,3.40526,3.40464,4.96762,1.41122,4.12935,4.09817,4.46676,2.46786
4.37369,4.05941,3.6648,3.31996,2.94784,4.99328,4.03312,3.71724,2.73954,3.06322
3.22523,4.29359,4.30942,3.00699,2.58697,4.49355,5.92853,2.9058,5.78433,4.14842
2.25764,3.49024,4.7666,6.51185,3.9528,4.49642,4.74583,3.79509,3.87039,2.91747
3.17898,2.97976,5.28378,1.80118,2.76836,4.15331,3.44515,3.50364,2.9278,4.43902
4.36773,5.26994,5.02063,3.20028,3.65866,4.37873,4.54716,2.653,4.66906,4.43005
2.91468,2.12554,5.39223,5.01454,4.13012,3.35267,3.64637,5.40093,3.19085,2.46354
1.80977,3.38333,5.45057,4.05384,4.42951,4.3701,3.81379,2.83635,4.36655,4.03294
4.25126,4.85205,3.8094,4.99905,4.36824,3.05193,4.25349,3.97858,3.17858,4.11002
3.92844,3.55264,3.29652,2.09672,4.57958,2.45474,2.9251,4.79057,2.64911,6.33553
5.73168,3.85865,3.5535,3.97407,4.34739,3.59331,3.23158,3.54033,5.43633,5.33259
4.67029,5.02462,2.92205,4.17954,5.49346,3.36502,4.06682,4.28043,4.30347,4.95719
3.58797,4.06134,3.27622,5.32266,4.48575,3.10271,3.70692,3.94472,4.23655,3.82109
3.93679,3.66038,3.68841,3.84851,4.51387,3.76743,4.36285,3.57593,4.42786,4.15302
3.79154,5.75832,3.63544,3.2645,3.53331,2.68033,4.02769,3.9108,3.57333,4.38065
3.30464,4.99506,3.01829,4.57392,3.33077,3.06756,3.22611,3.53425,2.20686,4.19974
3.09627,5.85845,2.32174,4.99155,2.68989,3.89607,3.5582,2.79106,4.89755,4.75594
2.27985,3.07939,2.92825,4.66087,4.81332,3.65735,3.078,4.19551,3.16304,4.29398
3.28636,3.74143,5.83396,3.18901,3.17791,4.50357,4.88143,5.78856,4.01747,2.53487
2.77305,4.35639,5.5941,2.93691,5.00341,4.89459,5.42791,5.00556,4.90213,3.85663
4.95756,3.74256,3.40108,3.96823,4.41892,2.74323,3.81988,1.45055,4.48528,5.76444
4.4937,3.10721,5.40401,4.18109,3.54775,4.52622,4.94868,2.8444,3.79899,2.75444
3.37072,3.21363,4.829,5.41828,4.14701,5.49769,6.54551,2.91444,5.85912,4.0703
2.8747,3.53913,5.48133,3.95476,4.72947,2.46238,3.10257,4.56122,3.90835,3.37892
3.89495,4.42338,3.14322,3.38297,3.51521,2.69364,3.91927,4.28581,4.75256,3.41484
3.41552,6.08798,4.38518,4.69159,5.82174,5.25419,6.51538,3.32778,5.11783,3.55563
3.7261,4.07261,4.66306,2.63234,3.71687,4.72635,3.48842,5.27038,4.42065,3.10679
2.71313,3.82536,2.97367,2.37717,2.64356,2.95,3.3055,4.0575,5.90926,4.79186
3.78258,5.76634,5.6708,4.48367,3.41834,4.67911,4.67645,5.36844,4.14265,4.06373
2.61647,5.0791,6.46893,2.77242,4.1444,5.5439,4.87483,3.76247,5.60352,4.36569
5.29821,2.66966,3.91215,4.83113,4.7831,2.85603,3.43785,2.66815,4.19721,4.74765
2.39726,2.90289,4.56123,3.60877,4.78319,5.00784,4.77888,2.22604,4.38239,4.67275
4.55843,5.89872,4.5318,3.38194,4.29122,3.25368,5.21419,3.08404,4.56008,4.20968
4.86135,3.67852,4.35148,3.02793,5.53077,5.81471,3.22664,2.23271,3.48201,3.69513
4.13382,4.22822,2.5129,4.87096,2.89691,5.17029,4.93381,4.27425,4.0361,4.25994
3.56284,2.71494,3.4752,3.88209,4.19723,3.92593,3.10793,3.69476,3.94943,4.23993
4.33677,4.69221,4.64364,4.17524,4.82282,4.48949,4.47006,5.41733,4.00456,4.76089
4.70953,6.27881,6.19677,2.04302,4.73502,3.96663,4.91083,1.73335,4.35983,3.1657
3.86073,4.39506,1.82128,3.2398,3.91445,4.601,5.26402,1.98074,4.63176,2.16865
4.38259,2.41743,3.88779,4.3464,3.99615,3.68445,2.4284,5.00962,5.98937,4.75567
4.01726,4.65238,3.91485,4.32009,5.18971,5.19304,3.64656,2.99483,3.8033,4.23387
3.89839,3.29795,2.02957,2.75458,3.16834,2.45916,3.74853,3.43522,3.93225,3.79053
3.84796,3.43407,5.49511,2.51874,4.13329,4.84224,3.25546,1.87051,4.83342,3.61257
4.45139,2.90269,3.71727,3.4308,4.10895,3.15839,4.02476,3.59368,4.65814,2.67829
3.29186,4.1951,2.8471,4.83954,3.55235,3.5041,4.51262,4.42841,3.6243,3.67701
3.87462,2.66598,4.02016,3.36203,5.78298,4.58876,2.97664,3.48266,4.34319,3.42118
4.19545,4.22247,5.2697,5.45177,3.96982,2.62425,4.3436,4.72309,3.11967,2.35385
4.12648,2.65648,4.21089,1.39434,4.45639,2.16225,3.11467,1.2149,5.88121,3.92811
3.38255,4.00383,2.94088,4.41168,3.51962,3.30804,4.20611,3.00987,4.50058,4.51877
5.3082,4.59547,6.28714,5.85566,2.32759,4.49719,3.43403,4.22753,2.9373,3.79022
4.34378,3.67474,3.08503,5.31438,2.89579,5.56595,2.81488,2.63553,4.59459,4.19963
3.66173,2.78059,3.34045,2.60559,2.81168,4.0321,3.26303,3.56677,4.91675,5.05908
7.09851,2.46587,3.11938,4.74152,5.88548,3.79707,1.77062,6.16713,3.5689,2.7234
4.76861,3.17213,0.823357,4.0291,3.78455,3.40024,2.12796,4.79407,4.47536,2.13944
3.73824,3.19979,6.30183,4.31943,2.35135,5.66716,3.40468,4.39869,4.27308,4.3518
4.93085,4.09011,5.03255,4.79995,2.24913,4.23769,4.44985,4.49051,3.83583,2.52507
4.09241,4.66911,2.9434,3.3166,4.3781,4.02773,2.67363,4.56582,4.3837,1.52409
4.98767,4.35769,4.60619,4.34334,4.55953,3.63032,3.41622,3.15954,4.71109,4.10811
4.12113,4.94562,3.61636,2.25502,5.56747,3.30191,2.94619,2.98389,3.76451,2.50708
3.48084,6.50285,2.99062,3.17126,5.78057,3.40375,4.82634,3.78029,2.9729,4.16502
3.4985,4.55317,3.95639,3.02015,3.33343,5.29175,2.48797,5.20914,5.21062,4.30179
4.03559,4.1448,3.01602,3.28211,4.5607,3.53171,4.79994,4.20766,3.85329,3.8732
3.40442,4.55255,4.06833,2.42386,4.96196,3.64673,3.78161,4.02063,3.63184,3.30788
4.66243,4.51946,1.78572,4.30169,2.78781,2.51068,5.13707,5.97428,2.741,4.17282
3.51613,2.80388,3.80083,3.60921,4.15065,4.00423,3.42454,4.65792,4.92954,5.10925
2.58113,4.10021,4.16813,5.3112,1.81968,4.84108,5.05034,2.19719,5.15885,5.38646
3.70291,5.63065,4.57892,3.07036,4.35558,2.92656,4.2153,4.94189,4.08312,4.55861
2.67827,2.73644,3.09225,4.96539,3.08548,1.76064,3.8944,2.4317,4.23434,3.26048
5.20119,3.87948,3.78496,2.87429,3.83535,3.10305,2.67996,4.07236,2.80412,3.65931
4.1723,4.66338,3.56157,3.39857,5.25746,2.1887,4.48928,4.45225,5.59949,4.92805
5.69677,5.69752,3.66105,3.85514,5.02085,4.00878,4.8342,5.13535,2.14246,4.69513
2.54164,5.0075,2.20662,3.3805,4.63098,6.17712,5.81279,5.5214,3.75611,4.85638
3.45075,3.83421,3.28766,6.02965,3.74583,5.71753,5.46239,3.21099,3.62445,3.96245
2.4435,4.51233,1.77334,5.06843,4.76848,5.00419,1.22053,2.90265,3.96518,4.20664
4.4708,1.72228,1.69107,4.63555,3.56847,4.6401,1.84689,2.5849,4.7246,3.08229
4.60938,2.94914,4.51194,5.03093,4.89781,2.77475,2.7671,4.29512,3.06522,4.46567
5.02793,5.24239,2.98458,3.9957,3.36175,3.4611,5.10675,3.36951,4.71605,4.1849
4.55927,4.20692,4.10163,3.97506,4.03857,4.20233,3.16258,3.4229,3.49075,2.29041
2.78785,3.06404,1.97253,5.96037,3.4888,5.21959,2.42367,3.14196,3.88256,6.19538
4.86255,3.48285,4.52405,3.34658,4.47861,4.5641,4.41238,5.94575,3.72207,2.13039
2.13348,3.10299,5.99596,4.41321,4.29864,3.18808,4.44413,5.70021,4.18639,4.27983
5.25042,4.61655,3.23631,4.63048,4.20196,4.19351,3.79586,5.52651,3.81993,4.00326
4.6194,5.27765,4.63169,3.97865,2.65573,3.67447,6.03784,4.23074,4.62921,3.88731
2.37667,4.60788,3.56545,4.95175,4.9507,4.12099,2.57845,3.61767,4.55975,4.99089
4.62124,2.95458,3.71538,4.1012,4.87115,5.41702,4.07301,4.34884,4.35162,3.02948
4.81369,2.15532,4.41144,3.84751,1.53902,3.74217,5.31104,3.79295,3.69203,5.26522
5.16912,4.6324,2.92038,4.46186,3.32469,3.14271,3.58197,4.80976,4.08514,5.62381
4.60777,3.17485,3.29616,3.96601,4.24801,5.5976,2.83312,3.11334,3.94514,6.35279
3.52112,4.54915,4.46008,4.4488,5.9336,3.18116,5.24574,4.0078,4.59565,3.83936
4.13049,5.09516,3.79335,3.3202,5.664,3.3365,3.24766,3.94287,3.63359,3.2695
6.89578,4.56116,3.19224,4.44465,3.9144,4.36077,4.89572,3.67274,2.95155,2.94559
5.67953,4.52006,3.90448,4.02308,5.00166,1.83974,3.36416,5.5568,3.26625,4.2333
4.19863,3.791,4.02149,3.57271,4.77134,3.9305,4.15878,5.53705,3.89397,6.115
3.35559,4.19225,5.38736,1.82983,4.08355,4.30154,4.93752,3.6822,4.34936,3.99157
3.84392,4.81507,4.19183,4.1733,3.792,3.83655,3.47464,3.571,4.16495,2.68422
3.75868,4.32485,2.8262,4.29604,0.799697,5.29611,2.85202,3.97291,3.75729,4.26047
3.65781,1.26771,3.28567,4.18523,3.4418,4.49767,5.53493,5.30601,2.16314,3.81943
2.98655,3.63958,4.14656,4.90242,3.23075,4.91501,5.29258,5.04258,5.66135,1.89354
4.59778,5.12904,4.43375,3.78873,3.66512,4.05071,4.30909,3.95451,4.71053,3.18744
2.99917,5.00984,6.34667,4.1812,4.35809,3.77212,3.2184,2.89245,4.18032,3.825
6.45713,4.4726,5.08302,2.52767,4.07119,3.11915,4.09868,3.34196,4.22633,3.59883
5.09406,4.84818,5.62971,3.97573,3.63565,4.07633,3.6109,2.64694,4.98031,3.39823
3.25606,3.96686,5.093,3.69041,5.14975,4.35884,4.67966,3.51804,2.1991,3.24818
5.72865,3.44373,4.85974,3.86955,4.81479,4.01163,3.22087,3.56074,3.37522,2.7251
3.06378,4.44493,3.57541,3.61148,3.80906,4.93394,2.76773,2.09001,2.7247,3.37635
4.12939,3.91492,5.04261,2.74398,3.64421,3.49885,3.16862,3.8301,3.9117,2.58719
2.29371,3.61889,3.77537,4.40825,4.03544,4.00377,4.57001,3.98892,2.63597,4.10571
4.47059,3.64363,3.27551,5.06012,5.9535,2.56144,4.77226,4.23124,4.87192,4.61627
2.29766,5.07886,4.2794,1.51977,3.5425,2.59897,4.37569,4.00028,2.87802,3.59629
4.71613,4.0401,4.41319,5.4519,4.38116,3.46035,3.5484,4.57495,3.13325,5.13562
6.13957,3.04282,5.33083,4.35633,3.88778,2.48676,2.59173,2.68301,2.76572,3.21665
3.42759,4.4834,4.03391,5.32191,3.12095,4.82143,3.3976,4.94192,3.47448,5.60417
4.49311,5.03609,2.10411,4.00391,3.49988,2.97931,3.10201,3.99251,2.51407,4.80162
4.46084,2.92964,4.12239,3.55396,4.39635,4.57097,4.76325,5.71475,5.01105,5.5206
3.55128,4.63738,4.24703,4.11228,4.99478,3.60222,5.89683,5.11283,4.00553,6.31171
4.91803,3.09079,6.10458,4.12072,5.20184,4.7203,1.85164,4.00304,3.40607,3.4775
4.14397,5.90813,3.52713,3.39512,4.09861,3.63914,4.9306,5.14426,2.51012,4.07022
3.30997,3.06101,4.8953,4.88904,4.64855,2.82421,3.22641,3.35242,4.49647,3.51892
4.77535,4.16539,3.35185,3.74941,4.15121,3.12678,4.18248,3.79447,3.77205,3.2378
2.95718,4.17122,5.59931,4.72059,4.43392,4.99528,4.27224,3.34665,4.37588,4.43807
3.86663,3.71191,4.97971,4.15753,4.84781,3.58665,3.88279,4.60376,5.89348,4.532
4.82606,4.6667,4.54263,2.82496,5.35868,2.80039,2.12844,3.48035,4.67089,3.14564
4.6704,3.74519,5.0186,5.07872,5.07774,5.08094,6.11393,4.22538,4.70204,3.30802
4.02312,4.58853,4.95401,1.843,3.65185,2.37728,4.53561,4.01353,5.41014,4.71407
4.19734,2.82672,4.46363,5.54833,4.3907,3.20851,2.8137,3.13407,6.41034,5.50544
2.37362,4.64425,3.08624,5.25715,3.38569,4.5828,3.25045,3.18303,4.35066,5.8146
3.9234,5.07839,3.82132,2.18859,4.32002,2.63982,4.24655,3.6724,5.63582,4.83222
4.27492,6.38675,3.00818,4.24944,4.54704,3.72422,4.62798,3.91189,5.16133,2.89973
5.14906,3.66761,3.7517,5.24147,3.46681,3.41016,3.54709,3.7342,5.20976,4.28563
3.34015,4.54605,3.6743,4.52527,3.63765,3.83814,4.11933,3.98332,4.2016,5.69865
2.26233,5.61756,4.63738,3.82625,4.14702,3.3878,3.84118,4.47473,2.9659,3.59911
3.25735,5.81347,2.48018,4.83319,2.96199,2.0067,4.51756,2.62917,4.22014,5.36405
4.57543,3.78237,4.16555,4.31233,5.60802,5.01484,3.97458,5.35953,4.79955,4.22491
4.93832,3.15375,3.91541,4.20514,3.73843,3.81239,2.99951,4.81333,3.46086,4.07068
4.80731,4.87028,4.83346,3.53801,3.16338,4.66344,2.91013,4.17608,4.05961,4.51342
5.33338,4.37396,4.0282,7.04016,3.12574,3.66561,1.68315,3.09108,4.50156,2.76686
4.10228,4.53287,2.60153,4.09745,5.44557,5.45509,1.72846,3.99631,4.39739,3.53422
3.40821,5.37401,4.65047,4.11467,4.43704,4.05651,4.19075,5.38431,2.01487,4.92493
3.86875,4.54887,5.60287,2.31183,3.52451,3.48278,1.54547,4.90665,5.70915,3.70294
3.64002,4.32096,4.15222,3.89625,3.66471,5.05154,2.76191,5.19695,4.91719,3.10895
4.48615,3.33178,3.93003,3.90459,4.40743,4.87883,4.41304,4.46434,3.56642,4.22427
3.52817,2.68413,4.38027,3.17951,4.30948,4.10776,5.76774,2.94443,4.79943,3.29795
4.83299,3.78878,4.05219,2.17116,3.87753,2.74432,5.37236,3.80531,3.90395,4.04771
4.76886,3.95246,2.64751,2.87287,4.14528,4.70686,5.47829,3.29476,4.23486,4.00981
4.14662,2.14732,4.74719,5.241,3.70678,5.33076,4.82846,4.32214,4.35646,3.51377
4.11369,3.32066,3.52306,4.08155,4.19264,5.98726,5.36653,3.98387,4.43577,3.70337
5.30955,4.70136,3.93062,3.34411,3.54123,5.244,4.23269,4.81753,2.78663,4.59342
5.44789,3.62969,3.07992,2.93505,3.47496,3.95294,3.01474,4.98298,7.06095,4.87994
6.47334,3.605,3.35258,4.46484,2.03995,3.15858,5.78057,5.0054,2.50613,3.65198
3.75802,5.31516,1.76909,4.42997,3.51457,4.73492,2.49625,3.9881,3.94081,3.53658
3.61151,4.61903,4.09508,5.13344,3.82984,4.98794,3.92783,5.26866,2.49753,5.06316
3.4476,4.57851,4.23722,3.76307,1.74786,4.79533,3.47943,4.67586,3.60511,4.1778
5.71307,1.84841,3.96366,3.84439,4.12142,3.62293,4.18227,5.01697,4.95873,4.68812
2.96072,4.07757,3.95687,3.83011,2.47713,4.13196,4.78778,4.10807,3.51002,4.44147
1.82348,3.74995,4.4877,3.03589,4.33053,4.05053,2.66726,1.78047,4.08707,4.55604
5.4249,3.88233,2.75709,4.41271,4.68891,6.28281,4.09596,4.94592,3.07736,4.79559
3.35813,5.193,5.45192,5.16057,4.36459,3.23161,4.13295,2.60247,2.51005,4.53717
1.69855,4.78042,4.04479,5.16672,4.64714,4.57845,2.85748,3.22889,3.70944,5.20327
4.78522,3.8104,2.99099,2.53448,4.58708,2.70249,5.01724,2.91349,2.36174,5.53451
3.99281,3.85667,5.01621,3.33406,4.72005,3.72258,5.4029,3.35938,4.1055,4.79165
2.8776,4.93033,4.58981,2.52562,4.79834,3.69605,4.49379,4.52494,4.18771,4.73725
2.938,2.78554,4.81398,3.57306,3.0449,1.79857,4.35538,4.89284,2.84064,4.4739
6.10476,2.3734,3.42896,4.85798,6.22962,4.67313,3.29965,5.01227,4.34693,4.6036
5.18763,2.88337,2.84586,3.88548,4.3376,3.27443,2.15758,2.78294,3.40224,3.0906
4.62026,5.01044,4.5276,3.95352,6.38772,5.07022,2.89996,3.16477,5.00496,2.73012
4.61965,5.52404,5.69823,3.51964,3.29586,1.11815,4.03084,3.59017,3.17035,4.16633
5.44577,5.51677,2.84239,4.50537,3.52619,5.65109,2.43816,4.82082,4.21768,4.58196
3.90124,3.59119,3.1994,4.3601,4.41909,4.92862,4.67844,5.06082,3.98106,2.90216
4.11879,4.16387,3.94396,3.44583,4.93839,3.88816,5.05223,5.38421,3.80537,5.28534
2.37419,3.14157,4.21381,3.72178,3.43016,4.18591,5.30914,4.55261,3.67852,3.06871
3.86168,2.5429,3.887,3.94453,3.59538,3.82526,5.0865,3.96412,5.49322,3.77294
5.03616,3.98328,2.60191,4.41225,2.89571,4.44433,3.74794,3.47885,4.00464,3.91681
3.39529,3.55627,2.81979,3.95187,2.81049,4.6672,3.88055,3.66129,2.6216,5.21381
2.85668,4.12522,4.54661,6.80547,3.95495,4.03484,4.31796,3.98464,3.63706,4.74401
3.21201,3.46686,4.82327,3.82729,4.5141,3.59298,3.04599,3.1733,2.8613,4.23614
3.21496,5.2425,3.04622,4.13946,4.33027,3.78174,3.71266,4.65557,3.1806,4.65897
4.58233,3.52718,6.87091,2.51639,4.72675,4.16661,2.0155,4.36758,4.82564,4.29434
4.55018,2.89036,5.22666,1.97693,3.25422,3.92171,3.60199,3.04004,5.75574,3.92194
4.26678,4.04318,4.82986,3.50458,4.84862,4.36952,4.83222,2.65695,5.24219,3.27382
4.03651,2.44179,3.20625,4.58144,4.09721,4.05362,2.9951,4.22604,3.25605,2.7891
4.8358,2.69498,2.90734,4.33417,5.71713,3.9668,3.63863,5.25555,6.08186,3.08478
4.42749,3.031,5.56283,3.7784,5.57743,3.65747,3.70945,3.75505,2.72308,4.46524
4.48622,4.72628,3.7615,3.97122,4.08317,4.13071,5.02707,4.39007,3.07946,4.34548
2.9381,4.6415,3.59667,2.91887,4.8044,3.54565,4.95857,3.22865,5.49704,4.34004
4.03692,3.33325,4.4532,5.02226,2.90529,2.78796,4.96232,4.79334,3.63052,2.50514
4.40053,3.42993,4.42526,4.36807,2.49246,2.88517,4.59016,2.7068,4.41143,3.54593
2.20351,1.84467,4.98712,4.7947,2.98409,3.42552,3.79795,4.02423,4.01977,3.74985
4.24269,3.95147,4.97526,2.66633,4.50459,3.76244,2.79547,4.27604,4.86716,4.90416
4.45787,3.17419,4.27157,4.80689,4.20578,4.3216,4.21106,2.78682,3.67895,3.87297
3.47313,3.81351,4.19102,4.40596,5.08061,4.03227,1.71772,3.3472,3.54795,5.00956
3.70305,3.01085,2.96911,4.73628,4.84215,4.54161,2.60254,4.21984,5.19401,3.62161
1.26271,4.48714,5.02586,3.64219,3.75647,5.66719,3.46244,4.61215,4.80937,2.83828
4.84774,4.41436,5.62241,4.418,4.72125,3.35333,3.52868,4.32301,3.94423,4.25143
5.51231,3.92223,4.77382,3.24436,5.32384,2.70552,3.556,3.2737,3.84082,5.26245
1.51956,4.23095,4.44321,3.47606,2.42426,4.04413,5.71738,4.24042,4.70732,4.82431
5.14091,4.0142,4.86615,4.79018,4.69479,5.34623,5.38684,4.15319,4.85498,4.3552
5.59733,4.93901,4.24266,4.63853,2.04309,3.38335,2.95713,3.71175,2.69409,4.3527
4.03055,5.75088,2.87597,3.38385,2.78827,4.65384,3.7061,2.30903,4.38518,4.89922
4.21056,5.13506,2.45465,4.62242,5.36039,3.37498,6.20621,6.10163,5.60352,4.85503
5.49528,3.517,4.40605,3.79487,3.8348,4.28383,3.97404,2.31563,3.53249,3.44335
2.63394,4.16232,4.04083,4.41418,3.12264,2.73461,6.282,1.20235,3.74729,3.07138
2.95901,2.41343,5.63333,3.70038,3.6352,4.40016,2.68401,3.74604,2.98385,4.08307
4.0157,4.74544,3.23704,3.75842,4.8374,3.8817,4.37346,3.98658,2.26053,5.10928
3.95092,3.02268,3.12445,3.77339,3.43326,4.78532,3.92862,4.0454,3.34491,4.66123
4.23278,3.5914,4.9709,2.5307,3.76949,3.86568,4.37501,3.80665,4.85497,4.30891
2.75141,5.85399,2.78161,2.3157,1.60305,4.04081,3.79692,5.56005,5.53854,4.52619
3.97984,3.27996,3.76402,6.07636,4.22659,4.7324,4.83502,3.26226,3.11598,2.74366
3.74005,3.73887,3.90913,1.70646,3.95067,3.31061,5.9809,4.82471,2.13401,5.20017
3.63194,3.26116,4.15464,2.47914,3.28951,1.98895,3.98562,5.40022,4.42339,4.144
5.40126,4.96529,3.2138,3.03557,5.737,5.06072,4.76855,5.07087,4.27838,3.61001
1.5711,3.93949,3.21017,2.18696,3.19218,4.18597,4.25553,3.36663,2.95081,5.54142
3.36676,2.60213,2.75451,3.51575,4.47476,4.77011,3.89233,3.11905,3.73302,2.59353
3.43208,5.63138,3.79913,3.71908,3.83962,3.38674,4.64935,4.19121,5.27717,5.18725
4.44042,3.41366,3.51863,3.5849,5.22317,3.61149,4.92339,3.94538,2.17728,2.42561
3.06182,4.40043,4.67351,3.11865,4.07408,3.27982,5.07891,4.28856,4.08943,4.44062
4.51942,4.31716,4.26114,5.15745,4.98085,4.51391,4.1834,2.49465,3.29147,3.43282
2.36215,4.86556,3.88152,3.50773,2.74383,4.1011,4.77105,5.10999,5.18064,4.70854
4.57065,3.05425,4.02622,2.70059,2.54118,3.36002,5.57176,5.15103,5.64298,4.88055
4.20427,2.5036,2.48867,3.37525,2.91514,3.84233,5.32976,4.46871,3.65878,3.31828
6.17862,3.28485,5.78761,3.15935,4.94754,5.66157,5.42155,5.11395,4.00598,3.13194
2.33545,5.00087,1.99138,5.65073,3.53526,4.68,1.70098,2.22189,4.31228,4.54121
1.80423,4.55779,3.52837,2.17212,5.44136,3.35133,4.34219,3.65895,5.82156,3.19642
4.50836,3.5335,2.71826,3.18793,4.30926,2.20312,3.55786,5.3543,5.02082,4.51885
4.41623,2.47858,4.12796,1.70648,5.96045,3.52754,6.21685,5.12453,2.93304,4.01488
4.20176,5.22721,4.0243,4.49941,3.15668,5.26505,2.61266,3.73533,4.88369,3.49678
3.83884,5.42346,4.85614,3.80531,6.44479,5.55387,6.06685,2.46671,3.34626,3.57457
2.93213,4.09508,3.2431,4.01484,3.59045,2.84551,3.63422,4.58494,5.58017,3.84513
4.18328,4.89646,3.07199,2.95671,2.05525,3.33172,4.4804,4.14018,2.28321,4.2792
5.06173,5.10577,3.64167,3.58627,4.48736,3.36075,3.923,5.75777,3.58959,4.1882
2.70468,5.07286,6.06028,4.14544,4.38339,2.9271,5.52744,4.1981,3.34827,3.99778
3.19367,3.88239,3.43411,4.63752,5.01506,3.67913,4.54417,2.70464,4.52479,3.41014
3.45736,5.60082,4.61923,4.67199,4.68633,4.18063,2.45112,4.23481,3.04654,5.11465
3.51129,2.70345,3.96321,2.90308,3.58948,2.85975,4.82822,4.54964,5.12178,5.85152
3.60823,4.46858,3.09317,2.32072,4.86403,5.49812,4.50251,4.08603,4.64391,5.30618
3.07995,4.5078,4.94241,3.81668,2.51915,5.22843,2.64902,4.42586,3.89185,2.26261
4.03255,2.8459,4.79044,4.25554,5.51095,3.00136,3.74085,5.56269,4.70332,4.63339
1.88479,4.44799,2.52844,4.75708,5.82974,2.62432,2.76197,3.54685,5.05564,-0.378836
4.48563,4.49234,3.53319,4.48851,0.881335,4.12596,2.74174,3.99277,2.99267,2.81193
3.45293,3.30609,4.48908,3.24477,4.96659,4.13255,3.73833,4.22534,4.42305,4.92412
2.98602,5.06405,5.4279,4.02213,5.54923,4.83021,3.83422,4.69647,3.03633,3.75594
4.98433,3.72865,2.71496,5.11285,5.25177,4.48537,3.32294,5.16025,4.83553,5.58513
4.35106,3.14576,4.7318,3.38835,4.96814,3.75285,5.88309,2.6196,3.79929,4.38883
3.88618,6.67436,4.21118,3.57933,4.41798,4.99629,4.86837,3.97072,2.15297,4.47222
6.08311,2.07801,4.27973,4.02572,5.98126,3.68775,4.31114,2.98307,4.36694,4.40432
3.87468,5.66631,3.25156,5.0676,4.40928,3.68726,2.33264,3.5762,2.70091,5.29266
3.51834,2.83691,2.527,3.52023,4.4766,5.43654,5.44809,2.13908,3.56972,4.52481
5.16441,5.17537,3.17865,2.63379,1.85907,1.52807,2.77188,3.67651,2.66458,3.04276
5.01538,2.90711,3.37001,4.37878,5.51588,4.14761,5.54027,4.64621,4.32331,3.98306
2.07169,2.70152,3.49994,2.61411,2.83937,4.8898,3.73612,4.96881,3.25294,4.20332
4.8093,5.30236,2.44242,3.01821,3.98613,3.85094,4.75146,4.43182,1.77672,3.52205
3.03476,5.00919,2.56206,4.08085,5.01887,4.8847,3.98867,4.30989,5.61955,2.24441
3.14214,4.74592,3.19223,3.87283,3.09185,2.81557,3.50199,4.1065,4.28205,5.42357
3.43036,2.51155,2.45857,3.05507,2.69366,4.7339,4.20545,3.94863,4.41064,3.85707
4.17679,5.48027,3.84472,4.62326,5.26967,4.62576,4.39698,3.59579,2.92535,2.26002
4.8818,3.05899,4.41247,3.57554,2.30505,4.73931,5.70481,2.91317,4.10045,3.52823
3.44254,3.74576,3.41404,5.89752,3.63767,4.15374,2.48696,3.84036,5.29002,4.91375
5.14886,4.52809,4.53753,5.07516,3.24184,4.0525,2.95329,3.73331,4.96549,4.6839
5.67965,2.77485,1.89391,5.02212,5.45988,4.72329,3.90602,3.37269,4.799,3.05618
3.9646,2.96956,3.70123,4.94606,3.62363,4.83428,2.30798,2.75212,3.30129,3.68959
3.35374,5.05573,5.35907,4.55206,4.7398,3.67984,2.17862,3.05148,5.49991,5.81923
5.954,3.1111,2.41479,3.73477,3.77816,3.25673,2.72888,4.11592,4.12323,5.39154
4.76304,4.4366,4.23481,4.43953,3.15821,4.26957,3.85916,3.72998,3.82705,4.50017
1.96361,2.56178,3.02881,2.52863,2.34789,4.7417,2.76185,5.29376,5.1557,1.84161
4.92347,5.08607,2.63114,3.83496,3.97202,5.08369,4.3089,2.7612,2.3995,2.87724
4.41155,4.56571,2.28996,4.48745,2.52047,5.35183,4.58165,4.18446,4.46766,4.07033
3.45319,4.66846,3.74169,3.76666,2.46046,4.03905,3.17508,4.40031,2.8772,4.84342
3.53951,3.34499,3.8627,3.90711,3.55605,3.82331,2.8037,5.46433,5.99356,2.8851
5.65656,4.45876,2.99007,4.49651,2.30651,2.98284,2.71604,4.75877,4.54828,2.40424
3.54742,2.67354,2.5941,5.7875,3.79033,3.77043,3.58084,3.51579,4.64967,3.84134
5.86969,5.02113,2.99553,5.72161,4.02575,3.74647,4.28384,4.37504,5.39637,4.37128
2.7133,3.84954,4.62604,4.25846,4.59142,4.50619,3.61233,4.68794,4.63364,5.2312
3.81911,4.20187,4.14564,1.16669,5.99334,3.95833,2.55051,3.85501,2.70456,2.26783
2.81421,3.21643,3.93497,5.16161,2.96887,3.7093,4.1185,2.89452,4.85446,4.83345
3.94243,4.18606,3.63556,4.17996,4.63726,4.11984,4.92431,2.98626,3.91843,4.90227
3.74832,4.81193,2.13749,4.31823,5.5278,5.16709,5.78501,2.08913,2.98513,3.84578
4.66463,3.26265,4.1475,2.38971,4.56005,4.16386,5.63757,3.77418,3.83891,3.36224
4.65637,4.86551,5.27716,3.96681,3.02004,4.31309,4.2859,3.17589,5.1794,5.27025
4.20331,4.29716,2.14928,3.23598,3.23909,3.16389,5.77962,4.364,5.12733,4.75968
4.28792,4.37404,4.3304,4.51782,4.66595,3.13116,4.43679,4.27983,4.04274,4.99517
1.66452,4.98263,4.38321,3.94742,4.88899,4.06274,3.4587,5.66626,2.69934,2.51512
4.3886,3.39464,4.87229,4.37032,3.62261,3.19255,3.618,4.42989,3.38795,4.2732
3.98713,2.13532,3.88205,4.60326,5.4892,3.99495,3.76293,3.97248,3.03219,3.69368
3.66491,2.64798,2.42144,3.98402,5.1656,3.56541,5.02836,3.75933,2.50965,3.27293
3.53094,3.82639,3.59845,3.65952,4.75222,3.28893,4.3448,3.56575,5.14655,3.42884
2.93791,3.52633,2.99761,3.80366,3.97482,4.69542,3.65316,5.89134,4.39673,4.73617
3.66975,2.91082,3.66835,6.81941,4.83957,2.91637,4.02691,4.02329,4.12217,4.04468
4.51283,1.91115,3.97738,4.07293,4.37315,3.96671,2.89843,4.05858,2.53099,3.49306
5.64188,2.43163,4.5097,3.75552,3.80143,4.36563,2.23092,3.40747,4.50939,5.45521
3.81179,3.65238,2.40556,3.91734,4.07699,4.12019,4.28045,2.95884,3.83171,4.04746
2.20757,4.17916,2.27465,2.85269,5.85292,5.846,3.33865,3.26841,5.57178,6.18622
2.6632,4.00894,2.32773,4.30924,3.91991,3.94718,3.6486,1.72859,3.86117,5.25486
4.56255,2.24746,3.80332,4.00719,4.98729,2.7333,3.54717,5.48603,3.31251,4.01433
2.68226,4.10978,3.91571,3.86752,3.69744,4.36584,5.93966,4.36295,2.86765,3.99169
6.07359,2.75298,4.14611,1.87594,4.56625,3.5125,3.77781,4.00014,3.01582,2.60138
4.81088,3.8932,4.10419,5.31775,2.75559,3.31374,3.25084,4.35903,2.81411,4.81264
4.70056,4.48125,6.24121,5.65592,4.13104,3.74316,3.44297,2.89737,5.00269,4.29472
2.96892,4.14552,4.80375,3.37306,5.36317,5.00307,3.94178,3.74933,3.82197,4.00301
2.7109,2.28553,4.83015,4.40756,4.13864,4.19554,5.22373,4.46636,4.32721,3.93955
3.92023,4.19411,3.17718,5.82552,3.24385,2.77745,5.28832,3.80978,2.22178,6.27145
4.97856,2.46492,3.28119,6.02821,3.48737,3.76242,4.55552,5.00567,2.63756,3.01427
4.13049,4.6733,3.89323,2.61244,5.77353,4.54713,5.69782,4.08198,3.4825,3.32158
3.99564,4.05172,2.49298,4.47012,4.11399,2.63926,4.06277,3.94548,3.13266,4.96312
3.68228,4.75355,2.34883,4.89543,3.54886,2.62769,5.36755,4.08068,5.13502,4.55482
4.89247,3.8197,2.50734,4.21495,3.09839,4.29107,4.71372,2.65658,2.53873,5.49009
3.69611,4.19169,3.30764,4.55158,3.95337,2.96495,3.99878,3.17811,2.68449,4.71254
3.89737,4.64107,4.32017,4.48142,2.6834,2.90852,3.49766,2.58761,4.83268,3.16282
5.13794,3.51161,4.29964,3.74684,2.74389,4.79891,3.14266,3.37682,3.81637,4.60618
5.7355,3.85034,2.68625,5.05596,4.17022,5.04985,4.50004,4.9089,4.75341,3.66565
5.16036,4.22485,5.63055,5.11054,2.47132,4.48539,4.44953,3.84922,3.27445,4.33641
4.95146,5.2981,3.56833,2.08572,5.19289,4.46157,4.45781,3.49995,3.34558,2.49357
3.94096,2.33603,2.92176,4.77925,5.24033,2.81296,5.41121,1.37841,4.26903,3.27271
3.69888,3.80266,5.71316,4.38139,3.31562,3.08132,3.30488,3.2421,4.57406,3.07041
6.00812,4.27611,3.78349,4.92458,3.88282,5.19813,4.74747,5.04849,3.05817,4.64142
4.2336,3.92738,3.6877,5.96593,4.5807,5.62693,7.53014,4.31782,5.70861,3.54764
4.67382,4.62071,4.60291,3.61428,4.29751,3.28972,4.28156,3.80682,3.9179,3.05946
4.03639,4.61992,6.26545,5.33866,4.67084,4.44785,3.88441,4.57801,2.00775,4.01436
3.69277,3.01936,4.76708,3.82056,3.26698,4.84216,3.56805,3.60328,3.93598,3.9925
4.96946,5.548,3.18405,3.4791,4.57925,4.37572,2.51493,3.41157,4.0137,4.94142
3.86061,3.41336,4.12376,2.86498,4.12178,3.30381,3.9874,3.49637,4.13682,6.54842
5.52243,2.89709,2.91921,5.20226,4.03343,1.33521,4.09768,5.27024,2.57863,2.87152
3.32905,3.43829,3.95701,5.37602,3.50421,4.48815,5.83767,3.19969,4.03504,4.89465
3.79374,4.91777,4.47941,4.09718,6.58562,3.44879,3.16625,3.77162,3.37555,3.21404
4.03675,4.82076,4.4014,3.12237,2.35071,4.92823,3.87439,3.91292,5.12227,4.38531
4.32696,5.00089,3.76949,5.79484,4.83199,5.71764,3.57625,3.64216,2.22889,3.19474
3.17245,4.48859,3.37709,4.01673,4.94096,5.56713,4.4622,3.93818,3.15124,3.46449
3.21368,4.54812,2.91772,1.56647,3.23201,6.12288,4.59487,5.62596,3.23195,4.39477
2.40607,2.11382,2.46061,4.39178,4.22355,2.04613,5.23986,4.57861,2.78469,4.16649
3.14085,3.58321,5.79072,4.30418,4.56583,4.40103,5.37023,4.20822,4.71503,3.05291
5.3474,4.18872,5.15439,3.04486,1.56295,5.32047,4.17801,5.01238,4.03106,4.37551
4.47111,4.07312,3.98724,4.47962,4.86994,4.2178,5.47805,2.84129,4.1462,2.03449
3.09169,4.29205,4.02702,5.00182,3.77624,6.21438,3.65839,5.90692,5.59982,3.25299
2.47997,4.74804,4.2787,3.58219,5.7703,5.30243,4.94865,3.8437,4.44569,5.22784
5.45569,4.76158,3.53919,4.83239,5.97893,3.18461,3.09191,1.59481,1.9674,5.08481
3.69716,1.56339,2.23349,3.55747,3.59716,5.20545,4.10623,4.35735,4.09195,4.08817
3.04396,3.23256,5.74583,4.3411,4.07071,5.65862,4.03044,3.66494,2.86497,5.0792
2.8907,3.98744,4.43243,4.61664,2.08188,4.57475,3.47288,4.82251,3.3143,3.93068
2.15784,4.39704,3.80721,4.10729,3.06124,4.00969,4.65558,4.73353,3.93721,4.21849
4.45904,4.4569,3.98345,4.47573,3.61938,3.28387,4.88533,4.03563,2.48375,4.60412
4.12477,1.82154,3.8807,4.40827,2.66802,3.64053,2.03084,3.37177,2.42696,3.23555
5.04099,4.91541,2.35639,2.24066,3.49967,4.08771,4.97045,3.44919,4.82133,4.02328
6.09237,2.03996,3.7437,3.37723,3.01403,3.85765,3.30065,3.61835,4.75126,4.72968
3.11501,3.30132,3.15861,3.82065,3.84547,3.47362,4.02361,4.05861,4.53932,4.01751
4.759,5.67978,4.30674,5.19154,3.85156,1.61189,3.73877,4.75447,2.90907,2.91482
2.7516,3.87996,3.33562,4.20883,4.69111,4.13711,4.35716,4.3488,4.97176,4.78674
3.64035,3.16592,4.14268,3.93896,4.08054,3.98469,3.85977,2.46702,3.74296,3.60754
4.86038,2.37992,3.13059,5.16469,4.84249,4.32716,2.57076,4.69794,5.69424,3.62132
3.35477,2.71235,3.92665,2.40213,5.40096,5.09233,5.02869,5.43347,4.40551,4.55656
3.32226,3.84697,3.07996,3.32665,3.97987,4.47886,4.03413,5.5468,4.05672,4.27979
3.60287,5.23291,4.62858,3.41485,3.20909,3.61775,5.35682,5.30326,3.51688,2.87555
4.90293,3.27701,3.36911,5.59122,3.82553,4.60841,4.91548,3.22452,6.2936,3.66903
3.82121,4.61361,3.6801,3.31721,2.93764,3.79163,5.22282,5.02844,2.84512,4.02937
3.66645,1.58643,4.10785,3.58632,6.11419,4.05228,5.11858,3.17079,4.82656,4.81389
4.3575,4.70511,4.28841,3.46252,4.1026,4.31769,3.30097,3.48636,3.99099,3.7373
4.68641,4.43455,4.02157,4.34222,4.2493,6.40354,4.09297,5.0453,4.22618,4.44477
3.35593,5.88462,5.45058,2.38637,3.96951,4.54218,3.9417,6.0604,3.91079,3.1855
4.14914,3.85418,3.16074,5.13046,5.23887,3.45751,2.1665,4.35659,3.35319,2.36519
3.79728,4.74334,4.72432,4.46405,3.12811,1.73809,2.01118,4.12834,6.24696,2.65095
4.01711,5.20135,3.82099,4.29782,3.30253,5.83123,4.21091,5.40936,5.57422,3.6155
3.34516,2.45861,3.48917,2.1144,4.01792,4.44692,5.43643,3.58349,5.66164,3.57801
5.66726,5.44804,3.84775,3.58633,5.01027,3.73917,5.10374,3.03865,4.02539,3.63641
4.65177,4.79838,3.1381,3.74627,3.46591,3.88188,3.11947,4.27214,3.07759,5.78507
3.91594,3.31853,4.32563,4.16037,3.46051,3.6325,4.01122,5.80501,4.79682,3.84857
2.83384,3.75474,3.69314,4.64986,3.4328,4.34022,2.5211,4.3534,4.1162,3.80469
3.81926,2.66088,4.19232,3.48525,3.78219,3.69686,6.18162,2.36666,4.40332,3.16647
5.18925,4.82945,4.45112,3.85568,6.09779,5.14379,3.83307,4.93901,4.52478,4.02276
2.92885,5.17125,3.9794,5.46172,3.15947,3.94548,3.77792,3.72251,4.5263,3.14794
4.1429,4.25684,3.62649,4.18582,3.70716,3.59431,5.07817,3.6726,3.78562,2.00626
4.7286,5.33097,3.40029,3.7995,4.72613,3.05823,5.80326,4.57273,5.99094,3.19841
5.13638,4.07017,3.43867,3.93322,3.5024,3.38068,3.27102,2.27051,2.68714,5.25754
5.14945,4.28888,5.58212,4.1036,4.94133,4.47153,3.45036,2.50285,2.351,3.38456
4.57681,2.90885,4.11301,4.94406,3.15804,4.87844,4.33768,5.4115,4.68085,4.4748
4.47527,2.11423,4.71546,3.267,2.64255,3.59351,4.1205,2.71913,2.83974,3.3977
4.66535,5.35838,2.70299,2.83812,4.01488,1.32637,1.52257,2.12178,4.71944,3.33444
2.99352,3.41482,2.58806,4.0257,5.8687,4.38639,1.30591,3.5057,3.005,2.10129
5.62301,1.86276,3.56127,2.71776,3.55861,4.92053,3.91861,2.66472,4.83185,4.21192
2.48167,4.64027,3.99476,4.57388,3.91465,3.65019,3.89476,3.10042,2.3832,3.40884
