10
4.1226,3.13394,4.47185,3.0629,5.58681,4.16323,5.11223,3.76394,3.41811,4.75527
3.25076,3.66178,4.71478,2.64097,3.89154,3.51274,4.28526,3.6926,2.7456,4.31267
2.68465,4.00992,3.3781,2.94753,4.127,4.35826,4.68773,5.27748,4.86903,3.27638
3.03017,4.55651,3.62103,4.96123,3.43362,3.54894,5.98871,3.79106,4.53859,3.25795
4.55656,3.9373,3.44534,4.7734,4.63769,3.31623,4.02479,2.49,2.85209,4.95881
4.40198,5.53535,3.35726,4.10282,2.84358,4.87666,5.18312,4.50609,4.62213,4.21677
5.13882,5.30231,4.5079,5.93582,1.79246,3.77948,2.79527,4.08362,2.83667,3.73809
5.82416,2.74297,4.69457,3.53714,6.771,2.39341,3.90145,3.37232,2.8806,3.63639
6.19088,3.85816,2.85754,5.24255,5.52574,2.63907,4.46061,3.66158,4.01608,3.25096
3.00308,4.76116,3.36048,3.64529,5.17789,3.55379,2.14142,4.31344,4.86854,3.73839
3.55273,3.89225,4.95356,4.06477,5.89281,4.07855,4.39513,3.56525,4.0303,2.36558
4.15187,3.95296,2.52744,3.7698,4.41463,2.23628,4.7944,3.80765,5.4007,3.18233
6.19113,4.41851,3.53524,2.12772,5.15776,4.28357,5.62901,4.02151,2.71031,3.61863
3.6526,2.6393,3.01835,5.54341,2.78339,2.14971,4.46401,4.9358,4.54499,5.07277
3.94583,4.00278,6.56995,4.20136,3.68713,4.05032,4.0369,2.74235,1.80026,4.64869
3.53189,4.57327,2.46786,3.3712,4.31994,4.2996,4.42866,3.72558,1.52343,2.822
4.95599,4.67012,5.13294,4.0966,2.98232,1.63842,4.29627,3.45335,4.58714,3.59568
3.31926,3.10586,3.2558,4.74838,2.47514,5.01601,4.34278,2.40302,3.64942,3.22732
3.74065,4.66464,3.45081,4.75033,4.02765,4.61777,3.49782,4.3464,5.27937,4.7206
2.06066,3.6232,3.69747,3.94111,4.87235,4.41906,3.52664,3.52469,4.11168,4.59044
3.1179,4.29511,6.10566,3.73163,1.87044,4.085,5.6566,4.72421,3.81612,4.0877
3.34101,2.77593,2.39439,2.09419,2.99493,5.43118,3.99986,4.64875,3.43824,4.02838
5.2277,2.87712,3.1479,2.00941,4.452,4.99339,4.36089,3.57345,3.83229,3.66377
2.5754,4.0045,4.82236,3.23044,3.82459,4.26582,3.77746,3.63929,2.12055,2.95367
2.15487,5.57924,1.94973,4.53777,4.17262,7.01032,2.77307,5.62782,4.43327,3.25005
4.46518,3.42518,3.4996,3.28635,3.46039,4.06034,4.47262,4.79253,5.26234,3.68423
3.22569,2.78274,4.96086,4.97528,4.36551,4.1127,3.83692,5.44023,4.38158,2.81055
3.70473,5.84604,2.99754,3.44447,4.57849,3.14256,4.274,3.74846,5.19843,3.16416
3.30727,4.08492,2.5972,4.41777,3.4047,5.73541,4.26466,4.98517,2.84948,3.02923
4.25518,2.72971,2.49224,2.99121,3.81815,4.89222,3.29047,3.93038,4.60899,3.91737
5.1632,2.88201,4.26324,3.14707,3.64685,3.23566,2.86417,4.17933,3.31785,4.848
1.619,5.28142,3.06911,4.1835,5.87531,3.11327,3.4691,3.88552,4.16502,4.54104
4.28472,2.72636,4.72756,5.01282,4.92675,3.17905,3.24839,3.91378,4.34342,5.23155
4.04089,2.86881,4.42132,6.2097,3.71323,4.48802,3.55824,3.30078,4.36114,3.75587
5.29102,4.50117,4.33462,4.62936,4.54538,4.91602,3.34884,4.37502,2.11172,3.82145
5.07776,5.38239,4.77863,4.01122,3.1759,4.61856,5.36152,4.50232,4.65477,2.7019
3.47873,4.54096,4.72754,4.5817,4.30342,3.25249,4.48818,3.61203,4.14336,4.42593
4.7996,4.34009,3.72883,4.41609,4.53316,5.72967,2.96134,3.27221,2.10216,4.94948
4.5984,3.053,4.72038,3.82391,4.30289,4.20144,2.85902,4.52471,1.53145,4.57616
4.40709,3.94673,5.02169,3.5937,4.78218,4.24584,3.01093,3.30861,5.20646,4.3747
5.77752,4.1927,3.20677,3.60107,4.98151,4.92002,4.86351,4.86092,4.2614,2.14589
5.1274,4.49918,3.87845,2.80038,3.06948,6.18249,3.37836,3.74226,4.15945,4.18553
3.4434,3.60764,3.14975,3.06758,4.87474,5.61352,3.04553,5.39893,4.20393,4.57577
3.8737,3.0496,4.93317,3.68357,3.46462,3.16308,4.21806,3.64986,3.68493,3.41137
3.48519,3.75687,3.35993,3.59181,5.12844,2.63223,2.78876,3.80303,4.16233,2.91229
2.8589,5.47497,4.28738,4.06033,2.51032,3.13668,3.86882,4.18163,3.72064,4.14204
4.49047,3.2382,4.78098,3.86611,4.57779,3.62902,3.70328,3.88314,5.46444,3.24195
3.82459,4.84889,1.56921,3.39577,6.24425,2.29005,2.75751,2.31131,3.85351,4.14181
4.60458,5.42315,4.41102,3.65823,4.06073,4.20547,5.2745,3.72063,2.70276,4.16774
4.38001,3.58789,5.28582,5.35467,2.73165,4.32354,3.24353,4.7037,3.17526,5.45262
4.58714,3.85672,4.30897,4.43362,4.48506,3.98332,5.56816,4.41163,2.42902,3.26471
3.65223,5.29806,3.66915,3.91632,3.14658,3.96094,2.99993,4.16662,5.32592,4.68507
2.81868,5.2397,3.74709,3.32587,2.8479,4.79804,3.94006,2.71608,2.52451,3.28752
4.50062,3.8333,3.8008,3.76724,2.08274,5.11061,4.66079,2.55654,4.81334,3.33149
4.87545,5.12879,7.5189,3.06712,2.60845,3.02506,2.48938,5.14457,2.54516,6.02407
4.87235,5.28847,4.02635,3.05745,3.54405,5.51822,3.93737,4.02029,3.85866,4.44933
3.44878,5.0828,3.9369,3.30443,3.71348,3.54598,2.40343,4.41152,5.92381,3.31582
5.4812,5.73006,5.45424,4.67184,3.41239,4.44812,5.05745,1.95283,3.61246,3.71093
3.92311,3.21378,4.15091,3.61068,5.16814,2.24263,4.09533,2.94516,4.48042,5.24498
2.47489,6.10117,4.1713,4.53902,4.84688,4.31557,2.85764,2.09827,4.5797,4.77246
4.43222,3.64161,6.01792,4.1002,2.40348,3.29377,4.39938,5.40475,4.81316,4.3433
2.47224,2.91846,2.97383,5.34921,4.58631,4.76404,3.52941,5.61642,3.8697,6.26112
3.70505,4.72915,3.98659,2.73892,3.18227,2.31768,3.48393,3.03724,4.08923,5.67673
2.99855,3.12116,4.27471,4.78819,4.54645,5.90024,5.29979,4.54247,4.18558,5.09447
4.18995,3.8038,3.871,3.10568,3.9574,3.59795,2.88122,4.00846,6.29328,3.5992
4.29575,3.79016,3.93653,3.18734,3.45245,3.89874,2.38652,3.61882,4.23329,3.35859
4.41407,3.28791,4.20053,5.29594,3.96142,3.71392,3.33711,4.86182,2.57496,2.67368
5.27325,3.1025,3.6931,3.44856,4.58228,4.51837,4.35006,3.21346,4.26715,2.83985
4.56792,4.43182,4.1519,2.12218,3.60222,5.95097,3.86745,3.96704,5.50967,4.44225
3.63856,2.95266,4.68639,2.16807,3.94808,3.39976,4.05854,3.30249,4.63626,3.51535
5.05113,5.06472,2.73463,4.5098,4.55584,3.68593,6.56803,4.68546,3.66311,4.083
3.06839,5.48175,5.9769,3.87623,4.1388,3.59686,5.56565,4.27826,4.12447,4.63225
4.33709,4.70475,4.5624,4.35943,4.08382,5.76785,3.53508,3.64543,3.58751,5.05018
3.04984,3.11618,3.4488,3.38276,4.11715,3.81544,3.14167,4.92742,4.39353,3.99956
3.78285,2.0165,4.26441,3.95387,5.29664,3.84655,5.28776,2.78342,4.20561,4.28561
6.11882,2.80251,2.68172,2.62894,4.27481,3.05963,4.4413,4.05087,5.1079,5.40366
4.30606,4.33448,3.78253,3.75901,3.83621,4.36754,4.00375,4.64362,2.17809,5.14245
4.83844,4.39017,4.74657,4.91531,5.28248,2.59377,2.50441,4.06705,5.24877,5.08507
3.14237,3.10103,3.2918,4.87731,3.40364,2.66375,5.10525,4.12493,4.61789,4.88839
7.04326,4.08211,4.34944,4.29947,2.46009,3.32671,4.02425,4.77589,4.47586,3.38587
6.97249,3.06713,3.88303,3.68123,4.03471,3.98018,3.11707,4.46303,3.34379,4.15717
2.70061,3.43045,3.64833,6.53909,5.59879,4.96745,3.44143,2.72231,3.71131,3.28138
3.86069,4.58572,5.72173,3.10955,4.66455,3.94463,3.17746,4.57088,5.3936,5.80733
4.58989,4.11683,3.74498,5.15264,4.20806,3.63056,5.7146,5.87422,3.94603,3.15548
4.43154,3.58765,2.70777,4.07485,5.16668,3.34371,4.39124,3.39658,4.27467,5.28675
4.42311,5.14419,4.60664,1.84507,4.57984,3.76998,4.03994,3.30405,3.37299,4.60451
4.50165,4.95918,4.99985,5.12555,3.92269,3.96764,5.19446,3.49782,2.88639,3.60353
5.04044,3.62343,4.37277,2.59365,4.94576,5.46778,4.16329,2.02236,3.09395,3.51475
5.07439,2.52892,4.50733,4.80378,5.1597,2.98005,2.88948,2.12394,3.07491,5.13866
3.13631,5.02011,4.3066,3.51298,5.84631,4.38068,3.63626,4.22526,3.64511,3.02055
4.03683,4.74199,4.87626,2.14523,2.38991,2.8272,3.01963,4.31241,3.30017,4.45064
3.42042,5.52683,4.45767,4.92456,3.48187,5.16355,3.30406,4.21621,1.87794,5.28488
4.17971,3.04974,5.63241,1.99899,4.77205,3.557,4.11635,4.07607,4.62493,4.53469
4.43946,4.82948,4.49487,4.21134,4.38317,3.00225,3.62682,3.73628,4.18863,4.75029
4.68966,4.90679,3.87013,4.39644,3.62552,3.63197,4.69578,3.05355,3.70208,3.67887
2.35677,3.02505,4.02536,3.78339,4.62113,4.15785,3.63753,5.06289,3.76864,4.77305
5.82383,3.08512,5.20727,6.49085,5.09794,4.15226,4.08356,3.44729,4.1879,5.35395
4.70523,3.506,3.67334,4.26632,4.45179,3.60135,2.86123,5.35749,3.94407,5.87187
4.10802,4.67446,5.29869,4.20619,4.36817,3.11968,4.40443,2.64867,4.7563,4.09488
3.9018,4.19973,3.95418,3.54946,2.60531,4.73849,4.82152,4.3114,3.61203,4.19944
4.55146,2.09873,3.88876,3.5401,4.43821,2.80983,4.48565,5.95406,3.57297,4.49504
3.64437,3.24104,3.96187,5.09885,2.84991,4.36848,4.27026,4.34208,2.40307,2.64975
4.70521,4.20078,3.00503,3.91827,4.67322,3.72963,3.89352,3.41868,5.9026,2.82008
5.29176,4.5195,5.04157,4.52056,6.39529,4.81977,5.109,5.84934,4.04293,4.96111
3.37628,3.513,3.84426,4.90513,5.06138,1.68003,4.52899,5.06888,2.09072,3.33246
1.61213,4.79139,3.71145,3.86481,4.15311,3.61013,5.40662,3.08216,3.51433,4.2496
4.7617,3.57722,4.22136,3.58243,5.86394,4.86022,3.71055,3.73564,2.89945,3.19829
3.52572,4.91172,3.79385,3.86061,5.3115,3.08994,4.14571,4.06967,5.34249,3.04548
3.78999,4.43928,4.0235,4.29897,3.34909,4.67869,3.27992,3.95916,2.85569,4.22912
2.74679,5.16376,3.95333,5.45389,3.4869,4.19289,4.24769,3.31656,4.66227,4.18466
4.73782,5.11356,3.47316,4.02922,4.02188,3.64352,3.56313,4.33377,4.69826,4.39665
4.69449,5.67881,5.39151,4.11669,3.84168,4.22155,3.23505,4.62974,4.63565,3.43855
6.65485,3.79077,3.51006,5.86403,3.96274,5.28943,4.28927,5.091,3.52195,3.79764
2.86628,4.16247,3.18457,3.54541,3.44922,2.5683,3.05182,2.69317,2.88583,5.4145
4.7901,3.9995,4.67805,3.47188,6.10004,3.91211,4.49328,4.07606,4.06678,4.70711
2.96293,3.58208,3.81755,3.62822,4.30714,2.91148,4.36058,4.97688,3.98902,3.96396
5.23331,4.33807,5.28707,4.01312,2.74451,4.90419,2.59884,4.85992,5.32166,5.37338
3.75808,2.9385,4.71676,4.79164,3.51348,4.43687,2.52152,2.89485,4.73448,3.89913
3.74463,3.73777,4.32982,4.85078,4.67442,5.3033,3.25727,3.68381,3.97491,5.76515
4.10522,4.74457,3.14914,3.76557,2.69078,4.61452,5.60213,6.49258,3.05751,4.57955
4.66452,4.69317,4.26293,3.27761,3.13457,4.11498,2.78729,4.02848,4.97767,5.30551
3.09741,5.16134,3.36516,4.02508,4.18555,3.56537,4.4987,3.22576,4.65076,2.38829
4.8757,2.90663,5.19744,5.50986,3.20088,3.45333,4.83979,4.8929,2.38669,4.60969
4.37285,2.21292,4.13691,3.97339,3.55947,3.79414,5.04168,3.2401,4.55216,4.63212
4.03351,3.59337,5.33633,4.24981,3.50994,4.05112,3.35103,4.75071,3.78494,4.69507
4.14092,4.44533,3.21166,5.01214,2.30178,3.29868,5.44921,4.1216,4.37917,3.54996
4.16621,5.23746,2.80408,2.28972,4.63766,4.74471,4.87889,2.8521,3.19969,4.28908
3.6594,4.53992,3.91719,3.70366,3.83178,3.54921,3.76815,4.05794,4.93706,4.2761
3.39881,3.46074,2.69985,4.03172,3.55732,3.35508,4.58155,1.89344,4.2982,3.74207
5.77412,3.62868,3.00976,4.37176,4.37502,5.28883,2.911,0.784685,4.13369,4.21239
4.6277,5.08603,3.88478,3.20647,3.28961,4.48134,4.13075,3.53447,3.22787,4.68617
3.98888,4.5964,4.74964,3.53747,4.21349,4.52209,4.66631,2.83065,4.62221,3.4754
5.3854,4.645,3.26722,4.85012,4.24789,4.18413,5.29282,5.81812,6.35901,3.21333
2.79965,2.34694,3.56092,3.96886,4.21196,5.4449,3.9034,4.65416,3.84252,3.74149
3.85633,3.26515,5.81863,2.7395,3.24378,5.06029,3.32778,2.05858,5.24711,4.71622
5.06135,3.51363,3.99069,4.397,2.00689,2.84755,4.87102,5.28345,1.42729,3.89584
3.10512,2.98375,5.32851,3.29731,4.00705,3.54751,4.27942,5.73701,5.56426,5.01459
5.29212,2.92954,2.18258,3.32364,3.8877,4.98416,6.55714,1.4336,3.1139,3.97979
1.82391,6.18212,4.39187,3.49041,4.39915,5.94702,4.91723,4.56118,3.84639,2.98171
1.22489,5.26093,3.76505,3.86148,4.46013,3.82148,3.86283,3.78734,2.18477,4.72634
5.59649,3.01387,4.32711,3.98551,4.00005,4.65822,4.17228,3.26871,3.27585,5.07538
4.42031,5.04369,4.88645,3.32954,4.20658,4.13055,3.12653,4.04146,4.32697,4.13709
3.33802,3.80764,5.70362,3.26145,3.10923,3.7009,4.01334,2.49144,1.95595,4.60347
2.83097,2.95068,2.64685,5.08636,4.98674,1.77443,3.37277,3.61854,2.62159,4.16311
2.52452,1.98208,4.04086,3.83535,3.13229,4.28806,4.24389,4.00262,3.99383,4.45828
3.113,5.13195,1.8479,5.32273,4.80611,4.68292,3.84581,5.63308,4.88551,4.36016
5.87426,3.65218,4.09986,3.14109,3.12816,3.65754,4.10646,4.32998,3.21029,4.95788
3.00936,3.05507,3.87047,4.78152,1.98546,5.47552,3.91334,5.51032,4.16231,4.62703
5.76105,3.60044,4.61965,3.41551,2.78396,3.82703,2.77994,4.00512,4.39322,3.78351
3.71648,3.67341,5.672,3.64069,3.68363,2.82571,3.49396,3.87321,4.39144,4.23448
3.53055,3.53734,4.11373,6.11363,5.93384,4.4617,3.12402,6.05561,3.56205,4.39457
2.43957,1.97302,4.00693,3.29427,3.22465,3.00898,5.22989,3.79502,4.03685,2.28994
3.94211,3.4298,3.21675,2.99355,2.29657,5.80382,3.22843,3.70128,4.43275,3.46879
5.08309,5.87006,4.50212,4.46091,3.77409,3.00279,5.00483,5.42981,3.16515,3.69385
3.92189,4.12494,4.93173,5.28496,5.44518,4.01727,4.86223,4.26535,4.41807,3.51551
5.33638,2.61401,5.01242,6.1284,5.02362,4.99961,3.64922,4.278,2.43868,2.57477
3.88115,4.91678,4.7359,3.2559,4.05906,3.22781,2.61648,3.60927,5.16556,3.20969
4.47091,2.25006,3.89542,3.61397,4.45432,2.33523,4.45964,4.0293,4.23647,4.1635
5.32914,3.94611,5.6891,2.27473,4.62365,3.94086,2.65972,5.14412,4.3047,3.49946
3.44036,1.98652,3.77625,4.21133,4.09651,3.07505,4.95949,4.24804,4.80741,4.08848
3.41738,5.16433,3.9193,2.98698,3.07305,2.24468,4.06477,4.84672,4.87011,3.14221
2.65178,4.70842,4.72438,3.52251,5.45393,2.78627,5.06832,1.26862,3.95402,2.94993
2.46752,4.09632,5.10579,3.70598,3.45796,4.59419,4.39821,3.81532,5.74171,4.32769
3.39368,3.79331,3.19728,1.95001,3.6957,4.77835,3.27611,4.05615,2.0306,3.24834
4.01237,3.5223,5.06414,4.60176,4.99129,2.5433,4.23358,5.41801,2.86956,4.26401
3.59551,4.9364,3.49306,4.92298,5.5438,3.26295,4.47832,4.24253,4.23053,4.14556
3.36376,3.91873,4.0607,4.44413,3.0926,3.7013,6.26344,4.25222,4.57614,3.27211
2.85654,4.37447,3.59593,3.85409,4.34513,4.63903,4.43728,4.94331,4.09204,4.68485
3.51623,5.65898,6.04902,2.91377,3.18467,4.13822,4.97757,4.27176,5.40163,4.18258
5.33818,4.47309,3.23092,6.14767,4.21217,3.52761,4.3761,5.68099,4.41201,4.98586
2.02421,3.41983,3.30074,3.63301,4.15443,3.41276,2.36899,3.09111,2.20026,3.59783
4.41868,6.3256,3.57427,4.48295,2.47814,4.96703,4.79227,4.90104,4.861,3.98591
4.56816,6.08729,3.49789,3.19869,4.29816,4.67163,2.66154,4.77154,2.81838,5.29603
3.36515,1.44638,4.22154,4.65316,5.03943,4.63452,3.24624,5.46428,2.50397,3.66592
3.53995,6.23418,3.02156,3.03262,5.63785,4.65501,4.53295,2.17197,4.96558,4.90098
3.83477,3.99069,3.75223,1.89429,3.58143,4.12076,5.18259,3.22468,6.2919,2.57795
3.89647,5.31103,5.07434,3.61231,2.96318,4.75127,2.96661,3.59428,4.10678,4.49317
3.94319,3.65804,5.2792,3.86268,3.28565,3.6114,2.98677,3.4229,5.16778,4.31552
3.49351,3.94669,5.59014,4.681,4.17706,3.47258,4.19506,6.57548,4.3091,2.44611
3.68289,3.59757,3.34319,2.79101,2.66675,3.84639,4.221,3.49678,3.01163,5.14711
4.75965,3.35125,3.3266,4.27922,2.64215,3.32327,4.31235,2.36545,4.11833,4.88229
5.90816,4.73548,4.24883,5.57392,6.14701,5.07306,3.74608,4.96112,1.09692,3.91723
3.94218,1.98547,4.51614,3.0525,3.76623,4.21769,4.60235,3.68907,3.51221,3.53035
3.78323,2.51412,3.78867,5.25387,3.72102,4.71592,4.91391,4.67097,5.45773,3.91869
4.72393,4.94389,5.62451,4.81561,4.58193,5.03462,4.82021,3.36914,2.81297,3.45775
4.18473,2.42735,4.77533,4.24114,6.7059,3.63886,4.12929,5.42652,5.22314,4.23003
3.91529,4.30418,4.19829,3.36666,3.11061,5.09352,4.39554,3.5151,4.88219,2.78801
2.60541,2.67788,4.44785,3.3082,4.65028,4.38837,4.00741,2.34734,4.47158,4.10542
5.02399,3.14908,5.17534,4.92362,5.54478,3.38173,4.90749,5.02777,5.05334,4.55065
4.58186,2.14611,2.71171,4.53018,3.14656,3.30524,4.26136,4.74335,4.53765,3.5182
3.27948,3.52883,4.12507,4.55139,5.81285,4.09312,4.17729,3.88681,2.8765,4.71822
3.21181,2.39764,2.57532,3.78979,3.35652,5.93233,4.8431,4.37785,4.1022,2.55888
4.71724,5.1878,4.80346,4.83048,3.27015,5.18068,4.6338,5.19341,5.95282,4.01582
4.65905,2.16665,4.90076,4.72037,4.78761,2.25686,2.46377,4.41545,2.38703,3.82007
4.52902,5.31593,5.65811,3.86609,2.79514,3.20417,5.02453,4.88587,3.33773,4.92119
5.14482,4.55857,3.9513,3.66388,2.65525,2.77515,4.22006,4.62195,4.36424,4.03748
3.6561,3.99909,4.73277,3.10313,3.6748,4.61987,5.29338,4.05588,6.62368,4.02677
4.05882,3.86,4.14094,3.40448,4.93998,4.21617,2.67419,3.25554,3.26325,4.45884
3.33062,5.69118,6.09235,4.68903,3.30194,4.83698,4.76447,2.5257,4.57035,3.73466
4.06653,2.52996,4.10571,3.53191,4.37404,5.30826,4.92747,4.11737,4.9758,3.45938
1.93339,4.8892,3.09762,4.48732,5.55051,3.42001,5.23776,4.23075,4.12597,2.66989
3.67727,3.85363,4.11689,4.89763,3.05112,2.94842,3.342,2.55732,3.34548,3.50003
3.68583,1.19784,3.19424,5.35113,3.68162,4.73107,5.1392,6.22487,4.82757,2.28709
3.70924,2.53122,2.88449,2.43878,6.01419,2.43866,5.253,2.85288,3.98016,3.92387
3.5506,2.46239,4.70038,5.24514,4.82747,4.97015,4.76019,5.00538,3.65164,3.24096
3.73964,3.27153,4.53761,3.74586,3.62676,3.6068,5.02469,3.67538,3.44161,4.76583
5.0381,2.75932,5.57053,3.64522,4.72937,5.18055,5.27513,4.31119,5.84392,4.05645
3.96538,4.90368,3.57355,3.14134,4.09173,4.49718,2.60369,2.67778,3.4991,3.6541
2.73485,3.7049,3.06613,2.36883,3.37336,4.04746,2.57059,2.32442,4.07036,3.25885
2.85434,5.15141,5.55408,3.48932,3.36669,4.46518,4.96001,4.66854,4.9901,4.33998
2.57294,4.04495,3.00395,3.85556,5.03947,3.87946,4.74145,4.42939,3.58001,4.45179
3.96224,5.91699,5.51513,2.96953,4.16489,5.52022,3.74088,5.47838,3.34399,2.99757
2.72444,3.58507,4.15803,3.72753,1.19546,3.45345,2.89111,2.84436,3.97361,4.80421
4.62551,1.7629,4.176,4.92963,5.27286,4.19021,1.62817,4.15885,2.57559,2.80961
3.31958,4.29279,6.02316,4.00148,4.5973,3.95211,4.65677,4.50304,5.16477,4.85719
4.28886,4.4223,5.0748,3.82883,4.78789,2.93889,5.78789,4.61013,4.47365,4.06597
4.35574,4.36371,4.9063,3.92813,3.96366,3.93253,3.51327,3.80284,3.75577,3.65625
3.68209,2.16923,6.74778,3.88777,2.02023,3.41151,4.33443,3.6728,4.70394,4.07389
2.46947,5.37991,3.77866,4.56156,3.51835,3.88044,4.56038,4.20136,3.58322,4.16362
2.149,5.38295,3.09723,4.80931,5.52669,2.74733,4.84417,4.29956,3.47197,3.14325
4.78749,5.13078,3.06854,3.91182,4.571,3.90936,5.3126,3.14093,4.19508,4.16401
5.50689,4.94882,3.96384,4.58124,2.83283,3.75641,3.27449,4.46356,2.04882,3.40631
4.24667,2.56283,4.97145,4.00555,3.57512,3.4407,2.72952,2.3358,6.11779,4.20719
4.57261,4.69799,3.01335,4.38077,3.33812,4.14371,6.18801,3.98581,4.33478,5.47152
5.91432,4.89165,3.91352,5.04945,3.32194,4.76141,1.92606,4.84847,3.6273,1.13267
3.93107,4.56223,4.39213,5.51299,2.74073,3.87091,4.77131,3.48469,2.30751,4.55384
2.71899,3.31997,4.36454,1.86955,4.95033,2.53723,5.38642,4.89353,3.70925,5.48868
3.93589,4.21158,3.84974,3.72203,3.75938,3.8743,3.88786,4.56254,4.212,4.03213
4.25278,4.18608,4.63588,4.93542,4.0599,3.82128,3.49592,3.6898,4.37671,3.87629
3.48162,5.59079,4.44439,3.04401,3.59521,1.76909,5.22058,3.86872,4.0015,4.2276
2.77504,1.97967,4.2497,4.29316,2.17376,4.34238,4.94159,3.01423,2.45101,6.61725
2.75263,4.97338,3.25469,3.6277,3.46151,2.37434,2.79865,4.1645,3.9046,3.18925
3.55339,4.13145,5.26078,4.08131,4.53922,3.59654,4.04171,3.75758,3.3397,3.26938
4.37066,3.0569,2.26307,2.53371,5.14207,3.58276,4.66712,3.67381,3.71161,5.2079
5.89248,3.14935,2.17053,3.93387,2.81855,4.00796,4.34491,4.16017,5.33616,4.352
3.90785,2.90934,5.7248,3.58306,5.12362,3.78175,3.59418,3.96135,3.10816,6.29859
2.42131,1.98235,5.88713,5.48048,3.59394,5.33029,1.60997,3.5702,3.7107,2.91264
2.22649,2.7635,4.85067,3.37174,5.41245,4.38271,4.25761,5.61198,3.91254,1.97236
5.2135,4.79352,3.87359,4.30747,2.75684,4.58045,2.53756,4.39462,2.43875,4.28264
4.46107,4.45933,1.98943,4.50544,4.31741,3.46558,5.26515,2.97707,3.41157,3.81915
3.76616,3.90072,5.3082,4.281,5.33455,2.92923,4.87948,4.76614,4.31751,3.55993
2.83477,2.70295,5.03752,4.67221,4.66672,5.10058,4.99964,4.54947,2.25896,6.01235
4.24944,4.4892,4.97569,3.63616,2.97023,3.79191,5.49186,4.83177,4.91305,4.25342
3.03423,4.9564,3.15573,3.05005,3.06228,3.89181,2.25011,3.9041,3.57564,4.78701
4.24846,4.75078,5.52581,3.88064,4.68433,4.80773,1.7004,5.2598,5.41365,3.65371
3.30596,5.65261,4.23044,4.77182,2.81986,4.48736,3.34514,4.09096,2.99004,4.97208
4.29952,3.85312,5.04208,3.50813,5.17927,4.30465,5.05895,3.99531,4.29661,6.37358
4.17641,4.77336,3.40893,3.29292,4.62156,4.43453,4.18264,5.22891,2.6598,5.10045
3.4921,5.50055,2.61261,2.85268,5.55466,5.04329,4.44048,3.88751,2.00343,4.30194
3.24518,6.16572,2.49785,2.88713,4.31322,4.06567,2.93777,2.3141,4.00665,3.67079
5.84141,4.49747,2.34704,4.28848,4.14709,3.19017,3.40231,5.25739,4.26301,5.06008
2.75741,3.84895,3.84439,3.82039,3.29631,2.96349,4.19606,3.97394,4.40574,2.37207
5.7865,5.13651,4.07183,3.70396,3.93306,3.54738,4.73113,3.07361,3.28404,2.97234
5.20005,3.79989,4.0696,3.33516,2.19037,3.27881,3.59005,3.19536,3.8749,5.03936
5.02207,5.60059,4.38829,4.87517,4.53516,2.73988,3.60022,3.12044,3.56835,3.86711
4.0924,3.91778,3.40539,4.81287,3.51595,4.2226,3.47544,3.83837,3.81224,3.10505
3.67491,4.25962,4.3588,4.51059,4.68516,2.63545,5.89518,4.6226,4.42929,5.42872
3.09108,5.8921,3.71647,4.53886,5.07411,2.37137,4.44484,3.42502,3.48346,4.833
4.60239,4.16623,4.05012,4.65494,4.70587,4.60541,5.16278,4.70588,3.86847,3.28563
4.35379,3.72346,4.5327,3.74181,4.42158,3.95729,3.60565,4.80274,2.19612,2.71649
3.84969,3.18324,5.10491,5.39052,4.32525,4.52262,2.99225,2.76262,5.3338,3.76943
4.72771,4.81924,3.39236,3.02347,4.73584,3.61954,4.25354,7.52376,2.79819,5.37166
3.64495,4.54154,2.68817,3.97943,3.7703,4.70941,3.14583,5.12647,5.33668,4.26254
4.02022,3.09089,3.77255,2.16895,3.92436,3.99048,3.47737,3.75002,4.66564,4.56424
3.9746,2.87724,4.17083,3.12824,4.86663,3.01711,6.1583,3.62253,2.69881,3.37584
4.02299,3.67011,4.10676,3.91222,2.82772,4.08273,3.98884,5.85394,4.45286,4.36018
5.0011,3.18874,4.09148,3.60048,3.60891,4.42296,2.90886,2.817,5.03154,3.04675
4.37896,3.91879,5.18413,2.03216,5.77038,2.90303,4.15842,5.86958,7.35685,2.96955
3.22048,3.37793,2.65016,4.64689,4.28572,6.88702,4.57372,3.62274,3.03754,2.90163
2.55539,2.04596,4.92875,2.00833,4.02489,4.55035,4.72147,3.4484,6.03535,3.03771
4.33001,2.80172,4.0604,4.0538,5.13459,3.43882,3.85405,5.5891,3.91947,4.17617
3.87451,3.93061,4.96341,3.40068,5.3691,3.00386,4.74825,3.41081,4.07516,4.10636
2.74656,4.44793,3.16346,5.19644,3.22419,4.58439,6.42134,1.85138,3.84773,2.6263
2.22748,2.10539,4.22645,5.42816,5.26627,2.45948,4.07662,2.7981,2.25124,3.11815
2.92163,1.86917,3.64833,5.85585,3.38308,5.37946,3.90792,3.58569,5.36641,3.56719
5.17663,2.86439,5.48283,5.78242,3.63158,3.866,2.22494,3.85404,2.30187,3.58588
5.20347,3.73956,2.26154,3.51942,3.63114,4.52274,3.09229,1.60722,5.80971,3.80891
5.09617,3.0958,3.72076,4.5525,2.18023,2.75065,3.96883,4.85446,4.81551,3.01764
4.07625,6.07549,5.29897,4.59914,4.15297,4.68861,3.00996,2.80936,4.23265,3.79461
2.8819,3.39949,5.28932,2.55843,4.99481,4.26235,4.62913,4.15359,3.96817,2.99288
5.15636,4.14157,2.32909,3.36658,4.10657,3.74482,2.94691,4.2285,4.33099,3.89886
4.57584,4.14769,2.89688,3.69967,4.70379,2.90705,2.8605,1.56647,3.54398,3.75251
2.97429,3.91241,2.69822,2.4642,4.20297,3.66984,4.11202,3.48119,5.10062,4.03155
3.86371,4.93664,3.82119,4.52926,4.80451,3.12441,4.50437,4.20372,3.36083,3.22304
1.71616,3.12185,5.00256,3.60337,3.46642,3.21905,4.51838,4.10539,3.74925,4.81126
4.079,4.6481,3.1477,3.49893,3.55157,3.64982,4.53781,3.85295,4.82061,3.00193
3.97346,3.60416,4.1809,5.54339,3.39133,1.98543,4.2882,2.61329,4.41796,3.07884
4.48747,4.59359,4.18285,3.57138,3.97268,3.54315,4.31907,5.7147,2.64316,3.43838
4.73325,4.53615,3.67072,2.75539,3.5821,5.40159,5.17396,3.96606,2.43061,4.687
4.09939,4.49664,5.0997,3.46731,3.02279,4.16109,4.17021,4.5758,2.67348,3.14201
5.3965,4.26935,4.23501,4.77219,4.08712,4.00635,3.96515,1.94919,3.99432,4.6398
4.09472,5.67077,4.26022,2.74497,4.20386,3.13839,3.62197,5.04808,4.31143,2.80732
2.23346,4.05833,4.13835,3.25107,4.58278,4.47943,2.97495,2.2483,2.27495,3.96063
4.64866,3.89784,4.70962,3.88335,4.15899,3.41748,3.27617,3.32069,4.60977,2.7485
4.99713,4.27579,3.27121,4.85918,3.77148,4.73881,3.859,2.86795,1.65601,3.26172
5.85539,5.13903,5.66359,6.60246,4.53005,5.59338,4.79288,2.61478,3.33077,4.93227
5.47899,4.12324,4.23348,4.23119,3.87037,1.23743,2.51603,4.69479,2.27465,4.49681
3.56322,2.15511,4.09736,4.63979,2.9319,5.25177,5.26589,2.34782,3.96376,5.06669
3.10537,3.6188,4.16639,4.28485,4.61282,4.21875,4.6911,4.54491,5.59164,4.22909
4.3249,3.81623,4.90033,3.72593,5.87922,4.29991,2.05424,3.59203,3.58704,4.98574
4.02157,3.16027,3.9874,4.53805,5.06779,3.76513,5.63985,3.53941,4.63814,3.07911
3.77379,3.9588,2.85351,2.26146,4.43585,4.60917,4.80475,4.3289,5.46192,3.08467
3.96115,3.27942,2.8845,3.715,2.841,4.73069,2.78607,4.18002,3.80855,4.64903
6.81114,4.60161,4.03257,3.52646,4.78405,1.35796,3.82424,4.40294,2.95464,3.90515
4.30888,3.05755,3.95288,2.346,4.21296,4.69418,2.51601,4.4566,4.57437,3.82085
4.34925,5.77326,4.65489,3.97111,2.78863,4.88074,3.66944,5.07556,4.24651,2.43855
2.819,3.77244,4.34926,2.84559,3.01443,4.61805,4.205,4.73016,2.3674,3.67179
3.79727,3.53786,2.91671,5.90753,3.46225,2.61414,2.54285,4.31734,2.39962,5.48288
3.13931,3.33512,3.10391,4.30283,4.53922,3.48893,2.47025,2.04523,2.60362,2.38178
3.87339,2.59747,6.5776,4.71252,3.06548,4.32424,3.35936,3.74998,2.4761,2.63695
3.93654,3.22045,3.21291,6.29296,3.7539,3.82428,3.78406,5.63354,2.77304,4.05281
5.10892,5.0432,4.11801,4.83593,3.64936,3.26087,3.21305,4.42219,4.13456,3.22276
3.99063,1.53726,4.64896,6.7683,5.21866,2.66242,3.03184,3.95105,3.12205,3.57067
3.79612,3.55702,3.13294,4.17178,3.98844,3.98537,5.98228,4.67305,5.00181,4.37571
2.44234,3.26157,4.3445,6.26977,3.26911,3.18717,4.78779,3.38481,4.40353,4.42249
5.62287,3.72435,3.77385,4.51962,2.73696,4.89895,4.62813,5.1845,1.57253,3.30654
2.4037,4.20726,5.9579,3.49825,3.18728,5.80917,5.26547,5.03226,3.69473,3.81619
4.00548,5.02062,4.05769,2.78373,3.75699,2.40803,5.51182,2.97853,2.97987,2.63555
5.24847,2.75833,3.25401,3.21252,3.85469,4.28923,5.18357,2.85524,3.33231,2.03794
5.23947,4.51287,3.18564,4.39178,3.94434,3.32572,3.9021,3.51537,3.63411,4.94371
2.46922,4.79755,4.48669,5.08705,3.44927,3.73747,4.55745,5.73638,5.71494,2.49412
3.89738,3.48237,1.17502,3.731,4.42395,5.85931,2.71677,4.4026,3.64311,3.23681
4.28403,6.02075,3.40656,2.46232,3.24359,4.02655,6.95297,3.56307,2.45175,4.17676
3.60975,4.98263,3.94678,3.24874,2.72055,2.44484,3.77823,2.80155,3.91729,6.44401
3.53481,4.48559,6.31591,3.67754,3.1389,3.09577,5.55157,3.02706,4.55421,4.34691
4.91278,2.93534,3.88599,3.78983,5.02018,3.45674,3.39794,4.2417,4.61092,5.42362
4.92931,2.90956,6.24992,3.34774,3.63326,3.75851,4.58951,5.89282,4.38405,4.62295
4.20146,4.47877,4.3464,4.38623,3.59117,3.5447,4.47726,3.93563,5.66126,3.57257
4.34795,4.8864,2.84778,3.3767,2.70166,3.63586,4.85421,3.21017,4.23648,3.28094
2.5622,4.20695,3.87635,3.57948,3.07202,1.01316,4.0711,2.42594,3.58536,4.06048
3.05535,2.57804,4.17617,4.32481,3.25705,4.8211,5.55578,2.57903,4.84475,5.24466
5.28532,3.73634,3.3098,5.48501,2.67445,4.45512,4.4619,1.93523,2.56091,3.04608
5.4309,4.55551,4.3811,1.74345,2.29356,4.83833,2.14176,5.3485,4.18786,5.45533
2.11022,4.77559,3.26396,3.1904,5.8413,3.63107,5.39308,6.23051,2.85542,3.4117
4.7327,4.61199,6.31207,4.00061,2.64234,4.15164,4.15442,3.51636,4.37886,4.28596
1.84185,5.19156,3.55259,1.80265,3.47477,2.80084,2.1265,2.91968,4.61992,4.1165
4.91664,3.47494,4.52412,3.96087,5.77291,3.92528,4.6649,4.44172,4.4396,3.24096
4.06553,3.51739,3.62527,4.45517,4.74113,5.14902,4.27486,3.38799,2.39563,3.86545
3.25083,3.36662,5.02817,3.58848,6.08289,4.13357,4.15837,6.03239,3.31802,4.91344
3.71037,4.68906,4.3455,5.11476,4.31802,3.52454,3.69169,3.83167,3.21573,3.45268
2.4824,3.82613,4.65577,2.3783,3.94642,2.87339,3.09719,4.87979,4.19327,2.06017
2.69557,5.06663,3.13668,4.19836,3.84112,5.30533,5.03309,4.70455,4.25725,2.63911
4.51058,2.28304,2.52895,4.00461,4.03912,4.30766,4.28094,3.8947,1.57614,3.89161
5.59804,2.58407,3.48625,4.27987,4.06379,3.83992,3.83785,4.312,2.9424,4.00469
3.93563,2.85893,6.08491,5.33396,5.89987,4.83219,4.86015,4.45954,3.86721,5.12288
3.83547,4.72955,4.26463,2.67837,3.72301,6.23189,3.76648,4.18177,4.87962,3.50797
4.31855,3.93102,3.44825,4.4153,5.4264,2.88023,4.15197,4.36113,5.80615,4.79806
3.33455,3.72717,4.37847,3.43132,3.77712,4.17313,5.48797,3.47128,3.32675,2.99656
5.46149,5.09958,5.2911,5.21013,4.43929,5.78135,1.82857,4.88985,2.79837,3.58886
3.42148,2.49331,3.56411,4.82725,4.34647,3.31567,5.42338,5.03279,5.11844,4.90851
4.51496,4.22828,5.18821,4.25933,3.13646,3.50597,4.43374,2.80246,3.98303,3.86661
4.19956,4.77881,4.73426,4.49605,3.85887,2.87337,3.0492,5.18971,3.58373,2.10107
4.32772,2.87957,6.23348,5.14539,3.34324,3.84036,4.0311,4.17813,4.02878,3.91003
4.29237,5.12132,3.79334,4.54079,3.17227,4.69365,3.75771,2.75068,5.23086,3.78888
2.03826,5.52555,3.28331,3.19645,5.06859,4.49761,4.89389,4.02029,3.23723,3.93712
6.36852,3.19888,2.26003,3.90256,4.0924,3.70905,3.34112,3.07364,5.53443,3.27278
4.24016,5.38551,4.77729,3.99803,4.74188,4.91114,4.60844,3.52761,2.89924,4.24798
4.09834,4.9339,4.44173,3.58841,3.914,4.46351,3.15451,2.77274,3.96317,5.1056
4.30656,3.99863,5.19609,3.42255,4.46542,5.53191,5.19589,2.29687,3.15871,2.10283
2.69688,4.00723,2.7834,3.60352,3.98589,4.14609,4.98696,4.55919,2.66708,3.34594
4.79994,3.0594,3.92681,2.27459,3.06685,4.34492,3.6082,4.85356,2.67284,3.84405
3.99927,4.49913,3.47458,2.25409,1.40035,4.75107,4.49592,1.56084,5.05397,3.947
3.3575,1.84007,3.55349,2.64347,5.01337,3.9327,3.32509,5.80672,4.45431,3.46159
4.76573,3.7038,3.55655,4.19456,4.52259,6.54555,2.78997,6.374,3.77364,3.76409
4.85744,3.76683,5.15297,5.47139,3.27321,2.90167,5.32844,4.72248,3.71915,4.61924
6.40619,3.80066,4.88558,4.61915,3.05942,2.62396,5.74758,5.09987,3.97087,2.95381
3.92045,2.69674,5.81853,3.82209,3.54403,3.29375,3.33783,3.65444,4.07457,3.04876
3.13763,2.85025,4.7426,4.19539,4.05107,5.02866,3.81559,4.69291,4.86753,2.93757
2.61332,3.20747,5.38915,3.58228,4.25693,5.25257,3.25298,5.79223,4.60843,6.18385
4.38842,3.16125,2.99694,4.75352,6.17301,5.17264,4.00472,4.81884,1.59449,4.45918
2.75758,5.2024,3.46582,4.18664,3.00314,3.96983,3.20229,4.25382,3.46796,3.71013
3.30742,3.99498,3.55078,5.54957,2.85914,2.46578,3.43929,3.669,4.84902,5.53456
2.32803,3.56195,5.78843,2.23201,3.63978,2.55548,5.62297,4.14445,3.83555,4.29595
3.33488,3.40358,3.44042,4.54813,3.79972,5.09171,5.29033,4.81589,4.18203,3.93243
3.71525,5.68792,4.51807,4.45894,1.84048,3.40311,2.56679,3.18537,4.52795,4.1044
3.92058,4.50534,2.85779,2.25455,4.18772,3.59916,4.65476,3.47896,3.84808,4.09262
4.03546,5.69981,3.84858,3.2679,3.43071,3.05704,2.93914,5.27859,4.10835,5.63822
3.55794,3.3398,3.89211,5.24186,2.97932,4.22494,3.03932,3.87443,4.16767,5.02551
3.69231,4.81497,5.48283,2.71294,4.95037,3.97883,5.12371,5.11476,2.77425,4.1701
4.62583,2.83552,4.00384,5.39388,3.86316,5.4101,4.05189,3.5855,3.53045,5.19412
4.4017,3.86838,1.25257,1.77138,3.527,3.61597,3.8212,5.34428,5.23732,4.01262
6.83011,3.77064,4.01589,4.71023,3.97598,5.17744,3.23461,3.41584,4.58126,4.11117
3.55655,3.26761,3.42077,3.51803,3.97522,4.68084,4.19127,5.99698,2.00233,6.39701
3.9432,4.39596,4.43512,4.74022,5.27086,4.24406,3.42343,6.20001,3.86103,3.47641
4.1494,5.24517,3.93822,4.34062,4.88563,3.69436,3.68084,3.60618,1.57247,2.66
5.0183,3.69925,3.3718,4.92728,4.17137,2.72989,5.18332,3.59992,4.12262,3.62313
3.26741,2.80506,4.07554,4.99153,4.517,4.25289,5.09455,3.8289,2.22169,4.08978
3.67239,3.27651,5.05162,3.9454,5.46103,4.45332,4.44381,3.46471,3.57562,4.0175
2.98214,4.24375,4.73417,3.81721,5.15836,4.20725,3.04463,4.47367,3.60127,4.29241
4.42778,4.21726,2.8747,3.51093,1.99717,4.43692,3.7334,4.2916,3.97882,4.3127
4.9606,3.48991,3.29329,2.99282,2.18503,5.27848,4.21964,2.56023,2.65385,3.60989
3.80585,2.55014,3.30653,4.6804,3.5,4.21192,2.39149,4.02389,3.19152,5.47643
4.4466,3.59437,2.43314,3.57743,3.68704,4.12192,3.49301,3.15901,5.4107,4.24674
4.19901,4.21946,4.29502,4.25776,2.65698,3.06105,2.33292,2.73859,4.00052,3.20703
3.90818,4.77472,4.9589,4.64678,4.33763,3.83274,3.8508,2.28645,2.55303,2.91376
4.11091,4.99182,5.89017,4.23644,3.99752,2.62781,2.6316,3.44811,4.41089,4.10907
2.77914,5.90246,3.92618,3.46284,3.75664,2.67043,2.73684,3.33568,3.54286,2.40256
3.632,4.32704,4.8239,2.68224,4.44354,5.66676,3.8232,3.61588,4.24523,2.44002
3.46317,4.70269,4.13896,3.68638,4.25548,2.02259,2.87248,3.43608,3.1217,4.49581
2.90863,4.34492,3.28572,4.02721,3.77838,3.15942,3.66736,4.10785,4.1794,3.39461
3.5679,5.05504,2.97239,4.78954,5.19693,2.70201,5.7313,4.95377,3.9233,1.24003
3.9583,3.36453,3.62776,3.38033,4.81216,5.15882,5.5773,4.94543,5.50663,4.08905
3.89704,3.94823,2.30423,4.02082,5.60488,2.51688,3.8192,4.52044,3.64235,4.29865
3.52475,3.67699,4.10654,4.45038,3.85316,4.78123,2.84093,4.1417,3.49324,4.31392
5.91588,3.29674,3.45329,4.61504,3.88892,4.29278,4.04895,2.97364,4.2255,3.44253
5.40246,5.27556,3.68825,3.97076,3.20626,3.47464,3.60145,4.09235,3.93667,3.30271
3.11079,2.47972,3.75928,6.01193,4.75934,1.7839,4.22164,3.17017,6.37953,4.24256
5.50792,4.59835,3.62244,3.82891,4.30348,3.38218,2.94254,5.39055,4.47415,3.61279
3.25507,3.0819,3.67999,2.77322,3.51798,3.17238,4.99627,3.84355,4.09771,4.76264
2.52127,4.90782,4.27007,4.3774,4.27038,3.7259,3.95723,3.56019,3.92726,3.98235
4.76779,3.95323,3.75338,4.58082,3.40321,3.77611,1.89256,5.11309,4.25784,3.359
3.78159,5.0764,3.62861,4.93304,3.63084,3.15649,2.06951,3.93843,3.45782,2.9394
4.29701,3.41366,2.90195,4.0144,3.734,3.34061,4.21773,2.82576,4.03048,1.91227
5.00057,3.95565,3.07923,3.41953,3.45432,5.83825,3.00783,4.83098,5.01165,3.55198
3.33951,4.86061,2.57337,3.77771,5.40225,3.73762,3.9551,4.98922,3.75306,2.23544
4.7413,3.04423,4.02924,3.40279,3.85753,2.40963,4.17782,4.99857,3.44922,5.1105
3.3687,3.94149,3.66472,2.49637,2.55341,2.91487,4.72984,3.67945,1.94441,4.74126
5.32768,4.57978,3.90634,3.83003,4.95236,3.30358,4.39966,6.75507,4.94117,3.00256
3.30552,3.77471,3.96892,4.72817,4.15354,4.70018,2.8801,4.61133,4.794,4.51961
4.47059,4.80057,4.24224,3.46446,2.79469,3.61599,4.58403,4.99464,4.30661,4.43634
3.23233,3.42519,3.89621,3.69637,4.2963,4.07111,3.57946,4.53662,5.34151,6.28587
4.79206,2.60667,5.36519,3.83468,4.88685,2.90021,3.49152,5.00573,3.01784,4.02708
2.85596,2.34546,3.00578,3.55505,3.21149,3.86279,2.85351,4.67011,4.17056,3.02138
4.70449,2.80086,3.73546,5.78314,2.60167,4.19426,2.49203,4.12644,3.8154,2.5776
2.8036,4.52576,5.00802,2.50825,3.35599,3.77198,3.24363,4.0833,3.40512,3.23243
3.46889,3.29753,2.82082,5.64173,2.34303,3.15657,4.12812,4.69374,5.84089,6.15308
4.28663,6.09492,4.2073,4.43538,3.64827,4.86293,3.38817,2.70951,1.42688,1.60254
6.70341,4.4572,4.24214,5.19771,2.80074,4.78185,5.19942,2.7251,4.30301,4.36539
2.02789,5.31323,3.82627,4.8137,3.70504,4.3127,2.97939,2.71985,3.34921,4.20182
3.12294,6.8554,4.18699,4.51412,4.05103,4.05829,1.51758,2.81236,4.13346,4.81661
2.5742,4.34011,2.46071,3.58778,3.44672,4.36078,2.93641,5.38986,5.34319,3.28101
3.78843,3.33134,4.01573,5.61789,2.09639,4.38152,3.7635,4.61153,3.41893,3.78025
1.71678,2.73373,3.8564,4.79189,3.35107,5.16909,2.82128,3.82263,4.73106,6.26067
3.63436,3.3391,2.02845,4.91077,3.63406,3.76086,5.87331,6.60877,3.91849,3.98922
5.01347,3.68314,3.6887,3.87393,3.61531,2.39546,3.97263,3.94563,4.29469,3.88506
5.10638,2.26839,2.10753,2.7385,4.614,5.55905,4.04198,2.55745,5.45827,4.32574
3.94553,4.65779,3.90437,2.99649,3.82215,4.22366,2.80214,5.634,3.50013,4.71156
3.68828,5.02795,5.17065,5.43145,3.96202,3.61545,4.2075,4.18497,5.82862,3.7784
2.79192,2.49091,4.51542,5.99014,2.9388,4.43418,4.76114,3.63469,3.81787,2.91687
3.38394,5.33907,4.63277,4.51788,5.63515,5.28543,2.97232,5.09203,2.93733,3.00856
3.00248,3.22712,2.92386,2.89951,3.49268,4.71369,4.56122,4.80276,2.82728,4.09562
3.21797,3.4303,4.7605,3.53481,5.28898,4.14071,5.23672,5.59617,4.13149,2.69747
3.89227,5.39827,1.62078,3.44488,4.91337,4.25662,3.92358,3.83938,2.67875,6.03889
3.69789,5.857,3.34113,5.24988,4.72118,5.1391,4.54622,5.8254,3.9246,3.00169
2.9311,3.29724,3.21331,3.6072,2.62767,3.66593,3.71461,3.34826,3.37367,4.16179
5.77921,4.12043,3.27039,3.82913,4.13001,3.06332,4.5193,4.41322,7.10796,3.85548
4.59989,3.75493,3.59005,5.2216,1.79358,4.24552,3.87525,3.91283,3.21041,3.73535
5.29446,4.24589,4.23637,5.71379,3.0317,3.56119,5.25512,2.98456,3.15791,3.38299
4.84661,4.19942,4.7091,3.24343,3.13377,3.60173,2.85981,4.82843,4.79649,4.46099
4.33321,4.10955,2.56193,5.26376,2.96345,2.1408,3.65948,2.3501,4.01949,3.28125
3.15601,3.23738,4.10225,5.83363,5.77996,3.59665,4.16012,4.01392,3.57534,4.20298
5.22871,3.45855,3.66256,3.96662,5.45498,3.8766,2.53168,5.0785,4.63756,3.5728
3.35527,3.97605,5.33538,3.60655,3.56385,5.26756,2.42805,4.73166,3.68173,3.07261
4.59586,2.95609,3.3256,3.00398,3.50218,3.19017,3.75128,2.54375,3.24182,3.85964
5.34837,2.84887,2.74171,4.18966,4.22749,2.98461,4.10314,3.46668,3.75103,3.87301
4.48223,3.51807,4.11363,3.24801,3.08008,5.68177,5.16627,3.16301,3.51052,5.26969
5.37634,4.15928,5.44462,3.44588,3.08515,5.90919,5.08399,1.9017,3.60347,5.10818
2.07298,3.76646,4.11178,3.6739,3.90744,3.30647,2.69079,4.20382,4.08823,4.50851
3.36206,5.74989,3.19622,4.31448,4.83594,5.90406,4.45513,4.84365,3.2177,4.28586
3.85947,2.0025,1.76233,4.93064,3.12342,4.08002,5.62311,5.05849,4.10848,6.06256
2.26531,4.77053,3.03471,2.39728,4.36977,6.75292,3.98953,4.09136,5.29001,4.53391
5.71899,3.78469,4.09674,2.67358,3.706,4.61857,2.59031,3.36498,2.75287,4.85323
3.76738,4.70498,4.08608,3.39469,3.63874,3.93146,4.11552,4.64958,4.45539,4.13214
5.18848,4.69786,4.08626,3.71207,4.229,4.9003,3.4934,5.048,4.57698,3.93402
2.70819,4.48037,5.96688,3.6546,5.10085,5.32881,4.72809,3.01539,4.65477,2.3766
3.40851,5.33801,4.96047,2.86161,3.19624,2.90026,4.30395,4.13557,5.29012,3.29502
4.50988,5.00198,3.79712,3.17564,5.31159,3.56325,3.5655,3.75007,2.50237,2.61171
2.83509,4.36012,5.61694,3.35924,3.78192,3.1804,2.75997,3.6504,5.99462,3.90791
4.45113,3.90779,4.84687,5.12251,4.76215,2.72085,4.34958,4.70365,5.06291,3.62302
4.64969,3.5613,2.48208,2.64656,3.1052,3.3796,4.23433,3.62617,4.76389,3.55367
3.55067,3.74838,3.48448,2.79007,2.87369,4.87308,4.09046,4.52384,3.76942,3.0141
3.92848,2.23761,4.7813,3.47562,4.67518,4.96414,3.2493,5.55403,3.11505,5.08663
3.98593,5.16138,3.21966,3.81503,4.06016,2.54479,5.38593,4.99754,5.3301,5.58876
3.16695,4.2319,4.20772,4.42727,4.05459,3.41341,5.37985,3.34709,4.48241,3.76505
3.20009,3.00964,4.16745,3.85253,5.68067,3.26576,3.00151,4.39256,2.76381,6.65683
4.30508,2.83185,2.83846,3.49446,4.73401,4.0889,3.53985,3.08444,3.89937,3.69207
3.02098,3.76233,4.20055,4.38639,4.56576,4.96503,1.21574,3.99534,3.87691,3.37425
4.44218,3.10149,3.16225,4.85194,2.79803,2.64102,4.0325,4.48848,2.95717,3.9542
5.9503,5.41139,3.25747,2.85331,4.50029,4.43367,5.07932,4.39579,2.51504,3.0997
4.44481,2.85477,2.24486,3.07299,3.27598,3.23684,5.0148,4.52081,4.73086,4.11596
3.54083,4.40573,4.44027,5.05334,5.17803,4.58819,4.69499,5.406,2.74096,4.41471
5.02754,4.83029,4.38667,5.05606,4.47012,4.49853,3.38811,3.96771,4.37279,3.66494
3.53404,2.75021,2.47445,4.49439,2.12919,2.55811,3.99212,3.36159,4.47307,2.64641
1.09259,2.00389,3.9199,3.99451,2.80147,3.46996,4.43182,3.61172,3.29783,3.81335
5.37558,3.47308,3.83064,7.46458,2.36795,3.08917,3.64897,4.26185,3.00913,5.2022
4.65197,3.61184,6.38411,1.81652,5.37282,3.63396,4.3217,5.50119,2.67782,4.93919
4.4311,3.96599,3.81426,4.53434,4.90187,4.01654,6.28181,3.08078,3.46005,5.08736
3.53472,3.4786,2.20097,4.59551,5.1484,5.53663,3.10615,4.30656,4.84551,6.14442
3.72936,5.30019,4.9755,3.74139,4.30864,4.94694,3.86739,6.06945,4.77622,2.76206
5.22536,4.45075,4.4476,3.68088,3.75274,3.26941,3.93454,3.02666,3.27976,3.27697
3.48669,2.51248,3.48405,3.86145,2.85948,4.95734,4.02769,4.6622,3.23519,5.1419
2.99974,4.14847,3.03423,3.22451,2.88723,4.38975,4.32901,4.2719,3.30917,3.44025
4.28959,5.01512,4.7364,4.12638,2.78119,4.1426,4.19203,4.99596,4.26259,3.13133
3.69533,4.12055,4.49793,3.69878,4.30634,5.88488,4.41204,4.23842,4.04755,5.50099
3.29031,5.07316,4.7125,3.40671,4.38074,4.19554,3.84976,4.26228,3.94244,6.34083
3.27781,2.6291,1.44969,3.85776,2.69218,3.75509,3.51034,3.23799,4.30696,3.80107
5.32714,2.87666,5.91034,4.95899,4.21365,4.56937,3.40995,2.47321,3.51957,1.80333
4.28884,4.65421,3.76506,4.72617,5.78014,3.55012,2.61813,4.28806,5.89471,3.88676
4.29783,4.68723,2.95999,4.19728,3.50439,2.63396,4.74203,4.16925,3.32514,4.65813
2.34791,3.27575,5.56679,4.9023,2.58733,5.61968,2.70036,4.08156,3.23515,4.077
4.74264,4.32909,4.26184,3.94283,4.61654,3.16119,3.31111,3.76655,2.3302,3.72829
3.41634,3.11295,4.61008,4.87438,2.08618,5.56653,4.15622,4.55419,5.43889,3.97069
3.90496,3.79645,4.17449,2.34223,3.17848,2.78998,3.51804,3.8627,1.60335,5.1501
3.84488,4.13505,3.05158,3.14985,5.54879,3.84123,2.73656,3.47455,2.54529,5.05112
4.00415,3.96237,2.26721,5.79701,4.24695,4.4361,3.82268,4.90738,4.3158,5.39424
5.12562,4.18918,4.04676,5.22599,6.2854,2.86514,3.98775,3.79815,4.24328,3.28633
2.26936,3.85155,4.35472,4.00821,3.72654,3.06159,2.35104,4.80612,4.551,5.4687
3.08123,4.53731,1.9529,4.65075,4.75575,2.41498,3.51124,2.86496,3.96744,4.84823
2.67698,3.86873,3.3041,2.84796,2.6631,3.45745,3.1178,4.01336,5.05809,5.44785
3.53975,5.62444,4.51802,5.13412,3.99282,3.68578,2.71508,6.05792,2.72412,2.64351
4.1258,2.72832,5.7168,4.39756,3.56166,4.67095,6.32356,5.19109,3.90871,3.97287
5.98944,5.44094,5.11328,3.06815,2.3571,2.15829,5.0634,3.41714,2.97266,4.14347
4.10396,2.5033,5.15499,3.85251,3.38096,3.47592,3.39586,2.29687,4.63244,2.67763
4.01189,1.66579,3.40593,3.34423,4.23792,2.1286,4.27643,4.24783,3.37751,3.82046
5.21119,2.37934,3.52806,4.13034,4.56329,5.08034,2.39844,1.91586,3.77346,3.31515
3.9419,3.62321,3.92067,3.24311,3.75775,4.34447,6.33453,5.46087,3.01706,4.47907
3.64798,4.32798,3.86571,2.91211,3.75532,4.56164,3.06585,5.06327,5.62418,5.74935
3.60648,5.37433,4.51067,5.54056,5.42982,3.50356,4.24627,3.91418,3.82436,3.68267
2.50101,4.35247,5.12687,3.84887,5.59431,4.49522,4.00394,4.46805,2.57111,5.46085
4.32853,5.34158,3.88559,4.09402,2.3587,4.1016,6.34828,3.76583,2.66932,3.18509
4.31678,1.75906,3.8889,4.2091,5.18078,4.56062,2.99833,4.65525,3.96577,3.69296
3.46316,4.37304,3.11054,3.43228,2.78824,4.32918,5.60727,3.10972,4.76765,3.05395
4.7331,4.43869,4.05343,4.06178,3.47109,5.62057,3.67255,4.28812,4.16392,3.83324
5.53378,4.57092,5.49709,5.57526,4.06621,3.77033,3.0253,3.28188,4.17881,2.9006
2.52134,4.98478,5.45127,2.53048,4.68239,3.92001,5.15676,3.33749,5.56156,5.08105
5.64342,3.6072,3.32862,3.23553,4.65718,5.02867,5.17195,5.69773,5.53658,4.6183
5.80739,3.65507,3.4991,3.84006,3.94332,4.54591,5.26463,5.68274,4.0239,5.21667
3.64327,3.88802,5.81516,5.10176,4.69884,3.3879,3.68782,3.98454,3.26608,5.07055
3.57523,5.14683,4.04767,4.28844,3.72488,4.30499,5.45623,3.64161,3.94212,5.33419
2.36802,4.4056,3.81259,4.18208,1.28734,5.19229,3.73568,3.41525,4.37801,3.27228
3.68823,4.64551,5.37777,4.18174,5.8414,5.0962,3.50112,4.82553,4.37444,4.0727
5.1375,4.11672,3.6959,5.47415,4.52992,2.97294,4.83074,2.88089,2.99372,5.94001
4.46329,4.55277,2.96212,4.78005,5.14311,3.71632,5.20898,5.47086,3.12078,3.01695
4.43623,3.73341,3.07085,5.4211,3.34569,2.92909,3.61926,4.97544,3.02303,2.74543
3.94389,2.98726,3.16742,3.40376,4.67761,4.76241,3.43882,3.049,5.02565,3.71211
4.08021,3.89842,3.55153,2.20073,3.11863,4.42554,2.95189,2.82674,4.51251,2.63585
4.94925,2.38441,3.45081,3.96987,2.62827,3.36173,3.87114,5.74383,3.79956,4.92063
4.16121,3.66358,4.15014,4.85859,4.1557,3.4864,4.48523,3.15105,3.82638,1.15355
3.87347,4.2195,4.67196,3.27965,3.70053,3.52276,4.6935,3.43143,4.45329,4.76055
3.2151,4.24226,4.4059,3.89421,6.10314,4.46139,5.08295,3.4171,4.29622,3.52992
2.91845,3.58909,3.70059,2.72416,3.86215,2.52132,3.56523,4.06452,4.53238,4.01937
4.07563,2.68948,3.93945,3.24384,3.61116,4.2795,4.98833,4.72494,5.64127,3.85609
6.16964,4.65939,3.44617,4.10389,4.6282,2.74546,2.66064,1.40462,2.30021,5.68925
2.50313,3.45623,2.46654,3.06548,5.80521,3.91872,4.45528,4.57597,5.14834,5.77973
2.35849,4.40355,3.43505,4.32987,2.80158,5.23141,3.13296,3.50193,2.0446,3.76828
3.38484,2.69338,5.99397,3.34142,3.96007,5.42367,3.91435,3.01713,3.97547,2.52143
3.24554,2.50429,4.80418,4.40492,3.46909,4.55231,2.49414,3.21667,3.49569,4.39553
3.02914,4.30721,3.75441,5.04689,3.63322,5.07891,3.98163,4.08214,4.89898,4.26743
4.26074,4.35764,5.75472,3.86164,5.68578,6.27226,4.35733,1.36978,4.76355,2.68668
2.79761,2.43491,5.46995,3.79682,3.67336,3.62957,3.50108,3.8353,4.37208,6.60925
3.96375,3.36121,4.21478,2.9287,4.04182,3.13884,5.03522,3.97541,4.86808,4.16834
2.25633,3.7165,3.85318,4.56127,4.1974,4.11476,4.28917,5.04557,3.71677,4.50539
6.13219,5.39875,2.24654,3.10443,3.69395,2.72637,4.12046,5.24834,2.64517,4.66041
4.13817,4.27253,3.72231,2.99431,3.19813,3.41677,4.63287,2.61757,1.87293,5.01574
2.68443,5.16306,3.17844,5.15452,3.01751,2.88508,5.26937,2.73758,4.40654,4.57073
4.63624,2.81246,3.86225,4.04427,3.42032,4.73918,3.21013,3.60799,5.46826,5.0533
3.53032,2.84414,4.75074,2.37378,4.93772,4.40141,3.63243,3.17238,2.11493,4.09063
2.25771,3.63857,5.16809,5.62334,3.13475,4.73668,5.76303,3.30337,4.45275,4.508
3.78962,2.83891,4.56308,5.00723,5.3074,4.06065,2.01743,6.18496,4.70027,3.53303
5.10699,4.15991,3.87038,3.83909,3.30431,4.64262,3.13319,4.11829,5.41021,5.34696
5.24204,3.02754,5.33447,3.66793,1.50622,3.11493,5.59605,4.44589,3.39314,3.34841
4.78982,4.87077,3.93393,4.7878,4.71275,2.42751,3.43814,1.70638,4.00031,5.30623
3.86819,5.41794,2.4272,3.79869,3.38366,2.56144,3.35435,5.68207,3.66126,4.58658
2.46036,2.88274,5.4744,4.00736,3.75302,2.04437,5.01167,3.16902,4.98264,4.35033
3.56758,3.46385,4.5372,3.00489,4.08391,4.78109,2.84635,2.94783,2.95358,2.57145
5.10077,3.43093,4.67054,5.13602,2.44946,5.23816,4.46335,4.45614,2.62744,2.39732
4.02382,3.15579,4.09602,4.54515,6.19833,2.47626,4.68078,4.88253,3.75659,2.74148
6.10151,4.18339,4.59713,3.73526,4.66718,4.33053,5.04385,3.66363,3.99539,2.48654
4.90662,3.47792,2.81187,3.77388,5.16186,4.88389,2.67291,3.03296,3.82212,4.41187
4.35489,3.4815,5.29089,5.64531,4.34349,3.14842,4.9135,5.57216,4.70436,4.4454
3.41949,3.91,3.76784,4.57963,4.73935,2.7912,2.99397,4.97522,3.35204,4.28489
3.34055,4.00473,5.05957,5.05621,6.10307,3.7276,3.54739,1.7923,4.82168,3.41369
3.3234,3.8275,5.17859,4.66881,4.56486,5.7062,4.30005,4.26593,4.67177,5.22124
2.78708,4.42722,2.87601,4.07206,5.12945,4.10896,3.78046,4.19504,3.51584,4.42577
4.87739,3.83896,5.3734,4.80384,4.81331,4.07626,3.19209,4.95471,2.69051,4.91299
3.26618,4.30743,4.26508,2.60179,4.93417,2.88556,4.64379,3.97563,5.01074,4.63141
3.92303,5.22762,4.68257,3.8334,3.13555,3.53925,4.3242,4.24777,2.19667,3.57907
4.69817,4.43762,4.98534,4.00562,5.31096,4.32704,3.72969,3.94559,3.33727,2.66868
3.36854,2.42101,4.72704,3.84305,3.59403,3.34576,3.2831,4.60116,4.05602,5.92061
3.33377,5.39974,2.99827,3.17295,3.22196,4.76638,2.9175,2.87314,4.19492,4.06198
3.40067,3.13419,2.46229,5.80664,3.7086,4.20664,5.24501,5.3713,5.88583,4.11443
3.68487,2.98748,3.54029,5.22986,1.6069,2.342,4.57102,3.91778,3.25266,5.17549
4.1442,4.6944,4.12434,5.31646,4.07737,5.09264,5.50216,2.7173,3.66979,4.68046
4.16472,5.32238,3.68779,4.96893,1.64603,5.75133,4.06901,3.55746,3.57179,5.64046
2.41638,3.4537,5.86717,3.45915,3.30897,2.9918,5.08313,3.22168,2.9084,4.35189
4.17607,3.9587,3.7369,3.3314,4.43826,5.82551,3.97474,4.69637,3.54876,4.29904
4.75029,4.08565,3.49855,4.89045,4.89407,4.41313,3.96518,4.43489,1.8368,3.05529
4.02364,3.03287,2.90502,3.22144,4.92123,2.18927,5.73165,2.69835,5.47331,3.45325
7.08759,3.25156,6.45094,4.34172,3.40975,3.82891,2.67145,4.11762,4.63663,2.84952
4.74079,3.941,6.09258,3.76725,6.3953,4.76686,1.71498,5.88847,2.91228,3.39453
3.81978,4.50208,3.7875,2.66725,4.75105,4.64341,4.15781,3.34393,3.9863,4.07092
4.70032,3.89193,6.20792,4.89146,3.81647,2.70717,5.76942,3.07843,4.77872,4.15844
4.29097,6.12265,3.31888,4.04454,3.29242,4.27205,4.01,4.04113,3.75068,3.08294
3.47594,4.59145,1.91101,5.49113,3.98395,4.26382,3.57037,4.84809,3.0852,6.6714
3.33952,4.7979,4.54679,3.75608,5.89194,4.6721,3.79578,4.5228,4.1627,4.23511
2.15956,3.61178,4.65099,3.27305,3.46789,4.08157,4.34292,2.30724,4.24275,4.44332
4.00873,4.62143,4.89219,4.03332,4.19232,5.15901,4.50334,3.81177,2.95786,5.07828
4.29502,4.98843,4.07816,5.26089,5.43693,6.03733,3.94245,3.30593,4.22968,5.18637
4.16959,4.07995,2.63448,4.37383,4.38401,4.28138,4.18583,3.43263,2.2928,4.2464
2.72771,5.73018,1.67307,3.19403,2.77505,3.83197,4.20014,2.97807,3.38694,3.0645
2.15816,3.70358,6.08042,6.33768,4.52113,3.86444,4.47886,3.77816,5.02078,3.74538
4.61483,4.1063,3.9574,3.6195,5.18202,4.4474,4.44137,3.05867,4.8343,3.02868
2.35346,4.53104,3.91453,3.14874,1.82934,4.71903,3.54772,4.2715,5.79623,3.22251
5.89645,2.90974,2.81156,3.84109,3.59698,3.74682,3.11581,4.11883,3.91197,3.82266
3.60602,1.91502,2.61817,2.46404,4.60703,3.0737,5.42979,4.23275,2.99862,2.43858
4.89915,4.09717,5.17057,5.76526,4.40659,5.72964,2.77133,3.55301,4.30767,3.76921
4.6322,3.33393,3.48461,4.83287,3.05589,5.28108,2.6955,4.57239,3.80184,4.8088
5.64716,3.30476,4.17982,2.82796,3.99352,4.7058,4.41754,3.81905,2.77288,3.64722
5.63024,4.42848,4.21198,4.10306,4.33336,5.10105,3.74021,6.40218,5.76252,4.41945
5.99747,3.98105,4.87389,3.29956,4.976,3.16983,3.69037,6.0424,3.01112,2.59587
2.44307,4.78611,3.27693,4.6179,4.19347,4.04633,3.90815,4.06343,4.16364,3.7909
3.03015,3.41724,4.82848,5.35492,5.16811,4.35696,3.67187,3.46441,1.77545,4.66505
3.65699,2.39293,2.83699,3.16582,4.44455,3.49918,4.08036,2.83798,2.97103,3.52933
3.94909,4.90292,4.72184,6.03796,5.13864,3.5132,3.43724,4.06264,2.94361,2.93465
3.7161,3.9002,3.5909,4.64206,2.62025,4.59289,4.13453,4.9075,1.92079,3.13631
4.53757,4.71636,5.03723,4.70759,2.01276,2.7035,4.0049,3.62816,3.8641,4.61443
4.97238,5.24374,1.90478,2.79063,3.56013,4.84041,5.41718,3.59548,3.50132,3.06856
2.51541,4.17602,3.95085,5.2329,5.64907,4.9863,3.4631,4.41097,4.80595,4.91458
4.48215,3.01492,3.94461,5.27873,3.7899,4.97063,4.81805,3.25133,4.66777,5.315
4.22659,3.13147,4.43723,5.39875,5.03805,3.17426,3.84011,2.45962,1.83782,3.37137
5.46463,3.60513,4.18944,4.15531,4.53305,2.33644,3.23118,4.90573,4.27621,1.60387
3.04404,5.02522,2.69014,5.82323,4.76842,5.87231,3.87638,4.99546,2.67729,3.75513
3.21799,4.98637,4.98433,4.60659,3.94704,3.39552,5.44337,3.04,3.75057,4.24165
3.43848,3.72453,3.44957,4.07518,4.88632,2.6537,3.99368,4.00217,3.05206,4.55828
4.50145,3.35313,6.28686,4.63254,3.01668,4.03659,3.87098,5.26854,4.50052,2.02276
4.36752,4.43822,3.7698,4.21213,5.23443,4.58156,5.00972,3.69025,5.64073,4.09647
4.98473,4.24835,4.23611,4.84929,4.36486,3.82109,4.21459,3.99673,4.54297,3.89797
1.94916,4.22994,5.61239,3.45141,4.40827,3.44633,3.61097,5.74251,2.60673,5.31776
5.41126,3.01213,5.26529,4.18351,4.32929,3.56524,5.33917,4.81345,3.03687,2.99662
2.66205,3.25974,5.21061,5.11,4.27074,4.90246,3.7718,3.50662,5.36392,5.24993
3.12676,3.16542,4.49073,3.48411,2.35041,2.70736,3.83471,4.04186,2.83167,3.0009
4.21692,2.31367,4.47093,4.82163,4.13307,4.28958,3.93803,4.26625,2.86172,4.17932
4.05665,5.10351,4.24989,2.98593,3.87887,5.18049,2.76377,2.47638,3.0676,2.87817
5.22021,3.91585,5.24929,2.69644,4.65305,4.42482,4.47006,5.49687,4.41262,4.43716
4.48165,3.47483,3.67606,3.74961,5.53685,1.4325,3.20119,3.98905,2.97461,2.95088
1.81997,4.62216,3.50637,3.81449,3.50926,4.66936,2.90729,3.53358,2.49214,3.84878
3.19513,5.01505,3.64295,2.74121,4.0375,3.90184,3.35427,4.50809,4.83869,4.97998
4.53051,4.61695,3.41586,2.43436,4.38089,2.57327,3.81057,4.31898,5.85839,4.42079
4.40025,3.08493,5.04844,4.15402,4.13201,3.0562,4.49865,4.7487,4.74418,3.69877
3.60526,4.79281,4.45958,4.43007,3.82665,5.47116,3.31105,3.30633,3.49007,2.89754
4.0471,4.1649,5.78132,4.07201,3.55695,2.9676,3.22942,4.06416,5.38577,4.60364
5.16334,3.39805,5.08668,4.28449,2.46427,4.22516,4.2204,4.70583,2.40245,2.96837
4.86204,2.73147,4.88161,1.44303,2.54345,4.88814,3.31499,3.20549,3.8135,3.96043
0.923927,4.33587,3.56934,5.16631,3.73947,2.67461,3.96483,5.16404,4.86981,3.4814
3.84863,3.1228,4.16934,4.5132,4.39191,4.24528,3.21542,4.85669,3.30145,4.69235
3.77147,4.50966,4.61943,3.52164,0.940433,4.2727,3.38999,2.7899,4.19138,5.46175
5.17923,4.53882,4.0424,4.70159,3.53365,5.08361,4.56722,3.66134,3.81482,3.60458
4.84149,3.82035,3.79695,2.70121,5.20159,4.52094,4.06295,3.43151,3.9704,3.6721
2.57987,4.80089,2.56547,4.48826,2.04914,4.87259,2.29865,6.61034,2.88661,3.76818
4.09214,4.24779,4.46933,4.49517,4.25164,3.65259,3.9068,3.81069,3.94255,5.12928
3.45153,5.4298,4.28559,4.98417,4.62575,3.73221,4.61103,3.66364,2.78163,3.36857
3.75114,5.56299,5.81299,1.26183,4.76,5.65897,5.47989,6.02982,4.09703,4.14818
3.90786,4.33104,3.41785,4.57107,4.93212,5.50861,4.04118,5.30258,4.76998,4.65583
2.78398,3.72813,3.73227,5.52554,4.20714,5.05235,5.02745,4.43346,4.10643,3.45419
4.3333,4.00592,5.67825,3.24941,3.11332,2.99114,3.13837,4.69171,5.73963,2.05573
5.0163,4.17796,2.53615,3.80575,4.98229,4.63842,3.16548,3.38044,4.1688,2.63357
4.01688,2.54261,2.00018,3.66041,3.85419,4.21919,4.20615,4.04688,4.46129,3.70957
3.50422,1.51509,3.48651,4.6991,5.45738,4.10061,2.49433,3.22929,2.52596,4.31435
3.23977,4.34373,3.50388,4.23214,4.6418,1.75513,3.29358,4.28097,5.46128,3.33379
4.48816,1.69243,4.58267,2.91115,5.14337,3.38618,4.66717,4.61304,4.40868,4.44784
3.62013,3.83611,4.32821,4.22875,4.32589,3.31236,4.97325,3.69904,4.89707,4.26577
4.24899,3.78687,5.07955,4.32478,4.1961,3.60987,4.8556,3.76653,3.05174,4.67901
4.09764,2.71795,2.483,2.56419,2.98655,4.10712,3.68736,5.67082,2.29548,4.01787
4.32348,4.40289,6.08363,3.22846,4.65552,4.90494,3.94771,3.82513,3.03211,4.73247
4.79413,4.73272,4.57326,4.53755,2.71054,1.70247,5.26437,5.94827,4.04703,3.36515
5.55545,2.42654,5.47825,4.18431,4.52247,3.38101,4.52142,4.4042,4.83159,2.85289
4.47828,5.1031,5.13592,3.0399,3.03194,3.59302,3.5064,3.68814,5.15354,4.96609
2.99313,2.6447,3.04121,5.13721,2.78896,2.63112,2.3618,3.71643,3.90137,3.86739
4.99954,2.90995,4.53206,3.20883,4.92399,4.06211,5.98165,3.97123,4.51727,3.73408
3.0704,2.91218,4.80121,3.85754,3.97842,3.19887,2.96219,5.07602,4.36191,2.93827
2.8486,4.08506,2.96968,4.91255,4.72159,2.77385,4.30386,3.71155,3.51097,4.73706
3.8806,3.81213,1.08809,4.18658,4.27801,3.51993,5.17898,4.68858,2.90105,4.34437
4.44861,3.68619,6.32538,4.87901,3.88138,3.82144,3.27752,4.92891,5.29154,4.78535
3.30983,3.8768,4.41117,4.56908,4.51209,4.41634,4.31784,3.44748,6.46533,3.84415
3.25095,3.35345,3.32847,3.88905,4.34375,3.59953,4.1897,3.12361,3.0052,3.78877
3.20279,4.95083,5.74355,4.87133,5.32068,4.01235,3.47147,3.57434,4.36128,3.00065
3.24155,4.11126,4.1353,3.46795,5.72524,2.70411,4.92171,3.44136,2.5945,3.22914
5.13647,4.02005,4.4053,2.81196,4.54171,4.78374,5.22374,3.06775,4.55218,6.0321
3.92137,4.44326,4.54077,1.69109,4.75045,3.70679,4.3921,4.96955,3.93012,5.11761
2.66654,1.27115,3.87091,2.53826,4.99532,3.9424,2.83973,3.73382,5.03724,3.19626
1.33223,5.37492,3.96894,4.1496,5.08136,2.97696,3.46505,2.32762,4.77824,2.85365
3.79658,3.89489,5.77561,5.12478,5.83078,4.12399,3.22568,4.15337,2.50281,4.6516
3.75608,5.46616,1.49059,4.09631,4.18135,4.18125,3.83864,4.59632,4.39514,4.30177
4.97107,4.32349,4.51507,3.95304,4.28827,3.89842,2.16776,3.23965,5.62102,2.64425
3.23322,4.35145,3.34047,3.9088,3.74925,5.21136,5.05045,5.62258,3.05837,3.9405
3.24812,5.10684,3.16332,4.57813,4.0612,4.58087,4.23957,1.13985,4.7357,3.95154
5.11421,3.4798,5.72539,5.91252,4.72282,4.28597,4.46187,4.12003,5.24747,4.2255
4.42947,3.26707,2.43027,3.73106,3.62014,2.42854,2.83131,4.92047,3.88494,4.70659
2.02295,3.97877,3.032,2.2784,3.44458,3.15774,4.90779,3.64687,3.45508,2.79983
5.58426,3.48613,3.53257,4.0092,5.55074,2.41272,5.52585,4.33648,3.85126,5.81436
2.59165,5.22482,3.20635,3.09371,5.76731,4.21439,4.99839,6.03729,4.10486,3.84662
4.16873,5.10322,4.06135,2.28552,5.12124,3.14628,3.13022,5.30574,2.38793,2.94152
4.63396,4.00707,4.29213,2.12741,3.5111,3.14673,4.39466,2.65124,2.83512,3.35925
3.63589,5.00461,2.27244,3.98133,3.06419,4.09386,3.37164,4.9543,3.08221,4.13424
4.42091,4.49745,3.1217,3.95203,2.935,4.1694,5.62454,2.75327,4.59649,2.96773
4.09529,3.88436,3.7873,2.70526,5.90108,2.6726,5.17666,3.34268,2.63384,5.71538
2.88125,4.6551,4.04202,4.55137,5.18312,2.64173,4.11349,3.36908,3.79085,4.78606
2.34157,2.87944,3.71453,4.99238,2.86305,3.68555,4.36645,3.03888,4.31018,4.25694
4.22674,3.05023,4.29023,3.18094,6.01447,4.51702,3.03726,4.80838,4.6484,2.39131
4.33516,2.6115,4.02145,3.73315,3.37776,3.38467,5.03938,4.82097,1.93826,2.08698
4.21778,5.43387,4.0909,4.7319,4.21013,3.37018,3.26875,4.59076,3.31512,3.08011
5.99992,5.26162,3.38898,3.63654,2.18852,3.59318,2.89857,4.76477,4.48339,2.69828
3.02413,5.74753,4.5368,5.63921,3.02424,4.96945,4.295,3.99025,2.87501,2.55256
2.29188,5.0677,3.12235,4.48527,6.3005,3.53301,4.69195,3.01605,4.26659,3.76069
2.51898,4.60283,4.52649,3.43266,6.61354,2.43118,3.47689,4.35938,5.04972,3.92882
5.34791,4.02267,4.48382,4.01017,2.53225,4.70679,4.05179,3.52981,4.5242,3.18241
3.06054,5.29581,5.98887,4.03721,4.34032,5.67897,3.86072,3.25425,2.58795,3.38547
3.95182,4.71942,4.50883,3.20779,4.17824,5.16748,5.94967,5.73854,6.2334,3.08913
5.32441,3.04339,6.81884,5.91398,3.19149,4.08481,3.22706,5.22788,4.51842,5.66787
4.99254,4.96899,3.59389,3.43015,3.30184,3.88704,4.31715,5.15791,4.06753,4.5441
5.73465,3.90874,5.07323,2.69735,5.20781,4.61891,3.47952,3.15348,4.42452,3.04605
2.30481,2.85192,2.18156,3.94669,3.90848,4.09052,3.01737,2.39686,4.15963,5.32136
3.40203,4.3149,4.00812,4.32696,3.37998,2.51242,3.47805,2.80188,4.07975,4.02151
2.76798,4.42795,3.06174,4.9868,3.10966,3.38925,3.39024,3.77468,6.0089,2.85434
3.94961,6.12382,6.24166,4.02512,4.36945,3.41839,1.61667,4.12342,3.53889,3.5827
4.9586,3.71627,3.9122,4.59459,4.72611,3.67677,2.27103,3.39084,3.89039,3.03812
4.40626,4.82383,4.17262,4.51376,1.25756,4.61206,3.55374,4.80959,4.89419,3.99706
3.58985,3.26295,3.00471,4.20994,4.57681,2.50012,2.3224,3.94188,5.45735,3.05405
4.48641,3.63691,4.43908,3.17133,5.3597,2.34517,2.74148,4.21673,4.37112,4.9124
4.45528,4.74972,4.29544,2.90703,5.14826,3.48007,4.14538,5.55955,3.37402,3.47071
2.85533,3.20073,4.02198,4.55849,3.6876,5.3397,3.50441,4.64927,2.64901,2.82104
3.61736,4.45321,4.25094,5.63532,5.97354,5.35855,3.65088,4.03876,3.96008,4.63832
1.8344,3.41075,3.45669,6.18006,3.02453,2.80086,2.24543,4.56692,4.29393,3.65121
2.90537,4.48224,2.35177,3.13791,2.54284,4.34055,3.90856,5.06811,3.45777,4.87773
4.26612,4.27963,3.35739,4.3249,3.77489,2.14094,3.7717,2.76882,3.24093,4.45268
3.33633,3.48444,4.59355,3.72093,3.4919,4.38158,3.55047,3.34245,2.98719,5.18772
3.26988,4.36477,4.32343,4.61387,3.50733,2.61479,3.83634,3.87278,3.89785,4.79297
2.92773,3.06752,1.84478,4.41186,2.58748,1.51699,4.17986,5.39198,2.43539,4.72888
2.22522,1.79441,4.79552,3.59507,2.14133,4.25006,2.06928,2.15795,3.92967,3.66896
5.20458,3.84056,2.27799,5.17267,3.17731,5.68434,2.77088,3.2154,4.11772,2.89904
3.78584,3.23906,4.19053,4.35291,5.21647,2.89288,4.55831,2.47457,5.19001,3.28348
4.02903,4.70439,3.77338,3.30898,4.3827,5.31614,4.79408,2.44516,4.96025,4.28692
4.18559,2.78912,4.62107,4.70856,3.37016,2.52504,4.73064,2.81882,4.48847,2.8284
4.64427,2.80031,5.6288,4.25789,4.72387,4.13983,5.07405,4.51614,3.93191,5.62531
2.75872,3.45259,5.37233,2.59441,4.6392,5.07662,3.92,2.44135,5.03015,5.68616
4.91692,3.23144,4.36691,4.16883,1.26428,3.03495,4.86191,5.08078,3.14006,2.82908
4.75189,3.40175,4.81471,2.4158,4.6677,4.34193,3.02897,2.65692,5.08355,4.24027
3.18043,3.72537,4.05238,4.29057,3.74035,5.66263,4.35488,3.47291,2.56081,3.83468
4.0358,5.22269,3.30086,4.50709,5.02412,5.63309,3.85232,4.7936,1.99848,4.69543
4.61587,4.4084,2.11178,5.05256,4.13597,2.28708,4.05268,4.70911,4.57234,4.52716
2.0819,2.43286,6.06161,3.76811,3.51494,4.30247,2.10212,4.27836,3.877,2.8443
4.85861,3.68953,4.10183,3.63367,2.67459,2.88781,5.21385,5.73101,5.84443,4.16961
5.34019,4.13575,3.37883,4.27634,3.44744,4.6795,4.4677,4.12793,2.33064,3.83354
5.63238,5.6167,4.64793,0.821905,3.61924,3.03943,2.80188,5.78397,3.54049,4.33069
4.04724,4.58857,3.60402,4.7983,2.82284,4.90624,4.05793,4.43919,5.70914,3.6818
4.18027,4.70654,4.81376,5.17741,3.07462,5.10748,4.02066,2.48387,2.85511,3.71731
2.15712,3.48764,2.50221,3.80671,2.54462,4.55497,3.3351,4.61762,3.54748,3.48113
3.94937,4.49832,6.23142,6.07084,4.98287,3.23638,3.31595,3.73201,2.78344,3.19106
3.69352,4.25129,6.59387,3.45474,4.76305,4.23834,4.92946,2.90737,3.36327,3.41145
3.80737,2.61641,4.57732,3.11268,4.13247,3.37886,2.19151,3.75733,3.55655,3.77269
5.21456,4.4334,2.73091,5.33107,3.6831,3.97691,4.05132,3.91462,4.508,3.30708
4.85223,4.30607,4.6642,2.63097,5.67979,5.83899,4.18283,3.29975,5.46399,4.90673
2.91492,3.90343,2.61206,2.52332,2.79608,2.94343,4.64766,2.76591,4.86651,3.83301
2.47356,3.40045,2.87754,5.39522,3.9884,4.33703,4.27952,3.50683,3.82851,4.22362
2.92036,3.50011,3.07579,3.35426,4.72777,5.39704,4.79837,3.92215,3.63676,3.9509
2.64309,3.10201,5.05374,3.78657,3.10699,5.71934,3.53593,3.83368,4.33117,2.85987
2.87793,4.16426,4.34822,3.95151,4.8624,4.94183,2.67808,5.84495,4.55326,4.6422
4.68652,3.83455,3.4619,5.69461,4.08414,2.80144,5.52161,3.69593,3.88071,3.04175
4.73859,4.63095,3.1067,5.24546,3.12655,4.87799,3.60631,4.48552,3.876,3.60591
5.44287,3.7876,4.97103,2.09054,2.18647,4.73,5.09498,3.72738,5.04838,2.54055
3.59787,3.86233,3.13174,4.28215,2.71144,4.33856,4.71186,3.12887,4.74345,3.01049
3.82807,4.03633,5.31492,2.83716,4.81659,1.99735,3.06054,4.2806,2.44444,5.43106
3.58623,3.38137,3.13178,2.66829,4.80654,4.23306,4.0188,3.66713,3.11719,3.66921
4.59303,5.3991,4.99117,5.13086,1.75676,4.06071,5.23553,3.89104,3.66108,2.34016
4.0441,3.43206,4.31078,4.60655,2.77497,5.34621,6.03042,3.36127,3.83454,3.90541
3.54979,3.17106,5.60734,2.73895,4.28078,4.09762,4.62422,3.97223,5.17379,4.27778
2.98108,4.5684,5.36612,5.0784,2.70673,3.70171,3.41251,3.94086,2.55717,4.06585
2.85407,4.07557,1.67433,3.48081,3.56362,3.97624,2.5943,4.33855,4.53347,5.36463
4.33157,3.36251,3.2423,4.14182,4.60865,4.42751,3.32082,3.63741,4.54896,4.76858
5.49124,5.69059,4.64031,4.6108,5.65098,6.25339,4.14591,3.39176,3.49198,4.31337
2.79143,5.09554,3.62088,6.19358,5.47229,5.14261,3.85433,4.15399,3.16865,2.72626
4.9076,4.81851,5.86713,5.50575,4.96894,3.26738,5.03093,4.88668,5.27102,3.03767
3.69896,3.90989,5.70941,4.50511,2.76644,3.8086,3.81376,5.5112,2.98594,3.95246
4.03245,2.82559,4.70931,0.924603,4.11531,2.50069,5.17025,3.68192,4.61199,5.43534
3.68337,3.32962,2.55439,5.25183,4.88268,3.07535,4.01715,3.60369,4.06071,5.51327
3.26384,4.25923,2.24996,2.28716,5.74425,4.95074,4.76174,4.39247,3.63126,4.78635
3.10452,5.59208,3.29344,2.73867,4.84931,4.16361,3.36722,4.78093,2.49169,4.13164
2.23022,3.84889,3.19547,3.26268,3.17494,5.75609,4.17456,3.62204,3.51386,2.1064
3.48462,2.24772,4.00767,4.8637,2.23319,3.66521,5.23955,5.15363,3.67768,4.40823
5.40949,5.16152,4.84795,3.85388,4.81762,5.43726,3.99971,2.38542,3.37408,3.92819
4.09595,4.65263,3.11275,3.49086,1.68858,5.54422,4.00729,3.81668,4.12502,4.56873
4.14497,4.77258,3.43223,6.02652,4.55914,4.29132,3.83997,2.49486,4.36341,3.20411
2.87328,2.71449,4.46862,6.18717,5.71335,4.38298,5.04021,4.28847,3.39261,3.58684
3.58131,5.68069,3.13041,4.24553,3.35131,4.10698,2.67265,4.06742,3.87691,4.28852
4.84391,4.25485,4.22155,5.52679,3.24524,3.978,4.82259,3.16859,4.14667,6.48653
3.80869,3.79156,5.83141,4.25758,3.31711,6.8788,5.18124,4.94513,4.36665,3.83823
4.52157,1.95159,5.58163,4.28195,3.94935,5.00496,3.58458,4.16362,3.35379,2.47868
3.92411,6.58506,4.19638,4.87011,4.19548,3.36707,4.44738,2.89352,4.16555,5.17512
2.96678,3.13985,4.58573,4.37662,5.14956,3.136,4.08588,5.39404,3.49588,2.16074
4.29273,3.67128,3.19949,4.82023,6.08451,3.81246,4.08484,4.18549,2.48473,4.17795
3.80149,3.77546,3.98683,4.81783,3.2503,3.77478,4.06526,4.5096,5.87938,4.94461
3.59931,3.08072,4.2004,2.57754,4.22566,3.29921,3.7232,2.60312,4.53241,6.53001
2.92221,5.36685,4.81565,3.86103,1.95979,2.49117,4.11594,1.9398,3.34471,4.50704
3.04694,3.92003,4.52794,3.45703,4.86109,3.34005,3.97428,3.0468,4.10179,4.80348
4.8258,2.74834,3.34014,4.1469,5.21843,3.79397,6.05768,3.66148,3.4144,2.57772
3.31747,2.83597,2.66052,2.08926,3.44482,3.42569,2.72426,4.06938,4.70756,3.23049
3.49098,3.06601,3.41605,3.36652,3.00296,3.66856,4.92953,3.8622,3.25595,5.10763
3.0447,4.84231,4.07912,2.39475,3.78061,3.80669,3.81783,5.8338,5.00299,5.87885
4.01125,5.80752,4.70558,3.2137,3.52524,3.90955,2.78937,3.47723,2.73556,4.32346
2.65172,4.32298,4.7521,4.09206,3.18247,3.53125,3.68618,3.20755,3.6505,3.72131
5.52833,3.47907,3.17699,2.39062,4.23498,4.57994,4.38563,4.17865,4.20049,6.11138
3.0453,3.62417,5.10745,2.51034,5.43375,2.52769,5.07042,3.27495,4.65753,5.73482
3.48134,4.31722,2.86918,4.8348,4.05208,3.78243,3.80279,6.63416,3.8695,5.51037
4.03334,4.86473,3.60412,5.3858,4.47119,4.19939,5.87517,3.70143,4.74585,3.99637
4.82042,2.55855,4.75324,3.63964,2.98415,3.8135,4.59271,2.05282,2.76735,3.7324
5.42624,3.25579,4.43798,4.64724,4.26159,3.09594,2.89192,4.47746,5.05706,6.36031
5.65847,2.05781,6.13719,3.78306,3.74308,4.94975,2.47776,4.32253,4.21889,4.73117
5.23884,3.96177,3.85157,2.47261,4.73743,3.58983,3.28729,2.75315,2.78008,5.70106
4.74167,3.39235,1.22298,5.37716,2.79536,3.98795,4.65174,5.8791,3.77223,3.3022
3.37294,4.1339,4.28259,2.18769,2.36406,5.71286,5.14909,3.54621,2.67194,3.74792
2.86584,3.78159,4.62628,4.19742,5.92375,4.81365,5.33862,4.48007,3.50544,4.65439
4.70804,3.83881,4.15838,3.40872,5.50441,2.46281,4.55797,3.72848,5.68458,2.58184
4.61312,4.53813,3.62603,4.21803,3.87292,2.21928,4.63324,4.66243,3.10083,3.02519
4.37824,2.40651,4.2142,4.33762,2.96163,3.45435,2.66127,3.60617,4.06759,3.94897
5.49306,4.88279,4.55379,3.64293,7.20231,3.72945,4.72409,4.07152,5.05034,5.17739
3.77326,5.29667,4.35679,1.40045,3.71586,3.33921,3.12883,3.69815,5.84769,4.35621
3.23967,5.10998,3.95653,5.41815,4.64549,5.43221,3.60373,4.56742,2.84766,2.94982
3.01808,4.41083,3.35951,3.43358,1.98934,4.93009,2.28067,3.63552,6.10988,4.05633
3.9804,2.86844,3.84749,3.40963,4.71912,6.07388,4.51435,2.06721,4.31539,3.89529
3.43243,3.00109,3.62478,4.41155,5.15652,4.82713,6.70689,4.18244,3.03177,3.17799
4.06195,3.71798,5.35216,4.24517,3.34424,3.46859,4.72965,2.62545,3.46965,4.3204
4.04569,4.33589,4.26781,4.53456,4.78784,2.97112,3.58645,4.17258,3.91104,4.36493
3.45084,3.9089,5.5275,4.48226,2.34149,3.66673,6.61152,4.6552,3.59942,1.96048
5.0778,3.47812,3.87273,3.96982,5.1388,3.26903,4.0882,3.19478,4.77557,3.88814
5.46262,4.69424,3.59871,4.73674,3.12804,4.65583,3.4679,5.01578,4.31349,3.09526
3.62122,3.13953,4.64777,5.45592,3.975,4.53124,3.46931,2.3886,4.20763,3.36063
3.35906,3.87968,3.41566,5.50862,4.99031,4.97274,2.24734,3.33435,4.42579,3.98755
2.38409,6.0091,5.34261,2.87758,3.34636,3.31707,2.97949,4.12937,2.08771,5.09698
4.8035,3.9857,3.93039,3.54535,3.07375,4.44501,5.09475,4.54374,4.72073,3.22869
5.17672,3.93672,3.99066,3.82679,4.01685,4.01,1.3094,3.65679,2.51181,3.68885
4.91928,5.30311,3.09423,3.88868,2.56826,3.70264,4.56363,3.90203,4.70201,2.01905
4.71493,3.81593,4.02529,3.58015,4.23165,2.95345,1.7089,4.62285,5.07524,4.34846
3.6031,3.62938,3.45807,3.23575,4.70408,4.22449,4.15774,4.47801,3.78259,5.13286
5.55374,5.04489,4.3236,4.87078,3.42002,5.17967,4.4671,3.66986,4.64169,5.26761
4.731,5.57794,5.27158,4.99454,2.89147,3.41608,4.24112,3.26453,4.61613,4.94339
3.85968,3.76453,3.84457,4.04862,4.69681,5.11503,3.38002,5.23286,3.87911,2.74439
3.71007,5.44668,4.4447,4.55065,2.56485,5.15553,4.36636,3.04217,4.23842,5.53423
5.28348,5.36054,5.18276,3.87132,2.96989,4.44447,5.12008,3.70373,3.88442,3.53161
4.67396,5.57182,4.20844,3.7145,2.0357,4.39517,3.45726,3.75543,3.19588,6.06289
1.19514,4.68805,4.53182,4.3473,4.73559,3.82467,3.12621,3.4327,3.9533,5.09031
3.41661,4.80092,3.93094,3.71666,4.63557,4.25691,4.61818,3.00761,3.92218,2.65683
2.77376,3.9949,3.57297,4.02985,3.4918,4.22932,2.30773,3.75638,5.62532,4.71975
5.23249,4.81567,4.0083,2.49491,4.66921,4.06164,4.8207,3.74849,4.65234,3.03068
4.14663,3.09817,4.83183,4.55725,3.03626,2.58978,3.43912,3.7537,5.26354,5.19793
1.456,1.48926,3.47391,4.88775,4.38688,3.96886,3.65428,2.00815,5.79477,6.04107
4.53936,2.0338,4.45125,4.97017,3.24963,4.07079,5.06421,2.98866,4.68958,3.55937
3.1343,2.98214,4.50176,4.69806,3.74814,3.81017,4.76496,3.23145,3.64985,2.50369
4.10848,3.0213,4.25311,4.21522,4.24864,3.03251,5.27932,2.06652,3.6228,3.96929
3.43048,5.14454,3.50205,3.35377,3.9017,4.43722,2.3314,3.93119,2.98714,4.46462
4.70862,6.34276,3.41973,4.68718,4.85666,5.29366,3.81753,4.97273,3.33784,4.4537
4.82568,1.76153,3.84052,5.66618,3.46304,4.01604,2.82253,1.74646,3.76612,2.91177
2.36336,2.91329,5.26598,1.51726,5.91213,3.90029,5.57996,3.39164,2.89604,4.24107
2.01495,4.29835,3.20927,4.24377,4.37737,3.38041,4.75717,2.96656,3.80091,4.86676
5.21078,2.77235,4.06489,5.02086,4.80452,3.066,4.27506,4.04475,4.03461,2.34455
3.5087,3.26248,6.01961,5.13144,4.79292,5.762,3.60675,3.26488,4.20174,5.88176
4.26548,4.94708,5.30502,5.01946,2.90387,5.12552,4.41132,3.45191,3.28354,5.90483
4.24834,4.15718,4.21626,4.09003,4.33093,4.94924,1.74756,2.60089,5.26814,6.00906
3.74921,2.19395,4.52078,6.05643,4.47931,3.06089,4.07159,5.34592,3.16957,5.79759
4.20673,4.8253,4.5253,3.82629,4.17794,5.75131,2.18976,4.80026,3.58058,2.55225
5.56452,5.00034,4.3891,3.20693,3.29125,4.03817,4.0086,4.72174,3.49078,3.67861
3.43818,5.58081,3.97973,3.93411,3.81184,4.55424,4.00459,3.334,4.24534,4.28157
3.57463,2.2051,2.9967,3.70336,2.31885,5.62915,3.71899,4.34085,4.55075,5.58677
3.98333,3.5223,4.82745,4.92437,5.27611,6.20721,2.32599,5.54033,3.41463,5.22716
5.11871,3.75503,5.9156,3.15627,3.1125,4.38335,4.06086,4.98275,4.35699,3.56288
3.33754,5.24942,3.47425,4.19054,5.28919,3.27458,3.88773,2.77051,4.26497,4.89874
4.24829,3.88811,3.83829,2.5245,3.43289,3.63772,2.74908,3.96693,4.35204,3.16259
4.73266,2.83851,1.92532,2.79208,4.32719,4.71336,4.00089,4.4868,4.22677,4.01157
3.59409,4.59562,2.98963,5.96749,3.88273,5.3038,3.56558,4.33765,2.52228,4.25624
4.50046,3.14461,5.25306,3.58069,4.34615,4.12724,4.03858,4.61834,4.14274,3.31089
3.6839,3.79998,2.80614,3.07736,3.05406,3.48677,2.98813,4.65051,3.63538,2.33531
4.68682,5.02884,3.51975,3.16628,3.61984,3.70753,2.68923,3.82074,5.11156,4.75356
4.88992,3.7283,5.01512,4.80322,4.29586,2.39687,5.81751,2.68058,4.06026,1.91067
5.08354,4.45489,2.55104,3.74599,5.10366,3.85707,5.14633,3.64696,3.98984,3.65798
2.68402,3.05713,1.57719,5.25786,3.37901,5.93485,1.32722,4.50828,3.65311,3.04289
3.29538,4.77132,2.80034,4.23812,2.46,3.37096,4.67394,3.71157,3.48428,4.29403
5.74186,3.49732,3.87319,4.16246,4.49225,4.00725,5.13325,3.79934,3.19442,4.96702
2.92187,3.63618,5.43489,4.00779,4.36882,4.08938,3.29007,3.64865,3.75177,3.14181
4.9749,3.4812,3.724,5.31167,5.09999,4.22711,5.85855,3.44796,4.21152,3.15595
2.71187,4.56625,4.46914,2.99082,3.3761,4.0008,3.83974,4.43956,4.05926,4.39087
4.01984,3.36127,3.03464,3.37584,3.60059,2.53389,4.01162,3.61183,3.73053,4.12098
5.11368,3.85793,3.90275,5.57191,1.74793,1.73444,2.40235,3.73607,5.08013,2.30975
3.43518,4.69193,2.99053,4.2626,4.52188,3.96275,4.52754,5.16001,3.20802,3.73172
4.15057,1.95953,2.98388,5.50563,5.34937,2.95962,3.36197,4.84982,3.66853,3.01836
4.29333,4.86633,4.97465,3.07442,2.86535,4.03339,4.71649,2.87314,4.67532,4.46125
4.89261,4.4754,4.74745,5.10193,3.08978,3.39974,1.83895,3.37453,2.48707,6.05596
6.05914,3.63005,4.68758,2.95175,3.70271,1.8882,4.78465,3.32954,4.5251,5.45095
3.63339,5.14572,4.23191,3.77516,4.43979,4.61038,4.12482,3.73446,3.44437,2.77302
5.89693,3.39208,4.50442,3.88407,3.23472,4.07661,3.92521,4.13522,4.07828,4.77107
2.41672,4.38051,4.01844,2.83223,2.34843,3.93014,4.04735,2.82773,2.0754,3.73435
4.38077,2.97016,4.57899,4.02054,5.51404,4.22548,5.07121,3.58999,4.04329,5.36353
3.70308,3.71475,2.87113,1.75611,4.76765,4.50669,4.44735,4.89538,4.34651,2.36428
5.37323,4.85886,5.12311,3.74599,4.28949,4.70101,2.60421,3.65738,2.25641,4.69412
4.70101,2.86805,4.88167,4.05652,4.31851,3.52304,5.18235,5.3943,3.24099,4.45048
6.97082,5.20345,6.0327,4.10763,4.7358,3.0577,2.16588,2.83296,4.45875,4.95076
2.35798,3.61902,5.00153,4.54037,2.50701,4.71426,2.17411,2.99472,3.99628,4.24966
3.12376,5.58814,5.24594,4.18101,4.25437,3.97327,3.6836,3.29616,3.97088,5.63638
4.33632,2.74179,3.62023,3.57422,4.57598,5.3365,5.05163,4.56266,3.12005,5.03747
3.48396,1.98014,6.06221,5.40927,3.72552,3.99699,4.05627,3.31795,3.81726,4.50751
4.80895,3.80437,4.16489,4.21519,4.44083,3.42978,4.09996,4.08648,2.70339,5.15332
3.98965,3.12468,3.15142,2.65018,5.59537,3.8363,2.574,4.45443,3.31867,3.32848
3.7408,6.34791,4.84682,3.49143,3.86698,3.72545,3.89583,3.14873,3.83133,3.84314
3.26848,4.95949,4.06975,3.9729,2.86308,5.08739,4.7726,4.78606,4.35079,1.68305
2.91766,4.16561,3.79312,4.91707,4.01396,2.66016,4.52918,3.64001,4.54495,4.28735
3.45974,4.57232,4.04635,4.14017,3.21121,4.67106,5.29599,4.25851,3.99586,4.61782
1.43722,4.51142,4.57088,3.47257,3.28701,3.9327,3.25292,3.45662,3.95281,3.77979
6.02329,2.13964,2.87309,4.39981,2.46075,2.826,5.51514,3.07792,5.35952,5.53559
3.1266,3.27972,4.37134,4.57571,4.2738,3.03019,1.68573,5.54178,2.93107,5.5196
3.35129,2.18753,3.6247,2.01631,2.37901,4.86299,5.31902,3.7962,4.74908,4.34219
3.87694,5.22758,3.46567,6.0416,4.95315,4.19773,5.73471,3.24926,5.0339,3.76721
6.39609,3.18779,4.36149,4.31016,3.53945,3.0709,3.14181,4.52615,5.49351,3.50351
4.11079,4.65923,4.03506,4.13098,5.08293,3.58103,4.89099,4.17474,3.43085,2.85212
4.24769,3.51087,3.66874,4.2265,4.94584,1.78262,3.60819,5.86159,4.66372,2.30126
4.78146,4.76784,4.49362,2.3352,4.23895,4.52677,4.23912,4.19467,5.45924,3.85866
3.49164,3.93574,4.88486,3.64392,4.62883,3.82568,2.5826,3.47391,4.38153,3.08578
3.08596,5.82414,4.99806,4.79531,2.61699,5.23993,3.88403,3.29521,2.70732,5.39408
4.23656,3.76201,5.22985,4.80306,3.70572,4.51315,4.56951,2.61097,2.99887,4.25169
3.58363,5.37465,4.90405,2.48769,3.45323,4.0401,3.08969,3.1922,4.13104,4.29093
4.51948,5.73844,4.65798,3.30435,4.32755,4.90686,4.28514,3.23796,3.50886,3.88671
4.61585,4.09424,2.41967,3.76322,3.64024,4.35939,2.0943,5.06951,4.24939,3.67021
3.72719,4.01622,2.87077,4.25754,3.45743,5.25784,3.73655,2.83833,3.77776,3.31263
5.38739,4.39256,2.97274,4.15904,4.21736,2.58697,3.06582,3.05876,3.42865,3.28706
3.32183,3.85894,4.57908,4.91793,3.26562,5.4607,2.88531,3.25009,3.59819,4.80168
4.64615,1.75903,3.17035,4.12287,3.73707,4.6678,3.07707,4.14702,2.84727,4.28539
5.45943,2.1788,5.7664,6.08174,4.24713,3.92042,4.35201,2.15164,3.85678,4.54276
3.80435,2.28078,4.89315,3.61825,3.04259,5.78008,3.24128,3.99157,3.60895,3.35885
4.78348,4.0837,3.4538,3.38561,5.14035,4.57656,6.1974,4.09921,4.46872,2.09607
4.06179,4.12549,4.05093,4.26072,4.83767,3.99011,4.65203,4.6453,3.79607,3.94699
5.80465,3.55473,2.84709,3.59523,2.02071,3.0372,5.00322,3.43078,4.91122,5.3102
2.91807,4.54831,4.39309,3.98243,4.9702,5.23021,4.95153,5.30574,3.87697,4.84741
4.27784,4.9603,5.26173,3.34003,6.16324,4.17221,3.33435,2.66228,4.68143,2.14104
3.57262,3.94014,4.29613,4.67724,5.27927,5.13091,3.94848,3.99628,4.58872,4.81147
4.69849,3.06871,5.79583,4.51634,4.37361,2.68599,4.90824,3.7726,4.17072,5.50988
5.01157,4.88262,3.3211,5.42975,4.43147,6.39759,4.58475,3.41003,4.51709,3.9286
4.18504,2.91919,3.09437,0.562439,3.79397,3.90635,4.93558,4.54794,5.02827,5.64063
2.61892,4.60531,3.8157,3.6125,2.66454,4.22656,3.84321,5.09552,4.56538,1.90716
4.11207,5.25858,4.18345,4.00192,2.10451,5.28557,3.55826,4.67697,3.36777,3.5904
3.35711,3.43679,4.82508,5.11366,4.91156,2.50546,2.41692,2.70972,5.55516,3.82991
4.03655,4.62954,3.65018,4.79346,4.61084,3.87717,5.15472,3.86812,4.58234,4.27076
3.56858,5.23165,3.47298,4.66441,6.21342,4.2896,5.15719,3.61037,3.67001,5.12804
4.24136,2.38127,2.76114,3.61413,4.2289,4.82082,4.98083,2.52141,2.92064,2.33469
4.34854,1.65948,1.03305,5.28256,4.0034,2.37802,2.55018,3.83202,3.00943,0.421638
4.25426,4.25462,4.66246,4.23666,4.09296,3.60414,4.81847,3.2184,3.87236,4.77875
4.74995,4.8344,2.8398,4.89356,4.55279,3.92566,4.99606,5.2365,4.62552,4.63067
4.43819,5.55118,3.45169,5.44681,3.80359,4.81658,3.00884,4.49493,3.57274,4.49378
2.97687,3.77334,3.47077,2.14747,2.65048,4.26888,2.48454,3.23624,6.66828,3.12038
5.07925,3.37156,4.33424,2.78446,3.77106,2.54667,5.86223,2.18713,4.0179,5.54338
4.05048,2.92048,5.68758,3.861,5.20897,2.65123,3.21895,4.33733,2.34073,2.9974
3.79897,4.49732,3.38127,4.49925,3.76896,3.3302,4.19971,2.37154,5.35371,5.41674
3.80888,3.21336,3.45206,4.15954,3.61091,4.37878,4.25248,4.31622,3.60362,2.42876
4.0227,2.15251,3.36279,1.19783,2.52882,3.08701,3.57034,3.15554,3.62741,3.6696
4.39658,2.5074,3.49438,3.39176,2.70625,5.26393,3.2399,3.44828,4.58428,3.44501
4.52078,3.83385,4.53067,4.6005,5.39329,3.29635,3.41231,4.59218,5.20364,3.70703
2.73788,4.68206,3.66204,5.33486,3.96729,3.24915,4.29973,4.34803,4.52992,4.1025
4.55994,5.1239,2.41357,4.44898,4.33623,3.39297,2.43298,4.05008,2.50966,4.85855
3.41459,4.58428,5.10034,3.49765,2.15177,4.83799,3.49996,0.541968,4.00919,4.42486
2.1848,6.01145,5.60867,3.44891,1.64412,4.74733,4.64202,4.8199,4.93421,5.99251
4.61276,5.03546,3.44281,4.91601,4.22114,4.08139,4.19166,3.45809,3.73386,2.72515
3.35567,4.54769,4.53494,4.10964,4.56015,4.09591,2.96062,3.43527,5.66234,4.39634
4.29462,6.14514,4.85454,4.96021,5.62604,5.19269,4.3362,4.8233,2.50732,5.47893
3.64871,4.48815,6.07922,4.33781,6.15806,3.29687,3.28221,3.58011,4.21589,2.44946
3.8726,5.15631,4.90287,5.00624,4.81446,3.52271,5.58211,6.37992,3.3989,3.53983
3.5226,4.79352,4.71083,4.90185,5.14702,3.84985,4.76249,6.58383,1.64205,2.95936
3.97815,3.14434,2.46228,4.1563,3.55246,3.18893,2.21756,2.79833,5.09669,3.90746
3.93401,4.94284,2.08816,4.49029,3.94371,3.66601,5.94594,4.25323,4.89665,4.0902
2.14264,4.32818,3.87159,3.72532,3.75278,4.60402,4.86275,3.0825,3.92468,3.93669
3.03823,3.90396,4.28336,5.04081,2.50844,4.30289,3.8414,3.40985,3.73229,1.33843
2.68155,3.99391,2.91576,2.74859,4.32962,2.64994,5.37739,3.31228,5.03933,4.16215
3.88588,4.03471,4.64659,3.16109,3.11862,6.33243,4.22148,3.5165,3.64823,5.9433
4.69624,3.20509,5.0332,4.50704,4.94901,2.75596,2.79961,4.93919,4.10621,4.19338
3.88215,4.90023,4.07571,4.77281,3.25411,3.63089,4.74889,2.4224,4.81004,5.13004
3.70445,5.0566,3.27327,4.70329,3.99576,4.32422,3.63254,3.75937,4.60563,4.59909
5.27611,5.71665,4.48826,2.69498,2.93717,4.40395,3.16471,6.70518,2.86613,3.93132
3.65594,4.51124,3.44447,6.10218,3.7616,3.54638,5.7707,2.39045,2.8349,4.8991
5.52507,4.72144,4.63919,6.19291,4.54404,3.94485,4.73888,3.2268,3.98055,2.60324
4.23882,3.38906,3.28247,1.81482,4.24715,2.40812,4.97429,5.66946,4.85286,3.36879
3.68231,4.30376,4.50057,3.0627,2.88652,3.27755,3.74432,5.20422,4.18827,4.89827
2.13167,3.71617,4.04274,4.3351,5.28376,4.66444,3.26849,5.66569,4.14901,4.15333
3.28625,3.92103,2.25917,5.31466,3.42648,3.5481,3.81855,5.00912,4.42951,4.28399
2.88119,3.15582,5.06127,2.27749,2.48898,4.0116,3.16663,3.847,3.75702,3.16949
3.34051,4.60559,3.93396,3.04427,4.93146,4.25788,3.30629,3.60063,2.70138,1.52402
5.39883,3.35081,2.10593,2.0213,4.49454,5.8208,4.34242,4.02882,4.40813,3.27169
4.05725,4.67322,2.51502,4.26887,2.18197,4.74212,2.51826,3.86535,3.22676,5.20942
4.65201,4.38659,5.68841,4.77469,3.62592,4.35739,2.63551,4.26748,1.94821,3.2003
2.81306,2.97702,3.63727,3.8608,4.76961,2.51615,2.92279,3.86421,2.90704,4.50211
5.05808,3.58342,3.4874,4.35493,2.54209,4.08117,6.10916,4.85487,2.55891,5.07404
3.53354,5.43006,2.44472,2.32855,2.9645,3.96131,4.73316,3.17392,3.45467,2.85524
2.81956,4.06608,4.77193,5.15118,5.41227,3.88457,4.33557,6.12806,4.44909,3.00642
4.00988,2.82275,2.86745,3.84091,4.07374,2.61843,5.23895,4.64986,4.01129,2.70934
3.42043,3.87231,3.95668,4.56918,4.03066,4.20222,4.66599,4.7093,6.15552,2.56838
3.74975,4.47834,5.45744,3.82991,3.74908,3.86547,4.50527,4.95116,2.92337,4.41998
5.58657,3.66784,3.67192,5.40986,3.39834,3.25328,4.40782,2.97312,6.57539,4.24931
5.87542,5.13051,4.05438,3.69713,6.14769,3.40492,5.83914,4.80893,5.3061,2.9857
3.04023,3.82896,3.71256,3.7767,3.98567,4.63276,5.84387,2.79694,3.61118,4.14254
3.19237,4.22506,4.14896,4.52146,3.33134,2.73579,4.80699,5.88721,5.92654,3.0272
3.02343,3.14747,3.7739,2.03627,3.88335,2.56525,4.60986,2.67477,5.32065,4.55138
3.06354,4.53074,4.46387,5.91944,4.40683,3.55472,4.0443,4.29102,4.43121,5.74393
5.66802,5.63852,4.01288,3.91897,4.88151,2.68176,2.90843,3.24504,4.51556,4.50774
3.33341,3.68321,3.69548,5.35974,4.16094,4.40183,3.32137,3.20703,4.79956,5.27282
2.49911,3.89901,3.05664,3.76053,2.29104,4.37637,4.57178,4.60173,2.55165,4.73393
4.47683,4.34041,3.30133,3.92374,4.6192,4.85809,4.02018,2.75264,4.82541,3.15468
