10
2.11365,5.04734,5.01479,2.23873,3.00321,3.4251,4.86906,3.06064,3.93289,3.36163
3.09133,4.24749,5.28357,4.43204,4.33536,5.50105,2.40733,3.50398,3.29878,4.17295
2.37477,4.05294,5.46247,5.72523,3.56915,3.7097,3.90898,3.48593,4.67057,5.26056
3.75284,4.37886,4.41189,5.0704,4.16346,4.90316,3.70261,5.17346,4.87003,6.65301
4.11438,4.17037,5.32678,3.05363,3.97739,3.46999,3.05058,4.92333,4.33,5.70898
3.19344,3.86642,4.19005,3.33143,6.23604,4.3526,6.14864,5.26344,2.05179,4.60437
5.13182,4.18048,3.37477,3.65281,5.24071,2.27356,4.28443,4.24892,4.95331,0.908242
5.00015,5.98596,3.27432,2.56337,5.3194,5.2097,4.81788,3.75214,4.82146,4.16139
4.16006,5.30356,3.77955,3.81991,5.17863,4.26168,3.95435,3.30846,4.05013,2.75536
3.16639,2.69873,4.93786,4.85698,3.93072,3.04576,3.95306,4.21406,5.37149,4.97178
4.37669,5.47477,3.061,3.44853,6.87561,3.38673,3.09022,2.89391,3.89806,3.84585
3.90447,2.90698,4.17945,3.12486,4.31621,3.81182,4.11104,4.5469,4.6465,2.66929
3.18509,2.48223,4.15429,4.00711,4.63632,2.36283,3.73274,3.94163,2.08244,5.64446
2.60624,4.40312,5.00674,6.09643,3.92946,4.56427,3.65944,3.93602,3.019,3.19887
3.43804,5.21288,4.00026,4.32791,1.31634,2.7908,4.93458,3.45345,2.86208,3.27093
5.00706,4.58585,2.10724,2.87905,1.91887,3.93227,4.81646,4.69321,7.22265,2.99654
5.28059,3.79036,6.56328,5.1773,3.51275,3.43729,2.85478,4.69033,3.30043,3.49245
5.23585,4.01016,3.63798,3.508,4.33628,4.21756,3.43438,2.92901,4.63931,3.71505
2.56191,3.5924,5.29069,4.16136,4.62299,3.49852,3.36415,4.87564,4.82033,3.95387
3.79081,4.09186,3.25966,5.2749,3.22033,5.38773,5.42552,4.23764,5.27096,3.54465
5.97784,3.62267,3.11593,4.69138,4.50274,4.56558,4.16406,5.01461,3.70459,3.10793
2.78004,3.49598,3.4331,1.89835,3.64709,3.08752,4.60221,2.7865,2.7633,4.51412
3.89938,3.55686,2.21371,3.59758,4.0173,3.90365,2.49364,3.11832,5.52848,2.51558
2.74902,4.72097,3.50835,4.88071,4.19502,3.8078,1.995,3.03636,4.45377,3.51293
4.39814,5.16215,3.09328,3.75887,3.67522,5.26169,4.78711,3.49897,3.48966,4.54974
4.15111,4.15697,3.42,2.98476,4.16115,3.75426,2.00831,3.4096,1.32889,3.98039
5.25385,3.36148,1.88167,4.32944,5.94613,4.90549,4.68496,4.4845,4.75739,3.43599
3.59532,6.5865,5.50168,4.35993,3.70465,3.26827,4.35216,2.79093,4.25228,4.89077
1.73316,4.82192,3.84162,5.12378,2.32992,4.2512,3.01973,4.48951,2.92263,5.30198
2.97636,4.1056,4.53828,2.64055,4.62248,5.22963,5.63367,5.44093,4.9267,4.01396
3.58938,5.35036,5.78829,5.63649,3.83397,3.79568,3.63723,3.97428,4.76467,2.9043
4.90441,5.93539,3.05588,2.70026,4.02839,6.2236,3.55935,3.74905,2.59777,3.36813
3.88329,5.33628,3.97679,2.91505,4.70983,3.18379,4.46468,5.79758,3.09177,4.94969
4.31759,3.47676,3.97979,3.28081,3.78316,2.33178,5.86342,3.28507,4.72304,5.22543
3.28371,3.75116,2.84764,2.84141,2.81726,6.35636,2.90954,3.83653,4.28585,1.5066
3.3058,5.14916,4.2793,1.69394,4.41943,3.23771,5.58226,4.79054,2.6256,5.69656
2.76941,3.29683,3.4355,3.79964,4.4465,5.86654,3.94977,4.2373,4.68791,3.42884
4.44695,5.16392,4.42274,4.2066,3.8417,2.65299,5.31849,4.04169,4.63348,3.77962
2.69202,5.27405,4.37084,4.58465,4.54728,5.69237,5.38433,5.30069,5.47491,4.95506
5.40809,3.83638,5.48613,3.8325,4.41727,3.62521,2.92395,3.97536,3.7121,3.9662
4.88443,4.08644,3.22792,4.95255,5.59349,4.91933,4.74956,3.09757,5.33385,3.31166
3.96716,3.27376,3.12842,4.19829,3.66425,2.53566,4.38762,3.53654,2.75444,6.00602
2.94482,2.20205,4.88201,4.94934,4.42651,4.5124,5.04337,3.18403,2.03847,3.61479
4.52148,4.16866,3.77183,2.64901,5.35371,5.14331,3.58942,2.53426,4.38034,3.71663
4.66456,4.06472,4.78827,4.07739,5.09604,5.11267,4.02142,3.50469,3.79881,5.40781
4.87396,2.71428,2.6348,4.5483,4.23748,4.19136,4.06537,4.86832,3.09219,3.92113
3.6124,3.8556,4.46938,5.2277,3.10812,5.08743,3.01732,3.82896,5.29515,4.04019
4.08274,4.55834,3.84625,3.56831,3.28426,4.59781,3.04317,4.21927,4.03207,4.76089
4.66989,4.56055,4.87567,4.27566,2.98453,1.98373,3.12155,2.43261,3.31355,2.29728
3.84021,4.79245,3.81616,2.89794,4.55429,4.6175,3.64595,5.83047,5.03625,4.72722
4.51648,4.39048,3.02835,5.59882,3.3592,3.32934,5.78721,5.71901,4.34324,3.71478
2.35262,2.98489,3.56849,2.88082,4.81847,4.24366,6.36793,3.33404,4.30521,4.28507
3.7783,4.75354,3.33667,3.37222,4.34226,2.52254,4.37722,4.77675,5.36022,4.2327
3.69881,3.16474,5.50921,2.58806,3.40917,5.41156,4.06266,3.38361,2.97977,2.97458
3.96007,6.26106,4.66258,3.18283,2.72672,3.50745,5.01805,1.13206,4.01683,5.46472
4.60453,5.09897,3.60262,3.87482,3.02535,2.29836,3.47789,3.31237,3.78275,5.10356
4.24977,4.41476,3.18285,3.19751,4.91253,4.51044,3.87697,5.14667,4.16644,4.85325
2.66536,3.88428,4.02469,3.33119,3.69389,3.01469,4.97892,4.94064,2.85357,3.44256
3.44912,4.31206,4.25277,3.75231,4.46058,3.69338,5.00498,4.83646,4.87521,4.01841
3.97841,5.20476,4.16107,3.53581,3.93888,4.96175,4.48681,4.22999,3.05078,3.52454
5.04645,3.87127,5.51632,3.77175,4.71344,4.45856,4.26426,4.3855,4.16585,5.09381
4.298,3.03949,4.43299,3.44493,3.95638,4.6115,5.80933,3.20693,3.79013,3.39613
3.44275,4.55557,4.36338,4.16581,4.18796,3.86188,4.6977,3.29157,2.02485,5.43398
4.71609,4.07823,2.54834,2.11363,5.32073,4.64326,3.21199,2.60489,3.60556,4.19922
3.15538,3.60106,3.46955,3.26446,5.00845,5.91748,4.5403,4.08274,4.75494,4.16192
3.21818,1.67368,5.16755,2.28867,4.00187,4.12654,4.37279,2.98268,4.47872,5.18506
4.0241,3.61258,4.72058,5.08821,2.77014,4.62626,5.10944,3.8922,3.86616,2.7216
2.52651,5.22339,4.06183,4.55903,3.14683,3.83198,4.18262,5.95599,7.24484,4.42925
3.06869,5.38394,3.72581,4.20627,6.22295,1.48096,5.2427,3.89712,3.90398,4.80627
4.6135,3.9137,4.25571,2.38293,4.7727,3.59049,5.05667,5.67895,4.98866,3.79602
4.95543,4.46611,2.7091,3.88992,4.78801,3.48446,3.5417,3.64447,3.78202,4.22601
4.60517,3.48883,4.77846,4.14894,2.68894,4.70321,3.44496,4.19891,2.96034,4.23348
2.79281,3.4046,4.81864,4.95463,4.44412,3.65462,4.26217,3.92061,4.16728,3.00363
5.91953,3.01812,5.27492,3.9096,5.18163,4.03324,2.3927,4.64371,3.30397,2.88519
3.07354,3.41902,4.43081,3.83936,4.5541,3.28108,4.37795,3.42523,4.17889,4.73644
4.38803,5.11238,5.18717,5.79029,3.27118,2.57322,5.10218,3.98787,3.33685,5.33563
2.62607,3.21314,3.22309,4.12916,2.98133,5.22707,5.11878,2.77536,4.76734,5.11118
3.12394,4.09957,2.74342,5.34803,4.63887,4.20499,4.22136,4.00605,3.17197,3.47447
3.57358,4.11589,4.50905,5.00529,5.92969,5.68496,4.72806,3.04211,4.80114,3.82248
4.54946,5.30845,4.58815,3.21056,4.14889,5.17631,4.04019,2.69842,3.82249,5.3418
4.88031,5.42352,4.35283,3.40065,4.0858,4.64063,3.64101,3.20854,5.129,3.72974
2.67404,3.33665,1.78128,2.84194,3.32994,2.37342,3.61488,3.94108,3.90784,4.15871
2.89703,3.5594,3.87398,3.2354,4.02167,4.45362,1.87161,4.70217,5.47645,3.73229
2.91103,4.59872,3.93943,2.74459,4.99859,4.90184,4.29609,6.60285,4.44483,2.0635
3.33507,2.984,4.39948,4.56432,3.86254,4.21073,4.09763,3.24813,3.43806,3.15495
3.59302,4.82734,4.1962,7.56559,1.94108,4.13744,4.14935,3.77737,4.50714,5.32422
2.75635,4.36853,3.94465,4.94388,4.98504,4.59718,5.45341,4.84491,3.69279,2.56147
4.70763,6.13304,5.33526,2.43171,4.8459,2.5106,3.00332,3.2714,1.46905,3.4823
4.23285,4.77569,4.26215,2.31033,4.46191,3.41542,3.74827,5.49156,4.10549,4.09305
6.37318,4.32947,2.86428,5.67391,5.20331,3.83188,2.88933,3.86498,3.82206,4.96012
4.03566,4.15108,4.4741,2.62286,4.82297,5.32105,4.17518,3.80261,3.38053,5.10204
5.17213,5.5049,4.00734,2.72293,3.86614,5.9992,4.27584,3.67833,4.12815,6.0882
3.69501,4.03657,4.11536,3.39448,2.08539,4.55756,3.08882,3.76164,5.4718,1.94649
4.63221,3.72537,3.71781,3.60927,4.47106,7.06203,3.34664,3.08309,2.59931,2.03714
3.36451,4.18742,3.9817,4.0538,5.03055,2.96289,3.68789,5.93163,2.10576,3.59071
4.4319,4.25647,4.9527,4.79078,3.5243,4.74207,4.15316,2.78265,4.07827,3.13366
2.04668,4.86567,3.933,3.82429,3.17993,4.28077,5.49312,5.28074,3.23517,4.44319
3.809,3.86308,3.65437,3.48408,3.56888,3.82887,2.83105,4.53042,4.72016,4.48168
4.09373,4.37962,3.21427,2.83549,5.56099,4.71809,2.74456,3.91408,5.74297,2.47594
5.36258,3.95387,5.28625,4.19575,4.37867,2.26758,5.01505,3.41033,4.16798,2.73833
2.72653,4.45739,2.20459,5.74765,5.67147,4.44343,3.20537,5.08035,4.45026,3.97435
4.0892,4.65229,2.42146,5.70221,3.43191,3.9057,3.72451,4.00897,4.64734,4.57845
3.94823,4.72313,4.8642,3.68638,3.73569,3.57397,4.89933,4.13319,3.1135,4.10259
4.39036,3.75359,3.9377,3.60179,1.75554,4.48808,3.72275,1.99725,3.48352,2.91845
4.71169,2.78265,4.96089,4.47319,5.04525,4.46474,5.40162,4.16479,4.28923,5.85371
3.00668,4.15396,4.28095,2.43041,3.87247,3.67052,4.83525,3.15771,5.34892,4.13142
3.2964,4.65217,5.85279,5.0346,4.83544,5.01545,4.23283,2.42023,5.10222,2.14405
3.10434,3.0545,5.19546,4.69726,4.25291,5.06089,5.04656,5.16774,3.57344,4.69622
2.5092,3.20537,3.99115,3.75769,2.38582,2.46233,3.13989,2.89767,5.0264,5.78773
3.79072,2.11057,4.30892,3.55226,3.15316,3.6286,4.7059,2.75876,4.44476,2.24561
3.91642,6.79448,3.74666,3.70512,4.2999,6.57172,5.06403,3.58144,3.42198,3.55233
4.07861,5.33095,4.09523,4.73121,3.76727,3.25434,5.11776,3.28891,2.61193,3.32782
4.51207,2.38071,3.62292,6.07285,5.7114,3.54127,5.21774,3.95344,5.8704,4.12005
4.09313,3.32961,4.79476,5.6622,4.45836,3.15267,3.39166,3.99392,5.25542,3.17371
4.77369,4.6769,3.28527,5.11907,2.72804,5.0326,5.5676,3.36059,2.43233,3.11001
3.3364,3.68528,5.09195,3.63986,3.00582,3.49168,3.55398,3.35139,3.90238,5.35529
3.70388,3.38938,4.69796,4.72336,4.37186,3.84799,3.468,3.87265,2.85694,4.75345
3.57723,4.34468,5.80499,2.82934,4.6823,4.01933,5.1842,4.31261,5.26488,2.51789
2.61549,4.01408,5.70402,4.41608,4.09485,3.73562,4.32624,3.31113,5.05637,5.56576
4.65579,2.43634,3.27316,4.76596,3.86581,3.78434,3.89027,4.18866,4.10136,3.87263
3.30294,4.81701,3.2216,4.21961,4.51765,3.40792,3.98791,5.03283,3.13047,2.42888
4.12171,3.97635,4.23529,3.24282,4.4064,4.59045,4.29542,3.87724,4.33886,2.63447
2.71108,4.04613,2.58149,3.70652,3.98832,4.98509,2.59071,5.36306,4.39071,4.15055
4.96025,5.49302,2.53023,3.73225,3.99824,2.90637,2.36213,4.8273,5.9643,5.87324
2.42878,3.57682,5.13419,3.41629,2.70845,4.96025,2.90892,3.83302,4.04302,4.57189
3.78397,3.69622,4.00196,4.72163,3.33921,5.00097,3.45999,4.87205,4.23694,1.71788
3.73272,3.11724,4.81763,4.98223,3.90877,4.29652,4.05955,3.7608,4.80602,5.2814
4.2622,4.37424,5.44935,3.0303,3.12753,4.82453,3.82726,4.48315,2.87687,3.27246
2.04635,5.82764,3.58163,5.37635,3.17932,1.59262,3.42049,3.05967,4.45346,3.44609
4.45588,3.02911,4.53722,2.1248,3.13526,4.81145,4.11133,3.13237,3.51597,3.6242
4.04851,2.45893,5.1421,4.97893,2.54621,4.20559,4.34528,2.51683,5.47586,4.02905
4.59396,4.31428,3.1186,2.30019,4.85737,3.10606,3.9347,4.84874,5.16868,4.34187
2.67675,3.6431,3.50151,3.44174,5.31722,4.55919,4.28441,3.74461,3.29463,2.78333
4.13148,3.52368,3.29174,4.06391,3.79866,5.59129,2.70215,3.67929,2.64215,3.22874
3.77467,3.89846,4.34962,3.80231,4.33533,2.45139,2.91804,4.48429,4.55017,4.1626
3.31938,4.84146,4.32741,4.82621,3.35072,4.42608,3.99674,2.05503,3.42955,2.57037
4.93568,6.28399,3.54354,2.52473,4.35012,4.24098,3.55253,2.74117,4.20653,3.78466
3.87594,3.19902,5.39083,2.95601,3.42926,3.12096,2.77056,3.11831,2.68415,2.60399
1.67086,3.13897,3.32295,3.48142,3.91649,3.83016,3.96951,3.81671,4.31495,4.46374
4.27341,4.73445,4.778,4.66158,6.42213,5.40552,3.75301,2.10525,4.13524,3.81629
3.47321,1.61419,4.19806,3.25549,4.40801,5.41008,3.97961,3.57206,4.15616,3.52211
3.55351,4.60746,4.27849,2.68263,2.8163,3.61835,1.10201,4.12229,2.2411,3.00581
4.21217,4.01082,3.59589,3.94918,4.10714,6.0203,3.33847,4.54065,2.46177,3.55717
3.99847,5.86329,3.98679,3.36328,3.01046,4.60042,2.93799,4.1977,4.23861,3.1658
3.31805,2.9417,4.4332,3.96803,5.18895,4.25912,4.05734,3.37041,3.79888,3.74943
2.63894,5.2579,4.94415,4.59132,5.72845,4.84001,4.74613,3.80407,3.68834,3.16576
4.56283,2.3121,4.26885,3.73135,3.22546,5.79505,4.17684,4.31649,4.47893,4.83126
3.61656,3.54687,2.68554,4.25949,4.42261,3.59689,3.34444,3.91907,4.16689,3.65683
4.00592,3.52698,3.89284,4.9187,3.70461,2.25265,3.40639,4.25192,5.25546,2.84285
5.21668,2.63703,5.31989,4.97447,3.89628,3.85432,3.69535,6.2067,4.13315,4.36104
4.43065,3.39974,1.61524,3.9667,2.60048,2.83239,4.47526,4.86324,4.73652,3.2576
4.28211,4.14572,4.3848,2.80714,3.80982,4.77934,4.20724,4.95072,5.07277,4.96855
4.62554,4.92771,3.22189,2.57849,4.4452,4.96006,3.28859,4.27476,4.67418,3.74107
5.56749,4.23593,3.60406,2.83673,4.66938,3.72272,2.89747,4.56451,1.99386,3.51437
4.57038,4.29237,3.94729,3.60406,6.08673,3.52401,4.63989,4.41448,2.8712,3.66697
4.82183,5.28184,2.03727,4.4466,3.96247,4.99459,2.99529,2.58239,2.54746,3.92222
4.4714,2.89844,5.78571,4.05686,3.83948,3.38086,3.99988,4.83431,4.65028,4.21555
4.22244,5.25687,4.9004,4.1284,3.53205,4.86973,3.13338,4.83126,3.16995,4.49453
2.17449,2.29739,3.60617,3.86732,3.49178,4.49257,2.89799,4.91077,3.68123,3.95957
2.96428,3.30011,3.83131,2.12637,3.53025,4.66177,3.49984,3.92774,4.2202,3.55924
3.68556,4.92783,3.93938,4.80534,3.43157,4.51689,3.71615,4.4647,3.3264,3.20097
4.63969,4.31569,3.76273,1.6137,3.44641,4.97893,3.9951,4.22701,4.24128,3.75561
4.80715,4.08186,3.79647,4.99093,4.24388,3.84375,4.3724,2.55966,3.36967,4.04481
6.46664,4.18633,3.24711,5.81967,2.85149,4.72532,4.23921,3.47024,4.41741,3.588
4.43967,3.92158,3.63748,4.67188,1.94589,5.14515,3.51869,5.32571,3.25044,3.95854
6.45043,4.18345,2.27235,2.97909,3.46892,0.462325,3.55798,3.16378,4.69046,3.42042
3.80153,4.28569,4.17482,3.64875,2.89251,2.90152,3.98734,3.94117,4.96232,4.40048
3.33786,4.02953,2.40891,5.50128,3.70648,4.06925,4.70223,2.69777,4.08404,4.55961
4.92496,4.35898,3.54979,4.67619,2.45787,4.12947,4.28555,3.34002,3.86814,4.38259
5.34833,3.10095,5.14522,3.0048,5.11764,3.3206,4.37232,2.73098,3.61211,3.68996
3.41052,2.65738,3.46543,3.69346,4.18977,3.79814,3.00777,3.77059,4.25156,4.70875
2.85781,3.17346,4.59727,3.60925,2.33426,4.31961,3.57742,4.38829,4.02963,4.24179
4.45866,3.78907,5.10105,5.83105,4.00391,3.5056,3.27756,3.40282,4.31514,2.51904
3.54944,4.14199,4.73494,3.38793,4.96706,4.1689,5.80063,4.03225,2.90552,4.90453
3.32987,4.06294,4.06065,4.68642,3.29073,3.95415,5.02714,2.65611,4.22806,4.223
4.11822,4.70888,3.82791,3.29252,4.59202,6.1747,5.62682,3.75227,4.63879,4.03897
3.32057,3.99305,3.75823,3.80906,3.86077,5.49047,4.28861,3.16739,4.01464,4.45726
3.78819,3.52964,4.414,4.31319,4.75121,4.45316,4.5498,2.78425,2.93161,6.24748
5.17933,5.84641,4.42739,3.66309,3.04405,5.27469,4.52113,3.63411,4.14907,2.82563
4.67799,5.55188,1.31592,4.17306,5.32252,5.42991,3.99545,4.89292,2.93743,2.58877
4.12319,3.70761,5.09652,3.97106,3.973,2.86498,4.64816,2.83813,5.18881,5.71787
4.85162,2.41513,4.30943,4.25731,4.48938,2.62486,3.60331,3.0959,4.91683,3.28775
3.94789,3.93352,4.47852,2.94055,2.86575,4.4937,6.31042,4.20837,2.98727,5.54415
3.18552,3.04069,3.6843,2.46512,4.77303,4.26878,3.93299,4.39491,3.48699,3.91398
3.46546,3.68402,2.75584,3.93824,3.91718,4.34929,4.05708,2.56855,3.90411,2.36867
3.36088,2.70819,5.5249,4.66898,2.49812,4.90417,2.57635,5.57315,3.24757,2.8127
4.55039,3.3754,6.69601,2.8965,3.91767,3.75373,3.59003,5.17697,5.24092,5.18898
4.30471,3.93391,4.5768,2.41527,5.77354,4.53195,5.00254,4.76417,5.09545,3.78804
4.55577,3.75443,4.62354,2.96038,4.00544,4.4749,5.48908,4.37462,2.98715,5.31948
5.24693,5.63347,4.93307,4.07905,4.01443,2.68081,4.8877,3.00294,3.16878,2.80894
5.74157,4.30478,4.74377,2.64124,3.87365,4.96659,1.5697,4.01046,4.67691,4.23555
4.28026,4.91663,4.96038,4.59186,4.71034,2.67391,5.31713,4.6585,3.977,3.47795
5.78815,4.2647,2.53519,4.48565,5.55938,4.53979,4.61223,6.46377,4.40593,2.72517
3.5602,4.77548,4.22616,4.65806,3.36589,3.12536,3.50672,3.86408,4.14191,4.40721
3.0094,4.86611,3.73072,3.62701,3.47821,3.34395,3.576,3.52881,4.37915,2.59507
4.56708,4.34135,2.50369,4.23048,5.26437,4.95048,5.70014,4.71062,3.71193,3.90628
6.09193,4.26232,4.83255,5.33553,5.81384,3.26383,4.62134,4.29212,3.79892,4.99236
3.25358,5.90743,4.40379,2.22942,3.1934,3.33048,3.18578,4.1916,5.08449,4.94839
1.28121,5.15361,3.81058,4.26582,3.16837,4.87266,2.49751,2.35626,2.73345,4.31089
6.49839,5.14642,3.17012,5.08105,0.7695,5.49371,2.15493,2.87854,1.75277,2.80972
1.77594,4.78798,4.40064,4.63007,3.18266,4.65822,3.35988,5.07444,2.60071,5.4389
4.08902,4.1356,3.88934,2.82114,3.59619,4.187,6.00448,2.63293,2.66746,3.9002
3.24121,2.33239,2.96658,4.14946,3.95022,3.13003,4.83446,3.5881,3.27472,2.67874
3.49102,2.94198,5.30904,5.01447,3.73268,3.8253,4.45963,4.53666,4.63883,4.23846
3.95172,3.9384,4.53895,3.61732,4.83664,4.33785,4.0043,5.31692,3.58715,4.31034
5.10051,3.25716,4.61782,3.77101,4.61941,4.0971,2.70889,3.28814,5.44596,4.34581
3.27881,3.35856,4.09089,5.05051,1.52556,5.20442,3.66607,5.21089,3.04443,4.78816
3.74238,5.87346,3.72563,4.73532,6.13502,5.77857,2.65265,4.24173,4.17914,4.43259
3.59496,3.30587,2.54748,4.3085,4.31855,5.20531,4.92747,3.74752,5.35631,3.61817
2.65416,4.44981,4.11038,5.48812,2.82288,4.48073,5.92591,1.83107,4.65224,4.0565
4.03603,3.37158,4.99807,3.70881,3.42647,2.81803,4.28287,4.98091,4.48353,5.61719
3.93157,2.21626,4.1358,4.69731,5.41172,3.24733,4.20497,3.36081,3.59969,4.59233
2.60707,3.79578,2.04631,3.65821,5.27696,3.70678,5.84859,4.14135,3.69135,2.34384
4.49097,3.47406,2.67667,5.41262,3.92408,4.15153,4.39157,4.34087,2.43073,4.04241
2.92507,4.62286,4.81388,4.26943,3.92676,2.45286,4.12279,3.71954,3.29755,2.55859
4.42397,4.45588,4.12821,4.82198,4.29172,5.31393,4.00114,4.13333,3.37467,4.33471
2.95407,4.77135,3.67435,4.72159,3.73862,2.52128,3.29642,2.26795,5.9632,3.55333
4.0014,2.60634,2.7739,4.22883,5.76742,5.11959,4.73936,5.78951,4.01987,4.16245
3.74488,5.29103,1.67697,3.08581,4.07585,5.38507,4.13785,4.88242,3.00459,3.24871
2.64583,4.34359,5.49775,3.53925,2.66585,4.33862,4.13637,4.81205,3.60401,5.58835
2.75273,5.05221,4.44582,4.91088,4.03329,2.50916,4.62663,4.84471,3.28483,5.76236
1.67863,4.59159,2.00112,2.34197,3.60215,2.49193,3.47144,5.37858,5.82588,4.47865
2.43039,4.69638,3.9557,4.01335,3.74804,3.814,3.09471,4.44956,4.01125,4.74689
3.45995,3.53269,4.57386,3.26448,2.16919,1.88118,2.57204,6.36529,4.77869,3.31796
4.24268,3.86069,5.01505,3.21047,4.83976,3.49693,4.38895,3.43278,4.89321,3.70455
5.62042,3.19573,2.83489,2.3201,2.46319,3.81551,3.73694,5.00174,4.1152,4.47138
4.68429,5.21186,3.42647,2.67218,4.45581,0.956779,4.59697,5.40912,4.66929,3.05735
3.2631,4.20245,1.96019,4.87806,3.15002,1.76571,5.28841,2.82036,4.55464,4.30716
3.28744,4.59111,5.9433,2.70869,3.26463,2.94736,3.29934,4.89607,3.90934,4.17568
3.51965,4.22125,3.20404,4.41793,4.74072,5.02266,3.79393,4.89077,3.28298,3.07931
5.22336,7.35232,3.24288,3.85264,5.39094,2.55364,5.48818,5.10439,1.91385,4.29314
3.14085,2.68045,3.66861,3.19474,3.46026,4.79784,4.35641,3.71135,5.85246,3.8048
2.3576,2.58637,3.04599,3.4048,5.28439,4.48265,4.36434,3.28123,3.06158,5.3285
4.27781,3.88691,5.05606,4.25496,2.2817,2.96922,3.79362,4.97701,4.10304,3.81078
5.55961,4.41036,2.92962,3.79512,3.43855,4.66479,4.34797,2.8082,4.74641,2.62591
2.99146,4.33124,3.31396,5.0202,4.99512,6.08559,4.38205,3.83384,5.67173,3.74802
3.426,2.76777,3.46014,4.51978,5.99736,4.52095,3.88371,3.672,2.79156,4.95325
4.32159,3.77213,2.88617,2.42513,3.88258,3.37942,5.2765,3.39232,4.61598,2.5653
2.59872,5.16068,3.55591,3.30527,4.34721,3.69145,4.32748,2.61558,5.71325,5.13638
3.44447,4.50157,3.22222,5.01603,3.02105,3.89751,3.00353,5.2775,4.51458,4.58313
4.10106,2.95694,4.68538,3.6079,3.4533,2.91752,4.71826,3.43242,4.56709,5.33132
3.48654,5.03623,4.14719,3.88038,3.73609,5.49907,3.10425,2.94704,4.67184,3.07321
4.03266,4.27345,4.17032,4.96585,4.23106,2.10101,4.46307,6.15796,3.99685,2.21187
4.40689,4.37768,6.47784,3.58545,4.75006,3.58483,3.89613,2.78066,3.95447,3.29015
3.6969,5.82398,2.46402,4.19428,2.51346,2.38431,3.68459,4.38796,4.02403,2.62207
5.42281,5.44862,3.61436,2.86792,4.45471,4.66764,5.60839,4.91777,4.42098,3.22365
3.84672,3.61868,2.75969,5.16952,3.47631,4.44712,4.40947,3.62458,3.70833,2.82575
5.08828,1.93614,3.60815,4.79877,2.59732,4.96756,5.01772,3.79488,3.59182,3.70752
2.30392,5.57455,3.95811,3.0655,4.92279,4.83482,3.32927,3.39112,3.69927,2.97432
4.09515,3.84734,5.47877,1.2814,5.42432,3.34031,3.86225,4.86862,3.35619,4.11369
2.97608,4.60224,3.02825,4.73645,4.82165,3.89137,2.05831,4.04343,3.87833,4.81833
4.1859,4.95823,6.08624,3.84548,4.77486,5.35939,3.23746,4.0021,4.6953,3.69532
4.37075,5.37472,4.23273,4.9146,3.92976,4.65893,4.6027,3.53622,3.52623,3.72706
3.90921,3.24575,5.02519,2.46506,4.38254,5.83705,3.31713,3.51183,4.2006,3.53093
3.66319,2.65216,3.56616,3.57542,4.48358,4.24003,4.56127,3.2785,4.7783,3.79788
4.5003,3.49584,4.75265,6.23258,2.24797,3.59532,3.90015,2.20243,3.88667,4.80378
4.2522,2.63311,3.68465,5.7074,4.12362,5.06368,6.18291,6.0841,3.83712,3.59259
2.82027,2.66352,2.8058,3.60319,4.52922,3.67019,3.34227,4.45397,3.8007,4.64605
5.17224,5.23886,3.1522,3.79837,6.24729,4.12017,3.84933,2.95231,4.53037,3.20004
3.15504,3.49702,3.86593,3.16642,4.52683,2.86376,3.63297,4.31187,4.44956,2.98728
4.60919,3.07744,4.40955,4.13252,8.4467,4.01094,4.31029,3.05788,4.35951,3.88293
4.65472,4.56094,5.0633,3.42641,5.04729,4.8127,4.82907,3.64819,4.30312,4.20121
3.85325,4.38826,6.18371,3.94704,4.43606,2.86148,4.34492,4.03049,4.52787,5.34552
3.39206,4.78761,4.28298,4.55109,2.96262,4.45433,3.87295,4.59492,4.13632,5.74311
3.13695,3.19425,3.14474,3.52973,4.64765,3.45452,2.85041,3.94927,4.67612,4.66015
3.64061,4.55573,2.70133,5.24575,4.76828,4.17804,6.69966,3.04084,2.92393,5.62086
5.85313,5.70681,5.65527,2.44201,5.09398,3.23415,4.84423,4.29091,4.00969,4.97692
4.15691,5.17706,4.09678,5.85435,6.29492,4.57017,6.22084,3.77949,3.62145,3.27016
3.53085,4.34124,6.38805,4.02454,3.43564,3.87744,4.11376,4.96042,5.61879,4.9268
4.37119,3.85497,3.35781,2.53299,1.39038,4.87463,4.2983,6.19853,4.23025,4.95408
4.28072,3.09226,2.26916,3.14755,4.74183,5.11487,2.34182,3.33487,3.39713,3.25684
3.83751,2.57679,4.34092,4.80959,3.08912,3.22072,3.20804,3.63949,3.36871,2.42971
3.20002,4.40443,4.56025,4.8236,3.7972,3.86702,3.10711,3.99185,3.51557,4.22945
5.12894,2.20226,3.50196,3.86575,5.15718,4.63099,4.47564,4.27901,4.14542,3.12032
4.5826,2.8862,4.50795,4.02898,4.96912,4.99658,4.10461,2.86792,4.90029,2.71539
4.36173,1.57889,3.39523,3.33829,3.17813,2.68356,4.89296,3.17255,5.13743,4.508
4.83152,6.15711,4.60962,4.8394,3.68452,3.93351,3.74548,4.0127,3.09755,4.34201
3.4803,5.52514,4.88191,3.70701,2.91611,3.43234,4.5119,4.07367,0.775045,4.22252
4.36424,3.45168,3.70597,3.41118,5.93306,4.63673,4.05899,3.5423,4.14677,0.767708
5.22811,5.5946,3.67519,2.62927,1.99654,2.85913,3.30864,4.69516,2.91508,5.01105
3.1564,4.70584,4.32612,4.13871,4.50303,2.61376,4.19304,5.0173,3.99684,2.10915
5.99112,3.26939,3.60424,5.11208,5.71975,4.43693,3.76386,4.87693,3.7598,1.15674
5.78104,4.85659,3.17889,3.35965,3.67468,6.06768,4.16269,5.5243,2.56031,3.37512
2.39797,4.27622,4.31824,4.882,2.0496,4.20402,2.88379,4.22474,3.90093,2.83634
4.00331,4.2353,5.10515,4.19908,4.22078,2.78152,5.26666,3.71357,2.53339,4.49175
3.47133,4.05548,3.49574,4.2414,3.0714,4.89211,3.8562,3.75658,4.70661,4.31559
5.43652,5.05488,4.69458,3.38111,5.6238,4.81678,4.23132,3.19975,5.16882,3.75212
5.49159,3.68696,6.08024,3.21066,2.97198,4.84534,3.10999,4.17618,0.75718,4.56969
4.16182,3.57034,4.90808,3.67481,4.03464,3.58038,3.12448,2.60991,4.32633,4.56937
3.63497,3.70535,4.85209,4.64634,3.90932,3.40841,4.37826,3.87254,3.73001,3.84964
3.83567,4.20789,5.08989,4.6244,4.22203,2.37106,2.43521,5.81419,3.55743,3.63402
5.12774,5.0268,2.72607,5.05662,4.11954,4.23109,3.82216,3.00508,4.15204,4.21393
3.12773,4.39409,5.45293,4.16119,3.85228,1.68514,2.2782,5.63478,4.42114,2.81253
3.60038,4.4184,5.23682,2.39566,4.83517,5.27741,3.9284,2.77826,4.02363,3.54763
5.49441,4.2772,3.4815,4.87018,3.85695,4.01147,2.61448,4.10758,4.01406,3.11821
5.30113,5.55607,6.0302,4.29852,5.34678,4.1916,4.54136,3.0013,4.22698,3.42932
3.36657,4.34768,4.76066,5.21045,4.28872,3.7581,3.53223,4.20976,3.85319,5.23122
3.04564,4.82314,3.32822,4.00355,5.42319,2.79955,6.51002,3.15648,2.66692,4.77571
4.10126,3.82956,4.85853,4.31783,4.25937,4.21287,4.09736,3.13114,4.73179,3.56416
4.54196,4.3079,2.32841,4.01805,3.64077,5.19365,3.96977,4.5064,4.1325,3.32078
3.87972,4.1851,3.46433,4.12661,4.90376,3.17764,4.19109,4.18557,3.37824,4.15629
3.04362,4.05248,3.57291,4.06747,5.46176,4.15229,3.15283,3.49838,4.69352,5.13779
2.45066,4.11949,4.10944,2.12474,3.30362,3.85207,4.93847,3.09075,2.71556,3.07113
4.99391,3.67726,4.50462,3.28143,4.59881,3.00354,3.27936,4.83144,4.62288,2.49143
4.30778,3.2713,4.71169,4.25837,4.9821,4.87508,4.29964,4.72072,4.37436,2.91423
5.28317,0.619868,3.96392,2.12265,3.8351,3.02021,2.72469,4.27382,5.12531,5.48235
4.3408,5.61722,5.49419,4.98987,5.70309,3.61022,4.12552,3.45958,4.70864,2.91172
3.24648,4.42318,3.79716,2.30084,5.27033,4.89105,4.87113,4.58038,3.74628,4.48498
3.2256,2.31926,3.70988,4.43869,5.15237,3.53134,3.98632,4.34999,4.05273,3.01688
2.2451,3.60125,3.29867,5.96584,4.94288,3.81878,4.567,5.16967,2.36642,3.60323
5.13262,4.01825,4.52492,4.56657,3.40588,2.53235,4.06987,4.65412,2.75094,2.97237
5.1528,4.89309,3.99678,2.52133,3.08345,4.1868,3.84338,3.43711,4.66917,5.19543
4.36049,3.8538,3.62008,3.60267,3.42718,3.36031,6.10296,3.92568,4.45701,2.74294
4.92661,3.60858,4.03161,3.80684,5.56281,4.46288,2.59404,4.7706,3.94746,4.9634
3.19174,3.05867,3.70677,4.20673,2.62967,5.23095,5.23926,5.85031,2.19768,2.08806
5.21305,4.07294,4.52455,3.76474,4.75079,3.92293,5.43665,3.42262,3.90681,7.07554
1.99667,3.17041,2.29365,3.73406,4.4957,4.77695,3.12884,5.04213,3.44095,3.72945
3.08597,2.95358,4.98139,4.38179,4.26662,4.17564,3.29666,2.50352,2.82291,4.24061
4.61343,5.10874,4.0343,3.33371,4.64007,3.4298,4.69489,3.63925,4.12529,5.81751
4.74132,4.63509,4.59103,4.80078,4.98357,3.32111,4.93838,3.70307,6.88519,5.02373
4.01291,4.25437,4.11755,4.08362,4.11949,4.07944,3.9138,3.69077,3.49568,3.19178
3.78526,3.00943,4.87528,5.7525,5.08224,5.00882,2.02382,4.4337,4.98885,5.56219
5.48283,5.34734,4.35644,3.25321,5.91904,3.61792,4.94704,3.74095,4.30302,6.61415
3.02409,1.67405,3.54376,2.27803,2.86374,4.64409,4.26446,3.03696,4.05635,4.39089
4.66454,4.43121,4.32189,4.38759,4.15127,4.55172,5.52228,3.86948,3.69409,2.19361
5.23869,2.79931,3.28534,2.69171,4.55425,5.79999,3.97062,5.107,2.14709,3.38077
2.03074,1.9872,3.14769,2.40442,3.71636,3.2949,4.12533,3.67929,3.74991,2.72552
4.49914,5.92684,3.37161,4.59514,4.1762,4.93147,3.42477,4.14672,3.53359,5.76936
2.57658,6.16908,1.93409,5.00488,2.69747,5.21305,4.89,5.25998,3.74461,3.3807
2.88627,4.87354,5.25476,2.36655,3.12486,4.43686,3.9518,2.01339,4.98883,4.33896
5.15722,4.07832,4.75727,3.62161,1.98425,3.78933,3.24224,3.71324,4.95836,4.212
4.43215,1.0663,3.29771,6.23921,3.65943,2.78636,2.26193,3.6799,4.17136,2.4894
4.90225,4.78098,3.4679,4.40949,3.69199,6.10178,5.27506,2.48083,3.7936,3.02627
4.12241,3.59689,1.51855,2.51696,4.35383,4.191,4.83876,4.03691,4.35134,3.39291
2.36288,4.54198,5.22364,5.4562,2.24214,4.80545,4.08661,5.08802,1.40921,4.33578
2.6453,2.13509,1.72634,4.36382,4.16141,3.63504,3.07948,5.2775,3.31358,5.1097
2.71294,5.65102,4.40929,3.15024,3.86165,4.06574,5.26846,6.3075,3.52849,4.28502
5.71353,3.28537,4.56956,3.87342,3.74626,4.99624,3.51525,5.70028,4.22398,2.89006
2.76636,4.38862,3.63284,4.3418,2.22548,4.08842,5.42373,3.23155,3.80071,4.64038
4.58405,5.47724,3.91961,3.20137,2.31059,1.50613,3.4459,4.74067,2.82375,5.8542
4.26925,4.28582,2.50472,2.02128,4.23942,2.94101,5.57984,3.93963,4.89182,3.77351
1.66994,5.15809,4.15709,4.32507,4.65644,4.27318,5.1318,5.0904,4.53058,6.03309
3.7946,4.0867,5.11616,5.67061,4.05665,2.69014,3.69533,3.61913,4.31668,3.62171
3.25953,4.16806,5.32335,5.93255,4.65157,6.81917,5.16515,5.46638,3.827,5.7249
3.42449,3.59637,4.31573,4.06561,2.89169,4.00812,3.57004,4.56681,4.58168,3.31184
3.74181,4.30729,4.36547,6.06997,2.77715,3.33022,4.9874,4.18789,5.78992,3.8613
5.02956,2.32186,4.01166,3.91193,4.66406,3.20503,3.46061,4.18764,5.31981,2.18736
4.72076,2.8153,3.79644,3.85767,4.03082,3.5633,6.06348,2.85391,2.36995,3.90666
3.60535,4.94659,3.46693,4.47348,4.59718,3.69479,4.57634,3.60112,4.85869,5.66421
4.32911,3.41694,2.18062,4.20067,4.34549,5.66286,3.75561,4.38679,2.18707,3.13375
3.55807,4.59779,5.52262,3.91631,4.27986,3.27895,4.25729,3.23893,4.34088,3.73427
4.78101,3.83932,2.81393,4.93865,4.12821,3.08686,3.94061,4.30171,4.76749,4.22759
3.24916,4.01355,4.19664,4.83552,3.69377,3.79061,4.49685,4.86285,3.85634,3.8968
5.45795,3.27009,4.4938,3.72206,4.20516,3.94625,3.55244,3.64589,3.74539,5.4924
3.98691,3.95469,4.49736,3.67705,3.97047,3.59195,3.85575,3.42375,3.78522,2.91147
4.92272,4.85291,4.59948,4.10659,5.33395,3.61278,4.44975,4.63577,3.60397,3.3275
2.55926,2.97319,3.79259,3.41002,3.25806,5.14085,5.97266,4.62107,4.30127,3.07703
3.09543,5.44049,2.73072,5.32957,3.28511,4.04904,4.10346,4.64989,4.16842,5.80095
4.91531,5.52407,3.41763,4.38655,4.4107,3.17309,3.35539,3.47522,3.56273,2.911
5.97053,5.07881,4.45075,3.82399,2.6615,3.01248,4.11176,2.69098,2.90539,3.42588
3.95173,3.59777,4.52273,3.96978,2.72827,4.0524,3.28621,4.56044,4.72814,5.23369
4.74747,4.30799,2.0798,4.95738,3.91488,4.41985,3.75702,4.81179,3.14989,4.04453
2.32946,3.43222,2.85872,5.26817,4.50711,3.78134,4.91786,1.95547,2.7056,2.55018
4.02868,3.40216,6.4242,5.45092,3.79058,5.74405,5.15693,4.14566,3.37375,5.15004
2.94705,4.60192,3.54019,2.78825,3.02683,4.35619,4.33712,2.83793,3.30771,3.48111
4.03678,3.34211,5.31254,4.68228,4.10335,2.14761,4.81024,4.92797,5.22157,4.66867
3.64844,6.50561,4.85906,4.43883,3.40093,5.34072,2.37854,4.80979,3.76129,3.85267
4.64252,2.80552,4.2373,5.14293,4.09754,3.15058,3.98899,4.28677,4.21776,4.11366
3.08575,5.95135,4.53416,4.20072,4.09792,3.87198,3.02384,5.40734,4.04388,4.7227
4.08228,4.84377,2.92947,3.79236,5.29032,3.10862,3.41079,4.36527,3.38228,3.85992
2.54518,4.96247,3.51631,4.2774,3.87939,3.36731,3.69707,5.53492,2.89161,2.15876
1.86573,3.08748,5.73994,4.14804,4.919,5.74559,2.50143,5.00394,4.05652,3.98913
4.77985,1.53971,4.80185,5.06992,4.11367,4.22973,3.93769,3.45555,3.74775,4.5271
2.43799,4.13893,3.74003,4.01056,3.66683,3.46322,4.28469,5.45875,3.9182,3.7848
2.65748,4.51367,3.27084,2.57599,2.47891,3.34646,4.60184,6.11236,2.04531,5.12313
2.48626,3.86128,3.69529,5.44605,2.84559,4.55871,3.24349,3.04701,4.59992,4.18627
4.78025,3.71241,3.95911,3.73527,4.23617,4.44074,4.01935,4.39402,3.58244,4.53799
5.20307,2.60661,4.02014,4.41896,2.49751,4.75857,3.97999,2.00415,3.04546,6.01892
2.61968,3.64818,2.74779,4.54644,4.35932,4.76459,4.44915,3.9548,4.6091,4.75592
2.94079,4.25871,3.66838,4.15663,2.06871,2.96355,5.24134,4.32998,3.28157,5.89467
4.61925,3.81961,4.27393,2.84381,3.90599,5.04646,4.05138,4.49077,3.49523,3.53106
4.78989,1.9124,4.69496,5.47043,4.70343,2.68194,4.07646,2.5287,2.30533,6.20081
2.71151,3.11372,5.41019,6.49371,6.07271,5.70301,4.97879,4.84289,2.43625,4.13434
4.05937,4.01938,4.44717,3.6505,5.05704,3.30619,3.26471,4.12975,4.19016,4.37185
2.75501,5.70939,3.60012,4.26109,5.93751,3.80937,4.1115,2.58602,3.46323,4.46599
4.02827,2.84446,4.5909,2.74637,3.44687,3.25403,3.33481,3.03647,2.37829,2.77386
4.53865,4.82107,1.98334,4.79998,4.01232,1.73806,1.71268,3.94833,4.73207,2.9297
3.08375,4.88863,3.67912,1.97098,3.41826,4.99063,3.28118,4.56893,4.48386,2.87889
4.23682,5.02285,4.83533,3.21793,3.24858,4.0164,3.71821,5.1523,6.50005,4.55403
5.26237,4.92899,3.46424,4.67,2.87482,2.35075,3.5421,4.53037,2.66,4.77306
1.09451,3.66216,5.45783,4.89862,5.84745,2.93749,2.3046,4.22089,3.47613,4.88819
3.60477,5.0053,3.21835,4.46377,4.61844,4.52397,3.75611,4.54057,4.12641,4.70233
2.96632,4.96881,3.04957,5.37032,4.56962,5.2926,4.19835,4.27126,4.43987,3.40733
4.1844,2.05902,1.84898,6.36865,3.74556,1.89203,1.59887,3.99533,3.83014,2.96443
5.71123,4.73711,2.76658,5.73021,3.28354,3.95722,4.59633,5.52242,3.98085,4.22191
3.89659,2.81254,3.2028,3.71682,5.11156,1.61055,5.53534,3.24434,3.66072,5.80464
3.10649,4.28555,2.97851,5.05068,2.96311,4.95295,4.60929,4.21106,4.20697,4.7453
4.3223,4.19308,4.9823,4.23863,3.02165,4.65144,3.72026,2.02209,4.82101,6.15413
3.90097,3.04192,5.68113,3.33803,3.44251,2.55763,4.09231,4.67849,4.57119,3.47657
2.76926,4.87571,3.80497,4.31713,3.60745,5.71287,4.85797,2.93743,3.66416,2.96984
3.44709,4.92932,3.31607,4.47029,4.0333,3.64696,4.12027,2.56134,4.2306,4.1822
3.74669,3.84376,4.68443,3.79008,4.62919,3.07654,2.93718,3.40333,5.36611,4.24101
4.52351,2.73741,3.26142,4.2941,5.03052,4.116,3.85807,4.26073,4.28617,4.02916
3.3657,2.71198,5.08295,3.44833,4.6787,4.56895,3.76983,3.82699,4.03643,4.46943
2.76599,6.06389,5.11442,5.07882,4.884,5.23601,4.0822,4.63257,4.6947,3.89187
4.0986,4.02644,3.16399,5.20936,3.87585,3.29982,2.27846,2.55099,4.05962,5.62439
3.42115,4.04018,2.80604,4.2672,5.04974,4.99903,3.22565,3.43156,2.28701,2.95513
4.61721,2.79565,3.7751,5.29441,3.5161,4.53803,3.60428,5.01251,6.34821,3.45657
2.60624,4.17643,4.74605,5.31637,3.80314,2.37451,3.111,3.25669,3.54089,3.76678
1.67698,4.85925,4.1303,5.50458,4.87575,2.72303,3.37684,2.46294,3.77535,3.50471
4.07325,2.3248,3.38193,2.94713,5.21331,1.84572,4.19649,3.57174,3.77002,3.54912
3.42778,4.19641,2.50079,4.10099,4.42012,1.51017,3.62454,2.80462,4.65676,3.43454
3.3867,5.07145,4.42231,2.46959,3.80418,4.90323,4.42558,4.17171,3.55976,3.62636
5.7645,3.4271,2.90003,4.9416,3.78268,3.90634,4.72141,1.25977,2.91391,2.5645
5.86154,3.53159,5.30949,2.71288,2.69816,3.95644,4.83558,4.09812,3.73072,3.54088
4.11522,3.49918,4.61996,4.3627,1.99557,4.3682,4.18062,4.88011,5.00839,2.62806
4.21624,3.3582,5.38232,4.11814,4.42472,3.98862,4.49668,6.27774,5.69931,3.13233
4.08716,5.27918,3.51605,5.15652,5.42876,2.32334,5.1455,5.02697,4.76608,5.77855
2.94595,3.6767,4.28594,4.08962,4.23195,5.88061,4.56678,2.68361,5.58145,3.5841
4.18824,3.47779,3.65774,3.70387,5.60088,2.62727,4.43651,3.33534,3.69703,5.00039
3.73413,2.53893,3.22843,5.03054,5.79099,2.69008,3.8834,2.07266,4.62523,4.61766
3.24267,4.50514,2.02203,3.35451,3.96336,3.22275,4.5709,4.28787,5.29871,3.91126
4.96659,3.8308,2.35015,2.26776,6.27163,3.9144,5.70872,2.45385,4.70303,4.75013
3.57005,2.42833,2.28563,4.02592,5.34059,4.78745,2.63204,2.38837,4.8251,3.80347
5.37886,3.03687,4.6567,3.59437,3.35623,4.33029,5.30549,2.55238,5.05749,4.08838
3.52863,4.0908,5.6458,3.37952,2.32223,3.39424,4.73253,5.33246,5.35537,4.19619
4.91757,3.65369,4.87999,2.12564,5.18362,5.694,5.25331,5.27661,6.3462,4.50251
5.51896,4.33774,4.96384,4.21937,3.36544,3.35581,5.10974,5.32617,3.32024,3.08583
2.59089,4.17806,5.55467,4.85496,3.87701,2.5923,3.24223,4.90449,4.00281,2.68977
3.71313,3.81856,6.2499,5.76836,3.91974,2.33018,3.24382,4.43078,5.50405,3.66942
5.74125,5.74152,2.62803,4.61242,3.44367,5.21084,3.09889,3.15011,2.41299,4.7922
2.80627,3.69121,4.7081,3.85051,2.66298,3.22278,5.89133,5.34046,2.57208,3.04545
4.94639,1.51284,4.82588,5.25202,4.20395,4.01976,4.92701,5.03567,2.5421,5.31215
4.11259,3.26979,5.99226,4.77889,4.11547,1.03616,2.37535,2.40771,3.1954,5.73427
4.94571,4.44836,2.8514,4.83744,5.57239,4.76584,3.63077,4.55914,3.3342,5.34
4.11506,4.85247,3.39426,4.81936,4.55199,5.22639,5.1981,3.73622,1.96641,4.00869
4.63502,2.94632,5.54824,6.41423,5.31697,4.45138,2.58925,3.99274,1.86476,4.17625
3.59201,1.97482,4.66421,5.41373,5.32813,5.07925,4.56807,4.64798,4.42112,4.76294
4.63047,2.1581,4.58997,4.31816,3.30618,2.5403,4.2435,1.91652,3.40762,3.83524
5.51548,4.30182,3.30845,4.10503,3.09865,3.29271,4.89507,4.49338,4.13498,5.20378
4.77606,1.94948,4.95899,5.3743,4.17909,2.63797,4.42504,4.65595,2.5179,2.04362
3.86888,4.65176,4.69274,3.47679,3.08746,4.51984,3.26295,3.60574,5.83316,4.09698
3.75693,3.70815,3.53595,4.70312,4.96186,3.606,2.43544,4.22986,2.5393,3.52458
5.95909,3.26915,5.17282,5.11969,3.15677,4.91501,4.00921,5.27017,3.22238,3.85582
2.40189,4.61971,5.84747,3.38672,3.32881,4.68175,4.34771,3.15495,2.85617,4.8609
3.91057,3.63414,4.8559,4.00456,2.86312,4.95695,5.81836,4.16676,4.67207,3.19346
3.60565,2.96835,4.65368,3.52084,3.1793,3.69955,5.21113,2.54768,4.42518,4.35219
5.95188,4.84644,3.97372,4.80565,5.86095,2.69267,4.66962,4.02656,4.69263,3.03739
2.56886,4.01455,4.67246,4.26228,4.03775,4.35918,3.42903,3.93598,2.76819,4.24746
4.72656,3.49667,3.61596,5.01434,3.23044,3.75074,4.47093,4.51774,4.78734,2.70447
2.82622,4.49159,3.99503,4.99553,3.89388,5.37883,2.99451,2.84329,3.41194,3.99308
2.63406,4.43022,5.36245,4.13295,3.61607,3.13242,5.05742,3.27145,2.49332,4.4767
4.24921,3.82781,3.82354,4.54005,3.69296,3.11329,4.29533,4.48832,4.98521,3.68801
3.49807,3.74071,4.23041,3.00659,3.40645,4.22051,4.1396,3.09001,5.06221,3.50119
4.39911,3.30914,3.75884,5.19003,4.9635,2.35284,2.30898,4.86998,4.55774,4.91318
3.96301,4.70872,4.45588,3.25573,3.67746,3.85741,4.11054,2.36734,5.36153,3.25927
3.97779,4.25512,4.2807,4.84799,5.00176,3.17624,4.23736,3.49941,2.31147,3.52089
2.64594,4.15408,2.43596,3.64367,3.55249,2.49082,2.4902,5.51131,4.39435,4.74165
3.88447,4.77058,5.12404,4.232,4.47485,5.33833,5.29743,5.54087,5.18513,2.96463
3.57274,2.9332,3.79387,3.37,4.1059,4.18922,2.80056,4.71545,4.28809,4.49857
3.8052,4.70733,5.70757,4.41032,4.76125,4.17946,4.63876,3.44307,2.05923,4.57519
3.89615,3.78073,4.40739,3.67856,2.72521,3.42019,4.9293,2.99322,4.01528,4.85928
3.08185,3.95986,3.44251,3.19856,5.08473,3.45416,5.31783,6.18243,3.20057,4.77261
4.53015,4.83091,4.48213,3.23871,3.82344,3.99923,3.83978,4.93488,5.24049,3.05924
2.559,4.88694,4.12382,3.94292,4.9485,3.22992,5.45205,5.93643,4.29264,4.58612
5.14937,2.45067,3.04117,4.86301,5.04671,4.52971,3.85413,4.95408,4.42497,2.04871
2.81247,4.25723,3.83382,2.98322,0.993122,4.60711,3.48459,3.83026,4.57655,3.76163
5.45799,3.55653,6.58925,4.47164,4.88886,3.9599,5.06498,2.62254,3.54047,3.23346
1.90912,3.86272,2.63975,4.57146,3.99625,3.84833,6.89054,1.37019,2.69599,2.52862
2.67565,4.56576,4.11844,4.66366,4.85259,4.53804,2.93172,5.17003,6.4149,5.84486
6.00562,3.91554,3.77248,2.63227,3.7781,5.06097,4.57349,2.90679,4.08966,4.93782
5.70205,6.80379,3.75111,5.40069,5.11547,3.41597,4.15378,2.81202,4.1368,5.59541
3.0787,3.11216,4.19626,4.16905,4.45089,2.9496,4.05333,3.34546,2.77281,3.78465
1.98732,5.09063,4.5301,4.09171,3.42597,2.56028,3.25589,6.31764,3.24075,2.46719
5.33492,6.09408,4.33531,4.17066,3.25201,3.07986,5.16277,5.53748,4.35756,3.67872
2.95537,3.29185,4.77229,4.96935,4.07402,3.47441,3.66456,4.21061,4.45498,3.38769
3.75448,4.66059,2.75904,4.04848,4.43851,2.76132,2.81982,4.57126,4.42964,3.28327
4.03298,3.45239,3.02154,3.15101,4.13709,2.48482,5.03037,3.31257,2.95122,4.21271
3.95626,3.9755,4.72469,4.19385,4.24766,5.38026,3.72243,2.03986,1.23138,2.87312
3.41926,2.85416,4.29914,5.04313,3.7742,5.48997,3.72326,3.36906,2.69449,4.29147
2.38487,4.86762,5.20194,4.54484,5.36382,5.08459,5.59193,4.35258,3.56953,3.32103
4.91958,2.27984,4.51984,4.43286,4.59567,3.38284,4.83744,3.69382,3.36208,3.53869
3.58304,4.61524,4.69224,3.61198,2.85947,2.68069,5.06591,4.98717,4.53228,3.4866
5.1874,4.14398,5.74493,4.33432,4.40957,5.69299,5.00973,5.42574,4.67917,3.67009
2.86781,5.49391,4.07922,2.55197,4.92242,5.02832,3.47163,3.11466,3.49088,4.01128
4.40549,4.82989,1.9439,4.34892,3.49714,2.56604,4.17114,2.79939,3.47903,3.44807
3.51326,3.56373,6.74763,5.4309,3.3055,3.99939,4.0856,2.89767,4.95095,4.55491
2.6072,3.79541,4.59743,2.16614,5.60341,5.37118,5.26209,4.81437,4.62783,3.02108
3.7979,3.711,5.44408,3.80685,3.2982,3.96436,5.59542,4.9136,1.883,5.75727
2.51907,4.5666,2.02216,4.32318,4.00751,3.61102,5.43761,3.33776,4.32032,4.02387
4.6737,4.22852,3.39737,4.0608,5.88706,3.51006,1.47985,3.5507,4.89547,3.9461
4.71444,3.99744,3.72786,1.01826,5.35093,2.14326,4.11217,5.71912,3.42419,2.37408
3.96677,4.434,4.33937,4.33327,4.90785,2.95638,4.21916,3.48905,2.50582,4.90884
4.66031,3.35992,5.18029,5.87703,3.24937,4.01827,6.01594,4.58743,2.85839,4.7028
5.66657,4.33592,4.75071,5.26588,2.8026,3.3207,5.5708,3.56163,3.63246,2.43767
2.66036,4.39292,5.71424,4.13831,5.60692,3.01446,4.73254,3.34752,2.93731,5.59004
4.98421,5.50514,3.68801,4.16172,2.90758,4.07615,4.83605,3.75665,3.37615,4.93752
3.96583,5.28572,4.28677,3.83677,5.82892,3.76411,3.82238,4.29771,5.4349,3.84128
3.62861,4.43325,3.78221,5.13412,4.70308,4.68971,5.28601,4.78641,4.412,4.11707
2.93847,3.90508,3.13264,3.50228,4.26847,3.93395,3.89246,4.61489,3.53198,4.43015
5.20961,2.40681,2.3483,2.118,5.6169,3.70433,4.77587,2.81116,4.11436,4.57854
2.42407,4.66312,4.84256,5.46635,4.43968,5.36096,3.85754,3.51607,5.08788,4.45941
4.81241,5.94791,3.36596,4.10081,5.746,3.88476,3.65263,4.05304,3.27558,3.58
4.68942,3.74149,5.82446,3.50471,4.99506,1.97373,4.32457,5.33645,3.31817,2.38373
5.0412,4.7502,3.37128,3.83407,4.89303,4.25227,5.04313,3.99265,4.90327,2.46009
4.27349,5.34617,2.16602,4.58502,2.73372,3.58969,5.06326,3.31829,3.45946,3.49971
4.59071,2.51863,3.16017,4.48431,4.18558,3.3485,3.38228,3.9112,4.51205,5.73456
5.71115,3.28257,3.92994,4.24813,3.11006,4.79765,3.52452,4.64847,6.09795,4.16068
3.70144,3.56443,4.24313,4.18878,3.72369,2.83412,3.12335,5.25694,4.23877,3.64297
2.48994,4.03906,4.83543,4.71902,3.72276,3.09897,2.53152,3.67391,3.18445,4.73807
4.76112,3.17399,2.22615,5.16277,3.33797,4.67905,3.49457,4.5118,3.16137,3.05474
2.0837,3.84416,2.72228,3.48252,2.83236,5.01714,3.90715,3.61861,5.03528,4.88854
3.66307,5.1955,4.27009,1.85061,3.81452,3.69882,6.23297,3.58866,2.13828,3.62739
4.22874,3.93987,4.86262,4.64119,3.54556,4.33362,5.40544,3.02082,3.20482,4.63005
3.37065,4.12301,5.50119,3.66034,4.28453,2.34076,3.64534,5.3098,4.7022,4.2604
6.68204,5.32692,2.77561,3.0902,3.7987,4.51687,4.48456,3.98839,3.42559,3.82557
2.75766,4.52879,5.54195,3.43855,3.89193,4.33529,3.74427,3.18113,4.18738,3.5126
4.46123,4.24332,3.18692,3.57467,6.16476,3.41011,4.16198,2.86751,1.24013,3.64203
2.65773,5.85705,4.98236,5.00995,3.78603,5.53529,3.23724,4.29232,3.16889,3.58971
5.07621,3.34797,3.03326,3.81317,4.4974,4.25468,5.875,4.0998,4.05705,4.11759
4.43752,3.3962,4.7701,2.95188,4.50371,3.39232,4.58212,4.03293,4.12784,3.52203
4.2079,3.48039,5.05911,2.18309,3.21223,4.82348,2.71519,4.78326,3.51732,4.21052
4.816,3.09509,4.76771,2.14368,5.09316,5.95027,3.68198,3.83165,4.12419,4.06695
3.04705,2.68125,4.51498,5.00344,3.32846,4.60792,3.67608,5.11395,3.64857,4.41438
3.37466,5.28286,3.75146,4.80987,3.7466,5.33838,5.13516,6.01103,2.89713,4.15713
4.21601,4.15882,3.29053,1.95796,3.19714,4.01033,3.26958,3.63031,3.76262,4.15489
2.07996,3.89737,4.09718,5.4565,3.06393,4.3056,4.33008,4.20916,5.81415,4.22676
4.46854,3.13558,2.86257,3.93352,1.15156,4.24597,2.89875,2.65348,2.79618,3.92749
2.10725,3.60189,3.29222,2.15259,3.04173,3.78177,6.28524,3.39675,3.91605,4.33433
3.36764,2.74459,2.92425,3.70321,3.77629,3.834,3.78658,5.26367,4.74971,4.38171
4.33142,3.90369,3.85731,2.99315,4.50265,4.04686,4.156,5.66926,3.67386,2.99289
4.65349,3.14662,3.66976,5.48649,3.98729,4.47685,4.23166,3.99668,4.05391,3.13327
3.68903,5.76047,2.98972,3.82513,2.62167,4.9373,4.79422,3.10363,2.05812,5.90851
4.42659,3.77202,3.30243,3.15197,2.95794,2.94044,5.27349,5.00095,4.33894,6.10533
5.22589,6.11033,3.42013,1.95321,2.34416,5.49485,4.62951,4.05023,4.69442,4.05055
1.65906,4.58881,3.66632,4.00166,4.01337,3.79426,4.42313,3.4642,3.40962,5.08971
3.101,5.13373,4.11161,5.72998,1.59311,3.79049,3.74761,4.20879,3.56711,5.50857
2.7746,3.67206,3.01432,2.46848,2.94828,5.08631,2.83482,4.66614,3.1852,4.13933
6.17654,4.63637,3.60729,3.43747,4.9512,3.61861,5.01627,4.26065,4.98327,4.24634
4.44317,3.94578,4.90431,5.11128,5.26227,4.9967,4.62244,3.99496,4.47699,6.28289
4.32698,4.15339,2.69736,3.54754,4.37305,4.52798,3.76851,4.47378,3.57336,4.87682
4.23556,4.51923,3.81963,3.99839,3.89489,2.34189,3.6982,3.73054,4.66181,3.94915
3.99771,4.08167,4.18283,3.70729,3.22518,3.17892,3.0068,2.34147,5.50112,3.22776
3.72904,5.2495,4.65089,3.74606,4.05948,3.16071,3.4898,3.65716,5.73936,3.52933
3.76506,3.81006,3.44414,4.30958,4.61183,4.60919,4.83968,2.63939,4.30568,4.11187
3.57266,4.05982,5.64741,3.28841,4.74153,4.09754,3.33477,4.17698,4.09433,3.90545
3.15264,3.44792,4.72687,3.35572,5.08373,4.90396,6.14926,4.39773,0.625256,2.55078
4.44441,5.64945,3.64345,3.66686,5.58452,3.6996,3.24005,5.10095,3.13889,2.08903
6.98957,1.64781,4.07828,3.89798,5.26585,2.91029,1.93228,3.41886,3.5265,2.98161
3.86187,6.13425,3.98971,5.09587,3.16588,2.60056,4.66318,4.45916,3.90576,4.76335
5.17344,5.1539,4.63278,3.90196,2.91555,4.66764,4.11406,3.68608,3.84613,3.1925
3.9556,3.5034,4.71129,3.22521,4.59612,4.51248,2.17571,3.83877,4.40003,4.06943
2.59813,3.46704,5.35101,2.90966,3.03245,4.54896,2.81073,2.8163,3.08731,3.04855
3.1796,4.80741,3.66653,3.81299,2.20881,5.10543,4.13255,4.24376,5.15578,4.61312
2.73239,3.70627,3.72199,3.9067,3.53372,3.40228,4.85952,3.51308,2.94576,4.09014
1.64924,3.40845,2.99554,5.02159,5.09047,5.19227,5.71062,4.07644,6.23295,3.70729
5.25431,3.65275,2.23115,4.65703,3.85241,4.0619,5.33356,4.87891,3.93691,4.17429
2.88419,2.29074,2.83589,4.76561,3.98102,2.76771,3.91901,3.09394,5.47932,4.69552
3.98434,4.29267,3.93434,3.30903,3.78905,3.06208,4.27156,2.67594,5.06431,5.93517
5.04712,5.41825,5.02294,3.71922,3.70102,4.03371,4.04827,4.03198,5.59717,2.89285
2.82898,4.08529,2.60128,1.88925,3.69491,5.20521,2.60933,4.76523,2.89946,1.75077
4.26493,3.44239,2.86916,5.7537,5.25775,4.30573,2.72745,6.00391,2.7763,5.94433
4.81501,3.92466,4.35172,4.26978,3.5848,3.7695,4.14167,4.49574,4.65176,5.16096
4.70021,3.21788,2.72213,4.67321,5.09397,4.15022,3.6783,2.9706,5.40823,4.68769
5.77164,3.63756,5.19333,4.53201,2.81155,4.84964,3.82489,3.32254,3.24639,4.86886
3.8899,6.15714,2.17456,1.59372,2.53604,3.41003,3.6018,3.72354,2.39016,3.17407
2.72477,3.31613,2.33637,3.62035,3.28128,2.52971,2.77425,3.41649,3.45702,5.87586
3.25892,3.18407,4.54746,2.62698,4.86586,4.0173,2.71538,5.27258,5.50524,3.07133
2.48999,3.27378,5.63557,3.79881,2.98378,5.18266,4.96765,3.79145,3.51266,3.94995
3.29758,4.16602,3.57522,2.37378,4.74579,5.64766,5.42096,4.26288,6.12921,3.79987
2.73806,3.64496,2.15302,6.36144,3.6936,4.52879,3.28636,5.31533,4.09112,4.19954
3.40813,3.28368,4.13109,4.64504,3.87153,5.15952,4.11736,4.25902,2.70628,4.29701
3.57914,4.05078,4.94272,4.17022,4.14285,4.74761,5.2602,4.88564,4.43258,3.44404
3.58277,4.91095,4.27675,1.96896,4.3103,3.06753,4.47479,3.02284,3.86654,5.7356
3.15687,3.63451,3.68169,3.70717,3.63115,4.43269,4.23008,3.98804,5.23215,4.37708
3.4884,4.45239,2.77411,4.48433,3.65912,3.5567,4.96266,4.28868,2.94797,4.04143
3.52557,3.74841,3.12694,4.84357,5.48974,2.8734,5.55107,5.55497,4.08154,4.22088
3.797,4.03439,3.30977,2.35149,3.65896,5.20543,3.71414,5.94673,4.82068,3.57083
3.38302,3.94077,4.69085,4.15725,3.0654,5.86947,2.01601,4.99544,3.84074,4.95032
3.98201,5.32955,5.04879,3.13781,5.22742,5.38984,5.17686,2.82657,4.53575,4.29208
3.01489,5.44668,4.7495,4.92321,5.26572,4.77642,3.28131,4.42779,4.2177,4.59013
5.97822,5.36142,4.6762,6.27427,4.04533,2.45133,4.29904,4.71643,3.7511,6.03093
5.107,4.25094,3.7561,4.32247,2.92949,4.70682,4.80652,4.08303,2.70245,3.54749
6.13799,3.22953,3.3523,2.82589,5.06533,4.22266,2.97746,3.05962,4.20344,1.46052
6.54118,5.33961,2.40733,4.70189,4.42058,2.66745,3.75168,3.48183,4.51994,2.55907
4.96647,4.25921,4.79359,3.83871,3.36733,3.98656,3.88492,4.77306,3.43668,4.59146
4.22084,3.17717,4.23535,4.34662,3.28361,5.3158,3.87598,3.17118,2.04323,2.35861
3.4389,3.94965,4.6573,4.06454,3.35842,4.56566,3.2552,3.55813,4.35466,3.82592
2.63594,4.99555,3.27549,1.86739,5.06551,4.93489,5.55037,1.05458,3.63279,4.14017
3.64524,2.99056,3.36801,3.25979,4.26365,3.76701,6.03004,3.98806,2.5584,3.94168
3.62487,5.84793,4.98868,4.68925,3.13379,3.18797,5.11977,5.14794,4.71872,4.17735
5.06013,4.16499,4.29117,3.73662,4.47996,4.32546,4.44927,2.43075,5.33097,5.01992
5.02856,4.08352,5.68264,3.90699,3.46257,4.05852,4.02934,4.24689,3.73155,5.3794
3.73627,4.87991,5.12686,6.45272,3.99556,5.55647,6.87568,2.86527,3.75696,5.38516
4.83519,3.05111,3.82666,3.57038,5.12001,4.91919,2.03379,4.86847,3.33309,3.17622
3.93173,3.80635,3.59281,3.13896,4.29068,3.32497,4.27835,4.89329,3.12864,5.6634
3.1529,3.1703,5.14811,4.38043,6.13635,4.51603,1.9883,3.19088,3.41845,4.16983
3.43797,4.93001,4.39825,4.46092,3.78519,3.06074,3.56601,4.24541,4.42015,5.11682
6.02999,5.4253,3.72767,3.99027,2.52933,4.7996,3.30539,2.368,4.57817,3.94037
7.14128,4.92865,4.3163,4.50333,5.08334,2.75421,6.29616,4.75885,3.98963,3.19228
4.12702,4.70098,4.34958,7.02777,1.58122,4.44062,2.40124,3.99772,3.03648,3.5136
5.08498,5.61234,3.36239,3.12188,2.93295,3.88762,4.38862,2.97376,3.89186,4.50882
3.91954,4.56267,3.62665,2.98693,3.81116,6.3733,2.06624,3.24975,2.686,4.93642
4.24832,3.80832,3.35218,4.77122,6.17467,3.86123,4.75183,5.6631,3.65899,4.39319
4.04479,3.68612,5.21869,3.47215,5.89199,4.37822,4.89528,3.6525,4.96287,4.52855
3.21364,3.7883,3.12345,1.90379,2.47609,3.55558,4.65253,3.88112,5.32707,2.86571
5.40748,5.65246,5.0041,3.7474,4.73928,3.2017,4.47747,3.4277,3.38059,4.24854
4.31116,3.25153,3.21411,2.60787,6.11585,4.42129,4.27384,3.78976,2.93111,4.68958
2.92378,4.63407,3.78813,5.29432,3.84985,4.67931,3.09141,4.62701,2.79545,4.32848
5.32329,4.3652,2.95439,3.44564,4.15015,4.47125,3.52851,1.4862,3.28926,4.3205
4.44401,4.39432,5.43196,4.92464,4.05494,4.48048,3.53283,5.36315,2.43303,4.88202
3.98194,6.07486,1.80463,4.25259,3.62503,4.27002,3.99087,3.20542,4.13127,3.8423
2.8761,4.53955,2.79263,5.04671,5.60184,6.03959,3.58383,5.09213,4.1465,2.72386
4.7229,3.93989,3.95625,4.27666,4.84827,3.6439,3.09726,4.0273,2.53994,5.53399
5.55762,3.94361,3.4072,2.22219,5.91684,2.92643,2.59002,3.4508,4.45426,2.54205
2.88676,3.55198,4.8556,4.93767,2.93252,4.64602,3.38783,3.48391,5.05768,3.18518
3.20484,4.56717,4.50849,5.43427,4.41357,4.58083,4.40567,3.87256,4.63473,4.44488
1.79479,3.31754,3.27571,3.82578,3.41312,4.37604,5.26266,4.57654,4.44099,4.52757
4.73388,3.92606,2.70241,1.7388,5.35562,3.97476,3.29454,2.69156,4.89667,3.31285
3.18716,3.44288,5.4335,3.32747,4.74902,3.6328,4.65935,2.56056,4.36181,4.33052
4.66942,5.07287,5.28924,4.39013,3.76399,3.57795,4.20633,3.04251,5.2331,5.5425
4.5326,4.05386,2.56172,2.43733,5.23768,4.27532,3.77517,4.74035,4.25518,5.20666
4.80036,2.9124,4.48662,4.23421,4.9786,4.90197,3.34836,3.06575,4.87751,4.5252
1.78286,5.02291,3.92253,4.97186,4.90367,5.20338,5.04193,4.04818,3.28916,3.53372
5.92151,5.02222,2.43405,3.82516,2.77935,4.02903,1.7948,3.88837,4.11237,2.86335
3.29118,3.76778,3.80787,5.4756,3.8354,3.85374,2.44361,5.54668,3.0819,6.09709
6.13028,3.05487,4.32376,3.65328,4.47588,4.60568,1.19492,4.87895,2.67625,4.96562
4.24126,2.96115,2.85016,4.01035,5.18126,2.41276,3.99369,2.90171,3.17814,3.04124
3.98489,4.47907,2.74519,4.72451,3.55546,5.02941,5.01847,5.77034,5.28558,4.77446
4.2558,3.20764,3.87199,3.76635,2.00824,5.61179,4.86843,5.33038,3.74384,4.60506
3.63438,3.50149,4.95475,3.5095,4.97603,4.90668,2.60071,3.28029,4.13842,5.08123
3.46308,4.46177,4.0417,3.47549,4.76071,5.3269,3.16868,4.61856,2.44507,4.80002
4.3713,3.67627,4.56993,5.60008,3.46059,4.06565,4.38915,3.62742,3.00181,5.3956
4.70427,3.28182,3.45253,4.55849,4.83439,2.38344,3.62542,3.31403,4.96058,4.21096
5.21772,3.32443,3.33455,5.74302,0.811232,3.53217,4.52923,4.36859,3.15607,3.86567
4.12382,3.29186,4.95978,3.66226,3.70506,5.15512,5.9573,2.82102,5.19372,2.57378
3.48309,3.56782,3.03577,6.01468,4.18175,4.584,3.37565,3.99758,4.23879,5.30559
5.32597,3.42732,2.22186,3.55554,3.59382,3.9036,3.99212,4.60251,3.35292,3.67255
6.15745,3.49196,4.20186,3.33776,4.18783,5.09954,5.07848,1.93652,3.40354,5.18889
3.59129,4.15093,1.73982,3.59191,3.23818,4.97007,3.32297,3.29485,4.10803,2.80569
3.99381,3.84704,4.42576,4.86136,1.60617,2.69996,4.51942,3.48679,3.11174,2.88641
5.28588,5.02412,5.06564,3.98277,3.31435,3.14816,1.87472,5.495,2.72821,4.72288
3.39468,4.32527,4.59645,4.39107,4.87543,3.71295,5.2624,4.8661,5.58236,3.7996
3.80403,3.21748,4.89732,5.70051,4.6911,4.07622,4.96676,3.36951,4.14365,4.14227
2.69231,3.46595,5.67318,4.3781,5.27771,4.86834,3.29351,2.371,1.47031,4.04329
3.49688,5.0263,4.4534,3.13166,5.5469,4.15479,3.5146,2.96265,4.4092,3.72431
5.94559,5.58391,3.98255,5.02522,4.89433,2.38285,3.82584,3.90095,3.16769,4.70002
2.77263,4.80409,4.70917,3.53158,3.03441,4.05511,4.09326,3.20893,5.89174,2.00767
3.16259,1.63924,2.50847,2.19986,4.79674,4.3873,3.97334,4.88823,3.51538,5.46375
2.54195,5.71344,2.82287,5.37565,4.69811,3.89516,2.24964,5.0643,4.53192,5.26114
3.68081,3.42735,5.06646,3.23369,4.24041,3.61644,4.13985,3.69907,6.12694,5.53276
3.04309,3.57898,4.64366,3.08934,2.71546,3.23695,4.46458,4.94802,2.51565,4.83537
4.23817,4.22551,3.12042,5.15267,3.97889,3.78818,4.58155,5.74819,4.65214,4.92552
2.76387,5.31011,6.14835,4.7134,4.38429,3.8768,4.17955,2.95014,3.92763,3.09935
3.76696,2.20044,4.61619,4.31766,5.99603,3.24999,4.90937,3.34012,3.83322,4.51506
5.35897,4.8732,3.50011,3.21813,5.83471,3.53608,3.17521,3.24967,4.03009,5.83272
2.59382,5.7756,3.77202,3.801,3.88839,4.20335,6.51323,2.67673,3.31915,4.356
4.0153,3.44296,6.41615,3.92021,5.28318,2.99744,4.05805,4.7684,3.25345,4.59918
4.27178,3.38193,5.92919,4.82773,6.02949,4.59151,3.80332,3.49386,3.66099,3.58188
4.53156,3.53259,4.04756,4.5054,3.26423,3.56027,3.78002,4.6826,3.73358,2.51931
3.72677,5.75562,3.95683,5.64008,3.5001,5.28457,4.77535,4.04713,5.23228,4.1507
5.59661,3.40106,4.77682,3.1324,2.23845,2.47164,4.71316,3.79381,4.90279,3.91409
3.21296,5.73439,2.55067,3.48283,3.27895,4.02172,5.57178,3.91991,5.46997,5.0114
4.64366,3.15626,3.2216,5.06863,3.7224,4.03648,4.92158,3.28991,2.26589,2.82393
3.12707,4.21707,4.55111,4.06524,3.78175,4.7951,5.28923,5.82611,4.66692,3.42286
5.73017,3.62842,3.03273,4.39387,4.68633,3.40852,3.65784,4.01621,3.97642,3.39662
4.94267,2.16629,4.04232,3.37074,1.98098,3.4018,4.59734,3.12218,3.21645,3.98087
3.83596,4.15486,5.75037,3.03007,5.71214,5.22312,5.28106,3.61537,4.57287,4.85869
3.30158,4.27031,6.31363,4.09102,4.42879,5.05833,2.84825,4.3548,3.75118,3.9617
4.69836,4.40311,5.01175,2.45621,4.07604,4.18699,2.0121,2.88763,3.58134,4.31584
4.54438,3.49431,3.82364,4.06968,4.64729,2.78562,4.56786,3.02285,4.09022,3.33296
4.38856,5.0718,4.59752,2.96552,2.71454,4.1844,2.45024,4.04565,2.64045,3.6506
4.7316,4.76077,4.9629,4.71456,4.13688,5.29485,4.09798,6.01625,5.19671,3.98892
4.07482,3.60441,2.87867,3.79261,3.28565,4.46735,2.85387,3.25496,2.72315,4.3713
3.80727,4.22707,3.48949,3.87447,5.01199,4.92027,4.03881,2.52524,3.91674,2.3582
3.67869,4.35012,3.67198,4.91262,2.29524,2.94323,5.10459,4.05549,4.14957,3.69567
4.92592,5.99866,3.0713,3.37666,3.98285,3.81707,4.09884,3.0007,3.66696,4.0787
4.6419,4.2827,3.11747,4.65353,4.87033,4.16699,4.9712,4.36968,3.04927,4.39223
3.98412,5.84558,4.91114,5.56365,3.10104,2.86785,2.64396,3.34294,4.7469,2.31597
2.84726,2.54453,5.23981,3.0816,4.0769,3.29069,3.42254,4.74171,5.07908,4.45512
3.00503,4.48733,4.09533,2.93663,2.66453,3.72303,4.03257,5.18467,4.38573,3.78156
4.62589,4.07422,3.89541,3.39261,4.22224,5.37422,4.5285,3.05774,4.22546,2.40714
4.72565,3.58351,6.15505,4.44311,4.16269,2.79205,3.00182,3.05106,5.06591,3.4581
5.70218,4.63773,4.07045,3.65471,4.24541,4.37904,3.13847,2.88443,4.39269,3.2606
4.87649,2.90207,4.42243,3.8642,3.73649,4.25812,2.39049,4.71258,6.66371,4.02404
5.75788,2.65762,3.14088,3.27518,4.74021,4.83961,4.25442,3.23055,6.0501,2.84406
3.34634,4.78233,5.5761,4.70589,3.74236,5.08774,2.39562,4.47015,3.43125,4.21018
3.45777,3.86937,3.99396,5.04444,4.09249,3.32642,2.27057,3.65674,4.58242,3.17282
4.11617,3.96867,3.88295,4.22165,4.35262,5.63806,5.09897,1.89668,4.17432,3.41349
3.32188,5.43374,4.68043,4.51823,4.13523,3.39199,5.92517,4.54979,4.53125,4.3168
3.27065,5.92207,4.28591,4.53518,4.18931,5.72434,6.13792,2.14425,5.01322,4.87011
5.70591,3.04519,3.78037,3.62692,3.37195,3.79105,4.81312,4.42238,4.53399,3.23719
4.26657,5.73653,3.31939,3.72172,3.27451,3.9356,4.39179,4.64832,3.79633,3.82852
5.10146,3.82869,6.11459,4.18409,3.89001,4.66234,3.58133,3.91328,4.0557,3.05983
5.26764,3.76588,3.28981,4.36972,1.99303,3.48629,3.07443,4.93126,3.86214,2.70451
3.75688,5.19063,2.2623,6.39415,3.75225,3.66246,5.72977,4.22946,4.93115,3.69022
5.75536,4.72314,3.26036,3.89024,1.49496,4.09676,2.27185,3.98216,3.1928,2.94053
4.21535,4.95952,4.8242,3.05214,3.99201,4.43641,3.87603,3.82567,2.75561,3.96357
3.18489,4.03108,3.34884,2.57774,5.82217,3.71747,4.43805,3.06888,4.68417,2.18354
5.24782,3.54733,4.25443,5.10778,3.23953,4.96499,3.68548,5.92206,3.09857,3.99661
3.66846,4.30567,3.30443,3.77249,2.54352,3.77723,4.35432,1.20673,3.72224,4.2572
4.03053,4.87257,4.98799,3.95075,4.59922,4.76161,6.34842,6.81222,3.94836,3.63158
4.84518,3.75032,3.82616,3.99365,2.63283,4.32187,4.40019,4.12199,6.47757,4.47126
4.19085,5.46684,2.99209,3.13481,1.92508,4.90197,4.62929,4.17881,4.74244,5.25164
3.21739,3.76311,5.55012,4.08806,4.95251,4.39921,4.47778,4.38643,3.73303,4.65377
5.62206,3.84249,5.02171,3.46175,4.81899,4.52752,4.71625,2.87729,3.84566,3.34605
5.50194,3.63767,5.01469,4.3004,3.06789,3.71981,5.157,3.84856,2.49634,6.01607
3.14325,3.10261,3.05107,4.42599,4.71891,3.97532,5.3868,3.0195,5.72515,4.32878
4.26298,3.62557,5.41941,3.00567,4.78945,0.755948,3.75246,3.09821,4.05185,3.92646
5.39313,5.40081,3.92708,4.64388,4.45108,4.80841,4.45407,3.12573,3.66882,4.57008
6.0283,4.3564,4.84028,5.1755,4.159,5.75828,5.14616,3.03016,3.74465,5.06403
4.78939,5.62069,2.99838,3.82816,4.86682,4.85754,3.40339,4.24515,4.51419,3.57546
4.97262,4.58902,5.72986,5.29141,4.66125,4.59095,4.2336,2.68085,3.32579,3.50245
2.89883,2.81854,1.79682,2.75511,3.94168,5.62575,4.99454,5.21685,4.27941,4.53825
5.59837,5.89465,2.99222,3.29533,3.92586,5.67528,4.21019,4.87249,3.23499,4.90027
5.89204,3.94474,3.60491,3.03182,3.30786,3.30338,5.20397,3.90901,1.76141,4.04552
3.47307,2.59155,4.60798,3.12095,3.85967,4.17982,3.8098,5.35183,3.88237,4.98163
3.97937,2.99274,3.99288,2.34539,4.81573,5.53785,2.96489,3.76755,2.66181,3.97144
4.49567,5.03822,4.75691,4.01394,2.3232,2.83612,4.52668,4.89621,3.55926,2.70827
4.8125,3.14052,4.08737,3.01765,3.40105,2.64331,1.75944,3.8098,1.96398,4.54313
3.57956,7.05652,4.05972,5.58123,5.5169,5.08427,5.66474,2.51586,4.19183,3.30435
5.84685,4.01796,3.36077,5.14081,4.60788,2.07428,2.30168,5.08635,4.45284,3.40471
5.87508,3.27444,4.24777,4.07553,4.15662,3.1753,3.09081,4.54144,4.37231,3.56156
3.47981,4.40743,4.44896,4.21005,3.78666,3.58343,3.40998,4.04006,4.52672,4.03184
4.62689,3.05613,3.92483,5.29559,2.79808,4.13845,3.97567,4.07198,3.72862,4.66773
5.13634,5.88746,4.33123,3.61262,3.25575,4.2601,3.76092,4.40749,4.76882,3.65187
4.93406,3.56542,4.00179,5.05978,2.60968,4.49248,4.83362,4.29758,2.85303,4.05281
3.7446,3.65027,4.23487,2.88947,3.93669,4.1035,4.84462,5.53076,4.19228,3.8397
4.71383,4.05666,5.6707,6.57276,4.23551,3.4139,2.70807,4.01337,3.87209,3.44861
4.92988,3.70003,3.9167,3.17354,4.75059,3.33625,4.48301,3.71835,3.46896,2.18221
3.84369,2.80902,3.91822,3.88624,3.01949,4.10883,2.9006,6.36688,4.72696,3.05161
3.31442,2.67833,3.07291,1.57135,5.14781,4.82543,3.85229,4.00079,4.14497,3.72107
4.59274,2.72663,4.04224,3.4038,6.25909,3.87734,5.78657,4.00139,3.31372,5.31076
3.51399,3.93909,3.18039,2.91361,4.35601,4.28794,4.728,3.73003,3.46797,3.32433
4.7012,3.31347,3.79157,3.55535,3.53218,3.61631,5.1921,3.31223,5.05095,4.84174
3.39643,3.90102,5.36825,2.50839,5.89821,2.53166,2.95986,4.50677,3.59324,4.34081
3.53092,3.35197,4.79429,2.74895,3.44334,3.96541,2.39185,4.00975,4.632,3.12925
4.01596,1.53374,2.7512,4.93698,3.54957,2.79896,5.1479,4.79291,4.19453,2.20043
4.97578,3.52632,4.95153,4.48986,5.84451,4.65022,4.67409,3.30476,3.12403,4.9194
4.63213,3.03175,4.21222,2.54725,3.32612,4.10807,3.93513,3.45295,3.93767,2.29552
4.21364,5.33415,3.65427,4.43152,3.14367,4.01872,3.68729,4.9917,2.78677,4.1969
2.81654,2.11536,4.32605,5.60048,4.60261,4.46741,5.1114,3.40045,3.78617,4.58588
4.25115,2.7785,4.92526,3.54558,3.12351,3.87833,2.95018,3.1441,4.27431,4.59052
4.02318,4.45433,2.72817,3.69119,4.76118,3.87961,6.03911,4.32799,4.23571,4.85468
5.15891,3.80368,4.03752,4.17822,3.66739,2.5844,2.89106,4.36684,2.72724,4.06419
3.9237,3.08478,3.96307,5.8139,2.53291,2.9568,5.67248,3.50598,4.68434,2.5922
5.17606,4.0682,3.19805,4.28126,3.6803,5.19524,3.39988,5.1944,4.65695,4.2838
4.66733,4.3364,4.66431,3.85702,3.78389,2.86535,2.55446,4.31225,2.3623,2.5086
5.94729,4.37216,4.00214,6.26251,3.06588,3.55145,2.4721,4.6685,3.71907,5.67306
4.59225,4.03457,3.10506,3.67966,4.13247,3.39443,2.71533,4.07548,3.12416,5.52474
5.17434,4.05207,4.36388,3.6161,4.13606,4.15803,2.74245,3.92552,3.92618,2.33186
2.21136,2.37354,6.05742,2.28862,3.77266,3.63955,4.25038,4.29012,4.09052,3.67045
3.54949,5.37481,3.81876,3.82092,2.90399,3.60237,3.07034,3.07713,4.47997,3.58749
2.99854,4.24846,3.94511,3.24692,2.71692,4.00457,4.87307,3.04976,5.28237,5.01006
5.39825,4.43608,4.6527,3.41562,2.93366,5.60845,3.1719,3.53913,2.99868,2.5539
4.83163,4.16114,3.18346,4.7453,4.17105,5.81821,4.38519,6.04522,4.50104,3.91671
2.98479,3.32841,2.28084,2.81604,5.12407,5.67149,4.2743,3.12364,3.24593,5.47059
4.50625,4.1839,4.52675,5.19,4.68151,3.52353,1.74843,4.20999,3.36227,3.77343
3.85072,4.56422,3.00417,4.06626,4.27629,4.33958,2.45966,4.7087,4.43285,3.58695
3.51774,3.35243,5.05057,3.30224,3.32052,2.74847,4.57997,4.33272,3.97882,5.69662
3.15034,4.89766,4.15177,3.57892,3.20728,4.82014,4.81208,2.63609,3.24461,3.68783
4.29835,4.11012,2.10802,3.61717,4.68112,1.99524,4.17372,4.85631,4.22308,2.96507
2.88961,5.35088,5.19565,4.84325,1.80902,2.7982,4.29378,4.91922,3.65423,3.62473
5.24925,2.43815,4.02513,3.95948,3.18548,2.7899,4.19569,2.94618,3.59308,3.38633
5.09602,4.31271,3.30133,4.62257,3.42558,3.29314,5.62543,4.0474,3.66155,4.82769
3.2548,5.09731,3.66868,4.27949,4.04952,3.30412,4.26846,2.77408,3.82327,2.06875
6.17519,4.35345,5.04187,4.79663,3.17464,3.21082,4.91212,4.32396,5.55102,4.9251
4.37678,2.94307,3.238,4.14144,6.31463,3.55406,2.38603,5.50344,5.22632,2.75543
3.74026,5.48613,4.10404,3.87609,4.64184,4.95678,3.90146,4.31024,4.83934,2.304
3.41761,5.43559,6.00667,5.73279,4.94815,4.90653,5.00262,2.67533,4.09835,3.38529
5.44774,2.98107,4.86416,2.54594,5.1093,3.39939,3.40831,2.54311,6.46675,4.59075
4.12916,3.8287,3.82496,3.12166,4.81953,3.98011,4.6227,1.56141,4.16991,4.84424
3.96138,1.56371,4.37178,2.12146,3.21087,2.96398,5.6507,4.1778,4.27621,4.22453
3.60773,4.25416,4.44924,3.81286,2.85435,4.08289,3.65041,4.46515,4.77519,5.00938
4.813,3.98911,3.10864,5.46128,3.36605,2.95987,3.49923,2.88284,2.75537,3.36989
3.11819,2.87586,2.73352,5.72208,4.95182,3.60116,3.86493,4.2886,3.72033,4.19555
4.69184,1.71562,3.13245,5.89747,4.69489,5.5926,3.00858,3.88835,3.62188,4.7069
4.4015,5.48172,3.21844,5.01671,3.50476,3.74845,4.38037,3.56093,3.35669,2.8598
3.9362,4.89336,2.29257,4.03232,3.09618,2.59896,3.71123,2.97718,5.15313,2.3422
4.36922,5.23531,2.69694,1.92444,3.49656,5.08309,1.4008,5.44411,2.5874,4.13107
4.16731,4.46212,4.12415,3.32833,2.65556,3.62867,5.48011,3.56372,3.6198,3.78411
3.16059,4.21916,5.69213,4.75918,6.17494,4.43132,3.65454,2.62638,4.21846,4.89267
3.49431,5.07085,5.18241,4.13098,3.97497,4.22903,4.51161,4.83818,3.72297,3.55726
3.35933,4.51036,5.22278,1.26344,3.38818,4.00591,4.48235,5.02308,3.33186,3.02175
5.10585,5.07084,3.52627,2.43567,2.77625,5.6335,4.80506,4.65833,5.15097,4.43467
3.97397,5.47484,5.3554,7.04145,3.97244,2.3932,0.883917,4.40116,2.89088,3.86693
5.02094,4.12336,4.43562,2.69272,3.31156,3.70014,5.4845,4.47881,4.40481,3.29698
3.39504,2.84845,5.08102,4.22312,4.9248,5.06459,4.22867,1.87175,5.40162,5.04231
4.88943,3.57605,5.15016,3.88737,2.66588,3.54043,5.20247,4.75921,6.03857,5.71725
4.13725,3.15177,3.54768,4.7664,5.75989,4.67577,3.52237,4.97033,3.54556,3.28238
4.59196,5.94209,6.33654,3.63693,2.89038,4.30875,4.32074,2.14067,5.0918,4.20462
2.68037,5.29555,5.28447,4.41222,4.18473,3.53155,2.29826,6.17367,3.02581,6.65406
4.83835,5.48862,4.15163,4.01985,3.45563,5.78476,3.65523,3.12299,2.08005,2.37683
4.99996,4.58555,3.79645,3.4091,3.5907,1.97223,4.64328,5.0466,3.33775,2.56967
5.59526,4.17944,3.05725,3.62457,5.17251,5.03629,3.19087,4.50683,3.70852,3.37478
4.28527,3.14843,5.05022,3.13694,3.88277,3.85112,3.99937,4.972,5.13184,4.39423
4.428,4.68545,3.7107,3.46923,3.9605,1.9587,3.68094,4.19004,3.95765,3.65747
5.82867,2.68245,3.6606,2.58334,5.27136,3.24984,1.77431,2.59526,4.22621,6.04199
4.70918,3.83705,3.71504,3.24184,2.52828,4.16187,5.5502,4.64132,2.38405,4.94491
3.36715,3.4133,3.66088,2.60026,3.90316,3.36057,2.89594,4.052,3.51082,4.11485
4.39399,4.42754,3.84957,4.20334,4.10348,4.1113,4.5587,2.44922,5.27822,3.97894
4.66513,3.00852,3.79099,4.34619,5.01707,4.17986,2.95933,5.36633,3.79184,0.834864
4.6749,4.25955,3.58814,5.32078,4.27635,2.99433,3.82964,2.27462,5.29922,3.89748
2.82158,4.45547,3.70377,4.02652,3.43266,3.97607,3.6558,3.9968,3.39519,4.71079
5.00979,3.82463,3.38958,2.73889,4.20465,1.61945,3.64328,4.33515,3.6438,5.42214
3.01485,4.12794,5.39871,4.23225,3.9576,3.48167,3.99634,4.67531,4.34824,4.60902
3.55879,3.70292,3.18149,5.04587,4.55948,4.31574,3.06618,5.30366,4.26816,2.93524
6.48378,3.40461,2.67395,3.19041,4.15029,4.46267,3.43935,2.0395,4.67299,5.4127
4.22693,3.26632,5.59633,3.35992,3.14177,3.55369,1.92624,2.95627,3.65665,4.20254
3.97466,4.32986,4.97644,4.68937,4.3651,4.97949,5.37371,3.16266,3.08878,5.82079
3.58353,3.80608,2.83001,2.6156,2.8587,3.93771,3.90006,5.71875,3.26475,5.26352
3.46591,3.42995,2.4807,2.58812,4.36113,4.35434,4.1345,5.72541,3.62246,3.70605
2.48626,3.7591,5.05208,4.37507,4.29934,3.99324,4.40324,4.21285,4.42525,3.5299
3.63997,3.21397,2.17749,1.56585,3.67318,3.49909,3.35792,5.08405,3.12849,3.92069
2.18324,4.74381,3.187,4.36083,4.14357,3.63976,3.99928,2.02628,2.26385,3.36049
4.61713,4.92751,5.43504,4.0145,3.50373,4.81996,3.58289,5.38718,3.10934,3.79281
3.81494,1.86624,3.91699,1.35056,4.50694,3.8084,3.7756,5.32033,4.2767,2.16788
5.08593,4.55473,2.97106,1.66914,4.06142,1.0966,3.17749,4.48738,3.63544,2.88586
2.69339,5.97,4.71582,3.57654,4.47929,2.40989,4.00457,5.5188,5.17601,4.89575
1.90645,3.98846,3.24847,2.64675,4.43236,4.37638,5.3626,4.18405,3.37095,3.23727
3.51446,5.64304,4.95101,4.30746,3.66802,4.38143,3.21575,4.20444,3.08585,4.20071
4.0274,3.73796,3.99503,3.22947,5.28632,5.12179,2.27584,3.80849,3.89329,3.87852
5.47996,5.22259,5.32766,3.85083,3.57155,3.81737,4.47729,5.85063,4.64543,4.18785
3.99845,3.07596,3.83471,4.20164,4.20626,2.33411,5.14901,3.55637,2.39396,4.32202
4.79529,5.02524,3.88372,3.45213,4.83102,4.39204,3.80089,3.99043,4.33668,3.7659
3.46797,2.12203,5.47239,3.91552,4.27241,3.51701,3.99989,4.16206,2.84481,4.11755
3.51278,3.44656,3.26493,4.16769,3.64427,4.65901,4.43342,4.47393,5.51607,2.35725
2.88884,3.50094,4.25627,3.9185,4.42801,3.51075,3.826,4.32913,5.91938,3.23078
4.4217,4.52255,4.32124,3.6248,2.84732,4.06325,3.85206,3.91715,4.36133,2.67001
4.07484,3.19416,4.06648,5.32254,4.20565,4.63092,4.06305,3.33122,4.49759,3.21849
3.34244,4.70072,2.70383,3.07379,3.39013,3.29019,4.37252,4.55844,5.33806,3.05277
4.73109,3.20446,3.96171,5.38286,3.09541,4.53933,3.27455,5.14552,3.24191,3.9504
4.6448,3.77161,4.41247,2.31946,4.30692,4.95381,4.14899,3.94204,3.64203,3.69425
4.47437,3.16006,4.27248,4.60789,3.7832,6.9202,1.25669,3.6596,4.04914,3.70556
4.65528,5.57302,2.90224,4.07916,2.48901,5.07256,3.88093,4.97836,4.7222,4.02697
3.73935,4.66235,5.0031,5.54545,4.88265,3.58523,3.04745,2.06207,4.29791,4.03961
4.20624,6.22045,1.60741,3.18036,4.24147,2.93289,2.34371,4.10449,5.15196,4.12138
5.01509,3.79548,2.40781,4.40834,4.57104,4.10742,3.63662,2.98131,6.05007,3.68241
5.58152,3.27063,5.91359,3.53232,4.2261,4.33864,3.23272,2.46793,4.62097,4.89296
4.73162,4.51396,4.76849,4.81085,3.05882,4.20119,3.76785,3.14422,3.84838,4.16592
5.16806,4.59548,2.65688,4.46109,4.77258,3.45805,3.15983,4.2309,4.14169,6.24575
3.38714,3.64444,4.0932,3.36947,2.65109,4.30575,4.54657,5.02436,4.21401,2.83831
4.96791,4.5288,4.93431,4.60242,4.35234,2.83839,2.9283,5.33957,2.70475,2.76848
4.21403,5.07751,3.81302,3.35105,3.17417,3.39464,4.86102,4.08307,5.36181,5.67551
3.5332,4.33442,3.46426,2.25488,3.19081,6.03658,3.78047,4.84881,8.43483,2.88675
3.87256,4.74297,4.95515,4.54411,4.18399,3.87208,5.0763,3.50355,5.04516,3.67453
4.27903,4.60857,2.84197,4.21402,4.22779,3.2542,4.57637,3.2573,4.53356,2.28413
5.84857,5.46336,4.83677,4.05754,2.453,5.03497,3.47276,2.95102,5.22757,4.59441
3.35868,3.26229,3.0533,4.14129,4.34236,4.62938,3.20002,4.86056,4.90627,4.03675
4.64643,3.9266,2.56164,4.59038,5.5159,3.82585,3.65957,4.15203,3.32345,2.79453
4.32663,3.19163,5.71018,3.56479,6.38796,3.90474,3.86904,3.77528,3.82226,2.34453
4.60498,5.57768,2.50368,5.38918,5.36279,3.14995,4.56246,3.15442,3.31239,3.36431
3.0459,4.68628,3.7502,3.4376,4.55806,4.80632,4.41332,5.58516,3.54303,4.88436
3.05801,3.34345,3.35561,1.51974,2.61627,4.98865,4.53723,5.0826,4.90332,5.14413
3.02209,3.69592,3.8259,3.5958,5.42961,4.78701,4.37401,4.69042,3.10604,3.76807
4.87902,3.55247,4.24347,3.10454,4.1257,4.86588,3.62396,4.64716,3.63216,3.22542
2.63759,4.83402,4.77706,4.24277,4.29456,4.79417,4.26914,2.73114,5.3422,1.96597
3.01723,5.84975,3.84248,4.0129,2.80928,2.12062,3.50136,3.37496,3.51963,4.85978
2.29454,4.24496,2.94032,4.23141,4.12156,3.00201,5.51327,3.6666,4.00115,5.0037
6.1608,2.75206,3.72741,4.57524,3.73415,3.89024,4.98185,3.98745,2.73289,3.30051
5.74048,3.79183,4.67584,4.97584,2.17685,4.29032,4.49921,4.46795,3.03121,5.49796
5.44658,3.85837,5.70415,3.70356,3.61044,2.80635,5.06324,4.08438,3.50254,4.0553
4.91632,2.55285,5.36115,3.18828,2.57621,5.96883,3.37752,6.05989,4.72229,1.93206
3.28268,4.67639,3.65943,3.32515,3.32727,2.58015,3.87887,4.39708,5.06317,3.65313
3.70904,5.42158,4.01588,4.56326,2.48247,4.38554,4.14967,4.06916,4.4788,4.61059
5.4041,5.8452,2.29414,5.653,3.74316,3.02066,4.34485,2.64661,4.54209,3.06704
3.48035,3.50831,3.39606,4.69142,3.63377,4.53795,4.20157,2.70061,3.39266,2.59324
2.65754,5.01435,3.90769,2.40224,3.79011,5.09165,2.85673,3.98069,5.71602,6.26038
4.57695,3.99884,4.01499,1.28764,4.18515,4.01568,4.18822,3.89965,2.14436,3.16894
3.37291,4.43028,4.4984,4.98015,4.41259,6.09555,4.30897,4.24925,2.51435,1.07471
3.83384,3.07881,2.67683,2.61682,3.60697,2.61268,4.02476,4.86876,4.01235,3.14852
3.55184,4.25113,4.39958,4.14351,3.87939,2.45199,4.31236,4.38866,4.81133,2.64155
3.35394,3.55698,3.20624,5.90091,3.73886,4.02453,3.06267,3.15201,5.21994,3.54179
1.46976,3.40263,3.49045,3.11408,2.74098,2.03245,2.50708,4.00022,4.51739,3.29838
4.80391,4.02451,5.32818,4.50319,3.491,3.95703,3.91567,3.59963,5.28908,5.10247
3.61525,2.39656,3.17262,5.07146,4.52542,4.4161,4.5991,3.23369,3.82228,4.92456
4.33915,1.95157,5.51274,5.35179,3.71384,4.88703,4.46677,4.68353,4.7145,4.07549
3.48087,4.22408,3.68313,3.71811,3.31312,4.83966,4.63488,3.60991,2.80434,3.79927
4.10953,3.37087,3.93271,4.38343,5.58994,1.50535,1.69226,3.38187,2.96158,2.33987
5.48394,5.78629,2.20703,4.54559,4.82196,5.76192,3.93202,2.23191,4.74711,4.25402
4.26161,4.93654,4.2018,3.03202,3.97097,4.47743,4.57175,1.84788,3.9862,4.6833
2.82624,3.16544,3.52926,1.97472,3.71028,4.92887,4.80326,5.24652,4.56382,4.68043
5.02909,3.68438,4.849,3.28291,4.25677,2.21951,5.15022,4.34678,2.58632,3.73491
4.47349,3.88443,3.38278,3.19849,2.72505,2.62596,4.05446,4.42636,3.4264,3.83918
3.47234,4.83469,2.09695,3.65875,3.82171,5.67786,6.30225,3.56886,4.10348,3.13784
4.21004,6.11528,5.08355,4.74886,5.71612,4.76657,4.2148,3.02189,3.81771,4.00138
5.26886,3.8409,2.68724,3.6222,6.07656,4.20937,3.84639,3.57154,2.65861,4.5146
5.31594,4.63724,3.2533,3.02058,5.08168,4.26187,2.96156,3.28977,4.36477,6.18075
4.19812,5.08271,3.41354,4.31764,1.9884,2.83458,2.03325,2.23799,0.527154,3.39564
3.69924,4.16119,2.89098,3.94009,3.78053,2.60767,4.63314,2.26641,5.45199,4.028
2.31313,4.81667,3.85934,2.22353,2.38266,3.74954,4.82902,3.66203,2.87609,5.17234
3.72629,2.65904,2.77202,2.97006,2.67246,3.40001,4.36284,2.77295,4.84428,4.97038
4.43895,4.3515,3.18156,3.43864,4.40227,2.30181,6.10863,3.39584,3.82854,2.80492
5.94378,4.49344,3.86792,4.25948,5.18835,2.3428,4.90573,4.44435,5.51256,3.95491
5.75279,4.15849,1.97535,5.82995,5.41287,5.29073,2.79703,4.30079,4.61235,3.69171
3.84951,3.5886,4.50183,5.1795,5.25581,3.23952,4.45443,3.55687,4.37479,3.68043
4.13612,2.89368,2.31357,4.6275,5.4539,2.63635,4.58874,4.18168,3.31112,4.05005
4.60654,3.19408,2.57026,3.75168,4.18273,6.24382,4.00629,3.7247,3.8573,6.56608
3.53927,5.76341,3.02606,3.876,4.47261,4.48076,3.22328,4.45908,4.35195,4.96721
4.51703,3.43808,4.03836,5.63926,4.78472,4.60531,1.96737,3.53054,4.59691,2.18389
5.72626,4.52844,4.97712,2.98616,4.72996,4.80372,3.58224,1.62503,5.03461,4.88849
2.60805,5.47678,4.28177,4.35374,5.29545,2.99365,3.82948,4.93786,6.10437,4.48256
2.39962,3.42877,2.2444,3.98921,3.24002,5.05237,3.08035,4.39931,4.03069,3.21663
5.15683,2.52086,3.89613,3.96757,4.51082,3.87327,3.23276,2.90168,4.61737,3.36077
4.816,2.26234,4.05514,4.46073,2.14438,3.07067,4.42217,2.2496,4.75927,4.66106
3.32667,2.4498,3.39425,5.22572,5.1444,3.32398,6.06503,3.42093,3.5518,4.84916
3.90978,3.50661,2.95952,3.71529,4.30286,5.13196,3.69272,5.35486,4.29168,2.9213
3.45917,3.175,4.26631,3.2909,5.19522,3.09835,3.31604,3.27664,4.61137,3.28345
3.2815,4.34429,3.33969,2.47121,3.88825,4.58969,3.24904,5.79901,2.5916,3.61371
3.51996,3.37862,2.84511,2.9181,5.71025,4.10073,4.73591,5.76325,2.14951,3.61767
3.60195,4.2513,4.21701,2.25517,3.2856,4.68116,4.82944,4.05637,4.9915,3.53546
2.81809,4.57972,3.57335,4.69603,2.92932,3.62215,2.84047,2.68643,2.39076,5.26292
4.77308,3.90174,4.6319,3.21197,5.27061,5.71305,3.62094,5.96048,4.32344,3.28966
5.3555,5.44651,4.56452,3.6124,5.04894,3.70621,3.74289,4.64156,3.2567,3.66287
4.02598,2.43744,3.11427,2.63769,5.59972,3.23313,5.35178,4.13206,2.72063,3.92615
4.43903,3.76894,4.40792,3.9536,4.94871,4.23228,4.45168,4.9103,3.42854,4.75504
3.63692,2.98424,4.37442,3.63689,2.96329,6.01942,4.53505,5.28546,4.51409,4.57534
5.13444,2.19284,2.4122,4.17771,3.35439,4.13675,4.29788,2.82442,5.50203,5.0858
4.86002,3.21318,3.62679,3.09903,4.13962,3.37818,3.29629,1.99033,4.5492,4.44874
2.89326,5.39439,2.73054,3.44906,3.69124,3.38202,3.4847,4.29645,1.16713,4.29772
4.53948,4.51771,4.46753,3.87022,5.75749,5.4431,5.08424,3.97151,2.98807,1.56631
2.94139,3.93372,3.49406,4.29359,4.95172,4.02583,5.56381,4.5724,3.48868,3.99456
3.12098,5.54558,3.36705,4.30099,2.21361,4.03343,4.48273,4.24112,3.05606,4.74917
6.58456,3.38124,2.89713,3.34164,2.99788,3.34529,3.99502,5.12239,2.34561,4.99824
4.19297,4.21722,3.42622,2.51446,3.58684,4.71766,3.22463,3.27518,3.56631,4.85731
4.16021,3.21432,5.09506,1.28493,3.17576,2.58455,6.15672,5.2538,4.1362,4.57471
4.84547,2.94562,4.61826,2.33015,3.62509,4.64612,3.51468,5.19212,4.15885,3.45671
4.66957,4.05308,3.39981,5.37826,3.53161,1.15244,3.63345,2.63956,3.86913,5.36539
3.72938,3.05367,6.29915,3.7832,3.04002,3.38913,3.26951,5.02166,3.68302,3.16953
3.57961,4.37467,3.37099,3.21649,3.86386,5.29669,2.95355,3.69055,3.99904,4.46979
2.75616,3.70539,2.15118,3.9285,6.16038,4.0437,2.82342,3.45159,4.94949,3.05007
5.77522,5.03271,3.44483,5.93102,4.10715,5.06096,3.26106,4.25141,3.53091,3.70346
3.96795,4.66731,4.23343,3.97019,3.03871,3.99099,4.17991,3.13394,4.71449,4.11811
3.55567,1.4666,2.9932,4.09708,2.35363,4.31426,3.04157,4.19051,2.90941,5.49771
4.57302,3.04883,3.00701,3.30186,5.61133,3.27098,2.86619,1.94764,3.32362,6.30427
3.5529,2.59811,4.6437,3.27945,4.66867,4.8516,2.94155,4.34701,3.16055,3.46592
2.42512,4.03014,3.34529,4.22344,4.28619,5.32458,5.20497,3.84922,3.28987,3.93468
4.58071,4.59362,4.81619,2.8528,2.40521,2.64464,4.13733,4.01195,3.35542,3.71632
2.85538,3.9954,2.2737,5.78544,3.40916,3.05053,3.7378,3.23731,4.78174,4.94197
1.69585,3.25739,4.04792,3.4239,3.33739,4.91172,5.38424,6.07963,3.83867,3.31023
3.82552,3.96488,4.6034,3.31097,5.97595,3.31529,5.47734,4.33397,4.90703,3.28623
2.93592,4.1439,2.30488,3.22822,5.04089,4.24646,3.20634,3.16706,2.60654,5.48219
6.28754,3.89743,5.68172,3.69428,4.37137,2.98337,3.57978,4.47397,2.76853,2.78358
3.84858,1.7932,4.54132,5.60423,3.56301,3.69087,2.46615,5.31605,3.72835,2.844
3.79134,4.65826,2.08993,4.01658,4.17334,3.87118,4.11254,3.66843,2.42959,4.9087
3.11482,4.55847,4.81108,2.52246,3.32029,4.54992,5.26572,3.60449,4.95417,4.88529
4.98553,3.56498,4.08991,4.62916,3.64555,3.90211,4.85344,3.61688,3.78423,5.22006
4.27087,2.55864,1.56538,4.10136,3.98396,3.7073,4.53164,4.40494,4.49716,2.73267
5.77666,3.75096,4.68918,5.61561,4.92247,2.84291,3.83098,3.44039,4.13399,5.34006
3.46726,3.06082,5.36497,3.67567,4.66857,4.43178,3.31604,4.31254,2.70141,4.62771
5.30369,4.0824,3.54509,4.27672,2.63195,4.53567,6.00377,3.6661,4.28388,4.61102
3.48853,4.07335,4.56738,2.57062,3.49484,4.79139,3.62798,3.56557,4.81797,4.78951
2.20434,3.42176,6.01553,3.12268,3.20375,4.39545,2.5203,4.308,3.117,2.58814
3.53557,3.71115,3.95342,3.90011,3.90152,3.3375,4.31277,4.19758,4.40515,5.63137
3.62524,3.74717,3.20316,2.04257,5.75141,4.3085,2.05275,4.21527,4.44123,6.08547
4.80789,3.64762,3.05716,3.1903,3.3548,4.01561,4.80071,4.36368,4.94268,5.42323
3.14373,4.30398,4.72322,5.3342,3.95171,4.72477,3.21607,3.01352,3.70218,4.52641
3.95927,3.04322,2.87054,5.07931,2.56155,3.94588,5.16541,3.38985,4.4257,3.72917
4.12986,4.28348,4.77671,4.42313,3.7279,6.03568,2.08462,4.11495,5.80691,3.7088
3.92461,3.68219,3.55468,5.46847,3.95652,3.52683,3.76663,3.34124,5.08762,2.45329
4.33695,5.0991,3.06499,3.69074,3.50049,4.47566,3.49645,3.31017,5.90944,3.16526
5.36495,2.9444,2.9115,4.79689,3.36473,4.90335,3.65446,5.17164,4.89419,5.95605
5.11268,4.36299,4.96562,5.33486,3.33753,5.49695,6.01213,4.51725,3.37957,3.0106
4.72985,4.53165,3.23521,5.89533,5.09675,4.72915,3.43354,4.61211,2.61265,4.6683
4.77262,4.29329,3.76126,5.82499,4.01572,2.61176,4.48994,3.39108,3.5792,2.57566
4.25339,5.37606,5.78849,2.46543,3.47495,5.57767,4.79563,2.44997,3.50228,4.05849
3.56929,5.16574,4.06575,3.72787,5.16088,5.0679,5.28573,5.0046,5.71398,4.86166
3.65863,3.86297,3.14551,5.3032,5.22694,4.71146,3.38602,4.86632,3.16223,4.67903
3.18366,4.8582,4.42648,4.45852,5.22484,5.58464,2.91353,2.1142,3.96244,2.80443
5.66757,2.48124,5.46921,4.37683,2.43699,4.4554,3.56142,5.42556,3.22573,5.09729
3.75053,4.47257,4.51319,3.43319,3.75673,2.47359,5.3713,4.2488,4.9851,1.03887
3.66133,3.02167,3.76269,2.20555,2.31431,5.14878,3.90117,2.34973,3.8295,3.68606
5.22213,3.43741,3.85823,5.02099,4.99498,3.12507,1.3623,2.83701,4.15276,4.80671
4.98483,3.69847,4.95011,6.36477,3.21285,3.66665,3.39773,3.01821,5.28648,4.29627
5.94353,3.16184,2.87212,2.13847,3.8353,3.6418,2.81893,4.19534,5.44597,2.15579
5.70446,3.12961,2.78554,4.84987,4.09747,5.23987,3.80912,2.28929,1.98188,3.92091
4.78764,5.16424,2.92549,2.86607,4.3236,2.78173,2.3109,4.93828,2.27012,6.27089
3.2338,5.60138,4.00364,4.23585,3.42425,3.88587,5.09741,5.21947,3.68887,2.75184
4.05999,4.78332,3.64636,6.34473,4.7878,4.10309,5.43237,5.70549,4.41768,4.17696
3.02844,3.68715,5.27351,2.91397,5.29611,5.5456,3.13456,3.5984,3.81024,2.74965
3.55502,3.43321,4.11285,3.94408,4.15658,3.27065,5.49707,3.66206,2.19807,3.35383
4.48313,3.88634,3.17719,2.9897,5.38215,4.45811,3.78753,2.43486,4.83054,3.37178
4.99,3.1573,5.15434,4.26355,3.29237,3.87234,5.91387,5.97255,4.11781,3.61237
4.46679,4.55646,2.50168,7.14919,4.33683,4.42608,4.72987,6.06107,3.48458,3.53421
3.78219,3.93127,1.8029,4.125,3.5231,3.8006,6.34096,3.19438,3.67867,3.79096
2.97301,4.71639,5.26967,3.61346,3.2528,2.65475,3.60785,2.78782,5.54458,5.4016
4.12427,5.36145,4.19571,5.08898,2.68078,4.53787,4.35474,3.98294,4.15666,5.17838
2.84913,5.64901,3.76833,5.19342,4.58509,2.97412,5.83103,2.21609,2.49594,2.78055
4.28538,4.00197,2.81296,5.85894,3.30684,2.18462,5.34673,4.50038,4.3799,3.52264
6.78343,3.92169,4.21355,4.96776,2.7667,3.17353,4.34686,3.92123,4.98895,4.59908
2.17315,4.55305,4.49406,4.38695,3.87052,3.5449,4.03771,3.26065,3.81289,4.54085
4.09695,2.35803,5.16895,5.01269,4.97597,4.52799,4.49751,3.82149,4.58694,3.02803
3.43078,5.41591,6.69409,3.08977,4.60829,4.99407,3.23574,5.18823,2.93238,5.16197
3.72482,5.39927,2.66618,6.61304,2.61285,3.34981,4.18872,3.93852,2.37275,4.57656
4.94706,4.32821,3.76249,4.81166,2.11115,4.74738,4.77047,2.85579,4.61566,4.80807
3.71354,5.05586,4.95592,5.6388,4.05753,3.91825,4.87923,2.4622,4.87164,4.78943
4.37784,3.9594,4.70782,2.95385,3.90336,3.24715,4.95351,5.99934,3.02172,4.18222
4.05295,4.09969,3.4214,2.84398,4.77041,4.34461,3.69538,5.75605,4.32053,4.81168
2.93497,4.065,3.85821,2.90822,2.84809,5.50098,3.21027,2.86633,4.21713,3.79458
4.65021,3.36684,4.67837,3.88556,3.31927,3.44044,2.73869,5.70271,2.79408,4.56061
