10
4.38515,3.96387,4.1655,2.93494,3.5793,2.5472,3.34075,4.19484,3.78553,4.77125
5.16245,4.9446,3.5702,3.99614,3.94101,3.55981,5.75504,4.40197,3.94708,3.30336
4.43351,4.00824,3.93533,3.05374,6.15772,3.17325,2.63971,2.98982,3.37831,2.80155
2.9526,1.68613,2.34204,4.41926,5.39053,3.8745,5.46678,4.02417,5.30073,4.44878
4.85858,3.68983,4.16312,3.40807,3.18509,1.656,4.73413,5.09083,2.847,3.09148
5.24115,4.20206,4.139,2.87986,4.49201,5.95894,4.18128,3.5976,6.49676,3.49385
4.10864,2.43253,3.36105,3.94217,3.76624,3.95603,3.7278,4.63268,3.03369,3.84316
4.37154,4.39897,3.17117,2.39988,2.67371,5.09695,1.81786,4.03583,6.0668,5.74076
5.2694,6.03532,4.14974,3.55172,3.1618,3.17818,3.49556,3.46139,2.8339,3.37307
3.36023,3.71318,3.92356,3.28449,3.62407,4.47318,2.87732,4.23513,4.59823,4.33607
4.72061,5.44752,2.26608,4.84577,5.14415,2.92489,3.92016,2.62334,4.43335,2.52709
4.33707,4.71458,4.45397,2.33626,4.80438,3.8436,4.82267,4.29524,2.91313,4.67046
2.89767,2.76375,4.00063,5.43034,6.28055,3.6329,4.43622,4.99479,3.25343,3.25945
2.94351,3.83353,1.76255,2.3572,3.90972,5.04314,2.72072,4.2851,3.99896,5.55278
3.41571,3.98109,4.71993,3.87322,4.16932,3.79277,4.66027,3.70666,4.13572,3.58898
5.048,4.35104,2.04227,1.64252,4.22031,6.32222,3.59998,5.10574,5.35625,4.54111
3.91127,3.57097,5.65968,2.7869,3.70524,5.00546,3.50623,3.51266,4.42825,5.45954
4.91297,2.95869,4.60069,4.61516,4.30477,4.82697,4.92677,5.78764,4.33219,3.18559
3.27406,4.3717,3.58416,4.00573,4.37192,4.72714,3.60931,4.40886,4.1486,4.12075
4.21943,2.80763,4.78757,3.74041,3.92351,4.73855,3.95774,4.15896,4.09605,2.20123
3.65459,4.94143,5.18726,3.06209,5.14134,3.02379,4.32884,5.00617,4.06513,3.80673
2.54432,6.98911,2.82015,4.39548,2.25166,3.61311,4.04236,4.99061,3.95278,1.84412
4.39863,3.35872,3.74558,3.40127,4.7342,5.24669,4.47659,4.96176,4.59646,3.95562
3.61373,4.73486,3.42276,5.63323,4.29847,5.45623,6.16939,3.18489,5.70883,4.18718
1.26881,2.17992,3.64311,5.0957,6.01369,3.69196,4.4864,3.53736,4.71663,3.10456
3.56602,4.50603,4.33416,3.59116,3.57215,5.64269,5.33251,2.543,3.00983,4.13691
3.69812,1.52161,4.13587,4.05559,4.21164,4.2428,5.33237,4.5731,4.84435,3.62252
4.47069,4.42588,5.19592,4.35946,4.51682,5.16538,5.44542,1.92708,4.24638,4.70519
2.62635,4.56789,3.31641,3.47878,4.16129,3.88935,4.46895,2.79424,3.69045,3.95993
4.3752,4.73586,4.1065,1.90645,4.27601,3.49667,4.67767,4.78459,4.45452,3.86717
3.30066,3.4511,4.09202,4.01248,2.90454,4.44789,3.79129,3.03952,4.98794,2.93758
3.64529,3.48591,3.93577,4.8747,4.28472,3.22093,5.95264,3.70683,5.15661,1.74701
4.55066,4.61304,4.29199,4.59543,3.98764,2.97372,3.59096,4.06192,5.48591,3.55819
4.9701,3.93859,2.60206,3.60209,2.74952,2.78671,4.36748,5.15962,3.92039,3.02371
5.0454,3.71457,3.68628,2.8698,2.22987,3.51095,4.46236,2.60542,4.61449,4.59844
4.08468,3.07548,3.82189,5.16953,2.44678,3.52768,3.56524,2.62747,3.19422,3.25359
5.01628,4.59937,6.25093,5.65338,2.46129,3.58219,5.38754,1.85946,4.87466,4.11044
2.67286,4.86859,4.62906,4.54671,3.52256,4.28666,3.46173,2.87893,4.02523,2.05397
4.1042,4.77935,4.06733,6.3893,3.42832,5.12255,5.43927,3.12152,3.27187,4.7424
4.35047,2.06609,2.4101,3.85109,5.94959,4.51102,4.77695,5.73135,3.69838,5.48015
3.87483,2.78354,2.54093,4.13626,4.39578,3.91953,3.58638,3.31473,4.03761,3.28339
3.81176,3.87767,3.79336,4.00702,4.67406,3.0542,4.6866,3.64864,4.71196,3.3179
4.74499,3.3733,3.66385,5.42327,4.52615,4.56555,4.29513,4.14584,2.54006,1.90026
3.33717,4.05813,3.27722,2.81214,3.31616,3.41307,3.91454,2.57519,1.78478,3.8882
3.6911,4.59992,4.03493,4.34759,4.31882,3.91255,3.31579,5.78746,6.5235,5.30198
3.46972,4.12302,4.17567,2.97454,3.88553,2.26278,3.20199,3.71933,4.49104,4.38937
5.30327,4.70331,3.70617,2.82551,4.30356,2.23811,3.8854,4.41355,4.7222,4.18463
3.92958,5.17541,3.31492,3.75821,4.70926,3.34654,4.7002,4.99377,3.81427,4.4811
2.78979,5.46247,3.84966,3.03369,3.08319,3.96769,5.95158,4.76646,4.86581,2.0634
3.9657,2.94928,2.78218,4.79707,4.4786,3.06812,3.55224,1.79473,4.54029,3.98839
3.70716,5.56558,4.32024,2.53749,2.98504,4.01084,3.08417,5.92373,2.31101,3.96833
4.71555,3.44115,4.84627,4.34423,4.73274,4.19637,3.75749,4.69126,4.46135,4.33124
6.39693,4.91786,3.01232,2.44512,4.09211,4.69922,3.42097,2.60788,4.72291,4.33373
3.97352,4.29902,4.86262,4.36033,3.62927,4.17356,4.03867,4.04927,1.31808,2.67405
5.67205,4.97445,4.62559,3.82067,4.50267,3.02228,3.40391,5.97626,4.00015,2.97844
4.92568,3.95145,4.73252,5.49008,4.3852,2.30179,2.10573,3.77421,4.7396,5.47012
2.46325,2.82393,5.09642,3.48946,2.17182,4.10238,3.53688,3.01726,4.74095,3.79251
4.53917,4.8399,3.59716,4.16064,3.52373,4.68075,2.06168,2.80179,5.51641,3.53216
5.34909,4.42042,4.3033,4.82287,4.30103,4.35816,3.75842,3.80444,5.7389,3.25076
3.33757,4.39322,5.17385,2.59639,4.74885,4.16944,3.49006,4.19839,2.69736,2.89576
3.54898,4.33966,3.65358,3.56492,3.88396,2.84082,4.96798,2.66418,4.45828,2.01371
3.23892,4.41121,2.73717,4.5215,5.3204,4.44033,4.92016,7.09363,4.30903,5.40448
3.30484,4.08792,5.03362,5.73496,4.02289,3.66061,3.81284,6.19301,4.98103,3.81725
3.36991,5.15742,4.64265,2.87366,4.38729,3.96074,2.46814,2.88079,4.67489,5.97872
4.92486,3.46925,4.58794,6.01038,3.37973,5.12796,3.22015,2.71385,2.26794,4.74769
4.65658,4.33001,4.36615,3.47636,3.5134,5.15096,3.30606,4.1041,2.802,3.49339
3.27736,4.6878,5.99874,4.25254,3.87549,4.57896,2.65262,4.88607,1.99,2.50491
4.89493,5.09325,3.97825,3.74026,2.25761,3.68483,3.15035,5.08036,3.62654,5.52067
4.28788,1.53924,3.85079,4.45635,3.89258,3.71316,5.92721,3.36277,5.67184,3.59969
3.60446,3.12898,3.98813,5.73734,3.75917,3.1559,3.35279,5.49003,2.41255,4.37637
4.22192,4.40116,3.90694,3.17903,2.38873,4.44021,3.82751,4.18991,4.67905,4.01562
4.55537,3.87004,4.136,5.79081,3.94255,3.79962,2.92507,3.38527,3.97777,3.43454
4.20769,4.94848,3.96081,3.18624,2.11805,4.1644,3.87006,4.04469,4.61406,4.93784
4.16302,4.05419,3.02197,5.01986,3.80459,3.09106,6.02163,3.85685,3.83291,4.31304
3.65821,4.02483,2.75003,4.92537,4.15511,5.45071,3.44185,3.29776,5.20745,3.60277
4.89488,3.03785,3.27387,5.88645,4.0098,4.18116,4.13335,3.42456,4.5893,3.72598
2.91909,3.47894,3.43019,4.37858,3.80671,4.09174,3.4701,3.68078,5.72343,3.89913
4.90847,3.70663,1.89187,3.71095,4.44405,3.37631,3.96867,4.91503,4.36628,5.3322
2.33057,3.92907,3.36077,4.1414,3.02734,4.879,3.69949,5.29117,4.62778,3.22132
4.3223,3.23569,4.87642,1.19955,4.93338,7.53957,4.55208,2.62143,3.79915,3.38239
4.55399,3.99125,6.48975,4.0605,2.57288,3.4035,3.40536,2.35704,3.46253,3.74815
2.69037,4.71096,3.46427,4.34864,0.738026,4.21622,5.40897,4.65722,4.83211,2.89674
4.86328,3.10754,2.70745,5.86527,5.13584,3.53184,2.89837,2.41771,7.93628,4.604
2.57151,4.48956,3.83559,3.49611,1.69772,5.13266,3.88785,3.80913,3.21315,3.18385
4.18268,2.96631,3.78183,3.25118,5.11846,3.76434,2.72034,4.99684,1.96465,4.35565
3.48929,3.50896,5.08361,2.1352,3.54821,2.89092,5.03926,4.00103,3.91326,3.57421
4.87222,3.01561,5.00842,4.43539,3.57013,2.25814,3.46388,5.0075,3.19715,4.2135
3.11866,4.86252,2.98689,3.59269,3.7137,2.84277,5.0159,4.36056,4.14843,3.83619
5.39467,4.28417,4.71954,5.16079,4.05231,5.79292,2.21089,2.79226,2.13154,6.21693
4.35233,4.20464,3.15595,5.42268,4.95404,5.77628,4.30104,2.68866,3.85051,5.45779
3.36148,4.03244,4.44366,4.07852,4.09345,2.00763,6.42265,4.55258,4.85446,4.12735
2.73873,4.68138,5.82336,4.2167,4.13686,3.27313,3.82943,5.24957,2.14799,6.44483
4.48512,4.59463,4.23677,4.82329,3.04621,3.65883,4.35292,3.90865,4.03474,3.72314
3.81269,3.47493,3.51303,4.83418,4.43731,4.86767,3.96894,4.96527,4.21493,4.1717
3.90022,3.76135,3.93062,4.30083,4.47577,4.17464,4.6819,3.44367,3.58369,3.26482
4.86676,4.89814,3.14242,5.62649,3.87446,4.05347,3.46041,3.52175,4.57618,2.04522
3.76713,4.38948,4.33163,6.18213,2.94937,3.3115,3.96335,3.42483,3.93171,4.27971
4.39977,4.27884,5.13796,3.7438,2.74203,3.86526,5.17472,4.7944,2.77142,3.71203
2.68911,4.95083,2.89901,4.40545,4.09234,2.43621,3.29238,3.46786,5.21419,4.04031
3.44674,4.18616,4.17171,4.55496,3.19324,3.65443,5.05335,4.85534,4.93161,2.15097
2.1158,4.00764,3.94336,5.38472,4.0081,2.63004,3.12247,4.86832,4.50598,2.80206
4.64103,4.2868,3.12419,3.91222,5.58072,4.45045,1.74181,4.46274,3.86101,3.18396
3.76897,3.92592,5.99822,4.02701,4.08326,3.79558,5.69492,3.20249,4.09559,3.55544
2.99859,5.79777,6.38734,4.32632,2.93356,4.04536,3.76508,3.28437,4.77582,3.31385
4.09122,3.80021,2.25466,3.64255,3.63506,2.71136,3.46546,5.94539,2.56226,4.32732
4.08594,2.7936,2.35697,2.9018,5.8568,2.92395,3.48821,2.5438,5.4201,6.22245
5.19385,3.57061,4.44246,3.08266,5.30861,3.73592,3.44021,2.46133,3.95304,3.64882
1.41582,4.05413,5.08652,2.38692,1.94939,4.68971,3.67462,3.73571,5.29817,3.38741
3.91286,2.98034,4.58292,4.60692,2.84631,5.45149,3.9447,3.85215,4.08356,4.2532
3.7321,2.99774,3.33779,3.42037,2.78699,2.96921,3.81281,3.54595,4.29393,5.21432
4.67084,2.89341,2.38438,4.26123,3.0444,2.51328,5.18041,5.62307,2.87974,4.74867
5.2356,5.83408,3.64739,3.73808,4.21236,5.9612,4.48415,3.92139,4.67002,3.6525
5.79106,4.26526,3.70549,4.74717,4.39507,1.81751,5.57373,3.05833,6.39506,2.89531
5.25607,4.26549,5.00196,3.81846,3.90226,2.60984,4.47016,4.89309,5.7066,3.0145
2.59668,4.6559,4.91422,2.28094,5.16659,3.49058,3.02785,3.14817,3.38627,2.64305
4.16547,4.57396,4.61503,4.13843,4.5325,5.16342,5.33525,2.09617,4.01137,4.64546
4.50024,2.19781,4.3232,4.66745,4.21996,4.22125,4.61599,3.19724,3.64887,3.28644
2.47715,5.6011,2.39267,1.84107,5.65183,4.83963,3.61538,3.81894,5.48515,4.013
3.51248,3.7031,4.54569,6.3744,3.20702,3.29524,3.6712,3.22858,4.19508,4.62502
2.85232,1.35362,5.51835,6.0585,5.71932,5.12916,4.82207,2.68597,4.13001,3.11159
5.28015,3.55019,4.31056,3.7997,5.12173,5.22189,3.83655,4.80558,3.65693,4.48099
5.44112,4.13481,3.2677,3.56126,3.49222,3.98954,2.23228,3.37455,3.28253,2.8056
6.19874,4.81674,4.04355,3.48691,3.03433,5.22798,4.90436,6.5854,2.05234,4.35219
3.72874,3.00842,6.91601,5.97296,4.85074,4.67419,4.23812,4.95428,4.68794,3.44676
3.15115,3.58472,5.01261,3.96608,3.02288,3.65096,4.59125,3.69202,4.95443,5.85216
4.97269,2.41387,4.656,3.30616,3.79647,3.6755,2.93451,3.8117,3.77324,4.62555
3.97493,5.7027,4.77837,2.82291,3.80289,2.55657,3.59214,3.3096,4.15909,4.74501
5.03625,4.57236,3.32858,5.19498,3.98289,3.11101,2.69293,3.16263,4.08486,3.99074
4.2353,4.39971,2.71441,3.70679,5.99519,3.99907,4.38851,2.70885,3.45937,2.71856
3.71678,3.27767,3.0086,4.70599,5.66951,4.012,1.38846,1.501,4.64847,4.39803
4.07779,4.02657,4.15909,4.83249,4.19879,3.75853,3.3667,5.6382,2.34751,5.98328
3.49181,2.46572,3.4508,3.06584,3.91346,4.57577,2.64301,5.33278,2.26098,4.19528
5.40135,3.43842,1.54728,2.01677,3.63902,5.50723,4.94861,5.67795,3.41145,3.52726
3.55409,3.89558,2.85283,3.73204,2.96568,4.72315,3.25932,2.78224,1.63384,2.95654
3.99029,3.64735,1.90579,4.68242,4.43544,4.91578,4.49258,5.16216,5.52254,4.1684
2.79629,2.63067,2.08192,5.12249,5.45639,2.33756,3.2558,3.88561,5.19274,2.65622
3.25719,3.83801,4.97166,4.02708,5.15422,5.55543,0.82855,3.77815,2.74256,3.77988
2.95106,4.0029,3.57026,2.96768,5.308,0.979594,4.51538,3.7668,4.69763,3.54365
4.56645,6.18252,3.72894,4.61268,5.04459,3.86629,4.34349,5.92029,2.18198,2.87328
3.75008,4.41201,3.49752,4.15416,3.64695,4.90055,3.66396,4.03405,4.68805,2.72386
3.29923,4.05874,2.70241,3.27562,3.90635,3.50096,3.82775,3.24205,4.89741,4.56486
5.34191,4.13126,3.14229,4.62312,2.09977,5.28365,4.7206,1.47243,3.63533,4.96479
5.03182,4.32189,4.9041,3.296,4.32941,3.85826,3.39076,2.6602,3.54835,5.20861
4.32193,3.22529,4.58058,4.12603,4.22012,4.69485,4.84858,5.21798,5.06071,4.95101
3.51564,4.2539,2.77004,2.92444,4.19274,4.815,3.89719,5.20995,3.32347,3.35592
2.90729,3.83559,4.39779,3.31559,2.63678,3.27904,3.72747,2.46713,3.15845,3.63603
4.98604,1.32016,3.00754,3.508,3.7226,4.3035,5.55061,3.6005,5.86041,4.52734
4.43499,3.71435,4.32107,3.03666,2.57403,4.82534,3.64288,4.3409,4.5715,5.47462
2.3319,4.86567,3.16343,4.96999,4.81711,3.55642,4.97584,3.67481,2.92386,4.51683
4.62013,3.82247,2.91197,2.85371,4.09253,4.13319,3.07198,3.79802,2.64717,3.68988
5.14673,2.78749,5.73477,2.80818,4.7029,3.75387,3.9424,4.5098,3.5166,4.50568
4.47557,5.07211,3.96509,4.09242,4.23911,2.11012,4.00774,4.84179,4.60823,3.82957
4.28809,3.33801,2.98137,4.77019,4.05712,4.71293,5.24959,5.27593,3.87551,4.27085
5.05307,3.7347,4.08714,3.61328,3.1032,3.32556,2.30201,5.39297,4.21919,4.19218
2.16293,3.12482,3.28081,5.04031,0.993072,4.33076,4.79459,4.04162,4.54947,3.69264
5.27187,2.83478,3.21561,3.12192,4.08276,3.71863,4.35138,3.08285,3.25785,2.74843
5.51026,4.78125,3.53494,4.67936,3.75223,3.73347,4.68566,4.82303,4.19545,2.90921
2.72537,2.88466,5.64417,3.95116,3.93578,2.8945,3.81683,2.72544,4.67143,5.48008
3.85162,4.33376,4.14267,4.63424,2.8042,5.12206,3.76585,2.36204,4.16255,3.50049
5.8102,3.90568,4.43595,5.09876,3.81279,4.79006,3.849,3.32203,3.1458,3.76667
2.5206,3.76983,3.14286,2.38798,6.28842,3.49655,4.29373,4.92733,5.35724,4.21234
4.70989,4.35485,5.38322,2.94473,2.86468,5.13346,4.71828,4.43643,4.04247,4.75538
2.33089,3.88449,5.07741,4.83048,4.27428,4.16642,3.98519,3.38255,2.89939,5.90162
4.68734,3.04024,4.51256,4.33481,4.63897,4.98794,3.60571,4.95986,3.0672,5.42712
3.12106,3.74111,3.7408,4.41452,5.3715,4.28957,3.66082,2.86936,1.9574,3.74332
5.33332,2.18408,3.65647,2.77599,3.56591,4.4464,6.09465,4.39371,3.69807,5.05671
3.76872,4.11333,3.86435,4.98865,2.65428,4.52711,3.47729,3.25332,3.57111,4.39721
3.61118,4.07722,1.80047,4.94563,3.78693,4.31466,4.07977,3.6791,5.59847,3.52535
4.27855,3.5739,3.01763,3.21212,3.36308,4.50202,3.38082,2.8898,1.70347,4.84261
3.4926,2.39636,1.91858,3.4838,3.14398,3.60945,4.47489,3.88296,4.42406,5.35466
3.84549,4.43093,3.90384,4.91919,5.4311,6.84561,4.90436,4.39359,4.82718,3.75035
3.63473,5.6159,4.00819,3.82112,4.87054,3.46981,3.8892,4.45276,1.43616,5.01959
4.33026,5.48176,5.02233,2.8244,4.08051,5.37692,3.21791,4.48535,4.53378,3.10271
3.25341,4.32119,4.12612,3.58463,3.80426,2.96193,5.01028,2.98719,3.27576,5.41524
0.921321,2.98329,4.34431,5.63056,2.83455,2.97032,3.01778,4.54402,4.85821,3.55942
2.58945,3.48503,4.0705,4.53372,3.45678,5.09156,5.48316,3.39399,6.02117,3.88363
4.75084,4.943,3.7145,4.84784,4.71884,3.36366,4.61433,2.10715,3.62443,3.9487
6.31025,4.38275,3.74784,5.10729,4.37729,4.23026,3.5083,2.52056,4.29393,6.36294
3.7604,4.32166,3.89092,3.73852,4.93697,3.63968,3.906,5.15956,4.02254,5.00515
3.09951,2.81443,4.44986,3.29167,3.61016,4.28693,3.598,3.00071,5.00804,4.26285
3.13689,3.85597,5.46272,4.07032,3.70668,4.42703,4.69329,4.21132,5.18196,2.01531
3.35115,3.45781,6.48173,2.31195,3.16483,3.31904,3.01771,1.46215,6.05613,3.16038
5.44285,3.75212,4.46797,4.55649,5.12249,5.16658,2.31991,1.50457,4.33759,2.75205
4.52413,5.33446,2.66458,4.05809,4.75074,2.27343,3.09393,3.06158,5.85907,3.95057
2.08942,4.14232,3.24956,4.61634,3.97042,5.73806,4.61386,2.40244,2.95486,4.92455
2.16676,5.10652,4.84933,4.37416,4.80144,4.71259,3.82768,5.01367,2.33453,2.90853
3.03308,1.85724,4.94699,4.60245,4.21517,5.07884,5.38808,2.55657,3.2722,5.98298
4.58924,5.2606,3.20469,2.25161,3.25086,4.42738,2.6456,5.58915,3.99893,4.11512
2.23437,3.60533,3.10404,3.385,3.29064,3.54931,3.44614,4.5623,4.34587,2.99414
3.91574,2.45271,3.08574,4.82847,5.46283,3.79821,5.8117,2.29601,3.975,3.47456
4.89649,2.59279,4.63084,4.6415,4.3798,4.15422,5.46125,3.42079,5.04165,5.0359
4.19564,3.39958,4.44543,3.25922,3.67601,5.3286,5.03481,4.64736,5.57009,3.46997
4.24958,3.74829,4.49709,2.18954,4.49558,2.96823,3.50249,5.58606,6.3014,2.76408
4.3601,2.02013,4.8418,3.82611,4.09237,4.46879,5.1416,3.94466,4.06535,2.3655
4.81886,3.81731,4.74021,4.64528,3.88735,3.51006,4.55127,4.82493,3.65421,4.74121
4.15519,4.0511,2.80626,4.8347,3.4456,5.35261,3.82404,3.59547,5.30942,3.25834
4.27954,3.42747,4.9258,5.52122,4.5552,3.80403,4.62749,2.17711,3.85233,3.90738
3.15919,5.1366,3.49894,3.68578,5.05572,3.57452,1.84806,4.15368,3.33826,4.82248
4.90615,5.61052,3.60231,3.94063,3.93371,4.09587,3.86536,6.90007,3.94217,2.78837
4.39456,3.44618,3.07905,2.95556,4.24219,3.98208,5.38665,4.64686,1.99847,3.77522
4.32945,3.55825,5.43761,1.75402,5.3358,2.77961,4.58196,4.52216,3.95446,3.49618
4.91491,4.61763,3.98695,5.31491,4.45777,4.1778,5.55866,3.85913,3.62982,4.61602
2.03235,4.98624,3.57852,4.43669,5.05823,4.44564,3.01569,5.47369,4.1068,5.45844
2.71045,1.85431,3.52523,6.22659,5.7826,4.09215,5.33243,3.35956,1.63723,5.50749
4.34806,4.37622,4.69584,5.0698,3.57254,5.66545,4.23398,2.9582,3.75796,3.85268
4.04146,4.8901,3.1408,3.93549,4.59354,4.25395,3.86266,6.20841,4.40719,2.38726
4.88224,3.17144,5.54794,4.9521,4.14995,3.24726,2.33173,4.81137,2.53953,4.49243
3.26913,4.69623,3.8545,3.07137,4.43164,3.10383,4.13846,4.23062,3.53144,4.19728
2.2794,2.59182,2.79589,3.01929,3.98552,3.94662,3.35467,1.93367,6.22422,4.1847
4.04633,4.43172,4.46889,2.91934,3.39584,5.10652,3.55855,3.89054,4.41401,3.43187
4.03406,3.80403,4.86612,4.24251,3.67732,4.85945,1.74833,5.07799,3.32576,5.27947
4.08098,3.22406,5.08495,5.15155,4.3788,3.69571,3.75205,2.43266,4.16865,3.78097
3.90379,4.74059,3.60419,5.07572,5.10741,2.2247,1.41682,4.08489,4.24496,4.98317
2.84935,5.20569,5.07072,2.89341,5.52017,5.15326,4.92884,6.54712,4.96638,4.0552
3.41904,3.26157,4.20368,5.71988,4.53743,3.76994,3.98367,4.35711,3.75033,3.11072
5.55338,4.2262,4.03696,3.61914,5.15001,3.20627,5.13505,3.48543,4.32215,4.54152
2.83649,4.73984,4.32621,4.76365,4.8827,5.99744,3.51198,2.84928,3.42398,2.32385
4.18249,4.25697,5.36163,3.24619,3.39987,5.59518,4.03892,6.35863,4.16792,5.43121
3.68574,1.74485,3.41775,3.83551,4.16079,5.85528,3.7913,5.03471,5.16967,1.92632
4.96601,3.23595,4.8226,5.4459,3.89956,3.54103,4.06416,3.1911,4.04282,5.08325
2.26185,3.48769,2.88841,6.144,4.31185,4.28312,2.53811,4.0374,3.21397,3.92183
3.29488,3.70656,4.86391,4.33608,2.86911,4.0374,3.28321,4.93145,4.71513,3.34559
4.11668,4.23892,3.76389,3.61725,3.36949,6.42245,4.8357,3.26402,3.89642,4.3113
3.6561,5.51041,4.15784,5.17439,3.1521,4.32763,3.09167,0.532921,4.08269,7.18442
4.78921,3.58827,3.30043,5.37514,2.30737,3.43245,4.57827,4.7557,2.51587,4.04603
3.48801,5.04617,4.11616,3.16032,4.16647,2.45116,3.90132,3.34794,4.46043,3.64009
3.31708,4.39659,4.44989,2.60216,3.44168,2.89638,4.57111,4.57475,4.77927,5.43625
4.60363,4.71224,4.08245,3.59681,3.76263,4.17578,5.8098,5.31238,4.3199,3.70951
3.79046,1.58178,3.8883,2.4297,5.61303,2.10435,3.43571,4.16142,6.49469,3.4771
4.97816,5.12461,6.56828,3.9187,4.72986,4.33894,3.50985,2.75978,3.64743,4.67935
3.36642,2.5961,3.6427,2.98477,3.2856,5.09613,4.10798,3.0958,3.12154,4.26265
4.34831,6.70851,4.92941,2.74495,5.69138,3.86902,4.05473,3.65262,3.86608,3.01577
5.99169,4.32697,3.24404,3.6092,2.66518,5.24828,4.70825,3.11171,5.42707,4.59005
3.06561,4.60796,4.34976,3.05069,4.43761,4.30569,4.54686,2.97286,1.39949,4.83782
4.14147,3.8119,4.96748,2.84023,4.95432,4.51396,4.1561,4.36454,4.83791,2.3702
5.01245,1.7987,3.01212,4.41382,3.2859,3.46617,3.92965,3.90934,4.95323,4.54227
3.67362,3.49725,2.72441,2.57253,3.66123,4.95122,6.65952,4.18618,4.55534,4.72878
2.82838,5.0151,4.00688,5.24659,5.61779,5.06291,3.54714,4.31657,2.54692,4.47924
4.3703,3.21317,6.12052,2.67759,4.39725,2.31189,5.89161,1.82546,2.79752,3.14718
3.78771,5.4533,2.97568,5.25889,1.23109,4.61201,3.73739,5.01718,5.33535,3.44227
6.00512,4.35441,2.68213,5.38007,3.67693,5.12379,2.98188,4.11694,3.77023,3.63602
2.44253,2.92361,4.81799,4.85602,2.98313,5.46209,2.72507,3.16455,2.71269,5.99546
5.0443,4.15282,3.90201,3.39884,4.6898,4.8629,2.92799,2.52744,3.39701,5.93148
3.94456,3.60367,4.1639,5.75897,3.45448,3.77689,2.19506,4.06144,2.55051,4.76531
3.55162,4.84118,3.93703,3.27567,3.69788,6.17689,3.57715,3.90593,4.58146,5.1802
4.35326,3.99579,4.43848,3.1732,4.94743,4.08301,5.22751,4.89921,3.51898,3.66576
2.91468,4.63172,4.1282,3.09786,3.97166,3.16151,5.38028,3.85249,4.974,3.91992
2.59627,5.26437,3.86216,3.12968,4.35151,3.02146,5.92595,3.86574,2.80725,3.90144
3.8377,4.18207,2.85607,4.09288,4.32159,4.09952,3.87584,4.90563,3.48778,5.0783
5.12503,3.55792,2.86907,5.00015,3.93975,2.77281,4.15252,2.81732,4.04225,3.89428
4.87096,3.93961,3.2369,3.77965,3.2239,2.21074,5.1651,3.16598,3.7462,3.15223
5.54851,3.87258,4.82753,5.94457,4.6294,4.57309,1.83078,2.2789,2.98522,6.54499
5.66076,4.08816,2.94346,4.62196,4.25489,4.86702,3.61324,3.11528,3.06408,4.28829
4.28397,4.65712,4.36277,4.35471,2.27767,3.65496,5.55781,3.71562,3.10209,2.39183
3.29287,3.50259,3.44873,5.3919,3.23848,3.24182,3.07486,5.02102,4.67942,4.43192
2.04604,5.03704,4.07756,5.98093,3.64447,4.02179,4.0058,3.57847,2.81349,4.6827
3.85991,3.56262,2.96089,3.88996,3.88632,1.85651,3.74883,4.25005,6.83826,5.01117
5.00217,4.45146,5.35161,3.06422,4.86167,3.26485,6.05823,3.55583,1.70353,3.89898
3.57482,4.91133,3.46132,4.93918,6.34673,4.12513,4.18414,4.63548,3.52641,4.0203
4.05233,4.3692,4.97952,4.05728,4.40295,4.00483,3.96389,5.01804,3.9592,4.65315
4.42015,3.23186,3.85071,5.33879,1.92346,4.43383,3.85988,3.867,4.78765,4.73171
3.53194,5.46017,3.54223,4.12683,4.54327,3.54652,4.64534,4.53059,4.65948,3.50324
4.90746,2.8116,3.3481,3.67475,3.38048,5.84159,3.65606,2.30071,2.8756,4.34832
3.85113,4.44205,2.53394,2.74348,5.2354,4.03511,3.07303,2.2544,2.71488,3.33287
3.92575,2.61913,5.44715,4.40779,5.15518,4.99511,3.64552,3.22214,3.51884,4.76371
3.93876,4.52874,3.44845,3.58776,5.32153,5.76478,2.98155,4.12375,3.61188,4.21304
4.57888,2.21501,2.91616,2.70585,5.99921,4.31295,5.65958,5.12047,4.40682,2.51854
4.54373,4.50558,3.2425,3.92229,3.06946,2.88883,3.0919,3.8191,3.65612,4.3575
4.29451,3.77813,3.44155,4.90206,3.51188,4.17792,4.27404,3.41619,3.78023,4.15837
3.23856,3.0904,4.71951,3.35034,5.02945,4.60572,3.2291,3.06636,3.96454,3.10398
4.52156,4.01961,5.5568,3.91593,4.2333,4.09905,4.81045,3.46765,4.34741,5.03276
6.01786,2.63977,4.46434,4.07127,4.55463,3.35908,2.57765,3.9481,3.60739,4.13405
4.18782,4.09202,5.28554,3.7034,5.74716,5.76102,4.99387,3.74142,3.24357,4.90359
4.5572,3.20594,5.07467,1.3384,4.02563,5.20926,4.12089,4.57778,4.2638,1.72827
2.97217,4.53306,4.28415,4.92062,3.09055,3.99726,4.57788,5.48388,3.65466,4.10309
1.48241,3.76799,2.72344,3.81544,4.10407,3.53324,3.41588,3.11975,3.18175,5.37767
3.95589,5.41341,1.99182,4.97292,3.65977,4.80123,3.43583,4.66296,3.16539,3.02911
3.97567,2.57178,2.9221,4.75819,3.90004,4.71015,4.92751,3.23434,3.36433,3.48432
4.32056,5.44116,5.06452,3.92729,4.21971,4.53752,4.47492,3.52446,4.75508,2.96156
5.73881,4.68304,4.89143,3.96212,4.38407,5.06908,3.38656,5.29081,4.80807,4.80993
3.49629,4.92583,3.75568,3.70906,4.3936,2.09506,4.45091,2.99468,3.57839,4.86351
4.50047,3.31769,2.68184,3.92547,3.82015,3.45301,2.89817,2.81828,4.68228,4.92209
3.58245,4.63388,3.91449,4.6724,2.61784,3.47909,4.63766,2.57615,3.16159,2.54359
4.41358,4.36524,2.42674,2.87507,3.59011,2.65172,5.00157,4.95146,4.24838,2.54669
4.37505,3.77011,4.21606,4.22446,2.51675,5.42247,3.28317,2.89225,4.46263,3.97132
3.12443,3.91458,4.81157,3.82385,3.65954,3.32204,3.22383,5.00564,5.11416,3.0025
3.77605,4.19123,4.16817,2.26835,4.34267,4.09134,3.43134,3.95043,3.72565,5.20535
2.95144,3.83042,4.29376,4.67291,3.06767,5.27248,2.91637,4.49894,6.67871,4.01082
2.83286,4.25388,3.33831,2.81124,4.0742,3.93281,1.72611,2.59161,3.82385,2.91542
3.13086,4.50373,5.26858,2.43809,3.04788,2.94496,4.26324,3.25066,4.78172,3.15503
4.40032,5.04235,3.47898,2.13336,3.73583,3.87877,3.06864,3.42818,2.22004,4.80988
4.93547,3.05446,5.45264,4.89601,4.65718,4.18875,3.40008,4.66599,3.7818,5.3567
4.4758,4.76897,6.82128,7.01926,3.06671,3.50664,4.86886,4.91865,5.02928,4.40051
2.27281,3.2342,3.00095,2.61453,2.77804,5.52463,2.52327,3.48306,4.57886,3.93499
2.58811,4.39243,3.78482,4.15939,5.14589,4.22498,4.80713,4.2142,4.72889,5.53682
4.09564,3.95567,4.16612,2.57063,5.76326,4.59455,3.7497,4.15527,3.59626,1.82792
2.66744,4.32777,6.14237,3.82534,4.571,4.81141,3.37623,2.97929,3.70902,3.32306
4.09048,3.59499,5.53435,5.65989,4.85662,5.884,1.68742,3.29176,4.65747,3.80842
3.00241,0.77309,4.50834,5.2574,3.37755,5.63398,4.09851,3.6542,3.91161,5.06143
5.96236,4.09705,3.60832,3.33601,4.33588,3.714,2.94392,2.65117,5.41756,4.10388
4.49865,3.15163,4.36304,3.03626,3.97902,4.44704,2.92348,5.45523,3.3674,4.80012
3.55885,1.86085,3.38855,3.4067,3.17162,4.72212,4.70251,5.22682,2.58175,1.67395
3.74304,5.08188,3.84191,5.40237,2.38561,2.73797,5.01105,4.628,3.02811,5.06212
2.95702,3.77626,4.64548,4.37941,3.43391,4.10316,4.3663,4.08772,4.80731,5.36533
3.60558,4.90216,4.77053,2.20593,4.21188,4.85243,2.51601,4.39067,3.7177,2.77356
3.32522,4.49948,4.14159,2.7287,3.94095,3.24722,3.57667,4.77859,2.57937,4.62304
3.3325,4.04938,3.36975,3.53627,4.55188,2.83693,4.17838,3.28567,3.98276,4.81945
2.008,5.55601,4.70423,3.61676,2.27985,2.68434,5.92612,4.62967,2.99147,4.16369
4.01953,2.45394,2.44802,3.73683,3.13529,4.15824,5.09682,3.66914,5.24954,5.14834
2.66591,2.7213,5.41296,2.05656,4.73841,2.70359,4.08172,4.42899,3.21381,3.19527
4.69555,4.31345,4.52149,4.07951,6.47735,3.10612,3.62942,5.37264,6.28838,4.13212
4.62619,6.87185,4.53539,3.99375,2.85419,4.36247,4.99245,2.88164,3.73652,4.53811
4.25585,4.69395,5.09256,3.92566,2.79084,2.83088,2.7953,3.19826,4.09533,5.14714
3.92204,3.92824,5.62706,2.77514,3.40362,4.45009,3.25855,4.70408,6.07121,3.75987
2.22554,3.64967,4.28331,5.23498,3.84555,4.33203,3.43856,4.15281,3.68623,4.38792
4.23269,2.96077,5.24681,4.77758,5.07389,3.44374,2.9144,5.39052,4.6624,4.26615
2.73545,3.63386,5.70047,2.82635,6.76495,4.3819,3.25677,2.23905,4.40797,3.8255
2.04644,4.18636,5.55861,4.98824,4.94917,3.79484,3.54249,4.0163,4.98095,3.51027
1.21762,4.64089,3.11757,2.9199,3.88353,2.31069,3.88979,6.63949,3.03586,4.4864
3.0477,4.19765,5.04765,2.4871,3.47937,2.99871,4.96966,3.71773,4.38431,6.13273
5.29698,4.9735,2.37468,4.67865,3.75411,6.74541,2.61098,5.83745,3.51495,5.08828
4.42005,4.98948,2.70633,3.57244,4.38631,2.93197,3.63602,3.37751,5.44689,3.40789
3.35176,1.97424,3.51729,4.56907,4.87698,3.87423,5.71506,4.43114,4.08325,4.25197
4.08236,4.7771,2.00668,3.89145,3.46952,2.82321,4.32722,3.01346,3.5879,4.70658
4.57515,4.94989,3.69975,4.43367,2.5636,3.68503,3.55113,4.56869,4.54987,4.46672
3.39239,2.98902,3.53531,3.83552,5.13615,5.46324,4.36483,4.18824,2.89998,4.78961
4.03376,3.22076,5.92373,4.13478,3.91744,3.98291,4.02527,3.0013,4.96905,4.24501
4.7405,3.86272,3.72208,3.4828,2.70296,5.447,3.93418,3.95541,3.7376,6.88844
3.41969,4.71011,3.93386,2.62529,5.75233,3.00897,5.20501,4.55906,3.3339,3.69436
3.31959,4.63403,5.70314,4.85343,3.98749,4.19196,5.79099,4.73804,2.8926,1.15256
3.68973,3.64311,4.1908,3.42148,5.64455,2.37942,3.38336,3.5089,4.34948,3.43289
4.15781,3.63498,3.81374,4.07932,5.06522,4.95564,5.47674,4.52202,4.53256,1.96118
2.80798,4.61206,3.39799,3.96346,4.04905,2.5478,2.55135,3.25207,3.57658,2.9489
4.00316,3.60801,3.90003,3.74464,5.94697,2.03715,4.55698,3.13342,4.39468,3.17832
4.67123,3.30186,5.34527,3.75512,4.53739,3.95575,4.5954,4.15396,4.87434,4.57239
4.57902,2.87486,3.6345,5.12222,1.82302,5.41419,3.46953,3.35046,4.41408,4.83746
3.32607,4.44473,3.15456,3.66606,2.08682,2.9252,2.41424,4.59576,3.50189,2.14876
4.05937,3.80421,4.46829,4.89345,2.94712,2.50631,3.90045,4.83231,4.0341,2.68558
3.9523,3.21148,5.24887,4.6762,2.35358,4.55343,2.59341,4.27,3.588,2.61378
4.94682,5.16782,3.41994,2.59908,3.17596,4.08539,3.76328,5.49181,4.69124,4.41102
2.64316,3.37699,2.6485,4.15428,2.1068,5.28211,2.73163,2.7549,5.24647,5.47738
3.39231,4.32698,2.5511,3.10172,3.94563,4.46296,3.96337,3.83361,3.5822,4.6928
3.91199,3.39665,3.58927,5.50893,3.3749,4.63794,4.68577,3.49945,3.79014,3.94051
5.22814,4.76824,5.43442,5.6026,5.08259,3.66295,5.50826,4.62019,4.14522,5.26721
3.65144,2.32305,2.5007,5.00047,3.74473,2.24298,4.82378,3.92444,4.35414,3.05978
4.15384,5.00769,2.37195,3.94689,2.69969,4.42248,5.08331,3.35897,3.43937,5.54314
4.49944,2.79602,3.25801,4.17328,5.63332,4.59593,4.07197,2.43841,4.45226,2.93105
5.63661,3.98569,2.92261,4.26111,4.74683,4.2602,4.86075,5.741,5.05784,3.79491
3.4865,3.12618,5.13076,4.75104,3.98309,3.33866,4.49561,4.47738,3.43488,4.5674
4.90975,3.88299,2.89608,3.43863,3.94478,3.49218,3.56791,5.00093,2.97702,3.43378
4.05755,5.46479,4.21328,5.7298,4.41591,4.80076,4.83634,3.11869,2.71486,5.28697
2.40053,3.13977,4.48399,4.71714,4.6579,4.52097,5.69243,3.32842,4.8031,3.62589
2.23749,5.00076,4.86142,3.94225,4.2767,2.54734,3.17853,4.47691,4.04061,4.60024
1.91278,3.59091,4.59849,2.3597,5.40463,1.86982,3.02169,4.46392,3.17586,3.43781
5.48904,3.31845,6.23733,2.56558,4.56079,4.08973,5.35252,4.1939,5.40443,3.45105
4.0282,4.14187,4.69037,5.42285,4.16955,3.72601,2.25121,5.23297,2.16449,3.18898
4.44976,3.77089,3.20786,3.03876,3.8571,2.99581,4.73536,5.98948,5.37842,3.03961
3.78557,4.44255,4.41206,4.31718,5.56342,3.1362,4.00529,5.90531,3.4577,3.73929
3.56171,3.6176,3.57999,4.71822,4.0333,4.85199,4.45421,6.44959,5.96677,4.75225
4.51635,4.27549,3.95778,6.35619,5.32663,4.1299,3.63989,3.30301,4.86431,4.36228
4.53975,4.29605,2.94869,2.60155,4.1083,4.2438,3.85576,4.34505,4.24694,3.55933
5.47179,4.59891,4.36923,4.75899,3.12952,3.57315,2.92853,3.93447,1.75066,4.34662
3.5086,2.92656,4.41315,3.26772,3.99424,3.42506,3.91006,3.14934,4.08889,5.29521
3.19872,3.80326,4.95784,5.20329,3.80282,3.78715,5.63253,3.22329,5.18751,4.10759
3.13971,3.89729,4.53124,2.09945,4.7473,4.94954,3.91627,5.75741,4.84333,4.42317
4.56029,4.12715,3.93334,3.63742,4.20001,3.11434,3.70266,3.97908,5.17624,4.83625
2.07305,3.52688,2.31227,4.32083,4.03373,3.93772,6.00839,5.58239,3.7595,4.48969
4.32331,4.35265,5.44004,6.36428,5.82136,2.80501,3.0162,4.10907,4.50339,3.56171
4.61144,5.33235,3.71995,3.45782,3.0758,4.46886,2.64537,2.77622,6.86881,4.09038
3.8367,4.16608,4.34556,3.04661,3.60291,3.35007,3.89564,5.48334,7.02155,3.16759
4.00916,3.67622,5.03874,3.94997,3.31033,5.40529,2.92295,4.35157,3.05924,3.79458
3.89592,3.35905,3.2022,3.6268,3.48519,3.03436,4.47679,2.97867,5.78716,4.34152
4.40017,5.75294,3.737,3.34621,4.54843,5.09232,4.51893,3.87432,2.63056,4.06047
4.15993,3.68839,3.67946,2.80702,2.42066,4.88126,2.50377,2.38293,4.63905,3.53464
3.62291,4.17667,3.41443,2.96174,3.47408,4.23482,5.34567,4.44231,4.72787,3.32864
3.61002,5.68289,5.59183,5.19484,4.89992,4.20585,4.44873,3.14867,2.4022,5.31063
3.23787,2.88486,3.75818,2.12952,4.50846,5.97105,3.11943,4.46325,3.6124,3.79235
2.9403,3.71701,4.80367,4.35317,3.64704,2.31148,3.25879,3.72305,5.07419,5.11165
4.57104,4.64253,3.21068,3.38327,4.80862,3.47902,4.02309,3.8896,5.86915,2.85579
3.22659,5.9317,3.84409,5.38157,4.62159,4.11418,4.87948,4.88595,1.58302,4.00185
2.97793,2.79747,3.66914,4.63682,2.8038,7.20156,5.56709,3.65929,3.7927,4.17963
4.61595,5.04706,4.27803,5.83693,5.09946,2.91255,4.20701,5.11033,5.21934,4.18665
3.98345,3.6017,5.16606,4.08037,5.42257,2.77307,4.90268,5.51541,5.17306,4.4105
3.22296,4.81896,4.42021,2.45167,4.10393,4.55306,4.19714,3.92039,4.55146,5.51959
2.93653,3.04691,5.77688,3.76057,6.14684,3.12881,3.59713,4.12562,3.60346,5.39413
3.11415,4.20904,5.10502,3.99254,4.24583,4.16987,4.02525,4.11395,3.97163,4.55011
3.8366,2.98551,3.453,3.09754,4.66649,3.49631,4.35437,2.81231,5.01318,3.22218
3.77615,2.61857,3.26894,4.3475,4.86249,4.17747,3.55929,4.34754,4.04413,5.13018
3.43537,4.99606,5.70891,4.37631,3.99359,5.79509,3.50926,3.87284,5.32114,1.58588
6.53308,4.93818,4.93301,5.72635,5.61897,3.87418,5.53081,5.90771,2.50422,2.86878
4.43566,4.11133,4.39152,3.78292,3.77894,4.56493,4.29509,4.07358,3.60308,3.95629
2.69312,4.06184,3.98067,3.56825,4.4786,3.31043,3.75669,4.82729,2.14018,5.19266
3.68766,4.56131,4.17556,4.90385,4.04167,4.7009,2.05662,3.66422,4.10229,3.70974
3.67574,3.23978,4.84962,4.86129,3.06951,3.79502,4.76542,3.95174,4.1818,4.20056
4.66768,3.44311,5.97681,3.78086,2.1388,4.51749,3.9143,3.25633,4.38009,4.60585
3.36006,4.39345,3.90788,3.52098,3.99757,3.51724,2.92688,3.51384,3.86179,4.718
2.34609,4.54998,2.98131,3.45285,4.17973,5.42104,4.52159,3.14987,5.36043,3.74846
4.36391,3.70723,3.14462,4.28414,4.67406,4.67631,4.88334,3.16013,4.46406,4.64725
5.81564,4.903,3.47162,5.09162,2.97873,3.81205,3.69552,4.33393,4.11004,3.50528
2.73715,3.82147,5.03168,5.48017,4.40362,3.66934,3.77633,3.62763,5.83725,3.82999
5.34608,4.67274,4.3627,4.20641,4.40238,3.46864,4.6713,5.11934,3.3843,4.59144
4.9708,4.93964,5.42595,4.3987,4.74802,3.87234,1.57651,5.49987,4.68946,6.2113
3.82917,2.66135,4.39569,3.76836,5.07185,2.70033,4.20296,2.05701,3.58061,1.89467
4.17009,5.07055,4.52245,2.6497,2.70572,3.32493,4.10832,2.8628,3.07898,3.40564
2.94881,5.06316,4.08731,3.51932,3.20574,3.42217,2.56698,3.78402,5.75866,5.00204
3.92082,3.89653,1.94972,3.64442,5.44716,3.67187,3.17227,3.2487,3.27619,5.24005
5.94052,4.371,3.78445,3.30604,3.87182,1.99839,1.84073,5.1336,3.62233,3.48517
4.49977,3.97639,3.23385,3.15202,3.29947,2.8567,3.99029,5.57259,4.33953,2.85782
4.27948,3.75989,5.01355,3.25564,4.27033,4.34854,4.48006,4.16318,3.70626,3.71094
5.2318,3.35297,4.75621,3.74406,3.24557,4.43016,1.9844,4.34705,4.1382,4.70717
2.55652,3.19255,3.4554,7.00831,3.88418,5.68609,4.10792,3.88287,1.73227,5.46716
3.83313,4.00936,4.31921,3.49022,5.11661,3.10703,2.65972,5.79431,3.06925,5.12
3.53208,5.90499,3.37034,5.42617,5.84471,3.95259,4.12784,4.60247,3.78377,3.19486
4.92908,3.92837,4.22171,3.39659,4.84263,5.05284,5.0093,3.10536,4.12548,3.73217
4.71747,4.1312,4.49806,2.844,2.86191,3.79104,5.16616,3.97898,5.09115,3.2958
4.5761,2.78617,3.74568,3.45025,3.75507,3.02454,4.1432,2.06768,2.93264,4.42359
4.94979,4.23022,2.24071,3.02817,5.35157,5.36292,4.34231,5.24571,5.07275,5.30541
5.14295,4.7122,2.08768,4.08392,5.17863,2.26656,6.43675,4.504,4.34569,4.00354
3.83917,3.78135,3.14608,3.73037,5.96974,3.6263,2.88843,5.91852,3.88244,3.12647
3.4018,4.08851,1.79064,4.16759,3.93117,6.01058,4.03139,4.61991,5.21596,3.246
4.11263,5.86855,4.51841,3.61188,3.59675,2.94049,4.63548,5.45235,6.67258,4.69318
3.95002,4.42701,4.66975,3.54722,4.89461,3.71474,3.06826,2.30668,2.7619,5.80708
3.63145,2.30401,3.4624,3.51908,5.42204,3.16169,3.49789,3.60067,5.01143,4.8371
5.55457,2.65545,2.68704,5.99091,2.72194,4.28017,2.00423,3.80265,3.85537,4.73559
4.46616,4.56767,3.69078,6.47953,5.42659,2.87075,2.77852,3.19069,2.43382,3.81898
4.04847,4.23088,5.06367,4.38991,4.36577,4.46263,4.12912,3.43091,5.27155,3.0631
4.49021,5.40715,3.34937,5.7647,3.6558,4.29419,3.61181,4.83839,2.14396,4.8525
3.72838,2.71307,4.23633,2.86724,4.3739,2.37024,3.81265,4.37298,2.9317,3.51979
4.30124,3.64721,4.96183,2.94813,3.88187,3.42789,5.06229,4.82437,4.5045,4.87703
3.45732,3.32708,2.87558,4.2659,5.49818,4.7945,4.5546,3.32133,4.22122,3.02729
4.79227,5.61112,5.658,4.37478,4.99658,3.45471,4.80595,5.27997,4.77761,3.58934
6.80019,5.02414,4.35468,5.25285,4.86868,2.53532,6.06013,4.98385,2.93936,5.43141
4.78014,3.7274,4.86134,4.76268,3.69398,2.92512,3.76672,3.97371,3.94218,4.49838
2.93704,3.98694,4.13542,3.48199,4.44827,3.1959,2.47541,3.92112,2.78971,1.96609
4.71645,3.58127,3.48306,3.32534,4.94441,6.22317,4.44802,4.25891,2.91994,3.5813
2.17808,3.92376,5.04728,3.06766,4.30534,3.1496,5.18002,1.59504,4.4274,3.859
4.48002,3.46383,3.56397,4.47562,4.46121,4.82458,3.98855,3.37702,3.58071,4.5709
3.6406,5.68991,5.03477,6.48198,4.85991,3.47019,4.14906,3.6298,4.55294,2.95118
5.17185,4.17019,3.04663,4.41015,4.26543,5.44572,3.4374,5.12239,5.54486,2.90423
3.27921,2.44017,3.31187,4.50716,6.38256,4.75819,3.83598,4.40333,4.56704,3.8162
3.64883,4.50064,3.42034,3.97457,4.99891,3.07943,5.88865,3.16618,4.83541,3.97682
2.9469,4.09378,4.80747,3.52675,4.25402,4.07852,3.75653,3.33624,2.75055,4.30781
3.01339,3.36712,3.25211,5.75724,4.48537,3.44366,3.57389,4.13691,3.352,3.43202
5.46126,4.58363,2.8505,4.1923,4.00243,3.53586,3.44457,4.05718,5.25419,4.00625
4.12196,3.91229,5.11842,3.80201,5.35674,2.30556,4.46795,5.36954,5.15062,4.21391
2.88572,5.90384,4.96473,3.8876,3.29264,2.82783,4.93137,2.97439,5.87031,4.74283
3.60127,3.79647,4.71658,4.7473,5.76048,4.58016,3.40701,5.25387,2.61754,6.41379
3.72685,3.81875,2.88696,3.75965,3.20562,2.7423,5.20029,2.68101,3.75328,4.40672
4.51186,5.24874,3.80796,3.29659,5.27339,3.53397,2.67491,3.64513,4.02955,6.10475
3.29055,4.872,3.94706,4.15974,3.70185,3.87701,2.68776,3.69442,4.03883,4.25213
4.80142,6.08745,3.83114,4.72191,4.51921,3.33223,3.31861,3.46764,4.23451,1.4433
4.08656,3.68351,2.25387,3.56518,5.12528,3.16435,3.97022,4.6081,4.54168,4.61691
2.85648,3.93151,4.09788,4.36756,3.28891,4.25626,1.45169,3.05894,5.6127,4.42959
4.45393,5.38059,3.877,4.25124,4.75058,3.34701,3.3051,5.11093,2.85984,3.04639
3.88696,3.83484,4.35725,3.85043,3.93791,3.12304,4.52422,4.06813,3.65961,6.27892
4.62508,4.32155,3.05899,3.87324,4.1307,3.75227,2.58631,3.95469,6.35469,3.97989
3.96027,4.47449,5.74887,3.09884,4.21631,4.16275,4.93155,3.67483,3.20378,3.20941
3.62457,3.57833,4.54147,3.89368,5.65387,3.28378,2.67028,5.20626,2.79665,4.20753
2.72993,3.84354,4.44491,4.70913,4.59901,4.38001,2.08766,3.1864,2.67492,4.24001
2.98333,4.84887,5.09335,3.95673,4.47753,3.17799,4.81625,3.38934,3.73974,4.28493
3.46757,3.00682,4.78611,4.10571,2.24113,4.05295,3.543,4.38332,3.27974,2.70552
4.12756,4.39837,4.76228,4.69342,2.72412,5.15779,4.4139,6.55793,4.04721,5.40414
4.17984,3.58163,3.94648,5.41787,5.78716,4.68928,5.33657,4.3586,4.40804,4.15353
3.29596,4.56964,2.59945,4.9626,2.35898,3.27385,5.26785,4.04776,5.08683,3.53645
3.12432,3.99387,4.08926,3.76438,3.32973,4.75083,1.82235,4.19928,2.47367,3.74305
2.37387,3.54256,4.03818,2.17759,2.37281,3.16334,5.17347,1.892,2.34369,2.6499
2.97254,2.77975,3.65458,3.21626,3.7793,5.19203,3.55097,3.39508,4.39322,2.38
3.64248,4.45111,2.81514,4.61026,2.69343,5.43388,1.84649,4.48578,2.79617,4.16793
4.3179,4.31388,3.3681,3.94935,3.59601,3.04734,4.63399,1.41096,5.45505,4.08492
4.67504,5.68273,2.9774,4.35863,4.34783,2.34003,4.80784,4.69526,3.53278,5.32032
3.79575,4.00246,2.78545,5.07578,4.36107,4.1541,4.55411,4.81074,4.48131,2.85535
3.03748,4.8392,6.2133,4.6241,4.57281,3.11252,3.61223,4.64751,3.64946,3.97538
4.25259,5.301,5.28778,3.15258,3.9157,2.99935,3.30417,3.64486,2.8812,4.4277
4.71328,2.90102,3.01591,2.86048,3.18749,4.00884,3.36081,3.89663,5.85907,4.6452
3.89352,4.40239,4.16286,3.71365,3.94052,3.82597,5.57427,3.20243,3.43811,2.53713
3.64208,3.45833,2.28637,4.47492,2.51175,6.18926,4.18149,4.23418,3.2018,0.95259
4.91942,5.05366,4.35427,4.73799,4.0405,6.00673,3.21208,4.53632,4.99575,3.65814
6.78446,5.36966,4.6624,3.02822,5.38616,2.21634,3.02435,3.46267,5.06392,4.75087
4.61716,3.1725,4.95754,3.88133,5.22462,5.49979,1.9949,4.28069,4.70562,3.35183
3.67868,4.33865,3.84801,4.63605,5.58728,3.73305,4.12524,3.98222,5.30542,4.50717
5.75083,5.99851,3.87825,4.12577,4.98853,3.2827,4.33541,5.45627,3.40348,3.22668
3.24205,4.48546,2.83963,2.85207,4.46355,4.49935,4.43779,3.5617,4.79168,4.86633
6.79664,5.80048,4.44888,2.58835,2.69397,5.76792,5.20532,3.10963,4.93241,4.34875
3.47961,5.75722,5.07135,4.54086,3.7372,4.14314,2.73459,2.20648,3.73972,4.04131
3.69256,5.46302,6.36868,3.75418,3.28388,4.50241,3.64348,5.46579,4.8555,4.82597
3.22272,5.10748,3.84491,3.37592,2.67093,4.75139,5.70134,5.26448,2.57415,3.62119
4.97037,4.04435,4.2841,2.8394,3.23066,3.00075,5.1954,3.80893,4.86059,3.44838
5.51024,3.65188,4.99205,3.66671,2.35493,3.29524,1.95885,3.77993,5.25297,3.58702
3.64255,3.95505,4.22701,4.92891,3.31019,3.5321,5.45407,2.0081,3.12429,3.23847
5.80695,3.18743,3.8052,3.29968,4.01919,1.19988,2.23172,4.60869,3.68512,4.32551
4.99891,3.65303,4.05511,5.83716,3.8068,5.20446,3.25806,4.29906,4.94455,3.64654
5.65238,4.1357,3.69133,3.81644,4.48143,2.39508,3.33096,3.0716,2.83798,3.94803
4.04689,2.9671,6.98029,4.86777,5.15435,3.79325,5.72883,4.06059,3.86087,4.25552
5.4703,4.61094,3.26008,4.0517,4.37397,6.04266,3.73259,6.37504,5.41368,4.18293
4.49539,3.83959,4.10565,3.16622,2.77767,5.2654,3.37095,3.52088,3.07619,4.09303
3.48604,3.33655,4.95725,3.00271,3.33308,4.09295,3.46886,6.0199,5.12011,4.08332
4.07649,3.65705,6.78663,3.20539,4.40366,4.81402,2.47314,4.25706,3.02237,3.59313
4.11472,4.42887,4.07703,3.48155,5.25434,1.95366,3.77869,3.64655,4.56953,6.65705
4.09796,5.39972,2.62421,2.46284,4.13135,5.10797,3.69811,3.00404,4.91071,5.03758
4.07112,5.39634,3.56951,2.3699,1.9494,4.22143,4.18492,4.64451,6.40664,2.16492
3.18134,4.76741,5.24812,3.93749,3.90789,3.6419,4.93625,3.84253,3.06188,2.16928
2.90576,4.16846,4.70007,4.82472,2.01921,3.83991,4.116,5.60394,4.15547,5.07307
4.16415,3.13367,2.88088,5.72051,5.75842,3.47979,4.27597,3.76486,5.51189,5.24182
5.00236,5.21067,3.51688,4.40419,3.05175,5.15826,4.20082,4.40785,3.94652,4.70474
3.17401,5.01499,3.60452,3.39485,4.0474,3.84768,3.42585,5.27021,5.45146,2.64687
5.45665,1.94146,4.19341,4.14087,3.01209,5.29019,3.79153,4.51095,5.03678,3.09802
4.95195,3.26797,3.69907,3.61344,5.17195,5.65457,4.52337,4.41717,6.26205,3.24109
3.33278,3.25646,3.88631,3.84332,1.88427,3.92025,4.0349,3.46741,3.46701,4.77292
4.86286,2.33745,4.47719,5.22353,5.22441,4.05443,4.5916,3.7361,3.48795,3.08734
4.88715,4.45339,4.367,4.16825,3.24431,3.46634,4.56034,2.69671,2.46034,5.17572
3.61356,4.07135,4.55896,4.29203,4.71106,4.0987,3.01151,3.99353,4.77867,6.42282
4.27789,4.006,2.30097,4.38959,4.74806,3.99479,3.26702,3.32587,3.72079,3.07059
3.00987,4.12547,2.67384,4.17066,3.74618,4.02942,3.07273,3.91528,7.08436,3.66173
2.14981,3.7539,4.44746,4.19972,4.4812,2.61527,4.12744,3.32143,1.79725,3.20216
4.55991,2.17874,4.70555,5.16028,4.44823,5.07815,4.33934,2.80343,3.99642,4.44578
4.3655,3.99269,3.96944,3.74801,2.76882,3.58104,3.93125,4.34246,4.53959,3.77618
6.36232,5.69026,3.03268,3.08421,4.36289,3.38808,4.73845,4.24463,3.32272,0.9882
4.47717,6.11831,3.67383,4.27298,2.53426,6.08195,3.49311,5.38103,4.01138,4.23123
3.92996,4.98685,6.85691,3.20382,3.26327,4.71292,3.50783,5.1995,4.81521,4.46997
4.11692,3.61076,5.24001,3.26389,4.43334,2.77502,4.40054,4.93592,3.64465,3.65892
4.61997,2.72726,4.41111,2.24287,2.27932,3.04205,3.84329,1.76452,4.29978,4.83374
5.61164,5.22044,3.43311,6.20822,4.92045,3.05306,2.97862,2.28586,4.71481,0.908476
5.26238,2.10011,5.07815,3.24102,4.93892,4.6812,6.42874,2.28649,3.47312,4.16626
4.05153,3.67104,4.72646,3.40068,3.69377,6.12589,4.25589,3.67971,4.37503,4.61352
3.48681,1.79844,3.31838,4.92564,2.53073,3.9303,2.46013,4.08788,4.21241,3.48815
4.05964,1.73081,4.13092,4.28329,3.35614,4.80863,4.9822,2.85838,5.09913,4.16557
5.0269,5.25677,2.70824,2.09126,4.73794,5.42986,2.84501,4.5007,2.80146,3.30134
3.84584,4.52151,3.15965,4.44056,3.75767,3.44621,4.93196,3.0985,2.86886,4.48006
1.85834,4.15696,3.81766,4.28997,3.02779,3.43355,4.92357,4.0644,4.17023,4.04797
4.96587,5.31365,4.29536,4.24055,3.67152,2.63862,2.74564,4.84883,3.72173,3.89676
2.8018,4.51181,3.84294,3.76795,5.29996,5.49258,3.77885,2.82972,3.84093,3.91683
2.85703,4.30151,4.28737,4.67025,3.30577,4.03053,4.99403,3.4897,5.13205,4.31744
4.2985,4.41479,4.72471,4.60966,3.61144,4.78946,5.40801,4.10169,3.39722,3.10263
5.33397,3.91025,2.85883,3.86637,3.46058,4.33538,2.94619,7.1147,4.70373,3.15614
4.01264,3.75746,4.18915,4.06462,4.62237,2.50451,4.67164,4.86384,3.34754,4.27079
1.73211,3.69937,4.63927,4.06314,6.35251,3.06483,5.11182,3.76636,2.86612,4.68774
4.96858,3.31686,2.02372,4.42681,4.33829,2.90352,3.46474,3.30208,6.27599,5.10753
3.81797,4.77941,3.76995,2.11368,4.63165,3.63007,3.11833,3.12889,5.56677,3.35872
5.38776,4.89054,5.58827,3.41958,3.26394,3.84164,5.12421,3.84699,3.43065,2.85537
3.16656,3.3543,3.34487,3.93475,4.62537,3.30161,4.06533,5.88075,5.87333,5.21936
5.43169,1.91539,3.31241,2.6629,4.12621,2.82608,3.29368,2.71481,3.6543,3.05573
5.35469,3.32365,0.75092,4.62625,2.70429,4.53214,5.87417,3.98283,4.15558,5.94601
4.51769,3.34184,3.03233,3.38917,3.68803,4.01839,4.181,3.96221,3.24419,4.37674
4.03264,5.66465,3.33727,2.96456,3.67045,4.222,2.45779,4.2542,4.36439,3.49392
3.55794,3.71532,4.06318,2.86759,4.93992,3.78706,4.00742,6.52336,4.51043,4.64569
4.22195,4.99689,4.26073,4.52629,3.45276,6.65873,4.39449,3.60608,4.97562,3.0716
2.44672,4.17066,3.83634,3.48185,2.99595,2.98507,4.19218,3.03739,2.89133,2.56481
3.77058,2.55767,4.16917,4.08233,6.26438,4.30018,4.34153,4.87279,4.39691,3.12807
4.25786,3.93282,4.22084,3.13773,4.77152,4.52088,4.86796,5.2715,4.05593,3.33917
3.43297,3.83726,3.12355,4.55533,4.80102,4.33916,3.79235,2.8173,4.69836,3.57407
4.49295,2.40562,3.49416,4.64576,4.19491,6.48951,3.41299,3.63533,4.45441,4.1287
3.92409,5.33877,3.90423,5.22912,3.31443,3.7066,6.11393,3.89279,4.41527,3.50957
4.2432,3.35264,4.57388,3.32421,5.58112,4.84137,6.19377,5.35329,4.78766,5.49911
3.62615,3.86203,3.34295,3.68641,2.67076,2.88559,5.03539,5.08497,3.87815,5.15892
5.36516,5.31991,5.08296,2.7685,5.13713,3.63898,5.22084,4.83386,4.8402,3.52523
2.4101,3.73785,3.2127,3.86917,3.52931,3.45457,4.76306,4.32766,3.41423,4.96568
2.71839,4.51592,3.45243,3.41799,4.7359,2.27077,2.60225,2.88894,3.15608,3.79783
3.27912,3.33556,2.94416,1.84556,5.62243,5.76443,4.46331,3.5712,3.35567,6.01451
2.22368,1.8467,3.44937,5.12898,3.33471,4.1491,3.19565,3.84664,1.6795,6.02638
1.57055,4.12835,2.18559,4.37726,2.30881,4.14892,3.98063,3.78298,4.41339,4.41876
3.01902,1.5819,2.8941,3.05287,2.56263,4.64261,2.88744,5.74973,4.02722,4.49315
3.81677,4.36014,4.23839,3.78128,4.58158,4.14802,2.00023,4.60444,4.51246,5.83662
2.81326,5.77304,5.26349,3.79925,3.10059,3.19899,5.31067,4.39596,4.12358,4.21026
4.23606,4.79432,3.97253,1.70744,4.79903,2.28711,3.87011,4.4796,4.46523,3.32476
3.76186,4.54734,5.86492,4.84683,4.68696,4.50955,2.05991,5.63488,5.38702,1.75827
4.60517,4.69893,3.10257,6.61889,4.25872,5.26214,4.05917,4.5851,3.99244,5.13439
2.55964,4.69948,4.39199,5.23684,3.86328,2.44669,5.03221,2.81584,4.54268,3.78864
4.12623,4.02397,4.12749,3.87811,3.56057,3.64481,3.62993,4.93049,3.79298,2.88493
5.7762,3.61422,4.95265,4.78533,2.0266,3.71862,6.20461,6.05469,5.70534,2.90586
5.28899,3.62992,4.40324,4.54858,3.9675,3.93973,3.77038,4.28011,5.13326,3.45379
3.83111,2.9022,3.54306,4.13052,4.52734,3.84959,4.90755,3.04646,5.69778,3.3143
3.47216,3.17554,4.41645,3.46757,5.0336,3.3009,4.84725,3.67173,4.61947,2.58553
3.57826,4.76459,3.86828,3.27639,4.68336,4.18531,5.64519,3.72218,4.05748,5.05737
4.93271,2.16427,3.2788,4.78505,3.4238,4.21847,4.46413,5.06883,5.05042,3.73736
3.1158,4.01246,2.51587,4.16455,4.24416,4.50488,3.70367,5.88452,4.0037,3.8667
4.77183,2.44912,3.01679,3.88126,3.71353,2.78228,3.70801,3.56881,5.6807,4.86794
2.80121,5.49623,5.02566,4.14966,4.25007,5.47725,3.66395,2.77381,3.0538,2.74366
3.70281,3.68807,3.23533,4.33809,3.1609,5.24052,3.51899,4.54934,4.26383,4.6241
2.72925,3.13527,3.54279,2.99156,5.8152,3.92335,3.75735,2.84985,3.16069,2.87587
3.74384,3.92072,4.60143,4.52919,4.22359,2.12491,2.68166,1.92416,4.91987,4.11168
3.99477,4.64992,2.99186,3.40114,3.40885,5.29945,2.70405,3.73266,4.3751,4.16347
3.53055,3.40441,3.21075,4.88237,5.75754,3.30321,3.83188,4.55972,5.37598,5.48207
3.4885,3.77636,4.07696,4.17882,2.53835,4.7221,5.89748,5.00008,5.45694,6.01374
3.58077,3.00455,4.08148,5.05948,3.73576,4.17414,3.64354,4.90393,4.58409,5.14362
2.87336,4.82061,4.12583,3.10461,4.47017,3.97332,3.49958,4.16425,4.20611,2.99588
2.95408,4.27049,4.54161,4.44286,5.82087,4.28338,3.82553,3.68797,2.6948,4.91634
4.62934,5.11043,4.26423,5.18432,5.0313,1.86291,4.52801,5.05043,3.65333,3.61893
4.66155,4.44438,3.88335,4.42925,3.8094,3.94932,5.26208,4.02464,4.81685,4.93304
4.7759,4.1458,5.24608,3.90867,4.11572,2.62752,2.80284,3.84137,4.6143,3.67173
0.389352,2.48512,3.55523,4.28475,3.58539,5.71407,4.59201,3.99645,4.48946,2.80988
3.79621,5.2303,4.66616,4.50481,3.30586,4.26219,3.95127,4.03168,4.55124,4.48699
4.20945,4.85825,5.06503,3.10236,4.73711,3.41831,4.04663,3.15982,3.37992,3.76251
1.63696,5.32807,5.42964,5.75432,2.57728,4.90681,3.74325,3.43952,4.66591,3.299
4.43941,4.80742,5.97804,4.34221,4.66757,5.77659,5.08228,4.97886,4.64863,6.02303
2.76334,5.36968,2.45557,5.28587,3.6109,3.89255,6.22583,3.59378,4.53996,3.56623
4.53906,1.41764,1.92846,3.12647,3.98051,3.26179,4.14691,3.42726,3.43512,5.51003
5.37186,5.27141,5.03547,4.22706,3.03833,3.94913,3.04082,2.20061,2.85248,2.77242
4.93205,5.3964,5.09767,5.43479,3.37462,3.50059,3.50952,3.78221,3.02151,4.55104
3.06595,3.46469,4.94674,5.58107,4.10778,4.21877,3.83134,2.84659,1.66463,2.34239
4.25631,3.2711,3.98802,5.0673,2.11294,6.42821,5.53961,4.25683,4.38978,4.8562
5.32639,4.18051,3.1152,4.49451,2.94989,6.05485,5.0106,3.52133,4.62224,3.29707
4.48209,3.60318,2.1169,4.30851,1.47769,4.08608,2.73495,4.52457,2.918,3.01036
4.74993,2.0751,5.24633,2.91678,3.44537,6.295,4.03099,4.52015,5.22848,3.70428
4.85773,3.02188,2.31297,4.18227,5.0044,5.16896,2.97796,3.55576,3.89661,4.40297
3.81684,6.92266,6.77458,5.82693,4.08868,5.02977,4.80666,6.05184,3.432,5.33402
4.8947,5.1947,4.11877,4.94009,2.44147,2.08877,5.31154,2.19058,4.87985,4.14252
4.44016,4.50475,6.30143,4.64576,5.20222,3.95009,4.87322,2.81036,3.46606,2.6717
4.35662,1.87127,3.31029,2.1853,4.41854,4.38004,4.97974,4.28088,3.24682,2.97698
4.60596,3.81777,4.12634,3.45633,4.96852,5.62206,5.57904,2.35645,3.6507,3.2057
2.87282,3.17061,3.82988,2.99725,5.02832,2.64776,2.0519,3.40867,3.86569,4.85521
2.75167,2.89557,3.2385,6.1815,4.95433,2.71218,3.75421,3.17915,3.12935,3.0202
2.22328,4.90935,3.40258,3.15727,4.24894,4.30498,2.55916,6.15355,4.69658,5.3213
4.24953,3.91555,4.61818,3.26656,2.32475,3.83833,3.26653,3.25848,2.92014,3.35747
4.41959,4.11446,5.0615,5.72749,3.73306,3.67806,2.56553,3.65386,2.28861,4.86173
4.34129,5.32711,3.94818,3.42951,2.98738,2.21376,3.60578,3.21764,4.72429,5.87996
6.13718,5.32504,4.50183,3.07475,2.30906,4.858,3.42654,4.64405,4.84694,3.86346
6.13606,3.68622,4.55448,3.26109,4.74509,3.84799,5.31037,2.56932,2.80798,2.36224
4.17664,5.70357,3.05323,3.11278,4.54371,3.93593,4.80269,2.4976,4.87536,3.01835
3.85304,3.92018,4.36199,4.73487,3.5056,3.57643,3.82231,2.36405,3.44585,3.57578
3.37914,4.87849,2.90977,5.38502,5.38796,2.65497,3.97788,4.68471,3.89376,4.20337
5.1059,4.7471,1.75882,4.2884,5.71399,4.55732,4.2471,3.14596,4.8727,3.27789
4.18773,4.66168,2.58878,1.65435,4.59589,4.17879,2.80566,1.88639,3.43211,4.4009
3.29287,5.50438,2.81218,2.59607,3.92356,4.2637,3.73277,3.5477,3.85091,4.86683
3.20541,4.94234,4.24118,4.30159,5.08342,4.17727,4.5392,6.16146,3.66484,3.79554
3.00903,6.71726,2.70287,2.99494,4.55612,4.80404,3.46247,1.90255,3.28824,2.11952
3.19392,3.88061,4.43602,3.93406,3.35871,4.57813,3.41669,3.54768,2.89679,4.3682
2.09336,4.63081,3.05069,4.51339,2.9447,5.10244,2.36012,2.9555,2.36565,3.57512
4.87019,4.23698,5.46515,6.03441,2.49635,3.95922,3.67784,1.76415,2.44887,3.49474
3.37452,5.34153,5.9924,5.48374,4.63444,5.121,3.87151,3.17031,3.60854,1.98932
4.58135,4.1642,4.46166,3.43617,3.41331,3.37078,3.5622,5.09512,4.37199,5.67896
4.62281,5.61111,3.87899,5.06961,3.73727,3.01928,6.14422,4.12702,4.16956,3.68239
2.59847,4.60666,2.45092,3.32042,4.53355,4.26924,4.67603,3.47849,2.16188,3.99945
4.79243,3.11183,3.07874,1.57949,5.22827,2.73828,5.30266,3.90068,3.454,4.74964
3.17555,5.83893,4.12373,3.68621,4.36135,4.76112,3.53818,3.99039,4.49405,4.19801
2.92787,3.97414,5.9763,3.3515,4.35993,6.05134,4.16009,4.35311,4.94917,2.94562
5.59748,4.82686,5.5977,4.10139,4.71844,4.06079,4.49821,3.75481,2.96366,3.75812
5.71664,2.89761,5.19838,3.54743,4.22883,3.7943,4.10801,2.43617,4.64241,5.07956
5.55816,4.06361,3.62326,4.10701,4.32229,4.51133,4.49595,5.03333,4.77342,2.81518
2.68636,3.18518,2.87061,3.57424,3.20075,4.65895,2.63099,3.53235,5.04897,4.60018
5.22695,2.20764,4.22366,3.49173,3.13943,4.88902,3.87675,5.32783,3.56967,4.33072
3.79217,4.52351,4.27386,4.64825,3.12988,3.55411,2.94134,3.25346,3.65027,4.7738
5.20335,4.36206,4.32881,3.84656,5.79034,3.13109,6.34645,4.3025,3.21374,4.98331
2.74996,3.80608,5.95844,5.0213,4.40062,4.01077,2.45712,5.00081,3.86012,4.89944
3.10741,1.24238,4.91741,4.51279,3.34861,3.97383,3.80208,3.6092,4.44177,3.93554
3.33091,4.12205,4.48051,4.5689,2.95372,2.99899,3.24856,4.88685,3.54172,3.74479
2.39014,5.20937,5.00881,4.15469,5.00993,3.35536,5.28281,3.52283,3.12688,4.42032
4.31687,4.36964,4.56206,5.00961,5.65508,4.09341,6.22831,4.77341,4.60579,3.5173
4.17739,3.70084,4.3155,4.26473,3.8687,4.44539,5.1135,3.00055,3.07079,2.92596
3.70846,2.19381,3.61845,3.43372,4.38899,2.59255,5.43678,4.47936,5.09776,3.51323
3.55863,2.73581,3.28444,2.237,3.9834,3.95804,2.25788,3.79661,4.00256,5.23148
3.60036,3.0463,4.30971,4.90191,5.78858,3.94026,3.07574,3.994,3.43349,4.13385
4.05568,4.85652,2.28359,3.03754,5.8314,3.52131,3.32188,3.43653,4.94586,3.12644
4.18432,3.04179,4.18116,4.02465,4.0013,3.98542,2.9877,3.14918,3.30505,6.06958
3.85497,5.2737,4.22134,3.78434,4.71313,4.51612,3.33695,4.21809,2.63056,3.92138
3.87966,2.15154,4.9877,5.34435,3.35703,3.84674,5.33912,3.6991,4.51474,4.43791
3.77725,4.14578,3.95498,4.33474,4.20693,4.1813,3.48448,3.39823,5.51894,2.9905
3.88147,3.98172,5.26517,4.31602,4.995,3.82181,4.01811,3.91456,4.48983,3.79187
4.44173,4.04997,5.43652,5.66323,4.86207,1.14911,3.8962,3.55814,5.18666,2.44395
3.87655,3.39885,4.26752,4.74597,3.51163,4.24663,4.95214,5.71238,3.79561,5.8397
3.91228,6.18521,3.41512,1.99621,3.67088,4.15465,2.89319,3.82966,4.37219,4.72625
3.89576,4.21226,4.87604,6.06661,4.03887,5.20685,4.22811,3.92795,3.23949,3.90439
3.36638,4.50378,3.85424,2.35411,3.27966,3.65741,4.34161,6.37333,3.55719,4.48384
4.32762,1.90548,5.14595,4.71008,5.33126,4.20908,5.85282,5.03186,2.56355,4.60272
2.56915,5.73015,2.19968,3.38924,4.97113,4.34909,1.93761,4.17809,3.83018,4.45861
3.29282,4.11589,2.9269,3.52952,3.65498,1.52801,5.31825,4.89168,3.63774,4.08502
3.54871,4.67489,5.26411,5.83317,5.33055,4.64872,4.49617,1.75261,4.24691,3.31168
3.951,4.51031,6.21978,3.73406,4.56362,4.33233,3.45298,4.55818,3.31545,3.81086
2.16657,4.09156,1.92664,3.24363,4.34338,3.19511,3.32341,2.04791,3.47125,4.76307
4.21408,4.64236,2.95605,3.54926,3.09654,3.7035,2.35611,4.53645,5.97858,5.61357
5.07775,1.95044,4.42912,4.26789,2.90968,4.24353,3.10034,3.8542,4.39308,5.33322
3.38847,2.95455,4.17571,4.15935,3.15415,6.16157,3.91291,3.49469,4.49074,4.86823
5.58248,3.49673,4.29304,4.09343,4.21059,4.11969,5.6473,4.85828,3.50374,3.82375
4.53095,4.70484,4.64093,4.53033,5.52426,2.56178,1.08097,4.21832,5.25343,5.17423
6.36592,4.8743,3.6919,4.97597,4.74645,1.24315,4.05606,4.34578,3.98542,3.90195
3.05885,2.435,4.35394,3.10938,3.55529,5.78703,3.74305,3.68981,4.57546,2.86441
4.41085,4.71246,4.83594,3.11023,2.72651,3.8346,4.68824,2.68184,5.44516,4.23414
2.97375,2.93014,5.56958,3.56513,3.52083,4.22289,3.16607,4.60395,3.06002,1.59655
4.30411,2.93723,5.13972,5.92397,3.9497,3.10102,5.30822,2.75312,4.13939,3.4558
3.18727,4.24442,4.3178,5.20547,3.00336,6.3923,3.53729,3.59391,3.36108,3.01236
5.47652,4.05659,4.72026,5.46165,3.8174,4.99609,4.24807,3.57934,3.64242,2.95521
4.17568,3.94967,6.12169,4.26372,5.47198,3.76635,3.42853,5.38388,3.85649,4.02102
4.64223,3.91239,4.85713,4.58001,4.53117,2.54564,5.14201,3.53092,5.82523,2.53572
4.20991,4.56856,3.5306,3.89181,3.12803,5.20007,6.27663,3.91337,3.1952,3.06978
3.93509,4.6268,3.65415,4.49034,3.81171,4.22109,2.40427,4.58326,4.17091,5.18201
3.87061,4.92652,4.53937,4.4724,4.03378,3.96413,4.40099,6.6738,2.41994,4.46507
4.0543,5.57979,6.1493,3.97388,3.74479,3.01216,3.54418,4.99855,3.64386,3.6269
3.67117,4.73126,3.28743,3.38032,4.10176,4.58396,3.3812,3.02899,3.83982,4.85776
4.45063,3.84312,5.28778,1.13771,4.47984,3.6064,4.43227,3.56887,2.96999,5.3815
3.92874,3.80089,4.55459,4.06627,4.51919,3.04368,5.46815,4.24106,4.67063,4.09726
5.28172,3.15239,2.83259,3.19813,4.64241,1.98759,4.3841,4.05553,5.69074,4.80694
4.86672,4.10127,3.80641,3.72885,3.89209,3.2677,2.8122,3.77887,5.78314,5.5007
3.79527,2.44923,3.70896,5.41711,3.12064,1.13412,4.89322,3.5889,3.0739,2.94564
2.95777,3.62813,3.65085,3.77926,3.67779,6.34351,3.46335,3.14859,3.64421,2.75954
3.56607,2.69573,5.06936,4.83107,2.94763,2.74754,5.22905,1.21383,4.14847,3.13102
3.33013,2.94964,4.60364,5.15553,5.37743,5.50597,3.409,4.67076,3.88953,3.73696
5.8408,4.63234,4.99623,6.98233,1.52304,3.5818,6.03607,2.88556,6.73274,3.02264
3.89429,3.4744,4.72605,4.0263,3.22307,3.61299,3.3773,2.90593,1.55243,3.19443
1.82761,4.02557,3.58816,5.00688,2.05218,4.97446,2.55529,4.48506,2.81225,5.00184
4.86994,5.73729,2.7221,3.18563,5.32991,4.09415,3.58527,3.59397,3.9768,3.08977
2.79625,4.63558,3.00853,3.24654,4.26047,6.0651,3.35307,4.57898,4.71666,5.24044
2.6206,6.06799,3.10434,3.50674,5.90259,5.26685,4.40894,1.96721,4.21693,3.59083
3.82125,3.79141,4.85671,3.12935,6.7073,4.5679,4.17043,3.60265,4.00189,4.13432
5.10515,4.78558,3.37387,4.45172,4.39543,2.01541,2.64818,5.27303,5.06227,2.59119
2.9285,3.67454,3.85163,3.26137,2.94322,3.79768,5.17841,3.86853,4.04657,3.73409
4.15669,4.98015,5.18089,4.13047,2.80945,2.74342,4.74002,3.55954,3.90702,4.80587
2.93781,3.79694,4.58924,4.55522,4.79612,4.33161,4.21413,4.29886,4.39938,4.93973
2.90351,2.51442,2.25173,3.48915,2.93665,3.12554,3.59396,5.48814,3.09241,5.14483
3.8191,2.97614,4.3395,3.97546,3.69666,4.90309,3.90872,4.20323,3.75835,3.00643
4.35191,2.88205,3.59054,6.51526,5.89745,3.30086,1.83259,1.75231,5.02947,4.06211
5.87911,3.17635,2.94103,2.7629,3.67505,5.73539,4.07293,3.36258,4.79819,5.18888
4.52327,3.93497,3.46009,4.88066,4.05943,4.71853,3.84416,3.64794,3.18146,3.84401
3.57805,3.28024,4.67294,2.6839,5.38167,4.17151,5.02807,5.24607,5.52206,5.06824
4.02319,4.24454,1.61267,2.1936,4.29504,5.29945,3.0337,2.29068,2.82625,4.66923
3.94063,3.09877,3.5091,3.49433,3.42137,5.33421,3.0796,2.65092,6.30659,3.40486
2.4783,4.93397,4.34736,5.45437,6.47962,4.16651,4.05114,4.00362,4.27198,5.88004
4.11099,3.55949,4.41889,3.5439,3.33392,2.44633,3.27712,2.0072,1.94179,2.17372
3.01277,4.81299,2.40261,3.4565,4.01913,4.86769,4.99,5.65698,5.05432,3.94771
2.97328,3.2279,4.58325,4.55039,6.81633,3.70165,4.17782,4.39582,3.91414,1.80975
3.34087,3.42004,5.34789,2.8507,4.20087,1.94778,3.20297,4.65995,4.91212,4.76448
5.15526,5.10014,2.80743,4.80441,3.36125,3.96414,3.30231,3.63905,4.01584,3.30279
3.3123,3.6799,4.72567,2.89211,3.48003,2.61369,4.53641,4.30141,2.94587,4.27955
4.55985,1.86918,4.1283,3.00951,4.41533,5.3344,3.83105,3.51045,5.21634,4.7044
3.45494,3.65637,3.4301,4.08764,4.67177,3.16703,5.19066,3.24825,4.00185,3.02365
1.76972,4.01155,4.66651,4.21468,3.43395,4.6564,3.93177,4.76721,1.83561,4.29408
4.01381,3.15785,3.78764,3.88711,3.6964,4.6941,4.48622,5.3968,2.51904,4.68343
1.62035,3.72618,2.04229,2.78555,4.0344,3.52552,3.99029,4.98803,3.1064,2.25132
5.0192,3.19117,4.75561,4.77509,2.69908,4.85663,2.98956,2.45654,4.45269,3.28655
3.82577,3.76982,3.43992,2.27137,1.81198,3.99223,3.17694,3.4992,2.90382,6.37679
5.5732,4.66513,4.62235,5.58802,3.6701,5.57411,5.11717,4.7901,5.07374,4.54362
3.96391,4.71204,5.77226,3.36087,3.40834,4.53036,1.29852,4.18015,3.15175,3.5879
4.38373,4.98581,2.5504,3.81818,4.95986,3.62585,2.81648,5.69193,3.59486,3.34321
4.48523,4.15068,4.3629,5.27084,4.48683,3.54577,4.77371,4.138,2.23317,3.36628
4.9347,4.20777,4.09607,4.05448,3.73989,2.81219,2.05575,3.87349,3.81432,3.65858
4.26216,4.75014,4.17786,3.95811,5.08801,3.7304,3.89764,4.66609,5.37418,1.89498
3.59813,4.79609,3.98429,3.35565,2.81717,2.23742,3.10766,3.11878,4.65218,3.82272
3.48805,2.77141,2.47238,3.31895,3.25991,2.08417,3.53186,4.19367,4.30444,3.96639
2.76302,5.41142,3.93387,3.66735,4.80039,4.752,4.23292,3.65809,4.90734,5.7367
4.70886,3.51723,3.215,3.71235,5.23962,3.27223,3.36946,3.1181,3.18037,2.10409
4.28701,4.90768,7.02545,2.97756,5.63621,3.14979,4.61527,3.47249,3.31905,4.66055
3.29013,5.98521,5.42045,3.05199,3.76547,2.71705,2.25541,4.34821,3.27864,4.92293
4.04026,4.71766,3.75534,3.69757,5.65324,4.27354,3.41005,3.65615,4.40773,4.16867
3.57531,4.93804,4.05872,3.33758,3.49281,3.74846,4.88674,4.7742,3.562,5.38876
3.36889,5.39775,3.18397,5.62008,3.94627,3.36196,3.96837,1.50407,3.8259,4.8429
3.49254,5.11702,4.36766,5.0883,3.70166,5.94979,4.68885,4.36062,3.14909,2.55313
4.77355,3.04288,4.60986,3.47885,2.18228,5.02596,4.07521,5.33084,4.7234,5.20562
3.53817,2.22597,3.49653,2.85742,3.83073,2.27131,4.96678,4.77713,4.28577,4.8219
3.48154,4.29753,3.27539,5.01119,5.46884,3.93384,4.47675,3.00451,2.58581,4.94267
4.46922,4.99301,4.12287,4.64353,3.48618,5.60647,4.51309,1.70489,5.27402,4.15365
3.99774,4.21223,3.91051,4.84295,3.64747,4.9792,4.32069,3.8863,4.17502,3.65645
4.65102,2.99818,5.15976,2.91137,2.25256,3.18385,3.32327,5.43758,4.95798,3.62241
5.04237,3.12148,3.49854,6.00216,4.38158,4.69276,2.86991,4.72347,3.73234,4.9197
4.55878,3.1853,3.73611,4.37911,4.34294,3.04937,3.83225,5.08929,3.055,2.84017
3.73699,4.0982,6.48743,3.90025,3.49181,3.34213,3.64299,4.85695,4.08691,2.71941
3.99451,4.03797,2.39323,3.95874,5.04203,3.03972,4.77549,2.63777,3.82792,5.4948
4.98882,4.16417,3.62102,5.48765,4.77529,4.69693,5.25893,4.58583,2.89412,4.10579
3.91322,4.42557,4.95851,2.84479,4.56565,3.4591,2.81572,3.19536,4.3283,5.32979
4.49213,3.94862,3.01163,4.65078,2.73311,4.69321,2.79082,3.18807,4.48759,4.49451
3.36422,4.90496,3.82545,5.34311,3.56502,1.723,4.94475,2.55646,2.25721,5.46882
5.43805,3.24234,5.20094,3.81051,3.56043,3.5223,5.91171,3.27349,4.65768,5.99818
4.35681,3.51054,3.84714,3.78764,3.67226,4.79237,2.25535,4.14622,3.03958,3.38764
4.73315,3.54939,2.61154,4.85164,3.81657,2.48073,5.0629,4.24474,4.67107,2.31866
3.54319,2.72873,1.79583,4.61283,3.62867,4.28905,3.72701,4.22069,4.01638,5.03103
2.91058,4.33171,4.59083,3.93786,2.9839,2.93101,3.15152,5.61172,5.31115,5.14649
5.35096,4.61363,6.10445,3.45513,3.91644,5.66072,5.3613,3.65694,4.3984,3.81147
2.17987,4.95566,3.78618,6.16503,4.17165,3.36934,3.55858,2.59538,2.98444,6.09506
4.3355,2.66698,2.66292,4.36994,4.62536,4.0587,3.0186,6.6117,3.50303,3.95416
3.29349,3.24025,4.09049,4.15217,5.53687,3.87737,4.08445,3.8137,3.48176,5.93789
3.97938,2.54038,2.71889,6.17277,2.46891,5.04922,6.07922,2.9225,3.61231,3.91746
4.54384,3.95082,5.02739,3.51224,3.77835,2.59845,3.59378,4.95851,2.64714,3.65525
4.29356,4.51728,2.29478,5.0537,4.46485,4.10951,4.69193,3.02638,2.78909,4.566
3.12066,3.8684,4.55417,4.32315,2.46735,3.98093,4.82371,3.74902,6.5695,3.45403
4.96748,3.60447,4.89775,3.54448,4.62016,3.80874,4.51014,4.27443,3.19144,3.35632
5.26363,4.56885,4.13033,3.95462,4.41168,2.81475,3.44031,2.22639,3.1499,3.32345
4.95835,2.508,4.33221,2.40886,2.61803,2.62689,4.52694,2.98264,1.76036,3.23541
2.61905,4.21386,4.93515,3.22064,3.93507,4.34656,4.51808,4.5453,4.26889,2.61955
4.76894,3.78309,5.30491,4.23274,5.08967,4.15538,4.03065,3.4842,4.05851,3.58811
3.40974,5.81775,4.30778,2.45388,3.22328,4.12872,4.47833,4.18924,4.4573,4.33635
3.51088,4.09613,3.20702,2.93211,3.83688,3.72063,2.85848,4.52059,4.58862,4.08292
4.63108,3.62758,3.27395,3.7428,3.55008,3.93758,3.93674,3.36287,4.00017,4.23247
5.99659,4.08429,4.13412,2.67596,5.14052,3.82849,4.37647,3.17525,4.70036,4.14764
4.88929,4.14295,3.30468,4.38713,4.99571,6.05115,5.02403,2.15977,4.52183,4.47059
5.21142,5.11404,3.23664,3.15598,2.87484,3.13218,3.73955,2.31248,3.97815,3.86588
3.36256,5.07602,4.77659,4.93187,4.91349,4.68719,2.08298,5.29705,2.09328,4.35266
4.27849,4.04104,4.30211,3.83664,3.54823,5.36589,3.91041,3.56632,4.60757,5.6673
2.74254,4.22575,3.86966,4.27472,4.89831,4.66539,3.95926,3.80186,4.05795,2.96354
3.48085,3.40149,5.08546,2.91164,3.66083,3.54491,3.02373,6.00282,3.39159,3.03546
5.31025,3.22681,4.20524,3.99808,4.27395,5.13755,3.90367,4.60368,3.38247,5.20046
3.97479,4.08187,3.79213,3.53789,4.56106,3.21638,4.53041,3.41757,6.14098,5.67465
4.81634,3.38976,3.42334,3.78971,4.50089,3.08631,2.07958,3.6401,3.45752,5.29925
3.86649,4.84281,4.33863,3.08326,3.25833,3.7873,5.14008,4.99749,3.54692,4.54122
3.46994,4.04814,3.0303,1.57693,4.66686,2.37146,3.96143,4.54296,5.73213,3.53363
3.55785,5.46363,4.06368,4.42752,3.50223,3.15304,4.65003,3.64235,4.34034,1.27986
4.02697,2.86484,2.97575,2.8352,6.49962,3.1804,3.83926,3.02171,5.01744,3.95785
5.10029,3.8024,4.66195,5.33131,3.06886,4.15618,3.05224,3.51083,3.58317,4.15551
4.08003,3.68827,3.88273,4.15504,5.16679,2.48044,4.00894,3.9886,4.21751,5.54013
3.98462,3.74893,5.27652,3.25527,3.20578,3.62252,6.20043,4.0898,4.01322,3.12997
5.09546,4.40052,3.52997,4.79892,3.52953,4.63161,3.87473,4.5705,3.42093,5.13854
5.67397,4.09134,2.86278,3.52683,3.15445,4.92972,6.01553,4.35445,4.35632,4.74754
4.1089,3.80967,3.04999,2.8052,4.42817,3.30046,5.43019,2.21147,4.93238,3.78397
1.96084,5.52864,5.21958,3.10712,4.71092,4.54082,3.40451,3.16866,3.96348,4.95326
5.45686,5.02759,5.49976,5.44149,3.36371,2.95589,2.89933,2.72139,6.07813,3.36577
3.18721,1.98156,4.41155,4.0131,5.08907,4.08376,4.31978,3.86005,2.37288,3.48505
4.45864,3.28887,4.61675,3.62474,3.79597,3.83571,4.95701,4.54964,4.54389,4.64311
2.58146,2.93666,4.80463,2.88636,4.72016,3.73845,2.68006,3.58512,3.05286,4.84883
5.04835,5.87392,2.28813,4.64512,3.9398,5.57413,3.32841,3.06765,5.05632,4.07015
4.68544,3.96708,4.19398,4.02667,1.89293,3.81387,3.02328,4.02938,6.49617,4.85343
3.96555,4.40342,3.57054,5.36989,3.48818,4.01889,4.89028,2.48302,3.33316,3.24289
3.24719,4.80247,1.84139,3.52208,4.41853,2.68413,4.34742,3.25553,2.89239,5.07779
3.91123,5.44463,3.5946,3.5744,5.08004,3.14215,4.32801,2.37535,3.27461,4.3104
3.60027,3.93564,5.00146,5.32007,4.29316,3.37881,2.69501,2.41589,2.60002,4.03315
3.32143,6.36242,3.16632,6.09794,2.74626,4.75612,2.84987,3.6749,2.40073,2.12287
5.3063,4.70628,5.80698,4.31437,2.20688,2.76303,3.56469,4.60255,2.79384,5.37404
4.98156,3.11234,2.24778,2.56074,4.06734,4.2537,3.21493,2.21438,3.56609,4.64297
5.869,4.6072,3.71522,4.95773,3.16793,5.38628,3.49803,3.92977,3.44173,4.60977
4.34926,5.18782,4.51436,3.22249,5.17094,2.93133,4.45884,4.07239,3.93393,5.3931
2.91724,4.51483,4.47129,4.63565,4.48157,3.03362,2.00972,3.46088,2.75985,4.38168
3.82807,4.87227,4.81622,3.9802,4.33536,6.29195,4.07796,4.012,5.4411,3.85183
3.24846,3.72531,5.39542,5.0923,3.82275,4.31134,3.84265,4.40991,2.69207,4.29273
4.11212,4.6963,3.15623,4.51174,4.22015,3.85826,3.72513,3.64763,3.93348,5.11196
3.84688,5.4505,4.86266,3.96198,4.53376,2.78425,5.5954,3.01772,2.01954,4.25538
4.33294,6.10407,5.4415,4.50995,3.11183,4.16957,4.3266,3.90074,3.66261,3.50726
4.16418,3.62389,3.39119,4.13796,3.82087,2.65631,4.74523,4.04463,3.70107,3.50851
3.67388,2.77331,3.55799,2.66301,2.64727,2.8023,5.5445,5.86505,4.73637,3.31814
2.08174,3.50608,2.6964,4.64885,3.8108,5.27822,3.90173,3.38587,3.87865,2.63565
3.12776,4.46722,2.49108,3.60381,2.00855,3.74441,4.80224,3.59193,3.86334,4.06944
4.89553,4.03785,3.66633,5.88005,5.94592,5.363,3.2793,4.581,5.84633,3.96269
2.5913,4.24931,3.29536,5.4421,2.92508,3.21284,4.35751,3.35825,4.00313,3.59793
5.0569,3.22397,3.09717,5.19253,3.3098,4.89026,4.4127,2.24204,3.28001,2.98921
4.52528,4.98899,1.97832,5.62483,4.83001,3.89313,2.89871,2.21839,6.47586,4.48516
3.91309,3.12201,2.47622,4.86879,3.73848,3.76633,4.86581,2.67988,3.05668,4.82914
3.12728,4.00618,4.21449,2.89096,3.21408,6.16948,6.42384,3.40071,2.32059,3.97577
4.23463,4.59352,1.74014,3.48083,3.91606,3.44667,2.91352,4.32273,3.57818,4.26634
4.39193,5.57828,4.06802,4.25399,5.06528,3.39839,4.78172,2.79113,4.28022,2.99016
2.64885,4.05997,5.39943,3.40635,3.39544,4.12071,3.62549,5.38306,4.41631,3.93816
1.91915,4.04468,5.16407,4.06315,3.2789,3.76145,3.84372,3.96309,1.72123,2.93163
3.44797,4.52138,4.29427,2.32087,4.79564,4.47512,5.39936,3.08251,3.91049,4.31892
4.54237,5.35242,2.01029,4.19284,3.67911,4.45099,4.47576,5.85763,5.13403,4.06136
4.00531,3.767,3.70338,5.91925,5.09996,4.64864,2.9105,3.05704,3.65176,4.46082
4.98293,4.23216,4.9205,3.68378,3.63944,3.66642,3.29007,2.57329,3.54138,2.85186
3.0076,3.59334,4.83204,4.72076,4.18056,3.05116,5.33575,3.98151,2.557,3.80448
5.0791,3.94509,4.16594,3.59723,4.4029,2.78123,3.5012,1.69239,4.48901,5.15857
5.3722,3.24927,4.58733,3.31404,5.90709,3.78897,3.18238,3.76645,3.23951,5.98402
4.73904,3.82091,5.06241,2.52082,4.04616,4.8999,3.29876,5.28974,4.44407,4.66317
2.74463,4.03752,4.47184,3.70538,6.30494,3.54432,6.1947,5.21136,3.31584,4.73325
3.68408,4.99789,4.51844,5.61753,2.21546,3.83984,5.70275,2.75446,2.65154,4.89855
5.39891,5.40897,4.28823,4.7972,2.74275,3.49577,4.04217,5.56471,2.964,5.31215
4.92542,4.65747,5.06387,3.28409,3.44752,3.57964,4.51318,4.24983,4.30988,4.58195
4.40598,3.01115,3.6913,4.46591,5.43968,5.14124,2.98099,4.60548,2.68945,5.12765
4.19266,4.54657,5.94231,5.27363,4.78008,0.996846,5.28795,1.18376,3.92492,3.32213
4.36407,5.28342,4.82281,4.55574,4.42126,2.53167,3.82331,3.15036,3.36527,1.96921
4.52555,3.08852,2.60683,5.03847,4.9266,2.78901,3.33736,5.03214,4.25516,2.4848
3.10295,3.40197,1.94753,4.3281,4.08886,3.04142,2.03298,3.99779,4.86889,3.92734
3.02957,4.14017,4.15265,4.08087,4.09945,4.9569,3.45258,3.41279,3.51791,2.20974
4.80777,3.72659,3.89909,3.0556,5.35228,2.84292,3.10633,3.45913,3.55351,4.2625
2.82081,3.64262,2.42979,4.88883,3.7434,3.92314,2.70457,2.46567,2.79519,3.28621
5.55632,4.78823,4.27965,4.17291,2.91737,6.58824,2.38672,4.06859,3.73431,4.98199
5.96887,5.17883,5.29911,3.33286,3.98246,2.15452,3.25222,4.57887,3.44,3.79936
2.90876,4.18914,3.24232,4.2461,3.83402,4.16363,3.41338,4.43736,5.55884,4.80573
2.73207,4.02765,2.67236,4.32602,2.88185,4.01835,4.41848,3.32251,4.67133,3.61596
5.35461,3.56515,3.62531,4.38692,3.94737,4.4425,4.26933,2.81382,5.9742,4.37006
3.86794,5.71063,3.12925,5.95603,4.14678,3.50869,4.54209,3.98719,3.67932,3.64144
3.79015,3.80804,4.10802,3.91991,5.82098,2.67438,2.20056,4.03542,3.43134,2.31853
2.35764,5.46831,4.21126,5.09212,4.14787,4.51598,4.48828,3.94719,4.23721,3.66774
4.2646,2.99477,3.33893,3.78506,5.31039,4.71301,6.31599,3.81111,4.22292,3.69852
2.64141,4.73699,4.1695,4.47081,5.43923,3.45744,4.26218,2.9219,4.68372,4.25655
5.42696,4.98147,1.53326,3.2425,3.5011,3.07015,4.17904,4.23935,2.6888,5.39337
3.81117,2.97056,4.05169,3.73319,3.54832,4.284,4.28645,3.27392,2.76975,4.82465
4.92071,4.68134,3.11772,4.1741,3.65783,3.90706,3.84523,5.10811,4.21091,2.11714
4.09658,4.71834,3.84451,3.034,3.57695,2.58647,2.99097,2.59091,4.99848,5.16673
3.74682,4.75226,5.08651,3.37597,4.97232,3.62789,3.73894,3.71955,2.63982,4.08676
3.65832,5.13864,4.24299,3.40246,4.01205,2.55904,3.69561,3.31538,3.87152,2.63398
5.82082,4.58725,4.40451,3.74932,6.19606,4.92555,5.60537,3.65357,4.90384,3.45056
5.16412,3.59356,4.63241,4.1221,5.85637,3.10221,4.37489,3.06075,2.84629,5.01666
3.6681,4.13625,3.94765,3.22378,4.44523,4.58081,4.68975,5.05954,2.37166,3.74618
3.84743,1.39763,5.26622,4.21302,3.31822,4.97298,2.56991,4.15573,2.95728,3.85764
3.28596,4.32364,3.84239,4.07873,2.91004,5.03384,3.33302,3.87437,3.77873,3.91794
4.471,4.44872,4.91045,3.77437,3.95088,5.16302,4.85241,2.98375,2.9193,2.55624
3.75934,3.848,3.74839,4.9126,4.98004,4.42576,2.93934,3.44279,4.70127,3.96932
4.26236,2.51494,2.82434,3.17635,3.99358,3.17876,4.1511,3.24962,3.10919,3.95833
6.2599,3.08729,4.10585,4.30781,4.49697,5.59443,3.7983,4.07208,5.64526,5.03001
4.21793,5.19215,3.22478,4.70757,4.55637,3.79306,2.05759,2.15354,5.45737,4.11879
3.04653,4.09947,3.68923,1.83897,2.6225,5.16718,5.09762,4.86368,6.18123,3.99113
4.31148,4.13382,4.07796,3.78088,2.502,2.89291,4.66221,4.38277,4.25827,4.90873
3.44058,4.1061,4.48896,3.74819,4.00039,4.28245,5.2257,3.40597,2.80904,4.89967
3.62087,4.21342,3.49525,3.05019,6.09048,3.53896,3.01832,3.6736,3.03252,5.83582
4.5278,4.5745,4.76568,3.4906,4.00751,1.87038,4.41538,5.02981,3.96248,5.19039
4.09379,0.951371,4.1475,5.87967,5.82135,4.08994,5.6196,4.06223,5.90485,3.34615
3.31713,2.51612,3.6171,5.06538,3.48705,3.64631,5.11284,3.59326,4.26182,4.78606
3.25036,4.75368,2.9637,3.46601,3.45568,5.92692,4.87928,3.67976,4.56082,4.92636
4.21913,3.48575,4.0831,3.13088,2.69041,3.57493,5.50474,4.78755,4.2628,3.56494
4.30281,4.75525,4.53655,3.37161,3.94499,2.82117,3.58173,4.51982,1.23675,4.94076
4.37294,2.67713,4.64959,5.14771,3.33287,4.84948,3.9739,6.45992,4.17011,3.95556
4.49179,3.63289,4.92436,4.60792,4.12693,4.00221,2.63811,3.77496,5.03691,2.82397
2.87006,2.70352,5.10073,3.31072,3.6443,6.06091,5.2574,3.2215,4.27804,3.42692
4.40079,3.51679,3.90572,3.73269,3.61536,5.82854,4.88265,4.63408,2.63287,4.17988
6.80509,4.71437,5.28661,5.13586,3.17532,3.43254,3.82018,3.38086,3.15471,3.11221
3.76639,3.53077,3.61694,4.60739,4.24948,3.7376,4.89418,3.00015,3.74975,3.02107
4.24434,3.03871,3.63112,3.96477,3.23974,4.20347,4.76953,4.01886,5.68004,5.14411
2.82751,4.37812,3.68531,3.92331,3.28599,3.22902,4.76153,2.7959,3.8595,4.53764
4.28949,3.17206,3.72562,3.94275,3.78604,4.13584,3.56936,3.06631,2.74363,2.81954
5.06766,4.35289,2.08088,4.33733,4.59312,5.20358,4.23603,3.77295,2.98929,4.33307
3.63654,4.09809,4.09749,4.16846,5.1212,4.21478,2.19433,4.7696,2.7766,5.39017
4.5779,5.30561,4.85868,4.90966,3.12331,4.87569,2.66671,4.60276,4.18174,4.73741
3.87922,3.87437,5.15403,3.05076,5.17004,4.18585,3.55341,3.1551,3.86356,3.17987
1.86531,3.69532,5.56827,3.60617,3.13036,3.53413,4.18191,4.50176,6.00822,4.07024
5.51696,2.89909,3.24488,4.47114,4.14283,1.45771,3.99618,4.05452,2.52632,4.23681
4.61872,3.16573,4.86412,6.06234,4.31088,2.465,4.08306,5.93662,4.63102,2.77553
4.35111,4.11079,3.25568,3.68678,4.17721,3.57987,3.42699,4.05077,3.87849,4.35675
5.81653,3.41794,3.29263,3.46248,5.71774,3.82392,4.06625,2.81983,2.6452,4.59487
5.5279,3.77435,3.66841,2.56823,3.17556,4.31576,2.61709,3.08599,4.14632,4.42049
2.79102,5.78478,3.40528,4.62766,4.49865,4.3339,4.4757,4.98574,5.01204,5.1156
4.09843,3.93134,3.41912,2.21899,4.49374,5.67743,5.30192,2.82924,2.58467,3.17634
4.93562,3.55665,4.33233,2.93969,3.42412,2.71957,4.47902,3.1113,4.85156,4.60737
4.34648,4.58051,3.37952,1.99858,2.60365,2.43734,2.51671,3.89734,5.59794,4.01401
4.64542,4.35628,3.09211,4.43941,3.32069,4.46159,4.54871,4.72137,4.00495,4.12651
3.52346,4.98058,2.96725,4.99691,3.38038,5.03293,2.35148,3.24217,4.14088,3.94892
4.86583,3.57046,4.8785,4.31836,3.9714,3.67257,4.19498,2.36884,3.26872,3.38846
3.73621,4.74844,4.33777,5.08638,3.07301,5.18027,4.21386,5.37321,2.98919,4.22371
3.4717,4.11378,4.1342,5.75465,4.72862,3.97411,5.56668,4.84733,5.32483,5.17862
4.86939,5.07319,4.16067,3.84873,4.30942,3.7005,2.64302,3.44149,5.37594,2.76741
4.3765,3.735,4.88121,5.48329,1.12734,3.88336,4.37027,3.30714,4.25408,2.66263
3.94069,5.37609,2.87353,3.24123,4.50943,2.84128,4.08532,3.19216,2.94211,5.39834
2.90073,2.48963,3.82753,2.99338,3.02326,2.91626,2.93226,2.60424,3.40647,3.00399
1.74402,2.90072,3.34965,3.68817,4.83153,5.6158,3.69212,2.2003,2.43602,3.78148
4.44964,4.19306,4.81941,3.24408,4.68399,4.93903,5.22756,4.2253,4.58224,4.73481
5.168,5.35488,2.54045,4.21011,3.18188,5.15891,2.85431,3.11867,5.99245,2.58414
3.0102,2.04146,3.46646,4.85088,3.20883,4.74706,3.35847,3.43682,4.89484,4.72116
2.79615,3.05129,4.93791,6.69568,3.78329,3.03488,4.55417,2.98944,4.52274,3.35294
4.89335,3.6756,3.80665,4.24217,3.28398,4.31301,5.73099,5.4181,4.39968,3.67564
4.37571,4.77897,3.28271,3.27885,4.8341,5.8076,3.34989,5.11168,5.07182,5.47948
3.32269,4.41207,1.83321,4.14505,3.70036,3.58048,4.53798,3.48592,3.27585,4.81747
5.09899,4.66733,3.94841,4.26792,4.13224,2.92364,3.53527,3.24149,2.60786,4.03986
3.79,3.5141,2.53684,5.03504,3.50091,4.91105,4.50174,4.50894,3.64117,5.90453
3.64829,1.25005,3.21382,5.88705,3.5352,4.53396,3.32761,4.69948,3.61276,4.82752
3.49126,4.53638,3.80376,4.8195,3.83385,5.10388,5.41242,4.14021,3.9118,2.26154
3.21975,2.83833,3.71749,3.37319,2.41493,4.00457,3.74759,3.53595,5.36239,3.48245
3.62239,5.3132,3.06977,3.12559,5.6561,5.03979,4.09732,6.10811,2.06755,4.23178
4.00842,5.30295,4.35897,2.86478,4.37228,5.3594,3.45311,2.82625,4.97859,3.66084
3.16634,4.77893,5.31641,5.03084,4.75933,4.31749,4.8518,3.95951,3.03402,3.3063
3.71721,3.93199,3.68809,3.83986,3.80954,5.71338,4.46707,3.24683,4.91286,3.73458
3.56551,3.98207,3.86456,4.45405,3.21356,3.11437,4.93339,5.19695,4.63029,5.07648
4.74475,3.92133,4.06534,3.95986,4.63361,3.79179,4.4953,4.48016,3.24736,3.69706
4.48179,4.32797,4.38307,3.16227,4.69105,4.86915,2.65718,4.13515,2.72589,3.9495
4.15855,4.64552,3.97399,3.90598,5.05857,4.38549,2.08898,4.70371,2.81965,4.41393
4.3958,4.33355,3.54706,4.23505,2.1567,5.31565,3.08687,5.26902,4.53337,5.657
3.6155,2.14323,5.42148,4.2885,4.63443,5.25121,2.74522,5.22943,5.16174,3.16357
4.70184,2.78696,4.17092,5.67847,5.44997,5.1365,4.90541,5.28685,3.3222,4.01638
2.73312,3.99452,4.93674,3.57468,3.71041,5.23545,3.61121,3.89525,5.06648,3.21507
4.56512,5.67136,3.20981,4.23999,4.44172,4.56692,4.11292,4.09057,3.6929,3.5667
4.1987,2.76509,4.44041,3.48417,3.30123,4.85024,4.48665,5.47861,3.19194,3.87068
4.25496,4.03141,1.93067,3.79221,2.32229,3.20631,3.84609,3.98309,2.55394,4.12521
6.6846,4.19489,4.0455,3.00288,4.51893,3.86712,5.70172,4.08856,5.11598,4.20367
5.49206,5.32732,2.78313,3.21097,3.99017,5.01282,5.00425,3.44138,3.33844,2.72296
4.43743,5.59214,3.73909,4.3102,4.18283,4.91746,1.1297,3.92313,3.30533,3.93695
5.13858,4.45157,4.3305,4.37096,4.21683,2.64664,3.82277,2.5794,3.70098,4.04191
4.386,3.01482,4.00419,4.06762,6.15132,2.06323,5.09341,2.30578,3.27642,3.5128
3.6096,3.24173,3.68437,4.68795,4.19035,2.80299,4.20745,4.06741,2.60232,5.36854
4.47013,3.73449,5.28195,4.47305,4.48985,4.47058,4.34635,4.62062,3.48178,4.58206
3.26191,3.12956,3.48708,3.67667,4.99427,4.01861,4.22039,2.60373,5.62613,4.29177
4.38417,4.70294,3.49552,4.36542,2.67752,3.77902,4.10952,4.00622,3.18874,4.42538
4.12162,4.38685,3.43473,3.39964,4.51662,4.39335,4.49078,4.31192,4.5398,3.46916
4.29709,3.99804,4.11692,4.9945,3.75313,4.59263,3.75386,4.25161,4.93206,5.17262
5.334,3.29273,4.8354,4.6608,2.73874,7.06333,4.58713,5.12385,3.6042,3.64631
4.33634,3.13469,4.32912,3.18264,1.5546,4.65156,4.75385,5.55824,2.79053,3.81825
3.9691,1.56196,4.7754,3.76351,6.10564,4.37106,4.2907,2.49747,2.80401,4.07963
2.77267,3.32734,3.09872,5.41921,4.29963,3.34186,5.69262,4.15074,4.67524,3.11106
4.05883,5.30327,4.62464,4.16696,2.55993,2.8345,4.33814,3.85977,2.88074,3.65512
3.50974,4.32346,2.92584,5.32918,2.88486,4.41587,4.56732,5.0382,2.42402,4.7592
4.1593,4.20781,4.42461,3.694,5.21367,5.48886,4.92351,3.55672,3.84974,2.55796
4.148,2.81939,4.21494,4.49672,4.33533,3.02491,4.34432,2.69128,5.41025,5.88474
4.29819,3.851,3.49348,4.96403,5.26738,4.21895,3.83709,4.0997,4.24279,4.32654
3.72589,4.91059,3.80326,3.97639,5.50299,5.15651,4.31253,5.14658,4.92428,3.11
5.44818,5.12082,4.67981,3.08498,4.11317,2.99893,2.86084,4.10533,5.13239,5.56672
7.23568,2.27674,4.8376,3.6268,4.54182,3.43206,3.29654,2.8536,4.89745,4.20932
2.96953,1.94279,4.07035,4.33749,3.667,3.79934,3.65848,5.45094,5.33086,4.4152
4.43382,3.18197,4.88529,6.20252,3.15112,4.52328,3.94804,3.43575,2.34167,3.45677
4.64731,3.36522,4.47018,3.38008,2.39033,3.43455,5.23243,4.07113,2.02336,3.04804
3.53509,3.23879,3.75001,3.90094,3.32827,4.63162,3.41703,3.47113,6.70176,4.52363
5.99638,4.69543,4.60141,5.42409,2.31387,3.10405,5.20737,3.26666,4.78513,3.30857
4.26716,4.47616,3.38546,2.87371,4.42924,3.53573,4.06843,3.61378,4.70679,3.66106
3.26701,3.24737,3.64399,4.02703,4.40037,3.20011,1.61169,3.86144,3.93497,3.21889
4.86837,5.26235,3.0563,3.5098,4.52001,4.40451,2.12686,4.09649,3.42677,4.80651
2.90559,6.23974,3.42544,3.50444,3.45325,3.17295,5.34681,5.0243,1.74409,2.99842
4.04221,3.43801,5.19586,3.86294,3.26557,4.35348,3.56655,4.06466,3.39356,5.51346
2.23515,4.4371,2.61618,3.44065,4.5003,6.12484,3.38578,4.16344,3.82693,3.67192
3.82215,4.04356,5.4765,5.2898,3.70328,4.57646,5.36092,4.3044,3.29795,2.65787
3.82708,4.30368,3.62214,4.48294,4.39447,3.60639,2.02002,3.75016,4.34305,4.06804
4.37124,4.63941,2.37248,5.03349,4.06726,4.54987,4.82771,4.08641,4.02837,5.52844
3.41074,4.70946,2.58848,2.72884,2.52523,5.25449,3.33572,2.67466,4.53775,1.19467
4.19244,3.73245,3.81795,1.84792,2.98118,4.94363,2.64888,4.00055,1.27393,2.63442
5.80953,3.56689,4.18272,3.77059,3.73834,3.04008,4.22157,3.37779,4.1941,3.26493
4.81171,5.22953,3.33628,4.7826,3.41495,4.93249,2.91345,3.3113,3.88858,5.03467
4.23812,6.077,4.49551,5.27519,4.03919,3.56741,4.98346,0.422397,3.31851,2.93077
4.22076,3.99727,3.68716,4.32076,4.832,4.46031,4.50484,4.57121,3.64255,3.49981
5.64431,3.78293,4.33559,3.15541,6.34932,1.96708,5.04409,3.84328,4.28027,3.57633
5.4132,4.0406,3.61563,4.68536,3.66983,3.38797,1.52567,4.69622,3.74013,5.66024
5.32173,5.86667,5.38342,5.62416,5.12541,4.91628,4.68847,3.71891,5.56966,4.2593
3.59498,3.92637,1.61713,4.41657,3.29041,3.96902,4.69536,3.00494,5.61733,4.74809
2.41049,1.43675,2.50758,6.33107,2.37872,4.88502,5.60222,4.94484,3.52132,4.15437
6.76785,5.15983,2.5389,3.0318,4.37178,4.12756,5.31746,4.6763,2.45293,5.40846
