10
3.85042,3.79235,4.74128,6.22181,2.58868,3.05279,2.3979,4.31643,5.70683,4.1297
3.22429,3.09735,5.28403,4.71033,2.06942,3.8664,3.43711,6.02723,4.74396,5.52302
3.552,4.72866,4.26535,3.78925,5.43478,1.04159,4.19915,4.31649,3.91918,3.37763
5.27637,4.07456,4.4795,3.90975,4.35063,4.58321,4.4181,4.17869,3.25323,3.08361
2.66439,3.13863,4.52232,3.81016,5.37938,3.40501,3.35133,2.17385,2.68939,3.27996
4.05393,3.77012,5.28322,3.98686,2.88572,3.27042,4.03569,5.67762,5.63606,3.47723
4.68917,3.77452,5.54752,3.58656,3.81384,4.71789,4.73969,1.81426,1.1944,3.01715
2.14682,2.46242,2.48317,3.48495,2.6877,4.57185,6.63743,3.60747,5.12145,4.4529
1.82376,2.98634,3.60385,3.07521,4.45748,2.93769,3.66782,3.42974,3.75539,3.92826
5.57059,4.40536,3.42546,2.37463,3.96501,4.55004,4.49625,4.9289,3.29357,4.03436
3.67893,4.54909,1.67053,4.00322,2.40701,2.11342,4.67679,5.00577,5.36632,4.69892
4.80966,2.99417,3.0189,4.20625,4.2182,1.68225,5.25303,3.18961,3.35551,3.77014
4.32748,2.93169,4.3852,3.30481,2.40512,2.89706,4.57318,4.44915,1.75435,4.94975
2.53043,4.53031,1.89249,5.10151,3.01133,4.45722,3.30242,4.16405,5.16135,2.36116
2.27793,2.79445,3.74637,5.38712,3.06926,2.08013,2.20199,4.89348,4.87449,2.9788
4.3917,2.89513,4.30801,3.88283,3.86408,5.26381,3.94921,2.28961,4.69649,3.66848
4.16167,3.9125,2.92887,3.45821,3.02326,4.32669,3.07465,4.99267,4.24045,5.20228
3.62798,5.27228,4.55811,4.6486,6.21285,3.7525,3.68044,3.4188,3.35085,3.98173
4.20969,3.77711,4.87078,4.99456,3.44828,3.99903,2.79301,5.33891,5.03951,4.53841
4.17857,4.43374,2.23101,4.09179,3.51417,3.15324,4.34213,3.8286,3.75083,4.38711
3.28175,2.54092,4.89624,3.05744,4.10261,3.27273,4.37909,3.79296,2.1516,3.35689
4.19595,3.76893,3.219,3.27376,3.87409,3.68108,3.50731,3.97707,4.61306,3.30473
5.5804,5.56823,4.54073,4.54725,3.74939,3.84963,2.99326,6.03149,4.66405,3.22697
4.62724,4.43473,5.33712,3.43218,5.0382,4.47855,2.33328,4.9067,4.77247,4.38319
2.8662,3.44391,4.14938,4.59033,5.13451,2.46198,4.59296,5.22076,4.85372,4.11232
2.79086,3.59889,4.848,4.57858,3.4841,5.77705,3.07652,4.64119,4.3049,4.75821
3.80515,4.2404,1.97986,2.20202,3.87788,3.09013,1.44342,2.14895,5.17563,3.76064
4.56327,4.59855,3.36191,3.70522,5.70972,3.58975,4.0461,5.4071,4.5158,5.52962
4.24203,3.1735,2.58246,4.84049,3.0184,4.26876,4.02679,5.18635,4.79453,5.41365
2.16065,2.98125,3.70192,3.90972,1.39701,4.67654,4.50369,3.1191,6.35795,4.99027
3.34313,2.56768,4.11509,4.25255,4.53938,3.70587,3.78705,2.31398,4.00688,3.87047
5.37477,4.9465,3.0927,3.76246,3.30439,4.34028,3.53677,4.09116,5.47209,3.75661
4.43559,3.86442,4.11914,3.74848,4.97438,5.82904,3.79989,2.67385,4.84079,3.47754
5.9864,2.79523,3.31391,3.76593,4.67126,2.67516,4.28878,4.97675,4.02976,2.77909
3.5559,1.94061,6.06299,4.09395,3.12639,2.24123,3.70618,3.39232,5.62001,3.47739
4.74204,2.4452,4.56325,4.44367,4.57399,3.31415,5.07224,3.83727,3.57902,4.59096
3.22307,2.98995,3.71567,5.49135,5.34502,2.82901,5.75233,3.64177,4.09558,4.347
2.98,3.36928,4.91339,4.47077,4.16022,5.29249,5.3174,4.69978,1.8775,4.31398
5.74994,3.81713,3.79896,3.38018,3.30858,3.08815,4.47792,5.23745,5.08783,4.79238
5.45393,4.68265,2.65494,4.56501,3.34562,4.30119,3.71943,4.73903,4.20484,3.51206
5.39087,3.80861,1.84767,5.12451,1.93723,3.94185,4.39506,4.89914,4.64818,4.39199
4.25923,1.73561,3.40236,5.09486,3.14754,2.41761,3.37529,3.66653,5.50656,4.76739
4.50466,3.82153,4.75884,2.66587,5.6409,2.69207,4.39766,3.18241,3.52118,3.50132
4.94944,4.47362,3.14189,3.24426,4.74702,4.67914,3.75654,4.68975,4.74072,3.35545
4.3641,2.94888,6.19882,4.92584,2.00116,3.08941,2.91726,2.99795,3.89237,5.14894
4.12068,4.35129,3.36271,2.91854,1.9918,3.67959,3.83768,4.18808,4.22043,4.43504
3.70715,2.51794,3.22774,4.12788,3.92917,4.34053,3.90144,4.42736,3.44408,4.30864
3.97215,2.56291,5.04372,4.66144,4.13067,4.63084,4.28975,3.50151,3.3948,2.65625
4.0359,3.28499,3.61668,3.3094,4.0306,4.89871,3.08433,3.92749,4.50338,3.74854
4.80141,4.43879,4.69749,4.22189,3.28759,4.19901,4.61145,3.83471,6.26172,3.69007
2.96472,5.40053,2.81474,4.38422,4.20208,3.40625,4.13335,1.68604,5.19463,5.38033
3.81024,3.47572,1.72278,2.44873,2.66162,4.24558,1.88486,3.56233,3.52778,5.66648
5.97425,4.2279,3.77844,3.8468,2.77292,2.88274,2.92307,6.24991,3.61563,4.55179
5.17758,4.69006,3.78878,2.42856,3.21506,3.59538,4.67715,4.37987,2.92813,1.67988
4.70235,4.75554,4.76865,3.3113,4.54378,4.45633,4.35673,4.30215,3.29408,3.38666
5.5193,3.71161,3.85504,3.16314,4.47813,4.48667,2.11428,3.62247,2.14777,3.05069
3.32391,2.31385,2.80337,3.71396,1.64703,4.808,3.86015,1.89266,4.13026,3.77414
4.53101,5.17277,3.85288,3.41672,4.32454,3.73278,4.55389,5.26507,3.77209,2.72334
4.44509,5.89468,1.90939,3.0824,4.99739,5.29181,4.30274,5.0258,2.9555,3.66138
5.14403,4.28086,2.51187,4.72213,3.70159,3.96929,3.11793,4.17146,2.88374,4.25748
5.49617,4.16031,3.09421,4.89373,4.53108,4.02843,2.24291,4.71562,3.00455,3.87701
2.34018,3.63723,3.98372,1.96037,4.8058,3.04268,3.9946,4.52914,5.22702,3.45211
3.47996,4.78212,2.68938,4.85325,4.19584,2.39323,6.05193,3.99876,4.5642,5.57484
5.59591,4.21865,4.39188,4.16222,3.48852,4.15414,3.82718,2.55991,5.74409,4.60197
4.27839,4.00532,2.88562,5.9151,5.45971,2.98428,4.45809,3.78937,4.66371,3.83224
5.34917,4.60064,4.92429,4.79198,5.3788,4.8245,2.84948,5.56076,3.3118,4.5529
4.59353,2.81963,4.07726,5.2759,2.37197,4.9768,4.17072,3.20105,2.643,3.52016
4.43834,3.41537,3.94999,2.41368,5.38314,3.92883,2.13341,5.17919,2.60559,3.48685
3.38458,2.1966,5.21455,4.98098,4.34629,3.35987,4.14982,2.53455,3.73327,3.06809
4.78077,3.62836,5.33049,3.45751,3.59189,4.72966,4.60367,1.87344,4.29986,3.34435
4.46202,2.53045,5.21193,1.85656,4.82627,3.6959,3.3006,4.4695,3.73808,3.98734
2.78287,4.13992,3.47103,3.32618,4.02163,4.33438,3.56409,3.52094,2.83535,3.84136
3.92459,4.21525,4.7346,3.56619,4.13577,2.538,3.52789,4.87094,3.30393,4.27916
3.69787,4.47763,5.95796,2.69871,6.00767,1.97195,4.50715,4.63961,3.89054,5.49398
3.52117,2.74099,5.30765,3.28335,4.42269,4.38827,2.50427,5.96596,3.20764,4.65088
3.62165,4.65269,3.90102,3.86771,3.89282,3.19596,5.36334,2.9846,3.85668,3.47095
5.50874,5.17812,4.19235,5.23483,1.50377,2.8283,5.024,2.78321,3.95872,5.2487
3.92464,3.89323,3.02437,5.67474,5.05217,6.5717,5.17554,3.97942,4.60838,4.00075
4.70091,3.12108,4.45975,4.90117,3.14459,3.1242,4.45485,3.60251,3.23928,3.31617
3.61059,3.46475,5.21626,3.13333,3.94478,2.29921,4.41733,5.10368,5.22768,4.07432
3.92593,4.05757,3.59115,2.64428,2.78988,2.78122,5.01531,4.86579,4.52788,3.48422
4.84061,4.07631,4.41868,4.226,2.74742,3.56583,4.04907,2.51498,3.80551,2.82395
3.85312,3.50516,4.29409,3.26948,5.25236,5.01188,3.39034,4.24214,4.01903,3.92445
2.6,2.20416,3.22144,2.86719,5.33216,4.74184,4.41216,4.53859,1.45357,2.51994
6.22798,3.69367,3.21247,4.43674,5.74844,2.99713,2.78073,6.35363,5.20779,3.56104
4.31818,4.96565,4.38161,4.01962,4.38565,3.15867,2.95169,5.37209,3.45188,3.55485
3.1367,6.33178,5.80038,2.79102,2.35313,4.65004,5.1588,3.89867,3.81924,3.55426
4.09763,2.49965,3.89891,3.02545,2.95448,4.29179,4.42114,3.99969,4.58987,4.89025
3.56487,4.74248,3.67273,5.39844,2.34826,3.733,4.51808,4.92347,2.91526,2.93892
3.81227,4.83202,4.42697,3.58415,5.34478,3.92743,2.67037,4.34486,5.25621,4.83865
2.52348,4.07826,3.52425,3.97642,4.56283,3.38571,4.1993,3.97889,3.28634,5.47277
5.28819,3.64909,5.14458,6.53043,2.99708,3.91143,4.65913,5.03998,3.29042,4.49363
3.85768,4.25437,4.36796,3.93782,3.0478,3.12179,2.99302,3.13873,3.89368,2.31301
3.91387,2.92402,2.70004,2.67374,3.45709,3.96798,4.99347,4.72133,5.58574,2.66763
4.12469,3.90066,3.51808,2.77594,3.27582,5.0741,5.84676,1.53681,3.46891,4.64543
5.0746,4.06459,4.17188,5.19056,3.08605,3.69628,3.22947,4.8554,3.78906,5.53441
3.67532,6.01543,2.65685,3.80228,4.04246,5.21927,1.60788,3.6776,3.4614,4.60022
3.14731,4.40458,3.29438,5.08086,3.88837,4.64595,5.46008,4.96135,3.63537,4.88006
2.90402,4.08849,2.69863,3.2865,4.84619,4.69946,3.10078,3.82842,5.57994,6.42043
3.62663,3.3852,3.1959,3.18755,2.78208,4.54756,3.7037,2.28469,2.54906,4.38983
3.92459,1.43011,3.35888,5.11059,7.14644,3.14584,4.14459,4.20962,5.12389,4.21099
1.93836,4.47399,4.58306,4.4201,2.04339,4.68006,2.48532,3.44113,2.6426,2.79818
3.2791,4.56432,4.79587,4.94703,4.78474,3.35691,5.47563,3.61675,4.68371,4.89121
2.16163,6.39565,3.62901,3.29012,1.79008,5.70429,3.1166,4.31525,2.73386,4.45236
2.40269,4.9852,3.98925,3.6826,1.89588,2.61565,2.5972,1.51083,2.02655,4.25299
5.23433,5.14391,4.46827,5.42753,5.28365,2.87398,4.00773,4.89752,2.8645,3.11175
4.13069,4.35116,1.88498,4.07662,4.64417,5.18666,4.2569,2.89038,3.68425,2.89741
3.6725,4.58457,5.70739,2.16099,3.70723,4.80999,3.61978,4.48545,4.50886,4.491
3.15655,3.22805,2.39558,2.82622,3.07389,2.98932,3.57295,5.33006,3.88058,3.22917
4.75481,2.98446,4.6484,2.78814,4.31111,5.09229,3.98075,2.86062,3.83575,2.7398
3.16095,3.67095,5.87718,4.64515,3.2177,3.4907,3.10219,3.24996,3.56554,4.12312
4.45986,3.73365,3.09036,2.4153,4.41334,3.3725,3.07919,4.35002,4.45462,4.86752
4.51597,3.62016,5.18579,5.12322,4.68814,3.58264,4.28756,6.34479,3.96977,4.26425
4.20945,3.15684,4.22733,5.13516,4.63905,1.5867,5.28026,4.1212,4.56652,4.32657
3.39162,4.47151,1.45047,3.88396,2.86431,4.48549,4.01363,3.77653,3.7018,4.04573
3.91679,3.97234,5.16383,3.33983,5.35345,4.99765,3.23572,4.21304,3.2641,3.75855
3.78718,2.90446,3.87293,5.28315,4.22363,3.25564,5.05097,3.88368,4.0312,4.59494
3.5971,4.44078,1.37211,3.39262,4.99707,2.50302,2.46631,5.58928,4.1844,3.16327
4.31857,3.36059,4.08901,3.92791,4.98438,3.49374,5.23114,2.47855,3.22646,3.10973
4.75382,2.89926,4.74147,4.55586,2.54943,3.53615,5.44347,4.39675,3.33063,2.81816
4.43905,4.53939,4.48399,3.00666,4.68644,2.87066,4.38997,4.89103,4.64547,3.38817
5.13908,2.60007,4.84921,4.89997,4.47144,3.25861,4.52452,3.78312,3.59399,4.00743
4.37295,4.33874,4.46807,4.32509,3.58503,2.94204,5.53498,4.71024,3.46403,4.46922
4.83395,4.83036,4.00988,4.83835,3.67966,3.15118,4.33618,4.30641,1.83518,2.01929
4.39104,3.52065,3.27195,4.77235,4.54585,4.71826,2.74363,3.90806,4.88054,5.38074
2.99316,4.46291,4.98317,3.00672,3.84249,2.16516,5.16282,3.36433,2.29965,4.38864
3.13441,5.26003,3.02902,3.02178,4.53087,4.18986,4.92024,1.79521,4.56812,4.80825
4.30384,2.81217,1.805,3.9671,3.38721,4.61217,3.093,2.60828,4.10737,3.14437
5.10879,3.97431,2.77721,3.78277,2.05853,4.75007,2.65309,2.77758,3.45867,3.72187
4.71169,5.08896,6.2009,2.62455,4.8083,4.07525,5.28955,3.30909,3.47347,4.27383
2.82871,4.36112,4.1882,2.50251,3.39213,4.8149,5.13083,4.00573,3.67968,2.56899
3.95387,4.34817,4.59466,4.72362,4.82911,4.41299,3.07828,4.59612,4.5681,4.26768
5.35853,3.81761,2.00212,3.95842,3.63603,3.59323,4.52336,4.69056,3.33714,4.83994
5.4771,3.65523,4.72564,3.6939,2.95442,4.366,3.06799,4.93407,4.27195,3.47216
2.76712,3.67377,6.07595,4.94825,3.05857,4.1155,4.74796,2.75052,4.327,1.78303
4.61352,4.08942,2.45112,5.7881,5.25743,3.80852,3.73688,5.11952,5.06912,4.15769
5.76416,3.35767,5.33348,3.62562,3.8241,4.65705,4.03287,4.76148,4.81763,3.56955
3.19862,5.26783,3.80079,4.18793,4.25503,4.57111,3.17624,4.77328,4.77652,3.79273
5.42401,3.13292,4.23556,3.4685,4.53871,2.93434,1.06258,3.28953,2.90186,2.93184
4.53955,4.38153,4.72774,3.9834,2.46425,2.98202,2.47036,4.86924,2.37676,4.02931
4.93111,2.44003,3.30119,5.09112,2.18594,4.29795,2.62549,3.84967,5.1812,2.47139
2.65555,4.57544,4.54037,4.3931,5.08261,3.83989,3.17756,3.98048,3.384,4.82709
3.54086,2.86266,4.40361,6.36368,6.14546,7.78842,3.09107,3.10689,3.64719,6.83674
2.96046,4.10465,3.363,2.34032,5.95787,4.30401,5.20026,1.70187,4.92598,3.39014
2.9362,4.2259,4.45393,4.14988,4.11599,5.99288,0.852997,4.21979,3.52987,3.72556
4.40573,4.19553,4.93844,4.68912,3.90608,5.51479,3.4228,3.86708,1.8819,3.36068
4.32083,3.97558,4.27571,4.36301,3.55385,2.24031,3.10346,4.4489,4.40382,3.82421
2.92578,4.2472,3.99848,4.38385,4.61408,1.78834,2.37551,5.91449,2.47179,2.29397
2.94411,2.80019,3.37237,4.44604,3.65896,2.19711,4.55443,2.72137,3.35506,3.56561
2.91158,5.69343,4.25334,4.3394,5.16887,4.50232,1.66721,5.28709,5.40477,1.62971
5.95283,4.25085,4.31023,3.50918,3.52669,2.37556,4.32874,2.80257,4.93264,3.89775
5.72509,2.83276,5.43888,4.26498,3.69917,4.70281,4.89985,4.91751,2.89463,4.5898
3.22295,4.17008,3.84769,3.37358,5.2265,5.55113,4.45386,3.74355,3.84064,4.71283
3.74447,4.1433,4.51339,4.44952,4.01017,4.01598,2.78785,2.93957,3.31823,3.64662
3.62829,3.54829,4.00789,3.35202,3.61887,2.44091,3.34793,4.49405,4.5096,4.4788
4.65579,4.79699,4.26227,4.63184,2.82858,3.60005,4.53886,4.42443,3.67221,4.33073
3.55985,3.01578,5.3841,3.912,5.47124,3.1837,3.63151,4.72919,3.85542,5.06877
4.88614,4.6013,6.79197,3.69099,4.5032,3.29087,5.68062,4.41769,3.42034,4.23662
5.38398,3.20978,2.67069,4.70954,1.53441,3.41941,4.43613,3.23625,3.37299,4.04147
3.44598,2.48819,4.60647,4.69771,4.42628,4.05682,4.21781,4.97383,4.32138,3.91502
3.61621,4.93151,3.96096,3.20271,3.85823,3.35328,3.11126,4.20598,2.19597,2.47006
2.54097,3.13732,5.44551,3.66704,4.10957,4.38341,3.12147,3.01985,4.1074,3.01732
3.72664,4.37436,4.54281,2.77291,3.76945,3.00155,5.67674,3.83081,2.52022,5.69577
3.26014,4.45263,3.35092,4.37476,6.39706,2.70501,2.34184,5.09099,3.96207,3.95155
2.82328,4.8581,5.34636,3.96634,5.6284,3.58875,4.17274,3.16782,4.41615,1.76061
2.62461,3.50323,4.79197,4.06124,5.49806,6.03198,2.8488,3.3384,4.96973,4.62343
3.12017,2.70481,3.99221,3.18117,3.32589,2.51237,4.42483,3.22536,2.78617,4.63564
5.60932,3.45227,4.20492,5.54191,4.69661,2.43652,5.09263,3.81594,3.76377,3.91338
1.82828,3.14989,5.33793,4.47376,4.26254,4.01741,3.95657,1.2407,1.84988,3.55966
3.91232,4.03528,4.0733,4.76859,3.43354,5.8585,4.59065,4.17289,3.05233,4.51346
5.00421,2.50459,2.98131,3.12802,3.2559,3.6271,1.1819,5.54709,3.04754,3.79189
3.47259,3.23343,3.03498,4.28158,2.89325,1.66871,4.69572,4.85011,3.50125,3.47175
2.6266,3.33882,4.45485,2.63794,4.62633,5.3018,3.375,4.50946,5.61119,2.57475
4.11733,4.6773,4.62378,3.78452,6.13931,5.16124,5.3678,4.1532,4.34894,5.3024
3.91598,4.49111,1.90359,3.17258,2.12761,4.21388,4.22006,3.29374,4.69026,4.69464
5.8186,3.25308,4.75215,3.84674,5.26668,3.44481,3.67865,5.07038,3.02436,2.90878
4.02931,2.64815,4.65526,4.28247,4.04994,4.25571,5.02622,4.09285,4.68282,5.43864
4.88037,4.40623,3.20856,3.9957,2.93164,3.63255,3.96516,3.50916,3.7463,3.03016
4.73611,4.59481,3.15377,3.8836,2.7387,5.65871,4.97402,3.16808,4.82243,4.19862
4.92828,4.24123,3.58213,4.72856,2.31472,3.79473,4.98528,4.67178,2.75606,5.07266
2.74858,5.18404,3.85628,3.92364,3.58069,3.36572,4.76618,3.8286,2.26043,6.99003
4.76841,3.4574,3.60203,5.12407,3.60615,2.3391,3.87108,4.26841,5.44552,4.4624
4.46971,4.79877,4.7419,4.36199,5.09481,3.34107,4.9283,3.21522,5.52237,4.43612
3.90665,4.22095,4.86652,4.98453,3.1594,3.57908,3.11641,4.75379,4.57359,2.65982
4.99816,5.46005,4.15976,4.28885,3.92632,2.3491,3.72573,3.7682,2.46893,2.12811
4.01828,5.73728,3.89792,4.85693,4.46787,4.14278,4.09584,5.27621,3.08458,4.32197
3.82336,3.54188,2.45622,3.6896,3.88098,2.77434,2.83519,3.6505,3.57744,4.25371
3.92848,2.4416,2.77756,3.77519,3.73756,2.6509,3.4961,4.4343,3.61462,4.14786
4.28098,4.80106,4.38119,4.85688,3.45321,5.27625,3.71817,3.21908,4.25268,4.24724
3.09733,4.07341,4.04325,2.15632,3.5159,3.20395,5.78449,3.1825,5.22273,3.8972
3.35941,3.67094,4.33464,3.99875,3.82866,5.65055,3.99926,3.3823,2.88877,3.97864
5.94798,5.09885,5.45412,3.47514,2.62868,3.73848,4.63953,3.66675,4.38302,3.98592
4.12344,2.69676,4.13536,4.54467,5.77671,3.16849,4.55591,3.95636,3.10972,5.19472
3.69025,4.28705,5.01016,3.94283,5.69903,4.41849,2.09025,4.3087,5.08449,3.72415
3.05367,2.27041,3.57133,3.99407,3.85263,5.31013,3.36977,5.16849,3.50373,4.15552
3.03345,2.89049,3.29541,2.63253,3.34837,4.7096,4.81716,4.46158,2.97283,2.5239
4.35868,3.41687,3.27521,3.92527,3.1257,4.99326,4.99929,2.79422,3.38451,4.64446
1.81238,3.95323,4.57076,5.42098,4.50596,3.63075,5.41774,5.32743,4.67464,4.75077
4.24713,3.75255,4.95163,4.18269,2.8936,4.21104,4.43164,3.40546,3.12361,2.892
3.20434,5.69451,3.21363,3.60062,3.77286,3.10897,4.89474,4.33314,4.32685,3.88556
4.09044,4.99807,2.55467,4.21471,2.7167,1.99376,3.62732,3.22737,4.39002,2.0798
4.63829,3.81475,3.68087,3.78846,2.69305,4.33471,3.9232,4.72217,4.60075,3.48183
2.34139,4.35353,4.28718,5.92173,4.34854,2.86887,4.20373,4.32467,3.1905,3.91321
3.96353,3.26201,4.91829,3.97708,1.77695,4.12059,6.11378,3.47269,4.44624,2.66486
4.88773,4.52837,4.7271,3.81093,3.17204,3.20644,2.63286,2.95095,2.83464,3.32761
4.79678,4.96492,4.73118,2.96411,4.66137,5.06764,5.31735,3.26275,4.6724,4.28368
4.02963,4.25518,3.62092,2.8224,3.81648,5.57496,2.73188,2.87198,2.19013,3.79051
3.07677,3.93966,2.77957,4.15717,4.64955,3.60813,4.32131,3.34368,2.64504,5.11152
5.5845,2.31143,3.58054,3.52918,4.02326,4.86186,3.53017,2.17357,4.05591,4.56058
5.01348,5.26471,3.53916,3.14633,2.88597,3.39206,4.54097,3.5354,3.87567,1.54622
4.49885,3.43098,4.40287,4.30885,3.75682,1.48542,3.75913,5.62297,5.22828,3.93658
3.96818,1.94646,3.8975,4.6707,4.04715,2.01526,4.64938,3.67374,4.19231,3.52499
6.00672,3.61206,4.11468,4.61973,3.75942,5.73643,2.54148,6.20415,3.89046,3.32933
3.55843,5.39617,5.03319,4.92969,1.40657,2.98784,3.06472,4.29848,4.11606,3.79335
4.94024,4.46834,4.318,3.49078,4.2968,4.82417,5.35643,3.23381,2.56961,4.4948
5.08362,4.67242,3.47052,3.07965,4.71139,3.66844,4.41769,4.53862,3.81911,5.21979
4.62588,3.61601,5.86568,4.33735,4.72035,4.11582,3.23845,4.56893,4.87974,1.34478
3.35214,6.08875,4.08426,5.98517,3.70225,2.98189,1.73734,2.86677,5.41681,3.76795
4.24636,3.26283,5.64145,4.17103,3.49909,3.26172,5.28845,3.36058,3.59846,3.86286
4.08978,5.00317,3.47666,2.19029,3.6864,3.22565,3.69179,3.89059,4.37739,4.43275
4.37818,3.1163,4.62177,5.1609,5.06636,3.8671,2.73587,4.59527,3.13783,3.12292
4.33137,3.49999,3.68499,3.72687,5.56561,4.9644,3.88433,4.15385,4.7108,2.87644
3.9695,4.46738,3.63535,3.31399,3.9517,3.95871,4.08064,5.06442,3.65115,3.85874
4.81355,3.9937,2.93921,3.75863,5.47757,4.30604,2.41726,2.01702,4.83501,5.03465
4.15911,4.71516,5.62248,4.25269,5.19318,3.84916,5.238,6.4234,4.13022,4.46338
4.00146,3.24773,4.64819,3.78325,3.78232,4.5743,5.19797,4.04409,3.09964,4.5308
3.28929,3.06374,5.09631,4.0159,4.30346,3.0758,3.04028,3.1204,3.69499,5.30391
3.69884,2.623,3.40953,4.31933,3.695,3.09603,5.76412,3.14714,4.11144,3.53784
4.56188,4.08854,3.03999,2.27951,3.64773,4.80979,3.11638,2.8479,3.29275,4.10793
4.32764,2.8298,5.81802,3.49204,4.9899,4.8195,4.90383,3.96182,2.24429,5.04547
4.22014,4.10959,2.0837,3.2305,3.85286,3.04337,3.81888,5.93388,3.58223,2.11915
5.8326,5.92975,4.08586,3.45417,4.28253,3.71724,4.06439,3.92971,3.49539,5.59301
2.29977,3.05603,3.59441,5.99746,6.47531,3.9168,5.71376,4.59921,2.51745,3.8958
3.59431,3.23526,5.30232,4.06118,4.9455,2.7992,4.62728,5.29089,3.71048,3.35155
4.04287,5.10131,3.62758,3.86856,3.77938,3.61229,4.15266,4.26131,4.27252,3.7896
2.7362,3.75893,3.59879,2.13061,6.09412,4.03549,4.40848,4.27916,4.22802,3.06498
4.52264,1.41825,4.75575,5.73866,6.02143,3.83575,1.68247,3.60213,3.92282,3.239
2.90554,4.17261,3.6332,3.97584,4.58719,3.43858,4.05903,4.54476,3.60843,3.93226
3.5043,2.37334,4.7392,1.59978,4.12141,4.08496,5.30053,4.5333,3.78143,2.2351
3.53688,4.89382,4.69479,4.31971,2.02625,6.26214,5.17144,3.37265,4.26131,4.32561
5.15537,1.7972,4.29498,3.07933,4.63088,3.85653,3.49808,4.13213,4.93546,4.5504
4.565,2.72413,2.68187,1.78662,4.34942,3.58742,5.59979,5.59062,3.84765,3.39155
3.85152,4.49024,2.95583,3.47888,4.37639,5.79825,3.03688,3.37812,5.16376,4.38615
4.73359,3.24383,4.48214,3.89589,3.42091,4.82315,3.90768,3.8469,1.78425,4.41982
3.29098,4.05174,3.47495,3.82653,4.7853,5.56859,3.31104,4.50218,3.38874,2.18971
4.96503,1.72392,4.33501,2.81941,3.71845,4.32065,4.41601,3.13113,4.40372,3.71168
3.30685,4.98638,4.67391,4.93183,3.91655,4.00658,3.30059,3.30886,4.04417,3.86726
4.48272,4.84499,4.55488,5.10999,4.58404,5.09369,4.05982,4.21302,4.30061,3.87791
2.65211,2.38594,3.24056,4.19862,3.0594,2.54541,4.91154,4.38228,4.40265,3.97013
2.08679,6.6645,3.43811,4.5514,2.56532,4.44706,3.61345,3.67361,4.14716,4.08252
3.00302,3.37084,3.62918,5.33355,3.64803,1.4574,3.60917,5.11757,3.01468,3.46409
5.25866,5.16229,3.30715,2.31573,5.04117,3.33152,5.63401,3.67395,4.36936,5.88564
4.63626,3.00726,3.28953,3.18744,1.83281,4.14275,3.17205,4.20518,2.89786,5.8092
4.95868,4.61287,2.63429,4.45294,3.68479,4.93538,1.61742,4.67397,4.4985,3.32664
4.32006,2.86918,3.56053,2.70466,3.52994,3.81094,5.93293,2.75572,6.62103,3.49252
1.39734,4.87105,3.42406,4.89337,5.9287,3.71843,4.92912,3.95493,4.25418,5.26686
4.88235,3.00736,5.5745,4.48749,4.02639,2.79873,4.04069,2.35176,2.77374,4.75459
6.29193,2.83115,4.45054,5.39489,3.2176,2.54185,4.26518,3.72206,4.53449,3.43215
3.52503,2.17736,4.12157,4.09605,3.98542,5.36601,4.05807,3.36409,3.25055,3.18292
4.2733,2.89421,3.14874,2.37528,2.57848,2.72112,3.11641,3.84922,2.49154,4.69388
3.63962,3.60056,3.52407,4.91236,4.25987,3.48002,4.53219,4.62225,4.14477,3.49265
3.94297,4.6029,4.2137,5.81021,2.90622,4.59128,4.34298,2.98436,3.70581,3.43634
3.91204,5.29939,3.82162,3.45611,3.08606,2.76699,4.36958,3.35433,2.13723,4.17409
3.37125,4.94918,4.74622,2.22217,3.41522,3.32603,5.63558,2.82759,3.38119,6.09909
4.51689,4.28845,1.90885,4.637,2.85239,4.59572,6.83564,5.06544,2.32531,2.7807
4.93286,3.60961,4.97966,4.53667,5.61825,3.14787,3.18835,4.8743,5.42661,5.17533
0.795822,2.08307,2.54771,5.82672,2.77607,2.92758,4.21954,2.98803,4.19529,3.65701
4.77897,4.60711,3.58772,3.60508,3.03902,3.82476,2.80419,4.84357,3.65204,5.21908
2.05518,3.40625,4.78634,4.06785,2.31681,5.15252,3.93694,4.46973,4.97941,3.34649
3.08704,3.70354,3.63282,5.97932,4.97464,5.333,3.4642,3.91894,5.52343,4.21589
2.8604,3.31453,3.42183,3.91707,4.6295,3.59416,3.38566,2.2016,6.00502,4.60135
3.47536,3.41464,3.81483,2.88633,4.15391,3.08609,4.18994,5.10373,4.62802,2.80417
4.22499,3.06091,5.04951,2.76157,3.12049,3.76326,5.28959,3.34099,3.53537,2.46172
3.41548,4.86366,4.44742,4.62636,3.29128,4.41805,4.16666,2.42319,6.78016,5.30649
4.67782,3.81554,5.26975,2.63608,3.86389,3.33553,3.39108,4.24417,4.23098,5.75841
2.1872,3.10251,5.34914,4.2466,4.34997,3.49583,5.06766,3.89333,5.4422,3.58975
3.68808,5.05504,4.40506,3.01682,4.90367,4.10253,4.77325,3.75372,3.72815,3.18198
2.93952,3.25238,4.92246,3.21019,4.35164,5.0984,5.01636,3.87693,4.96345,4.44853
3.01928,4.31962,4.48581,4.13961,3.66401,5.18206,6.30732,4.56186,6.04976,3.54314
5.23123,4.93529,2.9175,5.45987,1.44119,5.35968,4.14321,2.26141,3.16108,3.73482
5.5872,3.25978,5.35901,5.091,1.16655,4.44147,4.17524,5.77986,2.90871,2.79969
3.80615,5.32026,3.62491,4.96237,4.93254,4.5025,4.51219,3.96791,4.0296,4.22401
4.7926,4.05303,3.73974,4.42426,3.9441,2.80888,4.08869,3.76663,3.54272,3.73303
3.9895,4.37383,5.35591,4.55375,1.22118,5.07933,3.48832,4.78668,5.28991,3.51395
3.55754,3.69568,4.45635,3.77304,3.73353,3.47818,3.87864,6.21605,4.52317,3.86637
5.61198,4.30289,2.4833,3.76298,3.32653,6.38584,4.79431,4.58949,3.50011,5.08116
4.67641,5.29619,2.86576,3.70688,3.93233,4.09832,6.2194,3.7856,3.81833,3.95188
5.58011,4.01947,5.03241,3.5515,2.71717,2.8693,3.9704,3.80672,2.65344,5.25588
5.13931,5.02359,4.26411,2.96445,2.77471,3.42269,4.66158,4.11603,4.30797,3.94629
3.61634,3.46589,4.56498,3.07434,5.01505,4.84291,4.44181,4.00375,6.24394,3.12496
2.89708,1.6539,3.89159,4.66806,4.5804,2.91513,4.64487,2.31173,4.22464,3.76425
6.80145,3.68141,6.2611,4.13453,4.40138,4.28275,3.76964,3.67246,4.76457,4.40406
4.46766,4.25869,5.13079,5.43826,2.94014,4.51912,3.64626,4.07094,5.08956,3.53016
4.90083,3.01471,4.73667,4.99976,4.0732,3.72702,5.26404,2.67665,3.5691,4.69461
5.13104,5.12865,4.44038,3.02969,6.10085,3.77621,3.06008,3.06486,5.04891,5.74451
2.53862,5.19868,2.74803,5.6124,2.48702,1.7957,3.73839,4.60788,3.77998,5.34443
3.19883,4.90017,3.82925,4.04368,3.97333,3.8493,5.23779,2.50465,4.43693,2.92328
3.36139,5.6107,1.52255,3.83374,4.16987,2.28451,5.54369,1.84832,3.64844,2.6257
4.51516,4.71641,6.02834,4.46492,3.05658,3.45995,6.83211,2.865,4.64049,5.63897
4.06683,2.84615,3.66114,3.59776,3.75572,4.27943,3.20126,3.6885,4.52782,3.09657
2.64243,4.01879,4.79418,3.20244,4.09764,4.18343,3.64784,3.95746,4.5192,3.9182
2.91776,3.78281,4.03965,2.40076,3.70486,5.84299,5.39687,4.26615,5.48448,2.70802
4.68132,3.93353,3.24785,5.55099,3.77417,4.2522,2.21835,5.90328,3.59856,3.5948
5.11894,3.74863,4.81678,5.08156,4.33048,3.81905,1.92003,6.09846,3.8677,4.1662
4.85778,3.63635,2.53596,3.19312,4.21559,5.87129,5.46031,2.71315,2.88326,2.13814
3.98114,4.42137,4.05226,3.92868,2.39693,4.43332,3.46358,4.80824,1.55085,5.32501
5.38385,4.81127,1.43037,4.07102,4.09529,2.05012,4.47286,4.47338,3.65544,4.47381
6.76514,2.51983,4.43683,4.45737,4.3619,5.05056,3.45019,2.38749,3.70112,2.49121
4.04746,3.72297,3.28205,4.77098,4.31181,2.92853,2.84719,4.15372,3.59963,4.25581
4.05329,3.92331,3.83356,5.76036,1.94461,4.34569,4.03383,3.09739,3.7452,2.43126
5.53729,1.87979,4.06745,3.31011,4.62653,4.54429,3.4798,2.80861,4.15483,2.28651
3.2235,5.31309,3.44515,4.53593,4.26435,5.22394,3.16261,4.41487,3.26951,3.86267
4.6704,2.5554,3.91522,2.23123,2.98617,4.44719,4.24439,3.60493,4.21556,2.32912
3.05758,4.21173,5.83669,2.87358,3.11801,2.39452,2.65469,5.51594,3.62378,3.24194
3.90317,3.44024,3.07091,4.72701,4.73103,4.0592,3.52064,4.63408,4.46471,3.14331
5.4469,4.7388,4.08548,2.36522,5.03934,3.11887,3.65215,3.32977,3.41024,4.67457
5.31793,4.69196,4.88264,3.95766,4.86994,4.30334,3.5964,2.01833,3.89987,4.55634
3.77425,3.7181,3.58733,5.39971,2.3356,3.50908,5.93662,4.4679,3.23587,3.85786
2.83097,3.31063,5.14671,3.02395,4.18869,4.84678,4.30316,3.20108,4.05106,1.60307
4.69782,3.55,4.29717,5.30257,4.45537,3.75551,5.38174,2.92217,5.09791,4.18515
3.89218,3.45319,7.10966,3.63953,3.15547,3.59963,4.89457,4.66968,3.0626,4.03565
5.31868,4.72993,5.3566,3.70808,2.935,4.37572,3.18576,3.20853,3.93394,2.0751
4.25012,3.7355,3.40642,4.0325,5.2354,3.87864,2.74583,2.45913,3.62629,6.5339
1.83167,3.81123,4.59695,2.03852,5.81979,5.28673,3.21258,4.38608,3.93154,4.23879
5.87092,3.61997,4.05015,3.68027,2.97578,5.74709,5.01375,2.4534,2.40572,4.47121
4.22102,4.88699,4.41443,4.64166,4.43927,1.85564,5.49615,3.43945,4.04124,4.239
4.38398,2.72698,2.62913,4.40155,6.41622,2.50144,4.45302,5.18899,3.60288,4.84345
3.27297,4.42496,2.37831,2.68256,3.14836,2.52163,2.94101,4.31105,3.69125,3.72633
3.40657,5.09001,3.62615,2.93054,5.93146,3.96755,2.42239,3.87248,4.6233,2.6342
3.56455,2.23124,4.12237,2.86314,3.72156,3.84338,2.95524,4.71272,4.24389,4.84942
4.29459,4.14838,3.58408,2.37416,4.70936,3.37548,4.97029,5.12066,4.18408,4.97815
5.60325,6.06629,5.27935,3.78119,4.39872,3.38124,3.91256,3.79039,2.8438,4.05316
5.90459,4.34831,3.72376,2.23515,4.05425,6.7831,6.11778,2.2909,3.50046,4.2458
3.56925,5.06519,6.03908,4.59618,4.7193,4.99701,2.47391,4.8061,4.60497,5.3043
2.27333,4.10813,3.82775,2.79948,4.2255,6.03642,2.27471,2.87172,4.33345,3.87861
2.3181,4.89946,4.04757,4.74563,4.10001,4.16276,4.20605,4.19118,4.57036,2.92846
4.54371,2.5815,5.18272,4.44152,2.6575,4.49603,3.51855,3.64452,5.35548,4.18008
5.91913,4.67048,2.91647,3.06341,4.05794,2.83314,4.61269,4.63362,5.17065,4.78857
2.55107,6.18097,1.93723,4.4675,4.85727,4.42207,4.25079,1.92945,5.67333,5.26019
2.49582,4.2119,5.41594,2.02996,4.47072,4.79067,4.4407,3.42562,4.17303,4.49777
4.45217,3.34729,4.78885,3.19179,4.13559,2.87318,4.62282,5.47726,4.58571,2.22196
3.30385,2.784,5.72063,5.89149,2.55198,3.69881,4.2976,3.20373,2.93565,3.35649
5.38693,3.97722,4.64775,5.75247,5.11883,4.73216,3.60311,4.61188,3.20237,2.54274
2.8278,4.15227,4.23868,4.10229,5.00262,2.59437,3.33331,3.75986,3.24874,3.13891
4.945,3.49596,2.98868,3.59989,7.08784,3.70852,3.87722,3.0925,3.9179,4.09632
4.00299,2.7496,4.67228,4.6065,3.28856,2.77802,1.3578,4.15297,4.77515,5.41535
3.58096,3.10262,4.43714,3.09422,5.5541,5.02817,4.09402,4.24673,6.14925,5.06721
3.41551,3.31272,4.43308,3.88653,3.56406,5.02013,4.76323,4.60333,5.41671,3.90349
3.37233,4.65481,4.36666,5.25247,3.73147,3.94444,4.42217,2.5511,3.20718,3.18337
4.09751,3.50021,3.00021,4.44296,3.81438,2.77006,4.55723,3.26951,2.95754,4.77564
4.26762,3.95918,3.43703,4.76057,6.23976,4.82692,5.6941,5.25827,3.07542,4.41436
3.6608,4.8442,4.08643,4.27696,4.02655,3.37897,3.59868,3.68101,2.08801,3.13026
3.85188,2.95947,3.97802,2.95421,4.38518,3.97665,5.0343,4.2783,4.08392,2.55312
3.27722,4.43525,4.96192,2.63943,5.16251,4.54622,4.23919,4.38294,3.42904,4.49444
3.54713,3.70046,3.98419,5.21526,3.55324,3.92868,3.04302,5.21591,5.90787,2.83551
3.69145,4.35807,4.8162,4.49461,3.93755,5.82235,3.10968,4.94811,3.01391,4.24874
3.90099,4.59317,4.30589,3.83742,4.8775,2.95182,5.36816,2.6368,5.44192,3.4324
2.88355,4.19154,4.86425,3.44891,1.97571,4.97369,4.57923,3.70405,3.90684,4.50348
3.56068,3.45491,5.16614,5.74272,3.41432,2.66598,5.65972,4.34479,5.28806,4.73639
5.84945,3.33443,2.7175,2.97321,3.68195,3.21882,2.91422,4.88458,3.00631,3.33922
3.08209,4.85154,3.87806,5.28344,5.05488,2.491,3.65414,3.93854,6.43321,4.02489
4.45171,4.48596,3.39516,4.12316,3.18905,4.00967,5.32269,4.96477,5.40282,2.5668
4.51214,3.39188,4.82728,2.89562,3.315,4.0596,3.91683,5.97707,2.163,4.10921
4.49863,4.56843,2.94511,2.98155,4.34954,3.27351,3.68923,4.9391,3.90396,7.42995
4.69418,3.56076,4.30033,3.45038,4.95918,2.25995,3.82778,3.84079,3.8611,4.36832
5.85832,5.14448,4.61423,4.68387,3.63959,3.4018,4.63097,3.01257,3.91057,4.64639
6.3706,4.46942,3.71342,3.09286,2.13327,4.0022,3.63391,3.63863,4.24001,4.2092
4.36512,2.99345,5.94838,3.37737,3.33382,4.22443,3.92497,3.23054,3.82387,3.43806
3.47252,3.82659,5.22996,5.08782,5.48037,4.29854,5.50477,2.62723,3.13503,4.05451
5.43204,2.98285,4.11962,4.40102,5.05926,5.67424,3.84321,4.52016,5.15014,2.08821
3.03104,5.7894,4.8421,2.59799,4.42145,2.33814,5.62354,3.69208,2.57679,3.81993
3.07408,4.11093,4.38591,3.32866,3.81048,3.0039,2.59557,4.95086,2.70145,4.95648
4.36884,3.87649,6.37902,4.5748,3.64945,4.21957,4.0411,3.93868,4.47846,4.75169
4.8581,2.39052,2.72171,4.93543,3.21241,6.2368,3.23269,2.03739,3.52008,4.32845
2.9616,4.39665,5.37045,4.46099,4.39129,3.5844,3.40361,5.97979,5.11923,3.94494
4.0392,2.34739,3.8486,0.849391,4.32179,5.12002,4.51783,1.97333,4.70447,4.71773
5.19491,3.19956,2.87847,3.64624,6.4794,4.28656,3.87101,3.73703,3.28995,1.98106
3.96955,3.92267,4.21842,2.86146,4.79701,4.2346,4.10882,2.86583,4.04131,2.69533
1.77292,4.23603,4.65167,4.34647,4.34745,4.12852,1.92997,3.01354,2.07696,2.78834
4.30264,5.37189,4.03776,5.07425,3.38135,4.6815,4.78287,3.07532,3.71195,3.44608
2.48042,2.28621,3.91679,6.14367,3.51308,3.15663,3.36573,4.58496,2.50269,4.41841
4.45332,4.28671,3.92909,4.40802,3.50149,3.42573,1.99043,4.87974,3.62444,4.83989
3.56309,6.89804,3.59638,4.67794,4.19391,2.37663,4.28686,3.4465,2.66248,5.09262
6.22061,2.48518,4.70867,3.47588,2.72663,3.58683,4.95521,3.82708,3.37327,3.54712
3.74977,4.21448,3.87082,3.51404,5.28151,3.0159,5.79805,6.48415,2.63834,4.0504
2.96972,3.98772,5.19887,2.90851,5.24993,3.09407,6.21959,4.04977,2.82529,5.31936
3.10882,5.25903,4.66687,3.02495,2.84726,2.85392,2.70729,6.03719,4.13881,3.19897
4.79238,4.82264,3.59408,4.61824,6.33281,3.52068,3.61338,3.42245,4.84725,3.83975
1.75066,4.94515,3.91418,3.88416,4.73224,4.13602,4.01265,3.23622,3.36268,1.58519
4.20887,4.22604,4.42183,4.64378,4.73433,3.50564,4.07905,2.51595,5.76757,4.16676
3.24828,4.62341,2.86459,3.50507,4.58957,4.14749,6.01217,4.06868,4.84521,3.89333
3.41691,5.17478,3.79679,3.36704,3.10756,4.2676,3.4681,4.89353,2.74306,6.04032
3.82849,5.67494,4.1488,3.88957,2.58505,4.75133,4.85364,2.83076,5.22701,4.22728
4.85766,5.15653,4.45217,1.96429,3.9852,4.04014,5.41492,4.6032,5.28059,1.98954
5.2331,5.4355,4.90883,4.36617,3.24444,2.88481,4.34631,5.4718,3.98744,2.0508
5.8885,3.60195,3.4238,4.42301,3.65862,4.08548,1.82529,2.3461,4.43446,3.89754
4.76432,3.3627,6.20789,4.61999,3.52218,5.33314,6.03957,4.47001,4.26904,3.33792
3.23756,3.84764,3.03521,3.65452,2.9785,3.40046,5.26094,6.81716,2.05331,4.1316
4.42747,5.78379,4.97191,4.76353,5.74236,5.07349,5.33575,4.53762,3.00665,3.71114
3.01332,2.51885,3.21123,5.96386,4.51646,2.70646,2.83542,3.80992,3.62422,4.6799
4.13475,3.31362,5.01235,2.00204,3.62101,3.87422,4.07781,3.96166,1.69515,3.76684
3.61706,2.56308,4.35035,3.47283,5.16381,3.72378,6.19349,4.98147,3.11548,3.89698
4.0423,2.56152,3.80849,3.92792,3.3506,5.10866,3.14277,3.25848,5.10791,4.19828
3.80467,4.96514,6.23663,4.63706,4.58284,2.99829,3.16333,4.60021,4.69759,4.95493
4.41182,3.88939,5.83738,5.63983,4.05002,5.66245,2.97688,3.04901,3.59936,3.58078
3.82302,3.60743,6.14156,3.96824,4.46873,5.11724,1.46402,0.905544,6.35341,2.18366
4.26145,3.11653,3.33776,3.12503,5.28603,3.75419,2.73591,3.33106,4.21043,4.53399
4.64117,2.85725,4.87665,5.40137,2.94859,5.01949,3.40033,2.13259,3.40001,4.42181
2.97277,5.88588,3.78026,2.52696,4.01605,4.24704,4.39606,4.39011,2.30372,5.08711
4.7845,4.1423,2.31452,2.93676,3.24784,3.86691,5.83391,5.41561,3.75599,3.99826
2.89013,2.59874,3.87091,4.6036,3.57498,4.82481,6.89677,5.12061,6.18378,5.38237
3.82458,3.97148,4.20041,4.76852,4.13057,3.64756,3.67613,3.60907,2.11467,3.97566
3.15808,2.90215,2.28433,3.05392,3.29846,4.20949,3.99512,3.57598,4.98713,2.83311
4.21294,5.05252,3.81344,6.15693,4.94052,3.83151,5.64099,4.93616,4.32424,3.98604
4.39682,4.56447,4.93914,5.21891,4.34689,1.49089,4.61498,4.25758,3.84883,4.33708
4.12811,4.58819,4.46995,3.22372,4.23352,3.64433,3.53772,5.76904,4.78837,3.23791
3.23944,4.32917,4.55925,3.23945,4.57638,2.6611,3.80402,2.1765,5.14194,3.18081
2.70743,2.9335,3.4292,4.90945,4.82951,3.14544,3.90948,4.54624,6.26677,4.1585
4.97686,3.5627,3.66468,4.29865,7.17631,4.60927,3.3108,4.83577,4.32787,4.06776
4.9983,3.38286,4.73288,3.23676,3.50318,4.48879,4.95101,3.40348,3.25114,4.63811
3.04129,4.7724,5.95099,3.75503,5.09989,3.27416,6.26319,3.49197,3.53488,5.76019
4.60317,3.99241,5.57023,1.96995,3.02582,3.6148,3.95219,4.28509,5.08913,3.10058
4.69558,4.17385,4.22509,5.25108,3.58253,3.12186,4.28995,3.52378,2.60012,4.31948
3.76208,4.36579,6.19736,3.18911,3.71214,4.48316,3.2629,4.16503,4.81468,2.98145
5.37843,3.25818,4.87825,6.00726,5.22878,3.05723,3.80096,3.92384,2.83022,4.44865
4.76214,3.34415,1.4462,4.61524,3.10756,5.38454,4.24642,3.11455,4.86069,4.36741
3.79696,3.14391,4.05567,5.87116,4.20318,4.28532,3.04829,3.54295,4.54079,5.03976
4.33403,1.99694,4.3615,6.05194,3.60001,4.08142,4.66465,3.33209,3.32804,4.00864
3.58343,4.14239,3.79699,3.47922,5.60512,4.7264,4.54629,5.27214,3.86152,4.43047
3.13143,5.0103,4.65585,2.97533,4.23745,1.97171,4.55754,4.82406,4.70567,2.43737
6.04493,3.64607,3.20566,4.02074,4.13184,4.41989,4.67525,5.64184,4.60809,4.80098
4.56626,4.30856,2.25824,1.82173,3.40204,3.3641,4.82488,3.65762,3.90054,4.06921
4.56236,2.59074,4.23527,5.27547,2.0713,3.9047,5.15454,3.61427,3.55363,2.9223
4.32067,5.49167,4.39061,2.95465,2.77441,2.9278,4.07567,4.23512,3.48088,2.49158
3.78051,3.35847,4.61719,5.13123,4.08981,4.94581,5.76536,4.39214,4.23028,3.4606
3.18843,4.17741,2.23253,3.79672,4.08043,4.15615,3.34214,4.57412,2.44362,3.92662
4.00175,4.4224,5.99337,2.88813,3.32253,4.31,4.72118,5.36506,3.55785,4.02348
4.18517,4.26173,4.58651,3.03703,4.36971,4.64973,4.29238,5.95217,3.58173,4.88999
4.32905,3.86499,3.01232,3.95768,2.0515,3.11397,2.06871,4.50158,2.6528,4.27642
3.57209,4.88402,6.19732,4.83447,4.08593,4.07373,2.79916,5.58596,3.2403,1.90229
4.30875,5.24021,4.30287,4.24995,1.85078,4.51904,4.04437,2.53015,2.91287,4.8516
5.00054,5.6064,5.58389,4.33645,4.9728,3.08826,3.95687,4.99694,4.86233,3.13682
4.76019,3.4877,3.89848,4.08044,1.6983,2.4724,4.25741,5.98194,4.66273,3.69512
5.22498,2.72402,3.49512,5.11056,5.78482,2.96054,3.67096,5.63787,2.98426,3.46416
4.39886,5.24641,3.81217,2.88126,4.80997,3.62945,4.75768,1.96235,4.574,3.49994
2.7108,4.37968,3.10927,4.24766,5.61601,3.4459,3.69293,4.85794,4.12978,4.73901
3.34447,4.70749,4.74815,4.03308,5.71571,4.76137,3.58943,4.62193,3.65015,1.97137
3.01221,1.82515,5.46712,2.40616,3.01161,4.17928,3.71209,4.78231,2.6716,3.65638
3.85214,2.83028,4.74069,3.9402,5.00327,2.07029,2.91708,4.57119,3.49479,2.85616
4.29741,3.70752,4.75662,4.67918,3.85613,5.07889,5.7583,2.99646,3.68651,4.04474
3.89226,2.47085,3.09445,2.21762,5.84947,3.5857,3.22549,3.31908,3.77614,3.7556
3.92254,6.01012,4.1684,5.2271,2.5071,4.59561,3.57342,4.86797,4.28985,2.74687
1.05341,4.57953,4.18576,4.55921,3.39632,3.35923,3.48985,4.16807,3.59088,2.94775
4.09339,1.63885,2.32036,3.7753,4.46628,3.33093,5.80701,6.01157,4.70173,5.13389
5.26475,4.03107,4.79399,6.49941,2.191,4.41907,4.67116,3.18315,2.16486,4.80682
3.98084,5.16014,3.8195,4.57182,5.01793,3.86893,4.13956,3.22353,4.95188,4.52006
3.76434,2.87386,4.64138,4.96893,5.09985,5.17342,4.66525,3.58843,4.10114,4.36095
2.87943,4.00801,3.43911,3.64059,3.75135,4.33152,4.27478,2.11597,4.58136,3.18496
3.11513,4.34204,4.38292,4.18836,3.1513,2.56265,5.77056,2.32924,3.27933,4.49472
5.58476,1.71015,4.73143,4.57641,3.04316,4.58171,4.02288,4.26278,3.23318,4.38497
4.6451,4.17597,3.84833,2.59757,4.27662,3.69584,5.34993,4.71918,6.11677,3.79349
5.23993,4.67614,4.56656,3.95817,3.9083,2.91559,4.99685,3.45187,4.62475,3.70775
3.24218,3.82076,2.92158,4.53969,3.69494,4.54637,3.95638,3.10454,4.26228,4.44822
5.23429,4.78539,3.29258,3.40163,1.23081,4.77269,4.01197,4.2785,2.55996,3.83041
5.24212,3.34528,3.80366,3.7625,4.11269,4.85398,4.56141,5.41594,2.86392,4.6287
4.62233,3.15759,2.8326,2.79169,3.28385,5.25882,4.12368,3.30285,3.22003,4.62611
3.85743,4.46654,3.83427,4.89806,4.34311,4.01092,5.04361,3.543,5.30919,4.33549
5.773,4.5808,4.44481,4.0702,2.9372,2.94795,3.13045,5.19901,3.37701,2.54906
3.97777,2.9688,5.79415,4.38642,4.87509,5.30932,2.64809,5.2891,4.45047,3.44841
5.00189,3.17265,4.1812,3.2202,3.24917,3.96585,4.41448,2.94029,6.43805,2.25244
4.9304,3.81179,3.59692,4.89177,3.39917,4.47344,3.2712,4.8985,4.88754,4.0165
4.03683,4.6898,5.3164,4.45061,3.55908,2.87155,3.42311,4.22942,3.54775,3.87403
3.65091,2.79723,4.43927,5.09421,2.32409,3.95265,3.80669,4.92227,3.17696,5.40784
2.60295,4.09045,4.22117,4.35109,6.12428,5.31601,4.34371,5.25689,3.98032,4.35239
5.36285,3.68626,3.53981,4.84672,3.94896,4.13966,4.88816,3.69413,4.29276,2.92874
4.21185,6.32506,3.81523,5.45207,3.95061,2.80155,3.51919,4.64876,3.29673,3.95218
3.87659,3.33388,5.33517,6.22103,3.60666,3.4212,3.45369,4.94175,7.2689,3.94929
4.18975,2.86809,3.61428,4.32956,4.47699,4.97278,3.676,4.49615,3.04674,2.9951
3.20468,4.11686,3.50018,5.64917,4.87839,4.98194,3.25135,3.43108,5.1035,2.8575
4.65419,3.47559,4.69262,3.34185,4.89233,4.53322,3.86618,4.2274,4.24233,3.89054
4.57187,4.21648,3.94187,2.12471,5.04746,3.60679,2.71939,4.02899,4.36789,5.75171
6.42524,5.1636,2.37641,4.60032,4.03555,3.5741,2.72706,6.53829,3.29739,5.01879
2.75546,5.31104,4.31059,3.41929,3.40508,4.07598,3.04347,5.89597,4.81221,3.3619
4.43414,3.5453,4.11594,4.37897,4.50217,4.29312,3.50423,3.11456,4.38019,5.20094
3.14013,3.64936,4.64535,3.85216,5.49337,3.26552,3.90677,3.59992,3.44251,3.34272
2.64427,4.25455,3.14554,3.77278,3.87145,5.17221,4.14876,5.28208,4.93286,4.05873
4.08157,3.36718,3.0215,2.61371,2.58635,4.15419,3.7571,4.26841,3.41008,4.90159
3.93439,3.81913,5.5568,4.59391,4.30348,3.99642,3.98524,3.66291,4.1267,4.66553
3.9351,4.70174,3.68853,2.89019,3.68332,5.08856,4.29666,3.83561,4.10531,5.15096
3.47768,5.03363,5.56793,2.82126,2.03961,4.74977,3.34568,3.51437,5.27729,3.47242
4.4335,5.12463,2.43619,3.09847,6.22395,3.06728,3.13085,3.81855,4.94386,4.37665
5.14936,4.00011,3.66283,3.17721,3.23236,5.01278,3.35852,3.67152,4.43097,3.79247
4.83558,3.90351,4.25772,2.3308,5.90848,3.91204,3.851,4.41455,4.28813,4.70919
3.67014,4.05875,4.03073,6.54608,2.87094,4.84948,4.40144,3.36622,5.05098,2.55265
4.04381,2.72431,4.44725,4.26992,1.9072,2.31385,4.58948,5.32166,2.69598,1.93525
5.19214,3.45177,3.8549,3.90616,3.02276,4.40837,4.19074,2.91731,4.80972,5.46227
4.00358,3.61089,3.4909,3.37163,4.95422,3.46681,3.1711,0.544482,3.39342,2.63184
6.03843,3.81967,4.67067,1.15978,4.57511,4.80151,2.23723,4.13679,3.85528,3.31768
5.50589,5.44239,4.13211,5.66474,3.7142,3.83441,2.224,4.4457,4.51968,4.27897
4.22458,3.55896,5.15242,3.04634,4.00184,4.59526,3.94319,4.31979,3.00013,4.32843
3.74261,5.63244,3.34513,2.27095,4.5812,4.37278,3.65071,4.195,2.47213,1.60146
2.21529,3.67829,4.70104,2.03637,4.86264,3.73395,4.31515,4.07794,3.37715,3.34229
3.27701,3.92326,3.52238,2.61624,2.65282,3.90856,4.63013,3.70434,3.90218,5.73424
2.43483,3.24401,3.53757,4.67343,2.81708,4.73611,1.85073,4.45461,3.5642,2.99697
3.00313,3.49205,3.6752,5.39798,3.31504,5.36442,4.66155,4.46358,2.09401,6.01938
4.25606,5.94552,3.57043,3.44265,3.21659,2.17329,4.85956,3.20839,4.52947,3.38955
3.5913,4.55171,5.21249,3.30445,3.97432,4.77738,4.36344,3.4135,3.39893,5.83153
3.62041,3.04083,5.28763,2.28282,4.68183,3.09608,4.00458,2.70717,4.25932,3.41455
3.33894,4.2257,2.32323,2.65445,4.57946,3.63458,5.17947,5.3943,3.97246,3.64795
3.41232,4.98429,5.07125,2.55883,4.18398,4.44952,5.91862,1.79981,4.64834,3.49409
4.11465,4.69856,2.54183,3.88954,5.27092,4.41055,3.75384,3.83267,5.25868,3.19383
4.60481,4.498,4.8627,4.78216,5.04143,5.15482,4.71692,4.9591,4.77836,4.69058
2.78906,3.31529,5.70251,4.2334,3.8622,4.90181,5.09665,2.9824,3.14291,5.24294
5.70845,4.41665,5.67743,5.16479,5.0735,3.4968,3.43008,4.42548,3.64375,2.54466
3.68289,3.48343,4.95709,5.72716,4.17386,1.59314,3.20395,4.82741,4.06099,4.3657
3.87294,3.831,3.31283,3.28195,4.29578,5.47378,3.06763,3.34301,3.9221,3.63786
3.70412,3.85584,4.18915,6.06142,3.86118,3.64869,3.79736,4.39792,5.80232,4.37066
4.49812,6.15582,4.07519,4.6276,5.30616,4.2591,5.18659,3.59684,5.50181,5.06029
3.86205,4.57726,5.11591,3.70989,4.96619,3.43483,2.76086,3.95523,3.8413,3.72019
4.55841,3.88204,3.93051,4.27585,6.61724,4.70075,4.2955,3.32927,3.35215,3.27524
4.9431,4.75444,3.42139,5.11703,3.25802,4.61575,4.93551,2.83732,4.89484,4.66048
2.83131,3.53952,4.13575,5.63625,5.05489,4.05365,3.09196,2.19493,4.45377,3.35069
4.09073,4.03777,4.56895,4.23909,3.53923,5.50695,2.45696,2.90966,6.00752,4.37452
3.48012,3.82788,3.99515,4.44797,3.58664,3.78558,4.11061,3.50926,5.55525,4.36866
3.8514,4.3481,5.31232,4.35303,4.45011,5.08835,5.43756,4.19463,3.62907,2.2488
3.65096,4.2366,3.73139,3.12964,4.41176,4.9653,4.02824,5.79783,5.86817,3.3989
2.61836,4.21594,4.68377,4.5515,4.52953,4.46449,5.33066,4.85689,2.6367,3.76393
4.19107,3.55999,3.68261,3.99583,4.99307,4.24123,3.93348,3.78907,4.2925,4.96883
4.17932,3.81943,5.26484,5.51973,3.36698,5.98645,3.97431,3.52784,5.56083,4.45143
1.96924,3.84351,2.66707,3.46927,3.39259,4.90917,4.57132,4.61469,2.58207,2.5412
3.69399,2.90367,4.85546,4.2075,1.98934,4.13643,3.98762,2.73689,3.57152,4.67279
3.64652,2.90575,4.58766,4.30456,2.55851,3.59088,3.98455,3.75618,5.07549,2.62444
4.24497,4.13303,3.70998,5.01261,4.6206,4.63741,3.98893,4.69561,3.99574,3.72683
4.11713,3.76883,4.83981,3.14589,4.55573,3.31151,5.70743,4.25152,4.74134,4.21588
5.59331,4.7971,5.28353,4.06045,3.5565,2.75292,3.52185,3.3936,5.55299,2.46932
3.69518,4.85552,5.70109,5.30246,4.1407,4.2535,2.71729,3.91368,4.01473,5.19712
3.60933,4.97267,4.72144,5.64087,5.30639,3.15788,2.05955,3.69414,3.93142,3.85156
3.79297,4.16345,4.23804,4.54757,4.82186,4.92007,5.01779,2.40674,4.53515,5.94394
3.77008,4.71604,4.1746,4.84933,3.95127,3.2493,5.02002,3.93563,5.56634,3.6296
3.56765,4.27788,4.60526,3.7482,5.45325,3.8838,4.5758,3.61567,2.99308,2.40247
2.34808,4.16571,3.34919,3.54321,3.85447,5.27962,5.16158,4.5605,4.53612,2.38231
4.49469,3.8226,3.18247,6.01156,2.35721,2.53813,3.76608,3.70784,4.40174,4.04524
4.49633,4.2917,2.50799,3.68545,2.76264,4.05022,4.00925,4.94338,5.45474,4.60505
5.80476,2.3718,3.8886,3.37693,2.62379,4.20578,4.29735,3.60183,4.89585,3.17055
2.53919,2.79721,2.9269,3.75586,7.18903,4.48874,4.41359,2.66255,4.55934,3.79881
3.3378,4.26798,3.49523,5.30919,4.17248,3.41661,2.79548,4.24417,4.35571,3.30336
4.85951,5.01086,5.33312,4.15224,3.89523,3.28559,2.02551,3.08727,5.06353,4.328
3.61765,4.83928,3.1763,4.61459,3.30528,3.65715,4.86826,3.06705,4.05064,4.34615
2.9073,2.52537,4.92355,3.29881,4.25931,4.40497,5.00499,5.40277,5.50452,5.51622
4.31721,3.67898,4.22688,2.91833,2.84396,4.53964,3.55341,3.67385,3.60997,1.64923
5.32779,3.53963,5.41979,2.57963,5.08994,4.931,2.25696,4.3304,4.28119,5.66518
2.88038,3.76341,4.40834,4.46555,3.85848,2.88821,5.31372,3.95081,3.71457,6.01083
3.44347,3.534,6.51705,5.45666,4.34018,4.56716,4.37473,5.62568,1.97138,4.47973
4.4421,4.89131,2.97766,4.82334,3.33338,4.26763,3.10071,4.6668,3.9447,3.19453
3.81922,4.07147,5.16204,2.61227,3.7861,3.43014,5.68205,4.2588,3.18959,3.11785
4.45807,4.34926,2.66703,4.59881,4.25489,4.19194,3.78877,5.84392,4.53824,3.65582
3.63809,3.79229,4.42842,3.91633,4.01653,4.54184,4.54975,3.08001,4.82461,4.10987
5.14303,3.73841,6.35571,1.76334,3.35543,5.50406,1.89075,4.35197,3.74722,3.29319
5.25114,3.47362,4.31533,3.03327,4.11833,3.56385,2.82817,3.18999,3.56995,2.01421
1.92285,3.84582,2.41277,2.24477,3.96682,3.70937,4.97525,4.3444,6.18991,4.25316
4.69579,3.67259,3.07626,4.10136,5.07695,3.96868,4.57236,2.99822,4.44834,2.15808
3.71076,6.16871,3.32737,6.14886,3.86101,4.01774,3.80387,6.1772,3.10777,3.1956
3.01841,3.30764,4.74214,3.37289,5.34728,3.01383,5.11484,5.94083,3.56955,4.48207
3.45275,4.73525,2.69025,3.42235,4.18441,4.82223,3.73937,4.50935,4.71565,4.91419
4.48493,4.71485,5.38817,2.97089,4.22248,4.51695,3.72,5.59948,5.59602,3.63277
4.9497,4.35662,4.12796,2.68063,5.31924,6.03336,5.14311,4.63253,3.78529,2.86532
5.37042,4.23355,5.32701,5.20656,4.00244,4.30301,3.23964,3.22672,4.03263,4.13546
3.43239,2.46877,2.73335,3.83405,3.56423,2.17808,4.07054,4.98522,2.59992,3.52451
3.12345,5.5446,3.35023,4.50994,3.58911,4.82075,4.61042,4.95573,5.67926,3.09641
4.40783,6.03564,4.24131,5.28296,5.31313,5.51569,4.48084,4.63675,3.69241,1.63703
4.3601,4.56983,3.2806,3.41316,3.32255,2.53989,3.85778,4.75218,3.86806,4.08075
5.34605,2.86662,4.48149,3.97882,4.87705,3.39123,3.17972,2.53062,5.17081,3.68392
3.75672,3.69296,3.346,2.34439,5.78551,5.00372,4.40712,4.35212,2.99968,5.00644
2.59828,5.03141,4.62888,4.58424,3.80177,2.56508,5.33071,2.23052,5.33708,2.23794
5.36196,2.8596,3.15492,3.21033,4.69309,4.82319,6.38549,3.2021,4.87462,4.02993
3.29236,5.65033,4.78674,4.58604,2.78598,3.98645,2.07683,3.05516,3.04911,5.3142
4.69604,5.62379,4.10176,3.93598,4.76744,5.60653,4.04838,6.02718,3.54411,3.44394
3.76144,2.65364,4.14519,5.00588,3.69413,5.02741,1.86319,2.60053,4.32399,5.12858
3.59404,3.09054,4.10148,3.58213,4.3071,4.05765,3.97045,4.54717,4.76263,3.72615
4.81925,3.54108,3.87974,3.61447,5.16622,3.87485,3.85394,3.76702,5.27016,2.53312
3.01228,3.24593,5.15352,3.63226,3.51763,4.51896,3.24077,3.33137,2.63981,4.94911
4.35072,3.33866,3.16713,5.23118,4.51398,3.72092,3.30741,4.86553,4.9428,3.56089
5.85538,4.9376,4.10331,3.86751,4.09576,4.17316,3.4756,2.98504,5.44233,3.02153
5.89962,4.01442,3.69968,4.36354,3.63829,5.10099,3.12462,4.49867,4.64123,3.23422
4.17027,3.81896,3.43562,4.00058,4.41475,4.31746,2.63636,5.49323,4.22932,4.53999
3.71736,3.7352,4.35769,3.9891,3.21785,2.90793,2.41864,2.49054,3.97865,2.30416
3.85376,2.53085,2.97795,3.89943,4.69341,3.7618,4.0529,4.41704,3.46917,3.90588
2.99101,4.63183,3.9032,4.31143,3.37277,3.42,6.00463,3.54632,4.55206,3.97356
2.80442,4.39629,4.70304,5.23927,2.88291,4.71737,3.70678,5.6794,3.71423,4.6642
3.09393,3.07371,3.64546,5.19283,4.50935,3.96483,2.872,4.66836,6.24299,2.89164
5.33035,2.61333,3.6639,3.84446,4.74159,3.95193,4.95353,3.97606,2.30242,2.82042
5.60454,4.88988,5.49392,5.08229,3.9742,3.79824,2.16606,5.17793,3.47442,4.05852
4.95771,1.48148,4.44208,4.27887,3.98341,3.85549,4.2111,3.01231,1.87461,4.50785
4.54093,2.71053,3.47099,6.26576,2.87381,5.21141,3.77857,4.00058,3.96736,5.67304
1.9336,1.91276,4.05685,2.13088,5.66506,2.47394,3.99571,3.397,3.62286,4.45089
3.91819,4.57629,4.65919,5.16836,1.80044,3.0841,4.31784,3.73761,4.351,4.73422
4.32395,2.9784,2.54333,5.86212,3.07525,4.39618,4.97388,3.72137,3.38681,3.74336
5.12265,3.06626,5.05248,3.73718,3.87431,3.89114,2.60232,3.1284,3.09231,5.01603
0.936018,4.03618,4.1512,4.77395,5.06791,3.33693,3.19869,3.67607,6.41739,5.00439
3.73496,4.73112,3.00753,4.87691,3.59072,4.87458,2.80455,5.15183,2.416,4.65827
5.09618,4.50088,4.20627,3.22284,4.70377,3.78782,4.25414,5.12662,3.46675,3.28888
3.75778,3.99475,2.93482,2.31457,4.12178,2.71202,3.57952,4.43756,3.24675,5.79716
4.69325,3.44176,3.70608,3.70416,4.38044,2.87983,4.56462,3.15596,4.68847,2.63682
4.91399,5.02027,4.53396,2.97479,5.65271,3.79779,3.28328,4.65417,3.7964,3.64535
4.54871,4.02409,3.90186,5.38812,4.78266,3.00847,2.37467,3.32141,5.04548,4.85234
3.57178,4.10706,3.94267,3.47161,5.16634,3.66157,3.56085,5.77359,3.42822,3.53513
5.91781,4.70758,5.33407,3.64064,3.24943,5.16123,2.64696,4.74265,3.43383,4.42206
1.76611,4.10614,3.82958,4.19082,3.87701,3.20122,3.61804,4.28421,2.6753,3.66276
4.22598,2.26748,3.01683,4.17032,4.28282,4.39641,3.69419,3.94507,4.09042,2.46733
4.06188,4.65253,4.77904,3.98467,3.84297,3.94211,3.26738,4.52764,2.73723,3.35851
3.24366,4.81437,5.38534,2.57237,3.62791,2.76046,2.35416,3.78843,2.41534,4.54597
4.90718,1.51088,5.48575,6.44897,3.18705,4.48951,4.08079,3.76865,4.67774,4.44391
2.104,3.87965,4.59561,4.51331,4.11634,5.73478,3.70468,5.31298,2.95951,1.98186
4.38624,4.967,4.72707,2.08786,4.64795,3.29455,2.72071,5.35468,4.9582,3.30263
4.88829,3.0055,5.58909,3.63347,4.25202,4.15984,3.9564,3.59714,4.15478,3.42247
2.00753,4.36483,4.21972,4.14976,6.58484,5.22813,3.96229,4.68358,2.49947,2.97798
3.55966,3.94368,4.21975,3.11031,4.10338,3.34483,4.78606,3.41661,5.29151,2.98142
4.16348,3.96222,3.54541,5.12308,3.48307,5.09187,4.18414,4.51578,4.27411,4.19142
4.52644,6.38365,5.42766,5.80662,4.17401,2.20599,4.26866,3.81516,2.42863,3.82666
3.08604,3.53512,3.46267,5.22653,3.16971,2.72606,3.4787,4.78395,3.92755,4.5344
4.0046,4.64143,4.94789,3.5502,5.37911,3.08619,3.93194,4.76904,3.7759,4.51361
5.13222,3.09966,3.49073,4.0493,3.62906,3.37615,5.53958,4.38003,4.93031,5.41435
5.96401,1.87075,4.73981,4.29349,5.07358,5.22329,5.42266,5.09986,2.70263,3.41614
3.84191,3.8288,1.80013,3.71781,4.67419,5.32753,3.30549,3.2678,4.43462,2.7573
5.05727,3.40046,5.08006,3.95998,5.02087,3.05732,3.49643,1.57422,2.66774,4.95558
5.13724,2.81494,3.42526,2.86093,2.97472,4.34994,4.04731,2.23221,5.61098,4.80947
4.20158,3.03179,2.43363,4.62781,3.68592,4.57709,4.34636,3.78155,2.80246,4.5753
4.57222,4.65341,4.69304,3.26994,5.76114,5.47474,4.69178,3.2603,3.68273,4.40112
3.71716,4.94448,4.34161,5.41337,3.74357,4.70944,5.29478,3.73485,2.66749,2.72914
4.04586,1.90013,4.66436,3.44872,4.40213,5.85871,2.89324,6.15275,3.54568,2.69332
4.60404,4.3017,2.99909,3.464,2.77997,2.62971,2.47685,5.58623,4.27054,2.7207
4.67319,5.07193,2.08277,4.39688,4.51797,1.73526,4.17201,4.42165,3.96897,2.3045
3.20044,3.47234,4.36141,4.54021,2.96364,5.36271,4.85621,2.87768,5.35477,3.67047
3.63023,4.16121,4.74555,4.23227,5.82574,4.48656,3.63773,2.47524,4.16058,3.81482
5.10391,4.42817,5.79642,5.53586,3.00446,5.14648,3.97541,3.70413,4.55523,3.19001
5.9979,1.5112,3.87173,4.85499,4.12431,3.74337,4.26539,4.89288,2.12154,4.99568
3.74961,5.00617,1.12849,2.22194,5.24121,3.81228,3.91372,2.09729,2.40571,3.25277
3.47303,4.86575,4.126,3.5138,1.938,3.2884,5.58444,4.29689,3.80051,5.01622
5.12716,5.01366,3.79446,4.71575,5.77318,4.39435,4.11195,5.3309,5.26261,4.03103
4.36858,4.58832,4.94328,4.41143,4.50894,4.49816,3.86312,4.72891,4.76146,5.10765
3.1142,4.11803,5.14254,3.85028,4.94728,4.03762,5.36074,4.56261,3.8175,5.89968
4.15808,5.59537,4.45929,4.28642,3.75406,5.19454,3.60781,4.68087,3.45805,3.37832
3.17251,1.98269,4.52213,3.88819,3.13201,0.578279,1.9386,3.35039,2.90238,3.96418
2.66429,1.53362,3.97262,4.61406,5.56261,2.64989,2.2278,4.38144,3.12869,3.11864
5.38198,4.80546,4.39297,5.31967,4.25918,4.13515,4.2122,4.62973,3.53887,4.81403
4.98126,3.28642,2.92033,3.01799,4.25079,3.4264,3.92728,4.02632,5.18768,3.30153
4.11,4.82212,5.2028,2.1002,4.99509,3.80386,4.58643,3.98969,4.00361,2.90416
3.8405,4.62291,5.12169,4.05653,4.13879,4.69568,2.43931,3.74328,5.32377,3.21173
3.69814,3.5234,3.77363,3.50981,4.67512,3.46653,5.14462,4.60346,4.80184,3.61618
3.29866,6.09112,3.15526,5.19207,4.32386,4.59186,4.59619,4.74583,1.9147,5.3834
3.81794,4.50906,3.96727,2.6747,3.62594,2.51595,3.98769,4.08446,5.00674,5.04846
4.41662,4.12995,3.76695,3.67059,4.98153,3.09402,3.71248,3.25193,3.77408,4.04952
3.84692,5.27062,5.52577,4.37638,3.43601,5.69917,3.07134,3.77332,4.8887,4.31684
3.24612,2.78488,3.53281,5.94103,5.75715,3.74578,2.86537,3.66516,3.80651,3.22291
5.067,4.48334,3.61515,4.16701,4.14772,3.66136,3.29254,4.04321,3.62567,2.55523
3.81186,6.23971,5.74838,4.96338,4.75164,4.09763,5.64524,4.22891,4.13106,6.16419
1.86036,2.62172,3.59556,3.77053,4.79495,3.02075,3.17394,5.19104,6.07552,3.5159
3.82756,2.00234,4.28682,3.50167,3.7005,3.19433,4.3462,4.21904,4.76652,2.07375
5.64453,1.96366,3.19881,3.01808,3.16889,4.05955,4.98815,2.56159,4.20332,5.00569
4.25599,4.33438,5.22339,2.47409,5.10894,3.94355,3.26433,3.30853,2.87957,5.24158
5.36483,4.91572,4.04965,4.92558,5.36946,6.09802,5.3756,4.55362,3.41384,2.8452
3.2218,5.8776,4.13674,4.0777,2.61642,3.80164,3.28613,3.7319,2.64767,4.24453
1.68718,3.96273,4.08497,2.09722,4.27131,4.38216,3.86768,5.39373,4.15432,3.01418
4.77241,3.69841,3.45805,4.55823,4.12108,4.74187,5.10803,3.94719,2.08969,4.20053
3.20267,4.12869,4.06739,3.79605,3.40473,6.38407,3.39286,4.21364,2.96087,3.46994
4.17421,3.29598,3.38891,5.06465,4.64263,4.92502,2.74002,3.04593,4.56657,3.67809
4.4782,5.02597,5.57268,6.12894,2.31707,4.20104,3.88959,2.69643,4.91534,4.64938
4.83125,6.09019,3.86216,2.90664,5.73098,4.24744,3.35236,5.4037,2.80934,4.36129
4.23866,4.59251,4.84111,3.56833,3.03403,4.01236,5.00348,2.46276,2.17169,2.74457
3.918,3.89075,3.66998,4.06842,4.81664,4.99996,2.52272,3.33291,3.87265,3.16457
4.46053,2.80175,2.52256,3.01097,4.19271,3.84223,1.88565,5.52122,3.73704,3.98143
3.9467,3.4155,4.49231,5.37771,3.4109,4.06778,3.13621,2.35695,4.23849,2.0799
4.17269,3.34146,3.41799,5.29708,2.55106,3.61608,4.27806,2.84991,4.32411,2.44768
2.59093,5.69608,5.49412,5.40203,1.1617,4.40637,3.44382,5.61419,4.13116,4.23714
6.32462,4.38164,4.3563,4.06772,4.45414,3.92706,3.72895,2.18265,3.75449,4.63697
4.46406,6.27498,3.6211,2.99297,4.93232,3.76569,3.98689,4.21209,4.50007,3.98221
3.85116,4.17301,2.15126,4.19034,4.4864,3.49212,2.73235,2.3711,4.97832,4.75066
5.98648,3.44994,4.22054,5.39918,4.75631,3.47437,2.77218,4.53435,3.16097,3.69209
4.87913,4.41787,5.02119,2.65018,4.32519,4.3798,3.46779,2.23144,2.8279,4.94909
3.18899,3.32496,5.64898,4.70965,4.80682,2.95455,4.90143,3.97096,1.96395,4.31657
3.09176,3.56852,3.3286,3.38809,4.6725,4.34324,4.06829,3.73095,4.73011,2.95683
4.36897,5.77642,3.91072,3.20483,3.36704,4.44182,2.73952,4.21786,4.04956,2.9947
1.96032,5.08094,2.86583,4.87327,3.55519,4.1491,3.55863,3.97357,5.51487,3.41756
5.88818,5.08802,4.17965,4.61723,4.75176,2.45878,5.02178,3.73118,4.9114,4.43522
6.51859,5.91261,2.98329,3.82954,2.8391,3.23615,5.20313,4.80725,3.25944,2.35789
2.26923,4.53022,3.74744,2.80129,4.35387,3.2281,4.69815,4.12972,4.81338,3.8555
3.66374,4.22087,3.92073,5.4625,3.29494,5.1626,3.52738,5.40961,1.96111,3.66453
3.46998,4.26757,4.94896,2.48036,1.56824,3.12723,4.18301,4.7502,3.3092,4.24878
4.98272,2.17698,4.26703,1.758,4.78807,5.03177,5.5357,5.34067,5.2205,5.69611
3.2241,5.13616,3.74579,3.90346,4.64476,3.3532,2.04713,4.70577,4.52743,2.5506
5.01496,3.80244,3.79399,5.26513,3.52698,4.4411,4.34838,5.43373,5.98812,3.94256
4.4687,4.93272,4.44811,3.38058,2.29565,3.69018,4.03207,4.35783,3.98519,2.83375
3.49873,3.58423,4.91024,3.10896,5.05771,4.90145,3.28242,3.63126,3.38817,3.99366
5.03888,3.91297,5.87974,4.44742,5.32371,3.69286,2.92956,5.25363,4.28298,3.20898
5.49473,3.19218,4.46478,4.0556,5.37953,3.82765,3.10215,3.96954,3.84203,3.50981
4.82829,3.68668,5.1367,4.09964,4.56306,5.20042,4.39232,2.81323,4.51951,4.19077
2.56013,3.224,4.26418,4.05568,3.19901,3.71923,5.54009,3.14069,3.86349,3.95067
4.17517,2.39687,2.67717,3.73296,2.73653,3.51429,3.40336,4.86292,4.4535,3.90757
4.4912,2.9311,4.8691,4.47466,4.46648,5.07438,3.91957,4.54861,3.95979,4.69411
3.16868,4.92645,3.60086,4.74672,4.02779,4.68677,7.00303,2.7765,5.8882,3.29699
2.18104,3.92472,4.34765,5.5881,3.5016,5.75682,3.29712,3.92224,3.71755,3.24033
4.34556,4.98629,4.09517,3.73515,6.15585,3.28662,5.45998,3.70732,3.23179,4.45443
4.22489,3.19644,3.659,5.70788,5.92857,4.44564,5.63311,5.60755,3.85523,5.08828
2.02958,4.85061,3.57742,4.98225,5.03417,4.19984,4.7345,3.07304,3.50499,3.26986
3.35743,4.41208,3.65472,4.22685,3.85962,4.87568,2.3701,4.16665,4.03818,6.07311
3.98615,3.03215,2.33242,3.27242,4.1514,2.0463,3.15548,3.07258,4.18912,3.97655
4.88397,3.35226,2.80725,2.6844,4.10971,1.15361,2.69401,4.44508,4.62409,5.60489
4.11063,4.94531,5.09471,5.12897,2.40486,4.60556,3.83083,3.91877,4.12306,3.25527
2.61098,3.39609,5.44896,3.36714,4.1026,5.50624,2.16001,4.25241,3.12708,3.34463
3.44016,4.30378,4.54702,4.28451,2.96662,4.97277,4.32014,6.28277,4.69353,2.9992
3.89543,4.79292,3.31643,4.73326,3.08138,5.64252,3.36044,3.91425,3.66329,4.26817
4.71039,5.67742,3.67609,5.63621,4.95662,4.17147,4.99512,4.09271,4.78724,3.62188
3.04355,3.31744,3.22811,3.07071,3.38565,4.70928,5.12993,3.43814,4.7729,3.90833
4.14853,3.75369,5.15113,4.37982,2.56521,4.40685,3.40527,3.55988,4.80306,4.8499
2.69399,4.14528,4.56011,3.31673,2.94994,4.72627,3.71826,3.33346,4.18243,3.31623
3.19945,6.05477,2.64216,2.86044,3.66571,5.10785,3.15202,4.31659,5.40535,3.6065
4.92596,2.94393,4.45362,4.86834,2.25015,4.49974,5.34971,2.57728,3.67942,3.0988
4.84226,2.5047,4.8657,4.19398,3.22434,4.20116,4.35013,4.60942,3.52465,2.56935
2.81727,3.52762,4.20313,4.28876,4.32457,2.7448,5.1433,3.7048,3.17856,3.72235
4.46803,4.9267,3.44753,3.61738,4.02523,7.42269,2.59411,2.63787,3.1975,6.59423
4.12952,4.29755,4.31299,3.16955,2.80573,3.45051,4.36078,4.24916,2.59723,4.5209
5.0268,3.65231,3.13085,3.53521,3.01819,5.06193,4.87459,3.29058,4.0109,3.47347
3.59807,6.12983,2.98106,3.58126,2.48819,4.08529,3.26647,4.96281,3.20954,4.07275
2.20335,5.01365,3.24507,3.4034,3.46227,3.46858,2.82698,4.58153,2.48648,4.38041
4.46316,4.58661,4.9716,2.03058,4.5963,3.82661,3.38144,3.6036,2.93386,3.83286
4.72411,3.78931,2.81364,5.06979,4.57994,3.85739,4.29656,2.03865,3.43948,3.52025
4.65884,2.96671,3.95741,4.39923,4.68187,3.79302,4.34976,3.19644,6.1153,2.62859
2.16546,3.57957,5.67656,4.49461,4.62818,2.11105,3.67387,2.16591,4.97467,5.19636
3.26147,2.10755,2.98671,3.44662,5.33533,2.9258,3.73132,3.17613,5.44629,5.07908
4.3816,2.30344,3.5987,3.50874,3.76353,2.29301,2.24721,4.33168,4.8283,4.00644
3.55738,2.963,3.82907,1.52963,1.99018,2.95342,3.98788,3.12339,3.87334,3.20572
3.01473,3.49127,2.62315,3.20763,5.65275,4.13951,4.50899,4.20822,2.95261,4.49744
4.18452,6.49021,3.57858,3.276,4.13838,5.29568,2.09908,4.86688,4.29865,4.02779
2.91571,5.86492,4.09943,4.28313,1.89581,3.41972,3.29731,3.32815,3.37054,6.17917
4.37617,4.07875,2.47759,5.25008,4.24671,3.67087,3.1584,4.45006,4.38615,5.45043
3.51047,2.85772,2.13142,4.64926,4.29212,4.72897,3.13887,2.90687,3.78675,2.9306
4.77276,5.69635,4.69581,4.0548,4.88579,2.11855,4.30421,4.99032,2.86216,3.15114
5.82492,2.06419,3.7811,2.53366,4.38556,5.21266,4.43337,1.82947,5.06771,6.24196
4.32807,2.31989,3.30701,2.89295,4.4006,3.94404,4.88045,3.69813,3.72609,3.16407
4.69226,4.46248,3.66832,3.72422,5.49486,3.30947,4.37697,3.31435,2.82054,4.60303
4.55175,4.65104,4.78539,3.41727,2.66205,3.81899,4.81843,5.17475,5.71737,4.38507
4.96607,3.77164,2.35812,4.2112,4.18149,2.33765,3.80503,2.45875,4.32075,3.59998
5.57382,3.02637,3.65502,4.81658,5.09597,3.59909,2.33215,3.37148,4.77043,4.56749
5.70583,2.81082,3.32689,4.39765,3.33736,3.67645,3.92588,5.7375,3.49245,2.90853
3.43406,2.64199,4.35043,5.18199,4.64657,2.17918,3.85597,4.69039,3.68725,3.99855
5.4811,2.66885,5.55899,5.15499,2.91151,5.0013,5.56253,6.06053,3.66076,4.98236
2.48567,2.5764,4.74841,4.39186,4.33985,3.81864,5.06914,3.63584,3.30274,4.44425
2.78997,3.60515,3.82814,3.23048,4.84438,2.7686,4.11053,4.8094,4.33914,5.21941
4.82275,3.5074,2.11479,3.46378,4.55962,2.04958,5.46191,4.41139,5.70751,4.57564
4.80115,4.41327,1.82342,3.4956,4.59916,3.89563,6.42365,3.23468,2.76779,4.59352
4.41459,2.70851,3.75796,5.96278,4.40029,3.67093,2.24856,4.35054,3.57672,4.16511
3.84712,3.24922,4.08156,5.75216,2.93837,1.48957,5.97317,4.04206,2.00037,5.62904
4.8966,3.13734,4.27634,4.48891,4.06178,5.21118,4.78515,4.33342,4.97889,3.86417
4.10973,4.65935,2.4575,3.73183,4.90617,2.66731,4.17024,5.58267,5.16799,3.18311
4.08991,4.50726,3.48918,3.89823,2.26773,4.24417,4.63501,4.16446,3.10181,5.90327
4.79896,4.96485,5.58607,2.45732,3.33612,3.43612,1.86306,3.452,2.48741,2.14246
3.58032,3.75879,3.46937,5.88105,3.16341,3.60411,3.05503,5.01817,3.90022,5.51389
4.67327,3.87528,4.61768,3.05404,4.80361,4.33703,4.7711,4.31607,4.55549,4.8668
4.13325,2.27505,5.18041,2.789,2.65503,4.89413,4.54925,2.95617,3.14718,2.85726
4.76018,4.40265,3.54652,4.68771,3.605,5.04888,3.62941,4.24349,3.90287,3.88694
4.95365,2.95288,4.42969,5.34748,4.07103,4.30371,4.21686,4.93635,3.67614,4.00486
4.9306,4.77598,5.20007,3.33188,3.19331,3.75978,5.18705,3.8156,4.43516,4.61577
3.78069,4.36693,4.35992,4.11454,2.36914,4.75671,4.37988,4.58439,5.28786,1.93617
6.1749,4.90906,2.59382,4.8509,3.97073,4.41365,4.09063,5.26964,1.30558,4.10612
4.45803,4.70023,3.41486,4.719,4.95414,3.74404,4.36613,4.57175,3.60217,4.58542
3.90122,4.75977,3.61566,4.37321,4.34728,2.50725,5.67027,4.45189,3.54209,4.74706
4.91992,3.53577,3.90487,5.63743,4.24993,4.67733,6.95878,4.67379,2.83434,3.18795
4.9652,4.76723,5.1592,4.57868,2.88084,4.39397,2.62969,4.30219,2.31615,5.70311
4.70535,3.1418,3.31146,4.89557,2.97475,3.99653,5.13646,3.44216,1.69264,6.09644
4.1339,5.34675,3.90013,4.87024,4.32283,2.29003,4.60958,3.34098,3.89565,2.20737
4.91792,4.1936,4.32815,4.3585,4.40881,3.07436,4.6278,4.14735,3.63041,4.48453
2.11505,4.07764,2.96086,4.20772,4.87508,6.11773,5.17238,3.01031,3.87124,4.19678
3.20072,3.95257,4.9117,4.04803,7.06534,5.55882,3.50377,3.45177,4.01078,3.7818
3.25695,5.79167,4.27425,2.52603,3.02992,3.37742,4.28562,4.22282,3.55002,2.98738
3.57398,5.08821,2.88065,3.36049,3.11472,3.38741,4.13605,3.59144,1.23814,3.68258
3.33185,4.0392,6.45196,2.9381,2.80269,3.40693,4.13731,3.34931,4.09028,4.58854
4.05858,5.81704,5.46747,5.16451,4.43889,3.66696,3.97829,4.90933,5.05661,3.817
5.13764,3.53282,3.44931,4.7138,4.12749,4.62156,3.78463,6.32853,5.20103,2.9837
3.7015,5.18151,4.5757,2.48638,4.78066,3.32839,3.39333,5.57648,3.1712,6.46134
4.81505,3.78253,4.06784,2.84515,3.90963,4.85995,3.32414,4.74013,3.72944,1.84681
4.76736,4.26787,3.85111,3.20269,3.88548,3.76122,3.95001,4.51933,4.32514,5.71462
2.1611,4.24134,4.4457,3.5975,2.60084,3.69,3.16743,6.64265,5.00428,2.67333
4.58925,4.56318,3.66725,4.81582,3.23361,5.22923,4.53228,4.08196,5.00782,5.67848
3.90194,3.85839,3.97578,2.95128,4.251,4.78276,4.99856,4.58497,0.972789,4.56035
3.12558,3.69124,5.14148,2.00864,3.80493,4.28357,3.20597,2.87721,3.69846,2.8053
3.34447,3.44317,4.55857,5.26167,4.42967,4.47561,3.91168,3.50884,4.49155,4.74304
5.04369,4.15559,3.27527,3.45614,5.84269,3.17321,5.21845,3.17513,4.08525,2.19389
3.8317,5.01556,3.45202,2.79396,4.42435,4.12483,2.02671,3.1554,4.58217,4.26722
4.91231,4.77551,4.43814,4.64584,4.73477,2.40066,2.17206,4.40481,3.27501,3.48698
6.1023,5.94235,5.10224,2.80611,7.03883,4.27847,5.557,2.09689,3.3899,3.23927
3.83918,4.30143,4.08804,1.91756,4.02477,3.64233,5.56415,2.88665,4.51172,5.15859
4.85735,3.3142,3.71641,5.62213,3.10824,4.73374,3.66995,4.13953,1.67742,4.83844
4.83364,4.91985,2.51175,5.40406,4.79948,2.71874,4.11946,3.1774,4.21104,5.43465
3.11602,4.4077,2.98157,4.61042,5.23508,5.31858,4.08764,3.74716,4.7341,3.34548
3.90118,4.36937,4.88916,5.12357,3.99289,3.16251,4.38976,4.76701,4.8088,4.59067
4.70212,3.74245,5.43367,2.66955,4.03701,4.9414,3.17648,2.93828,3.54612,4.39184
4.29933,4.60809,1.69034,4.112,4.02231,4.28857,4.40425,5.61986,6.26365,3.63399
3.06917,4.313,5.05182,4.15124,2.60487,2.57825,5.07619,4.71271,6.59714,3.16209
4.59666,2.86698,5.00781,2.68604,4.16983,3.72461,4.08672,1.93474,3.61809,3.4494
2.93884,3.7446,4.39123,2.34853,3.77859,3.22666,3.84253,6.64688,4.77805,3.71347
2.43964,5.23025,5.64767,5.1935,2.47152,2.14394,3.75111,5.13299,5.53469,2.61212
3.53821,3.24357,3.36481,4.79446,3.46801,3.77087,4.3908,1.64949,4.73534,3.21833
5.66977,2.50366,4.81971,4.54339,3.61237,6.15296,2.8934,4.3251,4.51774,3.17185
5.07601,4.01295,4.98642,2.56949,2.54323,3.46325,4.93372,3.91167,4.45602,3.166
4.82967,3.18326,4.2201,4.17885,2.52297,4.1214,5.35889,4.0623,6.58628,5.44543
3.9809,5.03736,4.81126,5.74165,3.85652,3.89373,3.75582,1.20096,4.40643,2.61092
3.80883,5.15091,3.20977,4.40512,4.82069,4.97958,3.89484,3.56567,2.02605,2.22413
3.52467,4.42723,3.45355,4.27094,2.46461,3.64492,4.30877,5.31795,2.72072,3.70338
5.03416,2.98035,3.25092,2.21462,6.16512,5.8722,4.46254,4.37692,4.55191,3.86749
5.5801,2.73524,3.75656,4.54619,3.68987,3.38604,4.08349,4.02056,4.04209,2.91287
3.45259,4.93485,4.35623,2.8827,4.94108,4.0164,3.03816,2.99718,3.73773,4.42923
5.6272,5.46799,5.20145,4.06271,2.99104,3.60395,3.87142,2.01527,4.89723,3.93121
5.81037,5.30275,4.74103,4.46758,5.26122,2.97602,3.49189,3.49247,5.18351,4.23493
4.75022,4.12362,5.60868,3.10645,3.68583,3.15276,4.48356,1.73536,2.93342,3.99887
3.01218,3.69828,4.69198,3.54346,4.94074,2.83557,4.89162,4.24551,4.59858,4.45037
3.88235,4.24375,4.89395,4.81783,4.80953,4.23841,3.66906,2.05374,2.08381,5.64178
5.17059,2.81722,4.82565,2.52557,4.53653,4.9418,5.01063,2.95393,3.09448,3.31809
2.7399,4.27877,3.0922,2.31089,3.5732,2.95668,5.43744,5.35474,3.68401,3.23469
4.06253,5.30421,4.33215,5.88344,2.28143,5.90277,4.44498,4.52436,4.30078,5.43295
2.44037,3.5064,3.35754,4.69229,3.95572,4.61069,4.88896,3.82977,5.22071,4.90842
3.23832,3.03253,5.31694,1.72071,4.44751,4.26461,3.66292,5.1476,5.98023,4.80847
3.47403,4.71423,4.21163,4.78046,5.02341,3.45106,5.33619,3.63139,2.65285,2.82133
4.10834,4.05917,4.53867,3.46077,3.59227,4.73295,4.24881,3.43201,5.45502,3.03379
4.15395,3.89175,3.69295,2.40253,2.64435,3.71373,5.04554,3.36582,2.18862,4.44644
5.36096,3.50232,1.92338,4.09437,4.21237,3.28444,2.99864,3.56916,4.88101,2.64072
4.55452,3.62105,4.17505,3.66276,3.89694,5.35723,3.76607,5.19342,2.9589,3.85036
5.01672,3.56418,3.45647,3.43054,2.54704,4.91557,2.86834,4.44539,4.54581,4.96279
4.92621,3.95595,3.50731,2.35897,2.55544,3.6233,4.76492,1.94061,4.17319,3.35064
3.17901,3.19477,4.5031,3.61016,2.47731,3.96858,3.23343,4.2237,4.60836,3.51184
4.22285,4.74938,3.38882,4.83857,2.71188,5.32784,3.922,4.77505,5.73963,3.47115
4.70095,6.55835,3.21525,4.41225,2.60489,3.16921,4.0748,3.52097,4.30437,3.74539
3.46783,5.21226,5.89906,2.77527,3.56034,3.60582,3.88315,5.25415,3.71269,3.5661
4.84495,2.97945,4.99325,4.08743,4.44519,3.6182,2.76047,3.25227,4.54361,4.35727
3.95161,3.8167,4.0847,3.3403,2.62871,5.94717,4.56316,4.41194,5.4385,3.90152
4.96436,4.03124,2.38893,3.73288,4.63409,4.31245,3.92551,3.57764,4.81283,4.51327
3.11974,2.32453,3.73635,3.35498,5.28552,3.49893,3.98323,5.42891,4.0076,0.841702
3.7373,4.20781,2.59146,4.51989,3.03498,3.46985,4.0241,3.59319,4.92044,3.9125
4.91836,4.54966,3.57868,3.3803,4.13674,4.26854,4.1654,4.55073,5.48557,5.1257
2.97095,3.58187,3.84851,4.31186,4.21257,1.99674,3.8146,6.23343,4.65502,4.34535
3.25978,3.85662,3.47968,3.58573,2.77331,3.29627,3.87053,3.72554,3.95369,4.43891
4.77056,4.90378,4.60403,3.78413,4.8748,3.33643,3.95224,4.24081,1.93633,5.37173
3.84553,3.05718,4.73658,2.04257,5.07297,4.32947,3.79524,3.58451,5.84601,1.88269
5.47099,3.96557,4.70264,3.98319,3.80822,2.45145,5.79705,4.77931,4.22882,1.29067
4.60485,3.34979,5.02805,2.61392,5.86449,4.41711,2.99765,5.40561,4.35812,3.37368
3.35543,3.3757,3.91765,6.38113,1.84968,4.50101,3.06236,3.9767,3.40476,4.04699
2.90225,4.62843,3.09113,3.22679,4.33785,3.77239,3.30384,4.66575,3.68726,4.57233
4.90075,4.65958,3.39453,3.07557,3.34768,2.93096,4.12379,2.68178,4.95464,5.30033
4.21611,3.59999,2.4717,5.62352,4.9157,3.8683,3.33189,4.08575,3.84203,3.69506
2.38837,5.43734,4.5679,0.925956,2.75922,4.03099,4.84201,4.47882,4.95802,2.43592
4.69689,2.76641,3.70405,3.94684,4.76078,4.03718,2.04889,4.30855,3.02629,2.68118
4.39994,5.26955,4.22187,2.6964,5.33661,3.99258,4.71862,4.80375,3.59099,3.43466
2.86738,4.47129,2.85364,3.09648,3.80387,4.22359,2.48421,4.56388,3.44465,4.37436
3.8896,4.73533,2.79111,3.4636,4.34942,3.89667,4.51035,3.99057,3.30536,2.41215
4.7163,5.0964,4.85765,3.90026,4.60821,4.81172,2.75658,3.50991,2.26041,3.04743
4.23569,4.17169,2.81181,3.49193,4.18866,4.66939,5.0717,3.18028,4.5424,5.54627
5.01111,2.8799,4.54268,3.58014,5.11668,4.4809,5.19009,4.46521,4.00186,4.76507
3.83629,4.5829,4.49873,2.31087,2.42963,4.44457,5.4898,5.87453,6.10011,4.05154
3.69533,3.85905,5.79051,4.13786,2.95118,4.31135,4.07092,5.61916,4.20762,5.15164
2.64413,4.02776,1.33258,3.14603,4.82709,3.39034,3.93727,3.50788,3.98215,3.48611
3.73322,2.29085,4.45399,4.46544,2.42693,5.27416,3.68361,4.48209,3.98136,2.55901
2.86389,3.89678,5.58756,2.71666,4.32748,4.63322,1.8073,3.32744,3.9792,4.68048
3.49296,2.28665,4.3358,3.81513,3.03409,3.84711,3.35365,2.56602,5.32858,3.77348
4.62555,2.29258,3.43204,2.85275,3.85671,3.54648,4.53362,2.09713,4.21829,3.16214
2.79885,4.98194,4.85444,2.55552,2.87322,2.35104,2.89893,3.69845,3.6679,3.92875
2.33931,3.84238,3.44201,4.91448,4.34455,4.51571,3.55226,2.86243,4.50021,2.91599
2.29931,4.49048,5.05504,4.6272,5.16046,5.76554,3.57579,4.50093,5.03648,4.62733
2.78087,3.26655,2.88025,5.55798,3.48019,6.31992,4.16583,2.9012,4.38189,5.44189
3.7607,4.73784,4.03737,4.91879,3.09225,3.81714,3.50491,6.06344,2.21039,4.05289
3.47956,3.62642,3.05094,4.53449,3.25494,2.91111,3.42772,3.8868,4.70431,4.48682
3.80216,4.49989,4.96427,3.48777,3.57038,4.67108,2.56132,3.4308,3.75707,4.32048
2.44697,2.18289,6.08675,1.81943,5.55562,2.91207,4.78038,5.0805,3.42519,3.29788
3.52946,4.13649,3.77373,4.85498,3.87006,3.42622,3.78954,4.26044,3.49541,4.62968
3.91733,4.14948,4.76976,4.09595,4.37046,5.32252,2.74111,4.14422,5.1881,4.08672
5.63704,3.85275,5.38141,3.58918,4.20517,3.46959,3.99367,4.83488,3.52731,4.84033
5.01401,4.317,4.18394,3.39886,5.01199,2.59933,1.86607,2.62438,4.45044,5.39109
4.42251,4.02553,2.8306,3.24611,4.25622,4.1445,4.22428,4.57247,3.51895,4.42827
3.51373,4.38035,3.78845,3.92458,4.50341,4.14718,3.42373,4.1495,4.28073,3.7541
3.17417,3.46933,5.21625,3.46045,3.76218,4.83466,3.5503,4.3598,4.99357,3.48864
3.28897,3.73344,3.70251,3.89093,3.86133,3.36382,3.85925,4.41901,5.90728,2.92192
3.02526,8.50436,5.57849,4.1503,4.40881,4.84959,5.07084,4.04386,3.23356,4.30824
5.25313,3.07606,3.54364,3.51067,3.35404,5.62643,3.32459,4.70287,4.14865,1.9678
3.44779,3.87872,4.53472,2.34944,4.09026,3.31457,5.11051,4.55342,5.48539,2.3278
3.67897,3.78121,4.26772,6.22188,3.8102,4.11354,4.68242,5.74699,3.31488,4.49576
2.91717,2.90187,3.02138,3.1952,5.18473,4.145,5.40719,3.92711,3.9259,4.96818
3.39814,3.2341,1.27452,3.26891,4.96026,4.25521,4.10374,4.47825,3.14632,2.78693
2.79055,3.37892,2.41944,2.50366,4.45273,4.43125,4.28909,3.49353,2.74499,3.69371
4.17545,4.84685,3.22702,3.58805,3.10274,5.73047,4.81525,6.32552,5.10647,3.9056
2.91849,3.01038,3.4203,3.4411,4.50728,3.2436,4.27069,3.89144,4.17299,4.56204
4.65361,5.53404,3.45577,2.65531,5.07498,2.57125,5.54217,3.74189,2.99791,3.49751
4.95891,2.74105,3.82536,3.26505,4.91045,4.68872,5.36298,2.75854,3.74027,3.33999
3.54989,2.50205,4.57088,4.26479,1.87386,3.85251,4.64399,4.84771,3.56694,2.62561
2.75033,3.8184,4.07773,5.26404,4.22117,3.7302,3.85332,3.90863,4.93259,3.63494
3.7762,3.57863,4.38764,4.21946,2.94847,4.50582,3.16785,3.31653,3.91522,4.62538
4.68988,2.64859,4.10034,3.27738,2.71895,4.56828,3.98445,4.0418,6.46384,5.54551
4.22217,2.78949,4.6977,1.99728,4.59056,3.21237,4.94013,4.15397,3.02983,3.20394
3.29334,3.49234,2.60054,3.11504,3.3959,3.64781,4.17152,3.9288,4.66798,2.81289
5.75302,4.54444,3.87013,3.83374,3.67192,2.49002,1.86501,4.23156,3.37888,4.65938
3.88223,2.47239,4.15719,6.44535,4.65255,3.6446,2.97586,4.17357,3.75453,4.95154
2.86928,3.21542,5.15653,4.50285,2.12646,3.1833,3.77127,3.27744,4.90285,3.21287
5.0707,5.05453,5.82692,2.42166,4.87732,5.88137,3.67597,6.00412,4.50985,2.74478
4.47381,4.36498,4.49195,4.38453,4.45881,4.59718,2.65236,3.92676,3.49138,4.674
3.89966,3.36337,4.61196,4.27054,3.30816,4.43625,4.21974,3.21691,3.76978,4.19083
4.06805,4.97913,5.53576,4.90856,4.45849,5.30917,3.76107,5.08248,4.07296,3.58399
4.95876,3.3845,4.01022,1.93377,2.6704,4.78751,5.83878,3.72195,4.45481,2.58211
4.33727,4.95051,3.77498,6.04928,2.94037,2.52849,2.6836,4.53511,4.65611,3.63596
4.61246,3.83984,4.34234,4.083,4.39131,4.41677,5.37722,2.93906,1.51874,1.97428
3.61901,1.88811,5.65706,4.89924,4.63433,3.94655,4.44609,4.17552,4.2867,5.77778
2.1814,3.95274,2.22255,5.01975,4.60431,6.59654,3.89668,5.55625,3.74151,4.19455
1.74509,3.34035,3.51024,4.56366,2.28354,2.7981,4.04773,4.16119,5.14749,3.46341
3.07414,6.49191,4.42497,2.80351,3.14765,3.39587,3.14562,3.82876,4.27475,3.58644
3.49395,4.20721,3.35082,3.14094,3.76716,3.18585,3.74791,5.63422,2.66999,1.12557
4.60254,5.05087,2.33521,4.29609,3.93929,4.93725,2.31927,4.42164,3.47195,5.53387
2.67034,4.17461,5.18661,3.06302,4.87386,3.8513,2.09469,4.12504,2.96835,2.71599
4.19637,3.93617,4.06251,5.65818,4.25514,2.48095,4.08233,4.49184,5.13104,4.742
4.51397,5.06732,3.74056,4.2794,3.33856,5.1452,2.89971,3.76194,2.26543,4.28152
4.68087,3.9509,3.43617,3.62492,3.46904,4.73245,4.82381,3.60692,3.28563,3.38521
2.06601,4.67556,2.56532,3.91544,3.77782,2.46971,4.57205,3.82173,2.43696,3.67249
2.79721,2.66994,4.07756,4.45974,3.59668,2.83419,3.03373,4.18868,1.97393,3.5416
2.42197,4.96404,2.0032,3.66166,3.98481,4.76475,3.93892,5.0479,4.0753,5.36576
3.80914,3.52733,3.70952,6.54801,3.60513,3.33284,5.24664,4.64131,4.16631,4.97776
2.90703,4.927,3.34164,3.84782,3.38246,6.48144,3.22068,2.68455,2.18163,3.51541
3.41445,4.75061,3.39312,3.067,4.35294,3.58009,5.43627,4.40937,4.50619,4.65495
3.42341,4.08993,4.33232,4.61052,5.18767,4.7278,1.31706,2.84687,4.63747,4.25823
3.10993,2.86863,4.67863,4.61465,4.96189,5.24561,5.56895,3.93263,3.75247,2.54434
2.79394,6.56326,6.36022,3.85823,5.48734,3.26788,5.93405,5.76023,3.7283,5.06333
3.93349,4.74531,3.85574,4.50885,5.26953,4.24668,3.14399,6.929,3.38852,2.83785
3.2389,4.35405,4.86327,3.89228,4.0663,2.65134,3.7406,3.59817,2.57336,3.52475
3.76588,5.56725,3.14256,4.16896,4.24422,3.63385,2.82278,3.82981,3.87198,2.70546
4.12617,4.64148,3.72753,3.75133,5.09277,4.21483,4.2235,3.33937,1.01768,2.69389
2.07193,3.35017,4.39534,2.95479,5.24538,3.26785,4.65495,4.97175,4.36492,3.77838
3.70376,3.76312,3.06521,3.00458,5.70671,4.95831,5.13974,5.13926,4.22024,4.94961
4.57263,4.13587,4.10035,4.25892,4.22443,4.83605,3.99636,3.06884,3.38643,3.08187
3.02383,4.10654,2.9822,4.60782,4.53495,4.10098,4.65037,4.60213,3.17943,4.11681
3.15442,2.67857,4.80941,3.66781,4.21319,2.94823,3.04607,3.42064,3.5412,2.88185
2.41233,4.46873,4.82005,4.28678,5.28884,5.75166,5.34294,3.67875,4.58357,4.40665
3.9508,3.50691,3.13287,4.14025,2.44981,3.36978,5.21845,4.44023,4.70115,4.36282
5.40747,5.26579,4.46016,1.6882,4.24129,3.94752,2.27669,2.90998,4.35335,3.50034
5.20687,3.10489,4.33594,5.20044,4.00535,4.17215,3.1419,2.9768,4.23643,3.98293
5.09788,5.04501,5.12286,4.01007,4.44916,5.43413,5.46415,2.50902,4.70682,4.12535
3.88259,4.46876,3.40079,3.07351,3.20993,4.30677,6.88439,4.37279,4.51028,4.11157
1.92802,4.30199,4.3173,3.89348,4.47098,4.82215,3.77481,4.61792,4.03879,4.41664
5.20791,4.31761,4.92399,4.97401,2.59797,3.38353,5.2796,5.09945,4.30329,5.33769
3.50693,3.77549,5.14017,4.50973,5.44117,3.37192,4.28002,4.75968,3.5525,5.32612
3.73609,3.8322,2.54855,2.77971,3.06312,5.15717,4.32781,3.34692,3.41316,4.91091
4.74577,3.41024,5.55602,5.06168,5.14426,3.75609,6.38624,2.22796,5.18677,3.28839
5.75875,4.27636,4.17542,4.60807,2.39822,1.64424,3.91775,3.63617,4.50538,4.05362
4.41025,4.82374,3.78842,5.38325,5.08848,4.12076,3.38115,3.93903,5.27015,4.81581
5.15713,2.67647,3.29072,4.68321,4.21019,4.32129,3.49677,3.00438,2.21197,5.09032
4.45483,5.6964,3.53601,4.99825,4.76022,3.29571,3.45573,3.98693,4.75988,3.22109
4.29872,3.18225,3.60912,3.17133,5.48821,3.15736,2.63569,4.30202,5.74987,4.88414
4.61164,3.58887,5.17306,3.60438,3.92159,4.18983,5.47576,4.01325,4.21007,4.61428
5.71717,4.22778,2.89411,5.37952,1.42757,5.02237,4.54333,3.49111,2.81912,4.10128
1.54316,1.6928,2.51695,4.85139,3.27057,2.86658,4.49128,7.32054,2.43895,3.78326
3.52155,1.97147,5.19084,4.49906,5.21896,3.35716,4.20547,3.16964,4.17842,4.19151
4.56461,4.62389,3.83291,3.56377,3.36106,3.98286,6.79528,2.95445,3.3389,4.17744
4.93001,4.59441,5.44816,5.12141,3.36709,3.87256,5.28676,3.59359,5.05293,2.44199
4.84669,5.90786,5.58545,3.95962,3.32103,3.7328,3.72481,3.07196,3.05502,2.81776
4.50658,3.75623,3.46799,4.09823,3.97406,4.67155,2.87356,3.047,3.13117,1.76008
4.42958,3.559,4.48496,2.99699,4.31943,3.93183,2.8366,3.67868,4.42647,5.60098
3.16196,4.28939,4.51793,2.37005,3.84649,2.79734,5.81554,3.28994,5.49791,2.89555
4.78879,4.3179,4.05642,3.58362,3.76655,4.06191,3.46643,3.34834,4.74797,4.4847
3.49105,3.54369,4.10947,3.59023,3.91303,3.50762,3.11538,3.79467,4.65425,2.46805
2.94843,4.31023,2.78019,5.51527,4.4708,3.90304,4.63556,3.50351,3.2043,5.32973
4.04817,2.7005,3.99177,2.62823,3.34954,3.74706,5.40706,4.52904,4.80148,3.73482
5.21935,5.42961,5.0734,2.43224,2.91443,4.55586,3.36814,3.75081,4.50758,3.47843
5.33278,3.65959,3.96536,4.10592,5.6442,6.04701,4.25226,3.82487,4.02851,4.63256
3.59502,4.42817,4.36092,4.37627,4.3566,4.04974,1.94432,2.95477,3.66958,5.63466
4.26417,5.25201,4.1631,3.20566,4.59182,4.31778,4.49211,4.70098,4.32824,2.79523
2.83163,4.60435,3.23557,4.24334,5.02679,3.91954,4.42531,3.08174,4.8643,1.54209
3.70592,3.58343,5.06863,4.57533,3.72286,3.46625,4.33755,4.66618,4.97773,3.48732
3.03684,5.3069,3.61355,2.97681,2.60119,5.04014,4.12494,1.96329,4.89673,4.67569
4.55836,4.56936,5.28032,4.23297,4.11276,4.34958,4.94119,1.24511,1.97851,3.18085
4.22563,3.41633,1.96632,4.11576,3.40765,4.36448,2.32435,2.25304,3.87056,3.88329
4.05425,3.79886,4.27464,2.65045,5.06527,5.00383,5.05402,4.89452,6.13518,4.0496
4.22855,4.22004,2.98906,2.00967,3.62996,3.28603,4.44258,2.35435,3.62798,4.45694
4.29783,4.79377,3.34623,3.4284,3.89058,4.24107,4.69977,1.84776,3.87122,5.81879
3.89676,4.19945,4.11474,3.61391,3.36381,4.7173,1.90207,4.24914,5.3099,4.99167
4.19148,3.05113,4.67875,2.82672,4.16583,5.36622,3.8802,1.47647,5.15939,3.95098
3.09179,3.74965,2.8758,3.17301,4.1185,2.8264,2.78997,3.10709,4.57784,2.91102
3.57132,5.42834,4.11644,3.28295,5.53256,2.87999,3.84754,4.19687,4.90493,2.93394
1.9456,5.70089,3.6311,3.80876,5.34324,4.45399,2.48121,4.39789,3.20091,5.32786
4.4527,3.50203,3.09936,5.07404,5.51152,3.33815,2.92514,2.78994,3.64858,4.40834
4.38359,5.55099,3.27104,3.90988,5.07821,3.91452,3.47242,7.11694,4.79537,4.67554
4.03627,4.16731,3.87308,4.57632,3.28046,4.68665,3.69517,4.87838,4.38008,4.97393
3.63292,3.25954,2.39468,3.76952,3.32211,4.14407,4.48253,5.03693,2.89463,5.44933
4.18356,2.54937,5.62676,3.69499,3.269,4.75949,4.54424,5.19952,4.43445,3.718
3.17479,5.35986,3.97804,3.50979,5.29993,3.78011,2.81378,3.12085,3.35496,5.52911
2.90334,2.91667,3.68908,2.31566,2.44278,2.8553,2.91407,3.58475,3.51166,3.23567
3.86273,3.37444,4.38487,2.74878,3.34082,4.33791,2.2397,3.95338,2.71031,3.8066
5.01302,3.34567,5.63228,5.659,2.70843,2.92421,3.74971,3.24822,4.04322,4.42192
5.72157,3.77821,5.56929,4.02806,3.91327,3.3556,3.30239,4.08609,3.54758,4.72273
3.85342,5.00073,3.8381,4.03208,4.24591,5.38553,6.13599,5.84599,2.30253,4.65159
4.38653,4.23739,4.51535,3.03891,1.66578,4.3631,3.74541,3.9497,4.29659,2.87763
1.36958,5.34241,1.91102,4.62203,3.52479,4.51685,3.52379,3.50507,5.40962,2.77477
4.11594,5.31156,4.58012,2.92229,2.22177,3.55582,1.96491,4.34787,4.6242,4.07682
6.36711,3.9731,4.99029,5.44692,3.48841,3.60364,3.97276,4.26394,3.65982,4.49857
4.47133,3.77139,3.12963,4.92505,5.65371,3.77258,2.9356,5.60647,4.98613,3.08407
1.89766,5.38234,3.53198,4.07332,3.31715,3.18291,5.42251,2.8898,2.72074,3.79412
5.01659,2.64449,3.34264,4.37318,3.71706,3.30821,3.73746,4.94346,4.8345,4.05702
5.50456,5.78903,3.61018,2.91179,4.11368,3.64176,4.78265,2.94369,5.34163,4.87595
