10
3.33388,2.67557,5.44962,3.25724,3.72009,3.88111,4.80883,3.32314,4.72365,2.11797
3.38342,2.8194,2.47039,3.89615,4.83993,3.09857,2.72598,4.76967,4.06041,3.91919
4.23783,4.26172,2.82383,4.37715,3.04775,3.76474,3.49525,3.36554,4.78794,3.15869
3.44554,5.9858,4.59735,4.52875,3.06253,4.46033,3.95046,4.30381,2.47914,4.79667
3.82417,4.03272,3.66372,5.00002,3.82464,5.0197,3.37064,4.12446,3.76132,2.17584
3.88525,4.29155,3.6327,3.93846,2.24491,2.69359,3.43992,3.25847,2.74018,4.26552
5.3918,3.2593,3.2539,4.0763,3.23895,3.87895,6.08197,3.59904,3.43766,4.17443
3.45318,3.50107,5.53232,3.73746,2.87229,5.93548,5.22426,3.65289,3.77723,5.03593
3.19385,4.51805,2.8964,6.50368,4.23961,4.22273,2.88503,3.93675,3.19382,4.21642
5.67046,3.33628,2.90493,3.95968,4.10837,3.76185,3.32177,3.0912,4.64562,4.24964
4.24895,2.54778,5.20968,5.20769,4.95333,3.98422,2.97609,2.99901,3.18764,5.22408
1.73509,3.98524,3.46036,6.6473,3.96975,2.60746,4.29638,4.81949,4.42018,2.75074
4.80616,3.8941,3.42966,3.7211,4.72793,4.30894,4.03359,4.33913,3.52647,4.30859
2.78279,4.53679,4.48375,4.82565,5.15201,4.34926,5.99416,5.33086,3.88075,4.40039
3.79683,3.50472,3.62846,5.67065,4.39516,4.8619,3.23358,2.47033,4.36334,3.69838
4.48319,4.6904,3.73518,3.97104,4.69105,2.90875,5.00236,5.61952,4.22525,3.75238
2.83029,5.8652,3.43235,3.23916,3.60484,4.53628,3.46782,4.09169,4.60779,3.32171
3.77192,3.3525,5.39491,2.90816,3.02374,3.39127,4.87196,4.16505,3.9098,3.60443
3.81289,4.07971,2.78555,4.31276,2.29004,3.84384,3.31141,3.51478,2.81209,4.23867
4.66116,3.54868,4.00187,2.51351,4.08602,5.28961,4.82282,2.65838,2.40206,3.54578
3.75081,2.94244,4.41554,4.94905,3.16076,5.43437,3.79562,5.53795,3.05417,4.18338
2.89099,4.03433,4.59025,5.57256,3.24358,3.3516,4.64225,4.79426,4.16069,3.9612
3.03133,3.30816,3.89887,3.67209,2.32156,4.88641,3.89059,4.19144,5.72227,3.63948
4.44709,5.93465,2.39502,2.76266,4.59738,4.2485,3.14616,3.81062,4.68757,3.53324
3.47529,2.84416,5.23653,4.14574,3.28635,3.31342,4.30993,4.70663,1.83207,3.19706
5.0224,5.47911,4.82576,5.01815,1.84565,5.30464,5.18239,3.37925,4.80591,3.67075
3.62167,4.73639,4.4612,2.85117,5.27638,4.16417,4.31951,4.65997,4.84686,3.10199
3.96598,3.39142,2.64914,1.55624,3.94542,5.32708,3.46887,3.87227,4.35233,4.47157
4.52127,3.49003,4.83685,3.80513,3.53752,4.31819,4.50435,3.56063,4.67435,3.3105
3.29668,2.91689,3.1957,2.99148,5.25209,6.24011,1.6684,3.95299,3.25815,1.88486
4.0759,4.15408,5.12549,3.52825,3.34383,4.99159,5.61805,5.12941,2.59881,1.41378
5.48507,3.61762,4.74854,3.44108,5.08495,3.79893,4.07328,4.3765,4.64243,3.18892
5.74084,4.64364,5.35461,3.10705,3.57116,4.35718,3.74309,4.66558,4.44432,1.36481
4.71009,3.70053,4.18044,3.11792,5.92021,4.42515,2.59277,4.35178,5.29793,5.28707
5.46751,4.27706,5.60602,3.20117,4.34586,0.889329,5.09355,4.64354,4.2956,4.5528
2.87625,4.89165,3.25292,3.39464,4.17534,4.52808,4.02387,4.22419,2.30765,3.59045
4.3043,3.29494,4.56241,4.79306,4.46678,2.97423,2.79609,4.01318,1.74167,3.61951
3.46816,2.70353,5.28607,3.39542,4.86821,5.07302,5.26793,4.44975,3.24332,4.90476
4.51989,3.28623,3.69837,4.3371,3.27703,5.3378,5.48619,5.2935,4.40087,2.01846
4.26408,4.93234,4.16827,4.86754,4.35569,2.85273,2.70485,5.96707,2.11117,2.97148
4.27984,4.76563,5.28939,5.19068,3.74958,4.73489,2.27539,5.68504,3.42045,3.35452
4.3554,3.74902,4.30258,4.86156,5.05832,3.95496,3.99267,2.91375,2.74407,5.14683
5.70446,3.85606,4.10826,4.40486,6.23715,3.75115,5.33832,3.32521,3.63639,2.19645
4.52822,5.52243,2.76065,3.34476,4.28274,3.84007,4.76405,2.60634,1.79608,5.5103
3.96925,3.2516,3.11265,4.34402,2.58934,4.75635,3.38381,4.56404,3.1467,3.03063
4.10581,3.29072,3.62347,4.06338,4.06248,3.21319,2.809,3.44801,4.97833,4.34335
3.49898,2.7917,4.90541,4.92346,3.37884,5.26141,3.79276,1.47327,5.28174,4.28706
3.69137,2.69047,4.07653,3.63197,3.93439,4.00553,3.70347,2.697,2.99755,2.78941
3.68299,6.26653,4.95382,4.31448,3.42512,2.93557,3.54852,3.41312,3.3829,4.31673
5.73587,2.64632,3.19377,4.50233,3.90312,4.3682,3.69743,3.5649,2.82639,4.11801
4.01057,3.75731,4.00736,3.51464,4.10654,5.2683,4.58613,2.52139,3.18954,4.73495
2.77817,5.24233,3.91312,3.78541,4.18503,3.3456,3.46286,3.33932,3.37067,4.86724
3.44473,5.47442,2.61011,3.32757,0.573078,2.93495,3.22935,4.71334,3.98644,3.22777
4.25456,3.4083,2.98277,3.6622,4.70763,2.95544,5.29151,3.92943,2.34437,4.46305
2.05634,4.42889,4.34653,3.77967,4.20133,4.60128,4.59141,3.21589,4.52834,4.65446
4.51141,4.09801,3.90308,1.90082,6.35637,5.25782,3.9064,3.96813,3.99563,3.90459
5.21786,4.52822,3.50581,5.2182,3.30301,5.19884,4.44108,4.24497,4.13606,4.49069
3.5968,2.57287,3.83084,5.03338,4.85148,2.74413,4.34724,2.44556,1.0116,3.46499
5.61674,3.24971,5.13363,4.14918,3.91464,4.89843,5.1371,3.96863,4.08987,3.0192
2.78304,4.01373,0.70863,3.14517,3.65978,4.29431,4.086,2.44934,5.0286,4.35354
3.09514,3.50785,3.56603,4.04763,5.13853,3.99263,3.3566,3.60721,5.48368,4.44415
4.50407,3.52393,3.96882,3.37078,1.9064,4.54249,3.28819,5.09148,6.38183,3.28992
3.50489,2.92227,3.82394,4.63174,4.60558,4.42382,4.34266,3.36612,4.45652,2.59702
5.18139,3.41309,5.235,4.647,3.03063,4.75045,4.20154,3.97886,3.21855,2.53172
4.41964,4.68921,3.13005,4.3551,4.77925,3.42223,3.43136,5.59598,2.73653,4.1276
3.70402,2.60328,3.17811,3.42306,3.99625,3.55086,4.18151,4.70624,4.20729,4.08481
4.64918,6.00978,5.3656,4.12595,3.53009,3.45265,4.1727,3.35669,3.6511,3.30514
3.21698,3.46358,3.49866,4.81321,3.69445,4.16308,3.70862,3.15305,4.45717,3.0187
3.97986,2.91972,1.71294,4.66941,4.24671,4.37599,2.8322,5.7685,4.46356,4.04225
4.18873,5.27832,5.6368,3.42939,3.15473,3.04715,3.54716,4.06494,3.5644,4.1709
6.40586,4.98792,3.92521,1.41258,5.52383,4.4154,3.06758,5.26029,5.54262,3.67921
3.13959,4.75632,3.93668,1.81704,4.34427,3.64856,4.24724,5.40528,3.69823,4.04104
5.0423,3.61908,2.98855,3.76996,4.15737,5.3614,3.48027,3.46716,3.95799,3.97205
3.59577,4.11069,5.31274,2.19271,5.3865,2.70121,3.32613,3.55621,5.56057,3.44604
2.11014,3.56193,2.6121,4.65406,5.21666,3.48134,3.22735,4.29142,4.03645,5.24098
3.16252,4.4802,4.96512,4.94598,4.24525,4.31582,3.50643,4.33373,2.76008,4.23377
4.60049,3.74111,3.68942,2.95701,3.34319,4.2226,4.47287,4.7755,3.09529,5.01889
4.49998,5.30402,3.97019,4.90749,2.83624,3.52162,4.4333,4.82369,2.29379,3.83527
1.77064,3.01764,3.27437,3.45649,4.97281,5.43513,3.32941,3.53647,3.48928,4.87406
4.96274,3.86583,4.13852,3.05814,5.63314,4.45219,4.95456,3.28874,3.40927,5.19944
5.0906,1.41062,4.52247,3.1905,3.24764,5.97565,3.86165,6.26907,5.88341,4.92555
4.16023,4.70938,4.12084,4.40633,4.37916,5.04931,3.24308,4.71563,3.12676,3.24744
3.04417,4.4225,5.48678,3.27178,4.27389,4.25749,3.80958,4.04167,3.29576,3.56327
5.73705,3.84654,6.03073,3.53885,6.81844,4.3381,4.51356,3.67489,3.54966,4.52351
5.64369,4.21214,3.35231,1.52853,4.17588,4.19453,3.9193,5.18627,2.40658,4.32438
4.12026,2.88376,5.52975,2.4736,3.52007,4.23986,3.19205,3.90607,2.81762,5.05012
4.059,4.53136,3.23083,4.76985,4.2858,4.96627,4.7381,5.49341,4.86199,3.45071
2.32345,3.17366,3.84013,3.40448,4.06086,1.62429,2.99528,2.73755,4.57826,3.33849
5.51849,5.00766,3.44925,4.03152,2.46535,4.08629,6.191,2.37452,3.72776,4.67435
3.15229,3.10737,3.17359,2.8725,2.82524,3.28665,3.55195,4.23543,1.89882,3.92627
5.51757,3.42475,3.40406,3.00178,2.87753,2.93272,4.4532,5.31626,4.8829,4.8146
2.47915,4.76884,3.1651,4.05662,5.00724,3.16787,4.34158,3.32126,4.08292,4.67002
3.08093,2.35461,3.5087,2.22373,2.3278,3.35008,4.98865,5.65774,3.63542,4.30624
3.60864,5.45181,4.07236,5.45109,5.13028,3.40123,3.23501,4.60582,6.37833,4.49541
3.03665,4.08225,1.75205,3.7714,4.62441,3.62185,5.65641,3.55825,3.1849,4.73367
3.82346,2.92973,3.57275,4.1641,4.2445,4.25619,6.20745,3.855,5.6917,4.81652
7.15798,2.89131,3.74749,5.01532,5.09597,4.94305,3.22831,4.48084,4.94029,5.44383
3.97039,4.43303,3.26206,3.00415,3.0224,4.19354,3.47583,5.20563,4.61981,4.827
2.97874,4.433,3.81891,4.68387,3.64712,3.39965,3.67184,6.01867,3.85355,4.84586
4.93092,4.38108,5.40174,5.06492,3.7752,4.3779,5.06578,4.41362,4.48478,3.78899
4.78061,2.79017,2.41668,5.82049,3.38453,4.74272,3.88035,3.48154,1.4068,4.63274
3.66917,3.81269,3.10028,3.46482,3.94096,4.02357,4.93993,3.78156,2.84494,4.30875
4.47871,4.04814,3.61222,5.0876,3.476,5.99744,4.10463,4.64039,3.50852,6.22004
5.25554,2.43446,3.94491,4.82532,5.27855,3.22392,3.50791,3.69952,4.16323,2.95029
4.1275,4.50628,1.78552,2.98865,4.90273,4.57211,2.26573,5.47673,3.86659,3.99982
5.77527,5.06901,3.23172,3.66864,3.20004,1.59077,4.75345,4.36265,4.16568,3.78805
4.42745,2.70782,5.74305,4.74798,4.76289,3.65891,4.74706,3.62882,4.34129,3.24046
6.17103,3.22001,4.10555,3.74942,4.38006,3.72677,3.23068,5.80732,4.80286,3.83992
4.85738,5.03583,4.20688,2.56436,2.5117,3.84675,2.78458,3.34578,3.79873,3.8223
3.25466,3.59503,3.17682,3.62478,5.44953,3.98576,4.23013,3.93486,3.95143,3.48872
4.52821,4.48396,3.65018,2.93524,5.18485,4.14974,3.812,4.46505,5.17017,4.89078
4.99656,4.47042,4.01151,3.49309,3.59764,4.01888,4.72745,4.93846,6.03409,4.56174
3.54524,4.44798,5.64031,5.1898,4.01614,5.41381,2.03252,3.24038,5.31569,2.66442
3.58791,3.74404,3.86242,2.99687,4.5205,2.6366,6.2359,5.14745,2.03955,4.38527
5.26655,1.81643,4.15704,3.1705,5.30793,3.29584,3.78624,5.20644,4.72714,2.8008
3.15736,4.31446,2.50738,3.23428,3.9896,2.42884,3.2936,4.40666,4.85753,4.43112
4.1815,4.38569,3.16927,4.62238,4.12679,2.11968,4.17062,3.73343,4.83665,3.37531
4.17299,5.66837,4.09741,5.37292,3.64171,4.40022,3.35849,4.68115,3.76498,4.30622
3.57256,5.40941,3.47441,5.17542,3.55695,3.85748,4.62847,3.88982,2.88131,6.29039
4.20183,5.40193,6.10683,3.40792,2.45957,5.12566,4.43212,5.53169,4.00318,2.05614
2.80772,5.42973,4.67998,5.27773,2.63598,5.40194,3.74546,3.43257,4.65506,5.26801
4.36644,5.08979,3.48969,5.21022,4.55822,4.33587,5.85784,4.77008,3.73242,4.5433
5.65178,4.72596,5.83593,3.50752,4.83579,3.27705,3.3824,3.64812,4.59648,2.23129
4.82672,4.37319,5.38994,3.36735,4.13571,4.14206,1.47772,3.52241,5.48281,4.45346
3.22548,1.8835,2.91054,4.57108,5.22299,3.55002,4.34075,4.01643,6.37576,1.76744
6.28686,3.60709,4.01682,4.34889,5.05809,4.00873,3.9402,4.39095,3.62586,4.70987
3.91863,3.59089,5.00642,1.80345,4.80409,1.19603,4.58516,4.19649,4.47888,3.94618
5.07566,4.71249,5.19478,4.13854,4.07222,4.88824,3.51719,4.57029,3.43645,4.37547
2.71879,5.88491,4.40339,4.66705,3.2739,4.85557,3.1192,3.35333,2.17953,3.92528
4.73246,4.54875,3.46706,3.78448,4.12999,3.16379,4.4182,3.83407,3.34529,3.65102
3.73476,4.08255,3.7852,4.39341,3.73468,2.95215,3.7704,3.38963,4.33594,2.45292
4.3558,1.8912,3.85342,4.31488,4.76051,1.35602,4.37927,3.84775,4.14461,5.54749
3.61394,4.60332,2.64492,4.46441,4.73215,5.40449,2.13918,3.13665,3.9885,4.4944
4.10423,3.20704,4.91858,4.31726,3.7852,2.13747,3.16287,2.11195,4.72386,5.74347
3.39602,5.47108,2.15805,3.83322,4.32841,3.83253,4.78861,4.31909,2.51966,4.73799
4.46187,3.35111,4.15401,4.35446,5.08389,3.38185,2.56151,1.52956,4.15576,4.93927
4.37222,2.37995,3.99062,3.13768,2.61596,3.01024,4.26348,5.28829,3.27255,4.82119
4.64049,3.09607,4.30251,4.13984,3.02007,3.38262,3.67776,2.52191,3.20294,2.89929
3.1037,3.61471,3.72693,4.78471,3.68166,3.67724,3.36254,4.48354,3.56889,3.54541
4.38085,3.98316,4.58079,4.33198,3.73254,4.4046,5.3171,4.45037,4.90902,5.59132
5.20222,4.01278,4.6197,3.9244,4.31457,4.37335,3.53607,3.22837,4.68584,4.55776
2.27738,3.89014,3.50954,2.97738,2.47663,1.82703,4.40602,1.49589,3.59912,4.47987
3.65732,4.58733,5.01695,2.82994,3.11066,3.43073,4.89697,3.13331,3.41865,3.8809
3.02124,4.68245,3.6332,3.0456,3.25842,5.52479,5.12049,3.94615,3.13605,4.95083
2.81913,3.79756,4.27837,4.97022,4.77243,3.12802,3.20022,2.22066,4.35214,3.89081
3.86983,2.54828,2.99603,3.18347,5.08104,3.40823,5.15451,4.58168,2.54664,1.68197
1.96788,4.08279,1.60727,4.61102,4.14048,2.89787,4.17943,4.56168,5.12851,5.11767
3.92621,4.92164,3.34573,3.30671,4.22659,4.87137,2.91966,2.11916,3.92555,1.82338
3.55627,3.9502,2.56988,2.64458,2.52065,3.99467,4.06208,5.10649,3.7238,2.86105
4.00624,4.10942,4.51497,5.21051,4.46126,2.53858,4.80603,3.47789,4.51812,2.89954
5.77276,2.85731,5.29656,5.09283,2.85659,5.21793,5.13433,3.67194,4.69384,3.87337
2.05725,2.57046,3.55661,3.49908,3.03346,5.19788,3.9186,3.7433,3.74246,2.84442
5.25003,4.84413,4.42322,4.16096,4.7845,4.61863,4.68885,2.65032,5.51108,5.24748
4.29315,1.66116,3.0185,3.65922,5.05895,3.10219,3.04387,2.36865,3.66654,4.62415
2.35864,3.00516,4.46616,4.49486,3.88761,4.07578,3.09929,4.64886,3.57236,4.31162
4.76793,4.60806,6.12558,4.22245,4.80036,4.62244,1.58996,4.38979,3.9877,3.92044
2.93421,4.57488,4.40897,5.48954,4.17287,4.73024,3.969,3.17854,2.62017,2.47565
4.02377,5.17677,3.67803,2.53474,3.49519,4.13239,4.25127,4.33509,4.02218,4.09744
3.6923,4.26187,3.38485,2.86057,3.66615,3.3528,5.66655,5.0394,3.75551,3.24278
4.65055,6.01492,5.19957,4.53698,4.63482,4.77135,4.25794,3.14472,3.81438,1.03286
5.88665,3.70002,3.76684,3.43997,3.60207,4.65823,3.55956,5.2101,4.41906,3.34951
5.65479,3.09295,5.4812,2.14785,4.94385,4.03664,3.93579,3.99642,2.69153,3.94931
5.24128,5.1434,4.18236,4.26641,4.15632,4.50104,2.5698,3.9417,4.18983,4.41558
4.89675,4.70373,4.6438,4.03964,4.26532,4.72113,3.30318,2.72279,4.51746,2.65331
4.40146,4.61017,3.1236,2.79921,3.24666,4.7479,4.39482,3.80454,4.22781,2.69363
5.1266,4.64592,5.7109,4.75679,2.90606,3.24306,3.27918,5.18169,3.77394,4.80619
4.60779,4.13559,3.15797,3.80487,2.82018,4.16637,4.82895,4.03631,4.06109,4.95113
2.78254,2.65524,2.55179,5.13689,2.95649,3.13432,4.18952,5.59444,3.43874,1.76498
1.98121,5.09633,4.52446,3.59872,3.38601,5.01224,3.15766,4.23647,4.24258,2.38964
1.93912,3.23646,3.76683,4.92723,3.0391,2.8091,3.43019,3.93109,4.56518,5.35955
4.33821,3.56356,3.81499,5.3075,3.5022,3.97125,4.46158,4.07053,3.59617,2.67747
5.22718,2.16006,5.31607,3.11837,4.58454,5.36816,3.34754,5.25033,3.2963,3.50692
5.27401,3.0168,2.41743,3.26629,3.24414,2.66355,4.44763,4.84742,4.38232,4.0757
2.7562,3.95221,3.22434,4.22021,3.19568,3.87696,4.68059,2.0549,5.14898,4.28385
3.5753,4.11985,4.00334,3.16531,5.21075,2.52119,4.42051,4.04019,2.26563,4.47753
5.37801,3.02111,4.55139,4.77665,5.4473,5.10119,5.41808,3.69462,5.15951,3.5913
3.72885,5.70155,5.20092,4.89271,2.98871,2.62706,4.28302,2.97713,3.43727,3.22385
6.39098,3.84832,3.79616,3.33571,3.6726,3.69057,4.67088,3.6221,5.16511,4.36731
4.65997,4.16616,4.00684,3.22151,5.37842,2.90923,4.8973,4.7481,3.86361,4.8457
4.75504,3.96963,4.53478,3.79873,3.98833,4.23353,2.98345,4.14858,6.23663,3.98281
2.97456,5.35308,2.36,3.81836,3.12261,4.45461,3.96622,4.67078,4.69017,2.09336
4.52875,5.65053,3.74332,2.47062,4.26457,3.54491,3.90097,3.21235,5.16772,4.75467
3.54303,4.82693,4.01032,4.99738,2.33116,4.65742,4.55209,5.48989,4.27358,5.10728
3.37192,5.98591,3.38976,3.12685,3.89325,2.81264,5.78839,2.96342,6.08711,3.50592
1.99027,4.85314,4.65134,4.57528,3.96627,3.63099,3.82977,2.4265,4.44423,3.59233
3.34602,3.47635,2.92624,3.6895,3.23654,3.23703,2.21406,3.32764,1.86961,1.66924
5.30522,3.95846,5.20499,4.23695,3.98514,5.39078,5.09219,2.76739,2.78683,3.4386
3.14173,4.32651,4.63227,2.40481,3.88717,4.91545,2.85548,1.70744,6.74266,3.41254
3.37646,5.19602,4.13384,5.1549,3.4564,3.5992,3.83347,3.18164,4.13508,5.12225
3.05269,4.1231,3.36785,5.84169,4.885,2.92778,4.88473,4.57127,2.81408,2.57853
3.23129,3.88095,6.02901,1.85897,5.45411,3.95021,4.35154,2.76917,4.63638,4.19883
4.21909,6.21222,3.84965,4.23433,4.69907,4.79236,5.77743,4.54453,2.84753,4.25499
3.08718,3.94644,4.51411,4.81663,3.17719,2.96421,5.45533,3.63541,4.52162,5.18832
5.20141,5.02889,3.85074,3.16721,3.31014,4.74298,4.23964,4.99654,4.84397,2.64321
2.77548,4.34291,4.42596,3.14481,3.77545,5.29074,4.37128,4.30832,4.6516,5.96063
5.14668,3.13416,2.71596,4.0721,3.19079,5.62883,4.81411,4.39111,4.42481,2.98319
4.54826,3.91266,4.84094,2.49807,2.67851,3.27307,3.56781,3.87685,5.22496,4.08395
3.53377,3.51964,5.02432,5.64456,2.86883,2.65561,3.37347,2.90957,3.84029,3.72314
4.75373,4.72032,4.94975,4.01417,4.62996,3.96987,2.78847,4.35645,1.44933,2.41863
4.10301,5.04318,3.6231,4.2417,4.58637,2.34542,3.79619,5.89631,5.22966,3.09476
6.05801,4.71242,3.87815,3.97566,3.21226,4.33465,4.85843,2.1207,4.45039,5.02713
6.65159,3.93858,2.67599,4.02168,2.61659,6.63689,3.50305,3.50337,4.13664,4.41717
1.85266,3.89017,5.15434,5.8934,3.87176,4.65855,4.83072,3.85092,3.45293,3.8864
5.20644,4.03304,3.62558,3.34848,2.97644,3.72614,2.25412,4.09829,5.31155,5.26664
3.88347,4.33105,3.28462,3.80513,3.88694,2.65544,5.22952,2.94636,3.79151,3.56408
3.07533,5.85817,4.79451,3.72503,1.43887,2.11664,3.82959,3.29332,6.17452,3.8824
4.34317,5.00956,3.53002,3.1695,4.21253,4.34678,2.14004,3.19954,3.24779,4.49859
4.08589,3.61285,2.91615,2.11109,3.06232,6.16667,3.3848,4.36831,4.95606,3.78106
3.42173,5.29414,4.75649,4.88952,2.88652,3.87021,4.28648,4.40855,6.82386,4.00083
3.55807,2.25775,3.87875,3.36203,2.17093,5.23279,2.53571,4.5641,4.62595,4.59129
2.30773,4.80435,3.09738,4.72296,3.78775,5.98477,3.81927,3.17679,3.41232,2.29116
3.44169,3.72984,3.84908,4.33373,4.37118,4.19382,3.81338,4.98127,2.46552,1.46999
2.55917,3.67425,1.41605,4.08423,4.24156,2.53754,5.10981,3.3904,3.43852,4.56411
5.00467,3.5401,3.40154,5.03839,4.33516,4.46934,3.95395,1.16033,2.44712,4.40426
4.30652,4.18587,3.65018,4.93773,4.80967,6.04392,2.87449,3.65091,3.77559,3.8091
4.52438,4.94535,3.60678,1.91548,5.2528,4.06705,4.45694,3.7615,4.55868,4.7264
2.85996,4.23213,5.45701,4.83525,4.21406,3.24156,2.83561,3.72192,2.48234,3.99545
5.63981,2.75769,4.84488,6.48951,5.00092,3.00686,2.78269,3.93691,2.73881,3.62338
3.62765,4.39156,4.78849,5.06209,4.60682,1.98655,3.34772,4.24778,3.27197,5.12251
4.19137,2.46251,4.63127,4.60721,4.49041,4.61933,4.04236,5.13551,4.87727,4.15087
2.52345,4.75833,2.68502,3.73355,2.62148,4.37243,6.25734,4.8104,5.06123,3.62849
5.04516,5.75767,2.92086,2.21852,5.91647,4.23002,2.67036,3.64118,1.46355,4.752
3.22524,5.15052,2.66643,2.34265,4.51248,3.83476,4.77848,3.39542,4.80332,5.28496
4.3133,4.16386,4.70892,5.00946,4.57109,2.95793,5.11298,3.47552,2.8856,4.99261
4.322,4.59386,4.93219,5.09942,4.11048,4.47578,3.95265,2.05644,4.42679,4.64158
2.64719,5.16622,4.56239,3.07094,3.61647,4.85007,4.28338,4.63055,4.18413,2.80297
4.76706,4.46391,3.41663,4.35492,3.0235,6.09716,5.56702,3.99734,4.39991,3.42224
4.78348,5.02078,3.77244,3.0867,3.21404,4.49582,2.67077,2.81801,4.01151,3.83597
4.07361,5.02815,4.68705,4.05606,4.42595,4.89879,4.40755,4.99932,4.56409,3.79282
3.32791,3.70862,4.25893,3.53061,4.20139,5.03954,4.67984,4.8938,4.52541,3.09591
4.10871,4.07756,1.65659,2.34202,4.48244,4.23022,4.61418,3.09781,3.81041,3.77334
4.68384,3.13032,3.17898,5.44943,5.9057,4.3493,4.46644,4.21259,3.94381,3.49955
3.37251,4.97314,4.85307,4.16243,4.9,4.59009,3.70071,4.20058,4.93453,2.76724
5.30547,3.96852,4.76435,1.33092,2.61439,3.44806,2.91998,4.43242,5.6505,4.48594
2.56664,4.63264,4.7073,4.84925,2.63107,4.92019,2.45673,4.79315,4.90478,1.60499
2.84631,5.15737,2.99911,5.05379,4.44505,3.97371,4.47741,4.9701,4.15247,3.22023
3.28848,3.32428,3.70099,4.32183,3.93879,3.4151,2.86102,3.45134,4.16924,2.85294
4.27442,3.40955,5.13303,2.76577,2.97302,3.07537,2.46857,4.41965,4.80228,4.32812
6.23956,4.94752,5.04294,5.13485,2.88976,4.95964,5.28239,6.38428,3.19169,4.41225
3.55279,3.00904,4.5155,5.72317,3.13306,4.73834,4.17014,1.84784,4.59392,5.30671
2.14289,2.92971,4.26152,4.85028,4.67131,4.04679,4.65673,1.77216,2.77194,3.56709
5.18296,3.82131,4.48595,2.79258,3.93528,5.82391,6.77079,4.16971,3.13261,3.39794
3.6354,3.64596,3.05734,5.55397,4.36632,3.01413,3.56397,4.45294,3.73633,4.48852
2.93647,4.75331,4.57421,5.75381,4.27047,4.70404,2.85825,3.68968,3.90795,5.68322
3.69688,2.8875,4.4411,4.53863,4.16359,5.69973,3.48883,4.58344,3.0986,5.0689
3.1385,5.16295,3.1879,4.31829,4.83738,2.73292,4.82437,3.67346,3.70075,3.88014
5.19997,3.44979,3.72875,3.56764,5.27634,3.80062,4.84683,4.56312,4.39681,3.55179
2.96349,4.9342,4.03085,5.46359,6.0455,3.14095,4.53713,4.31499,3.95573,5.05764
4.56709,4.69578,4.81603,3.78083,4.56744,4.81068,4.23718,4.83429,2.2743,4.57013
4.62951,4.20032,4.10092,5.81203,4.65067,3.60984,4.51539,3.41044,4.70235,4.6489
2.00446,3.89018,4.2165,2.40571,3.54795,5.27765,2.74518,3.65864,5.26025,3.636
3.71644,4.08433,4.88658,5.87557,4.18215,5.24092,4.96344,2.66272,3.38168,4.72687
4.1168,6.5657,3.01961,4.40674,4.41269,3.63318,5.3566,3.6413,1.87123,4.45781
4.07442,4.70532,5.26283,4.46666,3.19635,4.03834,4.29002,3.34293,5.32981,4.3571
4.0635,5.19637,3.8881,4.11479,5.11851,3.04072,2.92449,3.15016,5.34757,3.67743
3.42585,4.2777,3.00858,4.68466,4.09117,5.0277,4.52629,2.97694,3.63018,2.9944
4.33861,4.4044,3.45848,5.08118,3.68559,4.89429,3.34138,2.63167,3.23947,4.90236
3.81792,3.88153,5.20645,5.11598,3.75762,3.66216,4.9618,4.57206,3.6792,3.48804
3.41719,3.5722,3.70348,4.95326,3.9923,3.40328,2.79375,4.50268,3.21281,5.17928
2.65148,4.46047,5.40077,4.0158,4.22385,2.72933,3.92833,2.93375,2.93292,5.69158
3.70474,5.89226,3.00582,1.957,4.085,4.52497,4.88304,2.46031,3.80881,6.13504
5.31878,4.73158,3.36832,6.35916,3.01045,3.21159,5.47869,3.84865,4.73159,3.50789
6.39877,2.69116,3.31564,4.32775,4.75621,3.92494,4.70582,4.50466,5.28616,3.191
6.17648,3.79453,5.06223,2.05884,3.88796,3.64319,4.23232,3.57064,4.12836,5.23018
3.85065,3.00612,5.33904,5.66722,3.87189,4.34611,5.1526,5.52771,4.14699,3.48967
3.73756,3.03987,4.90974,3.6598,2.52745,3.2609,4.42746,5.07866,3.20747,4.45257
4.30616,5.20297,4.39867,4.59347,2.85329,4.13417,3.55395,4.25245,4.29567,4.53327
3.79217,5.8801,3.7695,2.32321,4.31166,2.15296,5.41611,2.15437,5.51974,4.68433
4.02709,5.27782,3.74307,3.52007,4.51293,5.26286,4.72051,4.61441,4.01715,5.26889
4.61815,3.49573,3.0995,3.72269,2.73465,6.48157,3.40354,4.21214,4.86013,4.67379
4.05469,2.86228,4.74237,4.00767,6.04061,2.69974,4.12211,2.9447,3.78098,2.96632
4.00105,3.70252,3.05004,4.54892,5.15595,3.68799,3.20769,3.86752,1.33847,5.03666
3.9984,3.4165,5.47952,3.69939,2.7478,4.48265,3.87275,3.50252,3.3893,4.24946
2.68741,3.08819,3.10258,5.20925,3.61791,3.94615,3.36546,4.87454,6.12162,4.60725
4.00918,4.89191,2.16303,2.46127,4.17358,5.36895,3.33414,6.41766,3.55957,1.84054
3.05979,4.75851,4.16052,3.73695,4.03714,2.45712,4.98208,3.69476,4.48525,4.74628
4.84339,4.48071,2.64152,4.48959,3.19385,4.82192,3.84028,4.7935,5.07198,2.90439
4.35741,5.31216,4.365,3.95484,4.52124,5.78702,3.77464,5.03223,3.39466,4.00407
2.87935,4.71872,3.97581,3.05794,2.90397,4.87637,4.57534,3.10318,4.14873,4.39301
4.00442,4.80335,3.7246,3.63577,5.66425,4.59902,5.37013,4.45902,4.24518,4.29795
3.52127,4.53868,3.68182,4.39886,3.81142,2.74014,3.25603,2.68384,4.74147,3.64879
3.43135,4.21212,4.40938,2.62815,4.34224,3.39703,3.82935,3.84712,4.28153,5.55369
3.5113,5.09974,5.1399,3.50886,5.61955,5.01294,4.25404,3.72791,1.32695,4.35619
4.68955,3.99079,2.51965,2.82607,5.17817,2.56479,5.9488,3.92729,2.58709,4.10956
4.46076,3.98801,1.9273,4.57773,3.53031,4.87061,1.88346,4.62392,3.02867,5.34538
4.35981,4.27081,3.71093,3.61062,2.5691,2.20566,4.55574,4.29363,5.41516,4.16642
3.12449,4.57283,4.82503,4.75382,4.21738,3.49642,3.36907,5.80457,4.76074,4.98362
3.61165,3.70044,5.55595,3.18765,2.35643,6.06328,3.06022,1.75879,2.61173,3.57831
5.72738,4.16228,4.5668,4.71749,2.29844,3.7657,4.03227,3.0106,5.33551,4.87731
4.33708,3.1266,5.12925,3.26228,5.4584,0.204044,6.48273,3.59729,4.28551,2.26505
3.95167,2.61321,3.31254,5.08216,4.00484,5.13426,2.84957,2.90967,4.14388,4.08062
1.97235,3.59607,3.97313,3.78335,4.83421,4.81936,3.87594,4.99082,5.00029,3.30506
3.79717,2.2987,5.95629,5.11675,4.90603,5.59788,4.30425,2.59501,2.96594,5.53904
1.80804,3.89664,3.89834,2.81674,4.70483,2.09269,4.91927,4.30669,4.62315,3.93357
3.33545,3.14414,4.52904,3.98124,3.39911,3.10934,4.70654,4.31849,4.20124,5.03166
3.50799,4.00476,4.09424,3.88871,3.0405,3.09589,5.6887,4.92334,3.92064,3.57038
4.72265,3.74348,2.33947,5.60235,4.36562,5.29163,3.61871,3.45495,3.78942,3.13152
4.24468,3.93534,6.50956,5.22179,3.1672,1.94264,3.00017,3.57628,4.58072,3.13142
3.6495,5.06693,5.50361,3.91991,2.54239,3.2741,4.17329,3.85241,3.70424,3.10509
4.29253,3.56535,4.58542,3.90283,3.8353,4.10779,4.26124,3.62731,5.41199,3.25815
4.19109,3.94601,3.97026,3.04181,5.29157,4.20671,5.6679,4.59692,4.18039,4.89903
5.32483,3.73798,2.55901,3.98953,3.38171,2.4135,4.16023,2.75131,3.27845,3.07233
5.23563,4.4012,4.87642,4.79425,4.39942,3.13826,2.04216,5.64196,4.24003,6.18514
4.53261,4.33709,4.18841,5.01195,4.65662,3.19956,5.55273,4.10162,4.33699,2.6901
4.93494,3.74813,4.41549,3.53175,3.07099,3.51279,3.83831,3.56703,4.81847,4.09201
3.70185,4.26571,3.83213,6.6094,4.0302,3.88652,4.42813,4.12325,1.50211,5.41283
3.61829,3.17296,4.21266,3.38876,3.99124,3.53175,4.16393,4.18155,3.28644,4.90712
5.3991,3.38857,3.87478,3.26683,4.14733,3.64291,4.59444,4.35504,3.2655,4.22247
4.10746,3.71343,3.52601,4.77224,3.01464,3.08897,4.32441,4.94699,2.46073,4.02995
3.83093,2.66972,5.38225,4.02158,3.79716,2.21024,4.57912,4.19214,3.76829,6.14019
3.3964,4.82936,3.45802,4.10264,4.11475,3.89771,3.98476,4.39421,4.10225,5.50457
2.98344,2.52446,4.2965,4.83049,4.20865,4.51709,4.92326,3.10106,4.72466,3.65832
3.41872,4.63461,3.51124,4.91169,4.42853,4.14391,4.13322,5.8356,3.12793,4.47575
5.94695,4.37824,4.72095,3.50797,5.18637,2.96155,3.26994,2.36297,5.0286,3.58877
3.64288,4.72315,2.87663,2.55399,4.64589,4.60225,5.08992,3.6147,2.77369,2.93381
3.28973,5.11541,2.83144,4.31937,3.2771,4.27673,1.5949,3.02295,3.26689,5.45359
3.6428,3.58454,4.26031,5.15582,3.70363,3.00476,4.0859,4.53189,4.2479,4.80524
4.38977,5.24625,3.9265,4.04631,2.87844,4.31996,3.15755,3.84337,4.90811,4.24919
4.76499,3.81152,4.12553,3.56319,4.0588,2.95916,2.75264,4.94454,3.51546,2.41844
4.51904,3.71081,4.56598,5.31268,2.39724,3.90242,3.43057,5.84546,5.32216,4.96574
3.66432,5.5286,3.07158,4.92858,4.25531,4.94468,5.02524,3.61958,3.53191,4.81887
5.53873,4.58684,4.45622,5.66966,6.61914,5.05882,5.1762,5.6948,3.61684,3.96529
5.15121,3.61338,4.82238,5.28779,4.65092,5.24433,4.10398,6.12761,3.12799,2.53967
5.51366,4.09529,4.40913,4.70449,4.56581,3.80946,2.32667,3.36844,4.88787,3.17603
4.51955,3.27912,2.33784,3.74953,4.75768,3.44332,3.74398,3.3688,2.46876,3.67324
5.05097,3.79633,4.97098,4.81303,5.4954,4.16951,3.79619,4.8798,5.9651,5.06812
3.55686,4.52328,2.55164,4.78771,3.19976,4.0958,5.94562,4.38335,4.63484,4.16873
3.79701,2.8359,2.68915,3.34624,4.27649,5.09647,4.37051,3.35284,4.17835,4.76436
3.80955,3.35999,3.97847,2.41919,3.31871,2.32731,5.70263,5.21656,4.34832,3.62128
3.40283,3.92735,5.00365,3.24873,3.42981,3.76595,3.00565,4.55627,5.10462,5.43452
5.42313,3.86519,5.92535,4.14966,4.1742,4.96564,4.68411,5.24354,3.21542,5.13009
4.58631,3.75208,3.23099,3.05485,2.80285,5.97474,2.90339,3.88613,4.87527,3.78703
3.80924,3.01492,5.3579,3.00913,4.72644,4.43696,2.47565,4.46282,4.40531,4.77745
5.30468,3.79726,2.47961,3.74308,5.84668,3.05148,2.48529,3.46397,5.84713,4.31658
4.77046,2.97664,3.63868,5.05806,0.828768,2.80302,3.27268,3.13197,5.14542,4.56214
2.15878,2.18849,4.65988,3.54353,6.01313,4.57152,4.78823,2.32836,3.99504,3.48503
6.85205,3.45931,4.95767,4.9428,4.91538,2.6898,5.38209,4.11888,3.91087,3.99551
3.6733,3.70837,5.4631,4.58347,5.15453,6.1106,3.92434,3.6331,5.45731,4.53014
3.45922,2.9008,4.75866,3.19539,3.94369,4.51921,3.31191,2.77477,5.4871,5.03253
4.6317,3.72717,5.08093,4.38264,4.46566,4.64923,4.17935,5.16749,5.19531,4.05051
4.38906,3.43165,4.56351,1.71794,5.07382,3.27038,2.93955,1.9831,5.08361,3.31216
4.1855,5.51292,3.8008,4.44033,6.00457,4.6964,2.80375,5.39301,5.97838,5.91956
3.98302,4.06876,5.0832,3.28176,4.12705,4.22485,3.37549,4.34043,3.5172,4.47864
5.36718,2.89488,4.01684,2.76731,2.87778,4.93127,6.06259,4.46497,2.88827,4.68464
3.20195,4.4412,3.32509,4.28454,2.71297,3.9694,5.01997,5.54629,3.6118,4.59568
2.88941,2.95088,3.42314,4.95011,3.8947,3.81821,4.54864,4.80545,3.71348,4.28252
3.11433,6.67619,3.34165,4.99122,4.48126,2.6017,3.46289,3.97584,3.94273,2.88038
4.2558,5.4563,2.7655,4.24585,5.37347,4.42914,3.18831,4.47555,2.31301,4.66062
4.06914,5.32791,4.51807,4.54597,2.55315,4.01402,6.31018,3.8056,3.90966,1.78325
3.80697,3.89185,5.22921,4.33106,3.58254,4.86154,5.38901,5.45189,4.39045,6.39275
3.6338,6.07628,3.59132,4.63153,4.98586,3.45511,2.91417,5.50209,5.09659,3.1515
3.99553,4.10582,3.47141,4.35886,4.3884,4.24718,3.80608,4.58726,4.10459,4.35387
4.05657,4.03708,4.71593,4.93826,5.78206,4.18707,4.09489,4.21253,3.11937,3.92084
4.28538,2.78404,3.37001,2.70306,3.06371,4.352,6.06595,4.18674,4.76359,5.93022
2.70442,5.65027,5.22582,2.88802,3.85524,4.64705,3.77945,3.56523,4.31927,3.44824
3.5245,4.88326,4.76943,3.57417,5.04075,4.55436,2.28159,3.94121,4.19493,3.90632
4.26765,4.32037,4.13515,3.94939,5.18825,4.08502,4.26629,2.60972,4.99063,4.66677
4.2077,3.15023,3.17627,2.78407,5.12067,4.77977,4.64014,2.36299,4.10983,2.81507
3.81158,3.0753,3.4022,5.13456,3.87331,2.5401,4.63041,4.39322,3.39932,5.21751
3.20851,4.56153,4.6853,2.86873,2.84125,3.91137,4.01759,4.49692,3.38759,4.2918
3.51394,2.78551,2.77618,2.92161,2.70911,3.25517,5.60675,4.46678,5.32931,3.9414
2.85033,1.91802,2.91317,4.45809,4.16839,4.71448,5.36892,2.58936,3.55759,3.53136
4.70788,4.53651,3.89008,3.91472,5.04968,2.4493,3.82713,4.24864,3.78352,3.38661
3.487,4.63151,4.26575,4.53345,2.18854,3.11722,6.236,4.89431,3.82856,2.85968
3.20422,5.1628,4.77228,5.18473,4.32671,5.45886,2.4725,3.95955,4.18098,4.72433
4.2673,1.83123,3.51809,3.87865,2.74354,3.93045,3.67867,3.73094,5.24978,5.42081
3.31981,2.91932,2.84221,3.19778,3.37869,4.82622,4.2782,3.22823,2.80632,6.28106
4.5466,4.79622,4.28129,4.74168,4.90513,5.55675,4.63145,5.00816,2.66404,5.12578
2.76186,3.96821,3.72861,3.71406,2.95583,3.78949,4.42455,5.13383,4.95331,4.85565
2.35619,4.71548,3.2844,3.85805,3.92293,3.76091,3.9713,4.91432,3.9588,2.2483
1.48367,1.51348,4.436,3.60614,5.01912,4.40315,4.26076,3.74461,4.41674,4.88841
3.25193,4.30669,3.66177,3.87518,2.6737,4.89506,2.94499,4.94071,4.06531,6.21377
4.27784,3.72268,3.45966,3.46042,3.58785,2.89005,2.93611,3.08196,3.42945,3.91417
4.5498,2.49404,3.24948,3.99209,5.15218,4.43004,3.88751,3.61891,5.24416,4.41701
3.5432,4.77175,4.7323,3.05311,3.90186,3.65679,4.79758,3.90576,4.11308,4.78435
5.21334,3.74257,3.9829,4.33638,5.98303,3.88376,3.35424,2.73231,4.221,4.46168
5.48959,3.76801,4.75398,5.13099,3.37287,2.18337,4.83761,2.82265,5.03759,4.69264
3.7471,3.2184,2.57991,2.74724,4.46488,6.01504,3.65756,4.27176,3.57915,2.9793
3.36243,4.38135,3.73238,3.72171,6.13041,4.48995,4.83136,6.48094,2.51018,4.22756
5.69692,3.20358,5.25005,3.8655,2.31348,5.94826,3.5125,4.08119,1.26989,2.86105
5.04408,4.9066,5.00879,2.52612,4.28001,3.42309,3.1936,4.99323,5.63128,3.8531
3.78733,5.37819,4.1276,4.52941,5.77594,4.07238,4.69613,3.27856,4.8966,4.53464
5.08769,5.80515,2.4432,3.91499,4.55523,3.50153,5.11703,4.63032,4.48588,3.32677
3.37092,5.93373,2.53433,3.74881,3.77333,3.53941,4.49344,4.81939,3.95193,2.90462
2.27775,4.92389,4.21417,2.57264,3.1624,6.26923,5.34606,4.13625,3.55354,4.1161
1.39669,3.46991,4.63336,4.20916,3.50022,4.79644,5.70966,4.31704,3.22068,3.93951
4.53538,4.92818,3.37662,4.18071,4.73194,2.10764,3.87867,4.48008,1.15847,3.77525
5.42639,3.48764,2.75977,4.78079,3.56037,4.64034,5.50395,4.08603,4.41262,3.27825
5.08967,2.49206,3.07117,5.42589,3.58069,3.27309,2.58219,5.00108,4.11144,4.92339
4.27491,3.6702,4.86793,5.21224,4.26004,2.76989,3.46986,4.28533,3.17693,3.94391
3.2419,4.53965,3.70753,3.68331,4.58769,5.07728,4.58736,4.44396,3.97132,6.45515
3.54531,4.12703,4.57299,2.8462,3.53222,4.09873,4.99472,5.54433,5.07278,3.1603
4.23782,3.06832,4.79295,3.81886,4.62489,3.04318,3.44095,5.19121,4.3496,5.11047
5.7982,3.04598,3.67011,4.87856,4.55279,3.72159,2.34092,4.05236,4.94785,2.99948
3.64092,3.31955,2.9452,6.24892,4.05113,5.04946,3.80421,3.04658,3.87769,2.3544
4.29962,3.98909,4.14804,3.32385,4.23448,3.96586,4.28694,3.6395,3.09686,3.82572
3.7867,5.53481,5.60288,5.53207,3.72923,3.89311,4.92305,3.97019,3.73733,5.3276
3.76295,2.26605,3.02003,4.05735,4.81025,6.95819,4.19207,2.58715,3.00331,1.74663
3.48917,3.68113,3.23309,4.22148,4.10951,3.38381,3.53188,4.67294,1.39538,3.75052
4.8088,4.70254,4.15032,4.83426,4.06577,4.09432,5.9107,3.81073,3.84893,4.31292
3.76837,3.83878,4.78943,3.80562,2.90025,3.28007,3.38071,2.39891,3.99551,4.47164
2.57017,4.38245,6.0831,4.87294,3.58936,3.93814,4.6297,1.36244,4.49269,4.80221
2.67906,3.42648,3.91047,2.52378,4.12775,3.6273,4.25041,4.8001,4.53344,4.61284
3.01461,4.48761,3.41025,4.468,3.90473,3.52189,4.62831,3.33904,4.18407,4.50108
3.20849,6.3008,3.29338,3.59897,3.3723,4.61253,3.50701,4.03074,1.71663,2.73094
4.23067,3.69395,3.75551,2.67826,4.1678,5.40271,3.88229,4.72506,4.16454,3.86568
1.18681,4.16293,3.6711,3.36283,3.88389,3.78199,4.43215,2.38196,3.32011,3.34539
5.10795,4.72149,5.04203,5.69617,4.33532,5.35892,4.1487,3.1228,2.45717,1.46105
3.0748,3.24335,3.89289,3.3731,3.49137,5.1671,4.91699,3.38468,3.7294,3.51724
5.54847,5.3344,3.77472,3.30224,5.31708,5.21478,2.99657,3.9855,4.40233,2.41863
4.10878,7.21171,4.92373,4.76169,4.04104,3.40362,4.03338,4.39081,4.71662,2.90339
3.09229,3.06926,3.40573,4.89839,3.71753,4.88548,3.83594,3.51899,4.39469,5.35055
3.78326,4.07089,4.72085,4.06369,4.3564,1.75209,3.67475,3.86,4.85736,3.28082
4.49088,3.63465,2.98055,4.15469,3.61765,4.82134,4.43537,3.95191,5.74306,3.35363
3.36229,1.19166,3.63737,4.60914,4.69822,4.76952,2.33395,4.3849,5.09797,3.64638
3.49882,3.47023,4.43075,3.52233,3.06414,3.97264,4.39189,3.3753,4.06248,7.11051
3.39977,4.33268,1.93063,4.38833,4.17109,3.54131,5.34998,5.52878,4.1737,3.56342
6.1461,5.36087,4.01009,2.98729,2.66148,2.74279,3.67562,3.36432,4.281,3.00913
4.56428,3.32382,5.04684,5.32635,3.05236,2.67727,3.44253,3.4342,4.59753,1.77282
2.6709,3.9011,2.72786,4.1111,4.79043,4.61293,4.56682,2.67554,5.28307,5.69451
4.07422,4.24559,2.2319,2.53067,3.24636,5.44601,5.70063,3.293,2.74914,3.28388
5.40526,4.07627,4.70401,3.40422,3.86836,3.35061,2.70101,3.35216,3.20532,4.40297
3.91165,5.08502,3.26315,4.80124,3.84027,2.71694,3.3214,4.30562,4.4527,5.75849
5.57159,3.34321,4.12848,3.13986,3.81633,6.03707,4.06026,4.21633,4.00159,4.29363
2.89352,3.03493,5.07161,4.8161,3.77068,3.46685,2.33828,2.98692,3.96415,4.43181
3.44204,4.65607,1.55961,4.70199,2.65586,3.11899,4.99272,3.29897,3.74395,2.62284
5.22485,4.27329,4.16163,3.48772,5.16539,4.07174,4.06568,2.32452,4.72765,4.56051
4.06695,3.82361,3.97585,4.24387,4.50622,4.49037,3.36297,2.75073,3.80844,4.93545
3.97897,4.16001,3.33582,4.54916,4.51887,3.20838,3.69283,1.52474,2.29167,3.22215
3.88096,4.22838,6.07681,3.75224,3.21205,3.89735,3.57622,4.2443,4.13237,4.45981
3.71314,2.73682,5.52013,5.71477,3.50001,3.85651,2.02588,3.36272,2.82055,2.60142
3.11913,3.54563,3.9982,5.19737,2.60249,4.68106,3.45746,5.52486,4.46877,4.07316
3.37506,4.73544,3.88283,3.02288,5.70767,3.07515,4.11946,4.52518,4.18605,3.51944
4.15189,4.31881,1.99136,3.70545,4.57408,4.21059,5.3517,3.48113,4.7318,5.33661
5.37576,3.95793,7.23526,5.33755,4.2828,4.46519,4.32632,4.66477,3.7204,5.36337
3.69699,2.81416,3.3926,2.81507,3.65983,4.71799,4.15133,5.12362,3.9218,5.31953
3.86577,2.71964,5.21493,4.02042,2.13183,5.17086,4.11641,4.45803,3.63146,4.25552
4.29592,5.14326,3.65656,3.94861,4.22667,3.83232,4.86543,4.30845,3.67097,5.60291
3.16978,4.46003,3.79293,3.85638,4.24672,1.7853,3.71761,5.07416,3.27241,3.93874
4.15189,3.84984,2.8377,3.75212,5.22132,2.60835,4.74236,4.65844,4.24312,3.6542
2.96675,4.23404,2.61831,4.37398,3.4776,3.25423,3.52156,4.85485,3.79024,5.54001
2.56459,2.28806,3.13008,4.12793,5.53998,5.01965,4.41984,3.4251,4.04262,5.28119
3.19179,5.28295,3.54927,4.67558,3.77754,3.83768,5.22966,5.07955,5.28998,1.45093
4.38186,3.52841,3.42831,2.52046,4.34584,4.13535,4.46942,2.3287,2.49365,3.78165
6.01889,2.90206,3.85391,3.86647,1.52417,4.90192,3.98353,3.74253,3.95578,4.0437
4.08427,4.08929,2.41963,5.53585,3.82248,3.57044,4.27333,3.32116,4.27267,2.80086
3.19774,4.42632,3.83481,3.78134,2.94351,4.41031,4.81872,3.18227,3.49182,4.10736
2.00804,3.00926,2.44312,4.1534,3.69451,5.02471,3.09637,3.19743,3.16278,4.17077
3.70192,2.67294,5.19638,3.61682,3.059,5.09462,2.53539,3.30842,5.13947,4.3244
1.0848,5.20812,4.23903,3.95004,3.72807,4.93218,3.86727,4.7138,4.62699,4.44875
3.5174,3.13068,4.33066,3.83047,3.21114,4.54817,4.81978,3.57438,4.20165,5.38571
3.2072,4.02783,4.41753,4.14561,3.32959,2.93877,3.41126,4.44142,4.35997,4.98633
3.56622,5.89308,4.90029,4.35626,3.24044,4.14588,3.25313,5.60218,4.37772,5.07397
4.14339,3.63787,4.79746,4.38984,4.37618,4.51959,2.98099,3.83745,4.986,4.27076
1.68875,4.33788,5.70694,6.01886,2.4957,5.19588,2.85959,5.19787,2.94812,4.85455
2.26195,4.09278,4.25935,2.83473,4.07519,4.21409,5.21116,2.61056,3.41959,3.6907
3.67447,4.77693,4.23573,3.14599,3.67963,3.59684,2.97304,4.14001,5.30096,5.0439
2.36993,2.27048,3.08572,3.47351,4.36287,2.89276,5.00209,5.18161,5.43668,4.20524
3.78291,2.25419,5.75927,3.29043,2.07934,2.9071,3.54394,3.82758,5.67685,3.97419
1.37874,5.39736,2.91656,3.73033,4.4592,3.72175,3.00934,2.06008,4.33236,3.98891
3.51365,4.24766,3.93797,4.63243,2.80262,3.51617,5.1142,5.26977,5.09965,3.89857
3.69969,3.2252,4.08738,4.77161,2.78844,5.35026,4.2789,4.07391,4.54269,3.14114
3.28468,6.04873,4.18826,5.37674,3.62169,1.8834,5.58183,3.3369,2.61722,3.5599
3.41185,4.88102,3.4112,3.73483,5.16404,3.84096,4.10942,4.61662,3.39236,4.17523
5.04325,4.24569,5.94694,3.92067,3.73822,4.56794,4.9223,3.5665,4.07966,4.09114
3.94528,3.36955,4.75211,2.63091,4.66419,3.50787,3.86388,5.63145,3.51891,3.21937
2.48776,5.68117,4.70877,4.07304,3.28453,3.54202,4.2966,4.6182,4.2517,2.96126
4.79248,3.42663,3.7642,3.12392,4.11214,3.00503,3.23927,3.62394,4.33966,4.28942
3.73133,4.44467,4.01946,4.56061,3.48899,5.03432,3.54721,2.9536,5.0447,1.79888
3.76546,5.51295,3.93126,4.92627,4.07198,3.94878,4.80108,5.42935,4.50384,4.807
3.76159,3.9968,4.51723,6.46994,2.5994,4.36365,3.4047,3.43093,3.76443,1.0439
3.09033,5.22829,2.77227,2.39947,3.22012,4.63811,5.11271,4.35537,4.51096,4.48778
4.46629,4.99594,3.01998,6.03816,3.59869,3.09022,5.23216,4.04826,3.93432,3.15257
3.07105,3.7698,2.05332,4.70125,4.19937,3.23672,2.15842,3.9907,5.16386,4.78372
3.92915,4.2413,5.53042,3.7149,3.2363,4.16849,4.67421,4.57733,3.85594,3.36939
3.98828,3.45835,4.8607,3.88603,3.64712,2.69402,3.13172,3.28816,5.3075,3.21072
4.4139,3.6044,4.31709,4.09202,2.74693,3.24628,4.00573,5.44786,4.916,2.69517
6.10635,4.18751,3.89908,4.33401,5.34357,3.23433,4.80854,3.38568,4.07765,2.94591
3.3276,3.33759,4.37843,3.43132,4.274,4.22354,5.51874,3.16417,5.07323,3.80575
3.58504,5.92017,4.11515,5.44013,4.42694,3.90404,4.96471,4.97693,2.9706,4.31484
5.21091,6.07935,5.22211,5.74285,2.69977,4.4734,4.10456,3.77809,2.96774,3.71781
4.92467,3.20276,4.55876,3.87489,4.7593,4.18798,3.87853,5.10196,4.16762,4.6263
4.22938,3.5267,3.15331,5.5548,4.48378,4.26591,2.32176,2.43473,4.38424,3.22657
3.16769,3.34755,5.45963,5.74463,2.86989,5.16654,3.50886,4.70455,5.23468,2.81415
5.09978,3.07294,3.95451,4.74659,5.06842,6.32545,4.67639,3.97001,3.6067,5.29156
1.30377,3.75848,4.0339,3.97913,3.85546,5.21294,3.56432,3.57323,4.87489,3.90581
3.79958,4.78349,2.68092,2.49511,2.89091,6.68433,2.48986,1.68377,4.13935,3.66374
4.46198,2.82604,3.99071,3.59621,3.72148,4.57717,3.9831,3.3034,5.80309,2.55471
4.16181,3.17006,1.0892,5.01722,4.49948,4.44162,5.4249,4.89829,3.79118,3.09908
1.79888,3.68699,5.68935,4.88448,4.29264,3.79118,4.09011,4.41639,3.32911,1.3498
4.87624,2.54662,2.26406,4.70314,4.88069,4.40806,3.43516,5.01128,3.47191,2.82978
4.92573,4.23247,3.58587,5.52198,3.73797,4.07765,3.98924,4.65207,2.10719,1.62775
4.17723,3.23,3.17631,5.14404,4.5049,5.02392,4.37942,3.11328,3.3028,3.49726
3.45052,3.13158,4.87549,5.29853,3.79392,5.16972,2.58949,3.17602,4.69354,4.78946
4.85113,2.74429,3.90608,4.77159,3.07479,2.18025,2.95352,3.37174,3.49991,6.36578
3.346,5.00032,2.76577,3.0071,5.462,6.31696,2.46703,5.71962,4.47019,4.45701
4.27961,3.49966,3.44065,3.26772,5.30535,4.08685,4.37964,5.58887,2.79442,3.6293
4.65798,3.23085,4.49281,3.20368,3.28609,3.60055,3.67029,3.24273,4.93652,4.00672
5.46426,4.62352,3.96748,4.65017,3.18981,3.29525,5.37342,3.01691,4.09437,2.55012
4.98945,7.06571,1.80986,4.07475,2.98247,4.05398,3.18373,4.59087,3.34228,3.61794
3.28361,4.62737,3.72101,5.59265,4.32605,4.45135,3.8556,2.03034,3.63285,3.27771
3.0454,5.64929,4.39696,4.03684,2.81892,3.97062,2.80164,3.91075,3.30638,6.0041
3.45297,4.28238,5.9923,5.81592,4.20956,2.76975,4.42105,5.01393,4.05201,2.18171
3.46781,3.99207,5.0693,6.55806,4.08271,4.41726,4.24425,6.09084,2.9678,3.94529
4.26641,3.99492,3.35722,3.45627,5.14896,3.61948,6.28812,3.36062,3.37295,4.88898
4.36711,2.06621,3.59549,5.48119,3.43779,2.83599,4.88654,2.69588,3.22788,3.73169
4.41155,5.95653,7.26308,3.95409,3.17815,2.11993,3.92505,4.99581,5.39207,1.50544
4.09921,2.7123,4.1245,5.4894,3.27634,4.13125,3.07133,3.31111,4.0285,4.18005
4.76139,3.58563,3.49773,3.83028,4.12364,5.34272,5.05984,3.90562,5.96786,5.17852
3.8968,2.7045,3.19431,2.75588,5.01909,4.45905,2.35547,2.8927,4.03887,3.42826
2.7237,4.14847,4.68599,3.5752,4.76871,3.43379,4.68133,5.55859,5.64492,3.07847
3.44954,4.46982,4.34469,3.66676,3.09571,3.50601,1.85907,3.29325,6.45644,4.77848
2.62657,4.52393,4.46059,2.41521,5.4376,5.57413,5.81805,3.61056,3.23913,4.86892
3.64953,2.67843,2.8672,3.59133,4.21004,3.46001,2.73142,2.82726,5.37469,3.69761
4.8536,6.05523,2.48393,4.09925,3.63657,3.99864,3.09554,4.43574,4.68864,4.46493
5.62066,3.87589,4.62226,5.64969,4.33122,3.05731,4.60149,4.64948,4.58006,5.10688
3.46809,4.39021,3.99523,4.23739,4.72355,2.84794,1.07673,4.48857,4.45289,2.75757
3.36474,5.29717,1.59993,3.91893,2.06056,4.76627,1.84827,3.20861,5.48793,4.9549
3.2963,2.92458,4.03864,4.40619,5.43277,5.70103,3.86474,4.95109,2.29076,4.18342
1.57629,4.13661,3.53825,5.49557,4.68202,5.53168,2.81429,3.77632,4.88248,3.61613
2.01573,4.39635,4.3387,3.02816,5.06996,5.90001,5.2143,4.05077,4.04022,3.14779
4.36406,5.38419,5.20303,4.07356,4.12104,5.59427,3.49049,4.80619,3.87058,3.64055
5.34052,5.43053,1.60586,2.95969,3.93399,2.29841,5.32794,3.41702,3.66237,4.00373
2.37537,4.49696,2.05805,5.77241,4.34017,3.43939,4.35109,5.25516,4.30276,3.29444
3.83159,5.79434,2.82062,3.28163,4.31652,4.47162,3.94251,4.43238,4.85154,5.4398
4.54993,6.66924,4.13312,4.15837,3.76563,3.57663,3.22468,4.02433,4.79427,4.68855
4.40003,3.89807,6.4715,4.01582,3.31675,2.42312,3.78472,4.93988,6.17676,3.26936
3.59197,3.84256,3.50727,3.02801,4.08816,5.07978,4.40992,2.68807,3.29707,4.82397
3.79004,3.97525,3.40053,3.23653,5.49031,1.69912,4.63545,2.85865,3.92302,2.19072
4.52397,3.30777,5.24897,4.23099,2.96996,2.90478,3.26326,2.18795,3.96407,2.24154
2.35512,5.41868,5.6633,4.72414,3.23008,3.8435,3.28156,2.8805,3.91997,5.58467
3.34893,3.70628,6.09257,4.1237,3.45463,3.95956,3.53208,3.85184,4.09164,5.26706
3.69377,3.09659,3.05657,3.42324,3.68295,4.35075,2.46279,4.53739,3.86217,3.65203
3.57891,4.00079,3.61337,3.25679,5.11659,4.77349,4.38825,2.19936,4.11027,7.11967
2.76936,4.53459,3.15656,4.38817,3.67316,2.49003,4.28565,4.00768,3.18604,3.52935
4.43548,4.65803,4.14959,1.21052,4.2242,3.86417,2.74116,5.68536,4.41962,6.00584
4.54777,1.57006,3.93258,3.27265,1.97459,3.33222,2.74302,2.70279,4.18586,2.56064
2.18731,1.84049,4.21311,3.44697,2.73324,3.85298,4.35775,4.82425,3.16933,2.72647
3.10246,2.52185,3.06017,2.82867,2.48237,1.16365,3.75871,3.37678,4.44067,3.85492
2.27802,1.82574,2.40327,2.59472,3.03752,3.7627,3.46775,3.16213,3.41228,5.78009
1.62647,3.83609,4.3734,4.18424,4.26291,4.34258,3.78905,5.06989,5.58686,4.66175
4.398,4.12992,2.71633,3.2081,2.73513,5.63226,1.72001,2.5045,3.11396,4.72206
2.75254,3.26982,3.78383,3.79328,3.27118,4.27599,2.67055,3.35314,4.58307,4.12678
4.29381,5.01552,3.35701,6.29275,3.28528,4.94939,4.50027,4.1199,3.99206,3.17666
3.33608,4.17635,3.86768,2.3465,4.93268,4.88833,2.93945,4.35363,3.94091,4.3136
4.597,4.63627,3.28884,3.12269,4.77205,4.00236,4.21047,4.88783,1.36331,3.78755
4.69843,2.78737,5.28808,5.51457,2.88362,3.92308,3.53741,4.10968,3.65345,4.01735
4.11772,4.97761,3.85008,5.47274,5.59282,5.14161,4.32851,4.9717,4.01674,3.41779
4.56868,3.94503,4.51403,3.6182,5.00481,1.66043,3.26321,3.08435,3.14236,4.72064
5.21322,3.78505,3.61898,3.3901,5.39474,3.0014,5.15111,6.73129,4.81593,5.12713
3.64438,3.66204,3.2689,3.40427,4.22852,4.15099,3.6053,1.44262,2.6994,4.9167
3.22714,4.48192,4.03868,2.11034,4.71973,3.80996,3.98681,5.1148,4.88216,3.36345
4.2768,5.19734,4.9543,2.4704,3.79815,5.2797,5.25085,3.69737,3.44302,4.99434
4.74563,5.56171,4.82585,3.30448,5.76063,5.60325,3.51595,3.91799,3.90394,4.38795
1.86523,4.49706,3.13846,2.78636,3.85734,3.81247,3.64505,4.5681,4.02184,3.00851
2.96855,3.17537,4.24574,5.20227,3.79125,5.07738,3.7643,4.37765,3.72388,4.97691
3.01047,4.19996,4.23088,2.82362,3.74445,3.43359,4.03519,2.20421,4.33759,4.47385
5.71495,5.08971,3.73136,6.11318,2.26626,5.50397,5.85918,5.41013,4.84752,6.38482
4.3403,3.14951,2.38475,3.25888,3.08181,3.97,3.43999,2.36367,4.78147,4.32406
1.66171,3.08301,2.7361,3.56079,3.85695,4.35006,4.84365,2.1618,4.02866,3.81824
2.13065,2.72628,2.23842,3.16196,2.57824,4.81715,4.56555,4.91943,5.31555,4.52792
2.14361,4.73133,4.49064,3.94421,3.73876,1.929,2.7241,3.1381,2.49134,4.59143
3.83616,3.69786,2.48599,4.24481,2.58285,4.61175,5.08809,4.32283,4.43701,4.72751
2.30561,1.92699,2.55411,2.92467,3.25442,4.73675,3.43914,3.43381,5.10078,4.22989
4.32376,4.8492,3.23376,6.35469,3.69071,2.83432,5.03964,4.51224,5.23338,1.76251
3.42154,1.71779,4.4656,4.01606,3.306,4.53616,2.422,4.42365,5.04227,5.37366
3.14159,2.54199,4.09095,3.24584,5.21769,4.06948,3.69874,4.31715,5.13504,3.87828
5.69095,2.78477,3.86714,3.2395,4.39168,4.05116,5.57377,3.52173,4.728,4.54444
3.298,2.79793,3.3171,3.80143,4.10858,5.83065,2.27933,3.53161,5.52981,5.03551
3.95596,4.42738,3.20816,3.27512,3.82793,4.05755,4.04623,4.38066,5.22579,3.7612
5.33492,3.67506,4.19088,4.72817,2.51148,3.00656,3.90412,4.52852,4.64509,4.6942
4.62685,2.50457,4.66622,4.18513,3.2628,2.7366,2.96681,2.89748,3.23179,4.85818
4.77334,2.84607,4.59028,4.69994,5.3455,5.19572,6.44059,4.86482,4.07316,3.28549
4.27983,2.98154,4.13554,3.82573,5.40929,3.12754,3.60497,3.43498,2.01908,4.39911
2.79384,5.69639,2.46506,3.76621,3.54161,6.28323,4.16849,4.63703,4.7198,2.76762
3.39882,4.83077,3.96982,3.52563,2.81885,3.22394,3.89043,4.76418,3.87438,2.2845
3.37388,4.51699,4.65994,3.64804,3.71987,3.84106,2.73167,4.36902,4.52304,5.76694
2.36118,2.54274,2.10419,3.29789,4.34823,4.66914,5.55562,4.89875,5.07919,3.64915
3.05726,4.66336,3.19775,2.42571,1.82102,2.91374,3.64551,5.69824,4.50146,4.21062
4.62911,5.77626,3.46498,2.35487,4.40084,2.85012,3.75489,4.86356,7.8279,5.96489
3.9323,2.76687,4.55081,5.00936,2.389,4.24151,4.30957,6.06829,4.12227,5.39715
6.35949,2.55176,2.80942,2.7684,4.27496,1.85991,5.36666,5.10116,4.9455,2.94333
4.41265,3.13431,3.314,3.72315,4.92188,2.36278,3.77915,3.27456,2.93719,3.20883
4.41091,6.66394,3.54975,3.62095,3.3686,4.53662,2.99089,4.45689,4.85228,3.20777
4.52296,2.61534,6.60442,4.43294,2.43041,1.51515,5.84427,4.58348,2.9799,3.82804
4.70447,4.10946,2.16232,4.62147,4.57477,6.03847,2.6091,3.57081,2.48036,4.40747
2.71598,1.93853,4.59328,1.15315,3.85602,6.0391,4.47288,4.36713,4.37157,3.2854
3.65131,4.45155,3.60376,4.26218,4.79613,3.87414,2.19729,4.4896,3.62463,4.0844
4.10007,6.18801,3.09491,2.98798,4.75141,3.052,4.11717,4.96733,3.71015,1.85143
4.68469,2.55401,5.53752,3.17211,4.82089,1.82969,4.30935,4.52668,3.09714,4.99787
2.77124,5.2987,3.08226,5.22579,2.87697,3.39317,3.90321,3.72896,3.99372,4.30394
3.56075,4.73926,4.31809,3.51502,2.8495,4.72519,3.92474,2.84908,4.9468,4.02044
5.89109,5.44806,2.306,2.93277,3.45765,4.33694,2.40917,4.28845,4.6076,4.98036
3.53616,5.96946,2.83016,3.91399,4.86723,4.27358,3.78366,2.86334,3.02044,3.7525
3.05036,4.16622,6.1841,4.36423,5.19495,4.29484,4.16476,2.75417,5.45497,3.57574
5.81228,5.69499,5.00206,5.34904,2.64992,5.4495,3.22098,3.49523,3.18849,3.93593
3.27528,4.32972,3.71436,4.37998,5.50995,1.38787,3.23972,4.18123,2.52009,4.02239
3.41962,3.27742,2.59401,2.69659,1.77588,4.54512,2.83548,1.98138,2.44148,5.1248
3.6416,3.50914,3.69435,3.54266,3.63397,3.57836,7.12501,2.21524,3.83157,5.12376
5.81597,4.43287,4.99569,5.17536,5.50072,2.63094,4.54249,3.68226,4.40844,5.98067
2.64837,3.79587,3.18999,3.9966,4.45219,2.4036,2.61643,2.85442,3.15901,5.72195
3.12403,4.54827,4.11876,3.50553,5.26886,3.82701,4.09494,2.95372,4.30231,3.73258
3.82806,4.45594,3.89878,4.32225,5.66337,2.86108,3.84115,3.54988,3.50559,4.09631
3.75721,4.75269,3.64627,2.44916,3.98193,4.38401,2.71018,2.76082,2.47259,4.73138
5.29927,6.16277,3.63631,4.3248,4.03626,6.26635,2.00422,2.80611,4.60447,4.52899
3.64089,3.58632,3.35412,3.95306,5.19417,4.21449,3.37287,3.53995,5.57261,5.44603
3.2694,3.12945,5.00153,3.76769,5.4158,5.19479,4.66806,2.53334,4.76271,3.70002
5.09047,2.79382,2.47655,4.02769,2.87598,3.01206,4.08169,6.59241,2.88501,5.41588
3.27674,3.10559,4.33986,3.9795,3.17892,3.61606,2.2772,4.33984,2.77057,4.97918
1.23009,3.74402,5.74099,4.16032,3.99483,2.68091,3.0908,3.79214,4.64963,4.11924
3.43938,2.83087,3.35203,3.32875,3.20563,6.0858,2.92656,3.78234,5.40773,5.25345
2.9109,4.14464,4.12807,2.86247,3.60568,4.80214,4.96437,4.89175,3.66468,3.16137
4.37749,3.07707,3.64592,5.04877,5.40988,5.05173,4.75815,4.81573,5.11749,3.36193
3.16574,3.95477,3.97899,4.70456,4.28625,4.4981,3.69811,5.9118,4.72806,3.02659
4.26026,4.7145,5.25278,2.85508,4.09982,4.23464,2.96818,4.01305,4.5679,5.56023
3.95789,5.66873,3.94388,4.34624,3.19593,3.87017,4.38227,4.6008,3.84804,3.74624
6.22961,5.04661,4.60938,4.08926,3.56002,5.2244,4.34108,5.52274,2.91009,2.94246
3.90104,3.181,3.36379,4.00715,4.85373,2.81904,3.28945,3.0638,4.38955,3.64036
4.41131,3.08618,3.68857,3.72578,4.04213,4.17787,5.15735,3.38013,2.74594,2.87562
4.76162,2.78638,4.93266,5.6547,4.41455,4.80323,4.25201,3.12564,5.19577,3.12982
3.28696,4.30796,5.13613,4.23622,3.6105,2.5449,2.9546,3.82437,4.23256,4.45407
2.38577,2.29581,2.88598,4.33783,3.29176,3.93423,3.76284,5.15198,3.47738,4.70878
3.85271,2.20516,3.7432,3.3028,5.26794,6.06332,4.115,2.67694,4.99735,3.55132
3.03963,4.36956,3.89509,4.89282,5.14835,2.08969,5.5666,4.31781,4.74259,3.4519
3.00747,3.41843,4.53276,4.04856,4.97105,3.80623,5.83777,2.72997,3.54464,5.03715
2.86584,5.22144,4.095,3.15324,3.78189,2.87378,3.81613,3.37919,2.61616,4.68136
4.03439,4.75665,3.97744,5.68229,3.67702,5.2044,4.75508,4.35035,4.91709,3.97953
2.75511,5.33193,3.0788,5.11891,2.26693,3.77502,4.12409,4.43493,4.4432,4.29297
4.23587,4.03008,5.01528,3.94337,4.60119,4.80981,2.57774,4.36989,3.93564,4.58251
2.30141,3.50837,2.59662,4.3511,4.72185,4.48294,5.62295,3.69527,5.82387,3.4853
5.15589,4.76192,4.03282,3.15783,5.31212,4.57572,5.60009,5.08407,3.00874,4.49022
4.84246,4.16327,3.14199,4.99306,4.99667,2.31336,4.63248,5.21179,5.37092,2.99371
1.33149,4.61933,2.06311,3.75709,2.15669,3.60127,5.29748,4.73188,5.13345,3.17854
3.55227,3.49334,3.30608,4.18264,2.69427,2.19441,3.00364,5.58789,4.81668,3.30353
3.84309,7.18269,4.72361,4.12923,2.6191,5.01488,4.41512,3.73906,3.82485,2.31428
3.53304,4.84698,3.55684,3.54787,4.37754,3.35074,2.90151,3.44995,3.77007,4.18343
3.43533,3.47244,3.7429,3.54621,4.24265,3.43454,3.34587,3.27145,4.2235,5.38493
2.52166,3.61355,4.02196,3.64487,2.0118,4.85134,4.44738,3.23314,2.56804,4.00109
2.98478,5.01449,2.67341,4.57905,4.51624,4.74552,3.2064,5.07473,3.92633,3.30994
4.33826,5.05777,4.70135,4.23339,3.45795,4.07447,3.52313,2.71854,4.94574,3.62671
4.55518,3.57729,3.79944,1.73121,5.97845,5.50537,3.12704,3.66934,5.06488,5.20141
3.77803,3.3597,2.52285,2.545,4.7767,3.07706,4.3504,4.33306,6.31811,3.62372
3.17277,3.3041,4.59382,1.27696,3.56451,4.62123,2.95434,3.39235,2.80751,4.35678
3.37234,5.13884,4.60009,3.66374,6.60125,0.105885,3.89853,2.5917,4.59364,1.52142
5.66697,4.88515,3.80657,4.08317,3.76522,3.12815,3.74533,4.73385,4.43523,5.54343
3.087,3.75505,5.0183,2.86351,4.74882,3.18996,3.26048,1.92399,4.18319,4.51339
5.72657,1.88888,6.13177,1.46587,5.85909,2.60264,2.86869,5.49559,3.55914,3.38484
3.78368,2.82606,3.92597,4.77242,4.58441,3.56589,2.95718,4.03909,2.96309,3.10382
4.97012,2.73367,3.76541,1.90671,2.7902,4.58905,3.97631,3.62321,5.35421,4.06105
6.0824,4.41368,3.40549,3.99699,4.33637,4.07595,4.19178,5.098,1.97178,5.43667
4.25075,5.30282,1.75067,3.5647,4.40919,3.49876,4.57043,2.82791,4.22384,3.91766
3.55236,4.58168,4.95594,4.43577,4.39169,2.73163,3.98923,4.42602,3.40538,2.76414
3.49215,3.5273,2.66158,5.4282,3.27095,3.66565,2.55822,5.11554,3.68936,4.76551
4.70809,4.84986,4.44316,6.20428,4.29891,3.38325,4.45297,4.84395,5.42456,2.50908
5.09644,3.02648,5.20782,5.13179,2.38608,2.25794,4.34837,3.40221,2.72322,4.96989
3.8786,4.50767,4.42333,4.46172,6.19145,2.10033,3.67894,4.54466,3.38733,3.96142
5.1068,2.93918,4.49956,3.01651,5.12144,2.10331,3.32275,4.97475,2.60249,4.41158
4.07116,5.48943,3.65331,1.62952,5.02042,2.88411,4.07715,4.81528,5.62205,4.17007
3.00755,3.49618,4.60583,3.91686,2.94489,4.51494,4.09173,4.64278,5.47379,2.71212
1.75906,3.8256,3.67227,4.31486,4.26957,3.76484,3.50715,2.34053,4.98907,3.89543
2.67247,3.10841,5.37005,3.77257,3.53773,1.44026,3.75591,4.96532,4.74364,4.40812
3.89952,4.61186,4.91114,4.17818,3.97992,3.92191,3.89049,4.38575,4.54303,2.93943
4.55226,3.81529,2.79637,5.00843,5.46706,5.65378,3.61493,2.99435,4.80663,3.10397
3.72169,4.2015,3.38781,3.53774,4.23777,4.08596,4.84868,2.05244,3.84889,3.67557
2.06661,5.51698,4.75022,4.69464,4.90976,4.38509,4.09,3.88553,3.69048,3.9086
2.58289,3.30593,4.75355,3.66206,4.92379,3.48479,3.55958,3.52601,3.57899,5.09734
5.09278,3.93888,4.00512,4.05535,4.39658,4.16567,3.64601,3.27823,3.85272,4.6332
3.25386,3.20926,5.09374,4.7303,6.32255,4.86865,4.21913,3.67506,5.42867,3.03655
3.56803,3.22441,3.91601,4.18087,5.18571,4.70985,3.84359,5.09546,4.47775,5.83778
2.60431,5.27212,4.11029,3.09943,4.36819,3.51787,3.85895,3.12199,4.59925,3.69739
3.97373,4.1074,3.21032,2.791,3.43017,3.78159,3.72725,3.91605,4.22235,5.50001
4.70194,4.10543,2.48513,4.31339,3.60187,4.91869,3.10397,5.35195,3.79995,4.49285
3.47707,4.72939,3.23068,5.50194,3.45816,3.80889,3.56078,4.38575,3.16759,4.8147
3.21476,4.24081,4.28655,4.87022,2.81909,3.99668,3.76769,4.7805,2.85831,3.6276
5.29727,2.52604,3.16589,3.26924,3.74241,4.27748,4.53887,3.18821,4.21437,5.01511
2.85123,2.74726,4.84744,4.51268,2.11852,6.21608,4.01066,4.37169,5.08814,5.14546
4.72007,4.13145,4.13454,5.11303,5.28418,2.79866,4.11082,4.70919,3.13712,3.85456
3.40245,3.5141,3.69778,3.13597,3.3606,3.47074,5.73472,4.19136,3.82348,5.34245
3.35919,4.78125,3.79185,3.43184,3.99014,5.44415,4.34169,4.65708,3.233,3.87766
3.22888,5.6463,3.91753,3.25677,4.66045,4.82364,4.98253,4.37431,2.75857,4.53244
5.52185,3.69188,3.38778,5.42202,4.15399,3.84256,4.76608,2.50426,3.06882,3.99613
3.58,3.94823,3.74543,3.20123,3.77786,4.9354,4.86439,3.92276,4.0869,4.53542
4.18341,2.43491,3.03515,5.0075,2.32597,4.74353,3.74893,3.7609,0.919802,3.45
4.82235,3.52016,4.45951,4.34421,3.55449,3.81173,7.39262,1.44015,2.89739,5.10687
5.51864,3.2768,5.05882,3.59345,2.0002,3.84534,5.25089,4.16783,4.04565,3.79469
4.20977,4.54079,3.45822,3.37055,4.17413,5.06063,4.83426,3.94259,4.48635,2.85279
3.59512,4.61553,4.00787,3.61486,4.42241,6.92951,4.4365,5.55576,5.84029,4.4912
3.13858,4.31813,4.76939,3.22586,3.98349,3.09782,3.83015,2.85263,4.50172,3.20265
3.60634,3.88374,5.92593,4.84057,2.9341,2.77497,3.2334,4.15631,3.47289,4.40467
2.91623,5.08525,3.04532,3.16889,4.31518,5.79646,1.62941,4.42702,4.36596,3.60814
2.37567,4.31642,4.67638,3.62763,3.97849,3.51719,3.43857,2.74289,5.48425,4.90029
5.06633,4.6621,3.10696,3.68506,4.2325,4.33091,4.79286,5.33121,3.41976,4.51614
3.19738,3.80346,4.91443,2.2619,3.60331,5.39518,3.01905,2.78225,5.21366,4.67091
4.92644,5.82061,5.32799,3.54848,3.78266,3.90262,6.78419,4.06616,1.8398,4.69611
2.908,4.76554,3.00819,3.76793,3.03489,5.26026,4.665,3.30864,2.80279,1.60985
2.75759,3.07093,4.12715,5.06822,3.97316,3.93194,2.83693,3.05223,5.67624,3.6449
4.0776,5.50751,6.90698,3.36955,4.30686,2.56248,4.52302,3.92029,4.24215,2.01806
1.70552,5.38111,5.09624,4.11009,3.88132,3.33065,3.43567,4.70833,3.98946,4.23702
3.5932,2.48697,3.34689,3.00097,4.09405,2.84321,4.58193,3.3655,5.86216,4.65495
5.75831,5.9627,4.48492,3.25809,4.65083,3.7829,5.74833,4.97846,4.52964,4.95387
4.16946,2.71047,4.35501,3.22403,4.10278,3.09912,3.95466,5.34696,3.85009,2.18789
3.90066,5.05642,2.36096,3.147,3.49528,3.32519,4.02755,4.54618,4.12815,4.91938
3.99438,2.415,4.66233,5.79801,5.92358,4.50371,4.4036,4.57138,2.96202,4.29159
2.22714,2.51344,5.19101,4.47465,4.57607,4.66356,5.13972,4.86686,5.07053,2.47836
2.7449,3.2542,3.41471,5.6863,4.73725,3.45082,5.10554,3.81394,3.08505,3.81566
3.85473,5.52281,3.82871,4.72083,2.45672,4.45031,2.09106,4.91581,5.67487,5.00199
4.21788,4.50044,4.77027,4.41711,4.18839,6.00676,3.39348,2.90903,5.4728,3.2273
3.20349,5.46023,2.29449,3.91969,3.242,3.73603,5.36655,4.07269,4.46391,5.83942
3.87135,4.46014,4.4125,3.78339,4.24956,2.68367,4.918,3.2677,2.94662,4.1956
3.51708,2.74859,0.467969,3.67368,3.74161,4.9838,4.34834,2.96045,2.89081,3.22144
3.44588,4.52514,4.57993,4.27725,2.94105,2.71127,2.48119,3.75339,3.77512,4.48667
2.96396,3.57946,4.94951,4.8724,5.15625,3.93245,4.16419,4.48579,3.15761,3.18969
5.05792,2.78971,4.39123,5.82937,4.8755,4.16541,2.71982,5.01685,4.25339,5.09435
4.34875,3.25695,2.20844,3.83753,5.54259,4.35046,3.9769,4.7616,3.59246,3.92541
6.07995,5.80757,4.61564,4.22246,3.99889,1.98897,5.45038,1.8992,3.1849,5.04112
4.93248,3.43646,3.69599,4.44901,5.02379,4.54083,4.90103,3.97382,3.88485,3.91543
5.63812,3.44025,4.92232,4.86376,5.16603,3.76069,3.96969,5.17271,5.38937,4.01873
3.82248,3.01268,5.24616,4.66819,4.25436,4.05137,4.37719,4.60873,3.4256,3.35253
4.43538,5.08439,5.19978,4.24868,4.88861,4.96054,1.7623,4.11759,4.26612,4.55916
3.17883,2.44051,4.03025,4.0849,3.12145,3.61886,4.68755,3.66547,5.80077,2.96688
3.41469,3.89308,3.56439,4.02562,1.31107,4.84032,3.47188,4.14048,3.22416,2.24944
4.48263,4.21378,4.94826,2.89752,2.18786,6.74981,3.38863,4.25133,2.39939,5.82255
3.47942,5.67828,3.70069,4.2364,4.12314,4.57972,2.48514,4.29189,3.85889,4.01945
3.61741,4.96374,4.55176,4.79323,1.77133,3.74756,5.35808,3.87378,3.38486,5.23106
3.12885,2.94169,4.41485,4.11955,3.29115,3.40445,5.08299,3.09053,5.12977,4.49509
3.77336,4.28729,4.14241,4.53941,4.17439,4.0066,4.3127,2.6984,2.1185,3.60455
3.80528,3.5142,3.2772,3.41894,3.77856,3.98779,5.28056,2.3157,2.43907,4.72275
6.31045,2.93992,4.56128,5.24861,3.62169,3.74684,3.35692,2.32817,3.32756,5.91272
4.04071,4.64534,4.01802,3.33582,4.4715,3.59689,4.42024,5.81856,3.26829,5.10213
3.27143,4.63465,1.395,2.75979,3.73683,4.32175,3.44872,5.32124,4.4571,3.73704
6.50884,4.02177,2.7722,3.07865,3.89219,2.60466,3.70398,3.4629,3.00453,4.68268
3.82955,5.66255,4.52934,1.91058,2.89327,4.72191,5.02043,3.49776,1.96806,4.92018
5.10962,4.18797,3.05224,4.27987,3.90826,2.42116,3.02759,3.26499,2.86745,3.19979
3.99301,4.34445,4.03937,4.08705,4.31917,3.45105,3.69566,3.96646,4.20933,4.0671
5.40639,3.85386,1.9217,4.71398,5.58769,4.13428,4.39267,4.3658,4.03851,3.82831
3.33968,5.26534,3.00165,3.60841,4.19346,4.08146,2.18592,2.729,3.95707,3.65608
5.54879,2.45955,4.03836,4.37099,3.76024,3.73616,4.26852,4.02159,3.19267,6.12498
3.45592,5.87405,3.08526,3.60972,4.55927,3.36209,3.74663,4.01041,4.83999,3.24313
2.17599,4.48883,5.46708,2.63286,4.83061,3.64406,3.29374,3.69992,4.25743,4.01762
2.51657,2.29348,4.26312,4.53507,4.58229,3.94795,4.82442,3.59529,3.71016,4.56087
3.39277,3.94655,3.84615,3.39856,5.71632,2.22229,4.64417,6.14594,2.84286,3.82904
1.57748,5.94826,1.60808,4.77274,4.20254,2.91091,5.4839,3.86629,5.66069,3.70149
4.15906,4.37817,3.43176,2.84135,4.60143,4.82284,4.19553,3.6126,4.06696,3.95399
3.52766,4.05324,4.18759,3.89147,4.09704,4.91199,3.81298,4.4653,1.8372,4.2289
4.08519,2.62863,2.99186,3.46166,4.62534,4.69537,4.50112,5.05169,4.9068,4.19775
4.70739,2.91969,3.86238,4.28777,4.25165,4.56636,3.18036,4.13507,4.34709,2.91202
4.39304,3.61283,4.19659,3.7042,3.50566,3.07332,3.49678,3.52578,2.10946,3.9334
3.60796,3.22091,4.26732,4.23555,1.71769,3.69329,2.62774,3.47746,4.33028,4.83009
4.16835,5.38721,2.63862,4.35078,4.01575,4.71098,5.22235,2.96527,6.09312,2.86111
4.08008,5.34235,3.27093,4.49446,3.77628,5.04626,4.76203,4.29523,2.74685,4.0934
2.79779,1.72325,4.27517,4.85851,4.33984,6.18701,4.58819,4.44032,1.90836,3.45115
3.08292,3.33984,2.46853,5.30296,2.32304,4.04163,3.63428,3.47465,2.91903,3.96078
3.54298,3.77509,4.31336,4.11301,4.59576,4.07645,4.13607,2.33785,2.52313,3.3054
4.36282,3.97619,5.62867,6.10827,3.1873,6.11915,4.38645,3.46499,2.42676,4.21465
4.31841,4.85895,4.42524,4.00271,3.21379,4.77269,3.3355,4.76862,3.82014,4.08568
3.7575,4.40572,3.43975,4.58496,3.32947,4.40772,4.96238,4.09951,4.13046,4.11096
3.4997,3.19799,3.99236,3.6483,3.55787,3.71421,4.19503,6.96376,4.30337,5.0615
3.10625,4.20957,3.94678,3.29116,2.94975,5.92593,4.66097,3.75837,3.71351,5.65326
2.49264,4.65781,3.80441,2.99773,4.41662,2.96594,2.42767,5.7531,4.6862,4.55974
4.22948,3.2749,5.05815,1.03833,4.41454,3.52731,4.93551,4.24565,4.33414,5.151
3.21989,5.90568,4.10394,5.37333,3.95777,4.2542,4.66315,4.22188,2.97313,4.34902
3.86666,4.76459,4.17846,5.93795,6.23141,3.78926,2.20029,3.51933,4.64544,3.11843
3.77434,3.83015,4.54267,5.14327,3.96556,3.82625,1.94172,4.7038,4.72513,4.73545
4.42764,3.76555,2.65261,4.72014,6.64386,1.79205,4.54289,5.26853,3.52987,3.45207
3.30578,5.11189,5.19287,4.10731,6.88866,4.35438,2.86632,4.66243,3.30086,4.73632
4.4423,2.12964,4.39233,4.18107,5.11491,5.56276,2.75292,5.38451,3.34301,3.35961
4.24679,3.9402,3.29069,5.70114,4.05311,7.85522,2.15522,5.12994,4.35611,4.08499
3.1099,3.42867,4.0846,4.73557,3.46529,3.07946,2.56156,3.19813,3.35457,4.34899
5.22246,3.65185,3.69405,4.5759,4.35375,3.61096,4.30425,4.828,4.99439,3.60519
5.47874,3.80397,5.20976,3.53003,5.15054,4.26463,2.63801,3.57828,4.77202,1.97756
4.44366,3.54489,3.16514,2.21694,2.98462,3.03246,4.69872,2.47047,4.15259,1.53868
4.07822,4.06726,5.44959,4.97647,5.07452,4.99769,3.48344,4.425,4.21245,4.45088
3.53981,5.00816,5.8617,3.05324,3.66629,4.6485,2.4852,2.72464,5.02082,6.53163
3.42278,2.6824,4.00527,3.52017,2.23749,3.39573,3.82595,4.36557,4.68164,3.54761
4.05277,4.47259,6.1563,2.21781,5.75988,3.95011,3.97833,4.20596,4.99026,3.78819
5.60619,3.08397,4.47186,3.61469,3.42347,4.30249,4.2499,3.78126,5.7185,3.87831
2.398,4.27263,3.1092,2.04923,4.21553,3.4763,3.52746,4.07184,4.28361,4.75116
5.65105,4.27715,5.84368,5.51557,4.61576,4.92333,4.14039,3.89454,3.51758,3.7781
3.79582,5.4269,4.17568,2.56026,3.79051,2.56688,3.94305,3.90172,5.60666,2.19234
4.13677,2.97143,5.19309,2.86499,4.57885,3.73406,3.4697,3.92825,2.85517,4.10119
3.18747,4.17041,4.2065,4.59562,3.67056,5.29458,4.53367,4.60803,2.81907,2.91631
5.52032,3.38796,3.01056,4.40266,4.49177,4.41269,3.88432,3.6855,5.79989,2.70043
4.15088,5.17427,4.42996,3.54924,4.61815,5.50138,1.94753,3.53326,4.6038,3.78249
5.29225,4.9333,3.86879,3.18477,5.91426,3.05514,3.05256,2.129,2.37673,3.46845
5.31255,3.61941,4.11331,4.34037,3.71445,5.17259,1.88745,3.05334,1.53954,3.45191
3.14264,4.88839,5.76687,2.08758,3.98401,4.73689,3.00219,3.8872,4.67582,6.47755
5.5117,4.43542,3.16279,3.83332,4.16512,1.51172,4.22102,3.4396,4.93291,4.29779
3.56497,3.33235,3.63717,3.443,3.7645,4.2908,5.02086,3.36884,3.48944,4.01527
4.94862,4.85723,4.29458,4.59512,3.48313,4.6855,4.36116,3.56266,3.53342,3.54834
4.30418,3.93683,2.98106,6.30005,4.57245,5.21816,4.25303,3.6909,3.30781,5.05765
3.54127,3.43705,4.07934,4.193,3.31055,3.64202,4.98449,5.19551,3.84876,4.02526
5.86496,4.98681,3.60795,5.03383,4.24467,0.868986,3.93488,2.12805,3.21164,6.0213
4.65577,3.0113,2.90848,4.48354,3.33161,5.05958,4.46952,4.2164,3.3724,2.93059
5.07782,4.1406,4.39898,2.44233,4.59327,3.11442,4.3546,4.98141,4.8649,3.26172
6.61249,3.64484,4.46592,5.25101,3.18445,3.95373,3.96945,5.19544,4.43103,2.30902
5.79857,4.85993,4.71915,3.94507,3.98865,4.39639,2.9518,1.70199,2.89334,3.30862
3.60289,2.88648,2.13019,3.74657,1.77483,4.26118,4.93666,4.78611,3.47667,3.23811
2.812,2.05249,2.71593,2.94337,4.80282,4.42416,5.28955,3.98445,5.19029,4.06491
4.9737,4.04538,2.92329,4.30692,4.35787,3.33896,2.81382,3.02811,4.02082,2.97069
4.27886,1.52071,3.90493,4.46119,5.0133,4.66064,5.7569,4.19357,2.68573,3.51708
3.48888,3.56324,3.5525,3.61724,3.66796,4.91093,4.97762,3.11198,4.44704,3.54392
5.51641,3.41515,4.25447,4.81088,3.61418,4.63862,4.33893,3.10599,5.60419,3.98281
4.25885,4.69168,5.56078,3.72796,2.70756,5.33487,2.96811,3.00313,4.04585,3.2975
5.08515,5.79108,2.66252,4.77312,0.65802,2.94342,4.51735,3.88085,4.21276,2.09368
2.96859,3.42234,3.61511,5.15196,3.79921,5.78279,3.13572,5.92728,2.94045,3.96759
5.03651,3.68972,5.58998,4.53584,4.46061,3.35925,2.64043,4.62249,4.99106,2.90862
5.08687,4.08732,5.63354,5.06473,2.6271,1.95,2.97425,2.79756,3.69756,4.19159
4.92853,4.34668,4.19806,4.21209,4.6383,2.89345,2.61977,4.5302,4.0602,5.33372
2.66743,5.30865,3.63732,1.73929,2.81828,3.51806,1.74481,4.71198,4.16295,4.89524
1.58953,2.66829,1.87795,2.62229,3.45151,4.45488,3.9774,5.90188,4.54126,4.72921
3.36358,2.73871,5.39794,2.80581,4.55145,1.98458,3.19209,2.96642,3.59047,4.16409
3.0583,3.64749,3.02614,3.63341,4.50388,3.85728,6.64055,3.08601,3.4208,4.28006
3.19027,2.73861,4.28351,4.945,4.2103,3.8098,2.33488,4.8256,4.77105,3.96334
3.61548,2.65617,4.14606,5.63923,3.58388,5.47818,4.141,4.17907,3.53041,4.04347
3.59158,2.3402,4.88792,3.3142,3.52086,2.16168,3.29983,4.6797,3.77871,4.77739
3.9407,4.00848,4.66982,4.15504,5.26398,3.79638,4.61937,3.25188,5.12335,4.81771
4.14698,3.8331,3.93381,5.57827,3.07428,5.0295,3.4375,4.54897,2.988,3.78294
3.78324,3.19302,3.46543,3.60912,3.49026,3.86025,3.38937,4.10385,5.07777,3.90998
3.74276,3.7775,3.95282,5.21503,4.22016,6.96186,4.75834,5.72192,3.92232,3.62437
3.78875,3.39227,3.89064,3.90007,2.84349,4.93809,4.35106,3.6654,5.50879,3.01481
4.3723,5.51373,3.65935,4.22096,3.30251,3.12317,3.7323,3.90341,3.21637,2.80329
4.30843,3.59222,4.12254,4.32697,3.1255,3.40786,4.94728,7.7762,4.77898,3.69468
5.59506,4.50978,3.05674,5.72332,4.92007,3.98376,3.68679,5.63218,2.70258,4.35683
3.68723,5.42988,4.45245,3.01244,3.92586,1.71299,4.08588,2.68161,3.70301,3.22023
7.26218,3.68414,5.0546,4.57777,4.19762,5.77858,3.32057,2.19439,3.89688,5.2494
4.31202,4.94007,1.94625,5.63128,4.98428,4.01712,3.97548,3.72661,3.98335,3.74161
5.41839,4.97396,5.30624,1.94993,3.16134,3.67891,6.18516,3.02782,4.27639,4.85459
4.39366,3.73631,3.26148,3.55962,6.14671,5.94275,4.90709,5.4829,3.19413,3.46313
4.39984,4.94238,4.62107,3.69885,3.09518,3.47352,1.37994,4.46867,3.51772,2.47304
4.93137,5.21523,4.41612,3.68527,4.2752,2.09346,5.36663,4.33392,4.42546,4.29331
2.92225,2.66708,4.82262,4.42036,4.77884,4.5212,5.28726,3.49384,4.71181,3.35678
2.87773,4.32743,2.9417,4.06003,2.27436,6.39248,1.45612,5.41787,3.59463,3.17211
4.16407,2.14192,4.17298,4.80822,4.00456,3.77856,5.22415,3.49267,3.29762,3.23126
3.76972,3.30291,5.33145,4.65452,5.236,4.75565,4.61642,5.07983,4.11434,5.06816
4.44303,3.15959,4.1282,4.51836,4.727,5.15824,4.51108,2.87254,4.10732,4.25536
2.31081,3.65369,4.45815,1.21906,4.47348,4.64605,3.76685,4.29887,3.61582,4.51243
4.16953,4.92867,4.3345,1.94436,3.42941,3.75076,4.24169,3.98343,3.75174,3.61059
3.84828,3.42345,4.91493,5.03449,2.73023,3.73802,4.15336,3.63373,3.32885,4.75028
3.15353,4.80445,4.28872,0.364002,2.96636,5.52874,2.1552,3.04808,2.71205,3.20717
4.2577,4.15808,4.89756,3.09707,3.8162,4.40239,4.09517,3.71032,5.14487,3.47316
4.06005,5.23213,5.86275,2.7095,5.14005,3.45215,1.95316,2.87777,4.71162,4.97919
3.92793,3.04434,5.29098,4.0073,3.05778,3.6552,4.63201,4.72299,4.82832,2.74681
3.65949,4.95679,5.30845,4.6434,3.76534,6.06196,3.69074,5.44374,3.89516,4.95352
1.39168,6.38211,5.04238,5.4947,4.38592,2.91708,3.25302,3.36788,3.3056,3.0592
5.36784,3.51783,4.52008,4.7054,2.87201,2.96403,5.04295,4.95375,3.81903,3.702
5.17767,2.76925,4.74661,2.68357,3.64097,3.61966,3.92428,4.57586,3.81289,1.94749
4.39057,1.50462,2.63578,5.45476,5.68795,4.54194,4.90216,3.5965,2.97103,5.92556
4.23549,2.53608,5.64454,4.71561,4.35661,3.76789,2.77381,3.38354,3.75591,4.06071
1.2543,3.59066,3.96099,4.28641,4.86942,2.10575,2.26514,4.76615,4.48176,3.35846
3.20701,5.72984,4.58713,3.97812,5.68251,4.74134,4.86428,5.19533,3.60612,5.87578
2.76204,3.48741,2.92447,5.85121,5.19145,3.05078,3.76047,2.36504,4.39223,1.48801
1.69709,4.38588,4.06836,3.40815,3.74347,3.58201,3.37002,5.46545,4.45977,1.03449
3.6926,3.99964,4.19198,4.68557,3.19103,4.54345,4.23554,5.47316,3.1225,4.14301
2.53617,3.35263,3.52625,4.63015,5.95928,3.75473,2.23328,2.53469,5.14808,4.17288
3.7227,4.58552,5.21705,4.31343,2.7963,2.89972,5.97408,4.7446,4.3272,4.27333
4.05887,4.42948,4.87654,4.12312,3.83624,5.91584,5.2129,4.42635,3.93025,2.15491
2.88647,3.42132,2.78195,2.9187,4.70937,4.78589,2.5167,3.73389,2.13717,5.55921
4.89866,5.22874,4.11538,5.22132,4.27959,3.50678,3.15891,5.95233,4.42871,3.57251
5.03066,3.92751,3.63351,3.58588,6.13537,5.9251,5.05552,6.11246,4.70345,3.63289
2.97701,3.40986,3.6067,4.23095,5.85385,5.09784,4.05688,4.14286,4.21846,3.24631
3.72074,4.56472,4.15045,2.28955,4.74763,2.39918,2.87358,4.6723,4.78585,3.79517
3.66722,2.54503,3.92396,4.37452,3.73081,3.77736,2.95571,5.71041,2.75147,5.44234
2.52651,4.04263,3.44094,5.23947,4.47934,3.99523,3.83382,4.27928,2.97672,3.69909
2.67106,3.86787,4.80574,4.48516,4.25021,3.87274,2.78025,3.14541,3.7676,2.87388
1.65589,5.37341,4.70662,4.31656,4.83439,4.59631,4.71348,6.05909,1.98673,2.82815
3.55226,3.95246,2.85839,2.72173,5.21987,5.87937,4.77126,5.43901,4.04119,2.71055
2.95495,4.99504,5.53916,4.07902,2.06509,3.52137,5.44695,3.97123,5.09195,5.39617
4.20363,4.07323,3.83009,5.23464,4.64661,5.27013,3.82721,5.30303,5.13061,6.22179
6.71107,2.14333,2.03971,4.74188,4.38191,4.16066,4.30012,2.57409,6.33052,5.47909
2.86141,3.65862,4.11448,5.95998,4.26829,3.80465,2.92342,4.00175,4.34131,3.03891
3.21594,3.68736,4.39042,4.97168,1.03451,2.68398,3.34084,3.46814,4.14284,5.75751
3.36621,4.44736,4.37741,4.1811,2.13842,3.50224,3.9718,2.13201,5.24635,5.64027
3.65159,3.6905,4.72783,3.70726,3.96874,3.74107,4.99466,4.43105,1.20455,3.35671
4.36022,6.02252,5.4595,2.89974,4.94777,4.35061,5.11156,3.2022,1.90222,4.25151
3.82432,3.32587,4.34686,4.06253,2.97141,3.95717,6.90813,1.84142,3.34612,3.62376
2.90912,3.88829,6.68495,3.57109,3.23561,5.37698,5.17317,3.04253,4.48651,6.03263
3.93605,5.37168,4.53001,2.79657,4.82827,4.38815,2.3371,4.7158,3.04085,3.83415
2.76372,2.10262,4.07359,3.75319,2.77934,4.74658,2.45953,4.28269,4.3949,4.34856
3.28475,4.13939,3.36525,3.94055,2.28444,4.45406,3.69491,4.82961,5.63479,3.67874
5.42933,5.57818,3.04249,3.95156,4.32547,4.07764,4.76122,4.33627,4.53736,2.82863
2.96585,4.87336,5.25531,2.17349,4.97052,5.05945,4.29899,3.36227,4.68122,5.96181
4.84189,4.66757,3.41601,4.23919,6.37431,3.51614,6.13043,3.83152,5.07597,3.22628
2.70609,4.40913,3.06587,4.1598,3.68944,5.21011,3.14934,4.338,5.035,5.46348
3.89673,2.06583,4.9753,4.91957,5.33899,3.32474,5.67273,4.26013,4.52099,1.72899
3.80552,4.59716,2.20969,3.75949,2.88086,4.88519,2.9786,5.25255,4.55501,3.45367
3.69666,4.27634,2.60201,4.12613,4.36845,5.27315,1.76306,4.70151,4.64572,4.22551
4.64567,3.81406,4.0588,2.21165,3.9314,4.35739,2.99237,2.17279,2.26177,5.88219
3.87062,4.33508,3.18499,5.56962,3.66697,4.1364,4.07005,2.09713,3.6217,3.13432
3.3049,3.42055,4.95436,4.95208,4.7832,3.96881,3.3595,5.12616,1.88606,2.40737
2.66027,3.41871,2.96677,5.67732,5.09337,5.28096,3.52564,3.45801,4.13159,5.55124
2.26176,4.55389,4.55233,3.82532,4.66884,3.30182,4.24753,3.03505,3.35327,4.0474
4.81862,4.6858,3.62164,3.61292,4.83111,2.83141,5.79223,5.47591,4.68668,3.99192
1.41652,5.14836,4.82733,5.07424,4.33901,1.83429,4.18307,4.02499,4.18575,2.2647
4.48467,6.52348,3.32356,2.59922,3.88514,3.62926,3.61903,3.06063,4.84492,4.17785
4.43193,3.30811,3.38934,3.79178,4.87498,4.71596,4.25437,4.13309,4.43403,3.16592
2.19048,2.75009,3.2629,4.83829,4.35213,2.42751,4.61931,4.14747,3.70457,4.70423
2.87186,3.52043,4.31771,3.32515,6.01923,5.34706,5.3149,2.09339,4.5539,3.74389
4.4105,4.47402,4.70454,5.96025,6.736,2.98938,5.09776,5.32535,3.86438,5.50134
5.09873,5.62852,4.84313,1.7872,5.05979,2.90363,4.33008,4.91656,4.57105,4.67021
4.95205,3.99854,2.22355,2.63468,5.35575,3.96171,6.27252,4.38672,5.04366,4.43074
5.08701,2.35524,3.37555,4.71676,3.42831,5.54437,5.09782,3.92563,5.12397,3.81505
3.79169,3.40535,4.13574,3.15102,3.97134,3.66194,4.32226,3.9343,4.73037,2.65814
4.42722,3.46361,4.47408,2.49324,2.66547,3.50785,4.72069,5.67923,5.38246,4.20452
3.78685,4.1521,2.7143,5.82885,3.72854,2.18441,4.9543,3.4834,5.132,3.83659
3.23443,4.52277,4.43071,4.08607,4.99855,3.89836,4.25126,4.39305,4.47729,4.30653
4.04402,2.77959,2.82779,3.70892,3.34785,3.59403,2.64671,3.33475,3.46347,3.45401
4.64653,3.9494,4.96248,5.67998,3.6537,4.69527,5.06089,5.99941,3.419,3.94673
2.57482,4.69225,2.62197,3.89382,4.63518,5.56609,4.46947,5.29093,5.51257,1.27267
4.79403,2.84323,4.24111,3.18582,4.49926,2.95325,4.90337,2.74294,2.90405,4.7533
2.40815,3.76916,5.10971,4.43742,4.48166,4.37362,4.86977,3.33394,1.65156,2.83371
3.15882,2.82454,2.94706,3.719,3.34122,5.5555,3.73631,3.98113,3.36572,3.90881
4.18989,3.40532,4.1123,3.34937,2.97653,3.97122,4.23643,5.0263,2.72298,2.49656
4.29025,6.20555,3.57639,3.5715,3.58891,3.44283,4.28136,3.99848,2.89518,4.89807
4.95944,3.95125,4.71179,3.4264,3.54734,3.98591,4.13357,2.23677,4.51616,4.04604
4.58547,3.04818,3.18479,4.15906,4.21237,3.60335,3.57635,3.15016,5.36729,3.78322
5.82105,2.5344,4.69896,4.19285,5.17327,3.53689,4.0554,2.24934,4.15722,5.49377
4.31826,5.12355,3.49845,3.09094,5.95653,4.8302,6.17217,3.2945,4.03336,4.67022
6.08662,3.15915,4.47106,4.97279,4.59787,3.36628,5.3609,4.06254,3.2684,6.16042
5.19875,4.54501,2.17671,4.48572,4.63446,4.9149,6.04579,6.10034,2.46342,5.26096
3.35693,3.49236,4.38492,2.00856,3.09797,3.10205,3.23735,4.9376,2.98501,2.78089
4.80156,3.83179,4.71205,1.26396,3.15418,3.77498,6.18922,2.2994,5.31615,3.22419
3.09524,3.87168,3.8026,2.70731,4.16761,4.26342,2.94367,3.44513,3.70308,4.05717
4.01986,4.50264,5.16447,3.88858,2.87707,5.9229,3.68411,2.77357,4.45073,2.84341
5.05791,4.31727,3.49614,2.65472,4.40938,4.83069,3.91919,3.70725,2.29231,3.92809
3.69922,4.96766,2.77631,5.04486,4.03379,4.32101,3.3513,4.78912,1.63836,4.48843
4.84743,3.20397,4.53761,4.49559,5.26121,3.67312,4.49336,4.76557,4.27204,5.13535
3.93273,5.83043,2.48955,3.21572,4.28885,3.8446,5.78178,2.38453,4.16071,5.2801
3.48711,2.97139,5.51551,4.35736,2.77734,2.84488,4.37354,3.22079,0.722261,4.46104
4.14751,4.22416,3.53735,2.61378,4.41391,4.35556,3.57424,2.93122,4.85045,2.52747
3.83526,4.60435,4.7729,3.93398,3.77547,4.48578,3.96727,3.04845,4.3167,5.18776
4.65773,3.86257,2.18708,4.58566,4.32191,3.34581,4.92269,4.39611,3.7659,5.96665
4.66491,2.71229,4.14485,4.43251,5.34538,4.45807,2.32705,3.91504,3.03519,4.15968
3.57919,5.23339,3.46266,3.82402,3.90075,4.14064,4.52276,5.89787,3.55388,4.26457
2.36094,2.83108,2.98232,4.76242,5.81732,4.59391,4.54209,4.14185,4.5472,4.93436
5.61858,4.72196,2.94666,4.21726,2.99192,4.05925,4.34197,4.04505,4.40081,3.20815
4.03325,3.82059,4.59535,4.95212,4.60051,6.14002,4.15757,5.56097,3.8854,4.34119
3.43542,4.53423,3.53676,2.94053,3.01253,3.61632,4.05486,3.80621,3.91969,4.65435
5.02444,5.04363,4.33374,6.28281,2.2249,5.31484,3.96266,3.14426,4.01495,3.08396
5.08307,3.70264,2.90986,4.26845,6.07108,4.28198,4.74827,3.23397,3.98126,4.60091
2.88194,3.70384,3.41223,4.25436,3.43184,2.75039,4.04261,3.76426,4.82929,5.62198
5.51495,3.96723,4.35629,5.38963,2.91358,5.17724,4.51798,4.9346,5.49792,4.00235
3.9364,4.83142,5.17928,4.0425,3.0468,1.69047,4.09689,5.07233,1.9942,4.35955
4.37363,4.42593,3.22825,4.2177,3.88946,3.96899,4.62877,2.58566,3.0614,3.48899
4.01277,4.09071,5.19045,3.72439,3.93087,3.06601,4.20359,4.32533,4.57924,4.99417
4.84599,4.28169,2.86598,3.30725,4.70095,3.79724,3.59641,2.62725,2.70914,1.77901
4.63217,2.10717,4.78093,3.46629,3.86289,4.69915,5.94987,4.30782,2.96807,2.12942
2.47471,2.80324,4.64035,3.31988,2.23554,6.62033,2.88766,4.95207,5.89408,4.20055
3.97373,5.07342,3.02818,4.47669,6.97875,3.95182,4.59747,2.35127,4.44883,4.84518
4.241,3.93836,3.61467,4.80837,5.92066,3.3689,2.97143,3.05637,3.72072,4.50794
6.2976,3.75658,2.94634,4.47451,3.62587,3.13469,6.01216,3.55253,3.62616,3.58679
1.91491,5.80955,3.69938,6.0259,3.51672,5.50943,3.95516,1.80744,3.34961,3.49186
4.10721,4.8871,3.65498,5.25656,4.0456,2.47722,4.28623,2.96266,3.39552,5.30143
1.29924,5.23681,3.17206,5.10069,5.35221,3.65524,4.38029,4.68099,4.27896,5.09429
3.66808,3.32024,3.41346,5.77566,4.35729,2.67833,5.9368,4.8791,4.30834,3.85608
2.92755,4.59636,1.87692,4.19036,4.55065,4.32974,2.40647,5.08623,5.25787,6.07287
4.21377,3.47086,6.33412,4.54906,4.0764,4.627,3.88609,3.92229,3.75615,2.9553
2.67602,4.33377,3.99939,4.4981,4.01032,3.04536,4.25432,4.13441,4.77372,4.65405
3.52871,4.87192,2.48144,4.09103,3.98899,2.04658,4.17423,4.26781,4.56716,4.40451
5.21016,4.23359,4.07146,2.74863,4.63611,4.50269,2.95986,4.04876,3.98741,3.48855
3.26203,3.8245,2.05093,3.91699,2.05666,4.76051,4.28445,3.86546,3.32922,4.9787
4.56374,1.81168,3.37373,3.11359,5.77103,5.36426,4.56019,4.98547,4.28989,3.3767
4.65072,4.14738,5.07418,4.04833,4.82455,2.05551,4.56242,6.72352,4.46777,4.8236
3.99893,6.26568,4.28059,4.70427,5.16431,4.54696,3.57691,2.76542,3.67148,4.18461
5.64485,2.43041,3.85121,2.56494,5.70976,2.8024,3.59627,3.94096,5.08127,3.96308
3.06758,4.07879,5.05125,3.75323,3.50165,3.87551,2.49494,4.5844,3.34872,4.5704
4.94043,2.63449,5.60156,3.70155,4.26253,3.7599,5.05077,4.01721,2.29846,5.60036
2.96834,3.73472,4.68588,3.70862,4.34126,4.32204,3.46769,4.28547,5.50712,3.97939
3.185,4.97865,3.47914,2.4642,3.77046,2.31606,3.96874,2.74184,2.64082,5.66932
4.04381,2.75241,4.99203,4.86811,4.13319,3.06864,3.9917,3.16247,5.0206,4.00708
3.19488,3.90343,2.19022,4.32306,4.76149,5.20167,4.1222,3.0404,4.64362,4.5888
4.69122,4.54761,3.84276,5.51904,3.14297,4.36447,5.70146,3.12132,3.97015,3.98924
4.61712,2.63572,5.06716,4.41706,2.76182,3.63671,2.70911,3.5727,3.94365,3.64316
4.25251,2.1253,2.54388,3.79153,4.26955,2.85761,4.86844,2.44074,4.83501,3.63965
3.25855,4.56236,2.5391,5.12438,4.57114,4.18483,4.62079,5.23546,3.37377,4.04679
5.28489,3.80239,3.27037,4.26754,2.94834,5.43069,4.69758,4.30293,2.45614,4.03507
3.75236,4.11029,5.56028,5.79892,3.32317,3.69138,3.32952,2.69637,5.5378,2.90434
3.06134,4.44339,4.63417,3.64876,3.60314,2.89392,3.85107,4.12959,3.27153,3.30227
4.90977,3.09757,4.01097,5.19661,5.30302,3.8825,4.27176,5.6455,2.58611,3.81215
4.31273,2.81861,3.08914,4.95206,4.3718,5.72849,3.20315,2.73361,3.96048,3.33892
3.82961,4.16583,2.04766,4.44199,3.69185,3.63803,2.07838,4.17393,2.84634,3.79392
4.38641,5.42888,3.65349,5.56266,3.25185,3.04602,2.99114,4.24275,5.33689,4.9853
5.2073,4.38778,2.72938,4.94769,3.25799,2.82706,3.72456,2.41415,2.94008,5.40743
4.50778,2.55405,6.72821,2.60812,6.05144,3.91415,4.32623,3.50751,3.20166,3.27619
4.58165,3.81082,3.38435,3.56593,4.4935,5.23064,3.76725,3.2637,4.49778,2.03425
4.27686,2.17063,2.50964,2.80902,2.53288,3.55764,1.94986,5.39952,2.87213,4.82696
4.08304,3.99522,3.95044,1.88338,3.06451,4.53888,5.4448,2.77353,5.79779,3.56228
4.79147,3.55788,3.17595,3.29518,3.61966,4.80173,3.61766,4.76165,5.02719,3.56098
3.72559,2.47324,1.33724,5.18004,4.43056,5.41544,3.23287,4.33972,3.78916,5.24159
1.31572,4.49626,5.33879,3.51132,5.75573,2.67664,3.57161,4.51754,3.65514,5.05851
2.14935,4.03038,3.24525,2.81592,3.63247,3.37476,4.02802,4.36986,3.8029,3.90287
3.67011,5.53004,5.23863,4.8587,3.83064,3.27681,6.16543,4.11633,4.09215,4.38056
5.05968,3.46416,4.67341,3.85745,4.49483,4.14593,2.92946,5.05736,3.5272,5.9334
3.41588,3.72028,2.96889,4.58381,4.1002,4.37711,4.61837,3.83405,3.27051,2.17958
3.23328,4.27856,2.96294,4.15275,3.26483,4.45013,4.7169,3.07122,4.07617,4.31336
3.64284,3.66722,3.98032,3.55519,5.70126,5.40624,4.06873,3.2207,4.30702,4.42229
5.38022,2.7941,4.22768,3.66341,5.83229,3.82929,3.55949,3.41814,4.57039,3.91941
3.69917,4.42693,2.84135,4.1995,3.11773,5.20291,4.27641,3.54147,4.86525,4.5746
4.46629,5.81719,4.7311,2.35051,2.98996,3.09603,4.29076,4.2538,3.80167,4.72601
4.52766,5.08385,3.48321,4.36073,5.30485,3.69783,2.93101,3.38915,3.17261,4.80696
3.03905,3.57814,3.05565,3.51233,3.81754,4.26562,2.15227,4.07223,3.54936,3.38923
