10
3.6403,3.4459,3.15147,4.91175,4.96944,4.02847,5.74284,3.24669,3.08784,2.47106
4.63354,2.99417,3.91272,4.36264,5.2131,6.40877,5.05115,5.51596,5.8612,4.26215
3.83772,3.7019,3.74573,3.63352,3.62908,4.16509,3.42386,4.83193,4.98054,4.51332
4.54669,3.71698,5.34998,5.65903,4.4148,4.71956,4.55921,4.07751,2.49966,2.43536
3.04708,3.93491,5.45722,5.94971,3.96337,3.22232,3.56917,4.92,2.64273,3.52583
5.86996,3.29852,5.66919,2.56547,2.00101,4.68423,3.42621,2.94844,4.93039,3.26158
5.13977,3.14578,2.91719,2.75683,4.37453,3.6466,6.59805,5.11167,5.34519,4.16761
5.13951,3.75434,1.72723,5.08927,6.14513,4.50148,3.59251,6.42075,5.03239,3.78514
3.95303,3.57994,5.21116,5.07932,4.61721,4.10835,5.31015,5.42889,3.56553,5.29106
2.42254,3.95931,3.43661,4.59194,5.19009,2.52737,6.32394,5.69607,3.81865,4.57241
4.8298,4.16883,4.23196,2.30034,4.28347,4.03417,4.26907,3.88787,5.22349,3.9474
3.84826,4.37134,4.29983,4.27557,4.40218,5.13762,3.28385,3.61569,4.2822,2.95038
5.29689,2.08038,4.66035,4.31146,3.66162,4.73466,3.79488,3.75322,4.1516,2.40393
4.76138,3.55378,3.15447,2.88348,4.39342,4.4762,5.13074,2.85742,2.41026,3.4553
4.53144,3.61978,3.84856,4.32785,2.50195,5.83112,5.5417,2.15101,1.99149,3.08354
5.12817,2.63245,4.66015,4.8725,2.1587,3.443,3.74131,4.59358,4.31452,4.70121
3.54632,5.18339,2.05259,4.29149,3.61077,5.09647,2.90392,4.49236,3.54234,3.95444
4.3656,4.83225,4.95303,3.44445,3.57933,5.22433,5.14132,4.70659,2.91381,4.71877
2.93936,3.76932,4.02523,3.61005,2.90552,3.88578,3.99742,4.62599,5.9045,3.39864
3.71088,4.44817,2.90916,3.58323,4.67266,3.06202,5.01859,4.56746,3.30598,3.11829
5.68346,4.13882,3.63512,3.20822,6.62461,3.39472,4.40214,3.87002,3.41122,4.18798
2.57742,2.35595,5.10593,3.66273,5.32658,4.52587,4.13975,2.72047,5.89648,3.37989
3.05602,3.42131,5.13898,3.51164,5.87391,3.80847,4.01975,4.18461,1.80334,2.88456
4.591,3.5846,5.44783,3.0162,4.21223,4.93584,3.96773,5.08011,3.88448,2.86013
4.2828,3.62862,5.02032,2.63642,2.14552,4.59924,2.87541,4.29431,3.14323,3.50782
4.89136,6.29209,3.62917,4.37144,4.37146,6.65943,2.70156,3.60277,4.18863,4.47596
3.94516,4.58782,3.89913,4.08317,3.57665,3.04196,3.92136,5.20376,3.16311,2.71187
4.22582,4.37767,3.65868,3.48883,3.95835,3.36508,3.42004,4.28387,2.48259,2.26469
5.72749,4.81189,6.29777,3.86478,2.41129,4.02188,1.96385,3.55717,3.27607,3.35654
2.82206,4.66107,5.0753,4.43792,3.65891,4.92818,3.70397,4.77592,4.69373,2.68444
3.63996,3.84505,3.83871,4.74624,2.78188,3.27772,3.4137,3.68427,4.61396,3.1093
4.85259,3.805,3.66131,3.52592,2.18973,5.92736,4.51446,1.48315,4.94016,4.52799
4.35337,3.51995,1.91941,2.43997,4.88979,3.73359,2.0318,3.56661,4.05724,1.72638
3.60336,4.92645,2.79333,4.92233,3.4597,4.66692,2.80096,5.60008,2.79066,3.70786
3.40058,4.07078,4.4179,1.90109,3.56792,5.19792,3.79707,3.5358,3.029,3.3762
5.16095,3.81751,3.91753,2.1068,4.36074,4.56453,3.40335,3.80859,3.19142,3.36513
4.18264,3.94077,5.1687,5.7052,3.44619,3.97103,4.80012,3.81166,4.99552,3.70639
4.13906,3.60752,3.8258,2.89212,5.15818,4.07755,3.065,2.61836,3.66797,3.37889
3.08654,2.62408,3.58275,4.08912,5.96004,4.20056,2.91185,4.20957,4.62067,6.65939
3.54874,4.77924,3.80991,3.75412,4.19216,3.61979,3.83646,2.82304,4.00125,3.56891
3.80033,3.67999,5.35957,3.28678,5.1613,5.73001,5.42321,4.58207,3.18599,2.09793
4.94378,4.80366,2.84424,3.7939,3.35679,2.93459,1.69483,5.42482,3.17205,3.53689
4.22455,4.69536,4.14874,2.77221,3.45553,3.32227,3.27497,6.1435,4.75304,4.23397
4.81497,4.81824,3.32099,2.75923,4.4943,4.29282,3.94679,2.8931,3.90229,6.11698
4.32845,4.66506,3.60854,4.52455,3.699,5.24463,2.33413,4.43237,4.47449,2.04363
2.36725,2.5966,3.43804,3.7528,2.34052,5.24994,2.97583,4.13379,3.55343,4.3355
4.24756,4.28163,3.88526,3.47496,3.88641,3.17952,4.17432,4.14686,3.65572,3.36066
4.19202,5.76912,2.76141,4.87475,2.78104,5.08962,3.45968,4.08241,2.87355,4.67851
5.32844,4.52955,2.40291,3.94192,3.83317,3.81667,3.67666,4.59186,3.62118,4.80835
4.84431,2.7471,3.03045,4.7867,3.66816,2.94073,4.85739,4.95383,4.3461,4.56002
5.32594,4.21631,2.2685,3.75267,3.56123,5.41527,2.19505,4.60239,3.7896,3.19801
3.73889,4.99783,5.02697,5.37684,3.44797,4.32497,3.22496,2.96845,5.9574,5.50423
2.86966,3.67847,3.32503,3.56722,2.42919,2.96494,5.68566,3.05528,4.72185,1.08878
3.57592,2.03,3.67941,4.2206,4.19677,4.72284,1.98525,4.52815,2.88278,3.4121
4.51467,3.28011,4.29244,2.45192,3.84281,3.23218,4.31966,4.1913,2.90965,3.59432
4.39251,5.79873,5.06013,3.55657,4.5811,4.27807,3.40571,5.1102,2.87107,5.10731
3.70407,5.62973,2.75887,3.80587,3.60054,4.07721,4.96326,2.1559,4.51159,4.52062
6.0675,4.41557,2.12626,4.20728,4.19414,5.51312,2.32625,3.40425,4.60183,3.3201
3.16483,3.76234,5.17445,4.6939,4.87941,2.68319,5.04383,3.17006,3.36283,4.74313
2.32297,4.56187,5.29181,4.57498,3.09411,5.13204,2.7164,5.6521,1.66254,3.50116
3.26148,3.20695,5.19469,2.19799,2.7241,2.28791,5.06834,3.94016,5.36388,4.95384
3.92108,3.59294,3.53445,4.34116,1.68517,3.54115,3.97489,4.32585,3.98855,2.51554
4.36316,2.86698,4.80214,4.9133,2.39615,2.74834,3.53031,2.94098,4.81776,4.30729
5.52175,4.04371,4.29192,5.78026,4.06463,3.51116,4.11278,2.9258,5.74379,4.56357
5.08625,3.35153,3.02624,5.19316,4.50981,3.82401,4.48249,1.70062,5.59542,5.5357
2.47194,3.17218,2.8999,3.98331,4.19099,4.76871,4.41284,5.15019,3.24601,4.00298
3.14956,4.19235,3.6371,4.68517,3.12118,2.60292,5.04757,3.27072,2.47269,5.86078
4.3471,3.32659,3.25849,4.00857,3.84808,4.95903,3.84309,3.83528,3.8192,4.97768
3.81414,4.02945,3.58628,3.53603,5.0708,5.32946,3.13724,5.50475,4.19659,2.00456
3.978,4.94877,4.52236,4.46481,3.89674,3.45518,5.10065,3.65137,4.1234,3.51945
3.3947,4.53859,4.46634,4.54552,4.6159,3.97083,4.25567,3.80201,2.8625,3.3989
3.3813,3.22195,4.45468,4.7039,4.85736,2.7847,3.57852,3.85437,4.42733,4.16186
2.87398,5.51152,4.35889,4.67769,4.75597,4.63851,2.01015,4.58277,3.24779,4.42339
4.63237,3.04487,3.98029,4.24101,4.76253,3.04464,4.58626,4.1014,5.1051,4.64286
4.48075,5.59897,4.00802,4.88077,4.66737,3.57977,2.36808,5.49549,2.13702,5.30621
4.18938,4.4844,4.25587,4.47618,3.83818,4.35715,5.58108,5.0593,4.4946,4.46291
3.52691,4.15211,4.77972,4.63658,5.1012,5.6315,5.00591,5.70018,2.6922,4.54922
4.88859,5.26055,4.23642,5.00642,4.88433,2.92924,3.51886,3.74645,5.01293,2.1014
5.54239,3.25129,3.80772,4.79553,3.90676,5.10702,2.02018,4.13227,4.34613,1.87543
2.03785,2.79468,3.66139,3.74944,4.71378,5.082,3.47935,2.55183,3.64586,5.62819
4.04244,2.47891,3.06197,5.18999,2.44895,3.48117,4.14928,2.7314,2.89837,4.15324
3.31251,3.46264,3.22881,3.19297,4.0342,3.7661,4.59733,2.00501,5.01402,4.48578
4.22217,2.1707,4.19574,4.85432,4.09316,3.11055,6.19943,6.64321,3.75395,2.89375
3.85493,4.13999,2.82441,4.9968,4.12315,3.14038,3.61612,3.16847,5.6814,3.03459
4.06419,4.14972,4.87083,3.81624,4.88807,3.97827,5.29371,3.70979,3.13991,5.84961
4.36553,2.89846,3.97351,4.30389,1.74371,3.50575,3.69833,2.92775,4.1067,4.24478
5.54482,6.32708,3.48316,3.64179,2.39825,2.72763,5.96643,5.24065,4.46902,3.45191
4.13704,3.36533,3.1158,4.4252,4.86472,4.62617,4.77375,3.93207,4.91712,5.43059
4.27764,1.84384,4.81513,3.79865,4.10156,3.12266,3.1538,3.47135,5.00949,5.63437
4.84631,2.28041,5.0383,4.0224,3.89239,2.99557,3.61585,2.07361,4.52918,3.7076
4.76436,1.81792,2.17112,5.25439,4.38562,3.65004,4.30303,3.9395,4.37803,4.48936
3.29235,3.90679,2.96109,3.51597,3.65622,4.38022,3.56839,4.17953,5.48463,3.75228
4.03131,3.61196,2.71731,3.91286,4.72367,2.25646,6.47979,3.54414,4.32549,4.43556
3.79486,4.11835,4.77799,2.59697,2.55382,4.04079,4.98104,4.18549,3.88701,3.61553
3.79796,4.84544,3.99283,2.40805,3.80408,5.94035,3.31969,2.05822,3.05187,5.63223
5.54668,4.6054,5.44487,5.76065,3.78238,2.98633,5.73371,3.30864,3.88182,4.16826
3.31986,2.70324,2.1726,3.93691,2.8524,2.4373,4.72507,4.24898,5.09366,2.88508
5.14354,3.12083,4.59693,4.55015,4.68424,2.53933,2.7309,4.18563,4.36524,3.14704
4.58518,4.0898,3.98597,2.8145,4.75447,2.00446,4.37511,4.09481,3.75439,4.88007
5.02332,4.07782,2.43436,4.5509,5.40381,3.48882,3.25232,3.15365,3.88484,4.80835
2.7398,4.85245,4.60275,4.80678,5.91869,4.0438,4.83521,3.35605,1.98133,3.59458
2.61776,1.8536,4.35438,5.19889,3.60863,4.74063,5.06223,4.42008,5.53551,5.87578
4.45147,2.80481,3.92566,2.6089,5.58762,5.57355,4.59042,4.11333,6.43257,4.89815
3.16256,5.95336,3.8068,3.71192,3.68485,3.82842,5.42961,4.47161,2.934,5.38278
4.85783,4.67547,3.42962,3.06355,3.39358,5.36929,4.71629,4.57568,4.29022,4.46117
3.23856,3.74859,5.08819,5.20945,4.47183,5.41832,5.79909,4.26375,3.99519,5.77581
4.37141,4.05626,2.68566,3.01975,3.69889,4.74512,3.51486,3.54427,4.94236,5.3635
2.69523,3.83708,3.14269,5.09656,4.15806,3.49796,3.1762,5.56636,4.86549,3.23276
3.8573,3.70099,3.42127,3.99172,4.17732,5.06976,3.52653,4.51606,4.16254,3.88491
4.49366,3.10557,5.2595,4.86982,4.65076,4.03016,5.28585,3.10657,3.86892,4.18101
3.32016,3.77263,2.95813,2.94536,3.02647,4.97925,3.51905,2.66151,6.22244,5.92585
2.20582,4.33657,2.9874,4.15264,2.90196,3.04071,1.89196,4.81887,3.79693,2.8278
3.05831,3.79207,5.56058,4.59266,4.22564,3.50678,2.46754,5.24315,4.79789,4.2364
4.52328,2.537,4.64701,2.86871,3.93336,4.18118,5.13113,3.56736,3.38743,3.87495
4.89517,4.33305,4.11234,4.70981,4.64934,4.30346,2.79708,2.7749,4.13017,3.46542
3.72961,2.89865,5.33986,2.02121,5.35375,4.4207,3.84103,3.97103,2.96578,2.80126
3.19341,5.86926,5.03766,3.55915,4.48464,3.99554,5.11036,4.51818,1.95347,2.70515
3.00333,3.91971,3.77191,2.42529,4.57331,4.31442,2.25313,3.78055,4.24782,2.3411
2.84797,3.66327,2.96455,3.26384,2.58703,1.91047,3.45356,5.20562,3.52989,3.78732
3.21512,3.64364,3.60669,5.24144,3.40367,4.16299,3.05458,3.38695,2.47773,4.15782
4.01366,3.53885,4.1141,3.36238,4.27417,4.13028,4.6005,2.29257,4.30064,2.6414
2.869,1.13801,3.75408,4.11862,3.21691,3.97972,2.93182,5.53328,3.27412,4.1848
3.79865,2.60596,4.15563,5.06559,2.44187,6.00869,2.26846,3.80149,3.09621,3.9578
4.06669,3.78913,3.57065,4.80719,4.41351,3.53232,4.20566,5.20665,4.45384,6.31795
4.65344,4.35432,4.61865,3.4331,3.93904,4.0598,4.99225,2.95463,6.25525,3.83876
4.8229,3.77116,3.58934,3.69356,5.91557,1.76386,3.15262,3.21869,4.12555,4.72784
5.80582,5.32368,2.91138,2.15403,1.64016,4.93642,4.06096,2.82562,4.98763,1.23689
3.75879,4.24642,2.03082,4.27252,4.55725,3.35569,2.04191,2.66712,1.67262,2.57025
2.78539,4.26263,2.93816,3.33655,4.16445,4.68274,2.13783,3.75048,4.93,3.86442
5.63571,4.57177,2.72915,3.41281,3.7468,5.25612,3.57683,4.57665,3.91645,5.16688
2.8434,2.95147,2.86192,4.01975,3.72369,3.62945,3.99118,3.92143,3.56352,5.69185
3.60977,3.95858,4.07738,4.51065,6.03233,2.34042,3.08745,4.16177,4.24234,1.90416
3.85071,4.47447,3.0328,3.41973,6.28981,5.90392,3.84754,2.93269,2.98822,2.90868
3.84054,1.97309,4.52098,3.47268,3.95389,2.42943,4.61336,4.74025,4.17208,3.1364
5.1984,4.33335,2.95659,4.07228,3.85546,3.48141,4.41945,5.18594,4.11865,5.31792
3.77168,3.6312,4.85255,3.18368,3.6505,2.67471,4.19317,4.1003,4.90515,3.63636
2.99498,3.50835,3.80508,2.1635,3.75317,3.89213,2.63787,2.73415,3.30249,2.82184
4.66932,3.37312,3.61658,3.66925,2.96866,2.31687,3.24914,5.3011,3.62684,2.54278
3.55111,3.2719,4.9983,1.95848,4.47885,2.62199,6.27591,3.58977,4.53335,1.11617
3.39104,6.25938,3.93494,3.19195,3.27866,3.43612,3.25059,4.66747,4.75629,2.97125
5.71225,5.9235,4.89791,4.52654,6.45846,2.74629,3.94147,1.63358,4.81767,4.84875
5.05713,3.9304,3.93279,5.38948,3.28465,4.07128,3.74941,3.41192,3.80056,2.18741
4.05707,3.50064,4.48542,4.60885,2.52414,2.86868,4.56719,3.95381,4.82036,6.37105
5.319,4.51822,4.97566,2.99334,3.36227,4.24791,5.49434,4.85198,2.27225,4.39226
4.93014,3.83713,3.54514,2.50924,5.00525,4.86989,4.82393,4.528,3.85253,4.6682
3.95855,4.21613,2.61466,2.92029,3.55443,5.14044,4.48711,4.02398,3.97129,2.74583
4.58793,4.46603,3.36907,5.21371,2.70319,4.07511,4.56004,3.1333,4.74475,2.86166
4.61895,2.58954,4.93014,4.50934,4.10847,5.57727,5.15959,5.38483,4.02495,4.72507
3.11031,2.62742,4.20693,5.19485,5.0641,4.60114,2.95935,4.81397,6.20136,6.80678
3.37377,3.98904,3.83924,2.24299,6.46652,4.399,3.60342,2.51369,2.87202,5.04025
5.83818,4.00348,3.11343,4.88783,3.36152,4.25669,4.38444,2.08156,5.31935,4.33212
4.32965,4.07228,3.14429,3.54667,4.52744,2.23821,4.0088,2.49984,3.29131,3.65932
3.6051,3.18536,3.53873,5.20175,4.03415,5.31837,4.13787,4.1902,3.38658,1.97478
3.11704,4.30427,3.99574,3.7365,3.57421,4.95889,4.12205,3.15052,4.80817,5.78728
3.90017,3.72549,5.152,4.12273,5.6241,4.71094,3.24232,3.91523,4.99551,4.82371
5.01205,4.97995,3.84114,3.79674,5.75975,1.62562,3.00607,3.03706,4.53241,4.78741
2.63007,2.81246,2.72584,4.64177,4.61227,5.14913,5.18594,3.07062,4.19074,4.67239
5.34335,3.54318,2.44314,5.32721,3.01821,5.64946,5.24042,2.69471,2.5179,4.53952
4.31136,3.46174,5.07415,4.13851,3.58454,2.57236,4.22246,3.19366,4.00621,6.24426
2.36441,4.15958,5.28544,4.40433,3.71452,2.64326,2.67266,4.63908,3.47441,3.9737
2.50935,4.84113,4.19723,3.95341,5.91089,3.27673,4.70508,3.71397,6.0804,3.67371
4.23649,3.43219,4.06536,4.40242,1.85411,4.28344,3.03771,3.12899,4.05532,3.43456
3.97187,6.35341,2.85411,4.11154,2.3805,3.91265,2.97805,4.24613,4.23125,6.07339
3.42423,2.46878,4.16,4.84198,6.56427,4.69018,4.45279,3.59963,5.25432,5.07961
5.32467,3.869,2.23969,4.41558,2.78691,3.63122,4.34803,3.84883,3.72982,4.44429
4.5639,3.95184,3.93295,3.91209,3.79893,4.955,4.37193,5.88551,4.19449,4.22515
3.02036,3.96556,4.01355,4.46692,3.4477,3.35899,3.59261,4.55114,5.17124,4.16352
2.62671,4.65321,3.6108,4.01104,3.76007,3.22565,4.30423,4.76542,3.40521,4.70449
4.95696,5.08546,4.35069,2.15124,3.74957,5.85297,4.75675,3.60635,2.41151,5.06793
3.65416,2.84269,3.30985,4.26234,3.94764,3.75074,5.44815,3.94163,4.4708,5.16907
5.03755,4.25137,3.98587,3.82833,4.90487,5.83706,4.72105,3.01365,3.10064,3.88816
5.8889,5.27151,4.93893,4.41648,3.16737,4.39437,4.65216,3.43574,2.5961,4.77863
3.03691,2.45936,5.28554,1.99672,2.51291,3.53126,4.88229,4.77631,5.34056,5.33717
4.56403,4.74219,4.39799,4.52966,2.81248,3.23037,3.00336,3.90824,4.06544,3.25646
4.95975,3.93221,4.19524,3.94219,3.59125,3.52416,2.01317,3.00235,4.48606,4.32294
5.50762,3.56566,4.2042,3.46269,4.31624,4.46182,5.84938,3.81464,4.39082,3.87899
4.05552,4.69485,5.73152,4.67999,3.80428,4.6475,3.73883,4.16053,2.94052,5.63125
4.60667,4.14311,3.05713,4.07338,4.23807,4.43203,5.70736,1.65372,5.64777,3.58662
2.72889,2.92849,3.13587,2.88539,3.65595,3.381,2.2961,4.38237,2.68169,2.59574
4.77793,4.38774,4.19813,4.63068,2.3267,2.70453,3.86014,4.83259,4.4204,3.4105
4.76823,4.02912,5.44344,3.96964,5.30917,3.37282,3.25455,3.19524,3.72299,5.41732
3.86147,2.58231,4.24704,3.63534,3.74488,3.96054,4.83185,4.05519,3.93654,2.62667
4.60022,3.89164,3.82125,4.71601,3.48686,4.16099,4.44531,4.56381,2.83526,6.12471
4.26438,3.81712,4.87958,3.94365,4.4899,4.68784,4.08717,4.0097,3.45161,2.43944
3.98066,3.74658,4.32901,3.15781,3.55369,5.1736,3.37889,2.96781,5.06852,5.41707
3.27761,3.61587,3.12193,4.13483,3.83194,3.21741,2.22272,3.94574,3.64399,4.47515
4.99973,2.75526,3.73659,4.9667,3.18538,4.44725,3.52308,4.72206,3.37073,2.7842
4.61676,2.99077,2.07941,4.92237,3.67058,5.68465,4.70843,5.47761,5.52825,3.06988
3.25107,4.10666,3.44844,5.95094,4.20692,4.18893,4.94149,4.42389,4.16317,3.14835
4.98412,4.46165,3.86389,4.76865,5.15903,4.12995,3.94896,5.24957,4.99809,4.03424
1.65191,4.37661,4.34077,4.53,5.04927,2.97654,5.13961,3.66762,2.32379,3.79358
6.6348,3.4887,4.0711,4.11227,2.88987,2.51521,3.11831,3.55721,1.99557,6.19608
3.24831,4.78113,4.39177,5.19443,4.59005,3.27686,3.90458,3.91122,3.16022,4.26611
4.16983,5.7864,3.79286,4.80227,5.03721,4.64297,3.44632,5.46426,2.547,3.45339
4.34017,2.95901,5.76713,4.69744,4.03965,5.77921,4.12921,3.40274,2.35668,4.68441
4.42442,3.91232,3.5926,2.88736,4.81684,3.66942,4.56382,4.85883,3.1522,2.1322
3.59745,3.43312,2.96028,4.51377,4.07346,4.87599,5.90253,3.39863,4.34082,4.14993
3.34636,3.80481,5.31784,4.60088,4.89492,5.04836,3.90206,3.57473,3.87423,4.1288
5.23126,3.26152,5.50815,1.79152,3.63358,2.48191,2.89918,4.13837,3.64727,5.45171
3.66371,2.8044,5.19924,1.69368,4.26297,5.42197,3.80861,4.03604,3.6968,4.25042
3.10549,4.23127,4.63678,2.09364,4.45859,3.92231,3.86589,4.22064,5.18157,3.07969
3.8162,4.33456,4.9845,2.98782,3.6513,3.80891,4.77584,4.33072,3.74098,3.81472
0.125907,3.05806,3.46335,3.66601,2.58526,5.34529,6.06234,3.74153,4.90191,4.34267
4.04008,4.80182,5.22761,2.80571,5.10237,4.06098,4.01284,2.3037,6.43166,3.0651
3.36879,4.54137,4.14716,4.30777,3.16565,4.55244,5.1132,3.98514,4.05147,2.81946
2.69957,4.23454,3.68354,4.86924,1.74061,5.02315,4.47744,4.17341,3.34102,3.10543
5.26724,3.32486,4.7599,4.40563,4.37309,3.71797,3.81568,3.44773,3.44904,4.60135
2.47837,2.69198,3.97731,2.59912,3.60549,4.49789,4.73535,3.42899,3.44443,3.06166
3.42633,4.09911,4.09838,2.71164,4.89885,3.20829,2.49079,6.74724,4.28851,3.04922
4.22862,4.36945,4.17795,3.67627,4.46457,4.57162,2.78772,2.16919,5.51859,5.01627
3.73043,3.35647,3.56903,6.19005,3.78423,3.98345,1.74332,1.85475,3.21814,4.14658
3.2353,5.20333,5.51651,4.1262,4.00192,3.37739,3.88416,3.71157,3.79719,6.81016
3.64382,4.31975,4.20891,3.88184,3.10083,3.28406,3.76099,4.05246,2.64819,5.11972
5.02627,2.91606,5.73799,3.57105,3.75806,4.45506,6.02449,3.49152,3.86029,2.16338
5.04585,2.9029,5.57402,2.91022,4.47861,6.35505,3.84984,3.48161,3.83386,4.39912
2.82341,3.96355,4.21063,3.42064,2.60237,5.7541,1.62916,3.37162,2.16145,4.76277
2.59933,3.69347,5.37288,2.7697,3.6431,3.21824,4.95194,3.82673,4.70805,2.53129
2.98635,3.64624,3.4973,3.91305,3.84038,6.27742,4.8223,3.75352,4.86677,4.98966
2.76656,5.10416,3.6461,3.4933,5.20296,2.43454,4.86574,3.61348,4.55868,5.30042
3.90255,2.22367,4.15588,6.16276,3.17212,4.35872,6.37748,3.07688,4.63979,2.27924
3.74845,4.41337,1.91115,2.65865,5.21923,4.16678,5.22281,5.892,4.37073,4.13137
2.39207,2.44625,5.74949,4.10986,4.13,5.22693,4.20814,2.68957,4.42322,3.60572
3.49343,4.85834,4.01024,2.8634,5.60659,3.1019,6.01381,3.27189,4.17201,3.72118
4.04546,5.21833,4.90049,4.66546,3.96115,5.92993,3.7599,4.42009,5.1651,3.80129
3.08045,4.05355,3.13744,3.84448,4.85349,4.08387,5.13314,7.06845,5.47318,3.29316
4.45414,3.64056,3.19161,4.73255,4.69498,3.8316,3.63835,6.59051,4.20342,3.20507
4.76067,6.079,2.67689,4.78882,4.97601,4.44416,3.40223,4.03398,3.45226,3.85399
5.40025,5.44584,1.02967,2.42296,5.84932,4.4619,4.84757,4.9747,4.33035,3.31236
4.49698,2.88477,4.45683,3.44664,3.72089,4.52801,4.25495,2.92771,3.06198,3.87451
5.45829,3.22446,5.67259,4.02068,2.6087,6.1675,4.11127,3.76217,3.71548,4.73994
3.75313,2.94202,3.64356,4.21997,4.20461,4.58165,4.23767,1.93259,6.99669,3.49354
3.86368,4.39076,5.59086,4.35948,5.49502,4.86623,5.51376,4.72072,3.33063,6.67163
3.63782,2.95331,3.33187,6.33416,2.7433,4.08329,4.69827,2.21607,3.40859,4.79073
3.09053,2.8975,3.16993,4.75745,4.1551,4.67087,2.7009,3.54637,4.39253,4.56302
4.60559,5.31031,4.8237,3.79052,3.07687,5.39157,3.09893,4.34218,4.0568,6.18458
4.58435,4.93128,3.69141,4.49907,2.71116,4.08622,3.79054,4.26754,3.63549,4.03135
5.25256,3.87875,4.55513,5.31106,3.86358,3.44891,4.23466,5.94893,3.48886,3.11796
4.37611,3.56867,3.16648,3.57709,4.56905,2.44179,4.29886,3.04575,4.54399,4.26383
4.85203,4.84196,5.37548,3.20388,2.61736,3.98524,3.76846,2.6134,3.23705,3.72206
4.56156,3.30486,3.72607,4.93469,4.57028,4.72139,4.56746,4.94998,3.22488,3.43688
3.91622,4.7152,4.43813,4.03041,2.8297,4.56174,3.5899,4.60496,4.91159,5.47022
1.45676,3.58196,2.53371,2.2097,6.27994,5.41588,5.07139,4.52155,2.80666,1.37548
1.77757,2.50307,3.91417,2.78055,4.76817,7.10288,3.38784,3.28254,3.18116,3.59525
4.20479,3.37391,3.69562,5.15433,3.05181,3.02479,3.22952,2.23266,4.22489,2.16738
2.1817,4.64559,2.97758,2.25494,3.72103,3.666,3.2424,5.53089,4.99552,3.00029
4.17023,3.28244,3.282,2.54174,4.24913,2.97667,5.39893,3.55186,4.25107,4.7689
3.84424,4.64819,2.47276,4.45554,4.22318,3.21271,2.39614,2.72933,4.08589,3.15463
4.21334,4.21486,1.98561,3.48233,4.76262,3.77729,3.94264,4.67211,3.66292,5.6273
3.16819,4.47082,3.15887,4.09887,5.1059,3.2756,4.19485,4.78276,3.76055,2.62976
5.10547,3.2242,5.57395,4.68919,4.04587,3.39921,2.1255,3.26336,4.6919,5.44536
3.80358,5.18799,5.19562,3.39739,4.6462,1.93094,6.21662,2.96533,3.31483,4.84005
6.10013,2.87512,4.5843,4.02835,4.10017,4.13637,4.75941,5.24064,4.32077,2.2457
2.6772,4.5533,3.79748,4.66089,2.25454,2.84222,4.35704,3.7166,2.8754,3.81662
4.30603,1.77562,4.12266,1.8501,5.36651,4.09112,3.78665,3.72848,4.07781,2.87849
4.75025,4.22161,4.33586,4.47851,4.57626,4.97465,2.8259,4.13299,4.01159,5.10799
4.155,5.18235,3.06024,3.80726,5.15086,4.82305,2.96722,2.22938,3.70201,3.69521
5.54722,1.28043,3.93533,4.30318,5.72258,3.56254,4.93048,5.44588,3.24894,4.21433
4.3179,3.51879,3.26126,4.6316,2.87784,3.95239,5.28667,2.62003,5.01539,3.14134
2.36045,3.33254,5.10649,4.25487,3.43871,4.40458,5.47826,4.84781,2.82033,4.13009
5.57369,4.76001,4.31624,4.69731,4.63467,6.12333,3.67314,2.57542,4.56844,2.58944
3.97777,5.11981,2.86641,2.81548,3.64985,3.55318,3.33523,4.38293,4.82956,3.9472
4.84915,4.60496,3.87849,4.32069,3.03767,3.49488,5.15774,4.18172,3.83024,4.9478
2.81767,5.42561,5.27345,2.74548,5.20004,4.63332,3.71432,5.20686,3.76849,5.71314
3.76721,4.88675,3.71842,5.792,2.7475,5.75549,3.59726,4.92578,3.72019,3.93456
4.77397,3.05722,1.78022,2.45318,3.13813,4.35917,2.45329,4.68346,4.28594,3.9974
5.00183,5.66097,4.69036,4.5098,5.4825,5.25005,2.19133,4.3636,2.75869,3.46114
3.05093,3.64261,3.40638,4.21828,2.36654,4.6559,4.03362,4.08796,5.24279,3.42918
3.03995,2.24987,4.58143,4.70869,3.55275,5.00151,5.05437,3.63061,4.20683,3.74744
3.11687,3.72141,3.4122,3.61188,4.08233,2.9513,3.77588,3.46908,3.34811,4.5177
5.71073,4.89339,2.26121,2.43776,5.3311,2.18858,3.43141,3.33057,2.47197,3.84151
3.01077,3.92745,5.18404,4.7133,4.68743,4.01053,3.0491,3.65113,4.35905,4.66706
4.20539,4.26782,4.77407,4.08815,3.78461,3.61033,3.42587,5.53162,4.84518,3.8109
3.5505,3.93479,4.29831,4.21222,5.58788,5.27741,3.85603,6.6406,5.25981,5.13984
3.64806,4.0524,2.55801,5.50914,1.31995,4.1131,6.08557,4.32055,3.53181,4.32533
4.32232,3.64965,4.83222,3.03441,2.6672,3.76665,3.74151,3.66918,3.62414,4.83142
5.08328,3.0312,4.82647,4.44824,4.65555,5.71963,3.62991,3.29589,3.4664,4.86821
4.16275,3.97927,3.96246,4.67892,1.81176,4.3793,4.44933,3.65986,4.10459,3.82015
1.44403,2.47632,4.58823,3.44781,3.80511,4.84489,2.94941,4.08996,4.08826,4.76994
3.81354,2.61223,4.51367,5.83462,3.72335,2.72524,5.1401,3.46951,4.51521,4.35768
1.65286,2.75207,3.45505,3.48373,2.89442,2.62289,3.0859,5.18387,2.76688,4.42806
6.69111,2.77728,4.42385,3.2204,3.68929,6.16774,5.73516,4.5113,5.48373,4.11805
5.73217,5.99642,3.21058,4.25935,4.19181,1.52129,4.47246,4.22182,3.14223,4.00668
3.70736,5.81881,4.45947,4.52196,2.60156,2.9469,2.42812,4.74018,4.59935,4.11555
4.60141,3.34019,3.42753,5.333,2.90811,4.69221,4.67578,4.36728,4.65318,4.88113
3.61515,3.0808,2.75914,4.54491,4.68555,5.89152,2.46851,4.09152,3.87017,3.69983
2.31153,3.6898,4.76137,7.38339,4.07106,4.56084,4.54443,4.37978,5.88253,6.43068
3.22074,4.46788,4.61735,4.01403,4.44519,3.33402,5.20232,2.64032,4.4391,3.03522
3.50594,4.12955,3.0891,4.77418,4.70663,3.94169,3.34423,4.22845,2.69319,4.30499
3.62616,3.85256,4.63682,3.76309,5.07806,3.57562,2.16871,3.72536,3.22213,2.03917
3.97893,4.08543,5.02355,2.75692,4.86926,4.38208,3.99355,3.76087,2.98295,2.41449
4.41625,3.37007,3.31731,5.0908,3.00619,5.95688,3.40469,4.06685,4.49504,4.15738
3.98014,4.93519,3.36155,3.83587,2.42935,4.75662,3.5119,4.71194,2.4926,3.3418
5.11921,4.31738,2.48993,4.06493,2.89273,4.33114,4.23378,4.1231,5.22302,3.45783
4.27729,3.58746,3.4943,5.2899,3.64361,3.37178,3.98121,2.26713,3.80991,4.20032
3.54693,4.13651,2.76238,6.99394,4.36056,4.62217,5.03323,6.18212,2.92146,2.48794
3.37104,5.46341,5.2845,2.85155,4.22532,3.21796,4.34242,3.59473,4.49449,4.70959
5.67746,4.95337,4.24257,5.60899,3.62842,3.50025,2.53258,4.67124,4.32005,1.81348
4.78021,4.30521,5.05058,2.56335,3.70196,3.75531,4.0684,4.10736,5.06611,3.78433
5.44541,3.94951,3.95803,3.53063,5.20702,4.93656,5.69807,2.98052,4.20593,3.68081
4.38874,6.02183,4.48242,3.27759,4.52471,1.74778,3.98007,5.55943,2.25186,4.72048
3.22064,2.6216,3.62922,4.83496,2.50625,3.15615,5.55841,4.70719,2.2946,5.88423
5.04384,4.30656,3.28348,5.50734,4.07934,4.36972,3.465,5.21283,4.12757,3.97645
2.20148,4.09978,3.16649,4.62408,3.31962,2.43922,3.80632,2.69153,4.77027,4.60602
4.99967,3.17898,3.3671,3.61045,3.43849,2.68176,5.26252,3.53558,7.65601,2.8523
6.35023,4.47488,3.46292,4.52496,3.82557,4.67717,2.77385,5.53568,3.38189,4.05296
4.57235,3.91318,2.93067,1.26517,2.76827,4.65348,4.01047,3.1871,3.0065,4.06178
4.11467,3.94723,3.90592,4.4272,3.21316,4.28967,2.75008,4.31905,4.69259,3.61764
3.02616,2.72558,4.2915,3.67608,3.65795,4.08437,3.87384,4.75118,4.38109,5.61512
4.18013,1.90584,4.09065,3.30126,4.4653,5.02938,3.65211,3.38631,3.88654,4.07266
3.42038,4.79039,5.31119,2.72265,2.55975,4.30521,3.00957,1.6869,6.4208,4.46875
6.88291,3.70006,3.62068,6.21577,3.81113,4.36405,3.71303,2.45755,3.33422,3.16588
5.4088,3.49765,2.54663,4.03629,6.55247,3.69482,3.29627,3.93067,4.40058,4.63906
2.26467,4.19525,4.16399,3.15036,6.07956,2.95052,3.19232,4.81756,2.97019,5.20493
4.49592,4.71995,3.37484,4.0933,4.01993,4.22692,5.36882,3.64321,4.6118,3.06833
3.16344,4.66383,3.19611,4.63418,2.4616,5.02653,4.75442,5.33717,5.46035,2.68901
4.64177,5.20401,4.31863,5.70539,3.3901,6.02564,3.69177,5.72434,3.07709,3.39702
4.32805,4.40745,2.53751,3.50406,4.90659,3.08359,5.11208,4.63947,5.1484,4.23853
4.31577,4.08256,5.45698,4.65229,4.75575,2.29865,3.55237,3.45992,4.90539,4.5155
4.7289,3.73565,4.54541,2.12795,4.62414,4.99528,4.47769,3.07717,5.51751,3.24171
3.85607,2.94793,5.28443,3.78,5.41681,3.41106,6.16594,3.5854,3.52674,3.67434
3.19181,3.51706,2.44774,3.67454,3.9269,3.04948,3.67481,4.88937,3.60197,3.5878
4.57849,3.4685,3.98435,5.20653,3.84278,4.29207,5.36409,3.4001,4.40377,5.01283
2.49018,3.25962,4.15434,5.55407,5.16966,3.71413,5.17565,3.13777,5.21184,3.58025
4.02555,4.23066,3.83343,4.04453,6.28275,3.22261,3.37125,4.40634,3.2317,4.29502
5.78566,3.27128,3.67554,3.80223,4.74648,3.10086,3.87014,2.6324,4.61268,4.41257
3.10182,3.91136,3.73132,6.68662,3.57409,4.7134,5.32578,3.28295,2.64562,2.55775
4.50434,4.62227,4.56041,3.69985,4.22548,4.46722,3.19281,4.06368,4.93607,3.93453
3.40345,4.30659,4.04694,4.24702,3.20007,4.44402,4.33773,3.63675,5.36975,4.19207
4.41934,4.33306,4.53223,4.8261,4.62249,4.94014,4.29879,3.78159,3.85698,5.05112
3.83629,3.21111,4.08859,2.8695,4.122,4.50351,5.05945,2.47671,2.45118,2.07745
5.35299,4.03003,4.43217,3.78736,4.92905,3.17562,3.32603,4.83307,3.79589,3.15387
4.85395,4.62464,4.35374,4.47181,2.92954,4.46971,4.27859,3.59774,3.09539,4.40684
4.44257,5.71108,3.02843,5.33173,4.10953,1.98441,4.75399,3.21557,4.39294,3.78083
2.55658,3.71276,4.26827,4.03904,4.33147,2.28576,3.67731,4.11716,3.88197,4.54273
3.61925,3.96741,3.73093,5.46247,3.67173,6.48753,2.78497,3.083,4.93424,3.13497
2.96913,4.36522,2.75032,1.42336,3.927,4.71141,4.73643,3.24444,4.17498,3.4441
1.94926,4.55074,3.76909,3.84391,3.32699,3.31314,3.68173,2.39183,3.904,3.37141
4.06312,4.69345,3.99842,4.32648,3.71377,2.96066,2.30482,4.09475,4.53421,3.92788
1.93912,2.28482,4.02462,3.12967,4.05366,3.67434,3.22317,5.65934,4.90304,5.0998
2.61464,4.01783,3.7356,2.30592,3.44477,3.2113,4.84489,2.80614,3.44797,4.07898
4.19642,4.14469,4.9056,3.49248,2.91084,3.18545,3.93077,4.4802,2.99418,4.10121
4.29362,5.90464,3.49431,5.12734,3.49596,4.39164,5.07069,4.97176,3.65734,1.34591
2.42699,4.24049,3.39787,5.99792,4.43742,3.60766,2.18578,3.49621,3.79801,4.94618
5.36296,3.02554,3.68367,3.55517,4.7704,5.44595,3.42837,4.25077,5.16548,3.6932
3.75107,4.40693,3.03169,3.59224,5.26282,2.56973,3.89949,4.46835,3.77071,2.60044
2.19234,2.40642,0.80036,3.25528,4.75901,4.0192,5.43065,3.53615,3.37666,4.4394
3.67274,5.67048,3.22154,4.14753,3.94108,5.22785,6.27938,3.63113,2.6582,4.69522
2.81466,4.72282,1.97544,3.62538,4.15602,4.86136,2.91018,4.81276,4.7662,6.09662
3.87679,3.85208,5.18627,4.45137,5.39262,4.70891,4.67129,4.25233,3.20334,2.65837
4.81175,3.8866,5.08358,3.01889,3.35093,4.62292,4.45846,3.72887,4.67891,6.33221
1.59252,4.29119,3.12314,4.70553,1.81447,5.71514,4.61928,4.46603,3.84401,3.07951
5.04224,2.48073,3.04227,3.71243,3.896,3.75932,3.48626,5.56004,5.44912,3.80027
5.73575,5.18987,3.82033,4.11313,1.87304,2.23524,5.98237,4.4768,4.76536,3.19493
2.88041,4.03894,4.27322,4.38622,2.85487,5.24514,3.59137,5.85172,2.64833,4.66283
2.14841,3.17479,5.98703,4.20125,3.71447,5.18648,4.52697,3.81271,4.70886,4.81834
3.7995,5.48565,3.08203,2.94471,1.94534,4.78917,3.63758,4.27355,3.86019,4.63013
2.3882,2.75968,4.31684,2.48505,3.74144,4.49656,3.49225,4.00231,3.16713,6.30239
4.81733,3.04848,4.84044,4.58247,3.09697,4.04428,3.16629,4.36737,4.3113,4.12058
3.67635,4.22019,3.54116,4.31334,5.79767,5.03444,6.66223,4.44084,3.12155,3.26423
3.90524,5.39925,4.81507,2.36354,1.92528,4.61883,4.4552,5.20222,2.68955,3.62574
3.98341,2.13383,4.20056,4.55663,3.05191,4.07624,4.56002,2.42753,5.06542,4.13107
4.14038,5.25525,3.55898,1.63583,2.4965,3.07828,3.78719,4.73346,4.94183,5.06833
3.82254,2.94418,4.67513,2.98382,3.00866,4.52495,4.81861,4.83927,5.47079,3.77895
5.79533,5.14642,3.16749,4.87215,4.13,5.08408,3.65453,3.76949,4.03709,2.63222
2.60231,3.20487,4.47405,3.16888,3.63631,3.85284,5.53918,2.35924,4.70609,3.84393
4.25385,5.06443,2.28865,5.52941,3.51997,5.21103,3.62706,3.68209,3.80768,2.70661
5.10302,4.02962,2.70325,3.91876,2.77666,2.64886,4.32527,3.61331,3.69355,3.46232
2.88581,5.03018,3.38676,5.44479,2.84939,4.68687,4.32795,2.32665,4.36472,4.79254
5.35461,3.53931,4.61869,4.54861,3.15568,2.1414,4.21053,4.01293,2.50384,3.61512
3.80688,5.07487,4.95874,3.25905,5.09882,2.59536,4.92418,4.16644,5.70294,3.69441
4.35732,4.83429,2.59191,5.40775,5.65938,5.38429,4.72968,5.92261,3.00879,4.80812
4.30583,4.22363,3.25858,5.25076,3.37175,5.4987,4.41811,5.37814,5.00842,5.61677
3.55952,4.2274,3.75423,1.24615,4.22956,2.2105,3.61405,4.65591,5.03839,3.85143
4.90006,3.4969,2.64069,5.11917,4.65657,3.16631,4.38016,2.65798,3.16884,3.15845
4.30776,3.54667,6.57071,4.52231,4.26643,3.01076,4.99881,4.52115,4.39048,3.91747
4.15792,3.45326,3.46853,2.35765,3.98893,2.78965,4.75575,3.86738,4.79879,4.47419
2.50683,3.85751,3.34851,5.35699,4.48343,4.57987,5.17607,2.98929,4.43579,3.32853
3.33561,3.80776,5.42934,3.88903,5.19095,5.36565,3.81962,2.80796,5.01306,3.13659
2.84498,4.08672,4.2538,4.66828,6.83713,4.51849,3.54555,4.7756,4.09835,2.82347
3.87704,4.01305,5.73358,3.98053,2.91075,3.79599,2.37989,3.74322,2.66603,3.05557
4.34623,3.48988,2.58223,3.09361,4.13781,3.61102,3.60709,4.96337,5.24787,4.42037
4.61073,4.10212,3.61436,3.21001,4.10106,4.03979,5.19037,3.48715,3.38931,4.78849
3.64486,4.52385,3.28595,5.73311,3.82063,3.00637,1.60375,4.96513,4.41174,4.28487
4.06626,3.28814,3.15929,2.79738,2.644,4.78669,5.0689,2.67972,5.55805,5.79506
5.53761,5.89469,5.19208,4.37712,5.63667,3.15359,5.63257,4.73236,4.24795,5.75335
4.01923,2.95222,5.73691,3.85212,4.54173,3.78349,4.35151,3.37769,3.88058,5.00135
3.4277,2.31261,3.63314,3.94531,4.5221,4.31845,4.41952,3.98109,3.31825,4.81585
3.60145,5.90135,2.51587,3.60678,1.79677,3.50839,3.92739,5.3471,5.63129,3.71607
2.76813,3.26616,3.47567,3.17286,4.66007,3.11763,3.7623,2.89335,3.36065,2.44358
5.42006,2.0306,1.89434,2.90035,2.6209,5.04374,4.93705,3.58665,4.26599,4.70603
5.33308,3.45945,2.88007,4.28504,2.6181,4.14495,4.6802,4.99442,3.12368,3.80547
4.25894,3.77889,3.88135,5.07001,4.05414,1.26049,1.53083,3.86991,4.57549,3.6793
4.77081,1.72126,5.84881,3.10043,4.00998,3.73833,3.39089,2.23628,4.55677,4.89994
4.86493,3.31985,3.15171,4.90719,4.09725,3.74576,5.32726,5.34342,4.69597,3.42714
4.79208,4.26097,2.64412,3.29797,2.54863,3.01076,3.74317,4.72078,3.2309,2.78348
4.83607,4.61899,2.26959,3.20885,3.23616,3.29145,3.09937,5.17001,4.13654,5.6172
5.99072,4.32591,3.83173,4.00752,5.08806,2.92629,4.01141,6.8001,4.73338,4.4745
4.39039,5.32083,3.97028,3.80348,2.52463,4.01628,4.5458,2.14116,4.13266,4.29824
3.91297,2.52719,3.11521,2.33814,2.83845,2.45802,4.1212,3.32043,3.69166,4.71263
5.42486,2.78005,3.00095,2.47526,4.16573,3.5095,4.79722,3.49145,5.21904,4.68178
4.70135,3.37789,2.91008,4.65857,5.0555,3.96139,4.82489,2.85225,3.60345,4.06274
2.71054,4.42222,4.35516,5.35942,3.85016,4.41297,3.58276,2.68451,3.43674,3.34128
4.82941,3.05145,4.59835,3.94935,4.82868,4.46219,1.61378,4.18247,2.62566,1.76837
3.63505,3.92682,3.93976,4.69772,4.80218,4.3794,3.40328,3.76196,5.21051,4.13614
1.9735,3.73916,3.41814,3.97884,3.08938,4.64847,5.74817,3.66108,2.54976,3.86603
4.90778,4.32688,4.75585,4.1135,3.74966,5.46363,4.85654,4.90878,2.72965,4.06643
3.6088,4.88673,3.893,3.8189,2.22368,2.23216,2.68723,4.40029,3.29433,5.92023
4.1452,4.60573,2.84038,2.89781,2.8259,5.48137,3.41023,2.71553,4.6427,3.5257
4.23121,5.24944,3.78337,4.69909,4.18727,4.63951,3.82815,3.879,4.27042,3.84996
2.96691,5.64779,3.20175,4.57754,3.99786,4.05064,3.09812,3.7931,3.97882,3.38503
4.19991,4.26316,3.40549,3.61739,3.45394,2.92712,2.60174,6.11919,3.71203,4.09898
4.00109,6.02555,4.12473,4.68207,3.4305,3.89435,5.07138,4.67321,2.61309,4.90466
5.86291,2.29175,4.39021,5.06902,5.24718,4.81228,1.53892,4.14789,3.54366,4.42418
4.69077,2.96598,2.34024,3.2904,3.47123,3.12157,3.4509,3.75975,4.38201,5.58781
3.96286,3.54686,5.31397,4.72351,3.52473,3.29363,2.25244,4.10615,3.07225,5.29478
3.47023,5.84738,5.50398,5.15896,3.70512,4.15724,5.49204,2.31609,4.67969,3.04918
4.60062,3.75603,2.98723,3.31365,4.41543,3.13756,4.10869,4.91432,3.07612,3.036
3.81469,4.0079,4.01001,4.90079,3.77888,4.64019,4.99721,3.0969,2.2154,4.09778
3.00633,2.05805,5.16235,2.77024,3.82741,4.38626,3.79367,4.37659,3.27092,3.60563
3.06076,4.67004,4.82915,4.54002,2.59888,2.71795,3.56067,2.89022,3.88017,3.46993
3.54782,4.16834,2.03175,2.77764,5.96048,3.35433,3.70877,3.92956,3.65385,3.87565
1.81449,3.64489,3.40269,4.16477,4.76685,2.51038,6.7223,5.30315,5.75445,3.88873
3.2588,3.36529,4.78925,4.22977,4.60815,2.93185,2.6361,4.2305,4.35196,3.07068
2.96263,3.83942,4.09126,3.50711,3.35367,5.47355,4.00613,5.36267,3.55123,6.22883
5.20558,4.82495,4.30969,4.38533,5.55925,5.15093,5.04613,4.18047,4.91929,2.55381
1.91055,2.99802,5.40529,3.93936,4.76332,5.15791,4.17769,3.55449,4.72544,3.11776
4.52199,4.8786,3.882,5.37075,3.58568,4.01362,5.02051,3.12126,3.82078,4.97749
5.50328,5.17476,3.66529,2.93134,3.30473,5.60653,4.71396,4.09419,2.835,3.77071
2.22886,5.89429,3.16454,3.57179,5.18487,3.90347,3.4507,4.87485,3.14995,2.85701
2.82161,3.51174,3.79871,3.11938,4.54478,5.57032,5.03575,4.43342,4.12508,4.05193
2.76628,4.86327,5.60113,4.77315,3.63261,4.6968,3.44795,3.6154,5.48507,4.15429
2.86568,4.46901,4.78951,5.90713,5.57173,2.61061,5.43717,3.71748,3.36011,3.62169
3.7635,2.50933,2.56313,4.15451,1.87626,3.40185,5.03656,2.46586,2.73617,3.46009
2.23716,4.32242,5.61821,5.48558,3.58333,3.66118,5.45512,4.13157,2.36414,3.19432
5.03841,3.69425,4.11721,4.80279,4.7048,2.11852,4.54755,2.43916,2.93159,4.9289
2.97189,6.10981,3.6883,4.33631,4.22953,2.93683,3.96365,5.49256,3.74612,3.68038
3.15005,3.55788,4.61185,2.24961,3.71371,4.22387,4.25091,3.52519,4.31012,4.97957
4.97535,5.13146,3.61177,4.38109,4.82848,3.80024,3.47552,3.19212,5.43965,4.39012
3.50269,4.05315,4.67934,5.18492,4.97208,3.78161,2.92016,4.22118,2.77838,3.08605
4.86377,5.30853,4.40095,4.95815,2.60474,3.86657,3.26663,3.22878,3.36528,4.43103
3.76183,3.75621,2.0232,3.33403,3.01513,5.29014,4.17997,3.77908,2.93887,3.4466
5.49899,5.32551,4.37821,3.68553,3.66004,3.16382,4.5519,5.55487,4.53259,5.06934
5.00518,4.29338,4.98631,4.62462,5.1431,3.13434,2.54179,2.98342,2.09842,4.94896
4.0666,1.5895,4.89416,3.55208,5.23647,1.84781,1.78172,4.55658,2.96802,2.06634
3.27738,5.39922,5.35568,1.42503,4.21702,4.34598,5.48775,5.50454,2.94344,4.11101
4.02892,3.00231,3.16074,4.65475,4.99952,3.58964,5.57203,3.26295,2.92396,3.85874
3.25123,1.9219,1.85711,3.48614,5.04503,3.70071,4.57749,3.19991,3.80706,5.31582
3.20383,3.76333,4.99828,3.40753,3.4961,2.35733,4.27769,5.45211,4.39506,3.20821
4.63792,4.1645,3.49346,5.57038,4.63545,3.72536,4.71584,2.18453,3.97912,3.70256
3.71118,3.50953,5.77622,4.31489,5.0937,3.18836,4.32643,2.6088,4.85664,4.30071
4.06664,4.13379,3.74014,3.75429,2.04878,2.86619,4.34086,3.68164,4.36054,4.42124
4.39415,2.7021,4.95515,4.8506,4.30161,3.59678,4.9924,4.54578,2.25703,4.40402
5.82966,4.21163,3.23423,4.88463,4.83145,2.40163,4.18621,6.54654,4.03148,2.56336
2.7301,4.95221,4.78569,3.03227,2.43304,3.55697,4.33219,5.07722,4.0588,4.68121
5.85109,3.34993,3.96766,3.88996,5.18468,4.69192,3.23156,3.97749,2.99968,5.40913
4.13008,3.27057,4.88569,3.87667,3.98773,3.76664,3.85875,5.06637,4.25124,4.60805
2.53171,2.19552,3.71614,4.62773,5.21598,1.82158,5.58555,2.7854,3.40091,4.14562
3.61622,5.20327,2.66031,3.22166,5.52991,3.59134,3.60004,4.27665,3.53545,3.77191
5.30433,3.04089,4.57877,2.45412,2.97723,3.52752,1.84325,6.47825,4.27639,5.41742
5.39303,4.23462,4.26318,4.54998,3.52131,5.40072,4.08582,3.62579,4.63969,3.39783
2.99642,3.38513,6.07847,5.05281,4.55325,1.57278,3.27188,2.65423,3.76706,5.10222
2.92886,2.95791,4.12426,4.46648,3.57598,4.55278,6.33727,4.90363,3.71045,4.77001
3.30934,4.13528,4.43716,2.78288,5.49133,4.02245,3.54023,3.98978,3.48326,4.60698
2.25275,5.33483,4.80493,3.75311,2.92779,3.212,5.11592,5.29433,3.91629,5.45289
2.25088,3.48585,5.20161,3.58196,4.25617,4.04333,3.0652,3.97099,4.51949,4.53325
5.22611,4.6243,2.29446,3.58074,4.13711,3.32148,4.78874,4.62381,4.06137,4.91829
3.31029,3.92671,3.99876,5.69789,4.08258,2.25667,3.76426,4.49532,4.94796,3.49558
3.30176,2.99138,3.55014,3.75391,2.63753,4.20865,2.89414,2.61532,4.01639,3.18005
1.99248,3.15344,3.14993,3.68903,4.60579,4.64038,3.29683,4.70509,4.53543,4.78991
4.64469,2.84258,4.993,1.16713,4.21213,4.72034,3.28735,1.88589,5.44149,3.90014
3.80494,4.05071,2.19522,3.64622,2.46053,4.33142,3.76383,3.66869,2.69891,3.40142
3.18384,3.40179,4.61498,3.97538,3.4355,4.89233,4.47649,3.9727,3.654,4.36108
4.01453,2.60953,6.18264,2.00296,2.32189,4.58942,3.05666,3.24485,3.79561,5.12591
4.86174,3.58761,4.90711,2.98348,3.08746,3.27557,6.01694,2.56635,5.18549,6.26194
3.55256,5.65047,2.69054,2.19233,4.67363,4.76339,4.36985,4.30317,5.01903,4.25487
4.77444,2.4956,3.27199,4.00384,3.9409,5.12818,4.9164,3.79645,3.81543,3.87885
5.09073,4.28043,5.87521,4.8262,3.42576,4.03538,3.58515,3.31741,4.37222,2.72986
4.70155,3.37733,3.61406,3.90457,3.47937,4.28766,5.31852,4.53334,3.9442,4.33163
4.29161,4.07789,3.55824,3.35647,3.63422,3.06024,5.4902,5.52022,2.00262,3.93851
3.57713,4.26606,3.65569,3.93352,3.55797,2.2509,4.99367,3.68736,4.74747,2.97591
2.44152,3.39239,3.73557,3.5264,2.67377,4.65368,1.62049,5.35261,4.14093,3.94154
5.28165,4.63629,2.65062,2.46191,3.45253,4.07172,3.94922,3.34003,3.25889,3.67622
2.84664,4.60223,4.35618,4.68543,2.07659,3.7846,5.73196,4.70037,3.76867,2.02947
3.39564,3.08539,3.73522,4.0185,3.54619,2.18129,3.77007,3.48096,4.71552,4.04354
4.02143,3.48616,2.58622,3.16738,4.64056,4.43063,3.56752,3.74369,4.28811,3.93071
5.50839,3.84831,3.66642,6.65582,4.04311,4.38546,3.55839,3.93605,4.12814,3.91072
4.62742,2.74617,3.29,3.80429,4.80946,3.24161,4.19041,0.790848,2.63603,2.53497
4.73256,3.88504,3.248,3.71014,4.29646,4.28357,4.41156,2.798,2.02066,3.69185
4.00578,3.88246,3.65701,4.17465,3.81689,4.85391,5.27313,3.87834,3.84042,2.68535
3.53837,3.18678,4.03287,4.52714,4.79629,4.38452,4.78075,4.53173,1.71026,2.89971
3.86156,4.29647,5.72626,5.43255,4.61226,5.86115,3.97296,4.49246,4.24027,5.93364
2.45391,4.61666,5.8921,2.85164,5.06599,3.32709,3.88095,4.68907,2.59381,3.23589
3.03018,5.44642,5.53344,4.31063,3.18444,3.4147,2.81299,3.41375,5.88532,4.69452
3.06874,4.82397,3.59355,4.7107,4.70197,3.45669,4.94698,5.41585,2.40055,2.27966
3.2259,2.70875,4.57004,4.71,4.61492,4.89753,4.58048,4.06753,4.55417,4.48984
3.72895,3.39694,3.24738,2.9393,4.16276,3.94487,2.91859,3.39148,4.89052,4.75233
5.23357,3.18008,3.42002,4.40887,3.98083,3.04067,3.24354,1.8036,4.04792,4.18731
2.94633,4.63456,4.92924,2.80417,3.85049,4.15529,3.29137,4.62395,3.35023,3.8258
4.7421,4.00941,5.0479,4.29598,3.59829,1.41432,2.7953,2.63386,4.62,5.38304
3.15923,3.66838,4.43355,3.79129,5.02096,4.4825,4.26348,4.36231,2.49553,4.28117
5.1845,6.31424,5.6076,4.09136,3.5116,5.44852,3.40241,5.38815,3.03368,2.48809
3.67651,3.4112,4.34422,4.02477,3.2982,4.10633,4.56081,3.3678,2.17203,3.58541
2.76722,3.53125,2.89745,4.30139,3.59645,4.59949,4.0454,3.05148,3.64924,3.41433
4.5634,4.02633,2.27431,3.67498,4.24295,2.27262,4.81841,2.4075,1.80022,4.02025
3.90993,5.28269,5.88346,4.25238,5.20113,3.60854,3.88026,5.27125,5.31426,6.5206
4.40418,2.36732,2.3856,5.44815,4.28805,2.29059,4.96507,5.2043,3.48426,3.00719
2.43149,5.86919,3.03128,2.92267,4.1648,4.32358,2.76333,3.56228,3.31204,3.9605
3.9915,3.81189,2.09276,4.79259,2.29509,4.96016,4.53825,4.70455,3.75875,4.42468
5.899,5.00836,3.85477,4.84258,2.78384,3.27414,4.6175,4.42535,5.08468,4.83014
2.75479,2.61273,3.51985,4.86994,2.92866,4.95592,3.76963,4.85427,4.24948,3.52951
2.99501,3.3825,5.09938,4.09804,1.27145,5.18318,2.27564,4.03332,3.99182,5.54517
4.02375,6.2706,5.34296,4.07435,4.42202,5.31991,4.50011,4.16491,2.9423,2.26867
5.32988,2.83569,3.57139,4.88394,4.06595,4.0737,1.85955,3.96221,4.40345,4.19887
5.47155,3.3829,5.44356,3.76478,4.62725,5.69286,1.99041,3.91319,3.29793,5.45781
4.5683,4.99745,4.20771,4.64302,4.30375,5.23281,4.58647,3.14252,2.48505,5.7877
4.5441,5.77491,3.29127,5.16325,2.93083,3.4127,4.21301,1.44683,3.52404,3.5129
2.45577,2.59447,4.93957,5.62377,3.91769,4.5574,3.31952,1.1931,3.00247,4.83152
4.64509,2.82158,6.42773,4.4964,4.62606,4.55226,3.43298,2.24124,4.79381,3.0943
2.11406,4.08799,5.25441,3.15897,1.94372,4.31853,4.62104,3.67139,2.47887,4.6435
2.09225,3.14423,4.16247,3.53835,3.88479,2.89189,2.60313,3.29717,3.45773,5.40718
3.50709,2.92507,5.31793,4.14597,3.10661,2.73891,5.4039,3.89559,3.44575,4.3637
3.20463,4.77702,3.29384,5.0592,4.06466,3.10912,4.21974,4.02851,5.39346,3.82162
4.03379,4.69821,1.99933,3.62305,4.42934,3.96316,4.52818,4.17371,4.19678,2.16785
3.77743,3.3408,4.67304,3.85899,4.29741,3.33195,6.30509,3.27236,4.02472,4.52121
5.82679,3.98599,4.90785,5.34407,3.65598,4.5051,3.04584,5.89813,4.75139,3.70329
2.75833,2.87898,4.08914,3.93193,4.69364,4.51171,3.22377,3.85788,5.60641,3.98833
4.63897,3.15647,4.65259,4.0556,4.70705,4.04041,3.40246,5.4925,5.29575,4.58444
3.51444,4.19995,2.8085,3.83512,4.42973,4.0486,4.09087,4.4979,2.84764,3.63113
3.10979,4.69288,4.8116,4.14115,4.17113,2.76915,2.06783,3.42999,2.69353,3.90089
3.37721,2.8938,5.10174,4.05715,5.40033,4.30793,3.48685,5.14456,3.21755,4.05271
4.64282,4.98547,4.98959,3.5016,4.49507,4.75575,4.24629,4.97225,3.47603,1.95512
2.1314,0.781192,3.72289,3.98564,3.41699,4.03962,4.11129,4.78863,4.71603,4.65195
4.86852,3.57686,4.53198,2.89433,3.17986,4.15422,4.02789,4.38526,4.7218,3.74893
3.54224,2.96418,3.56676,4.64162,3.84878,3.59805,5.02226,5.39297,3.08847,5.53352
3.62547,4.16491,4.1715,2.20506,5.52941,3.21297,3.82714,3.54737,4.41488,4.34634
3.23462,3.74041,2.17926,4.24109,5.54964,2.34135,4.44,3.54329,3.81529,3.55853
3.19515,2.33156,2.89563,4.85659,3.73521,1.74654,4.33165,4.17947,3.85782,2.54381
3.86246,2.6047,3.09626,3.80234,4.49955,1.51026,2.50657,5.0317,4.27444,4.39704
3.63565,3.85857,4.89539,4.18013,4.24905,5.37328,3.13083,3.10768,5.41991,3.78784
2.7984,3.10758,5.39724,4.3114,3.99792,3.70872,3.0875,3.69322,4.21223,4.78137
3.706,3.51318,3.32642,4.31626,3.64441,3.74046,5.58781,4.38201,4.15875,5.49611
3.85203,1.75197,3.89055,4.12389,3.4214,3.22996,3.65496,3.39394,6.45816,4.03817
4.33388,2.77134,5.72714,3.86946,2.66353,5.32531,3.12988,4.59554,3.86983,2.93754
4.95391,3.77738,2.60967,3.99083,3.33922,4.25124,5.20051,1.88036,3.7038,3.75765
4.03719,4.47752,4.9449,4.35234,4.67952,4.29155,3.99092,4.63417,3.49759,3.628
3.36105,3.49441,4.64721,0.980077,5.46181,5.84438,3.03099,4.49562,3.80144,3.36804
3.73494,4.07139,4.36229,2.61306,4.05816,4.95497,3.05092,4.438,2.9166,3.33684
3.7845,5.67333,3.81967,4.93604,5.2835,4.09019,2.22573,5.00919,3.47517,3.54838
3.36638,4.68606,3.60422,5.12192,4.61654,2.60754,5.55096,5.50733,4.05702,5.19515
4.83863,4.98622,4.78934,2.45753,2.22184,3.46776,4.75223,4.13522,4.6063,3.9638
4.4943,3.21487,4.87447,3.89571,3.57423,4.1403,3.67547,4.46491,4.68812,3.32803
3.54334,3.20615,2.10901,2.33269,3.52551,3.29691,3.94217,5.07241,3.29792,3.44946
4.42948,2.04952,4.82046,5.44646,4.15577,5.33677,4.77801,3.94874,3.59253,3.64538
3.12974,6.08782,3.47062,3.26624,4.04492,5.59017,3.66592,3.14344,4.48472,3.67926
0.993531,3.0993,4.1699,2.01634,5.56717,2.4766,3.63652,1.38841,2.05528,3.48541
3.48898,4.12579,4.52168,4.38409,4.17303,4.48772,2.96569,3.7926,3.775,3.80784
1.80636,4.7508,3.4973,2.49041,5.73141,4.84155,3.93037,5.64975,5.41171,4.30029
2.26584,3.17624,3.32521,4.11303,3.15128,5.26951,2.76466,4.76054,3.11671,3.94481
3.37796,3.38386,5.07807,4.98276,2.70423,4.2671,3.04166,4.00907,3.87177,5.17174
4.03494,5.25981,5.49186,0.988309,2.97037,3.30843,4.7057,4.09302,2.96023,3.16611
4.92656,3.35838,4.84637,3.86965,2.80077,2.59692,3.5404,4.74997,4.94619,3.98649
4.47683,5.34767,2.70441,5.21397,2.11104,4.26619,3.35427,4.38914,3.93184,3.82255
1.45246,4.08914,4.20254,3.81373,4.12354,4.57188,2.58622,5.80726,2.83945,3.6895
4.71334,4.28348,5.92572,4.39689,2.70621,4.62568,2.91864,3.26697,4.489,5.42612
2.75231,5.25494,5.51449,4.50585,3.40154,5.37458,4.79714,5.25172,4.54576,5.04202
6.3428,3.88365,2.50815,2.89884,4.82291,4.92557,4.73188,4.68836,1.85105,2.62717
5.87601,5.24535,4.36289,5.04424,4.41677,3.51545,3.27735,4.02781,2.70989,5.03161
4.61044,3.03971,2.16696,3.08623,5.01164,2.06786,3.09608,2.36394,4.79673,5.47124
3.33977,3.99832,4.6245,3.33836,4.42511,5.53987,3.93755,3.90508,3.00288,4.7143
4.26952,5.29139,5.72818,4.13321,3.16314,4.29605,4.83725,4.18449,3.45405,3.16877
4.24462,2.40723,4.37208,4.34547,3.81604,4.47842,4.35782,2.30165,3.56777,3.65013
3.79304,2.75421,2.43758,4.15012,3.5414,4.12812,2.54834,3.44479,6.51126,4.09109
4.10602,5.28524,4.27885,2.73585,4.13881,5.28843,2.75475,5.62456,5.46401,5.55801
2.83943,3.94479,4.74571,2.8369,4.31608,5.34686,3.86389,3.20984,3.80302,3.82903
3.57833,5.80214,4.69051,4.30949,2.16344,4.8773,2.84481,4.00328,4.45444,3.78968
4.91098,4.39065,3.24284,4.26672,3.02757,1.41834,5.4222,3.13987,5.14843,4.17725
3.74096,4.62882,3.46597,3.40397,4.25474,3.91198,4.64058,3.49202,4.92611,2.74659
2.97289,2.90439,5.01983,4.55288,5.12774,4.34093,3.98896,4.40057,3.88555,3.26852
4.3089,3.07953,5.38998,3.05177,4.14294,4.82559,4.616,4.35147,4.74719,3.52485
4.46036,3.89581,3.89598,3.94611,3.68716,3.57746,2.00562,6.27045,6.7975,3.6852
4.67549,4.49921,3.72969,3.44756,3.13644,5.74358,4.82441,4.3186,3.97544,2.22998
4.44078,4.6083,5.01499,5.85077,1.16856,4.15966,4.48353,5.64089,3.67941,3.46079
3.26133,3.25543,5.99957,3.52616,2.3525,3.33856,4.51894,5.36918,3.77476,4.49925
2.13379,3.78259,4.1794,3.51944,4.05861,3.83683,3.73849,2.46526,4.46424,3.85438
5.15339,4.51738,3.57206,4.55995,3.93398,4.57123,4.12022,5.19304,4.3087,2.55243
2.91003,5.46221,3.66632,4.41421,4.81413,3.12509,2.97606,4.6437,4.40475,4.33817
2.9977,2.88224,4.21835,3.39291,3.924,4.33624,3.00204,5.12623,5.77022,4.35556
2.86606,5.41561,4.28183,3.8268,3.79456,3.08343,4.17572,4.13612,4.62602,3.08895
5.929,3.50253,4.30962,3.7835,2.7302,5.18985,3.55008,3.72635,2.22628,2.74339
4.79295,4.3483,3.36147,3.86851,3.1248,5.37392,5.22377,4.83538,5.8938,4.22436
3.42149,4.33847,5.92912,3.48792,3.78306,3.59434,4.74671,4.96055,5.16945,3.94212
6.03914,4.10487,3.29699,3.87208,5.22738,4.824,3.12443,5.04656,3.4283,6.38987
3.20096,4.46669,4.54084,3.91779,4.83115,2.12748,1.95244,4.09248,4.72397,4.84204
3.6067,4.02612,3.49759,2.38766,4.23365,5.20714,2.55269,3.89145,4.4267,5.02802
4.5316,5.43088,2.99984,3.23813,2.22158,3.66373,4.694,4.15802,3.98605,3.59695
3.49861,4.62328,5.39589,2.77169,2.55307,4.05741,4.83338,5.20283,5.23704,2.24976
2.73532,4.64502,4.43867,3.10485,2.77101,2.67574,3.87634,3.78145,4.3568,3.19056
2.88227,3.6199,4.5,3.72658,4.59481,2.55952,3.48628,4.7232,2.9206,5.9686
3.2446,3.10221,5.67594,3.9249,4.00845,1.67575,4.05495,4.73625,3.97774,3.0725
4.70038,4.72858,2.12176,5.2309,4.2411,3.78608,3.74473,3.70003,4.73505,3.98695
4.69336,4.54365,3.09004,2.49339,3.94971,4.59889,4.50377,3.79145,4.25241,3.47687
5.1484,6.3868,5.09338,4.75538,2.18872,4.59699,4.33484,2.32359,4.79115,4.96125
5.0744,2.24547,4.7999,6.07326,4.14603,5.60944,3.89562,4.35085,4.89693,3.8307
2.73919,6.48969,3.35045,3.7714,4.29887,4.30228,4.37339,5.6985,4.14724,3.83571
3.00116,3.21239,5.06988,4.57,3.07211,3.74897,3.56049,6.19402,3.67823,4.64266
3.04281,2.28256,3.66355,3.73899,3.94856,3.23704,0.409145,3.36012,4.04665,6.5656
3.6776,4.63753,2.65148,3.13856,4.26636,5.53009,3.50126,2.9154,2.60608,3.81916
5.10706,5.56386,3.171,2.70879,3.4284,4.34593,5.11988,3.42658,2.95116,2.80687
2.93521,3.30399,4.47214,3.77449,4.67675,5.68008,5.48287,4.57848,3.33468,4.06829
2.99298,3.26052,3.18704,3.74308,4.76155,3.3166,4.69209,5.17565,2.85619,4.18734
4.29166,4.44713,5.75763,3.061,4.04299,3.42358,3.26946,3.45901,2.45216,4.81723
4.19532,3.92157,3.72087,3.53397,3.86524,3.23897,5.01135,2.84278,4.77721,3.64001
4.01208,3.72349,2.98445,3.64889,2.62464,5.22209,3.09235,3.07392,3.36331,2.91636
4.63563,3.51686,5.1822,6.92908,5.6767,2.64545,3.72689,3.09844,3.33774,2.35754
3.14656,4.04017,4.10458,4.0044,3.6905,3.02889,3.50095,4.5805,3.90359,3.24834
2.03273,3.46056,3.83382,4.96486,3.41089,4.26009,4.17197,4.51444,4.10903,3.75889
6.31438,3.64971,5.49384,4.87934,3.0817,3.95265,3.62264,6.19271,2.98538,3.62724
5.62763,4.02155,4.87459,3.42513,3.56503,3.71247,3.81124,3.293,5.42599,3.71066
3.22988,4.65681,2.86086,4.42907,4.47111,3.54649,5.6496,4.78524,3.21407,4.94747
5.8617,2.86617,3.37276,3.28107,3.77457,5.27368,3.53675,6.12301,4.93914,3.70005
2.60502,3.7948,3.54119,2.45024,4.66193,4.4125,3.34842,3.82076,4.96877,4.84658
6.59726,3.9601,3.37822,4.74795,5.04006,3.36076,4.48082,4.05365,3.95038,3.0545
4.71311,2.17489,4.3837,2.33409,3.48355,3.53143,5.27478,3.59062,4.99931,3.41379
5.7227,3.4053,4.73121,3.48653,3.96354,3.89723,3.61362,3.53323,4.96878,2.58067
2.08299,4.8914,3.28864,4.71749,3.77542,3.53257,3.51741,4.03627,3.63453,4.4295
3.8331,4.85295,4.01563,3.30348,3.69035,3.81145,3.54166,3.00172,2.96497,4.52233
2.37468,4.42414,4.77207,3.79951,3.06365,2.14313,2.79508,5.05905,3.31698,4.11968
3.13164,5.80568,2.89295,2.91417,2.67983,0.517987,4.82883,3.27516,5.98003,3.05757
4.08886,4.20151,1.97123,5.15297,3.94033,3.71597,4.0866,4.06152,5.37917,4.12456
4.74046,4.50505,3.72839,4.3073,4.27513,3.51578,4.12865,4.5861,4.23641,4.08212
4.4425,3.96799,2.44406,3.48442,6.18393,4.21669,4.61458,4.67628,3.44568,1.90275
5.42387,4.42451,3.74302,3.78101,4.80467,2.18269,4.42184,3.04923,1.50552,4.25049
4.87994,4.16859,4.75718,5.79501,5.18157,4.55678,3.16982,4.32618,4.14998,3.00656
2.98935,4.91393,4.84231,2.78888,4.53324,3.45418,4.16615,5.24411,4.11043,5.97266
3.69605,3.66995,2.66572,5.06808,4.34857,2.01839,5.14036,4.63688,3.60655,2.65066
4.40164,3.9464,4.24912,3.64611,3.41173,3.64209,3.92039,3.3861,5.44967,4.48491
4.00038,4.62555,3.77768,5.2884,4.46772,2.38247,3.39563,6.10925,5.27667,3.11029
3.09873,4.61374,3.70015,3.51001,4.48508,3.93489,3.76165,4.92433,3.09758,4.47952
2.45871,4.5721,2.33741,3.34217,4.39985,3.63016,1.3232,2.60166,3.23459,4.47044
4.41787,2.1997,4.60948,3.19859,3.81463,3.65297,5.09019,4.53947,3.72059,5.04011
3.19527,4.39066,3.67306,2.6278,3.16066,3.29888,2.87565,4.03265,4.84224,3.57231
3.63733,2.84107,3.97291,4.32967,2.90195,3.60154,3.74598,6.42511,3.75372,4.86767
5.88539,4.86004,2.01745,4.42525,4.99312,4.86403,3.14547,5.04223,2.86997,3.76691
2.43237,5.80936,2.82641,3.7747,5.31264,2.35552,3.95946,4.46152,4.2071,4.22584
4.34962,4.77164,4.4056,4.5028,2.18077,3.8292,5.16949,3.23152,3.34682,3.77583
3.50068,4.37222,5.03837,4.72715,4.39113,2.36124,4.98995,2.93954,4.89121,4.19934
4.20992,6.23351,4.33859,1.96001,4.35156,5.08688,3.72203,4.13585,3.96021,4.09334
4.69696,5.1893,1.98717,3.59798,4.16797,4.18267,5.0602,2.99578,3.97982,4.24936
4.65483,5.46481,4.73347,3.44862,3.56113,5.45619,4.75072,5.6221,3.5605,2.34396
3.20614,4.38363,3.72418,4.10601,4.81864,2.56917,3.56447,3.52901,4.08571,4.02142
3.94753,3.18013,5.7843,4.8153,4.11135,4.21049,4.2225,5.11787,4.50831,5.39788
3.92341,2.69852,3.70458,3.7902,3.32919,4.67006,3.86076,4.64541,4.29101,3.31843
4.81966,4.06668,4.63976,2.54327,3.32802,5.17269,4.26889,1.83692,2.76802,3.57126
5.49483,2.16997,4.81632,5.07975,2.43274,5.93769,3.32189,2.97672,4.2917,4.47883
4.11756,5.54623,4.01811,4.06084,6.85948,3.71373,3.57272,3.98892,3.57615,2.1911
2.78799,2.68507,2.14392,3.73304,6.00497,2.86726,3.37064,3.03117,4.24558,3.64836
3.77722,3.85231,6.10663,3.44501,2.07572,3.7883,4.09439,4.40747,4.01638,1.90492
3.90036,3.42685,2.82167,6.23036,4.58164,5.21918,4.08873,4.72929,4.14792,4.27496
2.82526,3.60511,2.73073,3.41768,5.54817,4.7145,3.32362,4.32165,5.69806,4.82934
5.01816,3.87998,2.07845,4.51772,4.12429,3.20802,3.0372,6.01711,2.67475,3.67785
4.62348,4.10339,3.31203,3.42344,3.98706,4.83247,3.53492,3.76261,4.60839,3.66623
3.3004,3.53919,4.48832,3.00555,4.14217,4.04998,3.35194,4.04473,4.32117,3.83672
2.93072,3.93891,3.48853,3.0508,4.04037,2.19849,4.71099,3.52103,2.22777,2.21223
4.84714,2.50749,3.52673,5.41768,2.62787,3.04465,3.57177,3.50509,3.85791,5.18893
3.28029,3.66935,4.2594,3.42486,3.74881,5.39952,4.61565,4.31645,2.25927,3.55734
3.32477,3.99415,3.60623,5.3753,3.25901,5.40001,4.22019,4.78539,3.75937,2.75824
4.97236,3.34416,3.54807,6.93741,5.59226,3.85817,4.50836,2.58064,2.84894,5.05662
5.45799,3.59191,2.1611,3.88937,3.57368,1.94923,4.24652,3.8583,4.02186,5.14849
3.55959,4.20841,4.71357,4.29203,2.60575,2.59105,4.50722,3.45426,4.13143,2.73607
4.45701,2.93894,4.3058,3.24019,5.55863,4.72432,3.0995,5.04957,3.87617,2.82096
4.11933,5.50021,3.86148,2.95843,6.22098,3.38794,5.22593,2.57884,3.67195,4.52979
6.26141,3.93968,3.99391,3.82874,1.81468,2.00226,4.44467,3.88455,4.3753,2.64199
3.13395,4.99816,2.13863,5.2422,5.10302,4.42138,3.72111,4.43686,5.39146,4.02358
4.12861,3.97726,3.87798,4.1991,3.3073,4.06211,2.74047,3.83486,2.15072,4.83651
4.99911,4.224,3.38377,4.29822,3.75422,3.89276,5.04059,4.02066,4.04071,3.62878
3.3827,3.98033,1.50758,3.47974,2.21914,4.24609,3.98098,3.43539,4.83239,3.02428
4.4093,4.41969,4.19256,4.90469,3.45372,3.61566,4.53273,3.12317,3.55323,4.47593
1.75473,5.38152,2.17035,2.6181,2.99809,2.59386,5.35737,4.0457,5.20847,3.67921
3.65207,2.76925,3.79949,3.4765,3.71462,4.99785,4.63609,5.74386,3.18432,6.16316
4.86672,4.30209,6.04017,3.46129,4.04024,2.74183,3.98722,5.66029,3.85092,4.29869
5.41497,5.7537,3.53232,4.55144,3.76637,3.48835,2.75599,3.3151,3.48541,4.31008
4.08299,4.68296,3.85287,4.82089,4.68776,4.65422,2.63393,4.60332,3.5825,5.92785
5.6968,5.41563,4.04287,4.27497,3.88579,5.98432,3.51695,3.2765,2.96085,4.95139
3.12518,4.36827,5.46427,4.79972,3.94615,3.96408,3.98161,4.68999,3.3446,2.60048
3.83636,4.95739,2.90151,5.24855,3.51545,3.55262,4.35762,0.922919,4.50333,3.48041
5.26382,4.24649,3.49416,4.3625,4.11119,2.96798,5.39953,4.02896,2.07216,4.46503
3.32471,3.18575,4.69827,3.60658,4.20124,5.32516,4.52003,4.29071,4.71571,4.3842
4.05455,2.122,2.86773,3.82662,2.37538,4.74631,1.56207,4.97571,3.46874,2.10153
2.83481,4.81685,3.74329,2.64469,2.84625,3.33262,4.8407,4.55969,5.42199,4.34421
4.76931,4.10554,3.77437,3.55701,4.12978,4.18125,5.60634,4.76768,4.15664,4.50739
7.2183,6.15589,3.99118,4.80602,4.5614,4.76283,5.25837,3.97817,3.66039,4.02286
2.22462,1.98399,3.58352,4.12158,4.95518,4.37515,4.55227,4.27159,2.14604,3.93266
4.30877,3.70014,3.82015,3.02833,4.97507,3.81325,3.76336,4.69942,3.82721,4.80833
3.59825,3.0223,4.43389,3.34718,5.28588,2.12725,3.95965,2.99769,5.32467,4.33934
2.60681,3.26467,4.19484,3.28946,4.24434,4.0404,2.03002,3.97768,2.96953,4.10613
3.31568,5.47647,3.91835,6.2059,4.98418,4.70595,3.51023,3.39424,2.72624,4.26127
4.61181,4.15911,3.60488,2.7813,4.62523,4.5931,4.56125,3.36713,4.19914,5.57646
4.78752,5.42977,3.11978,3.91808,4.6385,2.7771,3.27252,5.60332,4.30414,4.11304
3.85593,2.98344,6.49992,5.01362,3.95621,2.43224,4.25843,3.08657,2.83089,4.38895
3.88525,3.07444,3.49787,3.71733,4.12347,3.97387,4.55762,4.66578,4.7047,2.14617
4.0399,5.35521,4.31405,4.45135,4.98967,4.74516,1.77843,4.99547,4.8448,3.66926
4.52697,5.34785,5.1582,3.49371,4.35315,4.27693,6.50519,3.34644,4.29527,4.90268
4.11981,2.39554,4.95542,4.26082,2.57183,4.00267,4.6922,4.98029,3.10786,4.82128
3.5668,4.39436,3.85744,3.29563,3.61061,4.27467,3.53832,4.7287,4.09905,4.16066
3.8452,4.40254,4.03535,3.69355,5.2422,4.58466,5.25524,5.12785,6.06642,5.97228
4.40854,2.46027,4.76631,3.56594,2.75411,4.00632,3.46662,5.11825,3.77267,3.99262
3.25413,3.84719,5.55453,3.46868,5.14877,2.53594,5.46687,4.03617,3.01166,2.2206
3.13098,3.02825,3.53526,3.24555,3.78502,3.78789,3.28638,4.11365,2.36262,2.80346
5.64967,5.1733,5.07291,4.93207,3.15413,4.11037,2.60202,3.16876,6.27814,5.1171
4.59209,3.81703,1.84721,2.94593,4.35287,4.39789,3.56557,3.75639,4.81921,3.11147
4.16073,4.52869,4.5175,1.31965,3.15147,3.88837,4.8435,4.95892,3.36514,2.48604
5.27496,5.15218,4.63761,3.76553,3.04361,5.49553,4.90601,3.73615,3.48455,3.14151
3.50895,3.76604,4.67633,4.22919,3.75676,2.60029,3.09105,4.98605,6.1937,3.72148
3.66763,3.13088,4.62711,3.22895,4.7459,3.42948,4.25471,3.56777,3.18545,4.12543
4.0712,2.81533,3.53142,6.18422,4.44831,3.73153,5.42786,2.39018,4.62321,4.45282
4.23158,5.94664,3.41669,4.9962,3.80952,4.36404,4.39661,4.36978,5.51372,3.81404
4.49354,5.79471,3.35934,4.4741,5.88542,4.48154,5.11871,3.9315,5.13841,5.0976
4.3422,3.0836,3.98863,4.71764,3.37899,3.39402,2.61455,4.77797,2.68804,3.99382
2.61992,5.14919,4.01881,3.32355,5.5607,4.47179,4.2139,3.07506,4.09186,3.76412
1.78998,4.45575,2.74778,4.47306,2.85785,4.26795,5.47189,4.7807,4.22143,6.64025
2.77334,2.23752,3.28207,3.6616,4.1456,3.04689,4.67583,5.88988,4.5947,1.07378
3.69149,3.7133,3.85524,2.51548,4.75057,5.08545,4.72235,7.27687,3.40412,3.11437
3.48125,2.84702,4.17221,3.205,3.2304,4.60281,3.34687,4.64192,4.37951,2.58286
3.36667,4.21163,1.96733,2.91608,3.62728,4.0317,3.74408,3.38912,4.17893,4.97657
3.73813,3.55517,4.01517,4.84896,3.36147,5.254,5.77886,3.11937,4.08383,4.44183
3.2138,4.99012,4.91591,5.49074,1.46581,3.68401,3.57539,4.40414,4.42037,5.28137
6.16617,4.84963,3.97727,4.73579,3.91017,5.1947,4.29967,2.7419,4.02476,4.09378
3.55103,1.08015,3.38827,3.9477,3.53906,2.96221,3.04747,3.34278,1.45532,3.79146
3.41099,5.43778,4.4007,4.59053,6.36461,2.95941,5.58017,3.42641,3.47165,3.45858
2.30236,3.58734,3.15202,3.34377,3.85953,4.19691,4.30322,3.27179,3.2286,6.6677
5.79371,3.13736,1.78715,3.14922,1.1586,2.74122,4.32773,4.47786,3.83446,4.05097
3.19834,2.67706,4.72721,2.9856,2.92798,3.75256,2.62558,4.79726,2.44373,5.6623
5.22465,4.34799,4.56285,2.77505,3.53312,2.34884,2.97864,3.02615,2.32631,3.88828
5.18275,4.8984,3.79589,2.34327,5.57325,4.57321,2.44542,5.24865,2.54602,3.30609
1.98419,3.49848,2.33886,6.53982,4.58901,2.60098,5.7399,4.49283,4.08019,3.95239
4.54273,4.97199,2.97837,5.23262,6.22023,3.19448,4.75653,4.33721,4.82185,4.29805
4.67353,5.13016,5.71027,4.63642,5.14774,4.09704,1.64361,4.24896,5.34944,4.93159
4.44604,3.28255,4.67606,4.1829,2.43102,3.93944,5.24249,4.50812,3.66341,3.70156
3.20741,4.37408,4.33818,4.06905,4.9753,4.08742,5.95275,6.14868,4.40512,3.80236
5.19401,4.02219,4.2451,3.81237,3.70233,1.78146,5.25277,4.73319,6.50208,3.20985
3.94946,3.62932,3.64437,4.76549,2.83735,2.36258,3.59956,5.21792,4.05487,4.70134
3.21568,4.27781,5.78205,3.8052,3.6897,3.7993,5.8768,3.27668,2.74106,3.45184
4.28577,3.3501,4.17028,3.9044,3.31888,2.4998,5.35528,3.58848,5.03782,2.95204
4.95513,6.28287,4.22612,4.01264,3.0671,3.11929,4.50245,5.06068,4.10398,4.58444
3.55324,4.87588,3.69992,3.5436,4.68874,3.73317,4.64884,4.53571,-0.0132781,4.82609
4.5303,3.67196,4.05357,3.08588,4.7543,3.97416,4.03073,3.00758,2.80115,4.24491
2.39927,4.95525,2.05916,4.99788,3.62372,4.71019,4.94024,3.25982,3.2706,2.62082
3.76465,5.01588,5.72746,5.45847,3.63241,4.32985,4.24544,3.83681,4.35401,6.13015
2.40293,4.29901,5.70638,3.76295,4.20197,4.40312,4.29656,2.42767,4.8552,4.40583
4.09662,5.67542,3.28431,2.50094,5.52938,2.99828,3.72261,3.80491,4.64928,5.44765
4.58457,4.30795,3.91017,4.05994,1.80755,5.0981,3.28238,3.39523,4.83851,3.69836
2.98314,4.44506,5.66508,2.42115,3.69849,3.43172,3.83867,4.35642,4.7115,3.84956
4.24416,2.19247,6.1121,3.25612,2.02837,4.04704,5.0837,3.80855,4.67191,3.38057
5.18182,3.26347,3.10718,4.80122,2.17787,3.56967,4.50745,4.6043,3.49527,4.21387
2.21356,2.35879,3.78042,3.44919,0.579737,5.01557,3.91442,2.64974,4.32849,5.62288
3.39704,2.03712,5.23669,4.82597,4.5476,4.99913,3.9951,4.35544,3.30708,4.21638
3.98116,2.35112,4.7081,3.99812,3.56802,4.41123,3.52086,4.20171,4.75221,3.36693
2.4719,2.78723,4.15846,3.50952,4.26021,3.7545,4.62827,4.65595,3.25507,1.69148
3.88203,4.40132,3.87673,3.05597,4.29842,3.00213,4.80887,3.75083,4.86682,6.8241
3.07413,4.20764,4.33602,4.03688,4.20155,4.12939,3.92388,3.47847,5.08049,4.8506
3.26932,3.65889,3.99117,3.04784,2.51763,2.35235,3.86475,5.83843,5.05157,3.10044
3.77168,3.3099,3.5772,3.81907,2.44178,2.84841,4.26698,3.35125,3.87528,4.90217
3.00706,4.0241,3.93919,4.32027,2.64326,2.70632,4.74906,5.00707,3.97589,3.30651
2.92579,6.35397,4.78102,4.3152,1.90325,2.57401,4.42505,4.34326,3.26578,4.80106
3.43633,4.57385,4.31302,4.13283,6.02791,4.94977,5.61755,3.93139,5.67041,3.40009
3.54014,4.15031,5.2699,4.11741,3.02355,2.33244,4.51843,3.81145,4.39977,3.02965
1.92952,6.1808,3.38538,2.49231,2.98762,3.79119,3.6699,3.28505,5.98875,5.12628
1.72211,3.85886,2.63064,2.48514,3.89511,4.75151,4.39369,3.25464,3.75705,4.5777
2.98784,2.93773,2.16625,5.32538,4.60539,2.99462,4.46695,5.1603,6.01612,4.97804
4.79869,5.03361,4.27247,2.79992,3.94123,4.69914,2.96583,3.709,5.85219,4.22917
3.01658,4.18146,2.93237,3.65191,4.80757,4.36904,4.52868,4.40432,5.28431,5.49929
3.6009,3.15638,3.62688,3.03448,4.41773,4.53285,4.84733,5.12037,5.34239,3.47444
3.09586,3.37683,3.34642,3.85155,2.97223,1.53041,3.8152,3.76671,4.52829,3.62457
5.07258,5.48615,4.2424,4.2977,2.4016,2.92349,4.18168,5.14105,3.56482,4.61306
4.2969,4.93769,2.8848,3.67402,3.73179,4.55911,4.98918,2.10308,4.62432,2.91308
4.73572,2.46772,1.40785,4.73523,4.83886,4.40708,5.35935,3.70473,4.98258,3.04478
3.25664,3.58652,2.8878,3.83658,3.10686,4.60558,4.83263,3.39664,4.03088,4.22876
2.97589,5.76757,4.68328,3.52121,3.98944,4.2536,2.35589,3.34927,1.86761,4.40696
1.94903,5.25173,4.06504,4.71998,3.89723,5.53463,4.41364,2.72476,4.62864,5.18626
3.54256,3.18526,3.68495,4.99907,5.47352,2.89415,4.2473,3.38975,5.12846,5.31958
3.42965,3.78809,4.11532,4.50258,5.03546,4.86184,4.15421,2.76865,3.14585,3.20057
2.78834,4.63423,4.41235,2.57313,3.49546,4.87654,3.21625,5.26354,5.54119,2.90917
3.26433,2.69952,4.79713,5.89849,3.57918,1.91569,4.74265,5.09784,4.66706,3.74171
5.27185,3.20996,4.38738,3.82599,2.65609,4.28333,3.62942,4.49214,5.46748,4.23418
4.57326,4.93568,4.52416,4.05072,3.67799,4.36015,2.86825,4.54859,3.93003,4.09233
4.32684,4.17997,3.42697,3.33343,2.98342,5.06362,5.42915,4.38386,3.58911,2.82462
3.93311,5.17949,3.73533,3.07689,5.08457,5.42952,3.00241,3.17772,3.09685,4.82665
1.89938,4.57833,3.28961,4.62562,4.46952,3.63682,5.406,3.27085,2.62493,4.16575
4.75856,3.34956,5.37174,2.52572,3.1515,3.95862,4.50398,4.07587,3.30801,2.1231
3.52886,5.28844,3.47236,3.4572,1.91055,3.09162,5.65408,4.03638,4.07384,6.06584
4.07143,3.87657,4.2554,3.07652,3.99826,2.9817,4.07369,3.31973,4.59361,3.68492
6.27676,4.44172,2.94489,5.11388,5.56725,3.9943,1.9011,1.51887,3.33112,2.86337
2.76784,4.01748,4.47182,4.21786,3.88401,3.69743,4.89075,3.37933,3.7409,4.78837
3.21979,4.60541,2.0751,5.25222,4.80835,3.54363,4.80891,4.79506,3.95874,3.41421
1.83685,3.31087,3.28428,3.3172,4.11183,3.15411,4.99339,3.22211,4.89256,4.18645
3.25549,3.41234,3.64717,2.27986,3.1561,4.06049,3.00223,2.81976,2.7968,3.67843
3.91414,3.14321,0.5157,4.25939,2.12996,5.15465,2.20086,4.73188,4.34252,4.80889
3.3174,2.73666,2.14055,4.18879,3.99089,3.34597,7.02457,3.05633,3.11711,2.30825
4.00349,3.97333,4.16536,4.26596,4.68821,3.54059,3.50377,3.59971,4.21274,4.94803
3.56401,3.49144,4.39923,4.40027,5.79174,4.13609,2.6421,4.24893,3.66939,5.04076
3.74539,4.46644,3.90106,5.06869,2.81402,3.8008,3.74479,3.88928,3.31473,2.39185
3.43092,3.53609,4.36063,4.12704,3.19143,5.37733,3.07205,3.76506,4.0376,3.67792
4.13561,4.7008,2.24071,4.45209,5.10964,3.52727,4.97869,4.79368,3.0056,3.9932
4.04807,5.13004,2.94349,2.32735,5.16246,4.34497,2.70298,4.91201,4.55202,4.58844
3.53509,3.79457,3.87326,4.77081,4.64307,5.11607,3.76435,5.58754,3.82537,5.25203
2.39167,4.50205,4.79399,5.0492,4.0292,4.04045,3.79711,3.17559,3.21902,5.0474
3.1584,3.75158,4.07135,4.18502,1.22227,4.90625,5.31885,5.58352,3.89805,3.88669
4.18198,3.6282,2.64169,2.45092,4.06146,4.45929,5.41704,4.39277,1.98634,4.7108
6.09023,2.84457,4.8276,4.93607,5.06122,3.46445,3.47772,5.19671,4.97307,4.17591
3.98761,3.2221,2.4428,4.34881,5.27928,4.65747,4.85593,4.305,3.82434,3.39971
4.48494,4.16659,4.52555,4.5187,3.06838,3.06161,2.57818,4.50929,2.87167,2.69571
6.17109,3.68771,2.83041,4.52617,4.83212,2.87977,3.72288,3.20863,1.66818,4.91422
3.12923,3.58955,4.09706,3.19702,5.05849,4.95223,5.67986,4.73939,2.29933,4.09604
2.51497,3.83943,2.99268,2.60336,2.92985,4.01249,3.25045,4.85418,4.93009,3.98849
4.01031,1.99642,4.37672,4.67688,5.42999,3.22468,4.27876,4.85897,3.96477,4.59977
4.57226,4.32335,3.84983,3.69124,5.72162,3.72515,4.78442,4.22473,3.56066,4.34487
4.50199,4.06288,3.34481,4.84479,4.23178,3.69133,5.26381,3.75432,3.30591,5.43983
4.11336,5.05492,4.28012,4.38819,4.54454,4.97243,3.43201,4.12541,3.5118,3.18653
3.02698,4.28457,3.14459,3.19358,3.388,4.33025,4.18673,3.84254,3.16844,3.00215
3.08862,5.70495,3.48402,4.90268,4.93399,3.81472,3.89038,3.11073,4.50336,5.30205
4.99535,3.70768,4.82525,6.2997,6.26721,3.98926,4.9263,4.15501,4.06473,3.56699
3.24137,2.91558,4.507,2.17118,2.92565,5.90338,4.55562,4.98824,4.33117,4.77918
4.80617,3.72037,3.47381,3.84603,1.72743,2.92847,4.6839,3.44416,3.38173,4.73629
4.44773,4.49596,3.94089,2.44598,4.65664,3.40409,3.3423,2.76064,3.66595,4.22915
4.00917,2.85636,3.53608,4.35972,4.83354,4.97785,3.50657,4.70816,3.977,4.52685
3.52032,2.94002,4.18851,3.67589,5.44535,4.46918,3.84252,3.91572,3.87784,5.05315
3.80521,3.72428,5.22847,1.49103,3.09858,3.39357,4.07482,3.97946,3.01191,3.97953
4.46247,3.9649,3.54624,4.44944,4.11808,1.97288,3.25246,2.50596,4.17467,2.90133
4.18257,4.39815,1.83298,2.84665,5.29737,3.28067,4.0631,4.45842,4.41907,2.99388
4.31837,3.27736,4.30275,3.67206,3.4668,4.8739,4.61259,5.50667,4.18876,4.67601
4.17477,3.71662,3.89551,3.69859,4.42079,4.64585,4.53144,3.01904,4.56899,4.70925
4.53101,4.33275,2.60578,3.62285,3.90497,3.49472,3.12682,3.33928,3.38519,3.83999
4.11077,3.27901,4.54081,4.20626,3.64801,3.60387,3.56814,4.8666,1.80826,4.04825
4.69371,3.53039,3.29681,5.067,3.89127,3.99126,5.22416,4.49159,3.27483,1.95938
3.02541,3.65649,4.10881,5.24533,1.67743,4.24647,2.69324,5.39523,4.87641,3.43656
3.42759,4.76991,5.5406,3.45847,4.44021,3.71042,4.62774,2.07585,2.73524,3.8754
3.13752,4.41183,2.99644,4.38845,2.24393,3.90596,5.27487,4.22469,3.62678,2.25262
4.97367,4.34095,3.68804,4.26286,4.5693,3.63312,3.25843,3.75082,2.74479,2.81928
3.44274,3.29355,4.95428,3.30471,5.15039,2.56199,3.24896,4.19885,5.4955,4.4455
3.78101,3.43022,4.40008,3.9842,3.38358,2.91693,4.96332,5.54368,4.47951,5.00087
2.89721,4.24122,6.36193,6.36652,4.00326,2.4802,4.52825,5.10727,3.81107,4.2501
4.44723,4.11239,3.30667,6.08464,2.04548,3.61777,3.8988,4.66651,4.6157,3.76602
5.07529,3.70634,4.10821,4.16231,3.65693,4.02551,4.38475,4.28969,2.37268,4.84807
5.52691,3.98585,4.24452,4.41003,3.31975,3.81642,4.57419,4.64741,4.86147,3.74931
5.2899,2.88114,1.57482,2.91436,2.12225,4.73715,4.69695,4.1006,4.07846,3.25986
4.84567,2.68414,3.83277,3.38864,3.42727,3.33015,4.21299,3.42622,5.38721,4.33852
4.97764,4.89673,4.51025,3.97701,3.87082,4.73351,3.11088,3.53784,4.55566,4.28965
3.39263,3.7583,4.9261,5.13281,4.72597,3.90473,4.5404,3.30783,4.49769,5.78083
3.0408,4.08674,3.17977,3.45594,2.78746,3.06603,4.91387,3.97574,3.57177,5.18816
4.95811,4.85815,2.87888,4.45387,4.78825,3.33338,3.73668,4.8771,3.88254,4.99676
4.61051,4.45265,2.91418,2.99111,3.94452,3.47401,4.19545,3.88382,4.36562,3.55454
3.89093,1.71273,3.03082,3.95125,4.35976,4.23446,2.17325,4.29648,3.34406,5.34031
3.93334,3.75342,4.50753,5.47854,6.47945,2.21994,5.0925,4.74046,4.58165,4.90232
4.50829,4.71892,4.47357,3.99685,4.98192,6.12505,4.50274,3.63562,4.19395,3.00818
4.92473,4.84709,4.22999,4.01863,3.80245,2.04309,3.95045,5.1681,2.37915,3.20513
5.31641,3.85729,4.16542,4.21389,3.00727,4.89749,4.41589,3.97413,5.43324,4.42557
2.93556,4.89016,3.41098,4.84744,3.5171,5.26872,5.42816,3.45789,6.13763,4.83312
3.34163,3.29071,4.23947,5.03024,5.03116,4.97537,4.56258,3.6797,4.17963,3.97338
2.53518,4.03719,4.5966,2.58524,5.02399,4.53621,2.26422,3.26628,3.78021,4.47924
3.81977,4.1272,3.94926,4.94575,2.76319,3.88041,6.69373,3.36844,5.52112,3.92711
4.46605,4.76702,4.00182,5.76335,3.89743,4.85915,4.38683,4.6671,2.90814,4.3564
3.65414,2.72667,6.90702,4.40796,4.1357,5.85634,4.3982,3.28474,4.78549,3.65385
2.54205,4.52983,2.73,5.02597,3.78104,3.65188,3.24549,2.94726,2.93652,4.16298
2.80043,4.93087,5.03166,4.75372,5.44991,3.6739,2.62449,3.58159,4.73124,3.12815
2.46385,5.12653,3.71324,2.52762,4.04082,3.27298,3.95047,4.14012,5.88463,4.18946
4.02135,2.46264,4.97044,3.35965,5.39838,2.1505,2.70871,4.90041,4.87607,6.0539
1.81674,4.67813,3.26107,5.0829,4.03916,3.7677,4.97366,3.40052,5.64744,6.29197
4.92891,3.35257,5.04284,4.99894,3.70554,4.59062,3.00011,3.24575,3.50573,3.08912
2.22897,3.51388,5.20181,4.04259,3.87493,3.65696,4.05822,3.21809,5.20789,3.28661
3.85063,2.66646,4.00564,5.69638,4.98975,3.99516,4.19372,3.18259,2.57988,3.95343
3.42865,3.5283,3.22054,4.17857,3.16922,4.66844,2.60412,2.62652,3.78203,4.24563
4.17512,3.8236,3.25003,4.94118,3.68458,5.25789,3.77027,4.44747,2.90745,4.65964
3.97171,3.70393,4.30642,4.35487,4.83745,4.78546,3.86799,4.62734,0.900635,2.70953
5.80197,2.93225,3.518,2.98428,5.19904,3.35546,4.66359,3.14237,4.95646,4.23818
2.89867,3.87059,3.77025,3.21204,2.22192,2.5736,3.31954,4.53577,4.84471,3.14799
4.83775,4.97542,3.148,4.21038,2.9269,3.20583,4.46412,3.70786,5.47759,2.08695
3.80817,3.74478,4.6747,4.58803,2.41239,2.96223,4.06612,1.34978,5.28142,4.75312
6.1001,2.43752,3.82772,3.15688,4.37145,1.76519,3.98019,5.20816,4.84371,4.11682
2.51106,2.68307,3.62608,3.81879,2.6849,1.81817,3.67198,3.87603,4.31128,4.29299
5.70663,2.8435,4.51334,4.86515,2.63727,5.92756,2.48282,3.64083,4.28505,3.60026
4.84903,5.97516,3.50591,3.12792,4.24464,3.37539,2.38987,5.27085,2.67043,4.45047
4.2533,4.02359,5.50139,2.67258,3.59183,6.17005,3.2349,3.44192,3.07807,4.41594
5.2248,4.21604,4.69557,3.7561,2.37296,2.61069,3.36991,3.46021,4.62727,5.75642
4.53763,4.58299,4.25726,2.16322,3.26187,4.74117,3.28061,4.46027,5.5798,1.51779
3.74749,3.83692,4.59031,2.05555,3.33239,3.67391,4.19584,3.24577,4.44003,4.09533
5.74775,3.08499,5.05625,4.8042,4.65929,4.66844,3.34784,4.9162,3.81893,4.3443
4.10787,4.88887,2.70822,4.41781,4.32426,3.46367,4.24266,4.4831,2.62814,4.01446
3.34696,4.13691,3.2601,3.87371,3.83677,5.61515,2.66464,6.28705,4.04503,5.17989
3.97228,5.29124,5.89532,3.60161,3.12943,3.89875,3.10987,2.7022,2.56392,4.78785
3.75572,3.65655,4.81846,2.58321,3.87704,4.49311,5.3867,2.00108,5.70454,4.51962
3.45023,4.67268,3.1032,3.45616,4.15076,2.34553,4.78169,2.62649,3.73723,5.56838
2.24884,3.54109,4.37585,4.97971,4.10246,3.75642,1.8244,2.73439,4.02929,3.6773
3.11396,4.14797,4.46037,5.07784,4.9609,4.68654,3.5069,3.86078,2.77326,4.51541
4.22847,5.36227,4.32955,4.19087,3.66251,4.82066,5.46333,3.15394,3.86465,4.73183
3.4613,2.85395,2.47263,4.60025,2.58971,2.18777,3.20202,2.9585,3.713,6.49707
4.71002,4.37312,2.40163,1.29771,3.53505,1.71621,3.19863,3.4697,4.2672,3.8838
3.92707,4.52873,3.64911,5.72408,4.72634,4.22885,5.00076,4.95152,4.12589,4.45363
5.09153,5.72798,5.32911,3.84761,5.37699,5.19584,4.18577,2.3286,2.93103,4.71418
2.7951,5.51927,5.6327,4.41671,5.45107,4.16958,5.7657,2.5468,4.08367,4.64348
4.48597,3.27701,4.14345,3.69712,4.79237,3.56481,3.31335,2.50685,2.45464,1.98613
4.71918,3.58689,3.33551,3.76816,5.10496,2.84723,1.77753,3.11002,3.40506,3.39589
3.49584,2.87412,4.83361,5.09654,2.61136,5.15553,3.89656,4.29103,4.47243,4.47473
3.97395,3.83361,3.50165,5.07532,3.82984,4.8649,4.71609,3.95363,5.85228,6.47349
2.54925,3.64274,4.21156,4.32977,2.30164,3.24186,2.73293,1.75933,5.13469,2.1422
4.02748,2.81974,3.60121,3.998,2.36978,4.45498,4.89299,3.23338,2.44179,4.85186
4.38309,4.03877,3.89824,4.90098,5.74401,4.19904,2.79274,3.88566,5.43579,3.17866
3.42702,5.36411,3.92196,3.0011,3.24875,2.6355,4.6567,4.83023,3.99961,4.44544
3.93918,3.87345,2.37855,6.3905,2.62679,3.76978,2.42465,2.84582,4.63099,3.68219
4.39065,4.88506,3.78877,4.20237,4.89173,4.79151,4.2304,2.78322,5.22788,4.20009
3.65819,6.89987,5.19141,4.10139,5.25561,4.26849,4.28447,1.93536,5.01151,5.63428
2.99858,4.2239,3.59353,4.0701,3.83522,4.00704,5.0248,4.19921,3.66891,6.4508
5.00945,6.22361,4.56557,4.68968,3.56724,4.03068,5.8368,2.64294,4.09084,3.68302
4.46584,5.31435,3.09423,3.77354,4.16416,4.06985,3.88471,3.56807,1.99547,2.96809
4.40356,4.57603,3.8674,1.88202,4.49796,2.15445,3.49836,4.18899,4.79366,4.6052
4.17345,3.70562,3.84141,5.23011,4.7658,5.02386,4.80083,2.24276,3.76983,4.91265
4.50306,2.26182,3.04559,3.97339,6.24523,4.34791,4.62665,5.50196,6.19673,2.82084
5.13699,4.23641,2.27129,4.29702,1.64401,6.17679,3.49387,4.11352,2.51678,3.79971
2.8706,5.80642,3.40931,3.64983,4.86525,4.94973,3.47708,3.70278,3.86479,3.08634
4.04283,4.93472,3.35479,3.19206,0.341521,4.69706,3.90715,4.03686,5.29961,4.15258
3.14797,3.22064,3.92366,3.13458,4.61673,3.78391,4.49323,2.70554,5.5128,3.98999
5.09367,2.57617,3.15408,4.79939,4.14079,3.06211,5.28335,3.95999,4.10029,2.76451
3.11405,3.25339,4.02768,3.91386,4.57696,3.43571,3.17655,3.20487,3.7466,3.1448
4.43673,3.89777,4.72848,5.00734,2.86622,4.68988,4.07214,4.16368,4.38018,3.65794
4.2731,5.49884,3.75089,6.0614,3.51274,3.82418,4.43165,5.04122,3.74115,3.32418
4.38946,4.58011,2.28489,4.24601,3.07682,4.4563,2.45566,3.01138,5.14847,3.95538
4.42206,3.60531,2.73192,3.30577,2.06359,2.31048,3.29285,2.6814,4.91934,2.70979
3.87539,3.21261,4.44329,5.10309,5.71517,3.46782,3.75139,2.00201,2.38856,3.84636
4.19901,2.61881,2.33767,3.5975,5.86225,3.83334,4.98817,3.92433,4.22181,2.43833
3.93736,5.28327,4.64971,3.60277,4.79195,3.51143,4.56875,2.97715,4.02276,3.56076
2.95347,2.2304,3.8463,4.62392,3.14418,4.29673,4.24955,2.70213,6.06427,3.2544
4.71275,4.01009,2.95475,5.16042,4.79901,3.07064,5.98279,3.24494,5.29088,3.95421
2.65803,2.84065,3.32634,5.04543,4.39518,3.46892,5.48105,3.25548,4.56174,4.69687
2.93627,1.99974,3.01525,3.90976,3.09329,2.06883,4.67544,4.03428,5.46101,3.34202
2.01705,4.74734,4.25233,6.6961,3.29156,3.8691,1.80607,3.22718,4.93356,1.60247
2.77239,3.82593,4.234,4.18682,1.83108,6.45143,3.13194,4.70329,4.44647,3.65857
3.70036,4.68957,4.01722,5.62467,3.25075,2.7786,3.47857,4.90697,2.49821,2.33693
4.58644,4.11378,4.46815,4.2637,4.18932,3.993,4.10499,3.00881,4.89048,5.07676
3.35255,4.40245,5.16194,4.43638,4.93541,4.42755,4.85025,5.37776,3.62867,3.37282
5.97256,3.04704,4.50946,5.06012,4.30479,4.26093,4.92681,4.59206,4.61924,2.56831
5.14136,4.9082,5.57465,4.32365,2.98013,3.74596,3.27521,4.24797,5.40169,3.75349
2.72565,2.71329,3.69514,2.95932,4.9221,4.497,4.7229,3.75661,3.93376,5.74515
2.9958,2.65228,3.92353,2.50801,2.92158,3.9461,5.37257,5.10989,4.3051,4.08821
3.64132,4.5382,3.97998,5.16742,2.93219,4.51977,3.919,4.41943,3.81928,5.88994
5.22643,3.67762,2.80484,3.05825,3.17097,3.83251,4.84341,2.61777,4.0972,4.50063
2.63446,3.61292,4.82722,5.80252,3.12485,5.26637,3.80219,3.5399,4.68415,3.95962
5.38055,4.48605,3.95086,3.928,6.34121,3.40621,4.55014,2.06941,3.68944,3.09152
2.50527,2.72307,4.59073,3.68094,3.72429,3.47951,4.02424,5.73718,3.69297,2.20249
5.19267,4.97313,4.69335,2.61172,4.41577,4.59082,1.91755,3.28517,4.26613,4.42793
4.28992,3.40195,4.74425,4.33942,3.02822,4.30757,3.84955,3.6614,4.33139,5.13409
2.51851,3.35261,2.76146,4.94916,3.38186,3.83705,3.09478,4.99823,3.79796,4.10908
4.96614,3.64303,3.23532,5.18528,2.99823,2.38937,4.51563,4.70383,3.00242,4.28406
2.57092,3.89884,1.95799,4.56761,3.51665,5.50402,3.55482,3.86606,4.0983,4.60237
3.94157,3.05738,4.56614,4.03094,2.88315,3.70734,3.06277,3.80626,4.40946,4.22423
2.82792,3.66972,4.61621,4.34358,5.2413,5.9408,6.08875,3.08061,4.44387,4.33079
3.91965,3.49398,3.66979,2.94351,4.4311,3.79545,4.69301,5.00823,5.26968,4.26228
5.06102,5.14897,4.8535,5.63285,3.53958,5.80712,3.54177,4.46771,3.43807,4.19163
3.99275,2.88775,4.45774,3.26146,4.6216,4.01731,3.56659,4.80683,4.33501,3.76785
3.81564,4.30643,4.17663,3.0797,4.37142,3.06765,4.77049,3.65287,2.99438,4.45241
5.22166,5.23893,2.92226,3.76165,4.13806,3.69161,2.39644,3.0563,3.02089,4.40356
4.10111,3.17327,3.30677,2.82804,4.91156,2.33059,4.39365,3.23656,4.02701,5.74399
4.54877,4.07992,5.07414,4.20012,3.84941,4.5061,2.68682,2.94908,4.29327,4.99774
4.44484,3.08035,3.93266,4.5544,1.94213,3.12696,4.22563,4.39865,4.63102,4.20702
2.38556,3.7243,3.99161,3.7408,2.55568,2.5458,3.77728,6.03774,1.61297,3.64059
4.22345,5.13198,4.90619,6.42536,4.88897,3.6474,5.34241,3.06759,4.98101,4.64739
4.93939,4.34349,4.38873,4.06253,5.04091,2.69785,3.62746,3.90771,3.44906,2.92684
3.20502,2.96336,1.3893,2.35068,2.53089,5.43205,3.83987,3.79924,4.36749,4.19478
3.04165,4.31005,3.62025,5.62039,3.61859,4.19567,3.13693,5.04788,3.70533,3.63979
4.55833,2.94981,4.73773,3.86765,2.87689,2.32733,4.89814,3.62505,3.80202,5.94134
3.33674,3.64474,5.57891,4.63674,4.46638,4.51145,5.11755,2.31878,5.1653,2.69651
3.01321,4.40771,4.44754,4.71423,3.91245,3.91177,4.46161,3.52012,5.36879,4.14064
2.67658,1.7751,5.70285,4.00242,3.65173,3.62033,3.6898,3.21731,4.17809,4.48593
3.22608,4.97331,4.99806,5.33525,4.34728,4.58558,5.18463,4.40666,4.25191,4.59248
6.04051,4.16724,3.57522,4.49416,4.4506,4.51509,4.46131,2.17052,5.80805,3.77915
6.14629,3.61465,3.58414,4.98144,2.74023,4.36504,4.34549,3.93933,3.69252,4.28568
3.02763,5.00643,2.22839,4.25646,4.45844,3.72277,3.2608,4.26356,2.04356,2.3809
3.85228,5.00813,6.56551,5.33881,4.0922,4.11987,4.17877,4.62882,4.21415,4.58837
4.35294,4.09976,4.64362,4.16309,5.59291,3.45388,3.91321,3.7494,2.43141,6.0104
3.11273,5.8074,5.27508,3.19439,4.55698,4.40242,3.07606,3.27655,4.93569,2.9522
4.85666,6.92644,4.08404,3.0182,4.0112,3.60373,3.14929,3.9022,4.84849,4.37578
6.32561,4.94507,3.04872,3.31133,4.60248,2.59687,2.67853,4.87446,3.7017,3.2993
2.74361,4.24684,5.09794,3.20519,3.32655,4.30285,5.67697,5.6079,4.51841,4.63589
4.67477,3.17292,4.24408,6.04696,5.68987,5.20778,5.92098,5.74433,4.32111,6.07476
3.87599,3.22279,3.50775,2.3788,2.37806,3.79073,3.80702,5.5445,3.37938,3.99676
5.90927,6.5703,5.18292,5.48347,3.16624,3.75042,3.88222,3.89331,3.43114,2.4835
2.29249,3.80732,2.78698,4.26966,4.71755,4.78509,2.48384,2.71332,2.07693,4.72194
3.24079,4.93817,3.89221,4.32646,4.03483,4.71192,3.80279,2.51285,4.71515,3.55941
3.0683,3.19083,3.44545,5.01766,4.21305,3.71986,4.14638,3.77648,3.05364,5.66988
4.62717,4.26494,2.7241,3.04152,4.03465,3.53279,3.20019,5.3556,4.59766,1.84339
3.77488,3.97615,4.6313,3.34953,3.95854,3.82106,4.82205,3.31051,3.94449,3.42241
4.32487,3.0471,4.46586,4.88379,2.43703,4.19493,5.32448,2.61934,4.30674,2.43376
2.13473,3.4386,3.77438,2.63477,4.73516,5.47561,3.68771,3.54927,3.34027,4.33763
4.11828,3.42754,3.96693,3.82723,2.99129,5.32604,4.44608,4.64702,3.96905,2.84212
3.37497,7.14034,4.46993,3.26829,4.88062,3.66665,5.12318,3.82046,5.77405,2.60982
4.05717,4.12581,3.73454,1.83669,2.90531,6.00581,3.76646,4.65971,3.07114,3.4511
3.45715,6.26344,4.72666,2.87584,4.93142,4.94209,4.65043,4.0395,4.34593,3.74822
3.71101,3.89096,3.65082,4.09934,5.0081,1.83484,4.06811,3.32031,4.83305,3.61741
2.17464,2.50637,4.5,3.89341,5.22892,4.90977,6.03507,4.08969,4.17512,3.78223
3.54529,2.16561,4.13861,4.80869,3.0801,2.62583,4.70403,4.59604,4.34158,4.41874
3.25258,2.78662,4.90488,4.20967,3.79976,4.34529,3.35998,4.26045,4.07754,1.83539
4.98016,5.72776,3.22309,3.5888,4.08667,2.08972,4.78847,4.42635,3.51994,4.43394
