10
5.11846,4.1293,3.62018,3.00667,3.48899,3.55355,2.96151,4.57732,1.7819,5.21349
3.04943,3.74289,3.89551,6.49557,4.1839,3.93279,3.99718,2.92128,4.26429,4.64996
4.20437,4.04861,5.19964,4.16694,2.3856,4.01236,3.16493,4.80828,4.44255,3.94781
4.8123,5.52627,4.34279,3.24563,5.07029,4.3691,3.98707,4.1966,3.39624,3.89497
3.36814,2.68834,4.23402,3.89941,3.29528,3.9745,3.38619,3.14956,4.30229,4.61327
3.48045,3.83567,3.51519,4.2061,2.88683,2.78112,3.00821,3.9193,5.05717,3.02065
2.9461,3.33701,5.30324,4.91456,5.4303,4.1254,2.88978,5.26659,2.69188,4.77442
2.88227,3.86025,6.03018,3.17926,4.31881,3.82793,4.4835,4.55005,3.68916,3.11122
3.77473,4.11308,6.0887,4.58757,4.65719,2.46608,4.14469,6.79294,1.82209,5.68471
4.96014,5.29934,2.99378,3.12937,4.45305,5.94166,3.8516,3.82048,3.10044,3.62044
4.06984,5.02625,4.36618,3.42852,4.7697,3.7907,4.34106,5.11091,4.00598,4.06293
2.62021,5.82263,2.78165,4.89233,5.17141,3.16945,4.67924,3.658,5.30106,4.04395
4.98361,5.67114,1.61321,5.53495,3.94998,4.02057,0.50356,4.26982,3.46459,5.83143
2.80747,5.49724,4.44154,4.09487,3.66649,4.50679,3.84039,4.75374,5.17857,4.56767
3.08146,4.13187,4.4267,4.73819,5.53536,3.15585,3.42236,2.50881,5.37523,4.36196
3.75128,3.5496,4.47249,3.68286,2.87523,5.54034,4.59223,3.81686,4.30545,2.95993
3.4867,5.8041,4.10985,3.52324,6.01484,2.67074,3.45372,5.14549,5.44052,1.29179
3.8054,3.49646,4.29666,3.55895,5.24905,2.76335,3.04026,4.62171,3.30541,4.38918
4.38045,6.59986,1.81851,3.2348,5.1439,4.67451,3.35054,3.80784,3.73039,3.9078
3.1235,5.22603,3.2173,4.05856,4.33206,4.95202,3.15485,4.41008,4.60624,4.84896
3.33717,4.04863,2.99679,3.72323,4.96409,4.03546,4.1969,5.15402,2.28083,3.44356
2.88527,3.98928,3.90791,5.23885,4.51546,2.24917,4.36407,2.33598,4.55076,5.57241
4.48171,2.61096,5.64236,5.90365,2.36893,2.38482,6.23706,4.13911,4.16849,4.29813
5.00561,4.40285,4.22789,4.61531,4.99479,2.29815,4.30549,4.17141,5.36932,2.83386
5.92382,4.43286,3.53442,6.04294,3.55075,4.10605,2.16552,4.61166,5.0535,2.99569
3.43359,2.61983,4.01944,5.48781,4.57516,3.90539,2.06821,5.05733,4.06974,3.63857
2.22665,2.28653,4.8881,5.30478,5.66328,4.50257,2.86338,3.16698,3.19566,3.37186
3.43105,3.58388,2.30698,5.78714,3.82305,4.75046,5.40339,5.36586,5.21292,4.29454
4.68373,3.74046,3.52176,3.46301,2.13517,1.47085,5.94377,2.9891,3.37797,3.1561
3.59931,4.5378,4.68231,3.18612,2.96626,4.52144,3.97374,3.09811,3.46202,4.18363
3.62847,3.56817,5.1086,4.87836,3.59014,2.72951,4.82478,1.86663,3.91674,3.86723
4.9938,3.1663,4.51414,3.33225,2.95565,3.3682,4.96818,6.8584,4.16454,3.31034
4.03211,2.54958,4.49707,4.07763,3.87881,2.28103,2.91616,4.22839,4.22294,4.12671
4.61082,4.96603,2.34553,3.84791,5.15467,5.22752,3.83367,2.916,4.41073,5.5619
3.59564,4.44227,3.80099,5.57987,3.4512,5.19304,3.64906,3.57024,4.14534,4.09176
4.01329,4.10661,3.30106,3.86774,3.60413,4.19787,4.17655,2.65054,5.20942,3.15255
5.12971,4.55986,3.49331,2.04146,3.51962,5.68433,3.3613,4.09368,5.04492,3.50682
4.66854,5.44154,3.78386,3.59737,1.79269,4.11037,4.75133,4.62264,4.91933,2.90679
3.90203,2.65095,3.55249,3.1762,3.62144,3.40894,3.14338,4.03535,2.86032,3.60616
5.85465,4.87243,2.91236,3.12809,4.38076,5.11959,4.04219,2.92265,2.42439,4.00723
4.12957,2.12963,4.96347,2.82736,3.04394,4.32776,4.59934,3.63214,3.98472,3.19216
5.39674,3.00843,2.88068,5.34652,4.37763,2.95929,5.53653,4.06599,4.23579,4.90913
4.44174,3.50834,4.08175,6.12237,6.36454,3.7139,2.53272,4.61332,5.09861,5.18463
3.89615,4.39114,2.4384,4.9242,5.0537,4.70841,4.2587,3.60831,3.60254,5.09349
5.20845,4.0581,3.46219,5.71337,5.14141,4.78533,3.80421,5.76062,4.20263,3.13173
5.48132,3.59644,5.28822,4.52117,6.24305,5.71473,3.74942,3.00925,3.20355,3.33888
4.89232,3.30191,4.44655,6.20036,3.71385,3.89428,4.05334,3.84613,3.34325,4.70859
4.13391,5.31444,3.2102,5.4128,5.24104,6.31634,4.55536,3.44849,2.1054,2.83299
6.14776,5.59108,3.4196,3.44074,3.92527,2.71535,4.80248,3.63015,4.28192,4.23746
5.73666,3.69422,5.22178,4.8324,3.43256,3.53177,3.92461,4.24917,3.1498,4.36977
2.89835,3.76493,4.64911,3.26468,5.40334,3.42555,3.358,2.83086,5.94066,2.83429
5.4666,1.87851,4.19016,4.43953,2.09921,4.63115,4.45117,3.27718,4.0804,6.13869
3.54616,5.97051,4.59052,3.25305,3.67799,3.51467,4.57475,4.44091,4.5747,4.3333
3.3106,3.19617,4.45319,3.07507,4.10135,5.53128,4.4878,3.19584,2.69756,3.08506
3.14316,3.85413,3.6368,2.97363,4.34223,5.25494,4.58153,4.00918,3.414,3.86965
4.63105,3.54679,3.65435,2.62098,2.28243,3.76287,6.0131,3.3926,3.83305,3.07011
5.08273,4.36198,4.68003,4.46242,4.1297,4.22111,3.68366,5.29336,4.71928,2.26978
4.68825,3.12508,3.42381,4.03714,4.2326,3.89704,2.40849,4.17424,3.51463,2.9487
3.23313,3.8012,3.87607,3.8406,4.20627,5.17555,5.10363,3.51271,4.43626,4.01422
4.38671,2.20142,2.71124,4.74615,4.05362,4.55947,3.76965,1.45318,2.40526,6.81614
3.40574,4.74432,5.75436,4.73762,4.72739,1.6587,5.8232,5.55436,3.48961,1.78231
2.60545,1.66281,3.45934,4.82776,2.94422,3.58833,3.83814,6.04406,4.12629,3.43234
2.67231,4.65194,3.11881,2.06324,4.19388,4.58512,2.90627,4.4,4.32529,3.62981
3.99128,4.22007,3.57946,3.27623,4.81199,4.22553,5.32973,3.81322,3.57725,4.70082
4.89058,2.88915,1.83972,3.97358,3.96556,4.70782,3.78798,3.67075,4.6746,3.99992
4.59279,5.17845,4.3323,4.03778,3.24212,4.64364,5.90235,4.24978,3.82196,1.91529
4.00998,4.69467,4.47776,7.23394,4.80162,5.08323,3.13118,4.56445,2.54948,4.2051
4.3071,4.68023,3.52893,2.59493,3.66554,4.48915,2.97153,2.88255,4.59723,3.30433
2.77289,4.02685,6.04911,2.62121,2.56881,2.94122,5.68375,3.0002,5.43426,2.93094
3.2229,4.64872,5.09114,2.6282,1.8014,4.52542,3.4386,5.07009,3.31386,4.14955
4.78134,3.10036,2.53472,3.6202,4.02056,3.50684,3.53038,5.01327,4.86951,3.64101
4.55764,3.91129,5.2074,3.41495,3.82451,1.86208,4.5898,3.25592,5.48179,4.40033
4.44782,4.94774,3.82433,3.46249,4.8616,5.06245,4.26902,5.7653,4.52742,4.35636
4.14587,2.89337,4.66062,2.08133,3.83085,3.77634,3.44122,4.06074,3.42217,3.01745
3.65853,4.73038,3.72901,3.07577,3.70166,4.3974,3.63156,4.50011,2.67857,4.33447
2.91589,3.02081,4.48546,3.55124,3.5997,2.06029,3.40749,4.31776,3.78354,6.19514
4.38866,2.53818,4.55635,4.41912,4.42935,3.01309,4.63326,5.31062,3.15381,5.19436
2.93038,1.98521,5.28722,2.60572,2.2459,3.60546,2.63591,4.94502,4.74178,2.53897
3.22336,4.05503,3.00272,4.71422,2.80095,5.90256,3.27148,3.67043,4.04779,3.09282
3.09271,2.81701,2.91824,4.29869,2.78813,5.75142,2.90093,5.72972,3.28164,3.90193
3.3122,5.38114,3.06513,5.28831,4.65234,5.27674,5.59402,4.44695,5.4081,4.3302
3.75019,4.34485,3.2991,4.20765,4.31725,4.32247,5.09903,5.52494,3.91048,4.82718
4.66162,2.99308,3.98828,4.73414,2.94614,4.68506,3.26982,2.35828,2.7171,4.92666
4.91398,4.42196,3.99031,3.91734,3.36948,2.92007,4.38663,4.49453,3.36465,2.58797
3.42279,3.48506,4.42508,5.5094,3.00351,3.95855,2.37009,3.41469,3.17628,4.81481
3.00209,3.03349,4.27109,4.23432,4.35807,3.31784,3.7847,4.48437,4.54846,2.50286
4.56648,3.61372,3.68023,2.945,5.01691,3.11193,5.36695,3.91247,3.01425,4.31777
4.53525,3.84528,4.78646,3.84929,2.86766,4.38234,4.2458,3.67116,2.70603,2.72282
3.77792,3.77055,4.91221,4.21554,4.39808,3.04429,2.81391,3.61422,4.6276,3.34598
3.41057,5.65961,4.42592,3.91531,4.51971,4.11075,3.66967,4.57354,4.35137,3.78376
3.1258,2.87568,3.78244,5.28269,3.78017,5.87005,6.34811,3.67922,6.21441,4.66204
4.67558,3.12248,4.6453,3.73205,3.71204,2.41001,3.91477,4.62982,3.27518,3.61962
4.44801,4.17722,3.26723,4.42218,5.44742,4.4693,3.97443,2.47624,4.03145,4.2195
4.8551,3.81742,4.29606,3.09594,4.09389,4.62165,3.5623,6.26097,2.62499,3.92808
3.33494,4.39077,2.46618,4.71809,4.01628,3.80534,5.18927,3.46437,4.88115,3.24433
3.35507,2.00848,4.19236,3.2465,3.1211,4.69208,5.66591,3.64877,4.17843,3.93487
3.8764,3.99958,4.28736,4.72207,5.4805,3.67385,4.26846,2.45728,3.39819,6.24356
4.61172,4.93464,4.26148,3.84146,3.83454,4.47968,5.24379,4.35054,5.72326,4.39874
5.04041,3.75214,4.93613,3.68188,5.42075,5.67073,4.14306,4.66393,3.70472,4.45423
3.2906,6.91179,1.42081,3.25369,4.00875,3.76458,2.99765,2.91448,4.08387,3.82526
3.8972,5.56574,2.81117,2.63219,3.75944,5.32088,6.33521,4.8524,3.18876,4.69189
4.01561,4.00827,3.18611,3.76981,3.67906,4.49221,6.83579,5.62711,3.21206,4.61867
2.33337,5.4187,6.92882,4.08297,3.55592,4.9204,3.91967,3.49262,5.60097,4.23352
4.41968,3.39826,4.35896,3.05077,2.82354,4.89134,3.63572,4.93279,1.87069,4.57985
3.73182,4.17274,5.4226,5.03499,3.53559,1.92251,4.00879,3.487,3.01692,4.10843
2.03786,3.49371,4.02082,3.56691,4.50971,5.01405,3.38264,4.84193,4.02854,2.83102
3.39059,3.21102,2.15276,5.70419,3.68866,2.35425,4.47485,5.17021,3.10348,4.37752
3.91973,2.98312,3.9426,3.64895,3.46155,4.59275,3.3488,3.95363,2.78251,4.81124
2.06528,4.17173,4.76297,3.77149,2.7996,3.83039,3.60535,3.9547,3.71678,6.58546
4.07061,4.27913,2.70945,4.36788,3.25529,2.40236,2.10978,4.54962,2.4806,3.57823
3.40994,5.13792,2.80615,4.55406,4.2809,2.58322,4.12745,5.35538,4.60589,3.47706
3.61138,4.00515,3.1008,3.04576,2.99818,1.69957,3.20753,4.17396,3.77724,4.54333
4.98803,4.13949,3.89392,3.86781,3.72747,3.83728,4.35997,3.56577,3.61578,4.59331
5.65902,4.23908,4.08872,4.84765,3.31357,3.67919,6.30148,4.22725,3.961,5.07326
2.19458,3.51114,6.23905,4.76079,4.32304,5.07937,4.1194,5.19958,4.85806,2.66905
4.28917,3.95755,3.03035,3.56107,3.27909,3.82151,4.38348,4.56442,4.02684,4.6759
4.79773,4.1143,2.10351,2.59984,3.41638,4.72375,5.74381,4.59755,4.84182,3.323
4.85786,3.89262,4.05847,4.01582,3.64335,4.25678,3.34946,3.75772,5.04825,5.58981
4.22775,4.60534,4.20308,3.60657,4.47975,3.7518,3.82687,4.75608,3.60341,4.06084
4.18245,3.54118,2.86097,4.95248,4.97048,5.04923,3.63837,3.91407,4.72373,1.83616
1.96007,6.32135,3.60783,4.03824,3.24279,3.50837,3.57699,4.54383,2.91962,2.51949
2.81333,5.18913,4.25948,2.29617,3.3567,2.88684,4.53993,4.78674,5.49455,2.95911
3.33869,3.98241,3.573,3.10125,3.44942,3.58997,3.68827,4.32214,4.43331,4.78489
3.27239,3.0009,2.3694,2.96659,4.85937,3.53784,3.45464,6.22491,3.05378,2.59091
4.72565,5.05117,3.737,2.76226,5.12515,2.52569,4.86408,4.31872,3.84519,4.24839
2.93376,4.87233,3.7031,4.33342,4.20102,4.05435,5.42154,3.17018,4.13986,4.6579
3.29791,2.50995,3.29132,2.31546,2.5797,3.12217,5.34553,4.81597,1.7192,2.6234
4.11224,3.02696,3.9357,3.5373,4.19087,2.8406,2.42568,2.43366,3.78079,4.34971
4.42596,3.69106,4.87018,3.84084,3.69854,2.80879,3.89196,4.30239,4.41997,3.01575
3.29648,4.38747,2.5831,3.50105,3.8433,4.21148,4.41516,3.66563,4.77727,2.69432
4.272,1.975,4.36321,4.50958,4.9226,3.80597,5.79185,4.39985,2.54799,2.57645
3.22781,1.25031,4.33298,4.13966,4.97662,3.23573,3.48399,2.82994,3.17878,3.05202
4.34263,4.00744,2.92566,3.62125,3.92886,4.31662,4.45335,4.47704,3.83417,5.23576
3.85883,1.65596,3.40659,6.87485,4.56081,4.46272,4.72009,3.91985,3.3757,3.24476
3.68328,2.96864,3.62322,3.05206,2.86432,3.53102,3.38181,5.89244,3.42303,3.39929
4.05289,4.46206,2.76235,3.55397,2.61574,4.44891,2.58648,3.28463,4.77049,4.15676
2.36189,3.17372,5.67957,3.06084,4.14983,2.16864,4.33809,5.07286,2.31435,2.9988
3.15171,2.66624,5.64691,3.28248,5.26004,4.25658,4.53252,3.20555,2.65129,4.47408
4.48966,5.60386,4.73193,4.44818,4.29113,2.41302,4.25263,4.87534,4.42654,4.99897
4.79037,3.87181,1.48274,5.5894,3.59396,4.05822,3.08621,3.40671,4.77834,3.05852
2.27496,3.77707,4.8236,4.92331,3.65557,4.77383,3.07737,2.59018,4.2284,2.1028
5.15246,4.88597,2.69148,3.87291,6.43564,4.41317,3.39475,2.4392,4.76844,3.62772
3.54076,3.9838,6.08891,4.8245,2.83318,5.44949,3.19995,5.03935,3.69148,3.87077
2.61712,3.75745,4.05459,4.11332,5.21961,4.83341,4.89047,3.64538,4.52478,6.09396
5.2975,4.03913,5.58245,2.62643,3.94582,4.1239,3.23374,6.1618,3.70364,2.83675
4.2724,3.38784,4.2429,5.18613,3.59838,2.80142,4.45409,5.35815,3.5951,4.06523
5.41335,3.6486,4.18646,3.5995,4.54308,6.28002,2.02987,3.71373,4.80642,3.95354
4.54041,2.27693,3.20169,1.93092,3.05943,7.00679,5.66649,3.71588,4.25696,6.61547
4.27361,4.05283,3.52867,6.1627,4.64034,5.09761,3.30311,5.23544,4.60734,3.36374
5.15675,2.74872,4.11756,3.36977,4.45261,4.81339,3.90095,2.6955,3.36041,5.37207
5.79116,2.59117,3.89297,3.38485,3.5737,3.48926,1.85173,3.86794,6.02753,3.52125
5.28391,4.49236,4.616,4.57489,6.16036,4.80773,5.21749,5.09944,3.10049,4.31898
2.23303,4.26766,4.2917,2.15427,2.67161,2.95804,3.81856,4.98084,4.46285,0.721925
4.30756,3.53136,3.93417,4.57934,4.77969,3.84987,4.98673,2.10723,4.50994,3.1795
5.22243,3.36009,3.63318,6.08042,4.2987,4.52305,4.75298,5.53774,2.39153,4.66232
4.55952,2.61432,3.92751,4.33869,3.25939,3.56952,4.10558,3.60681,2.79437,4.27321
1.83943,3.09012,2.8383,5.69643,3.57684,4.02359,2.59988,5.036,2.66666,6.07415
5.86142,4.22005,4.40332,4.84625,4.07302,3.09949,4.90429,3.03352,5.23961,3.14094
4.83469,3.56212,3.21239,3.39895,4.67238,4.02546,2.95459,3.8074,3.50731,3.8428
3.37877,3.9015,2.98349,2.84793,3.99294,4.3411,4.55147,3.20878,3.66711,3.42439
5.53704,4.43398,2.00112,2.76904,4.11284,4.4917,4.64398,2.58746,4.60815,4.47504
5.82109,5.39479,4.46857,4.83329,2.94051,4.74118,2.6451,4.19576,3.33351,3.83388
2.14653,3.84608,5.07761,6.37034,2.28089,5.11947,5.31152,3.96529,3.44136,4.68442
4.23301,3.45289,3.42904,2.86365,2.95316,4.9196,7.04841,4.7776,4.91486,5.52758
4.89291,3.8825,4.08484,1.6922,5.4401,4.17712,4.40087,4.67862,2.77811,5.03187
4.16779,2.73959,3.90458,4.52788,4.51598,3.0944,4.58531,4.61332,3.32591,2.69555
5.1836,2.95845,4.89051,4.36819,2.14464,2.90419,4.12474,3.16883,5.4196,3.28261
4.37575,3.52678,2.77475,4.04011,3.35015,5.62901,2.99949,3.05877,3.77084,3.07476
4.74817,4.06005,2.59074,5.59771,3.44664,3.04529,1.82125,4.00329,4.07027,5.64061
4.29207,4.34893,3.96372,4.62344,3.03946,4.56749,4.63272,5.08733,3.19609,2.52227
7.09077,4.59451,4.68165,3.4663,4.78423,3.63865,2.78875,4.02076,5.57764,3.24363
4.18154,5.69351,3.59361,5.81281,3.89082,4.99541,3.52474,3.3533,2.88218,2.63227
3.02927,3.80221,4.77931,2.37755,3.92322,2.99609,3.79152,2.50128,2.68839,4.54265
4.76849,4.63452,3.003,3.24092,5.2247,3.09987,4.78517,3.53626,3.3179,4.38243
5.36443,2.45255,4.52015,5.62602,1.43442,5.05412,4.51716,3.37302,4.37588,3.75971
5.19982,5.63779,4.75559,3.65115,1.68812,4.17277,5.5445,4.93991,3.49726,4.61973
5.22777,3.85917,3.06214,5.11006,1.90878,5.2478,3.49091,3.55804,4.28222,4.23705
4.08555,3.25241,5.73879,2.15565,4.10874,3.34073,3.48813,2.51817,4.53444,4.11568
5.09785,2.33084,3.49818,4.45546,4.84972,3.76311,3.06875,4.48526,4.0641,3.64811
3.64682,5.66725,4.41554,4.61974,2.47273,4.96029,3.10093,4.74093,4.672,2.8155
3.31874,1.25013,2.4975,4.27888,4.08351,3.08096,4.22095,3.78581,5.2313,3.98106
3.36171,3.70982,4.01482,4.45005,4.26572,3.33242,5.7075,4.53806,4.14302,3.91916
2.72221,4.65654,5.50555,5.28393,3.17322,4.42151,4.69594,1.91376,3.00447,5.12792
3.75124,3.45071,2.18048,3.71722,3.45067,3.32913,4.63817,2.67183,4.50253,3.35986
4.25473,3.06938,2.58639,3.06549,4.8863,3.24413,2.33848,3.39687,3.72101,4.2035
4.02168,4.05718,3.37038,4.47372,4.01608,2.62423,3.5035,3.55858,4.643,3.34957
3.06285,5.3142,4.02078,4.89047,3.30194,3.93007,4.34143,2.71215,3.9644,1.97361
3.73606,4.58482,5.63458,2.92713,5.33613,3.90257,4.0636,3.81789,4.11351,3.4255
4.5824,4.4697,3.61157,3.88544,3.27226,4.4553,3.91327,3.85853,4.9037,4.69245
0.986165,4.53196,5.05802,5.18604,3.18483,3.27569,0.849671,4.42842,3.13022,3.19954
4.49546,4.09502,4.0059,2.66246,4.69638,4.72349,5.29478,4.36735,3.87143,4.00482
4.70297,3.96049,2.35159,4.67942,5.31041,4.71336,4.27973,3.48333,3.69406,4.09754
1.77532,4.68434,3.43431,3.51961,3.55215,4.15669,4.06743,3.70883,4.8921,3.63515
3.78284,4.46597,4.0922,4.87349,4.40682,5.50353,3.80045,3.61171,4.70641,2.43464
3.93349,2.82176,5.31307,4.80541,3.16112,2.30501,4.13796,3.64224,5.32417,1.69706
3.18442,3.32374,4.31737,3.73583,3.26361,4.12552,3.88737,3.37725,2.16434,6.33184
4.80333,2.35413,3.3923,4.1053,2.89662,2.90017,2.2101,1.97659,3.02697,3.42217
4.29161,3.99869,3.24519,4.82784,3.23437,4.71861,6.16176,6.73996,4.92062,5.10501
4.17931,4.05559,4.42282,5.2336,3.59051,4.22715,6.44993,4.16759,3.38797,4.29671
3.73862,4.24698,4.18003,4.68048,3.11163,2.61914,3.99223,4.76901,5.31269,6.00263
5.79731,2.9021,3.42071,4.927,3.85591,3.89872,3.17018,3.47353,2.89698,4.70369
4.19849,4.88664,5.01784,3.76486,3.23011,5.68251,4.22893,2.55524,3.00025,3.68473
3.67977,2.57445,3.39039,4.83489,4.2367,3.76045,3.81947,3.83288,4.01942,4.79559
3.61078,4.65975,4.67127,3.44209,4.48046,3.53106,4.07094,4.23407,3.60795,4.71606
3.71293,3.46899,3.35006,3.43773,3.41176,3.37179,4.19836,1.65224,4.41624,5.15579
2.83421,3.63929,3.02429,4.4144,2.99507,4.13738,5.46916,4.49859,3.98265,4.25929
2.84745,3.16216,3.52881,1.61632,5.18283,4.60167,3.59422,4.07058,5.20961,4.77802
4.57842,4.65311,3.45818,3.96883,3.36336,5.05158,3.9931,3.45258,3.80236,4.23176
4.12448,5.97952,4.29358,2.99954,4.69106,5.04884,2.17931,4.89525,4.84382,2.62618
4.23085,5.04769,4.49397,5.00496,4.15502,3.425,4.4155,4.53577,4.02997,1.42446
5.02228,4.68126,5.87224,3.33084,4.36963,4.23301,3.40576,5.0237,5.85098,3.45
5.1634,4.61601,4.57541,4.59334,4.74669,2.84222,4.33817,5.15329,3.68121,3.75382
3.67671,3.8471,2.00475,5.8421,3.55109,5.87654,3.42409,3.07374,3.92935,5.03411
5.79818,3.47576,5.31663,1.7657,5.04795,4.29766,4.70852,3.49929,5.02711,4.2234
5.1378,4.49186,5.37713,3.14737,2.4282,4.7252,3.91451,2.88873,3.08943,1.65006
3.14557,4.09726,3.47998,3.79466,4.51851,4.79478,5.22133,6.15951,2.05498,3.57232
3.3359,3.66797,4.26407,4.38544,3.45428,3.99874,4.11115,3.22617,4.27687,3.50444
4.06054,4.21743,5.84586,5.07257,3.83937,4.11525,4.33028,2.9961,4.69663,4.56335
4.85308,3.12198,3.25133,4.12442,3.16546,2.9897,4.82791,3.87975,5.93582,5.2568
3.78856,4.19726,4.60624,3.59821,3.26909,4.78169,5.05742,4.61689,4.40545,5.53105
4.09185,2.9093,2.31909,2.57098,3.47393,2.88474,5.01464,3.373,4.808,3.89574
4.74011,4.76443,4.58409,4.95095,3.73345,2.34053,5.02027,4.46776,4.1462,4.18901
4.04591,4.30851,2.66646,4.30685,3.58027,3.9755,2.24283,3.19374,1.51423,2.08029
5.29888,5.12754,4.61069,3.63217,4.27549,4.6995,3.26939,3.33798,3.86331,4.42845
4.62836,4.85434,4.50604,3.82134,2.2107,3.43418,3.03188,3.1768,3.3019,3.31469
3.86751,4.49481,4.97823,5.36933,3.51274,5.07699,4.62254,3.30286,4.01679,5.25276
4.84268,4.6998,4.16741,3.09132,3.29741,3.96654,3.8362,3.03049,3.30399,4.1684
3.01304,3.51631,4.88393,3.88818,4.22026,2.15349,5.50645,4.3849,3.61452,5.12241
4.29196,2.92112,3.49426,4.82964,3.80149,5.43543,4.99859,4.12941,2.47747,3.69169
3.50975,5.11296,4.57746,4.50281,2.86347,4.40441,3.24441,5.29002,3.91858,2.69165
4.7129,2.94424,3.13896,5.47047,4.10724,4.43914,3.09376,5.45632,5.1997,4.10757
2.04549,3.17752,3.44439,2.66262,5.55532,3.19041,4.48871,5.73036,6.32682,5.82126
5.07051,3.51415,3.44935,4.68842,3.91012,2.57951,3.70243,3.83034,4.3334,3.60548
3.59323,4.36468,5.22344,3.76432,2.46973,1.93944,2.57284,3.51628,3.91739,2.41734
4.91558,4.26697,7.08364,3.31831,1.33529,4.99715,3.27976,3.10759,4.89798,4.35941
2.2594,3.25483,4.70954,5.219,4.48545,4.395,4.58602,4.35461,4.04439,4.76304
2.64741,2.79034,1.66179,4.93405,4.04891,4.81727,4.39408,3.63142,4.23054,2.6577
5.07508,3.19397,4.44599,4.65472,4.47619,4.93165,4.22366,2.9753,1.64886,3.72864
3.7298,3.87243,5.34458,4.82894,3.8741,5.35292,4.42713,1.91979,5.78968,2.80251
3.27757,2.02608,2.69563,4.45716,5.26109,3.42215,4.79653,2.60028,3.8645,4.8789
4.72333,5.86883,3.72409,3.05959,3.8264,2.41401,4.18569,4.06352,4.16403,4.64061
3.93333,4.00661,2.90142,2.77068,4.91295,3.36062,4.86146,3.46913,4.15413,1.51446
4.43681,2.95436,4.80398,1.38984,4.58319,4.6903,2.35394,4.96291,2.33388,4.27292
3.76093,3.46004,4.58852,3.04341,4.93117,2.04891,3.66316,6.27381,5.28026,3.21768
2.60918,2.15137,4.46667,5.37703,1.49214,5.22538,4.86416,5.2984,2.4097,1.65296
3.66393,4.95162,4.43783,2.65451,2.79135,4.85196,4.11401,3.62952,4.67553,4.49333
4.09958,2.9875,3.55596,4.60634,4.11282,3.04282,3.65737,4.62706,4.69527,4.67101
4.74173,3.70013,6.52527,5.52068,2.91789,3.8514,5.43155,4.72468,5.01125,4.94124
3.92251,5.06803,5.2574,4.659,4.7983,5.60126,5.30186,4.39141,3.32528,1.90378
2.70224,4.72295,4.61762,2.40994,4.86504,3.38156,4.57991,3.69767,2.31737,4.48317
2.85187,3.0729,3.6858,3.09207,4.79424,4.7073,4.82034,5.69504,3.63081,4.37922
3.87436,4.30962,4.3546,3.78625,2.7673,4.79513,5.35224,3.85524,2.63075,4.98725
3.51626,4.10809,4.22991,0.94875,3.5569,5.55825,4.14572,1.74904,3.67071,4.06275
4.34615,4.68829,1.33295,3.50475,3.40804,5.28257,4.7212,4.45561,4.48899,3.52686
2.48686,3.95827,3.42748,5.0136,3.56729,4.82895,2.78369,3.63758,4.45608,3.29543
4.99061,3.42798,3.06803,4.18135,1.75663,4.22274,2.72875,3.36578,2.25227,4.81396
3.70472,6.29659,4.86667,1.96572,1.91537,3.33445,3.4783,5.70675,3.60512,2.77156
4.95808,2.97762,3.69556,3.64075,3.13603,4.04079,3.8442,3.03627,5.32341,4.77627
5.49809,3.69041,3.83806,3.61772,4.27642,2.63465,3.52994,3.40835,3.79451,3.01619
4.80252,1.77534,2.84406,4.25437,3.75668,3.19584,5.43196,4.83031,3.68512,4.53549
3.47915,5.9887,4.3952,3.29506,4.36352,3.94712,3.62881,5.69707,3.81786,2.55841
4.36653,3.45322,6.844,6.5127,4.40244,4.40557,4.66367,4.27655,3.98761,2.55086
5.45793,4.72936,3.56338,4.36015,5.40744,4.73709,5.00521,2.76102,4.25092,5.2431
3.03939,4.05805,4.75643,3.70814,0.81779,5.5836,3.85412,4.2048,4.53176,5.26565
4.22937,4.48987,3.94367,3.91914,4.47131,2.48466,2.94733,3.18053,3.67047,4.90231
2.97516,3.55163,3.8324,4.28227,3.00147,4.10039,5.57493,3.6423,6.265,6.3454
3.95206,4.97586,3.88821,3.45229,3.86818,3.78127,3.86176,3.83222,3.73194,4.46367
3.928,3.83093,4.05709,5.08113,4.27467,3.52517,2.31606,5.0651,4.80176,4.50082
4.22012,4.58554,3.5975,5.24045,3.68137,5.0187,5.60508,1.80132,3.60449,6.06763
5.987,4.13437,4.16623,5.18516,3.40391,4.97046,3.35431,5.12633,3.94114,3.62245
2.42158,4.03569,4.7926,2.97474,3.12868,3.47942,3.28132,3.29846,5.47242,3.06579
3.14471,4.49694,4.81808,1.81265,3.47313,4.32491,4.23024,3.84627,4.42897,4.15029
5.03238,2.15976,4.64203,4.07364,4.97844,5.18197,2.72975,5.52602,3.57778,4.22319
3.22123,3.93034,2.62225,3.80752,4.27162,3.5712,3.78831,2.72742,4.95029,4.51709
3.72129,3.67678,4.86668,4.87924,3.11532,6.28946,4.0107,5.42869,4.44268,5.09225
4.37866,1.7191,4.11557,4.02632,1.64156,4.35107,2.92038,2.91317,4.67285,3.99599
5.51506,6.25364,3.55529,5.12647,3.80233,6.10348,3.38661,4.40039,5.66772,1.51746
1.18351,3.61219,3.54468,5.52623,3.69884,5.1524,4.21617,2.64426,2.93317,4.48249
4.86343,4.81337,4.89875,4.54976,3.38514,3.72735,0.983949,5.15354,4.2764,5.0191
4.83971,4.72469,5.30314,3.03274,3.38723,3.27107,4.96064,2.5409,4.9828,3.31233
2.92063,6.57527,2.87687,3.68316,3.40949,3.70486,3.39393,3.17064,3.33958,4.73068
5.4751,3.94179,4.41905,4.19952,4.18988,4.60726,3.16406,4.43653,5.01143,3.60483
3.47408,5.42901,3.98964,1.68141,5.77673,3.78517,3.55558,3.71993,3.78662,3.49189
4.35352,3.41394,2.12958,3.23969,3.78272,3.76209,4.68938,5.01228,4.61148,5.25601
3.698,2.63741,3.89796,4.75484,3.49863,5.31214,5.15868,3.42934,5.46857,5.55958
4.86896,4.03152,5.17623,2.40282,1.2051,6.18727,3.35226,4.18679,3.61821,3.6911
2.67817,4.82415,4.60614,4.48902,4.68589,3.85455,2.11537,4.72279,4.61225,1.88727
1.38136,3.83018,2.58119,3.08259,3.13135,2.62572,4.10097,3.46527,5.76416,3.87069
4.05337,2.45577,3.76702,3.06322,3.16112,4.74381,4.08832,4.85816,3.87983,4.66665
5.63878,3.60134,3.79307,4.22416,3.27417,4.13537,4.62479,4.08714,3.33772,3.90143
4.41248,4.00395,3.22548,3.82536,4.35962,5.25632,3.36915,3.2293,2.85626,3.20707
4.16344,3.35957,4.23655,3.72598,5.88371,4.09897,4.48053,3.98351,3.90516,5.50382
1.94288,5.16822,3.87004,6.40898,1.79875,3.63494,5.36733,3.81184,5.4984,3.44339
3.36634,3.33793,2.70279,5.82889,5.15554,5.55693,3.62861,4.29766,3.55455,4.92545
4.60193,2.95447,4.65008,2.58445,5.27644,4.86794,2.77836,3.70589,2.75569,5.32557
2.24865,4.39022,5.24021,6.20247,4.28809,3.47648,2.73837,2.6278,3.49396,3.80533
3.17486,5.29123,5.25761,6.06537,3.52618,5.10006,3.31262,4.9214,3.93449,2.72917
2.49514,4.72592,5.56015,3.54022,5.77292,4.46933,2.8665,3.27183,4.49755,3.3889
4.37152,3.95271,4.63376,3.31077,4.80407,5.54421,3.01958,4.16817,5.33157,3.98697
6.06709,5.11571,3.63265,2.16839,3.98097,3.36885,3.61145,5.12152,4.99289,4.3012
2.56642,4.69506,3.47118,3.92316,3.0766,4.86969,2.31585,4.28321,3.56489,4.96915
4.01855,4.99777,4.94113,2.76177,3.28864,3.88885,3.80742,2.26537,3.76984,2.86934
4.91172,2.79324,4.53951,4.88967,4.51516,2.88307,5.43619,4.85435,3.64936,4.61238
3.83304,4.06707,4.15671,2.95821,3.17125,5.48961,4.53245,3.45942,3.94135,3.24832
3.89655,3.4164,4.20385,4.81128,3.47026,3.07792,4.46576,3.31312,1.64625,4.92607
3.30037,4.3628,2.20351,5.8678,4.84497,4.82367,4.14988,3.43802,5.38251,5.03874
4.73879,3.91056,5.71588,2.65016,3.75125,2.39312,5.05046,3.74246,4.69484,3.78322
2.92815,4.79958,4.40107,4.39076,4.67807,3.42832,3.47593,4.33774,3.59997,3.43767
3.51366,2.9492,4.01443,5.95748,3.21941,3.00371,4.77032,4.68585,3.07254,5.55086
4.00573,4.99008,2.92473,3.8249,4.96167,4.5084,4.36252,3.55336,0.834834,4.97583
5.02857,4.66628,3.42353,3.4591,3.35569,3.32552,5.39477,2.8193,2.89173,3.79356
5.29986,5.04768,4.55191,4.42046,3.98774,4.74726,3.29163,4.15346,3.00331,3.49582
3.00959,4.57896,4.51118,4.82257,2.09644,4.17339,5.18886,4.44877,4.59682,4.19956
3.47201,4.55009,4.4588,3.89491,3.05599,3.49365,3.97452,4.30662,4.08293,3.3883
3.42629,2.94174,5.03386,2.98488,5.46092,4.92751,3.65649,4.21693,4.57591,5.90974
3.83427,3.95972,4.45055,2.55981,3.14165,4.96199,3.99126,4.26167,4.89522,3.36479
1.98424,6.14473,2.96037,4.48953,4.74202,4.18659,3.97128,4.16604,4.04588,4.23652
3.59717,4.82483,3.66481,5.27602,3.65359,4.11895,3.40467,3.76615,5.63812,4.44532
5.31561,3.97035,3.72435,6.04699,4.3368,6.01826,2.8811,4.15715,5.9228,4.26625
6.32308,4.12746,4.58021,4.16855,3.20848,3.34586,3.34047,1.8477,2.42172,4.73963
3.41231,5.68034,2.54681,3.97924,2.51293,2.45555,3.5128,4.87889,5.14373,4.12998
2.99259,2.87962,2.78811,3.831,3.7213,3.48519,4.27847,4.36614,5.01282,4.95419
2.38301,2.49958,5.54043,2.09315,3.27388,7.03876,4.10953,2.5768,3.93852,5.59519
3.74922,2.42505,3.51263,3.647,3.10761,3.69023,3.31333,4.26933,3.77082,4.53461
3.93982,4.22294,4.25776,2.88677,3.73426,3.11761,4.13097,4.23521,4.93827,4.13502
1.78911,4.51431,2.61086,3.80554,4.94854,2.62254,2.66629,3.26126,3.26362,2.48052
3.3348,2.61976,5.26168,3.95694,5.43955,3.87126,3.89442,4.68404,4.22097,4.30303
3.00049,5.07178,4.28768,4.05207,3.30625,4.74583,1.97276,2.59588,4.42468,2.50059
2.99801,4.91827,3.87449,4.80319,3.86489,2.15546,4.48834,4.17006,4.91348,2.5973
4.64388,5.12687,5.68641,4.46041,3.81408,3.39755,3.62462,3.55021,4.86303,2.79136
2.3261,4.98017,4.09434,2.56915,3.00158,4.46697,3.9967,5.79502,4.17905,5.06818
4.12908,4.50872,3.19856,6.13203,4.93235,4.18705,5.56898,4.13946,6.64722,3.45715
3.67956,2.64528,2.48899,3.70911,2.69474,3.23221,4.72542,1.40603,3.88602,3.76446
3.32941,2.97106,3.70425,3.34532,4.45818,4.05493,4.62676,4.09065,3.97043,4.91084
4.67438,5.46847,2.79255,2.76599,5.98069,5.15465,3.31705,2.16611,3.68734,5.47545
4.55364,4.36289,3.6458,3.60293,4.17358,3.42259,3.61023,4.50921,4.93604,3.89479
4.39783,3.57841,4.13628,3.66789,5.01349,4.45982,2.17461,6.4768,2.87519,4.1252
3.83026,4.50695,3.19519,5.88453,4.44972,5.70315,5.67089,3.91424,2.00451,3.74722
3.82924,4.27293,5.12927,4.34749,4.05981,4.88091,4.26159,4.33268,4.48783,3.91777
5.47877,4.198,4.04953,4.33863,5.24227,3.59934,3.64183,2.93703,4.42471,5.33722
2.99847,4.39347,2.87197,5.95991,2.80794,4.09704,4.88395,3.70413,3.87108,3.82222
2.06065,3.6103,4.75544,4.33074,1.97841,2.68719,4.74122,3.59585,3.46864,2.53232
5.71582,3.3481,4.22159,3.58038,2.67053,3.58842,4.03837,3.92532,6.07993,4.63682
3.02326,4.29375,3.39038,3.50449,2.93114,4.0512,4.11744,3.25324,5.25415,5.16179
3.56416,3.80514,5.49078,5.39001,3.86144,2.63991,3.42833,2.5095,3.56235,3.73038
5.75399,5.46809,4.52095,3.41957,3.85625,5.13337,4.7832,2.17577,3.85244,4.21245
4.48368,3.03011,3.87399,4.48609,4.75761,4.05547,4.94445,4.28349,4.83249,6.04125
5.23166,2.92884,5.55736,4.8343,5.72814,4.10671,5.38538,3.89351,3.63106,4.17109
3.8689,4.46076,4.15708,5.37903,2.4928,4.07531,3.54322,4.33573,3.54846,3.44793
3.58431,5.47346,4.72678,2.00217,5.00655,3.62342,4.39305,3.14177,4.61273,4.18222
2.58237,3.85798,3.2261,4.62205,2.59995,5.08227,4.00786,3.48545,2.12826,3.04556
4.00468,3.1027,3.58674,3.04246,3.03415,3.67313,3.12879,4.12783,4.18479,2.89183
3.46157,2.88036,3.28485,4.54088,4.10804,3.57995,5.73745,2.3057,2.88239,2.66408
4.6838,2.81897,5.10864,3.9986,2.78121,4.72375,3.68997,4.98092,3.64487,4.4645
5.20567,4.56505,4.54089,5.4749,3.64783,3.27748,3.92735,2.27898,3.58379,5.79637
6.09665,6.10431,4.09303,5.52088,5.63755,3.90377,3.44319,5.52393,2.50331,4.30217
2.85868,2.53536,4.19564,3.37237,6.15825,4.17337,5.20012,4.32766,3.96344,5.38649
5.4206,4.99481,4.35998,4.28931,4.00789,6.13047,2.93487,1.65786,5.65922,4.97419
4.5241,4.56223,5.55419,4.73016,3.70592,4.60947,3.46137,4.83911,5.07971,4.16117
2.79045,3.11912,3.35019,4.70119,4.11576,3.25432,4.5404,2.31002,3.95374,3.30719
3.7315,4.95493,6.17536,3.35543,4.77345,1.59789,4.03606,4.99182,3.33352,2.48874
5.6315,4.93779,4.96206,3.63495,4.97542,4.0221,2.90941,3.10384,3.62463,5.36953
4.13668,1.91768,2.6042,4.20554,2.78488,2.18162,3.39288,3.79087,4.24922,4.0391
4.33385,3.56522,3.66588,3.25432,4.04636,2.64637,3.2647,4.75566,4.68457,3.61322
4.1869,5.79444,2.329,3.36316,3.94888,2.72034,5.43923,3.22863,2.58853,5.02663
3.10195,6.32308,4.47741,4.85953,2.19587,3.9753,5.14122,4.25414,3.29365,4.29838
4.77671,3.57463,4.156,5.12009,3.68003,3.57677,3.05047,4.2946,5.38795,3.2756
5.58545,2.61127,5.28256,2.70256,4.48144,6.0242,4.15828,3.89201,5.70268,3.87182
3.00713,4.13472,3.85964,5.05872,4.72243,3.53926,3.13411,3.78881,2.69899,4.65076
3.97827,4.86291,5.40266,4.81253,3.8138,1.89027,3.80818,3.80792,3.01409,3.64452
5.39898,4.11398,4.30588,4.4495,2.19832,3.72266,4.56495,5.46519,2.57772,4.33283
6.29003,4.66173,3.98012,5.64432,3.69118,5.59281,2.34214,3.59512,4.08919,3.65183
7.02256,3.30505,1.7295,4.09892,4.18777,3.16243,2.72253,5.4988,2.86122,1.79761
3.70525,3.84075,5.1143,2.28448,6.83742,5.01069,3.59869,4.19495,3.62682,2.71178
4.60497,5.8304,5.20924,3.94881,3.51741,5.41802,4.27594,3.36401,4.15285,4.3033
5.31052,3.64219,4.35792,4.80314,5.41331,6.11863,3.5381,3.81747,4.43595,4.50013
3.47248,4.22343,3.0019,3.31849,5.14866,3.7568,4.48718,3.14372,4.8839,3.47989
3.75971,6.46423,3.19293,3.60922,4.14319,3.55881,5.28857,4.11784,4.56398,3.87126
4.63966,5.82074,4.27332,2.27358,5.68079,2.67345,4.92798,3.70897,3.98945,3.79595
4.85779,3.7707,3.9123,3.30763,3.98902,2.71856,3.19217,4.45415,3.20937,5.2758
4.72413,1.25453,3.48817,4.93318,2.70264,3.20302,1.79952,3.67493,3.56938,5.1568
5.02939,4.11314,3.12871,5.52526,5.1581,4.71752,3.66742,4.26307,4.57781,3.7133
4.52174,0.907725,3.75469,4.27694,4.74019,4.44059,3.30812,5.69386,3.79509,5.25059
3.91049,4.49395,2.36314,4.01702,5.30712,2.75893,2.31915,3.40614,4.78865,4.24468
2.46169,4.05818,4.23491,4.52885,2.16715,3.46265,4.10513,4.63243,3.76376,1.78494
4.01041,3.62763,4.53732,4.94612,7.41467,3.83932,4.18872,2.36256,6.19391,3.64938
4.46862,5.70124,4.44963,3.3341,3.31008,3.74021,5.0626,2.38307,2.79333,6.74231
4.9884,4.29434,4.03632,3.42254,5.41922,3.2337,3.18656,3.16777,5.10951,2.44744
3.592,4.76446,2.40079,3.10601,4.41352,3.61002,3.82413,4.90112,5.54685,3.47149
3.52313,3.74389,6.00983,4.58724,3.95406,5.61791,5.18772,2.42769,3.34613,3.64036
3.31734,3.69496,1.73846,3.62446,5.87863,2.00263,4.50119,4.15321,4.75899,4.78381
3.20838,5.1344,5.03337,4.01756,4.72424,2.63045,3.85137,3.94764,2.41526,4.47506
3.18144,3.56634,4.48371,3.80672,2.68888,3.86029,4.90926,4.7996,3.21351,2.82063
4.64881,5.35408,3.54509,4.09504,5.33519,3.61783,3.67219,2.86536,3.1498,3.56882
4.11105,6.38745,4.71358,3.72778,3.20133,4.53718,3.86578,4.76753,3.07241,4.89074
3.67605,3.50984,3.69935,4.947,4.20024,4.68106,2.44201,3.75818,3.68038,3.81505
1.52733,4.34652,4.44566,3.96658,4.32789,3.0024,4.52367,5.6212,4.45139,4.97384
3.9991,5.58797,2.387,4.18103,2.87765,4.44254,4.11316,5.67035,0.820229,3.95661
2.73423,4.44906,3.89409,4.66762,2.93841,3.18715,3.15549,4.45945,2.32926,3.32379
3.24171,6.69798,4.27463,5.40754,2.96219,2.9506,4.11686,3.8026,3.86655,5.57588
3.28016,3.1332,3.04327,2.13384,5.89638,3.09078,4.976,3.06281,4.72876,5.34729
7.32099,4.32714,3.48543,1.95193,4.89813,5.04583,2.81341,3.93669,2.58681,4.31806
4.35876,3.49542,2.95413,2.80628,5.17848,3.56515,3.09736,5.01212,3.42413,4.45935
3.84941,4.00095,3.08587,2.33976,3.8838,2.91092,4.42338,4.91468,2.91655,3.87255
3.25528,3.81028,3.42783,4.83711,3.51076,3.65997,3.22821,5.05882,3.57966,3.91679
2.75057,4.4267,5.4825,4.2927,4.59578,4.71869,3.86733,5.21906,2.76242,3.92686
3.67605,4.39449,4.01249,4.2095,5.16412,2.59852,3.91713,3.37924,3.54833,3.98541
3.2843,4.2918,4.69038,5.72726,3.23499,4.59951,3.9724,3.87593,5.16668,4.6515
3.27712,4.16961,3.83431,3.37363,6.02437,5.00936,3.02395,2.81825,4.14396,5.9441
4.69065,5.27422,3.98662,4.7014,3.20109,3.42984,4.28804,3.3161,1.65049,3.50235
3.25466,5.46677,4.32695,5.68872,3.85363,4.45404,4.68269,4.75946,3.11031,4.25414
3.95646,0.44289,4.12796,3.08873,2.94829,2.33552,4.801,2.99339,2.56406,2.81464
3.60496,2.41718,3.60024,3.46972,3.326,6.47127,3.60603,2.37167,3.60626,3.55382
3.82351,3.76671,5.38161,4.91148,4.5074,3.72987,3.46276,3.95433,5.532,3.28648
4.85139,3.44448,6.01651,3.62494,3.35068,3.53673,4.51773,5.38559,3.28091,5.77831
2.61299,4.99262,4.58527,4.26002,3.33066,5.20657,2.68036,2.68741,3.06573,5.00304
1.87531,3.431,4.03347,2.81001,3.69174,4.64117,4.36456,5.69564,6.49797,4.10316
4.90637,4.75844,3.87717,2.34792,3.87952,4.21446,5.32042,2.7448,4.04763,4.36873
3.9085,4.27096,2.62075,4.66819,4.14997,2.9186,3.43508,3.46708,5.60142,3.55734
4.19755,3.56804,4.76386,3.29298,5.8052,4.55402,2.79987,5.52595,4.86556,2.12014
6.33756,4.61163,4.35531,4.89384,3.12412,5.72759,4.03302,4.90904,3.02064,4.7341
3.41741,4.63518,4.6575,3.25363,4.14301,5.03994,2.93596,4.37894,5.70916,4.70315
4.64383,5.1379,3.58156,3.78792,5.77308,4.06709,4.09019,3.80531,4.4223,4.90558
2.93952,4.13499,3.87585,3.63307,3.87861,3.07398,5.08666,4.2266,2.99458,4.64869
4.33761,4.53959,4.67146,2.12785,6.39697,4.92499,2.90406,4.00401,3.36958,3.60954
4.95775,4.63946,3.91225,6.02463,3.74553,4.52273,4.29893,4.62952,5.34387,5.63322
4.16393,3.38825,2.22716,3.92911,3.37225,3.21056,3.97348,3.40948,5.31949,4.34049
4.53975,3.35395,4.51925,4.36966,3.36468,3.40013,6.52202,2.22747,4.27226,3.87877
4.49936,4.71529,1.32631,4.93831,3.33221,5.80149,5.20834,6.25998,4.24464,4.20846
5.16909,4.74001,2.92572,2.99621,2.75771,3.9366,3.18514,2.82733,2.68723,3.59463
2.67599,4.74188,5.4016,4.03493,4.89917,3.95329,1.97107,3.57551,4.41455,3.37028
4.62383,3.29501,3.65225,4.55892,3.77436,3.97078,3.41612,4.90371,3.8251,4.19506
2.05784,4.44678,4.53064,4.23538,2.87636,5.19514,4.26866,2.11746,4.83801,2.42588
5.03838,2.53274,3.00053,4.03101,4.40985,4.83088,4.24172,4.41969,5.01379,3.2961
4.98163,5.2424,3.23061,3.71894,3.45188,3.65334,3.32567,4.44835,4.41222,3.39442
1.10181,2.57985,4.1568,3.1508,4.48854,3.54894,5.66672,4.63102,4.06561,4.39654
2.81305,3.18276,4.54313,5.4898,2.14864,3.58693,3.98289,4.72022,4.88029,4.19956
3.68114,4.74441,5.85914,3.97934,4.72104,3.26843,4.12712,3.918,4.16152,3.72595
5.30398,2.49651,3.32625,5.22498,3.38974,2.36121,5.73187,4.19377,3.92088,3.99289
3.88792,2.33879,3.90689,4.01093,4.1656,3.92873,4.94935,3.432,4.09578,2.78655
1.9976,5.33685,4.81583,3.98108,6.16016,4.22331,4.66429,2.65413,5.08194,4.74738
4.22891,3.52463,3.883,3.66297,3.72246,4.48316,5.59688,5.10061,4.44622,4.41474
3.22922,3.81465,4.54648,3.89235,4.58024,4.35671,5.18924,4.83974,3.48554,5.56783
3.41119,5.9265,5.14578,2.7412,2.42399,3.72277,4.23956,3.89979,2.90014,3.97891
2.50793,4.13869,5.50501,1.69318,3.67129,2.62559,3.31689,4.34344,2.16581,4.04741
5.52525,3.75683,4.29833,3.82807,1.70198,2.35728,3.69899,4.05829,5.19959,2.34089
3.15568,2.66564,4.45745,4.68518,5.19626,4.77709,4.02717,2.95068,4.49109,5.12176
4.79377,3.88747,2.95012,3.19118,3.74351,5.49155,2.96398,5.20982,3.40753,5.03096
3.69292,1.9344,2.89052,4.36396,4.1085,3.71106,2.61073,5.51738,2.18081,5.03674
3.98849,4.41558,5.12541,3.41592,3.99899,4.31293,4.92562,4.35576,2.70426,3.48441
4.66704,3.66887,3.25977,2.97082,4.34347,4.54524,3.32819,4.81569,4.83015,5.01272
5.6657,3.98754,4.06862,3.38978,4.12761,2.43402,4.81573,3.42125,4.95335,5.88598
3.02869,5.50378,4.01137,3.52457,3.80269,1.54375,4.75273,3.67793,3.70924,5.68758
2.96505,5.09065,3.03984,3.28575,2.81037,3.6227,5.46253,5.15428,3.82813,4.51968
5.73497,5.26925,3.80673,4.64863,2.92638,3.84053,5.09813,3.83033,4.73986,4.94493
3.29557,3.66453,3.90205,5.79863,4.14537,5.43513,4.50982,5.05216,2.82713,4.33474
4.62045,2.84187,4.08291,2.83047,4.57017,5.74359,4.87983,2.14024,3.63514,3.94578
3.32208,3.47865,3.67679,5.21851,4.48455,6.27198,4.49865,4.00598,4.79802,4.37859
3.91867,4.91238,3.40411,4.47686,3.41888,4.17232,3.84756,5.38161,5.33914,3.2663
3.81376,5.92127,5.14722,3.4013,6.18091,4.08711,4.26448,5.32395,5.95818,4.72702
3.25677,4.89429,4.4087,5.24138,3.34508,4.02384,4.86506,4.84779,4.66948,4.01958
3.39823,3.90751,5.36027,2.23497,3.6203,4.46671,4.43811,4.36591,2.8268,4.43979
4.25012,4.2036,4.17681,4.04112,3.45442,4.24535,3.75363,2.94647,5.93478,2.53268
4.92489,5.08639,3.30876,4.96214,3.01302,4.15934,3.29242,4.91538,4.08186,4.12986
4.29881,5.4196,3.84129,4.06773,5.09444,4.77707,3.83638,2.79846,3.73215,3.26705
5.35922,3.43262,3.60068,4.38174,4.27914,3.98265,5.26761,3.58283,5.68879,5.63736
3.65719,4.97601,4.98703,3.86568,3.86854,3.71829,3.80431,3.91835,3.21797,3.50199
2.6529,4.24251,4.2421,3.39592,5.07497,4.14066,4.10241,4.60656,3.37799,4.90466
2.01238,4.27551,3.16049,3.49733,5.31182,4.06942,6.39154,5.29865,3.24937,3.91112
3.61877,2.78636,2.95841,2.51118,2.97613,3.96534,2.39097,1.14568,3.47714,5.36593
3.88256,2.97065,3.25211,3.97387,5.92731,2.42096,2.83985,3.88271,3.93029,3.45694
5.4712,5.23311,2.92694,2.54565,2.36076,2.66182,4.46678,3.90802,1.73655,3.01161
3.48866,4.28016,3.27619,5.81113,4.54872,3.1903,4.42666,3.60116,3.85676,5.17315
3.87186,5.39036,3.46999,3.95535,4.27327,3.90369,5.18601,4.27252,3.64594,4.69619
3.39317,3.73937,3.0298,5.65594,5.54595,3.88288,4.24065,3.73102,4.12911,4.05537
5.6178,1.6766,3.99186,4.09234,5.09185,4.07244,4.67593,3.83178,3.93579,4.45176
5.41596,5.04497,2.63928,5.75378,4.09076,3.14888,4.48736,5.55188,5.81108,3.42646
3.42108,2.34572,2.85879,4.91269,2.23751,3.49465,2.9399,4.18431,4.12179,3.05633
2.80605,2.69864,5.76779,3.65163,4.2967,2.0958,2.49832,4.11265,3.48681,2.80156
3.73669,4.22676,1.73373,3.04072,1.89346,2.8143,3.76544,3.42799,5.04365,3.06916
5.21867,1.6509,3.57846,3.12069,3.74608,2.0059,2.70546,3.20638,2.24287,5.18155
4.09395,4.14614,3.03384,2.08952,3.14665,4.7616,3.55955,5.02718,3.17826,3.23073
4.58784,4.75939,2.35878,2.97023,4.52914,3.63786,4.84199,4.49904,4.76689,4.32877
3.98026,1.73772,5.02812,4.70797,1.37837,1.91484,5.57092,2.65415,4.44775,4.84075
4.00604,4.52915,4.03481,2.85286,3.28611,4.78458,3.30651,3.61096,4.16195,3.54289
1.81937,2.77952,4.87272,3.41742,2.99965,4.27551,5.5471,3.32013,3.4629,3.18841
4.05228,5.09962,5.67869,4.18291,4.41806,5.36144,2.54756,2.75453,4.90923,2.63979
5.51564,2.9582,3.79615,4.16642,5.16133,4.62814,3.89246,3.6296,3.55711,4.00936
4.45399,2.58948,4.93869,3.87346,2.23444,3.54055,4.15473,5.04254,3.02117,4.13299
4.40005,2.60774,3.99173,3.49395,4.30717,3.11268,4.01696,3.37874,3.70282,2.72233
3.60731,4.74441,2.71701,3.5895,3.3868,4.15183,4.48044,4.75726,5.26405,4.68576
4.24647,3.42404,4.86149,4.28439,4.2571,4.08531,4.43263,4.67474,4.55434,4.19918
4.23099,3.97079,5.62453,3.60057,4.26459,5.242,3.70602,4.17998,3.26029,4.69153
3.38018,3.48264,3.60026,3.76336,4.53653,4.69372,2.94125,3.0317,3.98152,5.28587
4.64278,4.10808,4.02823,2.79594,4.11011,3.16671,6.1268,3.41994,3.20423,6.24862
4.46091,3.63076,4.24621,3.41296,3.48729,4.84247,4.38258,3.52601,5.41495,3.14614
2.87611,2.82416,4.19615,2.59859,5.38123,3.89986,5.13892,3.70326,4.05973,4.22925
3.66851,3.67285,3.1658,4.8949,3.30685,4.25201,3.70597,3.31985,4.09137,1.95013
1.97454,5.83159,2.69356,3.80018,3.81915,4.00062,4.2343,3.79463,4.00701,3.89367
3.45799,3.26709,3.4264,1.46756,4.40159,3.3823,3.92351,4.5764,3.13356,4.82831
2.49095,6.09784,3.71505,3.61655,5.65644,3.46795,5.7138,4.16763,3.54435,5.54127
2.44084,2.8917,3.04668,3.65734,3.99437,5.30101,4.65375,3.8874,4.13205,3.54775
4.13188,3.05701,2.41555,2.77643,2.47287,3.94602,4.49806,1.97625,4.49153,4.62085
3.75611,4.5456,4.67579,3.05584,2.73949,4.22124,5.1267,3.29429,2.06667,3.54649
2.94949,2.6495,6.1824,4.83897,2.37467,3.79701,5.60283,4.66414,2.49577,5.0129
3.71377,5.40827,3.79599,2.35273,5.57063,3.51408,5.67139,3.58537,3.90744,4.19909
2.3759,2.32251,4.47259,3.58993,3.79802,5.57178,3.30701,5.54542,5.63608,2.29736
4.09151,2.52718,4.24029,4.21228,3.89316,5.05467,3.67698,2.65453,3.7099,3.34307
5.84057,3.37454,4.58171,3.84503,3.37445,4.45844,3.30725,4.15971,5.32698,3.6778
4.39726,3.58405,4.60887,4.9515,5.26944,3.89017,5.38761,0.579189,4.27786,3.70826
3.62791,4.08272,4.44316,6.05252,5.37787,5.11958,4.32722,4.83656,3.66499,3.43282
2.95779,4.40267,2.97498,3.97361,6.75145,4.79814,3.67452,3.13612,5.14152,5.8264
5.13702,2.87963,5.66447,5.62115,2.56671,4.36942,3.62424,2.76304,2.55365,6.16409
3.62719,3.79661,4.0991,4.67217,3.46585,4.52351,2.61864,3.75975,4.64568,3.90138
3.56321,4.0092,3.34101,4.65011,3.41869,5.11773,3.98186,4.29638,3.60712,3.79533
2.94982,4.84429,4.84797,3.99717,1.75782,2.5919,3.23174,3.62843,2.8607,4.13121
4.855,3.68953,4.12755,3.46802,2.92491,4.50125,3.92903,4.1182,4.81498,4.09829
3.42036,5.45199,5.12148,2.68391,1.67103,3.64148,3.87017,4.14532,4.38514,4.36358
2.61128,4.72981,4.59245,5.15648,4.41328,1.57561,4.08569,4.21634,4.67458,4.8855
5.0577,4.27495,1.94406,2.24601,4.17177,4.55528,4.72202,3.92801,4.51027,1.79851
4.71191,4.85065,4.5098,5.01735,3.71282,5.22136,4.95763,5.43344,3.47665,4.07613
3.69423,5.04097,4.62546,5.11321,4.16799,4.01068,3.98214,3.61561,4.51288,3.27985
3.12836,4.12971,5.15251,3.78935,4.97653,5.21692,4.69036,4.7465,4.38084,2.7997
5.39947,4.30115,2.94114,4.74949,2.83907,6.21794,1.96855,4.91606,3.53931,2.59095
3.06237,3.4051,4.67496,4.20634,3.09878,3.54757,3.35251,3.40269,4.66643,4.01104
3.3982,3.63147,5.42034,4.64571,3.9728,5.62799,4.16421,4.16113,5.3323,1.52131
4.30647,5.51172,4.53932,4.24966,3.66014,3.87604,2.72528,2.04236,3.07111,4.58987
2.84967,3.44113,3.98014,5.78292,4.1109,4.04885,3.69065,5.69532,4.96377,6.24433
3.86902,3.65843,3.24358,4.30698,4.5279,2.70708,3.38753,3.14783,3.70465,5.07516
2.1588,2.78707,3.71754,2.57825,4.63071,4.35053,3.81742,5.13455,4.59118,3.60638
3.77108,4.23746,2.698,4.1956,2.44498,2.59246,4.00209,3.24117,4.61873,5.73921
5.07504,4.70195,5.51998,5.07418,2.71559,3.99267,4.22675,6.6975,1.92782,4.82917
3.86935,4.30003,4.73756,3.85313,3.50419,4.1567,5.08426,5.00373,4.30837,4.89252
2.04101,3.58518,4.8027,3.38239,3.37046,5.72915,3.70911,3.44549,4.00253,3.69425
4.50623,5.20424,3.85301,2.89054,5.61024,3.22869,4.46423,3.27226,6.45607,3.1654
3.01598,5.29583,2.57804,5.24529,4.05207,4.81132,4.56023,3.06982,4.79534,4.48313
3.4845,2.66378,2.69985,5.63009,5.75793,4.04766,4.4459,4.99464,3.93763,3.89596
4.32089,4.48513,4.78899,4.37145,4.29745,4.55594,3.53275,4.05304,2.96883,2.73119
4.09411,3.45822,2.80052,3.76618,4.88118,2.72551,3.89036,4.08079,2.81658,3.26404
3.93929,3.79606,2.58243,3.66981,5.0772,3.62054,4.06914,4.55392,4.98999,4.43389
2.6661,4.01744,2.67339,5.6311,4.66943,3.27485,4.64575,5.0906,5.36115,3.44522
4.57984,5.51722,2.87479,3.56569,5.0304,3.75289,3.4551,3.66217,4.95276,3.74394
2.02651,3.32476,2.13182,4.32158,4.62971,3.50254,3.40826,2.59057,3.64972,3.44154
2.33817,2.68276,4.11571,3.09361,4.10085,4.81054,4.06166,4.2079,5.38756,3.74492
4.35379,3.97326,4.4881,3.95276,3.41002,4.28446,3.86975,5.94689,4.39259,5.27633
3.70297,2.70557,3.21818,1.59376,4.79855,4.39441,3.79417,2.56853,2.57411,3.70213
4.27517,2.34769,4.65971,5.05022,4.43581,3.13075,3.18159,3.86583,4.055,2.0701
2.82144,4.4803,3.68441,4.63689,4.67393,4.18767,3.23573,5.87824,4.18,4.45499
3.55108,5.09798,4.11709,4.52496,4.455,4.79226,4.80493,3.38268,3.52631,2.72518
4.22987,5.45926,4.62156,4.77968,3.74067,6.20351,4.08207,3.57844,4.12096,3.19605
4.12891,3.871,3.93859,3.62318,3.32983,3.70814,3.68998,2.59509,3.90406,2.8441
2.96758,4.97387,3.10354,2.03512,2.97199,4.66796,3.73251,4.21898,4.75583,5.82202
3.49953,5.13535,4.48264,4.81531,2.74948,3.55098,4.2244,4.76052,1.46288,4.37758
4.75822,3.60124,4.01915,2.06024,3.14702,3.21846,4.77511,3.14984,3.87876,4.35168
1.75641,2.78432,3.53743,2.8873,2.26784,3.02847,2.20901,2.74238,3.89221,3.56706
4.39774,4.50728,4.34717,1.78486,4.01595,0.959461,3.0988,1.53128,3.59185,5.67877
5.71534,3.55145,3.73893,4.22208,3.58048,2.63046,4.52688,5.19395,3.77161,3.78791
2.99788,4.41832,4.26236,3.79489,5.05704,4.86691,4.5139,2.46891,2.00459,3.71365
3.74851,3.70584,4.57287,5.27511,3.43156,5.24647,4.64704,4.4816,3.71693,5.00547
3.53527,3.65921,4.10093,4.5316,2.68182,4.33538,4.88864,4.51147,3.10201,4.49613
5.78877,2.90295,3.94809,3.88277,4.79646,3.05285,3.64233,3.81449,2.68723,3.03045
3.51268,3.56955,3.04829,5.08795,4.48565,4.69465,2.88737,3.55433,1.98492,3.14997
4.81859,5.05052,5.4743,4.4554,4.22262,3.15604,3.46015,2.82058,5.38995,4.94325
4.55534,3.21137,4.93138,5.41731,4.05104,1.90559,4.52254,4.12324,3.53819,5.57956
4.31179,4.01194,3.48,3.52563,4.92271,4.20187,5.43392,4.65735,4.15968,3.31533
4.67103,4.26763,4.69941,3.35951,5.2345,3.73935,5.43088,4.9731,4.07364,4.77558
4.04679,5.10706,4.14088,4.59545,3.2268,4.86793,5.18243,4.39191,5.58405,3.13055
5.27451,2.50296,3.45836,3.50209,3.48452,3.6407,3.68597,3.67156,4.3569,3.77918
2.82817,2.96075,4.04365,4.85672,3.44607,3.18283,2.73897,2.82178,3.52744,5.85475
3.28458,4.00797,3.99784,4.46011,3.56498,3.91639,3.42576,4.07888,5.22995,1.12271
5.75566,4.04754,3.42621,4.89807,4.12071,4.51205,3.6842,3.18323,3.66965,4.53638
3.69319,3.08051,5.24302,3.60404,3.58134,3.42469,4.60515,2.30675,1.96314,3.87992
3.51043,3.63578,3.43432,4.50776,4.19837,3.86622,2.95458,3.9406,5.85945,3.51421
4.1812,3.40198,3.01123,4.47767,4.24685,4.18647,5.45623,4.8218,4.69478,5.04101
3.33344,4.52918,3.91013,3.84923,2.69354,2.98374,3.39126,4.83312,4.39197,4.30453
2.779,3.68202,4.89066,2.80479,5.39573,3.9546,2.80251,4.57259,5.19367,3.40341
3.49121,5.67231,5.10586,4.65769,3.51626,4.72128,4.4984,3.33962,2.54658,2.13084
3.77367,3.26008,3.26641,4.6443,4.94984,2.64743,3.56271,6.78327,2.05597,3.75091
4.47967,6.36259,5.04855,4.10506,4.31517,1.55722,5.11466,3.99549,3.58714,2.90493
3.01873,1.71086,2.75538,3.16484,2.94641,3.53046,4.72955,3.4753,5.28566,3.6941
4.93069,5.36681,4.69364,1.67804,3.57516,3.47614,5.16786,3.64217,5.09141,2.70212
3.85743,5.89819,4.75736,3.64953,4.31755,3.36523,3.95408,4.00339,3.65237,4.30782
4.08508,2.44175,2.77667,4.18473,3.73733,4.08568,3.61476,2.26504,4.79117,3.59846
2.93423,4.67673,5.56852,3.83827,2.15499,2.48109,4.94048,3.1959,3.84034,3.20591
3.64922,3.35855,4.19382,2.92637,3.56029,4.97537,2.11304,4.6153,4.99084,2.448
3.21783,3.98538,4.40844,6.32504,4.90901,3.19578,4.21756,4.6274,3.41854,2.19709
5.50019,4.88942,3.57783,4.49521,5.44118,3.8657,1.97405,2.74867,2.59274,4.92551
2.46797,3.12941,4.55839,4.60034,4.09622,4.08106,4.97948,5.13593,3.62169,2.97388
4.87304,5.05501,3.76066,6.31596,2.84247,1.98894,3.55926,4.23787,4.42607,3.26462
4.11064,3.76397,5.12726,5.06075,4.8451,4.19126,2.81888,4.21808,4.90813,4.99882
5.36866,5.1764,6.45629,3.07956,4.72599,3.97965,2.97277,2.13098,3.51282,5.10908
4.95986,4.63074,2.08437,3.80523,2.84906,5.03787,2.89677,2.96308,6.96621,4.75163
3.82168,2.79265,3.02517,3.36094,5.21293,5.12459,4.52003,4.74749,4.23452,1.42164
4.59617,5.40753,3.17418,2.78437,5.14955,2.41979,4.70124,3.18002,2.6977,4.06779
4.70409,1.61084,4.92354,2.65008,3.30081,6.98906,3.10673,3.62854,4.29167,4.09736
3.02687,4.75908,3.86502,4.23598,4.26507,2.33415,2.08681,4.34981,4.33084,2.85693
3.13568,3.45298,4.51124,4.3486,2.4701,4.21595,5.4756,2.88191,5.70089,2.40581
4.04342,3.25875,4.10488,3.70989,5.60419,1.97185,4.09212,3.98924,3.68308,3.70115
3.60436,3.46514,3.52561,4.22243,4.01495,3.90058,3.84349,5.25556,3.56167,4.26518
4.02122,5.16689,4.47096,3.90566,3.8912,4.07728,2.88381,3.91443,3.94029,3.79254
2.42478,4.25754,3.81652,2.21579,4.50609,2.8352,3.91738,4.20509,3.68858,4.8508
4.58865,3.77049,3.53077,3.34885,4.38377,3.34168,3.27404,2.83497,3.60296,4.64256
5.062,3.50773,3.92692,3.7771,5.53906,6.16687,3.25142,5.29516,5.62255,2.64943
3.38984,4.54851,3.64811,3.87035,4.3813,4.10108,3.56137,2.68891,4.60702,2.52994
3.72114,4.35897,2.37957,4.79237,3.44994,5.20617,3.82357,2.91964,3.04121,4.68596
5.08589,4.46283,4.50293,4.27233,3.99794,4.17816,4.69055,3.542,4.59423,5.53179
5.68181,4.54958,5.16582,3.50719,3.80638,4.0176,3.7734,3.44717,5.29791,3.80171
4.56172,5.24603,4.13354,5.52309,3.34542,4.23379,3.00476,3.38668,3.89834,4.36945
3.54482,3.39852,4.89008,4.97135,4.14689,3.65612,6.13988,3.70266,4.51996,4.96387
3.27086,2.98412,2.24635,5.15605,4.92545,3.02319,4.04362,3.83196,5.22041,3.92627
4.54569,4.13996,3.43381,3.58939,3.52134,3.86677,4.96368,4.42359,5.86085,3.128
4.72969,4.71653,3.97236,5.34557,4.43772,4.23551,3.15701,3.14882,4.5787,5.10115
2.95585,4.53871,4.58003,4.7413,4.99789,4.22195,3.9731,3.80879,2.26779,3.73102
4.1881,4.36305,3.73717,2.65721,2.01855,4.09315,5.2856,4.3005,4.18366,3.71078
4.39147,4.28014,4.09852,3.06884,2.72712,4.37089,3.69402,3.56543,3.67008,4.52734
4.53473,3.71102,3.28834,3.38146,3.66347,4.74605,4.12595,4.93274,4.12111,3.44481
2.25396,5.56459,3.79759,3.05922,2.77748,3.79032,4.47283,3.54601,3.32817,3.05099
5.13638,4.07956,4.61433,2.7166,4.75545,4.71594,3.55065,4.41738,5.10189,4.76629
3.86258,4.02138,3.87624,4.96644,5.58526,5.0779,3.4351,4.65308,2.2139,2.20563
5.51008,3.04543,4.65271,4.67202,6.71722,3.31186,3.89567,3.40745,4.3413,5.78711
4.00266,5.75202,3.71035,4.84515,4.01794,5.36537,3.13257,4.16393,2.77108,3.58158
4.99322,6.05492,4.80047,4.61292,4.1694,3.82014,2.55808,5.85507,2.99425,3.05884
3.90952,4.6155,2.82154,5.56289,3.3758,5.1281,4.46111,2.94063,4.00729,6.11653
5.82057,3.77279,3.89925,4.1984,4.83893,3.97676,2.82084,4.63987,3.85463,5.47632
4.99967,1.98588,4.5855,4.49469,4.83314,3.23552,5.39267,2.82049,3.22582,4.01502
5.37738,3.09794,2.82798,4.16713,4.38286,4.77477,3.94549,4.31578,3.34981,3.94087
3.10447,4.05113,3.91023,2.97431,3.79254,3.69195,4.32873,4.67741,4.4875,3.48809
5.26672,2.92678,3.93069,5.42521,2.79056,4.18412,3.75388,1.92336,4.4113,4.19569
4.56855,5.14172,4.55086,3.64217,3.59536,3.97566,5.02373,6.05199,4.34944,2.14322
4.0275,3.24648,3.8896,5.13732,4.31603,4.37567,4.69973,5.27108,3.84924,5.55488
3.99762,2.45883,5.15869,3.633,3.93014,3.9808,4.46296,4.61756,3.35,3.96181
4.53879,3.84437,3.26885,3.4309,4.23126,5.02656,3.1155,4.74817,3.42513,3.62034
3.83771,2.85923,2.3992,2.29446,4.25054,3.95943,3.40832,6.04056,4.06254,3.64021
5.1412,4.56338,1.59734,3.33196,4.42606,3.39801,4.39127,5.23642,2.81631,5.15787
2.58795,4.73346,4.15412,4.65939,3.4033,5.19626,4.70942,4.8279,3.67011,4.54152
5.63253,4.17772,4.87509,2.28134,5.36955,4.15475,3.16958,3.71673,2.21346,1.37731
5.44698,3.92503,4.19309,4.2243,4.06182,2.49064,4.29294,4.22415,3.1169,3.17812
1.61779,2.85255,3.52134,3.88323,3.36497,4.29905,4.4911,3.0801,5.02649,4.089
4.26961,6.11314,5.48984,3.82376,3.0776,5.03249,3.31349,4.54529,4.82257,4.18479
4.41294,4.86483,3.43153,6.29052,3.43821,3.42767,3.30861,4.14263,4.226,4.26002
3.07253,6.16221,3.93497,2.59512,5.62741,4.16732,2.89334,4.78009,4.54866,3.8332
4.57485,3.10212,1.60912,3.26929,3.24457,4.15653,2.61277,4.24475,5.39857,5.44707
1.7691,5.75218,4.02106,4.39166,5.71443,4.12697,5.09991,2.77257,4.8482,4.77863
4.13106,3.50259,3.22285,5.51422,3.80966,2.38514,3.72212,5.56908,5.03156,3.09296
2.04215,4.08277,3.22493,1.61412,4.00753,4.76449,4.59769,3.69816,3.381,3.00849
3.06857,4.7998,2.77921,4.8777,2.4922,4.55378,4.14682,2.92781,4.20379,5.59769
3.23332,3.82996,3.99407,3.14062,4.41598,4.74412,2.17549,4.89868,4.2493,3.69264
2.67719,5.27282,5.10825,4.19258,5.2104,4.81501,3.95821,4.34133,5.12383,4.06547
4.20803,4.99037,4.14663,1.68068,5.16401,4.75765,5.77768,3.86084,3.32646,4.36186
4.31651,3.33818,2.96654,4.91491,5.94644,4.39748,4.96542,5.30436,4.29497,2.77575
3.8796,4.56505,2.82797,4.30367,5.02627,3.82693,4.24859,3.33573,3.50386,4.02783
4.69678,3.8851,3.45955,4.05958,4.70552,5.1301,4.27175,4.64039,4.03921,3.09419
3.34103,4.57221,2.17933,2.81152,4.14469,4.9785,5.934,3.66802,2.66085,4.00523
3.30653,3.06301,3.30362,4.93656,4.60848,3.99983,3.44663,1.79408,2.60993,3.67658
4.10056,3.76775,3.94318,3.14258,5.70009,4.09704,4.07278,3.13006,3.47043,3.77241
3.76731,3.98504,5.53148,3.337,6.17451,5.16842,5.87697,5.20449,4.81917,3.08182
2.9705,3.12004,2.5165,5.7279,4.27957,5.33166,3.51099,3.75295,3.52612,4.04772
2.73236,4.84284,2.27345,4.46176,4.80496,3.7108,3.14063,3.32806,5.40381,2.91842
3.0001,4.72648,4.30197,4.09654,3.98963,4.02701,4.65892,3.73361,5.10096,3.4378
4.46452,4.08063,2.97008,4.0823,3.15762,2.92524,5.37947,3.62815,3.85147,4.61523
2.92688,4.78371,4.02332,4.4336,2.95025,4.87177,4.13358,4.09355,4.90515,5.10928
2.39895,4.84598,3.88672,3.94572,4.40618,3.66235,2.80768,3.0449,3.63482,3.36207
4.62001,6.36714,5.16269,4.8252,5.04362,3.2556,3.9288,5.51731,2.94853,4.83802
2.45397,1.73062,4.46469,4.48509,4.35302,3.05973,3.4918,3.88979,3.0077,4.2868
0.996584,3.52766,4.50464,5.00697,5.7514,3.64031,3.9235,3.33135,2.95212,3.04299
4.4359,5.83031,3.79446,5.54042,4.32193,3.07843,3.29194,2.59372,5.37338,4.97747
4.42235,5.44673,3.43023,3.42908,3.3805,6.41263,4.21171,3.82282,4.76352,5.02648
5.23812,2.39717,4.14488,4.36273,1.43213,2.39883,5.16344,3.16908,4.62197,4.57974
5.28352,2.86555,4.42593,3.36131,3.71371,5.38337,1.84009,2.45501,5.26473,4.40739
4.12235,1.98784,4.52183,4.9066,4.54041,4.48286,3.86586,5.92379,4.69671,5.71278
4.45853,4.15982,3.64059,3.70319,3.3235,4.53948,6.91929,3.56513,4.45784,2.95877
4.91766,5.1822,2.71708,3.72732,3.79519,5.22903,6.0779,3.33264,3.45168,5.74069
3.0365,4.79399,6.15011,4.80447,3.21004,3.1857,3.67963,3.00706,3.81503,5.57465
5.2593,5.46815,4.47798,3.03119,1.67685,3.42951,4.77706,3.80317,2.84318,4.65467
4.41371,4.3213,3.86467,3.51631,4.76302,5.179,4.12921,3.5684,3.29745,2.68867
3.9534,3.20568,5.50048,4.50859,3.19958,3.66147,4.34815,5.37529,5.01688,4.21718
1.79137,2.30651,5.30118,3.82651,2.83212,5.71185,3.82019,2.77886,2.34009,2.12463
3.68046,3.10497,1.9978,5.26678,3.94985,4.56577,4.5576,3.38429,5.63018,1.20674
5.85107,3.79174,5.86176,2.99634,3.60645,5.1623,4.30477,4.83183,4.94755,5.42067
5.60598,3.71057,3.88123,4.25937,2.46184,5.27911,5.40378,3.41293,3.75124,4.48657
2.81012,4.52087,5.49512,4.96956,4.09907,4.97597,4.57608,4.06181,3.78453,2.00437
4.28303,4.56776,3.7049,4.56881,5.03323,4.09877,4.30044,4.19301,2.75742,6.2819
1.53955,6.05035,5.66907,4.33627,2.66151,5.31632,6.53791,3.40148,4.14727,3.72407
3.88427,2.91472,1.84392,2.61301,4.44818,4.3144,3.86629,4.63328,3.75417,4.93963
5.3258,4.15651,6.79667,4.43424,3.02718,2.66308,1.88296,4.02678,5.04105,3.46064
1.91901,3.22967,3.0589,2.97073,4.49257,3.88257,5.42333,2.75402,1.54101,3.17992
2.87978,4.37648,4.79089,5.04321,4.82763,4.55333,5.25022,3.63072,3.56597,2.8983
3.69982,4.31085,2.83347,3.79013,3.67965,4.04637,6.00829,5.2006,4.48451,4.77441
4.79216,3.80873,3.25765,5.62317,4.38946,3.71722,3.74305,5.30864,5.55729,2.20327
4.64892,5.12613,3.71711,5.00908,4.59908,5.25976,3.96083,3.50177,2.80531,3.18079
3.93096,3.91092,2.83262,4.92873,3.61979,3.37991,4.70025,5.51647,3.90542,4.14817
2.1578,2.96253,5.37229,4.19298,5.5156,3.83487,2.03904,3.18273,4.62818,3.79871
4.66189,4.88787,6.22968,5.78813,4.462,2.83911,4.92066,4.87671,1.94333,4.00228
4.10917,4.70955,5.00502,6.88042,3.67751,5.61888,3.79055,3.37085,5.07761,4.49477
2.82529,3.24437,6.26028,4.30465,4.5269,4.30892,2.35498,5.52004,3.01897,3.72166
3.94996,2.27139,3.81987,4.56604,5.87175,4.22546,4.86822,5.12688,3.74601,2.20155
2.42733,5.27676,4.15444,3.85394,3.60165,2.06906,3.74387,3.5121,5.24209,3.3554
4.10471,4.04923,3.28536,5.90937,4.04332,4.54421,4.14197,3.8697,3.29276,4.05962
3.08531,4.22297,3.62362,5.63359,4.41068,3.53169,4.6969,4.75184,4.99437,3.65647
3.47883,3.98963,5.26716,4.27787,3.54992,3.15291,4.58819,5.27576,3.76987,4.93269
3.35401,4.97571,3.90091,2.37941,4.7985,4.74879,4.41978,2.09426,4.25356,4.75215
3.57805,5.05304,4.38786,4.65594,4.74964,2.22587,5.26245,2.16568,4.08526,4.93315
4.89187,3.01166,5.66545,3.9926,3.67856,3.19187,3.53435,3.64029,2.88856,3.7298
4.36799,6.11055,3.18415,4.36752,2.35907,3.36092,3.64897,4.26807,4.0754,3.77205
2.59458,4.23146,2.78599,3.71939,3.94913,3.21981,2.69687,3.02161,4.49518,4.7536
1.65886,4.94582,3.60875,5.69753,4.24669,3.6193,3.92775,2.81328,3.21574,4.68918
4.51229,3.80442,3.57079,3.88859,4.18137,2.71509,3.68664,4.12445,3.42015,2.39331
3.95219,2.90242,3.30489,4.62604,3.32605,5.05458,4.28907,4.29377,5.41087,3.01063
3.52392,3.8339,3.09383,3.2471,2.9539,2.23464,4.79403,3.56304,3.37949,4.55481
4.47411,5.08726,4.2961,3.5622,3.89763,3.26118,4.72668,2.23971,3.73257,4.57024
2.7482,4.43555,3.53265,4.00791,4.1116,4.65215,1.78015,4.2967,4.49997,2.87499
2.09964,3.0822,4.48757,3.66555,2.74698,4.29174,2.62444,5.23305,3.05489,2.82269
4.60326,1.29245,3.26965,6.03813,3.02923,3.76485,2.59014,3.8987,3.88555,3.26244
3.80485,3.84296,3.00848,4.10644,3.55535,4.36857,2.32089,3.40801,3.66608,3.66249
2.58204,3.06276,4.4361,2.80527,4.74559,4.13466,3.56499,2.1498,1.67925,2.77054
4.44188,3.91787,4.6632,5.63634,4.7953,5.02121,1.13107,3.92,4.27012,4.86785
4.25702,3.23437,4.83094,4.53629,4.21776,4.96149,4.16387,2.80327,4.92013,4.54754
5.1945,3.89706,4.20364,5.0806,2.45804,3.8601,3.29643,3.98289,3.49789,5.43532
3.63443,4.04504,4.56939,3.27766,3.1902,3.29127,3.85884,3.23967,4.07399,3.41616
4.11873,3.55868,4.97938,3.66842,4.0209,4.51787,2.86718,3.76567,2.42783,4.33238
4.54473,3.59901,2.85334,3.85112,1.47744,6.882,4.85498,4.58297,5.50942,2.64401
2.945,3.77347,3.90805,5.9328,5.52011,2.8173,4.15047,3.89324,2.00721,3.22156
5.40382,3.11926,4.09886,3.07572,6.10442,5.46556,3.17368,3.57452,2.38421,6.17453
4.25148,3.32039,5.52431,2.81991,4.36366,4.57676,5.50428,4.05335,3.83113,4.23098
2.83175,3.41631,3.14553,4.59261,2.92818,5.85801,3.91122,5.06362,2.48533,5.83856
4.96732,4.98798,2.68535,3.0076,3.77485,3.11604,5.54772,2.43964,4.17935,2.2916
1.50008,4.82077,4.59004,3.85411,5.13423,3.35365,3.55613,6.06131,3.09481,3.25737
3.36728,4.37597,3.01101,3.81637,3.44655,3.02453,3.78573,4.89415,5.97456,4.45219
4.77276,3.14591,4.03306,4.06531,5.61353,3.68,3.26282,4.90697,4.58113,3.80085
3.99375,2.61507,5.12135,3.30571,3.50178,2.93706,3.36303,3.21303,5.06134,3.44839
4.2565,4.1464,4.75085,4.47426,4.96827,3.59325,4.0478,3.46047,4.62162,4.51743
5.33639,3.82759,4.97332,2.35274,2.68778,4.35603,6.10986,3.31545,4.13726,4.22871
2.05542,3.08641,5.41009,3.76524,4.04289,3.04839,3.54763,3.50313,3.48589,4.51932
3.91615,4.42538,2.29643,5.33728,1.76338,4.34085,4.43345,2.47775,5.60859,2.7534
4.6936,4.62724,4.11955,5.7929,5.40224,3.71735,1.09244,4.82835,3.44008,1.76172
4.87284,4.26513,3.2374,2.7483,4.48934,4.48755,3.70294,2.90691,4.85453,3.24314
3.72553,3.92242,3.84012,2.28528,3.58302,4.40317,3.76067,3.75795,4.55185,3.17266
5.25277,3.69814,4.47413,2.75029,3.4688,3.2313,3.35878,3.5681,4.00935,5.19209
4.3787,3.72089,4.03239,4.38244,2.35683,2.33175,2.65449,3.56223,2.43207,4.28368
5.55563,3.74972,5.51366,3.7156,5.078,3.70351,4.74255,1.82065,5.55421,3.23153
2.73253,3.49164,3.66661,5.0637,2.40341,3.40541,4.53831,3.97562,4.66436,4.3533
4.40097,3.33043,4.52435,3.90959,4.26588,4.37932,4.22527,5.77322,4.45822,3.51243
4.59439,3.09731,3.09891,3.46391,1.51157,3.09351,5.26381,3.9008,3.10485,5.3317
5.75481,4.34493,3.69007,4.79651,1.80608,4.23611,4.21897,4.48444,3.36145,5.47571
3.30196,4.16574,2.77709,5.34503,4.74568,3.31314,3.57908,4.56188,5.14132,1.61381
3.20858,4.13598,4.28589,4.59919,3.73048,4.54372,3.60761,4.41757,3.89921,5.63467
4.25324,4.9412,3.2365,4.40018,5.85939,5.79471,3.43834,4.65682,3.57372,3.83706
4.35712,5.39861,4.96019,3.64405,4.91801,4.53028,3.88541,1.63012,3.32244,5.11946
3.48793,3.69342,4.81903,5.87257,5.67929,5.18784,5.56795,5.3882,2.30508,4.97108
5.01799,1.20126,4.20289,3.52595,2.91403,4.23236,4.74352,4.49659,4.50613,2.46791
3.7172,4.77392,5.97634,3.97009,5.37137,6.27081,4.36305,3.62553,2.41805,4.46172
4.01065,3.67266,3.951,4.9302,4.02226,4.34615,3.49265,4.92408,3.26444,2.99333
5.01586,3.64755,4.44076,5.39839,2.40081,4.67297,7.11625,4.60471,4.60445,5.20773
5.6436,2.85458,5.08292,5.01701,4.28436,3.87443,3.5429,4.73547,4.37262,4.04083
2.0873,3.2874,4.65926,4.51755,4.92765,1.72899,4.56882,2.64654,3.39774,4.90885
4.37522,4.15701,2.77888,3.81909,2.24481,4.09006,3.66016,1.58007,3.23442,3.52923
2.03767,4.91001,2.97727,3.48494,3.75985,3.47833,4.34314,3.8733,2.37762,5.19748
4.93562,4.56659,3.88006,4.44151,4.47504,3.73848,3.89457,3.64311,3.7289,2.55841
4.21346,3.11863,2.72445,5.58246,5.02379,3.84257,2.40733,2.79258,3.75688,4.9812
4.10408,6.02547,3.18467,4.76205,3.53305,3.39054,4.01545,4.70575,4.10508,3.16854
3.83375,3.32003,3.80113,3.73139,3.67808,3.73839,4.74067,3.8075,3.77027,3.82539
4.73434,4.3377,4.37065,4.53923,2.25299,3.90094,5.99233,4.42115,3.75925,3.53748
4.7568,5.12506,5.29326,4.91255,4.60683,2.23915,4.22039,2.48083,4.32691,3.01652
3.34179,3.5436,4.45071,3.72454,4.4653,5.85775,5.90383,3.58851,5.20202,2.90462
3.41122,4.33571,4.26253,6.1613,5.91745,4.08495,4.77618,1.83821,2.11849,2.4397
4.63206,5.05269,2.97846,4.96341,2.29681,4.82039,4.06148,3.73315,3.86239,2.37627
3.32041,4.76399,1.72128,3.55351,3.51968,6.43773,3.66765,4.24186,2.89242,4.16749
3.08045,4.81698,2.62595,3.74322,6.60437,4.30005,3.463,3.56342,3.9596,3.805
3.86523,3.66052,3.56903,4.50314,2.17283,3.90911,3.15243,2.204,5.75564,4.90486
2.98953,2.82909,5.5349,4.60421,4.04482,2.53584,3.68008,2.99805,5.16954,2.09343
4.39688,3.88582,3.85104,4.1118,3.44685,4.0911,3.91355,4.06469,4.34542,3.03188
3.69943,3.84859,5.94915,2.07835,3.15393,4.75651,2.85016,2.17053,4.58758,3.48424
4.43685,4.73362,4.42364,5.41724,4.88708,5.02997,3.55188,2.38301,3.6337,3.75269
4.18812,4.64084,3.51104,2.85171,3.043,4.77514,4.94856,3.129,4.5226,2.33821
2.40139,4.58734,3.39984,2.99874,3.04529,3.01494,3.70014,4.88159,4.03469,3.0535
3.12379,5.79427,2.93807,4.63088,2.40518,5.42037,3.02273,3.58755,3.84431,3.05229
4.08079,4.37323,4.22197,4.79832,4.68685,3.58013,3.48883,5.53154,4.99042,5.09438
4.39167,4.24899,3.01724,4.00677,3.86167,2.78721,4.38419,3.11417,4.88407,6.68621
5.30982,2.1032,4.92803,5.56834,4.16371,5.95393,3.5972,3.78137,3.37474,4.50424
4.41398,4.80016,3.33723,4.62052,4.65155,3.02753,6.68114,3.39743,3.3174,5.89815
3.39395,3.4304,4.1199,4.79912,5.29182,4.00309,5.40797,2.98465,4.53942,4.66412
4.89618,2.94468,4.03921,5.21034,4.11691,3.7096,3.8078,4.11405,5.57609,3.11666
1.21372,4.5728,6.26611,5.30382,4.12546,3.65017,4.86216,4.44743,3.64965,4.4431
2.95505,3.38813,3.50485,4.13718,2.78991,4.26257,4.44041,4.85812,4.07048,2.69671
2.61615,1.79163,4.51021,3.92081,2.88921,3.06275,4.52267,6.454,5.17704,4.002
4.84757,4.09302,3.14352,2.86359,4.38829,3.0258,3.19944,5.2956,3.59829,4.96792
3.48038,2.93336,4.3196,4.47249,4.10754,1.87767,4.25141,5.99333,4.71039,3.28847
5.09751,3.99901,4.58592,4.57081,4.50198,2.83466,2.22735,4.53747,4.64235,4.41946
3.71337,4.23233,3.19176,2.92181,5.09244,3.61119,4.15215,3.46791,4.03753,5.33473
2.61559,4.55541,3.39359,4.19591,4.26267,2.28193,3.54043,3.18435,2.81084,3.15744
3.89681,4.21391,3.08604,4.55536,4.49352,3.7081,3.68133,4.20381,2.25768,4.39416
3.35168,2.11408,4.52639,3.76796,2.87635,4.95603,5.54285,4.31797,4.96117,4.46175
4.21997,4.68605,3.7527,3.16116,4.1932,2.76603,5.1848,2.38671,4.01092,4.94367
5.3296,4.6698,2.90522,4.06991,3.82489,4.36102,3.58343,1.31246,5.26063,5.24145
6.69079,4.83432,3.16446,2.21597,1.71641,3.90773,1.92714,2.90953,3.89818,3.17651
4.03511,2.79435,2.30711,3.81331,5.60892,4.75727,3.96606,5.91603,5.1089,4.63497
3.09146,4.0463,3.68568,4.82484,4.51935,4.19549,3.01919,4.1291,3.75077,4.19889
2.40234,5.38244,3.64302,5.45685,3.65134,4.69462,2.39952,3.95979,4.32147,3.93514
4.85126,2.46789,4.47337,3.78134,4.46635,3.45404,2.92577,3.32307,5.51264,4.40218
4.27927,3.91803,4.12939,4.7131,3.28316,4.02621,4.8429,5.31746,4.11826,3.28996
5.40301,3.46878,2.90539,4.55484,2.75718,4.68247,3.59885,3.45438,4.30613,3.72764
4.60077,3.21884,3.31315,3.3654,4.34066,4.77263,5.37466,3.71505,4.16349,2.39257
4.29439,4.62262,4.54649,3.05388,5.96013,3.96537,4.47392,4.04026,4.10033,4.16181
4.7951,5.25702,3.06751,4.43919,3.09356,4.95065,6.53769,4.1009,4.3318,4.28979
3.83757,4.90416,3.74343,6.80808,3.15933,4.9163,5.55678,4.15529,4.4213,4.1563
3.59077,4.19305,3.79707,3.52164,1.82633,3.03145,4.14542,3.27708,5.03916,5.28819
4.23255,3.61064,3.24384,4.55845,3.94712,4.88832,5.08043,3.31369,4.47427,4.74909
1.53823,2.40712,3.42609,4.70743,4.09732,3.32667,3.58431,4.6441,2.56129,3.74067
4.64329,6.13544,3.90162,5.41218,5.69146,3.34992,5.69583,4.41155,2.10434,2.13128
5.06011,4.64005,3.42375,4.95025,3.85239,3.97587,4.91102,4.89404,4.20239,3.89321
6.16931,4.89952,3.20917,4.42389,3.24384,2.53351,3.85649,4.38784,3.46706,4.42691
5.56106,3.00492,5.22518,3.17842,3.99321,4.29664,2.83617,4.02634,3.37369,5.53838
4.11211,5.68047,4.48783,4.15856,3.46415,3.79036,3.11455,2.15626,4.09197,4.25356
4.9521,3.61896,3.07048,6.10234,3.16331,3.9193,4.83195,5.50112,6.03552,6.06843
4.34526,5.35051,4.10899,5.42032,4.52647,3.52591,2.79795,4.41443,4.63215,2.19992
4.62088,6.18711,4.80613,3.9371,4.32226,5.52668,3.62128,3.27352,5.52203,4.15028
4.12472,4.44146,4.02835,3.72217,4.9857,4.16853,5.21218,3.33434,5.07128,4.45872
3.73827,4.21816,2.77136,5.21923,4.08132,3.06056,4.64178,4.02358,4.24776,4.44896
3.10156,4.85565,5.07415,4.19932,3.38667,2.24662,3.02112,5.23071,3.94944,4.9007
4.37665,4.57867,3.66323,3.25547,3.15008,3.57738,2.89461,1.9165,4.10983,2.66309
4.75488,3.5551,2.82133,5.06405,4.38061,4.6575,3.55679,4.44717,3.47566,3.08663
2.68958,3.76434,4.41264,2.18141,3.26885,4.11329,3.62646,4.30859,4.32979,5.69994
2.17028,4.90736,2.87414,4.4091,4.47957,3.26565,4.79608,6.62942,3.41321,4.54716
5.32233,2.89232,5.14801,3.6682,4.64935,5.28159,5.1821,3.31908,2.62496,5.00458
4.6181,4.79786,4.95159,2.99285,4.04655,4.61908,4.54338,4.20007,4.73629,3.91579
3.79767,5.23243,4.45384,5.31543,4.4642,5.51621,6.14372,2.37021,4.40041,4.92639
4.00268,4.3636,3.47438,5.23887,3.71674,5.10912,4.46685,4.21454,5.06508,4.76985
4.44275,2.55346,3.69001,4.19261,4.54068,3.11182,4.0775,4.17531,5.22117,4.55258
6.41811,4.8685,4.85944,4.23792,2.66713,5.43538,3.51327,4.49084,3.97994,3.26511
4.24242,2.84132,4.84347,4.65257,3.01175,5.18212,4.05046,3.44668,3.66589,3.91388
5.06905,4.2711,3.92572,4.43246,4.03879,5.36296,4.5791,5.15327,6.22936,2.88989
3.0038,3.87472,4.95683,3.91964,3.87299,3.09616,3.52938,3.60631,3.13119,5.77725
4.17713,4.26647,3.69719,1.9887,4.60342,5.36945,4.28117,3.90707,4.54281,3.04136
3.78697,4.15948,3.68508,2.64398,3.2485,4.56647,3.16772,5.7054,4.89351,4.4592
2.14329,4.08233,3.99852,4.91435,2.74874,4.55378,3.80603,3.87405,4.33252,2.92499
3.37238,4.73078,5.61258,4.5044,3.58394,5.61697,4.53779,4.27073,3.6074,5.08498
4.0076,5.03148,4.45999,4.44948,2.86588,4.07804,3.56904,3.48658,2.77988,4.50567
4.72748,2.53162,3.08174,5.04844,2.52829,4.8446,3.59292,2.38079,3.73846,4.89042
4.50205,4.21033,5.23972,6.51244,5.26318,3.83231,4.92916,5.06969,4.84118,2.76673
5.2218,4.70991,3.29848,1.88558,3.01671,3.36772,3.85543,3.35249,6.17072,2.42265
2.21343,2.782,3.93683,4.57746,2.40451,2.69645,5.12145,4.70937,2.90797,3.55077
4.74428,3.39845,4.14035,3.92152,2.50269,2.75221,3.1485,5.78857,3.11733,5.65076
4.38081,4.12109,4.95719,4.10524,2.88142,4.20252,4.75151,3.62117,5.42204,3.80902
3.61992,7.05261,3.4003,3.57927,4.3558,2.85501,4.20409,3.11815,3.5012,3.74511
4.31955,3.27343,1.67469,3.17762,3.60548,5.55553,2.62241,4.27505,4.1348,4.19117
5.03339,4.38249,2.54341,3.59659,3.35238,3.86469,3.84659,4.33103,3.71665,3.45411
2.27215,5.70281,5.83789,3.48338,4.87485,4.46416,4.54648,4.6333,2.89238,4.96815
2.66546,4.60469,3.04314,4.76441,5.01989,3.52012,4.71599,3.44894,3.58902,4.88308
4.84174,3.09924,3.55481,4.53723,3.1197,3.19,3.08334,4.47395,4.01388,3.61766
4.05357,3.26898,3.9701,4.32881,3.12541,5.82806,3.77714,4.27902,5.43758,4.45738
5.81269,5.08081,3.71952,3.36601,3.64803,3.49799,1.34602,6.07823,4.1857,3.40553
4.12852,4.98424,3.86306,4.22571,4.27458,3.63536,4.4256,5.46697,3.8778,3.08848
4.22652,3.16786,4.56916,5.49796,3.36507,5.63391,3.91536,3.49062,6.25068,4.41906
4.06608,5.24001,4.74048,5.27403,3.29472,4.70239,3.73164,3.01003,5.09763,3.17432
2.2678,3.56065,3.5452,6.07189,3.30722,5.21941,5.24328,4.06308,2.62782,3.87342
4.74603,3.88672,4.67302,2.61944,2.81884,4.92814,2.35821,3.57056,4.82269,3.51432
4.51107,3.18112,2.71896,3.32362,3.33508,3.1264,4.21576,4.80166,3.90778,4.68267
4.00931,6.24835,3.60457,3.97025,4.28008,2.39056,2.92351,4.70823,4.61223,3.80195
3.63683,3.58303,5.59844,3.33678,5.38479,2.25522,5.79878,5.31256,4.37682,4.0239
4.58103,4.50298,3.29482,5.08697,2.80454,2.56609,2.85251,3.50052,4.63397,3.65435
3.56843,3.63106,4.76593,5.51874,3.89419,4.38222,5.36982,4.47867,3.9983,3.70619
4.24513,2.40796,4.35362,3.85008,3.97131,4.27576,3.4015,3.20075,3.92155,3.62937
3.25895,5.05919,4.1821,4.55862,3.62665,4.44849,3.93942,3.84019,3.91826,4.13819
3.59845,3.83687,3.92644,4.97371,5.28622,4.45804,3.9238,2.74337,3.31233,4.58117
4.02018,3.70754,3.23871,2.52199,6.01924,4.28395,5.39574,3.4279,3.95306,3.6838
4.91855,4.72094,3.30568,4.80361,4.15964,3.50256,2.39429,4.44094,3.4313,2.90603
4.97495,5.67911,3.67468,3.18106,3.86329,1.50729,3.45216,4.30653,3.40654,2.95464
3.97526,5.31071,3.89173,2.91921,2.61829,3.57765,4.14731,5.24886,2.99747,4.41655
5.25846,3.13252,2.9186,5.18448,3.04752,4.61483,3.01286,3.27127,5.21674,4.52693
3.33298,3.15077,2.56206,4.45539,2.03915,2.6599,1.44145,4.74031,4.5919,4.99958
4.14946,3.86568,2.61136,3.49401,3.61402,3.87765,3.83698,4.14698,4.39033,3.1368
5.42249,3.77363,5.31964,3.40023,4.3884,3.31628,3.01112,4.13778,4.66666,2.73886
3.69884,2.73045,4.76555,3.65766,3.68901,5.15081,6.18302,3.10189,3.91305,5.2809
6.9898,2.90845,3.05518,5.30097,3.51033,5.63673,3.56291,4.93517,5.06074,3.96566
3.85791,3.80276,4.60837,4.24222,2.12138,4.93105,2.97394,3.9605,4.5908,5.87442
5.30248,4.22414,4.25639,4.14396,4.9722,3.87287,5.49609,0.987605,5.51045,2.57686
4.53681,6.26373,3.07017,3.12838,2.60201,3.61866,4.43687,2.83199,3.05311,5.05977
4.07173,4.31989,3.67782,5.02785,3.54023,3.14916,3.17804,3.1881,4.20912,4.3765
2.43604,4.52456,5.64699,5.21237,3.29389,3.81342,4.24383,5.44398,5.56397,5.68624
4.86851,4.84075,2.27119,3.24108,3.06427,5.51546,4.80462,2.21694,4.91631,3.85032
5.32373,3.92022,3.3078,4.13322,4.42811,3.80173,3.53392,2.89783,4.17001,4.28455
3.41663,5.97149,2.70554,3.67285,3.64001,2.59213,4.48928,2.8588,4.06577,5.65583
4.45993,4.53705,3.85527,4.17554,3.83679,4.30402,3.3686,4.72276,7.31269,4.05071
3.07384,5.43967,4.73198,3.26912,4.21878,3.55339,5.68619,3.37644,2.61689,3.92236
5.39048,2.98934,4.67909,5.67711,3.44783,3.56823,3.74792,5.12524,3.58687,1.57326
4.68369,3.64359,5.2701,2.48836,4.92838,5.12931,2.91809,2.2925,2.62044,4.49328
4.90392,2.9262,5.39012,3.21451,4.28034,4.04381,4.28277,6.83747,2.6561,2.25563
2.64151,5.38287,4.52063,5.44331,4.334,4.20908,2.33708,5.28206,3.83256,5.39495
3.7598,2.25203,4.68511,3.9754,4.42361,3.0556,5.8936,3.72299,4.22623,3.10293
3.3768,3.69991,3.75714,5.25018,4.37891,5.42862,3.3511,4.3274,5.09917,4.13307
5.34676,3.44524,4.7543,3.66342,3.21528,3.97764,4.90868,6.09585,3.09905,4.56519
3.83369,4.08121,3.82194,4.68907,3.18536,4.96247,6.80627,3.43062,3.85211,4.64279
2.80864,3.29562,3.49114,3.45606,4.24047,4.87192,3.49772,5.71891,3.10115,4.28678
3.82632,4.27773,4.13966,3.8382,4.31528,3.87612,4.37819,3.50065,4.58328,4.82804
3.11052,4.85903,4.00041,2.97978,3.701,3.82234,4.70357,5.12029,4.68517,3.04546
5.32096,2.91464,4.74473,3.52739,3.97533,3.83096,4.19163,3.05205,4.04705,3.38288
3.8005,6.00183,5.3592,5.43399,3.80018,3.98004,5.32208,4.47788,3.91896,4.29916
3.44981,3.57599,2.39335,4.35255,2.67998,4.33425,5.39865,4.40245,3.81703,3.44471
5.82361,4.39535,3.84118,3.72379,4.94137,4.82906,3.38537,1.65125,4.22958,3.99913
3.69326,3.21699,3.67201,2.28154,2.74441,3.21071,2.98583,5.05725,6.0521,4.75142
4.31775,2.96904,2.82351,3.82363,4.51487,3.75727,4.83235,3.71065,4.25737,4.82957
4.75867,2.14159,4.03572,2.83188,2.8971,2.64775,3.88446,3.53501,1.77456,4.31874
1.66403,2.92661,3.84576,4.88983,4.21671,4.51505,3.8503,3.13723,3.99912,3.53522
3.52313,4.67571,3.65862,4.81207,5.57249,2.51983,3.10723,3.93075,6.04169,4.9537
3.11628,3.91176,3.91435,5.01392,4.37833,3.48464,3.07968,5.44466,2.48082,2.38946
3.87645,4.49643,4.96902,4.13912,3.93347,4.31037,3.38018,3.25134,3.50247,3.11314
3.9512,4.92341,3.90085,4.75062,3.99443,2.95074,4.14586,5.06833,4.28421,2.82825
3.56616,2.93538,5.31852,2.98005,4.41231,2.37446,1.95154,4.98388,3.90757,5.71879
4.21204,3.85064,4.52065,2.17444,4.03402,4.19171,3.27273,3.85921,2.86495,2.91036
2.51932,4.26707,3.53163,4.79234,3.16057,5.31541,3.93309,2.63218,4.71951,6.37443
4.36374,4.42321,4.43076,3.97684,4.39682,2.40074,4.53821,5.02571,2.73002,1.98195
4.04111,5.21615,2.54193,4.55105,2.47916,4.58419,3.58338,3.12633,5.75941,2.41091
5.60782,3.74489,3.45133,5.28544,2.68235,3.32415,3.52132,2.21132,1.86056,4.48883
3.50125,3.46675,4.71771,4.2446,2.65896,4.85146,5.88978,3.89202,4.0617,3.37631
1.41978,5.28514,5.27564,4.61561,3.60084,4.8463,4.76122,3.3661,4.48257,4.32828
5.75776,2.56261,2.1986,6.10256,4.29428,3.97886,2.7475,4.82181,4.07883,3.89886
2.53688,3.04574,4.37217,3.21515,5.1754,3.75945,3.79695,5.10428,4.84834,4.58849
3.21262,6.42707,4.9841,3.63993,3.96156,3.54629,4.62213,3.62187,5.10382,4.59528
4.04863,4.42735,3.484,4.81769,3.16014,3.21015,3.36044,3.82455,3.70657,2.47968
3.38435,5.1648,3.1874,4.86192,5.35811,3.27546,1.74314,5.44146,3.95236,3.53979
3.60927,2.7895,2.8338,4.60425,3.66288,3.49859,3.75848,3.82243,2.97411,3.97787
5.17473,3.97343,3.94834,3.70131,4.85607,3.53109,4.27417,4.04785,4.63635,4.11143
5.05088,5.65966,5.29618,3.24029,4.71829,4.16339,3.42022,3.15294,2.67081,5.24687
4.48369,4.98612,3.13045,5.61369,4.81067,2.4942,4.69762,5.42043,2.47037,1.70599
4.45062,3.51717,3.87967,3.73614,5.12736,4.36073,2.51692,5.29744,2.94417,2.47393
4.44847,3.69382,4.28019,4.11292,4.67617,4.91145,2.9039,3.62539,5.72382,6.40304
5.01825,5.0334,3.30498,3.13738,2.21613,2.71766,4.89925,5.03044,2.91033,4.89245
3.25103,3.63373,2.53086,4.77168,3.81222,4.25564,4.42213,3.8734,1.21615,4.87539
4.3834,5.21976,4.09188,5.59615,2.39935,3.57763,4.33502,4.18991,4.65892,3.63839
3.48077,5.32299,4.21842,3.57059,4.41889,4.68275,4.00954,3.44923,3.45311,2.228
4.82865,5.26331,3.41022,4.06583,2.95585,4.87185,3.6544,2.82827,3.96933,5.00185
4.27144,3.08426,4.38091,4.89111,2.00796,4.4694,4.42446,3.91341,3.34767,4.16266
4.1075,3.92472,2.68976,4.30344,3.91238,4.7537,3.94604,6.49374,5.24246,2.4942
3.516,4.33921,3.03346,4.74996,4.6193,2.73971,5.79516,4.20101,3.46095,3.10761
4.13213,5.32455,2.32205,3.1335,4.13379,3.51459,3.01451,4.38887,1.75972,3.22772
3.63197,3.18547,3.61288,2.77169,5.51915,3.19186,4.18835,4.50226,2.68255,4.06086
2.90402,3.37376,4.51151,4.91961,2.13815,2.2899,4.37727,4.47934,2.6695,3.41685
2.64675,3.45853,2.99074,4.40373,4.65366,2.28246,2.50833,5.24815,5.25744,3.19055
5.99057,4.66976,4.46156,4.16936,2.55879,4.40697,3.1763,3.58535,4.0509,4.13659
3.61074,3.80052,4.37787,4.24887,3.09418,5.36435,2.87779,4.28832,2.93988,3.77166
3.67492,4.40866,4.79505,4.31326,3.24609,4.82714,5.42593,4.59724,4.27352,3.78414
4.56093,3.28379,4.53096,3.86689,2.91461,4.35708,1.83396,4.21352,3.69855,5.21689
4.25474,4.21675,4.45434,3.18549,3.72802,4.34257,5.07006,2.52068,5.59283,4.69119
4.4289,2.62118,4.33886,3.97622,4.74947,3.96889,4.13863,4.45119,3.53812,3.98968
3.89022,3.59144,4.30919,4.25577,1.89409,4.03241,6.60816,3.41105,4.03268,4.8958
4.10667,4.86486,4.15374,5.50341,4.04086,2.54662,3.93718,2.73674,3.29814,4.61389
5.33144,3.5805,3.87078,4.51039,4.25186,4.49387,4.20773,4.55097,3.91021,4.87754
4.385,4.02219,3.72088,5.01009,5.05727,4.26832,3.83612,2.4255,2.88994,4.03571
4.143,2.75368,5.96224,3.86898,3.19015,4.39432,4.44324,4.4018,4.36987,5.12912
3.20971,2.84077,3.79516,4.75379,4.07163,4.6341,4.86691,3.87454,2.54502,4.02906
4.97157,3.42441,4.6891,3.50995,4.78022,4.2096,3.79477,3.65345,4.32994,3.64339
3.05773,3.28875,3.89567,3.65396,5.65279,4.50698,2.10733,4.14695,5.35928,2.4505
3.58838,4.57179,4.37275,3.38069,3.45654,3.84693,5.46802,2.59939,4.38726,4.76628
4.21564,2.57164,2.66474,4.23182,2.7626,3.91766,4.16321,3.12401,4.53992,4.60525
4.06766,5.76801,3.92136,4.22611,3.6795,4.54137,5.60892,3.80863,4.40666,2.99322
4.72504,4.92375,3.23173,3.90243,4.94697,3.12952,5.19741,3.75471,2.41329,2.83601
1.95153,3.2705,3.55708,3.54548,4.76558,2.24935,4.01422,3.97991,6.20296,3.00174
3.32724,5.57951,4.2292,3.31774,4.81197,4.32077,4.07632,3.243,4.58215,4.23462
2.87405,2.50949,4.84395,3.43044,4.41663,3.14801,3.13847,3.18395,4.23855,6.71563
4.71097,5.53181,3.39738,5.40852,5.73408,4.76644,3.07118,2.55313,3.92723,3.4276
3.74282,4.25944,4.93701,4.07156,2.3654,3.51338,6.14727,6.79104,3.52417,4.82038
3.9105,3.87243,4.31598,5.68117,5.48839,2.81654,1.65096,3.54709,4.14344,3.70581
3.13951,2.68329,6.15139,2.57431,3.59678,4.53346,5.6801,1.82228,4.96058,5.09948
3.26323,4.15566,3.0694,5.68829,2.47091,6.58557,2.8501,3.04111,3.31411,3.88967
3.09314,4.34865,5.97682,4.25768,5.52046,5.81896,3.32327,4.20788,4.07795,4.11102
4.60406,2.94847,3.79181,3.16735,5.7144,4.77762,2.77277,2.47389,4.30029,5.15468
3.3183,5.90857,3.25855,4.8266,1.93786,3.82516,2.98461,2.84101,3.82857,4.67985
3.98222,2.47983,3.33716,1.87891,4.38829,4.97276,4.67509,4.23938,2.56023,1.63126
6.20949,3.45826,3.04001,3.30041,3.59733,6.24958,4.74028,5.09403,4.05205,3.41674
3.20238,3.55837,3.44263,4.9134,5.25561,3.17029,3.30042,4.24027,4.43944,3.76302
5.34112,4.50139,4.91954,4.31174,5.09414,3.99986,3.52321,3.13262,4.89858,4.71682
2.03983,3.36136,3.27531,3.11546,3.18825,4.29865,4.77377,5.47995,3.32804,2.71916
2.8196,4.03474,4.25888,5.79486,4.5732,3.42881,5.66723,3.4377,4.65916,5.23853
4.32865,3.88783,5.36588,3.23453,3.36581,5.04271,5.22828,5.98132,4.21581,4.4068
3.46714,3.58599,5.19376,4.29088,3.4162,3.48027,4.85461,2.91396,4.13469,4.28546
3.52761,5.52875,3.30627,4.18983,5.75725,6.31954,2.91016,4.69376,4.58506,2.96372
3.22276,4.37578,3.69154,3.97955,3.91448,2.72917,3.61425,4.48344,4.62565,5.11569
5.37208,4.15537,2.93906,3.42522,2.04387,3.97924,3.98166,3.93195,4.90469,4.84213
2.94254,5.55755,5.18678,3.75626,5.07643,2.50869,3.17949,2.56449,6.12137,4.84652
3.50843,4.85362,4.64163,5.65192,4.51255,4.84187,2.72029,4.38426,4.12801,1.956
3.86342,6.34952,4.29477,4.10073,3.66591,3.33191,2.86153,3.13845,3.76583,4.36881
4.84922,3.05784,5.14173,5.49152,4.413,3.42814,2.90947,2.8216,2.92153,3.43756
6.20511,6.03834,4.24368,3.87302,4.74722,5.16538,2.61174,3.28299,4.69446,4.78157
3.59495,3.79038,4.64745,5.79583,2.87082,2.19556,3.65472,5.29236,3.08476,2.30921
4.49171,4.29269,4.55416,5.13184,5.79683,4.61782,3.00731,3.03269,3.95498,3.50304
5.68915,4.61524,4.32563,4.39856,3.93615,4.75562,5.64445,2.98546,3.49388,4.25757
3.19162,4.32574,3.67932,4.30097,3.57703,4.05674,2.69278,6.13367,4.85538,4.52569
4.14281,5.50813,2.64676,4.92766,2.04298,4.99086,3.48043,6.0802,3.33101,4.33619
3.31668,4.02232,2.76592,5.02452,4.94857,5.53768,4.67239,3.57518,2.93853,4.09271
4.19942,3.63387,4.24393,1.4528,4.30517,3.24863,4.76458,5.22062,5.77185,4.05302
2.88717,3.74217,4.80956,2.8141,3.08223,4.82079,2.94456,3.83178,0.976823,2.29882
5.11308,3.54844,5.29483,4.26112,4.19508,5.06661,4.25058,5.03468,3.05575,2.73152
5.16374,5.10631,6.34272,4.83213,4.78276,4.43647,5.74975,4.25159,5.29738,3.15669
4.28188,3.22686,3.55115,5.39607,6.00492,3.82628,4.92326,3.63062,4.84544,4.04793
3.06066,5.47684,4.96688,4.49262,3.4272,3.73995,5.89948,2.76804,3.73455,5.0062
5.97228,2.51785,4.82129,5.02052,3.37913,5.14559,3.59677,4.04141,3.37089,2.90343
4.36159,3.60591,3.93385,4.62037,5.36085,3.29158,5.91873,4.43865,3.18745,5.44165
0.559163,3.30911,3.92449,5.78454,4.50813,4.92146,5.53631,1.75769,4.39192,4.58559
4.56946,4.78437,4.56087,3.16391,4.16794,4.22971,3.05401,3.97884,3.44385,4.10851
5.07037,2.73577,4.27301,2.49848,3.51119,3.36784,1.92306,4.88625,4.03857,4.77852
