10
3.90668,3.92358,4.14247,3.08712,3.9677,4.69797,5.05678,6.07506,3.67689,3.00727
5.14631,2.52656,2.83256,4.23132,3.12793,2.00074,2.71563,4.04748,3.50156,2.99277
4.85569,4.84779,4.07966,3.68478,3.62426,3.52445,4.14901,2.84188,4.89507,5.13449
4.09589,4.5992,2.28339,4.12046,3.94709,5.81758,5.83738,4.01481,4.07783,3.70675
4.74296,3.90041,1.63722,5.6312,4.07783,3.61841,3.63734,3.72621,4.52019,4.01507
2.38029,4.50863,4.184,4.39233,3.22036,3.49169,3.61194,4.84726,5.00037,5.85694
3.28631,3.6944,3.88927,5.62571,4.16772,4.67585,4.17575,2.87587,2.05541,4.6933
4.21235,3.63717,5.29544,5.67696,5.42819,5.83817,5.06436,3.0219,5.11345,5.41577
3.8185,3.93292,4.01062,3.56634,4.43883,4.97781,4.93855,3.23698,3.94819,2.91585
5.06146,2.42826,2.9641,4.29383,2.94262,4.621,4.59184,3.92988,3.6271,2.83893
2.13569,5.2289,2.10553,2.69213,3.29442,3.47327,3.27307,4.81434,4.28541,4.25196
6.60862,4.5651,2.74596,3.65688,4.48595,3.52311,3.88892,3.84508,3.71802,6.32609
4.75312,2.79236,3.14695,3.33369,4.05908,3.69359,3.23666,4.21209,4.14395,4.84548
4.09499,3.40168,2.82091,4.0581,2.82622,4.01462,3.93214,2.33284,5.00665,4.26512
4.92486,2.79152,3.21078,4.87762,5.1206,3.15973,4.92243,3.23124,4.57334,2.34518
4.56189,4.41309,5.82491,3.09516,4.30592,3.30002,3.89779,5.70267,4.05324,5.73444
2.15633,3.72427,3.82753,2.91402,2.69218,4.3946,3.32129,1.781,4.05542,4.17997
4.54062,4.37777,4.55244,3.87933,4.37738,4.14595,4.93258,3.42235,3.57833,2.87513
4.56246,2.46638,3.0628,4.46082,3.3077,2.95353,4.79525,2.65042,5.37312,2.76372
2.93899,4.05356,3.98066,3.53075,4.81019,2.64741,4.97769,3.79839,4.71238,4.91554
3.91036,4.9793,4.46392,3.84643,4.09923,3.91621,4.9497,4.21257,2.86886,2.3327
3.36487,4.19245,3.50945,2.98837,5.21984,4.7367,4.28701,4.23789,5.90564,3.17251
5.04326,3.20853,4.57652,3.9193,4.79909,3.42816,3.94171,4.60574,2.77333,5.55411
4.55881,4.30891,3.87163,4.9039,2.4447,3.83679,3.88811,3.57181,4.27136,3.72786
3.78808,3.29433,3.5416,3.58083,4.22763,1.57202,2.68497,3.10124,4.63306,4.49208
2.06303,4.4512,3.03109,4.12084,3.99748,3.00214,5.11168,4.3711,4.73224,4.91668
3.81226,5.05652,5.52816,3.63319,5.02134,4.28617,5.05382,3.67215,3.48583,6.02482
4.10821,3.80787,3.44916,5.44103,4.50297,3.85877,5.0435,4.59241,3.27507,4.79572
5.12008,3.03338,4.17299,3.6578,3.49872,4.00602,3.9478,4.71951,4.92053,3.62208
4.39674,3.44352,4.34184,3.9998,5.30668,3.88084,3.92822,4.94692,3.76467,2.10497
2.78617,4.18846,5.54237,4.37669,3.40148,4.20872,4.56985,4.78534,3.26512,6.71866
2.75828,5.35605,4.69504,3.73503,4.96561,3.23557,4.41285,3.52106,3.96225,3.33261
5.09118,4.09904,5.08334,2.55608,4.25994,3.61652,5.63844,3.66281,5.06139,2.93419
3.29183,3.26644,2.30887,5.6259,3.13061,4.2222,5.47924,3.8654,4.49639,4.93059
6.52248,4.3263,4.96712,4.21218,4.83554,4.3603,2.83142,2.89328,4.33567,3.09918
3.69307,4.21574,3.58932,3.6852,3.57504,3.99287,2.85556,4.0762,3.89218,4.05253
4.82865,3.84456,2.04053,4.72575,5.38014,2.53359,2.14252,3.38738,3.19908,2.10111
5.12226,2.33254,2.5427,3.45943,3.2647,5.07635,3.89231,5.44345,2.44675,4.3023
3.47396,4.79436,3.09115,3.92542,3.73777,3.56669,4.22555,1.99112,5.74121,5.25026
3.47927,5.14074,3.92659,2.56402,3.25797,2.90807,4.61923,4.03027,3.42762,4.02074
5.71562,4.31389,1.90609,5.14918,3.56267,5.66197,3.64272,4.09507,3.92871,4.20384
3.83619,3.99912,2.11319,3.26659,3.91842,3.28974,4.22144,3.63725,4.02758,4.28626
3.47854,4.60767,4.38324,3.79599,3.45154,3.56386,4.43383,4.03308,3.71609,2.848
5.41611,3.7506,3.44921,3.13008,2.35497,3.12103,4.9912,4.38691,4.0858,5.13492
2.18134,3.48428,5.16822,3.23714,4.429,3.36892,3.21514,4.70821,6.51875,4.70546
3.48136,4.54877,3.57517,1.70641,3.38238,4.10298,3.36532,4.20816,5.12384,4.82151
3.81936,2.67838,5.05795,2.78183,4.22391,2.9598,3.72239,6.43758,2.69358,4.95723
4.57941,4.00401,3.65497,4.44958,3.77338,5.11947,4.27573,3.14065,3.26686,3.95663
2.77229,4.40011,5.72403,3.35802,2.85518,4.08977,3.06947,4.81275,2.51533,3.39774
3.17686,4.66746,4.74219,3.02849,3.12416,1.34171,3.12149,3.64865,4.32049,4.60499
3.03006,2.3679,4.38483,3.71476,4.96417,4.4493,6.04908,3.12716,5.0462,4.50347
4.27235,4.16984,3.9778,3.49671,4.27647,4.98824,5.16421,4.36596,3.08637,3.32102
2.78597,4.92246,4.13105,3.32934,3.30909,4.26964,3.67259,4.10087,4.07286,4.45344
4.90001,4.87875,3.325,2.56156,3.30234,5.62684,3.8642,2.96845,4.36198,4.26206
5.37131,5.09844,4.88842,4.28074,2.90755,5.04911,4.4379,4.62247,2.84427,4.30476
4.72449,2.9364,5.86172,4.88959,4.81078,3.22025,3.04033,3.35527,6.45689,4.93461
4.10862,4.41413,4.671,3.64731,3.7321,4.29129,2.88909,3.77573,4.33467,3.6987
4.17041,3.54983,5.29872,1.95801,3.20056,3.8489,1.9248,3.24035,3.27774,3.21093
2.83845,3.54072,4.88754,4.32417,4.06977,3.07811,3.13315,6.09927,4.8898,3.61072
3.53261,5.47857,3.79916,3.86676,1.80757,2.99589,4.91454,3.27309,4.74523,3.70802
3.93494,5.1305,2.62195,5.01427,4.89448,2.98893,5.85861,2.44131,4.85323,4.19827
4.80259,2.95808,4.55764,4.02562,3.28269,3.46797,4.42726,3.84294,4.66464,4.42085
3.52874,3.72228,2.0894,6.16942,5.84072,4.16841,5.36296,3.32296,3.69651,4.73698
2.47215,3.87408,2.89843,3.03717,3.16593,3.27353,5.20974,5.10046,4.913,3.65007
4.2912,4.17531,5.13917,4.36932,1.33991,2.85696,3.32682,4.77209,3.76911,5.32147
4.71245,5.55264,4.39645,3.80846,2.91143,3.62712,4.44324,3.28562,2.89365,2.3856
3.81828,3.09028,3.13153,3.79793,2.96213,5.70485,2.39558,4.21241,4.10936,4.90691
4.02801,5.79855,4.10943,3.46262,4.27936,2.02916,2.52398,3.89729,2.87343,4.0604
4.67803,3.90569,3.74195,5.2424,5.34808,3.78923,3.96622,4.32155,4.12928,4.76367
6.40943,3.73961,4.2929,5.86692,4.78485,1.9443,2.81092,2.54088,3.76892,4.0705
2.54167,4.77478,3.36884,2.90694,4.00624,5.22431,4.12906,3.7767,1.89714,3.99488
4.87315,4.89743,3.66733,4.25896,4.27204,3.45695,2.90458,3.26502,3.65253,3.50257
2.54579,3.89208,4.28054,3.20559,3.68023,4.67656,3.66636,4.18895,4.20778,3.36837
3.24649,4.11009,4.81331,3.83207,3.56849,3.28203,4.18534,4.50215,5.57719,3.11279
3.05255,2.87212,4.82694,2.38961,4.80759,4.49864,4.61933,2.27337,3.86409,3.90426
3.74833,3.69258,2.75247,3.86382,5.19834,5.41886,3.10922,4.25629,3.75593,4.46425
4.30121,5.57314,4.37116,5.00035,4.93242,1.799,5.10652,3.94238,1.88732,1.88182
4.13426,4.61533,3.88163,5.66066,3.07358,1.81239,3.81016,4.35532,2.18275,5.27326
4.21558,4.92416,5.57969,3.27749,2.19493,2.14084,5.28073,4.06509,3.42681,3.94643
4.99,3.49938,4.91234,5.24275,4.07026,5.44007,4.69425,5.75402,3.79455,2.72092
4.83994,5.01895,5.6631,4.28127,4.40545,4.64155,3.04648,5.20452,3.5269,3.35738
4.98335,3.24241,3.13935,4.40358,3.70158,4.02714,3.35773,1.96169,4.35474,3.73611
2.63242,6.28527,3.54236,3.10214,4.75637,3.8848,2.97466,2.01165,4.3263,2.87545
5.36921,5.01923,4.62227,4.19793,2.73531,2.80134,2.49266,2.55628,5.48582,3.24207
3.44776,3.80025,3.43168,5.84679,4.11144,3.62004,3.89805,4.46673,4.79285,5.29718
5.37847,3.56463,4.76923,3.91942,5.59081,2.8704,3.74059,3.90499,4.18675,4.36906
4.01102,6.00603,3.85147,4.43892,4.14881,5.61426,5.43685,4.24337,3.28685,5.57559
4.78084,4.49065,3.64164,4.52493,4.85564,5.37724,3.49111,4.231,2.79632,3.63873
3.81187,3.83079,4.14128,2.29623,2.87211,3.72152,4.44032,2.63388,5.31971,2.4066
4.41402,2.86128,4.66781,5.3159,4.15064,3.19793,3.14387,2.64494,4.00999,4.43244
2.86099,5.0691,3.18436,4.47951,4.21904,4.51899,4.79065,2.91538,3.03336,4.42519
4.41186,4.05187,4.4954,2.98499,4.72333,4.6762,2.78571,3.08387,4.02519,3.46757
2.83432,3.34082,4.33665,4.85129,4.69201,4.26128,4.0393,5.44453,3.54402,3.592
4.7227,3.65045,4.89258,4.49689,4.10063,3.7556,4.85699,4.07301,3.84142,5.90725
2.44547,5.0251,2.90735,5.641,3.74216,4.34278,3.5021,6.18768,3.13578,3.86291
4.0855,2.53079,2.02159,4.58116,3.84425,1.6111,4.17456,3.16805,5.01824,4.19832
2.28602,4.18459,3.85985,5.28434,3.52379,2.92032,4.41956,5.32437,3.68639,3.88156
4.68513,3.36979,3.82862,3.33194,1.31804,2.09522,2.73079,3.71721,5.46975,4.73258
4.88154,3.76186,5.01496,4.25888,4.35877,3.87311,4.98641,3.31464,2.87284,5.55002
4.19787,4.75134,3.91307,3.15113,3.29308,3.10628,4.94382,2.52581,3.83013,3.11507
3.65239,4.58767,3.59686,4.29815,4.81568,3.91362,4.34701,4.79154,4.07616,5.15251
1.66688,6.13549,3.89884,3.16417,5.28457,4.50676,4.46964,2.51249,2.87948,2.80184
4.56829,2.82597,3.79091,3.41612,5.05075,3.63905,3.12039,2.5024,3.44857,4.26138
4.88014,2.96606,4.5755,3.51804,4.39306,4.4487,4.727,6.46112,4.1722,4.88099
4.92177,4.44006,1.65515,4.53813,4.45861,5.00964,2.8784,4.78318,5.04156,3.69513
3.98388,4.36794,2.5844,3.13577,4.5532,3.73153,2.74443,2.91373,4.30142,2.00239
3.03464,3.63552,2.16116,4.86777,3.73853,3.95102,3.21346,4.43965,4.74592,3.96904
4.90985,3.09478,4.21565,4.8759,2.75367,3.56388,3.60642,5.72413,3.58827,4.07317
3.35757,3.66931,4.46936,3.04121,4.00894,5.36809,3.74437,4.7383,4.10282,2.96235
4.6612,5.23839,2.40258,5.29877,2.95965,2.92849,4.79463,3.42643,4.71231,4.88224
3.90103,5.82808,5.73832,3.77507,4.09407,2.51243,7.141,2.98359,5.4962,4.28576
3.29586,4.8499,3.77101,2.937,6.27237,2.73533,3.88321,3.41904,4.52552,3.93945
4.30409,3.61022,3.01315,3.295,3.80756,4.02618,4.33613,4.13229,5.85758,4.59154
4.89848,4.27699,4.84262,3.76809,3.07618,4.91738,3.80402,1.71487,3.41338,4.23864
3.46931,3.71384,4.15994,3.60588,5.04442,5.39539,2.93904,3.8375,4.2571,5.89732
4.82637,4.96659,4.9567,4.74296,3.31166,5.49509,3.23753,3.88512,2.79832,5.1168
3.22399,2.79182,5.35365,5.13957,3.53537,5.60944,4.44695,5.54795,3.6917,5.77672
3.69529,4.46992,4.6425,4.11242,5.15832,3.44076,2.35172,4.29426,3.06468,3.70841
4.27684,3.55199,4.75765,2.76486,4.44286,2.29081,3.94743,3.17547,4.65916,5.19957
6.39009,4.97689,3.5229,3.68068,4.52089,4.3629,3.41409,3.73504,3.78986,1.47739
4.30237,4.10459,4.06441,4.84368,2.92456,4.62157,4.08169,6.51853,5.06157,4.20197
5.29303,3.0243,3.41099,2.52972,5.05597,3.13783,3.11606,4.06174,3.14785,4.53046
3.53916,4.5747,3.8383,3.74408,3.05623,2.90423,3.96659,4.27695,3.05995,5.82454
3.6438,3.16384,4.04947,3.85493,4.61311,4.77868,4.90212,3.56267,4.21366,5.62932
3.17724,2.90377,5.10778,4.87758,4.23249,4.50192,3.68677,4.90807,4.58962,4.8641
3.68054,4.10762,3.81768,2.64348,2.45142,3.74205,4.19711,4.72242,3.27028,3.98833
5.05155,5.66914,4.39313,5.91081,3.16104,3.45925,2.94494,4.85344,5.64674,3.92686
3.62777,3.45036,0.862281,2.9782,4.05595,3.50687,3.46621,4.439,2.70035,4.49376
4.54525,4.00246,4.38881,3.66867,5.11278,4.99198,3.77116,3.70346,2.764,2.84241
4.02588,3.80309,3.87095,2.90164,4.00182,3.16228,3.47527,4.9746,4.48809,4.65134
3.55328,4.69293,4.36178,3.87756,4.61167,4.48488,5.14979,2.63548,3.31362,4.96969
5.86084,3.69611,3.64214,4.25442,2.33619,4.12924,4.53675,4.12834,4.27239,4.09057
3.61606,3.83055,3.95286,4.02848,1.43093,3.97361,5.15695,3.52563,3.94893,6.11598
3.28311,5.3078,4.52621,4.494,3.84447,4.02606,3.85149,4.23685,5.55358,4.27831
2.59134,4.13796,3.70913,4.3675,4.69449,3.84505,4.54888,4.01732,4.12622,2.67226
3.6082,3.56794,3.63291,3.94848,3.63652,3.46225,3.85718,2.82758,3.16451,4.64588
4.55464,2.4638,2.82431,1.88784,4.41971,3.29552,4.1862,4.83779,4.07001,2.20414
3.33681,4.32351,4.48305,4.42975,4.42841,4.58605,5.87613,2.24818,5.15981,4.00686
4.1709,3.75642,5.87155,4.11593,5.48699,3.9512,2.55553,3.48318,5.1456,4.01493
2.93876,3.18804,2.7723,5.55592,3.68844,5.02622,3.93717,3.52991,6.11614,4.83621
2.83793,3.68077,4.02625,3.63445,2.85921,3.9983,4.74215,4.65015,2.36776,6.99419
3.67673,3.28865,4.68729,3.43422,5.36862,4.28762,6.05191,3.92647,3.22853,3.66904
5.00201,3.64958,3.90122,4.84523,2.67577,3.62171,3.82993,3.97145,3.77719,3.88998
5.12236,3.73171,4.6722,4.29046,2.30819,3.05641,4.89619,3.25738,4.6864,4.33486
3.61802,4.04182,4.66369,4.06695,4.14479,5.79888,2.92715,3.32098,4.43102,5.08598
1.99168,2.95629,4.46335,2.87672,2.39794,3.65715,4.32561,3.15975,3.15159,3.4284
4.04548,2.58629,4.44152,3.16865,3.39611,4.45509,4.34256,4.58141,2.93739,4.02467
4.8758,4.29966,3.29786,4.46737,2.45156,1.87125,2.71706,5.96362,3.47989,4.45676
5.38245,2.64981,3.06677,4.91223,2.7853,3.90012,2.72038,4.39876,2.95517,4.77129
3.77571,2.18049,4.62495,4.45703,4.66107,3.87959,4.10987,4.82036,3.61373,3.1215
6.13044,5.32646,5.78268,4.24933,2.8572,3.73915,3.81355,3.57295,4.0959,6.00434
2.4101,4.65073,2.99772,1.98373,3.55825,3.89655,2.49819,3.4883,3.35424,4.2884
3.01701,3.58804,4.60318,3.83478,4.73244,3.13694,5.07395,3.58361,4.31566,3.56272
3.95993,3.76704,4.00848,5.98471,4.27535,3.44912,2.91305,3.78929,2.58707,2.1283
3.46204,3.72318,4.50259,2.1894,4.91853,5.03739,3.68196,3.74826,3.06663,2.94075
2.64632,5.36908,1.07912,4.54074,5.42526,4.10951,5.46874,4.81114,3.24212,3.00062
2.5338,3.96707,3.46498,3.58575,2.49003,3.41493,2.57184,3.8567,4.69803,4.33393
2.58183,3.97187,3.95175,4.3956,4.08336,5.24763,4.82199,4.22316,4.46386,4.40895
5.34214,2.0792,2.17958,2.30528,4.51126,4.95668,4.97195,3.84864,2.91956,3.40408
4.40766,3.98032,4.12773,3.69451,4.14628,4.19035,4.03744,4.63742,4.23112,4.87962
2.42122,5.09992,3.99632,5.45044,1.79352,5.92255,5.50893,4.88647,4.56426,4.74001
4.16978,3.91705,3.91884,4.81362,3.30812,3.95543,4.65181,4.64539,3.40487,5.27754
3.04534,1.74935,3.73742,3.61251,3.6506,3.38087,2.98762,5.35281,3.66979,5.48142
3.819,5.88614,4.10412,3.08338,4.77174,3.80479,2.92865,2.45014,3.73701,5.42753
3.68435,4.50191,3.66696,3.41895,3.5925,4.35247,4.68828,4.50678,2.96245,5.96379
3.93903,2.99354,4.40289,3.45217,5.41986,4.35726,2.6276,3.81344,5.36619,5.52447
4.47833,3.81934,3.14814,4.52954,2.29636,4.30464,3.23276,4.63844,2.29397,3.42854
2.54612,3.48934,4.94175,5.21226,3.53153,6.81665,4.8003,3.49095,5.65931,3.0147
4.70857,5.27729,4.38954,2.12249,3.72895,4.86754,4.91684,5.6756,3.25873,3.00221
5.55761,4.11058,3.76682,3.30196,2.78869,3.18518,2.39465,4.59653,4.64727,3.66068
4.46128,3.38793,4.48874,2.50626,5.03233,3.80721,4.82447,3.36881,3.66668,2.30986
5.45206,4.51721,3.83061,2.3579,3.551,4.36852,5.23486,5.17551,4.68739,3.63235
2.73829,4.77134,3.53731,5.67745,2.76731,5.94946,4.18905,4.01464,4.00173,4.01611
3.23509,4.59568,3.67024,4.57209,2.36145,0.939826,3.21833,4.68628,4.35903,3.45362
4.93311,4.6567,4.03911,5.49037,2.87616,3.80814,5.58654,4.41313,4.48021,3.77493
4.09951,1.7152,3.5832,4.25751,4.53154,3.23378,3.77202,5.01149,3.97307,3.5822
3.39836,5.22918,5.023,4.65312,4.59948,5.08492,3.80846,3.66112,6.1695,2.67862
4.37573,3.86678,4.81429,4.37083,3.88975,3.29938,4.32854,2.80022,2.61549,6.19891
4.07921,3.51274,4.00676,3.73777,2.95982,3.57416,4.45947,4.83005,3.99899,3.9942
4.46286,4.62654,4.90753,4.08567,5.60458,4.90308,3.94272,4.32224,3.98292,4.34434
3.69434,4.47581,4.99689,4.94927,2.91496,5.2095,5.03494,4.69251,6.36198,4.12585
4.0551,4.53407,3.98045,5.38879,4.38392,4.62018,3.68243,3.57461,2.32613,3.44545
4.06949,2.75718,3.49597,5.18926,4.52653,4.06613,3.92478,2.61168,4.5362,3.82391
3.64739,4.56641,5.43762,3.60524,4.95529,4.25737,4.0743,2.3931,4.07023,5.3207
4.06121,3.74264,3.50699,5.18277,6.09779,4.49339,4.64867,4.47418,4.0933,4.04869
4.5314,5.2467,4.86172,5.08665,4.52596,6.07754,3.49834,2.42701,3.86463,3.06288
3.13394,2.99664,4.72792,4.23909,2.4495,5.26479,3.34169,4.87122,2.48615,4.69199
3.84319,5.07791,4.65619,3.88114,3.50596,3.1853,4.38594,4.35126,2.91703,3.58663
4.35515,3.45202,3.92838,5.83923,3.5076,5.0031,4.63004,1.44134,4.25347,4.09949
3.3246,2.96563,2.95166,5.21189,4.83716,4.17617,3.53625,5.32652,3.1726,4.18365
3.36919,4.49818,4.87753,4.06111,3.88053,3.14695,1.35433,3.7714,4.26826,3.76996
4.96662,3.84515,4.51205,5.22832,5.36902,3.9776,2.34935,3.19883,2.3175,3.59496
5.75406,3.47598,4.59263,5.2239,4.37131,5.0904,3.94352,2.85845,4.95532,3.19714
3.97862,3.98789,2.89513,4.98931,4.06339,5.23002,4.63873,3.58484,3.18135,1.53334
3.7072,3.83845,4.25542,4.46752,4.39041,3.8553,3.61408,7.30648,4.95396,4.10733
4.7361,5.08707,5.91715,3.46992,4.01393,5.34265,3.8898,2.89853,4.9521,1.26433
4.21931,2.23994,4.41728,1.79337,4.24383,4.23321,2.205,2.9061,5.05612,4.62621
4.05656,4.63599,2.86762,4.89421,5.38903,4.04032,3.10002,3.25616,5.36558,4.96725
2.14888,3.44024,3.62181,4.32182,5.08437,4.31713,3.73118,2.15235,4.08424,3.35562
4.49453,3.62097,4.41121,3.64537,3.33741,4.95638,3.4363,2.55468,4.04938,3.98004
4.33242,3.93942,3.44625,2.54642,5.48548,2.30423,3.97541,2.52345,2.73987,5.33866
3.83233,4.25795,3.4393,3.72006,5.30928,4.10178,1.94974,5.17983,5.26232,3.71793
4.53919,4.70503,5.45767,4.43053,3.32153,4.54361,2.81631,3.68458,3.15477,3.76984
4.45452,5.79697,4.57497,4.93195,5.70416,3.86995,4.15522,1.66108,3.37724,4.66899
4.23807,4.44992,5.15024,1.64996,3.67239,5.72033,4.11358,5.41418,5.78779,3.78615
3.95104,4.11584,4.58541,5.39331,4.71787,2.91082,4.94144,3.65281,4.08992,4.62832
4.25007,4.89204,5.48978,4.50944,5.43485,3.82254,5.97888,6.56206,2.25931,4.09262
2.23071,5.76487,4.64887,3.09789,4.63908,2.8159,4.37307,3.51143,2.95269,3.87644
4.84867,4.73749,4.3353,4.88436,5.10972,3.75363,2.84669,4.29006,5.58745,4.70162
2.8786,4.56647,3.02904,4.2686,3.0673,4.38604,4.92034,2.69855,5.1965,3.98896
4.80304,3.90171,3.77325,2.81626,4.22289,5.09763,4.11328,5.12378,3.42456,3.79978
6.03229,4.29464,3.73129,4.2074,3.9021,2.84921,2.81191,3.36983,4.46468,3.5792
7.01316,3.28766,0.908548,4.18779,4.62459,6.0022,3.81259,4.33976,2.6746,5.70691
5.56218,5.00361,4.65827,5.11586,4.16625,4.4799,5.57765,5.85554,4.3034,3.56606
2.76552,3.39467,3.25812,2.91789,5.61869,4.39735,3.74021,4.34896,4.55031,3.2461
3.47807,3.71059,4.10369,5.36555,3.63315,2.81388,2.91429,2.73481,3.0181,2.53007
4.71833,5.4089,3.89505,3.12464,3.5505,5.49168,3.09506,5.41915,4.71079,1.40314
5.60135,3.97777,3.38204,3.44851,3.52822,3.88557,3.52339,3.86164,4.23138,4.44242
6.02839,2.23997,4.4793,5.00345,2.92255,2.79907,4.50678,5.35193,5.49211,4.26817
2.56392,3.70688,4.33366,3.04991,2.56513,4.85875,3.86473,4.35608,4.13622,3.52749
2.87802,4.40889,3.46732,4.23235,4.70928,3.63618,3.87053,4.23651,4.85057,2.65991
5.25633,3.2808,4.93521,3.43729,3.86805,5.35764,2.13074,4.85493,3.06656,3.20939
3.56815,4.49523,3.64152,4.81984,4.11944,4.21042,4.07905,3.5773,4.76475,4.27474
2.62701,4.83509,5.73936,3.13896,4.8067,4.27964,2.17786,4.407,3.75784,4.83528
3.76935,5.10036,4.98714,3.81726,2.6485,2.81344,2.42238,4.04124,4.42517,3.70384
2.5453,4.08131,2.53469,5.33792,2.68492,3.25721,5.2972,0.775719,3.07629,4.03696
4.11167,4.53487,3.81096,4.55013,4.71972,5.67935,4.70633,3.16784,4.80759,3.62423
3.90532,3.67543,4.52607,2.72631,4.73553,4.34886,6.06577,4.04086,4.20518,5.32345
3.20878,3.19185,5.48316,4.20873,4.22424,4.41587,4.10449,3.81603,2.32492,3.62446
4.229,4.38585,1.45095,4.73739,4.42933,3.54815,3.73999,4.68776,3.49724,4.76765
2.41569,4.84617,4.7615,2.99621,2.93637,5.17327,5.46859,4.47545,4.20053,2.58324
3.96231,4.52482,3.22474,3.17309,5.62649,5.70644,2.19351,4.32669,5.46082,4.89558
4.20063,5.0164,2.82817,2.89075,4.26644,4.63042,3.42643,3.30117,5.16921,3.06844
4.1926,4.12008,6.17343,3.08982,3.07551,5.18175,5.35821,3.24821,4.5745,4.44707
4.7813,3.99754,5.44009,4.21354,3.65248,2.76257,4.08115,2.65951,6.16372,1.95808
1.81687,4.95321,3.24199,3.72651,5.09545,4.64722,4.47316,6.64196,3.35762,4.6897
2.69305,5.32532,2.69337,1.97967,4.77391,4.74105,4.5423,4.06168,1.62239,4.45442
3.22731,4.23053,3.05239,3.96544,4.92263,4.95244,3.63592,2.70761,3.69925,2.01895
4.2732,2.35034,3.04385,4.62671,4.16257,5.01704,5.55518,3.74785,6.16993,3.63365
2.82749,4.42096,4.47415,5.10863,4.88741,6.47545,4.02317,4.94418,4.89083,3.83344
4.96908,3.35439,3.5113,3.22531,5.34072,4.66425,2.78934,3.22682,4.60915,3.92532
3.35497,4.02519,4.58603,3.6052,2.88684,4.88345,3.76179,2.77512,3.91698,5.1623
4.50014,3.32173,4.88732,3.28941,4.30002,4.61554,4.75461,4.46803,4.81919,5.12945
4.23158,5.41629,4.8028,3.65703,3.50593,4.92984,3.00043,4.49196,1.8499,5.15635
5.57233,5.38362,3.31296,2.24887,3.69366,5.69983,5.44624,2.96756,2.82547,3.69521
5.18054,3.17026,4.89013,3.36568,3.1633,4.24393,5.24708,3.92242,4.59356,4.93097
4.16874,5.10165,3.90461,4.10611,2.35826,3.15542,4.24268,2.40252,3.87339,4.43001
4.06177,3.65953,1.21246,3.49735,5.20939,4.07196,3.84181,2.87303,3.6146,5.91391
4.47791,3.41733,3.42929,3.8667,3.3107,4.12081,4.6156,3.84373,3.47471,4.92619
4.41739,5.21793,1.49142,2.80813,3.20806,3.62471,5.31884,6.10852,5.778,2.7794
3.44537,5.25345,4.27192,4.36754,4.00888,4.48415,4.2537,4.27279,4.37138,4.6036
3.84985,4.33033,5.14565,3.99851,2.3526,3.73588,4.406,3.83376,4.08098,2.43493
4.1477,4.21784,3.54362,4.1156,4.01685,4.53099,5.58574,3.58218,2.40943,6.34276
4.66291,4.6376,2.46864,3.72814,3.3593,1.72592,4.42337,4.52846,4.45611,3.25079
3.01953,4.61039,4.25559,3.59157,3.44579,3.23736,3.98906,2.2696,4.78963,4.54405
4.62422,3.10573,3.34602,4.1176,4.66977,5.12502,5.43101,3.99849,5.46728,3.53094
4.9204,3.50254,4.86004,4.20288,5.66563,3.87397,6.14588,4.9672,2.79772,4.02726
3.86277,4.17063,3.0067,6.77873,4.80054,3.51923,4.07601,4.76294,3.90283,4.51267
4.96725,2.94016,3.85845,2.7059,4.4332,3.24442,4.36783,3.17014,3.59381,3.67797
1.09232,3.43463,2.56849,5.96019,4.3153,2.90394,5.3225,2.92239,2.78598,3.47963
4.42156,3.3183,3.69035,2.24041,2.03423,5.07167,6.1291,3.43204,3.80393,3.44379
5.27506,3.16782,3.32704,3.96097,4.92625,4.20189,5.09437,3.15367,4.55827,5.54259
5.17828,3.73253,3.19308,5.19703,6.9178,2.42855,3.00346,4.87744,1.94819,3.22164
3.94674,4.36585,3.26463,5.53317,3.59813,6.66383,3.74049,4.4203,4.06095,5.52557
6.47277,3.93245,3.78855,3.59924,4.47232,5.21867,2.86895,5.42991,3.03666,4.36996
3.4801,4.26499,3.90943,4.59627,4.69308,4.86577,4.09608,5.52903,3.11986,3.4851
4.04181,1.71196,3.92365,3.28715,5.17044,2.12041,3.62117,3.90085,4.17428,4.84986
5.05169,4.0185,3.56375,6.04573,1.65202,5.34191,3.77788,3.13942,4.45989,6.62872
4.65103,2.12578,5.10517,4.96017,6.62517,3.84542,3.21244,3.63563,3.34234,3.7194
5.85662,4.48494,2.6486,4.15362,6.13962,2.21721,3.52798,3.43556,6.25817,3.58361
3.24402,3.18662,3.75482,3.39832,4.97062,4.83197,4.50536,4.87146,6.84663,4.40678
2.68917,4.93054,3.60537,5.02278,2.62736,2.89677,3.89674,3.48013,3.20436,3.36501
4.32232,3.08082,2.94513,3.64102,3.03536,3.70448,2.04012,3.00376,3.2326,2.91136
3.09631,3.95613,3.54501,5.47427,5.34301,5.96687,3.8059,3.69038,4.24664,4.07022
4.35701,3.70495,3.06502,3.09143,1.93031,2.17146,4.23217,4.86113,3.70796,3.92798
5.00727,4.17911,4.70907,3.93295,4.70212,4.68393,4.09721,3.55472,3.84299,2.76603
4.41179,3.83397,3.22617,3.70253,5.80878,5.23473,5.22069,3.58892,5.45354,4.82958
3.5567,3.57593,6.03075,4.02738,3.38596,5.70694,5.19226,3.06099,4.34634,4.57947
4.70788,3.07901,5.06027,3.47889,3.75257,2.8826,5.13207,4.62555,5.21449,3.26044
2.20551,3.42754,3.81098,2.42092,2.5535,3.04568,3.64328,4.49507,3.63709,6.22983
4.41318,4.28239,3.97747,3.81083,4.70471,6.61736,3.12737,2.83097,3.71027,4.99402
2.76695,3.12101,4.59829,3.73635,3.35701,3.51632,4.30257,3.83597,5.77774,1.87151
3.97416,3.36886,4.6115,2.58458,6.19647,3.96775,4.94117,3.79192,4.97005,3.13834
5.14118,3.25382,1.82436,1.7883,3.60496,4.34503,2.50837,4.28862,2.82054,3.9808
4.19158,3.08068,3.46405,2.93226,3.64916,4.3388,4.61601,4.61473,2.98043,3.0326
3.2475,4.46402,2.49816,5.71187,3.9648,5.33851,3.61588,3.08039,2.35292,3.93143
4.37989,1.86714,4.68049,2.77044,3.71118,3.39793,5.17825,3.72505,4.83082,3.00267
3.63442,5.33653,4.38345,3.8447,3.02076,5.71634,4.49531,4.23046,3.60628,3.34542
3.8586,2.31873,2.77082,3.69853,3.6391,3.03941,4.68416,3.95133,2.12702,4.20313
3.96717,3.54933,2.81899,4.23529,4.13132,3.37373,4.56685,5.59805,4.13832,5.90345
3.30911,4.94567,5.14117,3.20582,1.53534,5.66488,3.20478,4.89719,4.18404,3.40385
7.25542,4.09392,5.20459,4.88486,2.74152,3.49088,3.00298,2.3138,3.54798,4.10591
5.36406,3.43539,4.51052,4.28326,4.1853,3.72263,4.30102,4.49852,4.21471,2.80012
3.12968,3.83798,4.34469,3.94156,5.22421,3.54828,4.66985,5.27061,5.13115,2.96303
4.61325,2.80364,4.40449,4.48023,2.86056,5.12655,4.33645,4.45206,3.89876,3.46094
4.7836,2.33425,3.33616,3.3901,5.45855,3.28605,3.05111,3.40178,4.1387,4.54406
4.34679,4.78891,4.66927,2.23661,3.32306,5.00834,3.12899,4.58947,5.94233,3.20192
1.97364,4.30748,4.60323,4.51007,4.37756,4.11404,3.37898,2.98144,4.19756,3.27967
5.38586,4.73106,1.62804,5.09516,3.28265,3.98077,4.38379,3.93137,3.70117,2.18216
5.30835,4.77214,4.6605,5.34426,3.85331,3.95074,4.1559,4.68278,4.8069,3.55764
3.25515,4.12435,2.35586,5.09543,3.91733,2.93732,3.70124,3.07052,3.05822,4.30243
5.92647,4.43103,2.44375,5.35235,4.77899,3.21308,4.26815,3.13203,3.82497,4.03694
4.92154,4.10633,3.40005,4.38112,5.67838,3.81797,5.30867,4.19442,4.88292,4.07922
4.36055,4.68185,5.01073,4.70223,4.51057,3.53155,2.48002,3.32057,5.89511,3.08852
3.30637,3.30772,3.0985,3.98677,4.03033,3.4178,4.74819,3.74515,5.38644,4.40837
4.97461,5.56598,2.66421,3.40094,2.52195,3.36983,1.8326,3.85319,5.87974,3.98836
5.77619,4.48663,3.46105,3.85082,3.58478,5.02408,4.46501,2.23895,5.16937,3.7476
5.16556,2.52268,4.37267,3.73975,4.47634,3.20233,1.41709,5.67479,3.89416,3.15187
3.22378,4.91245,3.81837,3.97026,4.53321,4.43215,3.65942,6.45102,3.3313,4.87409
3.93633,3.17028,4.82595,2.2253,3.67444,4.38418,3.83978,3.06013,4.61713,4.23012
3.50716,1.60317,3.6133,5.03126,5.00807,4.63893,5.28459,5.5148,4.75691,3.37034
5.46938,3.21632,3.77039,3.06598,3.69822,2.91099,3.75353,5.97062,4.10534,2.43087
2.38831,3.75439,4.87004,5.79582,3.76233,3.08104,4.65085,4.23617,4.6039,3.41488
3.23265,4.45444,4.34051,3.69064,2.76238,3.17332,3.60813,3.58882,4.85508,4.7418
2.69516,3.99422,3.71537,3.2056,4.94967,3.28993,2.11791,3.20895,5.25074,2.91215
2.18087,4.08327,5.1085,3.62702,4.31705,4.25647,2.38515,2.842,4.87973,3.66513
3.38268,3.90012,4.00983,3.78595,5.84931,3.8638,4.64522,4.6075,3.53666,3.87044
2.56831,3.65244,3.92429,3.80914,6.48299,3.52972,2.02493,4.60214,3.37199,3.81807
3.05759,3.06419,6.11427,3.54789,5.51844,3.38178,3.96665,4.80128,3.75766,4.44839
4.31744,2.76477,2.56254,3.3929,3.16147,3.16038,4.33947,4.93126,5.03891,4.05942
5.20022,3.52322,6.28954,4.6328,3.34924,3.87295,4.56501,2.55143,3.16998,3.04212
5.07379,2.83737,3.43547,3.77712,3.85031,4.32452,4.68674,3.18765,3.06434,5.07075
3.55285,3.95077,3.45556,3.69806,4.25771,2.93102,3.22451,5.36779,3.22282,1.50857
4.04195,3.07961,4.05215,4.19568,2.45464,4.02663,5.05041,6.84451,4.58169,5.08985
4.25784,1.4995,3.82457,3.29877,3.79932,3.09984,4.11742,4.48671,2.14864,5.88329
4.85602,4.78996,4.37407,3.39379,3.28095,3.96168,4.98912,4.44072,3.31312,4.44786
2.99583,2.11487,4.08006,3.90994,3.81741,4.84012,3.77736,3.43426,2.41085,3.72752
6.95062,5.1137,3.15041,4.09333,2.38926,4.51349,3.96386,5.68585,3.91421,4.26224
3.72989,2.43108,4.18534,8.02637,2.83446,4.63289,2.52674,4.31665,3.93192,4.27462
4.25686,2.81691,4.94404,4.996,3.73033,4.99197,3.10333,2.80711,4.77486,5.09064
4.01264,2.41015,5.64444,4.33305,1.83866,1.62514,4.96709,5.29908,4.21484,3.96126
4.38465,3.05121,3.37074,1.43545,5.51295,3.23204,3.51861,1.73933,3.67443,5.31175
5.17855,4.43447,4.37446,3.93843,3.11315,3.39318,3.42988,3.50854,4.61378,3.07762
4.72052,3.69041,5.1136,6.21564,3.71219,4.67318,4.79309,5.35458,2.72671,4.08326
4.00887,4.0282,1.01058,3.06043,3.91714,3.90175,3.94594,3.35373,2.57148,4.11443
3.69256,3.44069,5.67598,4.04894,3.72879,4.3416,4.43077,4.12187,2.72183,2.81441
2.55027,2.99078,4.7046,3.92089,4.71456,5.15432,4.33433,3.24532,3.36047,3.48237
4.13672,4.32301,5.2728,3.15409,3.5574,4.75985,3.62592,4.09076,5.89418,4.38852
5.87411,3.5012,4.01232,3.45082,5.74011,5.38013,4.99406,2.85532,4.58427,4.11535
4.64993,4.27403,3.53019,3.85026,3.5893,5.49898,4.03488,3.98549,4.90905,4.98452
3.53701,4.31495,4.13773,3.68829,2.27615,5.85334,5.51795,4.37728,5.3266,2.84216
5.03072,3.93427,3.3392,4.15038,4.27626,5.46101,3.76827,6.99968,5.71971,4.11419
3.17999,3.45874,6.31333,4.23651,3.08592,4.11091,3.94032,3.54269,4.52259,4.02691
3.97484,2.3342,2.53275,2.63057,3.2679,3.89345,2.72376,4.04953,2.58223,4.52394
4.4016,5.35356,3.75307,3.78331,5.30194,3.93027,2.23514,3.68431,5.52079,4.11912
4.38654,2.249,5.18219,2.45391,5.57006,2.77902,3.90197,3.2714,4.43518,3.4553
2.55724,4.07664,5.51805,3.29946,3.03814,1.10831,0.554705,4.01851,2.26445,4.00452
2.33112,4.26709,3.29567,4.96337,3.71099,3.65617,3.26634,5.33495,3.37163,5.76074
5.29052,4.64293,4.57791,4.90585,1.95222,3.55891,3.04613,2.30195,3.66844,4.55749
4.29662,3.38197,3.99146,2.86748,4.82669,4.52072,2.93726,3.40264,3.2703,3.02275
3.56777,4.73702,6.16249,3.42326,3.8113,4.56136,5.38993,3.7141,5.04245,2.30649
4.74116,3.88645,3.52773,3.42285,3.47304,2.37223,3.47951,2.75105,3.79694,5.91839
3.20574,5.22208,4.66942,2.28374,2.95497,3.59332,3.33698,4.32401,5.45228,5.34463
4.02172,3.43936,4.3269,5.72994,3.72832,4.22122,3.70354,3.85273,3.69749,3.51953
3.60996,3.48453,3.61261,5.34803,3.59464,5.81863,4.55172,4.13897,5.11441,4.43916
6.36142,4.09931,4.14331,5.59209,4.89974,5.0119,2.81583,2.13718,4.21508,4.20899
3.84433,4.17807,5.08334,4.64438,5.2111,5.62917,4.00942,3.47987,3.39754,2.47358
4.35479,4.76279,2.42094,4.46541,3.47195,3.03786,4.96685,4.91087,3.0412,3.9406
3.33971,4.44533,4.63155,4.44206,4.81282,3.96982,4.22133,4.62198,4.58208,3.39221
3.9938,4.2816,3.17595,3.786,4.19932,3.75711,4.75565,2.51534,4.19995,3.8969
5.54233,4.55537,5.85949,2.88374,4.39269,3.84613,3.96864,3.47846,5.0497,3.89042
2.34708,3.51398,3.83667,2.94592,4.92508,4.14406,4.46753,4.58642,3.46393,2.92102
3.86652,4.10491,4.35859,4.19022,5.51085,4.48447,3.00449,4.81666,3.46125,3.85131
3.21456,4.71841,3.49414,3.75838,4.01741,4.67886,1.60226,5.38272,4.54732,1.83919
4.50004,3.63237,2.64429,2.41641,4.06567,3.85373,4.25072,3.51028,4.42098,4.84539
4.14651,1.69469,5.6276,3.5716,3.51786,4.5043,2.28322,5.64091,5.19771,4.04734
2.94586,3.95412,4.34598,2.47968,2.66005,4.55398,4.30282,4.26248,4.86224,5.67297
5.63358,2.69604,4.17321,2.75308,6.05541,2.02343,4.59838,4.72928,4.20435,4.91098
4.91116,5.88421,1.98361,3.93939,4.60418,4.23058,2.93332,5.47548,4.94101,2.97988
1.34696,4.04685,3.70605,3.84016,4.05167,4.22809,3.09557,4.93361,3.98289,3.59133
3.95712,4.93199,3.44806,4.95804,6.09367,4.81858,5.37392,3.3369,2.89889,4.6189
4.45576,3.41221,4.41922,5.73664,4.83057,4.0074,2.64524,3.59319,3.61594,3.17576
2.58807,4.3415,2.17317,3.95608,4.96132,5.13988,3.13476,5.43791,3.51455,5.25381
4.49464,3.31018,5.18741,3.14431,4.09347,2.59671,5.1072,3.78264,3.80561,2.75092
3.77674,3.58854,3.58065,6.52065,1.67782,2.34602,3.6402,4.93266,5.87647,2.83717
3.22238,3.61522,4.28134,2.69418,2.1955,2.71082,3.59629,3.87413,4.88869,4.59748
4.40955,4.33336,3.97422,3.59313,4.39901,5.29136,4.24994,2.55847,4.21397,5.16893
3.66264,4.13461,1.91784,2.92498,6.13086,4.37438,3.2421,5.56461,3.74229,3.99827
4.59203,3.4293,4.44827,2.28459,3.43987,3.70005,4.61228,4.69818,2.70247,5.94925
4.18322,2.95649,3.02615,4.58037,3.55338,5.83283,2.51683,3.15451,4.59335,5.23921
4.17554,2.66299,3.06192,4.00781,3.47686,3.59287,5.8427,4.27617,2.68402,3.4613
5.70671,3.17441,4.09741,3.45545,5.52415,5.22784,5.17534,4.31837,5.93235,4.278
3.07718,3.22627,4.0421,4.46875,5.86166,5.28442,5.07206,3.4258,4.87235,3.35615
3.30378,3.34161,5.84467,6.2163,3.64839,3.72602,2.9954,3.6952,3.61371,2.80811
5.20232,4.56859,3.97591,2.91365,2.95259,5.10111,3.8862,2.62439,5.36982,3.9331
4.96559,3.87042,4.17168,4.47173,3.40456,5.77316,4.7866,3.84668,3.46814,3.66923
6.0106,3.96213,4.3618,5.73284,3.74541,5.04049,3.88954,3.07187,5.16341,5.31927
6.61351,4.26802,4.27565,3.72852,5.17453,4.36717,3.16805,5.85186,4.15945,2.48862
3.55903,2.78807,2.84873,4.7851,3.59937,3.72742,4.61983,5.03539,3.31219,5.58323
3.45282,4.0709,6.71797,2.64625,3.7066,2.06825,4.32875,3.67808,3.58218,5.95025
5.88584,3.67379,4.02001,2.28808,4.88872,5.49635,4.05744,3.47302,4.30519,4.4337
4.27564,3.38583,3.36847,3.17474,4.1129,6.00236,4.89077,3.48474,5.97568,2.06305
3.90557,3.80023,3.56467,2.75961,2.04264,3.2342,4.01692,3.51599,2.89502,4.18872
3.70025,3.11815,4.13123,3.50667,5.21749,1.44881,1.95536,6.36666,4.53126,3.14161
3.69562,6.19547,3.88833,2.19471,3.96875,5.41472,4.76124,4.61954,2.27034,4.37798
5.25915,3.92952,4.63887,4.83244,4.97255,3.94308,3.29304,3.9405,2.93771,3.52709
2.6563,4.06272,3.28084,4.75857,4.66262,4.10248,1.86792,3.05785,2.68936,2.52194
2.92656,4.67908,3.36026,2.88928,4.97143,4.21047,3.18481,3.8703,4.18337,3.28351
3.61627,5.77939,5.29427,3.93587,2.91388,2.66896,4.16264,3.49714,4.71263,3.42355
4.09663,4.29132,3.13308,5.07883,4.54313,5.74049,4.12056,6.42913,2.78416,3.05425
3.93564,1.50384,2.10164,5.07262,2.70519,2.84375,2.79899,2.92091,2.25635,5.21919
3.74747,5.21681,3.14181,4.60788,5.35615,4.61276,4.41153,3.41135,5.78473,3.91307
3.84842,4.47869,4.40467,4.07371,4.31495,3.44546,3.64306,4.37433,4.72447,4.31374
1.51047,5.13673,3.13554,4.15134,4.75445,5.34276,4.13155,5.02738,4.19283,4.47352
4.32087,3.27335,4.22794,3.48596,4.4098,3.22589,3.99988,5.69169,4.5989,3.71827
3.70028,3.43391,5.40934,3.5702,4.47185,2.91462,4.64736,4.33493,3.90239,3.1259
3.45743,3.33366,4.17032,4.23238,4.37391,3.20618,6.66947,4.32816,1.92946,4.23791
3.77941,3.02082,2.49033,3.50922,4.19085,2.56065,3.60309,2.41553,3.84811,5.16686
4.04508,3.26111,2.6988,3.22661,4.83457,3.04906,3.86059,2.69951,4.07993,3.52413
3.36292,4.98053,4.71827,3.18715,6.76073,3.36219,4.06057,4.10615,3.78768,4.65274
3.6435,2.79381,2.49952,3.91987,2.89362,3.28567,5.36287,2.90437,3.09611,3.90954
4.75976,2.40806,3.36072,4.77954,4.06445,4.69651,1.69062,3.7368,3.74879,5.32602
4.11383,2.67017,5.66102,5.1853,4.97399,2.78553,5.42066,3.52407,4.82332,4.84164
4.29842,3.75441,4.77748,3.79754,6.71128,3.02359,3.91499,2.44783,3.8592,5.20959
3.47413,3.69471,4.52496,2.96662,4.55776,5.37222,4.59234,4.25504,4.1809,3.29754
3.84464,5.25488,5.94838,2.6661,3.44622,3.90365,4.36055,3.32936,3.92668,3.70858
4.96772,3.61246,4.40017,3.63236,3.12433,5.09177,3.50962,5.04168,2.40646,2.50019
3.76893,6.30031,2.56906,4.28794,2.81,3.28233,4.31677,3.83545,2.15036,2.56543
4.41711,3.26147,5.82959,4.83856,3.75806,3.78471,5.24057,3.61962,1.04398,2.5136
3.71889,3.71531,3.516,3.92585,4.89458,6.01093,3.18026,4.33065,4.49844,3.67674
6.29145,4.26179,4.99734,4.17461,3.64985,2.89261,3.68705,4.58207,2.93345,4.09978
4.24849,4.84741,3.31614,4.28233,3.12061,3.78291,3.81839,3.02171,2.80519,3.9097
2.89202,3.8401,4.95528,5.99215,4.94628,3.49091,4.83001,5.80286,3.75641,3.87043
3.18443,3.06687,4.16984,3.72378,2.8678,2.92988,4.63449,4.64415,4.66934,2.55479
3.80481,5.69961,4.43204,3.55188,3.93978,1.58896,2.96294,4.86218,4.04336,4.49767
3.30471,3.46742,3.08652,2.84397,2.7816,4.39791,3.43833,4.1597,3.67603,4.11963
3.10042,3.49551,1.26605,4.62902,5.17729,4.12815,3.74447,3.86704,4.32547,1.61635
2.96445,4.38875,3.45678,3.64111,4.75862,3.7756,3.52329,4.32382,4.2011,4.00434
3.29629,4.00843,2.93041,4.43735,3.95248,3.75111,3.9576,6.20001,2.82852,2.93218
3.3827,3.63176,2.78478,5.59269,4.83536,2.0878,3.66018,1.57659,3.71247,4.36389
4.17982,5.34583,2.43909,3.70381,4.78625,4.31718,4.78773,5.09501,4.87129,6.15639
3.23645,3.80315,3.51676,2.21425,3.11314,6.10133,6.29886,4.2338,5.07517,4.95737
3.87654,4.86839,5.06732,4.88874,4.38344,5.38794,3.55614,3.61937,5.66417,3.12069
4.61106,2.67732,5.31619,5.19395,3.36705,4.47249,4.96677,3.11338,2.99512,4.5548
4.35877,4.98538,4.86675,4.75658,5.52507,5.17626,6.27333,3.29924,3.55431,4.90102
2.79302,5.38569,2.88852,5.19886,4.27345,3.39083,2.88698,4.68906,4.55632,4.65201
3.44747,5.36346,4.1426,5.91665,4.83681,2.56076,5.06138,3.17692,3.43835,3.65793
3.01891,5.0151,3.80345,2.58905,2.83714,3.83192,3.62912,4.96221,4.1695,1.78768
4.19082,2.46906,4.182,4.7671,2.36751,3.89815,4.58215,3.46213,5.90086,3.83861
4.23636,5.68712,2.72308,4.03914,4.20106,3.5357,4.85128,4.40165,6.28766,5.70769
4.1714,4.28949,4.461,4.92068,6.1773,5.02169,2.82516,2.5078,5.72535,3.56876
3.91296,4.19262,4.03235,4.0013,5.02657,3.67293,5.67928,3.52116,3.67104,5.51615
3.53535,1.99173,4.61279,3.79902,3.78893,4.45893,4.19899,3.70955,2.88388,4.68149
2.38906,4.48992,3.81719,3.53876,4.99486,4.97405,3.50517,2.91976,5.16765,1.48738
4.93659,3.86461,2.42056,4.74047,4.43686,4.79309,4.89341,3.30495,3.82176,4.54852
5.08486,5.17541,4.58846,4.33513,2.86527,1.72335,4.92992,3.62861,6.08025,5.19855
3.49086,4.75399,5.28978,2.99253,3.06051,3.87615,3.98747,4.53237,1.76591,4.33504
5.03616,3.68784,5.72904,2.46679,3.32636,3.71361,4.24306,1.90818,4.57037,5.02527
2.29571,2.88503,3.41277,4.96326,3.07383,4.6517,4.81079,3.73173,3.37769,3.32486
3.48853,3.85147,4.60716,3.93932,3.19525,5.40208,2.87292,5.01703,5.40221,3.71741
4.1927,2.19959,3.34413,4.49659,3.07784,2.37798,4.26395,5.0098,5.46992,6.14614
3.69958,4.23384,4.14034,2.55753,3.2578,5.44498,6.4271,4.10154,6.10101,2.93622
4.11222,4.15303,4.93704,3.28473,5.22257,4.37047,6.29598,3.57611,4.0154,4.00133
3.75907,5.564,3.05524,3.98642,4.43833,2.93669,3.80677,2.7264,1.96445,2.83708
5.15879,2.95593,3.03816,4.12262,4.51978,3.68907,4.52513,4.54073,4.22949,5.49315
3.96063,4.37236,3.8714,4.31939,4.7894,3.14224,3.89085,4.47615,5.21134,3.91361
4.29805,3.99985,4.64359,4.87721,3.28572,3.95164,4.10734,4.10568,3.75992,3.55807
5.75584,2.89804,4.15801,3.93359,5.45047,3.97011,4.84016,4.25343,2.92699,4.56019
3.97619,3.37358,4.29832,4.19984,5.00733,6.18542,3.11457,4.03785,3.29457,2.85567
3.37759,3.59602,4.05367,5.52009,4.86898,3.8825,3.05032,4.17012,4.54348,4.96906
5.35243,4.15527,4.02172,2.93123,2.96447,2.75046,3.18669,3.04909,4.63679,4.23905
4.23273,4.62526,4.93179,3.80841,5.48305,3.45178,3.82425,1.57702,4.01859,3.47498
4.61443,3.97027,3.24373,3.49408,4.86923,3.39734,4.00556,3.77547,3.02831,4.70696
4.12974,3.1182,3.16967,5.40381,3.20981,4.43283,5.26596,4.50187,3.58482,4.09963
4.33148,2.71533,3.72317,4.33861,3.783,3.59839,3.5501,4.39943,2.99096,4.25555
3.35469,4.68158,3.5663,3.65445,2.79421,6.12062,4.18314,4.95924,2.90953,4.43233
4.49214,4.63051,4.30942,4.12293,4.0151,5.48592,3.59457,3.36778,3.17985,3.13441
3.78454,3.58496,3.16475,1.75168,3.61335,4.38003,5.30074,4.05645,4.48034,4.71561
5.5293,4.66369,4.20411,2.10392,3.92856,6.16638,3.43935,4.53538,4.14872,4.66856
2.85601,5.40896,3.90145,2.75713,1.90426,5.66665,6.43064,2.81933,4.47466,3.39523
4.73443,4.0154,4.3046,5.82096,3.67861,3.25768,5.64825,4.4831,4.86473,4.69931
5.77579,3.01343,4.09399,3.82689,7.06816,5.48394,3.10336,2.49332,5.28005,2.74504
4.16438,4.39206,3.72178,5.15484,3.01088,3.8808,4.07121,4.98547,1.89552,5.77975
2.00651,3.16294,3.23423,4.87936,3.58662,4.82499,2.48474,6.07768,4.2204,4.49087
6.60106,3.78463,4.40364,4.07918,3.57772,3.82391,3.6725,2.7725,7.00129,4.80672
4.58315,5.54534,3.91398,5.07927,2.6134,4.97876,4.03551,4.45375,2.42067,4.11719
4.85627,3.59281,4.75658,5.22965,4.45142,3.80632,4.27354,2.87348,3.67716,5.254
4.61394,5.20318,4.93405,3.18325,3.58313,3.32085,5.01339,5.20406,4.27003,4.6533
3.30174,3.97237,4.69914,3.84908,5.00445,5.60806,2.80864,4.06342,4.06436,5.48892
4.71119,3.84242,2.94515,3.55668,4.05564,4.29901,3.8824,2.85524,2.67601,4.92291
3.37266,3.71155,4.69907,4.1718,4.62698,5.62251,2.75628,3.84073,4.18325,5.65815
2.36815,4.61049,1.92658,3.64073,5.4692,3.97544,4.38992,4.04631,2.00627,2.34311
3.0049,4.61774,2.06979,6.66274,2.90005,4.94634,4.50962,3.92039,3.57676,5.40929
3.50426,4.43826,3.72531,2.03333,3.49816,4.84739,2.48792,7.23906,5.58056,3.69104
4.269,3.78086,2.6836,3.37393,5.15395,3.26601,3.70363,3.68509,3.77463,5.59021
4.67127,4.96734,3.92502,3.33625,3.86651,4.52962,4.75515,4.4723,3.96894,4.62455
5.36831,3.19393,4.04369,3.32313,5.93489,3.43472,4.73555,4.35615,3.4156,5.53568
3.24085,4.15779,5.19894,4.75185,3.93021,2.09382,6.65335,3.84079,3.15523,5.8089
4.42969,4.90121,3.49698,5.1363,4.65109,5.71942,3.20212,5.31177,6.03504,3.83279
3.81279,3.82609,4.54618,4.83679,3.9539,2.15374,4.53566,4.70837,3.91454,4.48682
4.05644,2.27406,3.83711,4.42625,3.1756,2.30651,4.02195,4.6455,4.62347,3.53768
2.55952,4.22119,5.58776,5.20726,4.36369,4.87728,3.69468,4.48192,4.6601,4.43692
2.94917,3.01269,3.11906,4.58819,4.73816,2.96181,3.69967,4.03864,2.97046,5.27932
4.86282,3.16361,3.50907,3.26269,3.57541,2.20393,3.32648,5.23591,3.44127,4.06511
3.83539,6.01717,4.93801,4.40575,4.33773,4.01836,4.26371,5.16028,2.57633,3.79687
3.69592,3.65723,5.08352,4.83288,3.40855,4.52176,2.72276,3.8008,2.0513,2.55552
3.49365,4.15873,3.59898,5.16554,4.35077,3.22175,2.22274,4.92073,5.20265,3.68799
5.60884,2.86904,3.88286,4.8507,3.007,5.51058,5.26983,3.20563,5.24461,3.51106
2.48077,4.17001,3.48661,5.54472,3.53082,3.2919,5.30475,3.97248,2.04144,4.79945
4.19004,2.77654,3.2893,3.12221,2.62959,3.79892,3.36988,4.47263,3.4462,5.01597
4.06185,3.43699,4.47137,2.75181,5.10937,3.83956,4.41338,2.36289,4.7024,2.96172
5.6631,2.69208,3.23849,4.06965,4.75277,4.88255,4.10738,4.43532,3.32673,2.61748
2.53534,4.9716,2.78655,1.80378,3.37225,3.75359,2.64351,4.99695,4.16659,2.74498
2.22022,4.67021,3.11045,5.38922,6.26793,1.83084,4.64313,4.0782,4.31162,5.2026
4.26702,2.56959,3.62136,3.52579,4.8184,4.12092,3.30157,5.31943,5.05886,5.32503
4.10056,3.40967,3.62613,2.75848,4.10995,3.83769,4.72676,4.89825,4.60791,4.39533
2.47385,4.84875,3.21993,4.44377,4.40316,4.5294,3.70153,3.40734,4.45172,5.20889
3.61213,3.88755,4.1219,4.77771,3.46442,3.44162,3.11354,5.08997,2.61959,3.03203
3.60182,5.03727,5.44244,2.28709,3.80827,3.98033,3.1933,5.1126,3.50102,2.40123
4.26806,4.79929,3.35479,3.12821,4.35457,6.33059,2.71033,3.76055,4.91845,3.43045
4.03736,4.87409,2.93235,3.73689,3.8068,3.9064,2.8107,5.10294,3.70864,2.8412
3.28537,3.68901,4.41853,3.08932,6.34865,2.82618,4.23238,4.28967,3.20468,5.16442
3.96079,4.07895,3.80157,5.07425,6.23594,5.09601,3.45635,5.16246,3.73954,3.34937
4.43129,3.89778,3.19884,4.87903,4.75329,4.4572,4.89427,2.78785,2.51881,4.1057
3.22982,5.22607,4.42267,2.84693,4.68968,2.87647,4.94367,2.22787,4.66475,4.65604
3.96602,4.9785,2.4556,3.15248,3.00706,2.9226,4.19404,4.18704,3.83988,5.63962
2.27763,3.97589,5.56137,3.73743,2.7507,3.45235,2.86626,6.60958,5.28353,1.58476
3.66446,3.22972,1.76847,4.7924,2.62821,2.05317,3.44407,3.85578,5.59506,4.3853
3.09483,2.744,4.7051,3.01838,3.62507,3.15521,2.77611,2.84635,6.63286,5.35175
4.1133,2.30712,3.16756,5.576,3.67749,5.0761,2.99201,4.01724,5.11205,3.09264
3.54789,3.12543,3.83364,3.42457,4.02098,3.71318,5.04801,4.03499,5.13809,4.43933
3.65787,4.44653,4.11473,5.88178,4.3416,3.71531,5.08114,2.2793,4.90777,3.50328
4.08422,4.56081,2.89071,3.54717,3.19027,6.1037,4.14684,4.08829,3.48328,3.33945
4.00372,4.42759,2.38142,3.33676,2.30099,4.62041,3.7759,4.61102,5.50236,3.68355
4.0174,3.06804,4.13907,2.07995,4.56992,4.76438,4.57884,4.25463,3.52793,4.91549
2.84533,3.69485,4.19302,2.54882,4.07712,5.7649,6.157,4.26006,4.89348,4.39432
5.4828,4.47175,3.76808,4.00705,3.67671,4.46247,3.97112,6.09858,4.64423,4.09367
1.94032,4.88562,4.99149,1.96561,4.98975,5.11223,4.30415,3.5766,2.53394,3.25228
3.7718,5.2038,2.80584,3.46164,4.76739,3.38483,4.99779,3.5895,4.11707,4.40572
5.49176,4.05218,3.84915,4.03054,3.13998,3.26213,4.14056,4.09848,4.75256,5.52449
3.54749,4.06033,3.77577,1.93882,5.88357,4.68913,4.85951,4.20497,4.59734,5.13483
4.26845,3.86728,4.46834,4.1151,4.02014,4.28991,3.88939,3.19558,5.36018,5.33191
4.44278,5.18523,4.36195,4.02762,5.67741,5.82166,4.85385,4.0702,3.79183,4.13455
3.64306,3.77515,3.8865,5.13531,3.65326,3.23429,3.22353,3.58989,3.99238,5.92571
3.74039,3.07816,3.30419,3.05106,3.60951,4.35022,4.53747,3.46346,4.63315,3.06642
4.3928,5.71256,4.41884,3.71108,5.06724,4.75674,2.91663,3.45608,3.86552,5.26703
4.79251,4.44788,5.91403,3.88265,5.72408,3.98588,4.25275,4.70388,3.48579,2.70051
3.50449,5.1137,3.43209,4.1108,6.37598,2.67825,4.7913,4.70601,3.34595,3.40971
2.89861,5.19853,3.90517,4.52716,3.33971,4.37796,3.45321,3.30434,5.74796,5.96925
4.11758,5.32716,4.30673,3.12316,4.31669,3.00651,3.10801,2.45609,4.84138,4.85119
3.85411,3.5264,6.15301,3.62187,5.64828,4.33833,4.4778,4.40221,4.23248,3.85286
2.69876,3.81624,3.40861,2.70719,3.95821,3.02989,5.15164,4.77189,4.21223,4.53737
4.25767,3.71498,3.23382,1.94209,2.52116,3.78713,4.59373,4.4161,4.42751,3.685
4.04632,5.84546,5.53404,3.93891,4.07833,5.71673,3.65434,5.51776,4.57356,4.90801
4.04392,2.07341,4.51785,3.94576,3.83904,4.17438,3.29909,4.59147,2.4145,2.03708
2.89078,4.64466,3.86006,3.26978,3.70424,3.89115,4.48431,4.09254,4.31636,4.49801
3.15673,3.74794,4.30596,3.47299,5.46872,4.6649,3.84398,4.04742,5.06691,6.05164
4.6219,4.14625,2.92451,2.93806,5.49954,4.86743,3.01093,4.91753,5.11323,3.94325
3.69864,3.25501,5.69071,4.40084,3.25813,4.61871,4.40855,4.71761,3.43264,2.7792
3.9112,4.35184,3.12563,3.9851,3.61079,3.40875,3.18598,2.46248,3.89197,2.81607
6.18664,5.49352,3.33941,5.8102,5.4215,4.20824,4.50941,5.71097,3.30441,5.33429
4.09535,5.45593,3.99179,3.83238,4.18781,2.6428,2.77054,2.50614,3.05051,2.40465
4.64137,6.12311,5.10935,5.90394,3.66728,3.27578,3.8295,4.24703,3.40904,2.38608
4.87915,4.94496,4.64015,3.59469,4.20189,5.01444,4.80268,6.08208,3.02813,3.4627
5.19115,5.73459,5.24134,2.5808,4.69227,4.9076,4.86556,5.26615,4.38061,4.71555
4.27942,4.40995,4.32031,4.15883,4.93886,4.52736,5.04904,5.9703,4.27247,4.13126
2.97638,4.9487,7.14114,4.36432,5.1409,4.44809,4.0427,3.37581,3.55274,3.85314
4.62921,4.35154,4.2433,3.80215,3.26777,3.36648,4.7613,3.01786,2.37919,3.71591
4.17179,4.57618,3.50823,4.2524,5.90115,3.21928,2.75311,3.32363,4.22704,3.62144
5.28547,4.29519,3.8345,5.75467,4.60833,4.95033,3.16977,3.39645,6.07532,2.95858
3.52977,3.30483,5.10843,3.33013,4.40407,4.54511,3.76111,6.28885,3.46196,3.17238
3.96853,2.47856,3.0786,5.53813,2.10401,3.1848,4.89677,3.77271,2.83838,5.61454
1.27407,3.40219,4.63147,3.20232,4.47238,5.02713,3.48585,3.8492,2.015,3.95962
4.10747,4.35909,5.27334,6.15261,4.7,3.04691,2.59361,4.81395,3.38191,3.84788
3.45311,3.25802,5.7072,4.45989,2.45972,3.9216,3.18473,4.06469,4.10734,5.25141
5.91052,3.22181,6.03457,3.32679,2.96283,3.30557,4.34202,3.41021,5.44293,3.61802
2.23187,4.24703,2.68942,3.32891,1.90063,3.649,1.81785,3.83491,5.24666,3.87417
5.38492,3.11462,3.69377,3.25063,6.05625,1.7648,4.66527,4.32569,4.128,2.42106
2.86033,2.46443,2.54557,5.36285,4.18343,4.1867,3.82792,4.0071,4.00699,4.84296
3.20001,5.94091,4.54644,5.55582,3.75192,4.62867,3.994,3.96563,4.68292,3.85675
3.44694,3.11577,5.47167,1.92025,4.37362,2.33324,2.90032,3.20973,3.54066,4.09336
2.83047,3.49365,3.42924,5.00599,3.58293,3.80284,4.67054,4.39644,4.08839,5.93975
4.0347,3.75333,3.04313,4.9718,4.87726,4.34204,4.8767,3.87675,4.65216,4.71249
5.40547,3.2034,6.26203,5.46374,3.25194,4.28304,5.25576,2.54651,4.36519,3.4454
3.49545,4.66303,3.2497,5.38488,4.54997,3.43295,3.69571,3.52623,3.14431,3.15358
3.13521,3.91298,4.54969,4.206,3.3364,4.70294,2.66899,5.09397,4.38388,3.35714
2.73059,2.43107,2.64494,4.32271,3.947,4.25573,3.09971,5.90301,5.31146,3.81576
3.47234,4.51349,4.85037,5.27745,5.59491,3.46347,4.07943,3.21316,4.41991,3.94135
4.4675,4.45706,2.56122,4.27313,2.94775,5.30711,5.21535,4.75679,4.77837,3.27663
4.87034,5.57314,4.07518,3.98787,4.4596,3.15383,3.81147,3.9343,4.1698,3.64255
3.33014,3.18663,6.42233,2.96019,4.70574,4.5889,4.92001,3.18281,5.57864,1.912
3.67361,3.3988,3.7353,5.09489,4.1771,5.47307,2.91826,4.7266,1.46317,3.66602
3.27228,4.82491,3.86487,2.94443,3.51764,2.68709,4.49075,3.39322,4.6679,5.57992
2.83593,3.91306,2.69306,2.19396,3.73303,2.96148,2.90494,4.06528,4.37863,4.41966
2.12748,4.39114,4.84579,2.03865,4.87593,5.72412,4.91193,4.4685,4.43302,5.37459
3.82719,4.89802,4.44335,3.57311,2.01677,5.70325,4.91291,4.01584,2.83959,5.63167
6.1971,3.74824,4.34226,3.64354,3.71158,4.09679,3.78817,4.2553,3.97479,4.33399
5.11572,2.99997,3.70446,5.1617,5.12105,3.10372,4.31441,3.62575,3.71623,3.83467
4.01283,3.04045,4.45478,5.3797,2.63174,2.84747,5.31161,4.40324,3.71114,4.21019
5.31074,4.23061,3.47546,4.23986,3.06483,4.79678,3.84717,3.00185,4.4407,4.7495
3.24274,2.72125,4.87575,2.55981,3.78554,3.27421,4.9119,5.02852,5.82557,4.86061
4.24841,3.21179,4.76866,4.63657,4.1325,3.00571,4.67155,2.76435,5.72621,4.47764
2.63085,3.00185,3.16292,3.51964,6.28347,4.52396,4.90771,2.77882,4.5864,1.936
3.10013,4.96507,4.34405,3.59602,4.34013,3.45501,3.80831,4.26144,5.5292,4.37238
3.46774,3.43061,5.23733,2.0965,4.18042,2.84687,3.89267,2.38846,4.11357,1.83679
5.99952,4.05552,2.85052,3.18083,3.35483,3.68121,3.55984,3.35701,3.49363,3.87971
3.27775,5.63847,3.89111,3.26153,3.48707,3.64609,4.60792,2.15619,5.33983,2.89852
3.44421,5.54504,4.70359,6.09369,4.51359,2.82956,3.92619,2.0988,2.60317,4.02088
4.345,2.78309,2.90013,2.5256,5.24873,4.15806,3.41943,1.97882,3.45712,4.1522
3.11443,4.08566,2.9932,4.21957,5.04703,3.81372,4.71307,5.09635,4.06491,4.83815
3.63173,3.6406,3.01471,4.74306,4.20317,5.24599,3.11298,4.85768,3.67897,5.58284
3.91136,3.4114,2.73868,5.78196,3.9863,3.05637,3.83176,5.00199,3.6834,3.74028
2.30116,4.609,4.18387,3.7407,5.02699,2.68307,2.7401,3.12625,5.38711,4.21476
4.94233,4.78441,6.32464,4.69047,3.04749,5.54411,4.78536,4.63424,3.98994,2.86688
4.74638,3.7799,3.91931,4.9702,3.66682,4.99958,4.9149,3.11394,3.81097,4.86227
4.98963,4.08603,4.19147,3.32902,4.79322,4.179,5.54055,2.91815,4.41556,4.09629
3.89143,3.6718,3.47612,2.95776,3.81813,2.33639,2.56891,5.85261,4.16683,3.40713
4.79901,2.57231,5.29581,4.80334,4.31831,4.50391,3.90638,4.92436,3.38363,4.51792
4.19097,5.20288,3.13606,5.24698,4.19339,4.08197,4.62016,3.97598,4.06877,3.95332
3.44848,4.34274,2.66098,3.58918,5.81516,4.58979,5.07829,4.28174,2.32761,3.03889
3.577,3.1032,3.33943,4.21717,5.69595,1.98215,4.72372,4.82068,2.39965,3.13947
2.96819,2.63252,4.36449,5.43153,2.74504,2.93344,3.75869,4.10983,5.64168,4.91097
4.37824,3.15987,4.75576,5.09663,4.78432,4.2982,2.02844,4.8423,3.8727,1.14559
3.72627,4.76465,2.48649,4.50612,3.44118,4.57883,4.42855,4.83983,4.73015,4.24698
3.80351,4.11598,6.75206,4.51605,4.02404,4.05218,4.1972,4.78533,1.12392,5.5457
3.6882,5.66178,4.85122,4.18425,4.6905,5.80981,3.2588,4.04328,3.42048,4.05162
3.2756,4.58776,3.84895,3.93109,5.37038,3.79761,2.88447,4.43558,3.78332,2.41396
4.76279,3.32483,3.13754,2.29336,2.9925,4.71196,3.68717,4.48753,4.18516,4.71491
4.25413,4.96178,4.98231,5.25589,3.17486,2.34042,3.21615,4.45997,2.97898,4.36367
4.0401,5.65552,3.39745,2.5795,5.23434,4.40073,4.81741,3.68144,7.22821,3.81165
4.92897,4.95185,3.51434,4.09134,4.55299,4.47008,3.86862,4.90071,4.13636,4.39869
4.85784,4.09757,2.97804,3.1301,4.38904,4.75889,4.64272,4.06051,3.06984,6.08667
5.0392,2.50537,4.31995,3.35221,3.1605,1.77588,3.24545,4.79841,3.2392,4.25605
4.14226,4.91339,5.14265,3.85553,5.94511,4.86271,3.95425,4.26148,4.19068,4.72569
3.58155,5.32036,5.61914,4.5506,3.11967,3.5268,3.67161,3.92471,4.36767,4.4634
3.5244,3.827,4.64086,2.99371,4.06611,5.70198,5.26913,5.02988,2.18667,4.52605
3.99003,4.39252,5.43401,2.51889,4.76733,3.67623,4.01845,3.89511,2.36094,5.58177
4.2423,4.84486,5.19709,4.6906,2.13088,3.32355,5.92508,3.4215,5.56633,2.65887
4.77299,5.91153,3.48761,4.50511,3.93448,5.79483,4.13819,4.52045,5.20029,5.09758
4.12165,5.58355,4.4126,3.65249,5.27231,4.92483,4.59269,4.70999,3.68108,3.47867
3.47285,4.3444,3.46781,3.77738,4.2988,3.62469,4.11113,4.68752,2.76429,2.70965
1.71687,3.31411,5.98827,4.04624,4.21064,3.65483,4.19457,5.60037,5.15081,4.59053
5.36364,5.11475,5.83904,4.80421,4.06747,3.88878,4.01049,3.4604,3.41781,3.74662
3.91055,3.1333,3.73945,6.21915,4.81084,3.29821,5.00544,3.34511,3.8323,4.34966
4.91646,2.38682,4.65598,3.7033,3.88813,3.4854,2.20627,5.54697,3.6289,5.12642
4.03172,3.35708,4.29977,5.07981,3.12483,3.35468,4.16846,2.76761,3.87484,2.31191
2.83124,2.49317,4.86262,4.88084,4.82171,5.22894,4.68663,4.24893,4.24539,2.29355
3.55139,3.51733,4.64223,3.88888,1.96873,3.75143,4.99828,3.54396,3.61402,3.38742
2.68099,5.96537,3.53383,4.82478,3.60516,5.9965,2.92044,4.43117,2.7959,4.73834
3.0048,4.82862,3.97286,3.55941,4.31305,3.67122,3.72881,3.16209,2.73935,3.37599
4.22423,4.4326,3.0289,4.93874,3.975,3.2807,2.85332,3.88399,3.88644,4.77138
3.19118,4.28831,3.83657,4.40641,3.50626,3.69869,2.49103,4.55874,2.96765,4.30904
2.79364,5.3068,3.92748,4.2928,3.56397,4.79045,3.71542,5.29098,2.97908,5.0569
4.57043,2.65197,3.41906,4.38745,1.91605,5.94907,2.59619,3.87824,3.11957,4.9531
4.49725,3.78288,5.87799,3.6069,4.40497,2.94296,5.22264,5.33199,3.95817,3.82672
3.24234,3.62147,4.22675,4.539,4.01583,5.08505,4.09893,4.05016,2.3215,3.35909
3.48628,2.0659,3.77176,2.03032,2.78764,3.04455,3.99595,3.94248,3.53126,5.23159
4.77307,2.70615,5.49038,4.11303,2.383,4.84554,2.44849,4.70426,4.28552,4.24956
4.86703,3.26182,3.23367,3.0291,5.29898,3.41991,2.43516,5.65377,5.20575,4.17732
4.64122,4.57006,2.79661,5.18754,3.999,4.99485,4.17235,3.0325,3.68493,4.76621
4.18195,3.47471,2.27108,4.6989,3.76632,4.47575,4.56072,3.67009,3.34913,5.2209
3.49392,5.69861,2.90369,3.32055,3.50645,2.73001,4.30753,2.39577,4.4071,3.41134
4.98498,4.06771,0.298493,4.80206,4.80394,4.18951,3.39307,4.49271,2.97885,2.85485
4.20291,4.146,4.09093,5.50575,5.95905,3.30171,4.75248,3.80435,5.2102,6.19628
3.38516,3.59808,4.09226,4.96357,5.46668,3.91969,3.44713,3.86074,5.04314,4.97708
3.30408,4.00171,4.63198,2.91961,2.42736,4.03871,5.54205,3.29985,4.83362,4.03995
4.14268,4.28733,4.60251,4.3514,2.52206,5.08106,4.07033,5.71033,4.28877,4.1505
3.27255,2.70402,4.9511,3.72726,4.60818,4.58055,3.93597,2.96216,2.85627,4.04609
3.70996,5.34627,4.69668,3.87855,2.1985,3.67706,4.44546,3.4246,3.63577,4.35611
5.19157,5.10555,4.26248,4.5308,3.38505,4.83666,4.33396,2.88782,3.773,5.61669
4.09824,3.9973,3.35998,4.48511,4.58731,5.57741,4.4985,2.26115,3.6995,5.42648
4.45289,5.55185,2.90172,3.13768,1.466,2.65576,4.41601,3.53397,5.08125,2.53288
4.89009,4.94287,3.69135,4.48233,3.07952,3.35055,4.24163,4.02808,3.64317,4.59437
3.64144,3.0232,5.34863,4.2206,4.62417,4.60174,4.15645,3.81001,3.82522,4.53242
3.62616,5.23109,4.10158,4.05776,4.54473,4.65335,4.45073,4.81742,2.70008,4.73186
5.37828,5.29114,4.16261,2.84027,4.32265,3.31911,5.46579,2.04916,4.29836,2.12279
4.97803,5.10457,3.08212,3.41821,3.87442,4.66709,4.17119,6.05699,4.16412,3.90514
3.73487,4.59649,3.15789,3.38807,4.90971,4.70951,4.69005,3.64899,5.52463,4.01169
2.73495,4.44761,3.33911,5.10928,5.7363,3.66304,5.4897,5.25694,3.52059,3.70076
2.13445,5.53689,5.0396,3.74847,4.10761,2.82694,3.53979,2.72458,2.53802,3.35112
4.13023,5.48582,3.63851,1.58338,5.46747,4.62528,5.13617,5.21729,3.57185,3.86216
4.00688,3.18993,2.27091,4.17693,4.20986,3.72447,3.23583,5.12877,2.59153,2.911
3.10329,2.6012,4.76148,4.55024,5.31636,5.43187,3.4549,4.0316,4.29622,2.65444
5.87157,4.16633,2.41607,4.51491,3.82411,4.72306,3.18692,3.63246,5.02988,6.77616
4.98826,2.51579,3.90675,5.15539,3.75529,4.23947,2.95198,4.16497,3.63784,3.62667
1.70771,4.13322,4.20739,3.85641,3.027,4.97824,4.34169,3.23442,3.48697,3.27252
3.72295,3.89945,3.98268,4.67805,4.33989,3.93114,5.15879,4.27114,3.78822,2.73758
3.00331,5.38482,4.64682,3.2642,3.78392,4.1649,3.84363,2.56354,4.00617,3.84934
3.48467,4.59541,4.27247,3.82835,2.48265,4.79951,4.06178,3.36807,4.92893,3.39617
5.51071,3.62156,5.05713,3.62752,4.90861,3.39227,4.28719,4.34192,4.31842,4.31879
2.7737,4.55457,4.88547,3.75766,5.14387,3.60625,2.50546,5.30257,3.41823,4.19883
3.28613,2.13663,3.83737,5.39442,4.08413,4.13674,3.03817,4.65922,3.12945,5.04077
4.95063,5.87084,1.25018,3.83035,5.25068,3.16248,3.60006,5.1713,4.27593,3.73349
3.96977,2.84058,1.68973,5.35038,6.14094,4.24638,3.65701,3.03126,3.43218,3.81145
4.27934,4.05238,3.74305,5.21505,6.04012,4.93095,4.65248,4.3452,4.53134,3.81834
5.64366,2.32115,4.32188,3.0774,5.02703,4.16017,4.23769,3.49413,3.48024,5.14701
5.04357,3.66887,3.01914,6.14912,2.80921,3.31526,3.63879,3.26527,3.77588,3.06056
5.26362,4.19695,4.93225,4.12779,5.36051,3.33084,5.77999,3.72574,5.06427,3.66865
4.05885,3.001,3.8471,5.52933,5.28472,3.2506,3.64431,4.25733,4.16818,5.18862
4.8663,2.07706,2.79718,3.39596,2.51331,3.32747,4.4424,4.71947,4.87923,3.475
3.73258,4.93475,4.35175,3.56627,4.97092,3.29624,2.87634,3.87793,4.15617,3.3221
4.68014,3.31239,5.09839,4.42298,2.58077,3.46463,2.90391,2.58681,4.44377,6.19955
4.11293,3.99878,4.02407,3.85939,3.06245,5.88904,3.14443,2.27167,6.32905,2.67512
5.32859,4.13497,4.33618,6.61784,2.70265,6.20492,4.29532,4.20109,3.87876,2.52909
2.34779,5.72974,4.34719,0.688865,5.2204,4.85579,3.50469,3.91654,5.66358,4.49115
4.54196,3.71624,5.24292,3.55106,3.19167,2.80786,3.6785,4.21003,4.01288,3.81463
4.41898,2.89638,4.32482,5.13293,3.7757,3.44893,4.62124,4.12226,4.19013,4.75707
3.69076,1.70993,2.31388,3.16062,2.25123,5.28077,3.97589,4.65097,4.19082,3.17295
2.79819,3.70441,4.26407,2.47258,4.00293,4.27616,5.44645,2.78289,4.73094,4.67702
5.64286,4.28889,4.67545,4.66223,3.97945,4.32971,4.75522,3.46865,2.81905,4.24627
3.80693,3.25056,4.36922,3.64419,2.86702,4.45062,3.30404,4.16004,3.91988,4.36866
5.55444,3.13619,3.53332,4.70442,4.74537,4.1508,3.37828,3.84687,4.20827,4.33793
4.09035,3.23526,2.81762,4.95807,5.57717,3.71022,3.66169,3.51918,4.36644,5.52005
3.3089,4.40501,3.62188,4.41029,4.96523,3.79464,1.43537,2.76416,5.59967,3.32238
5.1496,4.28412,3.91642,6.23584,4.52576,3.03827,2.68533,2.82088,3.68018,3.64674
4.4908,3.65923,5.02017,4.61408,3.3546,3.76582,3.67418,2.24662,2.01521,4.16162
4.46667,3.32039,4.30513,4.16522,5.26999,5.00738,4.02193,4.54142,3.74348,4.12115
5.0496,4.66178,3.57155,7.17694,3.08135,3.71427,3.72506,4.54795,3.95135,5.09002
4.25973,3.03509,4.16047,3.93694,3.08095,2.51905,3.67781,3.13477,2.96823,4.71651
4.06665,4.08666,4.10244,4.14409,4.95086,3.97269,3.56724,6.45115,3.13795,4.15346
4.41054,3.47384,3.80328,5.14313,3.95139,4.34217,4.84468,5.96542,4.56952,4.83571
3.69243,2.94146,3.83818,4.40941,5.83295,4.93716,7.03935,3.27565,3.80401,3.01381
4.61921,4.39051,3.46769,1.3815,3.87199,1.47331,1.94936,3.45646,2.1528,5.07499
4.46847,3.85939,6.56241,4.30057,5.29392,3.39097,4.14271,3.56527,3.83801,1.96548
4.2952,2.00701,3.8874,4.48884,3.14744,3.4248,3.70518,3.59477,3.4,2.2995
2.7347,1.97596,3.8734,4.28433,5.09197,2.5723,3.89325,2.90468,0.577966,2.70867
3.98299,4.10018,4.00721,4.17147,3.23033,4.38364,4.63226,4.85851,1.99954,4.15284
3.50866,4.47664,4.26316,3.16863,3.42973,4.20863,4.6585,3.05017,3.03692,2.65641
2.73291,3.36735,3.29969,3.98168,4.20278,4.97797,4.14571,4.24378,5.68008,2.95308
3.59087,3.10615,4.80768,3.14803,5.63086,3.48081,3.81998,2.71233,3.66278,2.90487
2.42842,6.21852,4.75612,3.12992,4.4632,6.20725,3.72989,3.41593,5.12022,4.16358
4.71322,5.18033,4.55446,4.663,4.33446,4.76367,2.61871,3.36123,3.71676,3.49026
5.9253,5.50959,1.37043,4.12644,4.87393,3.09063,5.09232,4.04489,4.69217,3.79244
2.99921,5.26245,3.82552,2.97477,4.637,4.44265,4.8515,3.31756,2.74928,2.40229
3.84857,4.67727,4.89125,4.98989,3.25085,3.09517,3.27202,4.63856,4.67593,2.78434
2.87956,4.34102,4.98284,2.49575,3.9956,4.56073,4.71649,3.08923,5.19897,2.57628
3.8232,3.72338,5.29333,3.06777,2.04997,3.4988,2.86706,2.37011,2.83018,5.1652
3.73073,2.72267,3.27072,5.3209,5.06876,2.33839,4.26413,2.73376,4.10098,3.1832
4.23178,3.45528,2.33021,3.7108,5.62413,4.20982,4.79324,3.67659,3.49845,3.35944
4.69615,5.59837,3.53299,4.37808,3.21414,3.92666,6.03553,5.81965,3.40591,4.01509
3.29335,3.60155,2.58981,4.41073,3.97878,4.23018,6.17191,3.16804,6.02079,4.23211
2.81448,3.62016,4.54317,3.2715,4.38814,3.72705,4.05304,3.35151,5.09623,3.09314
4.10009,3.6211,3.70274,4.58179,3.3089,2.7788,3.67739,3.77233,4.36218,2.52409
3.76777,4.66089,2.43224,2.67488,5.83358,3.56668,5.15438,4.06028,4.88355,2.87929
3.65975,2.73015,5.5204,4.50507,2.63104,3.7205,5.70786,1.27775,2.42617,3.01633
2.33894,3.67553,3.39309,5.10087,3.06172,2.47375,2.86881,3.711,3.86523,4.31806
4.87737,3.97781,3.79385,3.61562,3.45433,3.22505,4.07273,2.13339,2.99649,3.35116
2.92671,4.59057,3.79095,3.97112,3.10027,3.70176,3.98783,3.85473,6.1182,3.63152
4.38923,6.06956,4.18343,4.11647,5.48613,4.58939,3.25459,5.11941,4.97009,4.38921
5.47052,2.67403,4.26565,4.40064,4.67792,4.41194,2.79559,0.957297,3.85691,4.10402
4.90055,3.69373,3.6355,4.68321,2.69145,1.75263,3.47888,4.03171,5.99241,5.468
5.26822,3.9876,2.77903,2.57889,4.33416,4.36786,5.78656,4.98568,1.96167,5.04491
3.66406,5.98734,4.497,2.22975,4.54068,4.08143,6.67652,4.21342,5.24439,1.25599
6.44401,3.6021,4.00544,2.88191,3.93633,3.53099,2.90959,4.87939,3.54147,4.26126
4.14177,4.10863,4.43146,5.70232,4.07399,5.30627,3.40342,5.82168,5.5801,3.83683
2.39059,6.42767,3.38706,3.73373,4.90498,4.03375,6.02321,4.47727,1.88458,2.9092
4.18019,3.96674,3.84848,2.71627,3.68442,4.45439,4.92343,3.93337,3.96064,3.30834
3.06025,4.80078,2.85985,4.51883,3.68479,4.77758,4.42048,4.48936,6.4003,3.02819
4.93385,3.89521,3.57648,3.80258,3.85233,3.10447,2.79965,2.24924,6.1655,4.95889
4.79323,2.94228,4.38063,5.02793,4.96856,2.37083,3.44387,4.85674,4.44197,3.21334
6.04842,3.88868,2.01492,2.22679,3.63597,6.83228,3.4136,2.71999,4.17694,1.64767
2.87038,4.49953,2.4273,3.16117,4.85339,4.09672,5.31225,4.04774,4.65245,5.64077
5.33118,4.71396,3.61268,2.63427,3.04606,4.95132,4.1731,4.28866,4.14326,4.8143
5.55064,4.50006,3.11499,2.42288,4.76702,4.21923,5.18241,3.09616,3.95068,5.15572
5.17407,3.78406,4.95607,3.84707,5.34471,5.0492,2.47128,4.1092,3.29745,5.68366
3.59988,4.73724,4.17986,4.72353,4.05135,4.8947,4.759,1.97153,2.31765,4.44704
2.78894,4.41643,3.70023,2.70237,4.2876,2.63864,5.38251,4.36381,3.55341,3.38915
3.37623,3.3992,4.3112,3.60795,4.32678,5.41858,2.46937,2.99343,4.03933,3.44783
5.48372,2.4796,4.78677,4.88029,2.61524,3.6391,4.44771,5.63128,3.56593,3.72661
4.94792,3.66362,2.90408,3.16593,3.21363,3.3148,4.13631,6.22193,3.49992,3.80432
5.9512,4.31921,2.89783,3.9529,4.18553,4.10519,4.48001,3.23908,4.28582,3.31058
4.84829,5.81754,2.59899,4.35888,4.89778,5.39057,5.15537,4.28185,4.05933,4.01434
3.49894,4.15166,5.1879,3.04902,3.48294,2.78422,3.75273,4.11866,3.15622,3.82537
4.72944,3.35939,6.37557,4.80843,3.55912,4.68963,4.11365,3.46458,4.177,4.5642
3.00613,3.75821,3.9156,4.15763,6.14338,3.45615,4.1061,3.96918,3.19272,3.97621
4.54641,2.30017,4.12727,3.31904,4.26481,5.43685,5.4837,3.77953,5.03237,4.88173
3.67385,4.70202,1.48583,2.22359,3.22221,3.41655,5.45695,4.75436,4.40418,4.10789
6.31454,3.57592,4.20903,4.06842,5.29259,3.38764,1.72283,2.94965,4.21245,5.55309
4.73825,4.05776,2.51536,4.28185,3.64526,4.76883,3.20877,2.64091,4.1619,4.42724
3.32829,4.24041,2.46468,1.56988,3.09545,5.05846,4.48432,4.3891,4.06666,4.03384
3.31306,4.02094,2.47493,3.66575,3.56688,4.49365,3.47279,5.55448,3.38843,2.8079
4.96019,3.79956,5.49778,3.03036,3.18055,3.55556,4.36299,4.25428,3.38986,4.75181
3.47153,4.43981,4.09558,5.37905,4.06606,3.55733,3.3235,3.12537,5.3242,5.21321
5.53135,6.26442,5.2898,5.44193,2.73647,3.37823,4.73232,4.89255,4.30526,5.23369
4.437,4.60442,2.48007,5.07703,4.07114,4.00355,2.84859,4.50266,5.55818,3.46988
4.64819,3.52441,2.918,3.29626,2.56982,3.30662,3.87491,2.84865,2.92524,4.77912
5.58937,6.48287,3.2919,3.51953,3.57743,5.22143,2.58912,2.97407,3.95704,2.99851
1.16243,5.45807,4.9947,4.71664,2.64827,3.82057,5.75538,2.53256,5.73705,2.5569
4.43977,3.92509,4.96172,3.82713,3.72424,4.42444,4.21936,3.00363,2.9006,1.97658
4.23432,3.82944,4.36761,2.83254,4.44642,3.02104,2.48106,3.38572,4.97794,3.1161
2.98614,4.56053,3.48127,5.45502,1.7476,4.61108,3.19959,6.46057,4.71,4.388
4.35743,1.44711,4.53086,4.44981,3.63717,5.57118,1.49778,4.53043,3.35483,3.77523
4.14193,3.71974,4.38792,4.15036,2.82213,5.7647,1.94,3.37586,3.45847,2.95503
4.98981,2.79468,3.43646,3.98852,3.43448,3.08596,3.22101,2.69994,2.64683,3.7541
3.56425,4.1086,5.19628,3.03797,3.52153,3.72833,4.38854,4.27833,3.4335,1.82616
5.4002,5.20823,3.06114,4.13405,4.04906,3.24723,3.98815,2.71291,3.58531,3.14288
4.82239,4.16274,4.33782,3.7974,4.33973,3.54542,3.06704,3.65477,4.13834,4.43411
3.61153,4.30974,5.20504,3.02935,2.44954,3.7706,3.23036,3.35399,4.27503,3.56741
4.78551,4.29248,2.48794,6.20536,4.15368,4.52258,4.03801,4.1174,2.60312,3.73268
6.65306,3.42605,4.78063,4.35783,3.9752,3.7224,3.81024,4.12262,2.81048,4.58949
3.67046,3.9276,1.16196,3.90688,3.65355,3.66966,4.12751,3.81569,5.00612,2.77357
3.14997,2.18929,3.88192,3.16115,2.20448,3.24321,4.7683,5.38908,4.29826,4.213
3.68628,5.06362,3.987,3.31226,3.38858,2.28021,4.45276,4.58946,3.92771,4.33409
4.80748,4.5989,3.24129,4.99971,3.56173,4.35523,3.53731,5.16623,4.37871,3.1774
4.72587,3.60034,3.21208,4.37753,4.01571,3.58865,2.66096,3.43537,4.70391,3.28468
3.66718,3.40838,3.81428,4.15897,2.49515,3.30317,4.06844,4.66248,3.71252,2.96491
2.06491,4.91757,4.13511,1.77171,3.16933,3.01815,3.88314,3.61072,4.12597,3.4476
4.81815,4.04642,4.29998,6.20435,2.97193,3.69652,2.80351,2.88105,2.96771,2.90301
2.24614,4.41619,3.77001,3.02728,5.65134,4.50426,4.88957,3.51029,6.07259,4.4259
6.68638,3.43911,3.86797,3.93263,4.25047,3.83337,4.3098,4.49845,3.32702,3.60961
4.50045,2.88385,4.94449,3.4068,4.81767,3.3371,3.17724,4.58491,4.07538,4.16925
5.28827,5.08546,3.36123,4.09615,4.90073,2.23334,4.48539,5.69775,2.61953,2.95507
2.27552,3.95357,3.15975,4.43907,4.7092,3.24636,5.39165,2.91929,2.44011,4.77273
2.08933,5.63471,3.86771,4.54947,3.37258,4.53214,2.56968,5.69791,3.77196,3.31243
5.53231,4.49408,4.45187,2.31848,3.18294,2.39747,4.62035,3.5639,6.57761,1.81861
4.0459,5.28441,2.52819,4.73525,4.39518,4.39461,2.72986,4.95844,2.82818,5.05161
5.45585,2.59083,5.19434,5.80728,3.83317,3.35647,3.55936,2.78456,4.60726,4.98487
4.5327,6.01384,4.5491,4.80269,3.78554,5.53032,4.2671,4.28392,3.25805,3.44442
4.2197,3.79535,3.87539,4.33247,3.1929,5.11974,2.79072,6.99478,4.25587,5.00376
4.95774,4.10828,4.50574,4.11932,2.45003,2.63772,3.48002,3.19123,6.26498,4.54858
5.39642,4.33208,4.19124,4.34441,6.15177,4.71847,4.04322,4.26788,4.17027,3.35201
4.22226,3.0375,3.22476,4.55928,3.61871,3.88166,2.33689,5.02756,4.3817,2.30556
5.10286,3.72012,4.80294,1.7248,6.17147,5.1716,4.79875,2.76676,4.95938,4.1769
5.07835,3.80496,3.99658,3.65808,3.39672,5.57056,3.54403,3.56692,5.63571,3.14428
4.52007,2.61869,3.77352,4.26306,2.31182,3.55708,2.16773,2.90504,4.63609,2.86123
4.00379,4.10853,5.19855,5.07319,3.23951,4.44905,4.86021,4.8037,4.37731,5.87437
2.85564,3.6095,2.68842,5.06918,2.70331,5.20134,4.71404,2.50682,3.81878,4.47399
2.15364,3.47861,3.93623,1.83003,1.14496,3.39785,3.92032,5.13538,5.0978,4.85898
4.87303,3.10473,3.81802,3.72076,2.52136,5.43011,2.56453,3.84807,3.4974,3.26215
3.20768,3.38586,2.47719,3.04123,4.24733,3.45339,4.1011,3.65228,4.28941,5.86814
3.97558,5.52345,4.34253,5.84429,4.63669,5.84217,3.75663,4.87821,5.24039,4.41774
3.21341,4.84223,3.46548,5.19176,5.55103,3.19223,3.33733,4.00948,3.53199,3.55534
3.22681,4.2996,1.90865,3.00535,4.97581,3.19676,3.57859,2.72912,4.20229,3.52715
4.27835,4.98487,3.39721,3.76829,3.53436,3.4116,3.6371,3.96291,3.71551,4.21626
2.61225,4.5362,5.63535,3.91035,3.86131,5.11954,4.51349,3.84001,3.6491,4.60165
4.34376,4.23608,2.47107,4.94427,4.97914,1.67417,5.63677,4.7932,4.81923,4.6343
4.04793,3.27421,2.5027,6.91589,4.57086,4.04712,5.3826,4.29328,3.82072,4.75412
4.7937,6.11751,3.14529,3.05189,4.10718,5.07972,3.97024,3.19656,2.98103,5.71145
5.78023,6.00577,4.21562,4.03804,4.29162,2.9737,4.21025,3.36086,5.15863,3.01318
3.66448,2.8027,4.14662,5.81814,3.88908,4.18115,5.78291,3.01118,5.26563,4.83575
4.23481,5.07721,4.44836,3.87712,4.50499,3.10016,4.59229,2.99921,2.66222,3.66391
3.07793,5.65159,4.26726,4.32144,2.19693,4.70815,4.85959,2.6949,4.31209,3.89215
3.9855,3.38523,4.58766,3.5026,3.67628,4.05775,2.9055,6.25315,4.22137,3.98025
5.14055,3.09327,4.54825,5.4251,3.21579,3.56271,3.67941,4.67183,2.94593,4.17251
3.85508,2.9524,2.43882,3.39702,3.80846,4.56154,5.2977,5.27087,3.78862,3.67332
4.15988,4.71392,3.64991,3.58673,3.41847,2.13374,2.35906,3.53674,5.52399,4.63217
2.73799,5.85582,4.84953,5.00379,5.36919,4.63782,3.04992,4.29488,2.86492,2.63819
2.82823,4.05641,2.88762,5.80819,2.78216,4.48319,5.19124,4.21312,6.85203,5.70137
3.70276,2.21349,2.15547,4.93303,5.37024,4.13175,4.33516,2.04602,4.20303,4.3083
3.73604,3.67188,4.70708,4.74103,5.37864,4.68202,3.59083,4.67685,3.74728,5.94241
6.55208,3.7801,5.18258,3.9658,2.9955,3.57027,4.6055,4.37123,2.9517,3.39233
2.04796,2.60806,3.3981,3.99174,3.75704,4.7479,3.34691,3.60118,3.68308,4.68634
3.04967,3.5596,0.878272,4.45986,4.11277,3.84491,4.6413,4.63146,4.70187,5.7839
4.92543,2.50383,3.20878,3.71673,4.00171,5.21728,2.50201,6.13258,3.66924,4.64067
4.42636,3.65523,5.28626,6.24176,4.38307,3.09227,4.14025,4.34779,5.52338,6.21425
4.38514,3.88306,3.50379,2.17144,3.43714,3.14274,3.27294,4.82674,2.96175,3.34566
3.71442,3.03153,3.77013,4.437,4.47665,5.1584,4.68761,2.14859,2.67395,2.88841
2.99166,4.41825,2.89523,3.71448,4.54001,4.16733,5.45312,5.47708,2.93445,3.9022
3.57693,3.59003,4.60741,4.23808,4.25613,3.48167,5.10461,4.17602,4.08136,3.60603
6.01954,3.30066,3.22619,6.90505,3.61927,3.62539,3.98501,6.2634,4.24984,4.93521
4.32524,3.11462,4.58234,5.18239,5.23834,4.07949,5.43873,2.38747,3.15666,2.87789
3.75678,3.71002,4.14476,4.58313,3.67492,4.36506,3.49824,4.63096,5.06282,1.75761
4.10801,3.30894,3.2333,4.42721,3.93317,3.42066,3.40972,3.19925,4.10519,4.45021
2.81781,3.93201,4.27591,2.80172,4.0312,1.65219,2.16624,5.37072,1.522,4.50904
2.79226,4.50992,4.0867,3.35291,2.602,3.86757,3.9869,4.68594,3.08286,4.59525
4.11476,4.60212,5.90732,3.37241,2.54915,4.4394,3.61905,2.67301,2.89329,2.88715
4.97815,3.31882,3.22566,4.15792,2.73171,3.94458,5.05806,3.71461,4.78673,4.04871
3.08427,2.07474,4.31821,2.24033,2.47305,3.88424,4.00899,4.24142,3.01811,2.96558
3.4819,5.26052,3.28448,3.19628,4.9216,3.12259,4.27435,3.53777,3.30577,4.55152
3.68974,5.49404,4.79222,3.06548,4.35452,3.70826,4.79642,4.42086,3.42662,2.57142
6.20437,3.28307,3.49913,2.6434,3.65681,4.10845,3.35447,4.78934,3.32629,5.14677
4.93289,4.16696,2.8447,3.26109,3.26994,2.84954,6.20486,5.01522,4.95143,4.04419
2.16358,4.02688,4.6671,5.1208,1.73775,3.26458,4.88486,3.46214,3.72476,5.48048
3.00814,5.05274,3.76187,4.61701,6.17574,4.14535,3.31685,5.55773,3.42797,3.40447
4.19286,3.67646,4.30759,3.03119,3.46017,3.74717,2.90583,4.87111,5.22456,3.75385
2.559,4.54252,4.12013,2.69584,5.16066,4.74705,6.70119,2.47612,2.96614,4.64205
3.40124,3.70947,3.89873,5.16798,3.27,4.47432,5.48543,4.2556,4.51586,4.07333
3.77501,3.3754,2.28286,3.659,4.29056,3.57145,4.24452,4.26044,2.54923,5.1627
4.65139,5.17274,4.8121,6.42389,4.49772,3.19691,3.52539,2.59469,6.62889,3.68315
4.65256,3.03997,3.8434,2.7165,3.59535,6.42416,4.85881,5.32525,5.88604,4.65993
5.22952,3.00837,3.00947,3.4586,5.83578,5.42313,5.2308,4.35366,3.56519,4.26457
3.12003,4.22977,3.39473,2.80859,4.19151,3.81818,4.82899,2.99664,5.48338,3.2219
4.74884,4.88344,3.31834,3.38247,3.36392,3.50751,2.71459,4.58692,2.32602,4.80441
2.47236,2.07754,3.1339,4.78757,4.48749,4.42015,3.14402,1.63444,4.07845,4.04902
4.08952,4.3524,3.7623,3.3834,2.29565,4.828,5.10275,4.70516,5.12773,5.18476
3.10143,5.26048,5.01793,3.02894,4.3104,3.52463,5.03075,5.15149,4.28707,5.41815
3.56326,4.21003,3.89461,3.87763,3.45421,5.10222,4.30415,5.67022,4.38673,3.24869
2.74719,4.5817,2.46162,4.76756,3.33057,4.36225,4.05548,4.48206,3.1326,5.34403
5.19595,3.98734,4.62405,3.747,3.08051,6.30461,3.90036,5.36659,3.05298,2.89778
4.25216,4.77242,4.37979,4.18276,3.12435,3.71983,5.23916,4.02166,4.62197,2.15917
2.94258,5.47377,3.67206,5.43588,4.08781,4.77027,6.468,5.12976,4.66698,3.79594
4.28292,1.94566,3.1976,5.98034,4.46695,3.97883,4.58136,4.58767,2.67523,2.2528
2.70524,4.28482,3.26447,4.5721,4.23002,4.62627,3.77545,4.34772,4.28137,4.50549
6.10114,4.35169,3.00107,3.25086,4.30917,4.63088,4.47992,2.59293,2.61158,4.96012
5.14251,2.73054,5.00563,4.57374,4.69153,3.65335,4.63427,4.32333,3.42623,4.12
3.88453,2.78799,6.26524,3.31542,2.70635,3.61346,2.35121,4.96742,2.76273,4.53365
4.37633,4.95333,4.49386,3.1445,4.1113,2.41571,5.91616,4.49893,4.55394,3.79479
4.57268,3.17266,2.558,4.11411,5.25917,3.70089,3.76687,3.55483,4.41636,4.71639
5.86921,4.45596,4.41042,2.8354,3.32507,3.66388,2.12195,4.15557,4.51404,3.56872
4.66626,3.62599,4.93997,3.96585,5.36637,4.60254,3.58159,3.88905,5.10008,2.82298
4.1479,5.3547,4.20645,2.11163,4.75237,3.59067,4.09735,5.02702,5.00557,6.07794
3.45964,4.23427,1.61361,3.42422,3.25661,3.87309,2.98556,4.13429,2.95327,3.77309
4.18411,4.82511,4.88207,4.58424,4.38279,3.81277,3.8539,3.5505,3.54893,1.48571
3.63396,2.41978,4.4451,5.43543,4.16093,4.86025,2.79663,4.5686,3.43251,6.15215
4.00919,1.95721,4.4234,6.16477,1.74662,3.35254,1.75327,6.25904,3.89135,5.08748
1.82053,6.89301,2.98517,4.70308,1.53053,4.2425,3.84559,4.705,3.53536,5.38313
5.14627,4.59997,3.4871,4.86284,3.56464,1.44656,3.57278,3.72328,3.41911,2.49271
4.44649,4.20098,3.36622,5.0978,5.08673,4.05698,3.02977,4.21463,3.85838,3.93469
2.12251,3.53664,3.93478,3.64076,4.57531,3.65651,2.90375,4.56994,5.48495,3.02558
3.93104,4.93479,4.54624,3.46274,4.57255,4.17553,3.74396,2.94389,1.72502,4.11893
4.85528,1.54637,4.35306,3.66527,5.21224,2.95914,4.13001,4.10047,5.51543,2.28634
3.70809,4.43716,2.90536,2.94326,4.77854,4.51008,3.15238,4.4801,3.9579,3.63103
3.97537,1.98831,4.96586,3.15278,1.54321,4.88881,4.60745,3.67139,4.72961,3.11286
3.77739,4.78536,3.66388,3.90331,4.68418,4.42504,5.84773,4.95708,2.55121,3.75004
3.80336,4.81234,5.48306,4.43104,3.24582,4.17987,5.53425,4.07918,4.15884,4.29334
2.35318,3.49079,3.80429,2.907,2.47653,2.97139,4.35045,3.49122,3.99175,3.97858
3.08947,1.37713,4.67536,4.45534,4.88942,4.05173,2.83065,1.55421,4.96951,5.41438
4.80538,3.92142,4.18078,3.13792,4.63398,3.31651,3.38302,5.19705,3.77957,3.14988
4.9072,3.35142,4.42269,5.21636,2.43745,4.02949,5.86113,2.54028,3.42072,4.79001
5.01745,3.71341,5.68122,4.28748,3.40816,4.52136,3.40437,6.12088,2.35351,5.07776
3.59231,5.4507,5.03203,6.32383,5.3851,3.57491,5.03725,3.94617,3.25624,2.9605
4.99822,3.03697,5.02689,4.15107,4.45235,3.17887,3.71808,4.13296,5.03467,3.75358
4.72809,3.94559,3.26787,3.66399,3.34626,5.86681,4.33373,3.90813,3.62982,3.84871
2.36718,4.81623,4.36827,3.27351,3.17645,5.69504,3.72666,6.15055,4.60274,4.83462
3.77261,4.8671,4.60641,3.24494,3.8293,4.80744,4.49422,5.68977,3.35428,3.35035
5.68555,5.02983,3.78314,4.83072,2.62169,4.45916,4.55808,4.35307,4.29667,3.35136
5.26663,4.86565,5.04813,3.25378,3.04335,4.83447,4.43021,4.5165,4.27015,4.17888
3.83049,2.74839,3.76923,3.12149,4.27609,3.81585,4.93229,3.64076,3.84207,2.69061
5.32276,2.17302,2.71944,3.428,3.36557,4.95759,5.02744,2.93578,2.02502,5.28624
4.74051,4.43236,2.95661,3.65118,6.17444,4.1617,3.51175,3.53391,2.94556,2.68174
4.47697,2.97739,3.66778,3.78744,4.60287,2.51013,3.85152,4.75013,4.27733,4.3196
3.51459,4.71713,5.1141,3.08535,3.33677,4.44628,3.04415,4.75094,3.26951,3.69751
3.11102,3.92527,4.91838,2.49137,3.69314,3.2447,3.31166,4.2373,3.73278,5.03223
1.61738,5.25221,2.71641,3.46018,4.64197,1.95588,3.49082,5.27487,3.36028,4.60255
4.01007,4.39016,4.08398,5.39253,4.10354,3.13291,3.74789,3.67334,2.50019,4.43836
3.80583,3.08709,3.91472,3.21191,3.06243,3.09686,2.57051,3.34563,4.35327,4.56798
4.3041,3.51856,3.25683,4.7408,4.25814,3.09315,5.85614,3.1581,3.34155,3.3182
3.34675,4.56888,4.37155,4.15161,4.7589,4.41361,4.15937,5.54985,4.91022,2.00501
3.07916,4.64738,2.80948,4.98085,2.74953,4.0152,3.75372,4.00877,4.78108,5.33653
4.51633,3.96825,3.8851,3.165,4.44225,5.56745,4.50912,3.34303,4.64272,3.1021
3.38256,3.15774,5.09855,3.4897,4.43176,4.48479,5.57077,3.54191,5.49505,3.85307
3.96926,3.69271,3.84078,4.05726,3.84066,3.76831,2.82262,5.77125,4.24787,4.80026
2.78755,4.43713,5.06572,5.65255,2.21009,3.28348,2.6683,3.53612,3.36701,4.70217
4.22395,3.63753,3.97848,5.10311,3.43574,4.60403,4.79017,3.14938,4.28906,4.62865
4.82302,3.33528,4.17185,3.00624,4.78275,4.31308,4.20294,4.12535,4.74052,4.77605
4.72807,4.40128,5.14548,5.8463,4.18161,4.27687,3.36765,5.14082,4.25683,5.48293
3.73927,5.62462,4.94492,2.60102,1.97624,3.66824,5.26378,4.43463,5.38356,3.20164
4.18018,3.94864,2.50712,2.2479,2.47151,4.53521,4.26095,3.42945,3.26247,3.96503
6.1265,2.83512,3.75465,4.39844,4.04831,4.48512,2.34788,5.21476,2.7647,4.78165
3.89543,4.14052,3.8328,4.47885,3.17214,3.88644,4.01332,3.9309,4.15921,4.25909
5.85093,4.20865,4.74792,3.36281,3.80908,1.74865,2.10047,2.64996,4.9276,5.46901
4.03556,3.39636,4.35675,3.56306,5.32401,4.94153,5.1707,2.55621,4.22618,3.84772
4.61153,3.58049,4.08356,3.91752,4.08544,4.04808,5.0888,4.24099,5.44408,5.16137
3.06698,3.25227,3.22467,2.6123,2.6917,3.46832,3.74333,3.77813,3.39529,6.01076
3.14461,2.99602,2.95362,4.09343,3.8042,5.47333,2.89731,5.23319,3.35968,5.45766
3.52932,4.07279,4.12671,4.00823,4.02142,3.57216,3.41533,5.03609,5.23752,5.00184
3.61142,3.45697,4.68953,5.6843,3.37025,5.50034,2.88066,4.48446,5.91363,3.30931
3.24604,2.63616,4.48694,2.93357,4.22159,4.2296,3.84853,4.77749,2.64194,5.92918
3.05714,3.11994,3.23789,3.85493,3.49629,1.87135,4.54192,3.84364,3.75684,4.94553
3.97023,3.98659,3.69918,5.1082,4.85351,4.90792,3.51128,1.39433,4.75435,4.33728
4.75329,3.37404,1.1196,4.01094,5.07669,6.0081,4.47336,3.44454,4.2329,2.78637
4.42774,1.97038,4.52199,4.82299,5.00701,3.75381,2.90952,4.53631,4.34512,4.79068
4.22222,2.2114,3.80055,3.46736,4.47826,3.30435,4.76627,4.10775,4.27806,3.51513
4.98899,4.85787,3.52745,3.93534,3.79081,3.09405,4.46929,3.51975,4.38107,4.561
3.85227,3.51867,4.64608,5.52928,3.50023,4.41152,4.06236,3.93527,3.36694,4.59992
3.96524,4.35949,2.58846,3.03762,5.55417,3.54548,3.88362,4.29923,3.22976,4.28433
4.21025,3.49491,4.20139,3.38186,4.0876,2.70645,4.01436,4.29237,3.77799,3.52705
3.81487,5.23871,5.24712,1.90976,3.02215,6.18701,3.6977,4.82538,5.16037,3.74753
3.96478,2.71593,2.60776,4.53742,1.95685,4.37774,2.58489,3.51882,6.14301,3.59954
4.59008,5.84454,5.88087,5.36255,3.32327,3.90233,5.30669,2.80859,3.46211,6.00634
2.46272,5.50544,5.0537,2.64938,4.72856,5.49667,4.34487,4.67308,2.53736,3.96536
4.80758,2.62478,3.5718,3.48659,3.70702,5.04429,2.64991,2.90276,3.73408,3.7018
4.21693,4.94602,4.84718,3.88409,4.00141,3.83623,5.06038,5.46353,4.59404,4.62452
5.18921,4.34712,5.34283,4.61294,3.64625,3.58301,4.40709,4.25066,3.24108,3.74092
3.50445,4.3639,5.19691,3.23975,2.31969,3.11111,3.70871,4.87037,5.47849,4.60075
4.04073,5.31736,3.75629,3.88565,3.72334,4.18211,4.13984,3.36328,3.88936,3.2827
0.35091,4.21968,4.35424,3.33621,3.1017,4.93354,6.13229,3.99179,4.78453,4.72755
3.80907,4.1596,4.43568,3.05676,3.45858,4.96146,3.64299,5.13806,4.86383,4.5497
2.49132,3.28543,3.84428,2.89869,5.67927,3.73831,5.72142,3.93775,3.43114,4.6952
4.5114,4.33921,4.36958,3.84651,4.53226,4.20035,2.56362,2.86265,3.41606,4.23882
3.03221,3.51827,3.89654,1.83187,5.51007,1.60216,3.74008,4.38101,4.16302,4.82988
2.91642,4.65985,3.59831,3.4186,5.65163,3.97806,5.01102,4.20069,4.3246,5.1327
7.12012,2.99088,4.36799,3.71689,4.29988,4.66516,4.372,3.45971,2.70393,2.88677
2.60092,3.19572,5.37652,4.10534,3.36204,4.59873,2.14456,3.52027,4.39415,3.98606
4.66586,3.97143,0.74848,3.74543,5.86614,4.61205,4.7311,3.28734,3.90523,3.98215
2.78932,1.30174,4.57382,3.93921,5.17948,2.91328,4.19709,4.23043,4.50314,2.40339
4.28739,2.97665,4.22243,5.26711,4.57775,4.78019,3.04787,4.336,2.61754,4.2899
5.10889,4.43635,3.48789,3.37869,5.84694,4.60999,2.95286,2.56355,4.37116,2.4879
4.00732,2.669,5.05583,4.30579,4.12676,4.73317,3.36125,4.3713,3.94098,4.81638
3.66562,3.76656,3.27103,3.9973,3.11931,2.30807,4.64313,2.72258,3.98416,3.86117
4.47327,2.73395,4.16157,3.30915,5.23104,2.11941,3.54988,2.84462,4.19834,3.87809
3.17023,3.03707,5.58739,5.34965,4.04341,3.53485,3.56368,2.83377,4.30882,2.2657
4.52257,2.53622,3.58785,3.27625,2.5097,3.6589,4.28203,4.53312,4.92446,4.40165
2.51823,4.74366,4.89596,3.9117,3.60487,2.63307,5.56865,3.75609,4.28852,3.2254
1.40409,6.4333,4.44049,1.20588,4.76728,3.18288,5.76092,4.15945,3.59198,3.89464
3.99816,2.68746,4.44878,3.92792,3.95661,4.24892,3.53926,4.93573,5.94486,4.33045
3.76382,3.73618,4.55681,2.51463,2.36581,3.74103,2.36223,1.5344,5.54736,4.35405
3.36416,3.15121,5.99669,3.07278,3.47749,4.46871,5.16443,4.99224,5.59041,3.45975
6.12188,3.45774,2.95779,4.86666,4.48696,4.73247,5.23262,3.62144,2.64563,3.25822
3.57949,2.89092,4.83813,5.01054,4.71877,4.14498,2.95881,4.06272,3.63684,4.60285
3.90233,3.92662,3.20064,5.22413,4.35677,4.09404,5.02582,3.45235,5.07886,3.91199
5.39033,5.79737,4.79688,4.30425,2.85338,5.0158,3.0639,3.00187,4.0285,2.18216
4.7087,3.13868,2.73059,3.26213,3.53613,3.91337,5.55104,2.83011,3.82299,3.35072
1.45389,3.17762,2.32656,6.11277,5.61846,4.76937,4.0037,3.70697,2.34168,5.19997
4.34587,4.1645,2.39141,4.89186,3.20968,5.49151,2.89988,4.33202,3.78567,3.42045
2.58166,4.15377,2.71103,3.56836,5.47557,4.69627,4.37064,4.25167,5.61351,3.69245
3.87649,4.67577,3.52586,2.85186,3.53106,4.03319,3.46191,5.8886,3.21484,3.23025
3.94382,3.93372,3.36497,5.11855,3.51925,2.20838,5.37037,3.91868,3.49874,2.58304
3.92656,4.67105,4.55004,3.13841,4.50309,4.71532,3.80961,5.27191,5.73707,4.2137
4.16245,4.59804,4.14714,3.58605,3.50767,3.42141,3.01378,2.90808,4.55794,3.36563
