10
4.49831,4.07338,3.49022,2.9072,3.2951,4.09633,4.25997,4.82055,3.91727,5.76049
4.24508,1.93191,6.66635,4.82859,4.21846,6.15917,4.01442,3.51289,3.78831,3.22311
4.6185,3.09174,5.32966,2.93807,1.80472,4.49871,4.61137,3.81866,4.3918,3.95226
5.33367,3.12381,1.36973,3.56955,5.00765,4.81124,2.69195,4.17847,4.10734,3.96477
3.41672,5.03349,2.31859,4.27681,3.95366,5.42235,4.58128,4.32226,3.30752,4.06504
4.86642,5.72531,3.77753,2.49795,2.79136,4.06549,2.33666,3.94375,3.25267,4.00967
2.49568,3.14192,3.83119,3.77499,2.06977,3.7559,4.47363,4.3936,3.18165,3.22714
3.19114,4.01337,1.96067,4.54814,2.19909,3.48012,4.76254,4.30232,5.01331,4.43034
3.96972,3.75604,3.12251,5.1613,3.65966,3.46037,4.26832,2.67037,3.13732,3.60779
3.06194,3.451,3.4666,5.77894,2.73362,3.11349,4.20331,3.86463,1.83394,4.07629
3.11267,5.04717,4.01656,5.54964,5.10949,1.95781,4.14468,2.26968,4.456,3.48204
5.46961,2.56376,3.72281,3.84362,3.83238,3.58672,3.66448,5.03975,4.54618,1.97563
4.54123,4.74328,4.05847,4.6636,3.10616,3.17838,3.99235,4.39204,4.70576,5.22055
3.41149,3.5328,4.97991,4.28154,5.35582,5.94621,4.18487,6.9971,5.13287,4.33288
3.40728,1.91268,2.90159,4.00579,4.23126,2.99967,3.74453,6.59903,5.37316,4.06734
4.05182,3.85787,3.75675,4.14349,3.13514,4.62236,4.35504,2.54728,4.6803,4.86188
4.93326,5.25835,3.06341,5.7345,2.66294,5.45093,4.2839,3.86927,4.34259,3.77822
3.34175,3.84416,3.07181,3.56302,4.97548,4.62913,3.63363,2.24722,3.44138,3.89146
4.33229,4.37664,5.02525,4.33316,5.0031,3.79367,3.93909,3.20186,5.51203,3.495
3.08605,2.79445,3.70669,3.86408,2.50009,3.17512,2.7751,1.7403,3.39384,1.56845
4.47292,4.30504,3.19442,3.49213,5.98258,4.126,4.94375,3.32887,3.61095,3.66563
3.44968,3.44134,4.1232,4.24553,4.2795,5.01264,5.40207,3.02437,3.57489,4.363
3.49981,2.11663,4.78666,2.78008,4.93953,2.53557,4.3925,3.90197,4.04189,3.26069
5.59268,4.90086,4.97408,3.15992,3.98362,4.3534,4.77746,4.37435,4.68612,4.87653
4.42143,2.94196,5.28402,5.28547,3.99804,4.62669,4.70331,3.9045,3.13866,4.08271
4.27796,4.8702,4.53615,3.17309,4.94322,5.11115,4.15824,3.83548,4.65438,3.65366
3.32417,3.73417,3.16557,3.44058,4.11945,4.7533,4.96855,3.5718,5.04691,4.2448
2.05893,4.71212,3.61753,3.92401,3.97086,3.38765,3.92223,2.58877,3.14962,4.14028
2.492,2.16832,4.36298,3.69256,3.9712,4.49948,1.92749,3.99297,5.7927,3.08328
4.81997,3.32242,3.2459,3.074,3.22097,6.06704,1.72877,4.98979,2.54376,4.53742
3.97485,2.14671,3.90634,4.14944,2.94768,3.9501,3.65889,4.7467,2.66574,5.1784
4.81833,2.58973,4.32504,3.66519,5.2972,2.26661,4.21717,2.94859,4.31754,2.0928
4.4557,3.91387,4.56094,2.52387,5.09381,3.63219,3.34005,4.37852,4.49379,4.78377
5.32001,2.63591,4.13345,5.22118,6.63616,3.07923,3.1556,2.7819,5.52743,3.86544
3.38321,3.80601,3.95216,1.95846,4.11086,4.51362,4.61165,3.67617,3.23712,4.21259
4.1738,5.27447,5.13609,4.69639,3.72428,3.04592,4.21457,4.27808,2.15308,3.03285
4.04166,2.74961,2.98086,2.67971,5.72853,2.96929,4.29824,3.28813,4.36612,4.01044
5.37493,2.81489,4.16286,3.95379,3.13384,5.11967,3.81882,4.31613,5.6601,5.61839
3.76394,2.79188,4.55478,3.15143,4.61359,4.743,3.87254,2.91125,3.49851,2.68334
2.57968,3.91325,3.63791,2.00663,4.22645,4.26414,3.39129,2.06184,3.19183,5.57322
5.5267,2.38049,2.80308,4.59248,3.63871,3.9781,2.19701,4.94143,3.07422,5.368
4.27467,4.69406,3.28197,4.05268,4.25389,4.93237,2.50255,3.56944,5.0825,5.79953
5.05513,3.04318,2.86958,5.79199,4.16251,3.9439,5.57606,5.91087,3.89569,4.79468
3.94866,3.43854,6.65274,4.42438,3.08821,4.082,3.60574,4.52158,3.98391,4.576
4.87445,4.92271,5.51804,5.09276,4.42292,4.90476,3.84729,4.15513,5.23684,4.38265
2.96845,5.69412,4.76644,3.60955,3.78231,4.08889,4.92548,6.06732,4.7518,4.35185
3.96173,3.12573,3.71193,4.15162,3.27354,3.77496,5.75106,3.72038,2.51867,4.24632
3.74481,4.22012,3.91689,2.53284,4.0179,3.49826,4.85735,4.07479,3.23588,3.03373
3.01613,3.54506,4.3595,3.88682,3.64059,4.25368,3.62099,2.93878,3.54209,5.15749
2.41647,4.62877,4.02323,3.44877,2.69549,3.60293,3.68266,5.70399,5.11297,5.07027
3.24287,5.20983,4.68645,4.41596,3.14331,3.10684,3.84525,2.0672,3.98247,3.40668
2.27991,4.37782,4.05957,5.48718,3.75283,3.74169,2.93105,2.96667,4.0728,5.70324
3.41528,4.3966,4.33879,5.04909,1.99413,4.57075,4.24256,3.81359,4.89266,3.66733
3.27365,2.87197,3.18381,3.38418,4.29864,3.5977,2.55858,4.68237,3.57134,4.42187
4.01319,5.2027,4.91999,2.80609,4.8488,3.74628,4.31223,4.92724,4.43394,5.19524
5.39808,3.86854,2.79538,4.4567,4.30926,3.28294,2.23999,4.98694,4.92833,3.47444
3.2084,3.76276,3.32223,5.33126,2.75399,4.49662,5.05757,3.81182,4.04568,2.80743
3.68593,3.71291,3.22821,4.43183,6.30715,2.32063,4.24822,4.72149,7.06657,2.74313
2.8499,3.70702,4.3358,3.63415,2.98461,4.75022,5.29399,3.52457,6.53845,5.43016
4.19475,3.86111,3.74575,4.79369,4.50727,5.31556,5.7541,4.97181,2.91441,3.52846
2.24393,6.00805,5.21491,3.76987,5.37733,4.24736,3.69885,5.72442,2.61608,3.76421
2.79254,3.88006,4.77749,5.09338,3.21362,3.83192,3.6273,4.29357,4.31288,5.02854
3.86391,3.96763,4.13092,3.67272,2.87349,3.62002,3.90887,4.21113,4.24094,5.26466
3.31082,3.44891,5.29718,5.86411,3.59672,4.66661,3.25446,4.20446,3.88167,3.97767
3.2606,4.34844,4.45335,2.69663,4.44311,5.69462,5.37836,2.68148,4.63113,4.4354
2.18241,4.28415,3.22355,4.43958,4.10118,4.35565,2.40553,4.93981,3.10235,3.99884
4.30656,3.02817,4.69229,2.39431,3.4114,2.71399,2.98358,4.85999,1.65551,4.10182
3.9302,4.47248,4.34336,5.37383,3.82198,3.87185,5.13282,4.55687,5.31214,3.32002
5.62004,3.66539,3.46625,5.56663,2.30948,3.66859,4.11656,3.28886,3.32322,4.83038
4.4934,5.05592,3.38618,4.2796,3.49076,5.66318,4.45363,4.1111,4.34407,5.56754
3.02596,4.72367,2.85091,2.34078,4.96534,3.83704,3.65172,4.23348,4.0427,2.50365
3.37796,3.81531,3.7265,3.3332,5.9589,1.5508,4.19722,5.33107,5.46562,3.07883
3.57763,5.86372,3.9506,3.33813,5.40059,5.32483,2.198,3.97728,3.65608,4.10846
4.13131,5.04585,3.13143,3.7377,4.10019,5.89876,4.1907,2.35661,2.62329,2.49858
3.57544,4.55967,4.98184,4.80161,3.26459,2.72847,4.43688,3.99577,4.08068,3.45229
2.8208,4.82367,6.02374,5.04255,3.64293,2.69593,2.68915,4.31937,4.99488,3.90325
4.77665,4.81978,2.47836,4.49424,5.54121,5.3921,3.72577,5.66714,5.0339,3.26398
2.51701,4.81277,5.55794,4.14473,4.57806,5.16168,3.41994,2.04224,3.82282,4.38927
3.17218,2.87829,4.76108,4.02493,2.7546,3.99391,2.28932,4.37745,2.71416,3.89597
3.64496,3.65818,3.61578,3.01923,5.01441,4.43325,4.72485,3.89754,3.96171,5.02101
2.68158,2.31783,2.54859,2.00343,4.88419,2.93265,4.76587,2.21605,5.29085,3.5219
3.85856,1.95628,2.9605,4.60222,5.69923,3.2522,3.3592,4.46892,4.29676,3.93636
2.55967,3.76674,4.30436,2.79264,1.88131,4.42703,4.33085,5.90168,5.03028,5.23394
5.5136,3.06688,2.60194,3.76616,2.36497,4.64649,3.09937,5.86954,4.06303,3.66769
3.78951,3.48828,4.33492,5.49917,2.01702,4.17115,2.86172,3.94821,4.34963,4.78077
3.44758,5.26252,3.9461,2.33555,4.9895,4.18416,3.60552,2.47475,3.08681,2.82143
2.1037,3.88518,3.25443,3.02449,4.8255,2.77685,4.89775,3.29009,4.19667,3.40684
2.11532,1.77893,4.06901,4.65978,3.95549,3.76598,4.59759,5.8488,5.56013,3.71747
3.98515,4.33808,3.21181,5.25844,4.16641,4.35575,4.12612,2.96316,3.85394,4.27509
3.12348,2.87683,4.17193,5.56629,4.14959,4.29799,5.41366,3.55605,4.68216,1.27976
4.51733,5.23446,5.01438,4.52005,3.59056,3.96403,2.68665,3.76317,3.09254,4.54373
4.55473,4.73639,3.82151,3.58243,4.52812,4.17415,4.25872,2.95166,4.31165,4.4715
3.835,4.10009,4.09754,3.87182,2.32379,1.89166,4.64337,3.97291,4.34028,3.23645
5.33448,5.00281,4.35327,5.25635,5.15556,4.96598,3.08928,5.67526,3.7357,3.50897
3.85434,5.23061,4.60312,4.10465,2.95475,4.64416,4.38829,5.19553,4.50565,4.74488
3.61257,4.78889,4.09423,5.8985,3.89531,3.1899,3.71296,5.09423,3.72022,2.18369
4.96092,4.64054,4.18517,4.49789,4.10351,4.74993,4.97065,4.35264,3.64825,3.55938
3.48087,2.25841,3.39087,4.92375,3.26497,4.25501,4.92126,4.00027,2.43983,5.10044
4.8914,4.68216,2.72351,3.44931,4.6182,4.76734,3.47419,4.04032,4.79863,4.74209
3.10138,3.18672,3.04037,4.14644,4.96879,4.92017,4.78873,4.55098,3.45273,3.776
3.66738,3.17306,4.81942,3.54943,4.92501,4.01672,3.41421,4.11235,3.89803,4.78008
3.25065,3.68272,2.92401,3.37535,3.72447,3.14211,3.54301,4.40051,3.04276,2.58148
2.48118,3.41457,2.12231,3.05075,4.95153,4.10005,2.71676,4.20671,5.45725,1.79787
3.82708,6.55095,3.92,4.96719,3.49223,5.40848,3.86239,3.57337,4.94781,3.66092
4.4788,3.34837,5.55358,2.61518,3.1572,4.1413,3.08772,1.73591,3.83356,5.97552
3.90164,2.70779,2.05318,4.04945,4.0394,4.30411,3.53724,3.9272,4.30451,3.30774
4.17512,3.95853,3.43151,5.53485,3.72732,3.78999,3.98704,2.52832,2.01131,3.67168
5.62017,4.52086,3.35994,2.38336,4.31511,3.97273,3.267,4.00268,3.95506,4.15114
5.51735,4.81187,3.18057,4.66064,3.78296,2.77364,2.45753,4.2883,3.6713,3.23299
3.98596,3.62908,3.92232,2.55891,4.59175,4.88838,5.50566,4.67854,3.85377,4.41817
4.1791,3.54812,4.10124,4.76723,3.26289,4.73667,2.56113,3.56387,4.52463,3.71034
5.38672,3.92448,3.83229,4.25904,3.41367,2.39122,5.69059,3.2017,2.25845,4.39395
2.65331,4.64942,3.17112,4.64074,3.07292,3.55016,5.17731,3.31851,2.75756,7.22001
4.27966,3.37634,3.44925,1.76941,4.22141,4.38268,4.00345,3.47814,3.84113,2.83238
3.08869,4.0731,3.69261,3.2051,4.59456,4.12443,5.03065,2.43103,3.80269,3.62102
3.35542,0.943669,3.39037,4.62643,4.45237,4.27796,1.58144,3.78293,4.52225,3.39187
3.64013,3.7456,3.77253,3.38611,4.34934,4.50724,4.77691,5.33416,3.0933,3.32996
3.46592,3.54752,3.1279,4.34006,5.32569,4.29998,3.71705,1.95144,4.30226,4.28362
5.35081,3.32134,3.93895,2.85323,5.10277,4.98796,5.00761,4.20019,2.95071,3.36746
3.01871,3.36197,3.75813,2.13729,3.73712,4.79711,3.73751,5.72758,3.29185,3.8767
2.818,5.00293,4.11831,1.11158,5.5168,2.3772,4.90808,4.04255,4.70296,4.59397
4.13553,2.70993,3.04928,3.79864,1.86309,4.61173,2.372,2.58237,6.25205,3.63629
3.41466,4.03421,4.18572,4.24618,3.6742,4.01253,4.20793,4.57488,3.04017,4.87678
4.69589,2.83234,3.86723,4.74759,1.73763,3.52848,3.37882,4.57784,3.86112,3.72426
4.48972,3.25661,3.51517,2.62421,5.18696,2.27486,4.67694,3.4213,4.10691,3.58102
5.23925,3.47311,4.42513,4.87362,3.23245,5.54265,4.43043,5.04563,3.44687,3.87067
3.84961,4.10071,5.02133,5.98055,3.86735,3.03859,4.29363,3.66779,3.17378,4.46658
5.18347,3.90574,5.85124,3.91279,3.86041,4.0874,3.12136,4.14044,3.99955,4.45553
3.54781,3.60837,4.2694,4.4803,4.87967,2.48401,4.32852,3.86922,3.57735,5.45109
4.97169,3.57034,4.41637,5.32015,4.74156,1.87402,3.61932,5.74125,4.56066,2.76609
2.66874,3.5785,4.65165,4.30118,3.67994,4.59108,3.74004,4.88325,3.36369,6.3658
3.05554,1.96515,4.07718,2.24074,3.49199,4.02366,2.87261,5.22023,4.906,3.54471
2.90037,5.76409,5.80304,4.04285,5.02044,7.34642,6.20129,3.83482,4.91044,3.441
3.20972,3.37715,2.76962,4.83141,1.1769,4.39182,4.22883,4.99867,5.03791,4.98244
4.04463,3.71953,3.11086,5.08008,4.53684,3.6285,4.05725,6.03546,2.64586,4.36983
4.59785,4.00148,3.21231,4.25919,5.43363,0.808204,4.54275,2.97718,6.01712,4.08641
4.08568,5.05809,4.76487,2.20714,3.9006,4.79466,3.85022,2.27476,2.80135,3.8792
4.00482,4.45262,5.58043,3.6509,5.54742,3.10528,4.8386,4.73567,5.35512,5.48067
1.88087,4.5025,4.19369,5.13669,5.69526,5.11177,0.617404,3.2035,3.28995,5.30457
5.90644,3.47298,5.21422,4.58584,2.95605,2.41093,4.29385,2.88622,2.83421,3.1297
5.04861,4.68531,3.88387,4.24872,5.47693,3.4566,3.81862,3.63964,3.16057,3.92279
5.54868,2.75497,4.67991,3.36188,3.09932,3.5421,2.2578,2.21827,4.2158,2.27922
6.05234,6.69449,5.93246,3.96864,5.51401,2.92842,2.58127,3.85039,3.81182,3.01432
3.34272,3.54676,3.33619,3.7221,4.52487,3.94557,3.59986,3.15284,6.26724,5.76875
2.43066,3.18656,3.25937,5.79812,4.7261,3.93999,2.86158,4.60581,4.08805,4.66354
3.06835,2.9188,2.99443,2.38788,2.42542,5.03319,3.11506,1.86513,4.70821,4.70212
4.80539,4.94886,4.35715,3.53003,2.77118,2.21829,5.65362,5.48915,4.69811,4.36378
3.86289,2.96432,5.05383,4.17777,4.10148,2.19436,4.20747,5.20327,5.46458,3.702
3.21027,2.15596,4.46234,2.80896,5.38312,3.28489,4.42132,5.03139,3.02627,3.44197
4.17101,3.21611,3.41708,3.99762,3.00375,2.56511,5.53052,4.04788,4.82118,2.35465
5.72283,3.13006,3.27029,4.26917,4.98443,5.08962,4.33514,4.55029,4.58567,3.30518
5.02344,2.56972,3.31625,3.37579,5.68454,4.22324,3.38475,4.92614,6.43292,4.03991
5.71553,4.71934,4.12478,5.0294,1.99159,4.51138,3.57447,5.23893,4.11987,4.28503
2.0528,3.75909,4.11258,2.91978,5.18974,3.36174,5.06947,2.74865,3.74248,4.93219
4.92372,3.85986,3.21801,4.37842,4.78969,5.3648,3.94738,5.50129,3.002,2.88189
3.27447,2.14006,3.96432,4.17975,2.96648,3.82516,3.1665,5.19641,5.5089,4.74965
4.38934,3.68815,4.35538,4.48633,3.05965,4.71824,3.96137,3.08767,4.43417,2.32878
3.88985,3.44116,4.92969,2.97838,4.62135,4.62944,3.48433,2.60418,5.83012,4.5935
4.23245,4.21465,1.87519,4.50625,3.72508,3.49583,4.24774,4.09127,3.63105,4.16501
4.41564,3.14872,4.40826,3.51308,4.98554,5.03902,4.04211,5.82069,3.08345,3.14751
3.83575,3.52577,3.61582,3.29249,4.16868,3.56899,4.84613,4.267,3.57473,4.36427
3.72423,4.70374,6.36678,2.37752,3.62839,4.70639,2.96338,4.33248,5.17067,5.26276
2.87339,5.20495,3.01834,2.56048,3.98408,4.783,3.82135,4.26446,5.01624,4.31639
5.06954,2.32013,4.94071,3.4912,3.62593,3.57567,3.13061,3.46141,3.47712,5.71631
4.64033,4.76076,3.96288,4.61723,3.6791,2.37908,5.37973,5.82781,1.90107,3.22574
3.92544,3.43091,5.64304,3.3599,5.08921,4.64708,4.37571,1.3527,4.16974,4.46103
3.93738,4.35868,4.93052,3.944,3.67479,3.94898,2.77731,4.85468,2.81309,2.79502
4.45385,1.8743,4.02719,4.23604,5.49569,3.7114,4.6747,3.15802,3.85636,5.28647
4.7622,4.36412,5.15668,4.85877,3.83895,3.59736,3.64971,4.92924,4.04367,5.17005
4.2909,3.42997,5.37533,3.5776,4.5068,3.58648,1.92549,3.77449,4.50863,2.47829
3.41432,4.2368,3.80649,3.08956,3.46202,3.84207,2.47357,3.13581,3.77804,1.79196
3.54966,4.21404,4.08643,4.91863,3.66357,3.58335,2.16812,4.40929,4.60266,4.63565
3.42526,2.99305,4.58659,4.0626,2.46713,5.09402,2.62397,2.60917,4.00264,6.22356
5.32835,6.02747,2.78093,4.95191,1.08455,4.66397,4.04261,3.36861,4.2321,2.81461
4.60836,5.50954,2.88223,4.25745,4.50928,5.01573,4.32609,4.37959,4.27358,4.37682
4.07797,5.78136,4.55513,4.33573,3.59187,3.5117,4.51688,3.1831,3.39126,3.3225
4.50365,3.31182,4.06658,3.81535,2.41187,5.83427,4.26069,2.92635,4.14187,4.31216
3.61684,4.82372,3.4823,4.96679,3.43713,5.20978,3.84821,3.62864,3.69027,4.41156
6.3807,3.06212,3.26592,4.12409,2.82208,4.16974,2.71118,4.49554,3.96101,5.01861
2.55261,3.09938,4.20094,3.69196,3.83831,5.13196,3.95404,4.68332,4.84032,3.68953
3.21455,4.36775,3.59635,4.75642,5.01974,4.30736,5.76924,3.47239,3.08556,2.31979
4.79999,3.13081,3.40324,4.86639,5.39547,5.19911,3.8692,3.77563,3.08545,3.52114
3.28234,2.60027,4.15866,4.67801,4.90794,4.58128,4.57032,3.23506,3.16776,3.43051
3.55646,2.74441,4.32451,5.01201,2.7737,4.32507,3.39733,3.85358,3.87878,2.64683
5.04302,4.48072,5.00522,3.86824,3.44377,4.12328,4.72428,3.83339,1.93526,3.04383
3.63138,3.81427,4.91784,3.06918,5.90385,4.80752,3.63215,5.64144,4.02732,4.25573
4.49675,5.91384,3.79209,6.06239,3.46265,5.7673,2.97906,5.07125,3.54637,2.49421
3.41504,4.45979,3.46562,3.96207,4.39983,4.92776,4.07976,3.42862,2.74974,2.13174
3.89398,3.65415,4.39553,3.56585,3.77028,4.58667,4.31311,2.72133,5.26166,3.90049
4.53095,4.60492,2.35355,2.98767,4.49639,4.04001,1.88025,4.35499,2.88806,3.9676
6.11438,2.54218,2.54552,3.82265,6.31865,5.52156,3.72192,0.769207,2.84131,4.33205
5.60801,3.7375,2.87422,3.29785,3.56894,3.00513,4.45479,4.87403,5.34715,3.64726
5.67862,3.35842,4.76021,3.19929,3.68521,3.8573,3.21895,4.19404,3.91412,4.25755
3.57461,4.61844,2.53499,3.63967,2.84109,4.55933,3.44205,4.0647,3.19752,5.03712
4.43734,3.25267,3.12467,3.68288,3.85661,4.24246,3.77298,3.7609,3.36664,5.43919
3.51239,4.47988,3.34134,3.56432,5.35059,4.91594,3.71184,5.87758,4.10843,3.37815
4.20075,1.40582,2.68822,3.59494,2.88447,2.77565,5.85653,2.15678,2.4409,3.9945
5.35528,4.23831,3.45121,5.77976,4.48931,3.73448,5.50902,3.96788,4.1208,3.01779
4.04612,2.74481,5.24948,5.32175,3.45385,3.0889,1.39967,5.05082,4.74899,4.00451
4.98229,5.20009,4.48268,3.52404,2.60296,3.71249,4.11403,2.69901,4.54709,2.0006
4.53151,3.34786,4.8148,2.84152,5.08283,3.90665,3.05852,3.38112,4.82819,5.0519
3.81069,3.30996,3.72348,4.81003,3.01059,4.84656,4.31885,3.27975,2.87084,3.00078
5.07403,3.31825,2.26688,4.74929,5.75343,5.95869,5.67572,3.28234,1.88241,1.2931
4.02009,3.86409,4.39231,3.88579,3.60601,4.94935,4.86824,3.43125,4.70119,7.26933
4.41482,6.13994,3.38206,3.01841,3.59243,4.12705,3.93538,3.52474,4.55131,4.43773
5.57114,4.38626,4.79603,3.4107,3.66762,4.67705,2.36813,3.24364,3.74906,5.36528
2.06367,2.95663,5.22298,2.6021,2.19554,2.71643,3.455,1.56139,2.92443,6.0569
5.13103,4.32802,2.52879,2.93104,4.30365,3.94117,5.01366,5.33098,4.76067,4.03082
1.20193,5.09165,3.29872,3.68218,2.11649,3.98193,2.67295,3.9671,3.29005,6.23767
4.05415,2.69317,5.06255,5.72071,3.32124,4.0708,3.27431,5.36284,4.00069,4.20266
5.6348,2.54247,2.82343,3.83452,4.44226,4.1693,4.06946,4.59048,4.94663,4.02645
3.07507,3.51796,4.16949,4.55454,3.85736,6.1973,4.5602,2.21768,3.74066,3.82949
2.77649,4.7215,5.12145,6.17575,3.16763,3.03829,2.55177,3.75872,5.35258,4.46145
4.96955,4.88618,5.37013,5.27323,4.87183,3.32124,3.12864,4.43701,3.36178,5.90196
2.66899,2.8596,3.63487,3.8451,3.10786,4.27603,3.47079,5.26633,2.03454,3.49936
4.54997,4.09995,3.64039,4.16928,4.77858,2.59637,5.0551,3.85653,5.75581,4.30125
1.27122,4.34952,2.90522,3.23354,5.7166,4.34637,4.31827,2.98141,3.21295,4.7802
4.19627,3.59552,3.50294,4.6661,3.07355,3.69999,4.71291,3.75826,3.11861,4.3939
6.74089,5.92828,4.58156,3.7532,4.1678,5.58167,4.57614,4.97676,4.14832,2.82705
4.37872,4.30314,3.44898,1.70522,4.85772,4.85753,3.32753,3.00492,3.23757,5.23126
2.82989,4.35307,3.78447,4.3313,5.00666,4.70989,3.92794,3.74962,3.47431,3.7667
3.70865,5.78772,3.82412,5.69366,4.20424,4.09541,2.86463,4.89137,3.98692,5.1833
5.27629,4.60571,4.21413,3.76068,3.25125,4.80186,3.27123,4.42545,4.5699,6.6619
3.04031,2.90972,2.37597,4.83171,3.41739,4.40023,4.43611,2.56496,3.562,2.16508
4.31114,4.53613,5.04011,3.54741,3.02327,4.34864,2.7137,3.40531,5.5051,4.65952
4.72641,2.72067,3.51493,3.63528,4.27271,3.28363,3.99686,4.56157,3.02721,3.5862
2.77436,3.46245,5.12343,5.34309,5.52413,4.50774,3.01283,5.57334,3.54782,3.36254
4.9875,3.27552,3.79249,3.97476,4.0507,4.2691,2.43489,2.65588,4.52419,4.74872
2.72963,3.73066,5.42118,4.01898,3.20977,3.17955,3.87566,2.8956,3.96864,3.532
4.01023,4.24423,5.24577,2.34727,4.13462,4.25585,3.66199,2.36195,5.60678,3.704
2.68134,5.594,3.45695,5.11066,3.84692,3.48634,3.11746,4.41502,3.52836,3.44201
3.71988,1.95941,4.68499,3.86562,3.26005,4.28506,3.76037,3.44109,5.30968,2.97294
5.30973,5.86052,2.16426,2.79218,4.50034,2.38448,4.96261,4.27483,4.87044,5.53409
4.55912,4.71876,5.48468,4.07031,2.92756,3.11393,3.17174,3.15614,3.50645,3.11265
3.04961,4.41175,4.19523,2.81695,3.92799,4.78337,4.81323,4.19666,5.6878,3.98632
4.86544,4.05319,4.15791,5.28019,5.06409,5.52344,3.24133,2.34114,2.99919,3.85073
5.66728,3.66376,3.23542,4.79884,3.92516,2.69896,3.81064,1.92116,5.57341,4.42173
5.65767,3.35614,5.14114,4.20664,4.59722,4.68821,4.15511,4.24195,3.0926,4.02996
5.13601,3.81525,4.23801,4.04104,2.56885,3.29736,3.42214,3.65749,3.827,6.11928
4.17534,4.67067,4.10417,4.42911,4.22327,3.90936,3.82578,5.38636,4.34567,3.99701
3.98565,5.40317,4.62779,3.95013,4.55887,5.08269,3.71663,5.33724,4.09439,4.4891
4.00919,3.98273,2.79445,3.30194,5.29744,5.93533,6.48459,2.54684,3.68654,5.30912
4.11352,3.3086,2.45492,4.09829,2.67128,5.86395,3.62374,3.78486,5.3465,4.08412
4.34696,6.01389,5.87157,4.21232,1.98879,2.22044,5.58937,3.70301,4.97264,2.11702
3.49582,3.73325,2.84935,2.99675,4.11622,6.40587,5.02505,4.9505,4.1706,4.36136
3.21395,3.26952,4.29205,3.78254,5.46319,3.85672,4.25729,4.51265,3.05918,3.55852
4.11554,4.15049,4.73328,3.69375,5.3509,4.20086,2.88787,2.17729,3.56199,3.11614
3.34901,2.63462,2.46374,3.21039,3.43384,4.52273,4.43387,4.38034,3.31133,4.6962
5.49075,2.71284,4.04213,4.29779,1.67121,4.16664,3.86928,2.47526,3.69658,3.13616
4.06621,2.59189,3.64875,4.74488,4.37728,4.33994,3.65296,3.98576,2.16135,4.1806
5.19683,4.60838,3.57822,4.35758,5.13143,3.85962,4.06932,4.65032,4.49069,3.52288
2.46022,5.40568,1.96675,4.46633,2.81682,4.80017,4.44119,3.29405,4.23447,5.39194
4.63265,3.35804,5.01725,5.65364,3.44214,4.13239,3.67952,4.18591,3.06573,4.14127
3.96259,4.47138,3.27119,3.44493,6.66406,4.95053,4.06649,4.69829,4.63887,4.98054
4.61553,3.90973,1.69929,2.40752,4.27972,5.31245,2.30938,4.3023,3.70946,1.82058
3.66974,5.33583,4.62482,3.48693,3.95793,2.84868,4.46344,5.33078,4.73689,4.56966
2.87995,3.02817,5.45457,4.50876,3.86988,2.70381,4.33991,2.35614,4.24016,3.77946
3.35443,4.32828,4.08363,5.14723,3.77349,4.84034,2.58106,4.26994,3.84413,2.82389
4.75568,4.42663,4.44191,5.86571,3.48267,3.57383,5.21214,4.39392,4.07022,2.35483
2.93686,2.82385,1.00786,3.24158,3.89316,3.96689,3.67896,5.49402,3.36324,3.59449
4.45245,2.91751,3.26343,3.31346,4.38243,4.36237,5.37001,3.53401,4.9158,3.99753
4.21476,5.43469,2.76239,2.12082,4.33008,4.36713,4.25751,5.31319,2.9661,6.13871
4.62185,3.44192,4.74491,3.45154,3.68505,3.90974,6.44315,3.99199,4.48907,2.31113
3.92164,2.94845,4.58961,2.05176,3.19018,4.72957,5.37195,3.68824,5.65046,5.13336
4.29996,4.24226,6.70797,3.45273,2.92153,1.50485,3.00498,3.44828,3.94303,4.11024
4.2625,3.42369,3.56857,4.45618,2.35773,3.6588,4.45729,4.1604,4.99121,3.20772
4.44948,1.45777,5.17773,3.17857,4.75941,3.11201,3.43686,4.69733,3.62763,5.50786
4.07997,3.36819,3.08548,3.93864,3.98761,3.08708,5.10277,1.42677,4.59547,4.3919
4.62991,3.71344,4.72179,3.00547,3.62198,3.56174,4.00175,3.86986,4.36852,3.72218
3.97892,3.39874,4.61897,5.85218,5.07711,3.15859,5.7312,5.28017,4.63012,3.12868
5.73374,2.64994,2.89266,2.79391,2.64402,4.44354,4.37118,4.71238,4.23191,3.52802
4.46534,4.1477,3.34008,4.37112,4.91732,5.15565,5.01239,4.34064,3.35135,5.66657
3.22698,4.00069,4.03635,3.29743,3.68767,3.83748,5.93258,4.48017,3.58072,4.40334
3.73342,4.26147,5.57152,7.53672,6.82333,3.95055,2.73667,5.81558,3.98003,6.21354
3.30969,5.54628,4.45492,4.06156,3.17456,3.34954,4.43706,1.37651,4.12502,3.92067
4.5806,3.85357,3.67331,5.26108,4.66125,2.69592,3.31271,4.88602,3.8117,2.01077
4.52921,2.5825,4.26435,4.41785,3.45634,3.49302,3.70733,6.03582,5.22953,5.0501
4.37591,2.50258,4.75636,5.03868,1.40866,3.67144,2.13087,2.88153,2.78838,5.18251
3.72484,5.67012,3.05177,2.52262,3.78161,2.29438,5.25338,4.19757,5.17632,3.98384
3.24306,3.30844,3.3935,4.44379,2.01974,3.14626,3.57306,2.31821,5.23602,5.72443
3.16215,5.45035,4.17135,2.39816,3.44215,2.78105,3.26822,4.65853,3.28312,2.04359
7.42195,3.47598,3.55676,4.35136,4.99761,4.8655,1.83167,3.72482,3.11024,2.91959
3.92409,4.18897,5.29874,2.58892,5.20867,3.00518,4.05971,2.95919,3.88332,4.89945
5.9157,6.25263,3.05718,2.95677,4.24708,3.87669,4.09797,3.35787,3.88595,4.023
5.11955,4.27889,3.30652,5.96508,3.41404,4.06129,3.5212,4.96396,5.67707,3.61761
4.93421,3.47653,4.68131,4.48757,3.27691,3.33396,4.0058,4.31187,3.87686,4.64677
4.24902,3.10089,2.48457,3.04948,4.15478,1.45531,4.12421,2.02615,3.52425,3.53479
5.18615,3.84289,1.61763,4.55226,6.16132,5.19742,2.797,3.5978,4.27105,5.12151
3.17969,4.98558,3.67511,3.72445,4.28979,3.87736,3.43631,4.53245,4.70797,4.4408
5.30358,2.63889,2.75622,3.08511,3.09398,3.80859,5.22497,5.03695,4.14845,2.54246
5.75924,3.04685,2.78311,6.12708,2.90513,3.13646,3.96261,2.78053,4.62201,3.94086
4.4972,4.63606,3.17717,3.63636,3.4394,4.45812,5.192,5.11602,3.44307,3.34927
5.82959,3.84643,4.93471,3.69293,3.74929,3.27439,1.07663,3.84179,3.15544,2.04621
4.16614,2.56063,4.63831,2.75491,4.49419,5.20175,1.8889,5.13836,4.51156,5.15775
3.50722,4.2364,3.74585,4.12153,4.89048,5.09564,3.57755,5.93643,6.07503,4.67672
4.12484,2.13213,4.05201,5.48229,3.85518,5.04985,3.8719,2.43127,3.64806,4.33689
5.44879,5.08838,4.11532,5.16121,4.7573,5.34694,5.26065,5.39931,5.10195,2.93572
6.04393,4.17795,4.4814,2.65838,5.06774,3.84826,4.00756,1.8688,5.78738,3.73332
4.06929,3.51517,3.05192,4.47589,4.50144,4.68713,4.10005,5.04295,4.32154,4.73065
4.03033,3.83469,3.07027,1.91254,4.8525,4.15345,3.6552,3.88679,3.78715,5.50602
4.87266,2.45275,3.54606,5.04078,5.89042,2.27869,4.1696,3.45664,3.60612,4.37271
5.71967,4.53521,2.85528,5.38279,5.2854,5.17364,2.66244,4.58437,3.81635,4.43173
4.26813,3.1572,5.53197,3.10722,5.21608,4.52493,3.9322,4.79695,4.678,3.56926
4.04801,4.49996,4.50149,5.65,3.02743,5.62461,3.59183,3.66211,4.40484,4.25772
4.97156,2.75311,4.39221,2.30299,3.87004,3.96553,2.73877,3.07425,1.4377,4.09336
4.13232,3.6734,4.22592,4.2756,2.58685,3.91507,3.44847,3.6723,3.49742,4.04121
4.52597,4.2666,4.09496,3.52954,2.54027,5.30417,4.06515,3.98175,3.49436,3.16935
4.00426,3.35876,3.02798,5.33931,5.09589,5.27503,1.26753,4.11799,5.57096,5.36051
3.77981,4.91229,5.29899,5.19476,3.83119,4.60983,4.1628,4.4716,3.55129,3.77555
3.76196,4.07777,3.4241,4.80488,4.26294,3.9788,4.64105,3.87925,5.637,3.74653
4.14351,5.11606,4.57059,4.13229,3.14883,4.35872,3.87393,3.18524,4.12997,3.71596
3.30159,4.19496,4.53955,3.24802,4.22578,2.89317,2.95107,4.26191,5.75755,3.4236
5.11711,3.49139,3.15248,3.50155,4.56884,4.63102,3.25493,5.24464,1.86788,3.91376
3.00902,3.80669,5.2503,2.68435,3.57739,4.65573,3.73403,4.68587,3.42894,3.12777
5.14679,5.28057,4.27606,3.59556,4.38745,3.85149,3.02661,3.53258,3.57787,2.92747
4.34128,4.3594,3.5023,3.56525,2.89404,2.64537,4.52735,3.17,4.80775,3.44919
3.30618,3.0326,4.19015,4.82175,3.39131,4.19042,4.73514,3.21323,4.32768,3.93038
5.1542,5.0485,3.76149,6.82456,4.80536,4.16876,2.77157,4.63881,3.33286,5.10926
5.47647,4.73899,3.73765,4.16822,3.17229,3.91663,4.25173,4.15089,5.41891,3.77915
4.80249,3.36444,4.56143,4.69782,4.51853,6.62204,2.16891,2.83519,3.49038,3.59187
3.49218,5.49691,3.45302,3.90301,4.57178,5.49629,1.93575,3.45261,3.40713,3.96463
4.76765,3.18428,4.62591,4.36058,1.58778,2.95616,4.30578,5.55706,4.43144,3.30958
4.55423,3.20063,4.3004,4.52009,3.64296,3.66105,3.96145,5.29837,4.00994,4.26163
4.2409,5.55793,4.60038,4.59372,3.73256,4.27096,3.63904,5.45478,4.143,4.12394
4.29718,4.02468,2.94455,4.0413,3.40177,2.81895,2.77646,4.91824,3.4368,3.82005
4.77908,3.40651,4.63661,5.70511,3.01291,4.10623,4.59376,2.98391,4.15809,3.72672
4.93218,3.72392,4.49816,5.22018,4.3056,4.16205,2.44067,5.2948,3.62773,4.62953
2.69188,4.95901,3.59597,4.28872,3.90301,2.58039,2.78705,3.11849,4.46374,5.64419
4.65822,3.49015,3.14551,1.90974,4.54857,5.15166,5.23845,4.31776,3.3138,4.62098
4.90703,4.51427,3.10194,4.5342,3.14037,4.7753,2.10865,3.93111,5.6207,4.15922
3.77891,3.03958,2.11977,4.1439,4.00584,3.42434,3.45164,4.53421,2.80265,5.88223
5.51126,3.40154,4.24664,2.77916,3.10231,3.38037,5.13516,3.21577,3.11137,3.54616
5.16538,6.29664,2.79332,4.18915,2.86217,4.16474,4.51758,3.9354,3.56518,3.35555
2.69148,4.13424,2.66321,3.63483,3.1697,3.93415,3.69581,3.9675,3.6927,4.22393
4.65133,4.57733,3.24392,2.73472,5.03662,3.38089,4.17099,5.04976,4.22078,6.07381
4.39532,2.70115,6.14595,3.90556,4.41041,3.5143,5.0135,4.65237,3.90204,1.44017
3.21724,4.05618,3.23602,4.2624,3.99367,4.61263,3.9511,3.52359,2.38635,4.32715
5.27079,2.67495,3.21007,4.39493,3.61715,4.54932,2.81646,2.2309,3.83538,2.59096
4.47914,4.24973,4.60414,2.57838,3.61651,5.30649,4.18895,4.54914,3.66785,3.83285
4.6297,4.46212,2.33383,4.53116,4.76436,4.28566,2.77231,3.65693,4.9266,3.87883
5.35407,4.33364,4.65146,4.45785,3.57783,3.86245,3.94816,4.72912,4.44727,3.39709
6.26722,3.90771,4.40076,3.39865,5.165,4.22882,4.06755,3.4739,3.75726,3.5525
4.46579,3.92863,3.9609,3.33391,4.99404,4.19131,5.00966,2.8845,4.46265,4.24056
3.5685,2.72854,2.79719,3.21347,2.85239,1.94987,4.43953,4.48653,4.52905,5.20428
2.99877,3.20173,3.17408,4.41024,4.0797,2.51164,4.78324,4.35411,3.98175,2.48006
4.89026,4.08485,3.9159,5.94186,2.78839,3.52853,4.50403,1.60984,4.09473,6.32015
4.14617,3.54232,3.04957,3.93516,4.11301,1.74186,3.42601,4.54148,3.50404,3.97845
4.40859,4.67681,3.71183,6.0866,4.82097,4.01117,4.04317,4.77737,4.62272,3.94426
3.45338,6.0874,3.56162,4.13961,3.4494,4.46943,4.57226,4.4006,4.07776,6.37373
4.39621,4.02072,3.46903,2.43012,4.78703,3.10001,4.41041,3.85846,4.78749,5.41583
5.1451,5.91833,4.97494,3.12237,4.04155,2.29399,2.3617,2.93534,4.91113,5.08491
3.77527,4.32976,1.99144,4.38143,5.10137,6.6915,3.53268,2.99597,4.29291,2.59554
6.29532,5.29735,4.58021,4.76986,2.16518,4.29565,4.68064,4.87821,5.87264,5.34024
5.65867,4.34466,2.9769,6.12801,5.36954,2.27832,3.08835,4.47392,4.356,2.92183
4.47344,6.49052,5.54679,2.9035,4.40769,6.26355,2.98158,3.93726,4.33276,4.68868
4.74314,2.26094,4.26022,5.58946,3.04312,3.73255,4.49603,4.70832,3.47863,3.65449
4.10257,4.68412,4.78467,4.06352,3.50703,5.2654,4.73251,2.6222,3.65674,5.46254
3.85816,4.20026,4.48341,1.96448,4.84134,3.45776,3.72039,3.67031,4.90201,3.44394
3.50158,5.96581,1.58561,3.60527,3.6773,4.52623,3.7593,4.90583,5.30633,4.52167
3.90761,3.92824,4.57076,4.16886,3.48375,4.42533,3.32652,3.27896,4.87322,4.14786
3.14469,2.61368,2.94247,4.55416,5.60231,5.10759,4.00689,3.56243,4.55411,4.52733
4.84885,5.97036,4.42215,2.61002,2.36703,4.01082,4.09573,4.2828,3.35043,3.46947
1.44007,3.92282,5.10272,4.87665,3.85551,4.06234,5.92391,3.52567,3.29777,3.32173
4.25903,3.29155,4.57368,4.67439,4.94458,4.75838,4.2954,1.25997,2.94387,3.38688
3.95019,5.39019,2.96971,3.54002,3.56671,3.15145,4.98782,3.47349,4.47532,2.51044
3.09887,4.06403,4.40225,3.35253,5.64023,3.80507,5.29957,2.613,1.94454,3.61623
3.21794,3.92482,2.76682,2.77948,3.73181,2.72195,3.76393,3.64588,5.18916,5.47193
4.43112,5.70126,5.09484,3.97183,3.33027,5.84957,6.55774,5.26707,3.70758,4.44288
4.84099,3.83061,3.69607,2.83471,2.14189,4.81206,4.30257,4.32437,3.81492,4.34256
5.92152,3.70469,5.8972,5.35508,3.45126,4.1446,3.5439,4.92299,3.87229,1.23997
4.1821,5.0539,3.64966,3.41416,3.55624,4.44222,3.62858,4.11488,4.48583,5.1219
4.16105,3.78009,3.95604,4.42508,4.65527,4.47961,4.08564,3.50624,2.96166,3.3756
3.68493,2.86505,4.24608,2.88931,4.45027,3.83589,3.21136,3.28675,3.90819,4.333
2.11526,4.61605,6.0714,2.01626,4.01355,3.21836,2.74034,4.03848,1.53936,4.66994
4.52531,3.83162,4.1012,4.70899,3.49591,2.94588,4.53959,5.40013,4.38696,3.49047
3.33315,5.55318,3.65504,3.62036,5.82025,5.19763,4.30396,3.91473,3.86041,5.12813
3.09181,4.76882,2.00585,5.37803,5.76755,6.1303,5.1654,4.72303,3.21237,4.86815
4.81058,6.01809,5.61476,1.92657,4.76623,3.86778,3.86273,4.36691,2.1947,2.4007
4.23485,6.41726,4.35221,5.31288,3.30939,4.55837,5.58759,3.8388,2.10567,5.04802
5.07622,3.48904,3.55178,3.76954,4.89176,3.52269,5.49099,2.57622,4.39148,5.27868
3.59683,3.14792,2.67667,4.06805,4.27866,6.30247,4.62618,3.15329,4.0798,4.31695
3.89534,3.17091,3.09602,2.04772,4.69713,4.24226,4.34618,5.33948,2.83837,4.4187
3.71424,4.29847,4.36111,2.45216,5.80289,4.27981,4.06929,3.93114,3.9418,3.85535
3.80128,2.28235,3.07542,3.20009,4.76994,3.53644,3.75807,4.97958,5.34073,3.79976
3.23571,3.56349,4.25682,3.81148,3.46461,3.15769,4.35542,1.8073,2.32195,4.30579
4.13861,6.62545,5.31167,4.37222,5.02583,5.21725,3.40557,3.37654,4.92838,4.45503
3.89725,4.92287,2.6243,3.5263,4.13,4.3445,2.05726,5.70116,3.42171,3.37829
3.86743,3.77617,4.57969,2.68365,3.4121,4.45817,4.15314,7.0855,4.93289,4.47562
4.99315,6.53022,4.01478,3.93202,3.9604,2.6701,3.37022,3.95207,3.39476,5.42099
4.10456,4.69893,3.98427,1.75765,4.71251,4.72217,3.81025,4.37365,3.07262,4.95651
2.85972,3.75516,4.6303,2.5104,4.17218,4.23893,3.41977,5.71432,4.26821,6.02875
4.78492,2.36224,4.08032,2.60354,4.79154,4.51652,4.89752,4.00949,3.10246,2.24441
3.61252,4.19917,3.6361,5.37852,3.82221,5.85086,4.3086,4.50663,2.92497,2.75452
4.11653,4.9021,4.21624,3.86062,4.92455,3.55077,2.04724,2.76528,4.33429,5.25295
4.35963,3.4923,4.41193,2.28149,3.29749,4.73886,3.32562,4.89475,4.60492,4.07075
2.30285,3.38003,3.81641,5.39694,2.76945,2.68377,2.43661,2.74069,2.23178,3.38126
4.56859,3.52845,3.07179,5.55833,5.04135,4.03841,6.6034,4.38113,4.99837,3.28847
2.03407,2.0519,3.00789,5.07005,2.99456,4.44741,2.63613,5.7017,1.88039,3.93994
2.67867,4.45914,5.25487,4.29342,4.80136,3.03016,5.6077,3.99175,5.00485,2.97304
3.81704,3.5815,4.87536,4.28435,3.51951,4.33583,3.17354,4.99269,6.10356,4.61084
2.47013,3.4584,2.72913,3.32181,3.13767,3.74219,5.56589,3.98662,2.57429,5.74269
4.79763,3.61624,3.5983,4.1629,4.32872,3.26904,1.91368,3.23742,4.89064,4.03336
3.78935,5.09692,5.82343,4.65195,6.20044,3.54403,5.41404,4.30521,3.62866,4.3302
4.22093,3.75425,4.21915,3.33839,3.28448,3.2679,4.01429,3.6884,3.151,3.72094
4.92529,4.01742,4.70179,5.01362,5.20829,4.04156,5.58595,3.16884,5.34897,1.46338
2.99517,3.38371,3.29105,4.33215,3.86732,4.70593,4.15073,4.67896,3.99082,3.75221
4.53782,3.65152,3.52385,1.82314,5.58405,4.732,3.12409,3.81933,4.68081,4.08596
3.57915,4.05361,4.06413,3.84867,4.94881,5.43804,2.93512,5.50565,6.2194,2.54517
4.63334,2.39436,3.42719,4.36363,3.6495,4.81522,1.60101,3.52126,3.4907,4.06227
4.44806,4.45494,3.45041,5.14518,2.75439,5.10813,2.65722,3.04184,3.50359,3.87311
4.41832,3.09724,1.06585,5.23237,3.02346,4.06192,4.76888,3.42925,2.29728,4.60828
3.99944,3.66502,2.96372,3.60245,4.00338,2.70295,4.81552,4.49348,3.19329,3.67704
3.08632,4.58066,4.49582,4.13761,2.99687,5.57599,4.67525,2.84605,5.41252,4.47315
4.5228,2.69386,5.61744,3.64452,2.87579,3.17725,3.25304,4.44891,5.65816,3.54826
4.02884,4.62232,3.23417,3.69176,4.5916,4.87042,4.71638,4.18609,4.52594,3.11928
2.67432,3.99834,6.0741,2.50243,3.39477,4.16216,4.97727,3.09799,2.48651,3.56473
2.98085,5.47288,2.92055,2.69194,3.82261,2.99364,3.53363,5.12686,3.34704,5.11599
4.34699,3.72466,4.00577,4.24602,1.65304,5.63195,3.44782,2.64114,5.38756,4.68644
3.0604,2.83194,3.10964,5.30903,4.98857,2.4997,3.77969,3.79652,4.28605,5.49602
3.805,4.78172,5.35832,4.1362,4.31848,4.57585,1.73136,3.55206,3.31544,4.35736
5.44647,5.86371,5.01957,6.15131,4.96199,2.41287,3.37939,3.83477,4.09407,4.11885
5.19051,4.8763,6.3517,5.20985,4.04401,4.25269,2.81658,4.56552,4.24091,5.51747
5.22691,3.89708,2.80755,3.11945,3.94111,4.14666,4.9875,4.29544,4.88071,3.46084
4.26904,5.09024,4.09009,4.23091,4.25841,4.17846,3.73643,2.00593,1.05848,3.31811
3.10286,4.3595,3.91294,1.7541,5.22136,4.43486,5.76538,5.34155,2.09864,5.14404
5.83561,4.22684,3.08662,4.17154,6.30441,5.39549,4.79286,4.60034,4.95122,5.11323
4.40251,3.27216,3.8727,4.01431,3.20843,4.1663,2.46725,4.29696,6.03489,3.45456
2.79931,3.93118,2.51013,5.95673,4.21278,5.62517,3.36185,3.97585,3.68456,3.46124
3.87956,3.99927,4.71989,2.88493,4.14427,3.47937,3.43095,4.59041,2.0981,4.28485
0.469586,3.92031,3.88227,3.64363,4.4434,5.382,3.77015,3.51423,5.08346,4.80177
5.87743,3.00894,5.70772,5.04227,5.42831,4.67702,4.58049,1.56036,3.70793,4.33959
3.46289,6.90097,3.38159,4.75755,3.96427,4.82311,3.04907,3.87281,2.47937,2.58
5.32161,2.92032,3.47802,4.91452,3.91337,3.17097,4.72549,3.80317,3.64264,3.32524
2.97305,4.41971,5.12913,4.84971,4.06931,3.60638,4.20886,3.06424,4.15036,4.37635
2.62252,3.25687,5.14404,4.6005,1.76882,1.2305,3.53841,3.18106,4.36208,3.64823
1.93511,4.55502,2.51906,2.86998,4.06114,4.96201,4.96556,2.88268,4.26661,3.74929
3.64173,3.40103,4.62917,3.98084,3.12983,3.64042,3.41141,3.19768,3.04347,3.57431
3.53703,4.71454,3.83296,4.62053,3.72081,2.34261,3.62296,5.35431,4.22452,3.98262
3.7071,5.80563,5.64907,5.00504,3.23289,5.67999,4.65958,4.14542,3.10456,4.36189
5.13977,3.02896,5.3832,2.69663,3.10641,4.1419,4.04913,2.86522,1.99641,4.82557
4.42746,2.76372,3.67294,3.61129,4.14634,3.94852,5.11107,3.98891,2.8146,2.0195
2.56384,5.23863,5.47832,3.87031,4.15513,2.34439,4.73484,2.6422,6.02505,4.63847
6.89711,3.74935,3.77334,3.46948,3.59167,4.09322,4.163,3.75006,4.56603,6.02363
5.50099,3.60784,2.92545,1.89819,3.63268,3.53681,3.80109,2.09111,5.71336,4.20194
3.35441,3.17224,3.72102,4.46444,2.72148,5.26075,3.59574,4.41816,4.17964,4.0154
2.42848,5.5365,4.21239,3.83833,4.80226,4.00432,4.00317,3.8876,3.7542,4.63622
4.9452,4.35185,2.54957,5.04687,1.5798,4.31557,3.79703,2.3913,3.90611,2.62922
5.35068,5.39687,2.69462,3.83146,4.70463,5.07454,4.23632,7.48388,3.48101,2.41698
3.53705,4.73813,3.20757,5.86099,4.55031,3.22672,4.32591,4.8152,4.42781,4.69164
3.67618,2.56641,3.91032,3.6781,4.80633,4.87012,3.91626,3.9781,3.6518,5.22834
6.13407,3.64345,3.12378,3.99246,4.77086,4.20223,2.31651,4.7978,4.02615,4.98627
5.17864,3.23766,3.3151,4.87629,3.06803,4.42922,3.39837,3.69482,2.4112,3.78711
1.86043,5.46475,4.11131,4.99993,4.74476,4.211,4.52247,4.3029,5.01712,2.60578
4.19978,4.84371,2.26959,3.51209,5.1451,3.54189,3.08659,4.12901,3.03027,6.47066
3.20698,3.88561,4.37973,5.66748,4.31295,5.50431,2.73453,4.39568,3.93341,3.28241
3.06451,5.67414,2.72525,4.16741,1.68407,3.49053,2.67348,2.60793,3.63473,2.45641
3.06988,3.61745,3.37008,4.25877,3.04435,2.83518,4.08493,4.30318,2.83925,2.96466
3.27123,4.19138,5.13935,4.05042,5.15451,4.41362,2.8216,5.08113,3.80434,4.22374
2.24337,3.60932,4.01008,5.15002,4.71083,3.49355,2.8888,4.19001,3.35561,4.17155
3.36857,5.48622,6.48808,3.61607,4.56476,3.58366,4.10146,4.5995,4.23629,3.17129
2.70879,5.22794,2.62913,2.46019,4.24327,3.50637,5.86139,3.88531,4.4367,3.89843
3.06178,4.67012,4.32737,3.93043,4.51978,2.00983,4.01723,3.1025,5.59224,2.35958
4.83967,4.40733,4.4017,3.68751,7.13887,1.5546,2.11935,5.22072,3.40682,2.16074
5.07567,1.13562,4.03281,2.79275,3.85216,5.2373,4.11512,2.50276,5.52953,2.59883
4.74324,5.36306,5.06581,6.32826,4.60459,5.7577,3.23695,6.69796,3.83226,2.91695
3.73541,3.29621,4.68566,3.4239,5.29974,5.15219,3.77686,3.27384,5.33917,3.42902
4.50246,6.43375,3.5182,3.35198,3.48255,3.10227,4.74939,4.86038,3.68673,4.21698
3.46986,2.92872,4.04554,4.17937,3.12338,4.83718,2.75368,4.0184,3.19341,5.13716
5.13622,2.23625,4.26137,3.08853,3.40334,3.69665,2.91498,3.33632,4.99864,3.37351
3.95511,4.9984,4.21636,3.84986,4.55317,3.72945,5.10663,4.5842,4.5475,3.37265
4.70426,3.49641,2.34182,4.39453,4.55076,4.69459,4.309,3.80373,4.40958,4.17355
4.12697,4.63816,4.86276,4.26439,3.87804,5.63439,4.29978,3.8921,4.45546,2.87202
4.84932,5.3088,3.45353,4.84615,3.81449,4.74278,4.89735,3.91254,3.38664,4.75029
4.16035,4.3528,4.29044,5.32848,4.13418,2.97784,4.03353,4.93366,5.95255,4.66164
4.61525,4.1572,4.71953,3.45997,1.98701,3.06348,3.67489,3.72909,3.54548,4.4534
3.22936,3.84942,4.44003,3.80979,2.39737,4.81393,3.96815,4.34476,3.3928,5.04042
2.5113,4.15127,5.25193,3.47988,3.85753,4.92939,2.90237,4.51569,2.65846,3.30992
5.28745,4.77055,3.06534,3.17716,4.67632,2.32419,3.55243,2.87784,3.75062,4.35459
3.45341,5.42567,6.14441,4.61299,4.68089,4.92379,5.60043,4.14483,5.88821,4.87819
5.36716,3.00846,3.04354,2.96056,3.53088,2.41067,4.12896,4.87097,2.41771,4.51016
4.06053,4.48132,4.97773,4.06924,4.03206,4.89845,4.24689,3.32451,3.711,3.60416
4.56371,3.39244,2.6516,3.95938,5.05242,4.89831,3.20545,5.11071,4.82259,3.89918
4.60917,3.71919,4.59379,2.75116,3.34546,2.78646,4.45953,5.49983,4.33471,4.3314
4.58073,4.21895,3.90265,5.39597,3.5887,2.18269,6.33974,5.78462,5.00742,5.32321
3.33513,2.53492,3.28367,4.48105,4.2453,4.35698,3.95214,4.26632,2.44245,4.56582
3.88514,2.23955,4.1054,3.75257,4.57412,4.21434,4.75669,3.41317,4.20056,3.23708
2.82629,3.59212,2.84506,4.3979,4.38206,2.87548,4.46811,3.16986,5.53841,3.6054
2.06662,5.54436,4.07849,4.18466,3.35074,3.35061,1.87546,5.81084,5.41735,3.19993
4.3433,4.29732,5.1358,4.61701,3.87269,4.405,5.25782,3.20886,3.65732,2.3992
3.4116,2.32031,3.72872,5.95993,4.88052,4.8536,5.00635,5.09719,4.64502,3.96838
3.5966,4.71131,4.4641,5.04755,4.52501,4.31513,3.5711,4.42602,4.28717,2.27473
4.98699,3.06252,3.04165,5.30304,3.96715,4.75659,3.94856,3.46051,4.9952,2.79624
4.59896,4.02304,4.6734,4.2674,3.73366,4.11033,1.76617,5.3273,4.37191,4.61162
5.38948,2.65842,3.67047,4.63527,5.31054,5.70596,2.91725,2.5391,5.21957,4.15751
4.66278,5.6028,4.33936,3.09591,3.84546,3.88439,4.73933,4.76686,5.03689,2.43527
5.63674,4.32262,4.92342,4.07633,4.65613,4.54015,3.60346,4.35871,3.63862,3.77214
3.70862,4.85125,3.39131,3.66187,4.63024,2.78918,3.91888,6.7062,4.17569,5.43874
5.00817,4.93561,5.71366,4.18063,3.48295,1.80015,4.23122,3.79721,6.61704,5.24338
3.42613,4.08571,4.49829,2.18514,3.63083,4.47903,3.79913,2.14028,4.12421,4.91495
4.61294,3.82379,3.61686,4.64082,4.17179,3.82283,5.10053,3.33025,3.86465,2.37953
2.73875,3.69803,4.45022,6.16997,3.92897,2.71539,3.30135,3.92664,6.72295,4.6129
3.91949,6.10857,2.52058,3.50522,3.24938,3.05133,5.03572,3.09551,5.60727,2.70161
4.20326,4.19693,3.88476,3.76067,4.62921,5.08982,6.0328,4.25481,4.59473,3.78965
6.12841,5.4646,3.54208,5.23865,4.12327,3.22617,4.03917,5.36057,4.73661,4.27876
4.16136,3.51523,3.87804,4.8101,4.28913,4.86096,4.92518,3.21718,4.60892,4.99376
4.29268,3.12529,2.34718,2.54868,1.96417,6.17706,4.90483,6.25068,3.75034,3.0524
3.58489,5.78584,5.59308,4.85199,5.46839,1.6552,4.5092,3.25617,3.14127,3.11325
4.82819,4.2509,4.04284,3.46717,3.38589,4.53712,4.17167,3.58529,4.08598,3.10103
2.79515,4.37043,3.7896,5.15023,4.86281,4.94232,4.28173,3.50306,1.81912,2.94403
4.21807,5.04628,5.1066,0.83699,3.46258,2.96733,5.67184,3.05092,4.40735,4.34896
5.35953,6.31714,4.5479,2.78858,3.78989,5.40029,4.89935,3.43348,6.19492,4.31516
4.65298,4.5015,4.05597,3.92307,5.171,5.70029,5.39511,3.09342,4.0252,4.70699
4.51956,3.91974,3.25849,3.538,4.48023,3.73505,4.34418,2.06682,4.8135,4.52586
5.72852,5.15798,4.29414,4.37085,4.71,3.64107,5.10197,3.35772,5.41745,3.5432
1.89226,2.65624,3.34389,5.02881,4.86434,2.73425,2.47184,3.16103,4.79613,3.57674
4.61889,4.56489,5.24618,4.02588,4.98444,4.31428,1.16866,3.77997,3.40419,3.47719
4.86996,3.59302,3.86701,3.06549,2.88076,3.9485,3.44486,3.86427,4.48416,4.61365
3.92674,1.68334,3.22194,3.35643,4.15485,5.61893,4.78619,3.23275,4.83919,4.4015
5.29215,4.67801,4.45389,3.68871,4.09818,4.45015,4.92602,0.890777,3.16985,2.61798
4.59064,4.68093,3.97308,4.41808,4.46467,4.1756,5.17505,3.68803,4.68436,3.02202
4.5203,1.67046,2.90981,2.45979,5.49801,3.09572,3.45998,4.69608,4.44699,4.92026
4.10082,3.14137,3.78869,4.35094,4.25377,4.64571,4.44949,4.12853,3.9209,3.04908
3.38679,4.01869,4.50162,3.90629,5.7972,4.04105,4.25682,3.34198,2.33495,3.66511
3.28386,4.00057,5.01243,4.15834,2.7304,4.22314,3.58088,3.92289,4.95644,1.6051
4.89098,4.43741,2.58835,4.96475,4.41961,3.85673,3.47103,3.05632,3.1935,3.66664
3.05735,5.02127,3.68172,3.03924,4.67218,2.4469,3.17361,5.07327,2.87126,4.52904
4.39063,3.50847,3.41514,2.98637,4.21362,4.30017,5.29645,4.49558,3.83057,6.76576
2.3818,4.27719,4.96024,3.96796,5.3639,5.28364,3.01851,4.35514,4.40298,4.44242
2.84296,3.93558,4.77863,3.78934,4.33619,4.10354,3.48149,4.62329,2.54893,3.18083
4.45167,3.99068,4.0677,3.29492,3.02515,3.54492,1.71276,3.29186,2.95568,5.30808
3.55039,2.66356,4.46376,4.42894,5.22682,3.32548,4.40797,2.46157,5.50599,4.40871
4.17218,5.81193,4.36137,4.94417,4.9346,4.09853,3.82979,6.20417,4.11625,4.08789
5.64792,2.91454,1.14261,4.80982,4.88323,5.00505,4.92556,3.9446,1.73465,4.14647
5.56766,4.31852,5.71531,3.84859,4.28157,4.86979,3.16342,4.05753,3.66774,4.64434
3.32872,2.90441,3.60204,3.28951,4.03161,4.23378,3.66881,2.94609,4.9002,4.01894
4.42524,2.99757,3.92806,4.13663,3.81545,4.01893,2.1221,4.0182,4.51688,4.22
3.72605,4.2214,6.06863,3.5023,5.19853,5.14921,4.54199,5.08982,4.77785,3.32061
4.29769,3.70146,2.05293,3.76534,3.04346,4.06982,2.49746,4.50553,2.86021,4.63547
4.15607,3.126,4.48058,1.97463,4.33942,4.49725,3.07117,4.2545,3.90137,2.64842
4.21351,3.85368,3.49168,5.81147,4.08682,3.65909,4.27474,5.38427,4.94514,4.58804
4.46771,4.81854,4.94449,4.57233,3.4991,3.16072,3.67327,2.68708,5.23959,4.7935
4.10251,4.17195,4.36098,4.41895,3.5383,3.50913,4.12857,4.59272,4.65931,3.85647
3.09607,3.90164,2.8673,4.02772,4.85169,1.81293,3.54478,4.98496,3.57212,3.65083
2.68092,3.1739,4.54148,2.92602,3.83689,4.92885,4.5764,4.92781,3.3989,2.9741
2.12545,4.03006,1.83497,7.00615,3.07353,3.86469,2.64432,3.81871,3.66936,4.48618
4.77411,4.57075,3.61124,4.07094,4.89218,2.95272,3.3611,4.18955,4.02192,4.72113
2.08142,4.00544,5.68323,3.67411,4.63292,3.7356,2.95999,3.31654,2.63446,4.25211
1.65194,4.56458,3.03736,3.02058,5.4077,5.41975,4.12314,3.69644,6.30476,3.91323
2.55931,3.68847,2.90419,3.80342,3.76954,3.99602,2.4449,3.03629,4.22697,4.61259
4.3349,5.81509,4.67985,3.70084,4.65253,4.37299,4.29698,3.03583,5.30295,4.6615
3.16352,3.82735,4.03618,4.3729,3.77174,3.44884,2.76667,2.91563,4.92715,2.92704
5.57055,5.06709,3.33413,5.44751,2.80069,4.80804,5.70768,4.41833,4.36726,2.99338
3.37531,4.77123,5.08026,4.17975,5.24496,3.92596,4.0571,4.82991,3.24794,3.87768
3.17155,2.39086,3.41245,3.28243,4.9941,3.44146,4.54289,3.32884,4.0991,3.98444
2.35388,5.40141,3.56223,3.04051,4.62444,2.83311,3.66887,4.288,6.33553,5.04847
4.60168,6.32509,5.12233,1.99833,4.41241,2.77568,5.86164,4.53319,3.90467,3.52063
4.18404,3.6952,5.60023,2.91204,4.35507,4.16085,4.49149,2.86405,4.90589,4.32525
4.0591,2.47307,2.73989,6.48287,3.81918,2.7604,3.63585,4.25952,3.14876,2.64542
4.80057,6.48902,5.12069,4.67471,2.34654,3.5823,2.92619,5.24318,5.01743,3.83035
4.91938,4.48274,4.26637,3.33743,5.12912,2.99703,3.60631,3.42964,3.5734,3.37134
5.89657,3.58558,3.14929,4.4558,5.48922,5.26319,2.43849,5.21123,3.98344,4.57337
3.79909,2.71575,4.1826,4.03261,4.96051,4.94524,3.91495,5.96103,1.88418,5.6303
1.7614,4.74278,4.43182,5.51089,3.66255,3.57356,4.1215,2.4905,2.11673,1.95719
5.46445,3.94648,4.18768,3.34481,4.28713,5.43297,4.41357,3.69014,2.4753,2.42782
2.91165,3.80516,3.04506,4.60595,4.47048,3.79054,4.10257,5.49561,4.48282,3.20651
4.557,3.4753,3.43088,4.32568,4.30524,3.55815,4.28903,4.74951,5.50427,4.5368
3.85408,3.89602,4.23542,3.90279,6.24045,3.66437,3.97001,4.33497,5.10931,4.60137
4.68002,3.29853,3.59078,6.36314,4.33491,4.42579,4.41589,3.29517,3.53036,3.35983
3.36577,2.50475,5.86658,3.04934,4.64922,4.7578,4.22302,5.17305,3.51117,4.51633
2.67106,2.22385,5.69037,4.50349,2.641,3.05072,3.92519,5.77985,3.42577,3.09368
3.65956,4.21898,3.44514,2.21254,4.38776,5.42405,4.66056,4.52874,4.49766,2.98414
3.75803,2.99539,4.56919,3.7267,5.07354,3.32686,3.15851,5.44078,4.19188,5.36795
3.88179,5.67796,4.74655,3.58446,5.55924,4.21868,3.90117,3.56921,3.45602,3.6663
2.86854,3.33798,4.99431,2.36862,5.70203,3.03162,5.01468,1.81978,4.60276,5.59737
3.44257,5.66711,2.89382,4.92036,3.80979,3.07433,5.14365,3.88468,3.59048,3.98851
3.22734,3.38517,4.96413,4.61662,3.87704,2.28203,1.87257,3.77466,5.50256,3.51462
4.61254,2.66856,2.82513,5.16767,2.60969,3.55334,4.78422,4.49356,4.91437,3.72583
4.69546,4.88789,2.78988,2.21828,4.32416,3.67336,3.50564,3.27999,2.97896,2.98617
3.05562,5.76648,3.86395,4.25559,4.95266,3.95383,3.95418,5.02277,4.41765,5.08565
5.02249,4.3291,4.27533,4.52826,4.21951,3.63403,4.28292,5.02543,3.21933,3.51843
3.84628,3.36224,3.86837,4.27876,3.7117,3.34668,5.14115,2.85492,2.81515,4.28538
4.16654,2.81661,2.17784,2.40516,4.47422,4.08784,4.28848,3.8213,3.42349,5.09789
3.54885,4.16489,3.33109,5.11482,4.43467,2.85524,3.84918,3.55986,3.65342,2.94796
4.74069,3.39652,4.03499,5.54331,4.92476,3.02974,3.35215,4.77151,5.27571,3.08926
4.98349,4.99047,3.35066,3.95404,5.19074,2.67386,4.45647,2.78004,4.81152,1.81115
4.49213,2.62972,3.2205,3.70464,5.49187,3.80375,3.9735,4.84639,5.23189,5.67412
4.4543,2.67024,4.38012,1.83902,5.13475,4.95928,5.47295,4.25168,4.87948,3.09325
4.1207,3.79708,3.39552,2.02902,4.1917,3.13524,4.23084,6.09333,3.57025,3.56522
1.86524,3.26138,5.30673,3.24397,4.23495,1.76723,1.76258,1.56404,4.09649,5.18816
2.49409,4.05095,3.70313,3.32666,3.37061,5.57691,3.90752,4.32507,5.17191,5.14391
5.78069,3.529,5.28186,4.36719,3.73466,2.41406,6.23423,3.56035,4.76277,4.12539
4.13452,3.97143,4.17919,6.10291,4.7574,3.17337,3.30686,5.08271,5.02594,4.35217
3.90002,4.60896,3.82427,2.70934,4.33606,4.01383,4.41789,4.59471,3.41378,4.16077
3.179,4.8061,3.83388,4.12468,4.59553,3.55097,4.43796,3.59428,6.25887,4.51315
3.56849,4.39795,3.96273,3.21784,4.4617,3.30484,3.27575,4.92924,4.31458,3.51687
4.59385,4.36125,5.1755,2.91717,4.95871,4.13143,4.46231,4.24237,5.18503,5.75707
4.04105,5.74469,3.02504,3.45182,5.1734,3.18623,4.62596,3.22245,2.06701,4.43174
4.41243,3.97813,4.39147,4.42632,3.99527,3.83103,2.86051,4.93187,3.22852,2.6985
3.63214,3.81671,3.81541,4.84254,4.27773,2.82981,4.63233,3.5931,2.58382,4.61998
4.52421,3.33001,3.01745,3.99224,3.84258,2.52313,2.38609,5.80606,3.4893,3.24886
4.66086,4.12082,1.04525,3.39291,3.95132,4.48591,3.65784,4.72626,4.73649,4.90495
3.23166,5.23097,3.56103,2.89112,2.97613,3.17887,4.67987,3.51694,3.60565,6.2878
2.23385,5.23408,5.14163,3.73179,3.94056,2.95497,3.99863,4.30587,3.98819,4.32389
6.37798,3.35587,6.15168,4.46009,3.66259,3.50601,2.9562,3.60236,4.02828,3.82863
4.54096,4.04892,4.81436,5.19851,2.54977,3.89892,5.03655,4.16444,4.71887,2.24219
6.56853,4.84416,3.83629,3.44927,4.72651,3.91775,4.74008,3.49569,2.94123,4.36912
4.95353,3.2708,4.37419,3.34628,5.95977,2.62259,3.77407,3.21168,4.51047,2.83802
5.08671,3.69732,4.6742,2.66933,4.82838,3.47095,2.31613,5.09704,5.30787,4.82412
3.49518,5.1501,3.97207,6.12872,3.64731,3.79074,2.73733,3.70521,4.49619,5.00918
3.65249,6.03012,4.15155,4.26781,3.23985,4.80282,4.95713,2.86747,3.54063,5.00594
5.05277,5.0483,3.6677,3.49042,3.64591,2.91705,3.34428,1.41716,2.75751,4.30066
3.57105,2.41993,4.30942,4.68396,4.25754,3.70397,2.85721,3.71862,3.29467,3.54237
2.20714,3.50672,3.77773,3.69302,3.26605,4.56201,3.1926,3.8913,3.96064,6.31836
3.64949,3.64965,3.55924,3.82975,3.94165,3.56237,3.14342,2.44227,4.21908,1.876
3.96304,3.11367,3.96601,4.26411,4.13133,4.4748,3.42452,2.89814,3.62251,3.22476
3.37838,2.58724,4.53022,3.24359,5.67267,4.42576,2.16789,4.62199,4.21027,3.00759
4.76889,4.11213,2.37497,2.91499,3.62061,4.13821,3.11102,3.36189,3.32313,3.50653
3.5496,2.27078,3.8227,2.06593,4.4458,4.14263,5.00353,3.15097,5.77969,5.17991
2.6176,4.06479,4.56642,4.36701,1.96575,3.6337,2.8351,3.11144,4.33441,3.17838
2.99718,3.43675,4.33256,3.85011,2.45194,3.23561,3.54409,6.04724,4.34699,3.79184
3.37308,4.82684,3.73261,3.89774,2.67144,3.93559,3.47574,4.08969,4.75815,4.95082
3.71762,5.17021,5.41477,4.22461,5.03554,2.6185,4.492,4.02893,2.92287,3.19392
4.3902,4.63115,3.56712,4.62179,4.39613,4.12323,3.68612,6.50917,4.19647,3.50041
5.14145,4.59954,5.07797,3.51595,2.95977,4.63358,2.13716,3.94305,4.46418,2.5205
3.89699,4.61411,6.66597,3.01118,4.37,4.14005,3.43397,4.38118,4.18926,4.76224
4.33225,5.25829,4.35189,4.4554,3.61725,4.36017,5.57444,4.32439,4.8117,5.33061
3.78643,4.11462,5.4931,2.77568,3.26529,3.79759,3.25829,3.21021,5.14207,4.80453
4.34751,5.34214,2.7247,2.53116,3.05368,4.19051,3.95538,5.28647,5.24145,4.79432
3.59838,3.5535,5.84322,5.45029,4.357,4.5346,5.31676,4.19607,2.47633,4.23484
3.19194,3.39389,2.34854,4.04382,3.46976,2.35532,2.89002,5.91754,5.89206,4.14067
6.03182,2.17247,5.21223,3.1746,5.31947,2.82182,4.36839,2.71358,3.59533,3.99395
4.52622,5.01293,3.91606,5.21876,1.97822,3.18048,4.11805,4.78819,4.04977,5.26102
2.74743,1.38197,3.81798,3.94408,3.35009,2.95835,4.19192,2.15466,4.50049,3.46242
3.83594,3.79186,4.07601,4.82313,4.87492,3.06936,3.65315,4.43284,2.15032,4.98206
4.43022,2.04382,4.34268,3.09147,4.33521,3.25417,4.3307,3.438,3.80244,6.11986
3.74764,6.66335,3.02925,4.39481,4.77554,4.90197,2.83536,4.629,4.5428,5.04094
3.96568,5.69505,3.15184,4.19586,4.81137,3.41538,4.32793,3.51332,3.37382,4.49737
3.52127,4.57074,1.79724,3.67443,5.69493,4.21087,4.45654,1.62125,5.6017,3.96166
4.42361,3.7037,3.50246,4.0909,2.6522,2.8263,3.30202,3.83573,4.6019,4.71883
5.61448,3.46021,4.0035,4.29387,4.43267,2.78697,2.40819,4.64646,2.43924,3.8778
3.90745,3.78963,6.30998,5.2781,4.20821,3.61825,3.46715,2.81128,5.96876,2.67927
3.20993,2.04131,3.13573,2.96399,4.0544,3.17645,2.04275,3.70094,5.13654,3.50787
4.48741,4.17316,4.11819,3.10106,2.18669,4.42687,3.36864,3.5199,4.8424,2.60325
3.39195,4.17792,3.08951,3.8557,4.03066,3.19581,3.98632,3.17483,3.34931,5.6857
4.61039,1.59415,3.74382,4.32407,2.93753,4.31996,2.63041,3.48416,2.74976,5.09275
3.0631,3.50437,3.42204,3.89907,3.33638,2.88492,3.27626,4.57174,3.98684,3.74467
6.03902,4.40595,3.054,4.09315,4.69605,4.77474,4.05834,3.51452,2.83546,3.73777
3.03,5.90319,3.93609,4.88557,4.8036,2.27422,2.81824,4.18378,2.6252,4.43141
4.0991,5.12905,2.92348,3.53712,4.44962,4.57004,4.06945,5.32098,4.55509,3.31156
5.05728,4.08129,3.87067,3.58495,2.76618,4.79388,5.49071,3.834,1.72358,3.12476
4.36744,3.75482,3.10654,2.52917,4.74069,4.02955,3.14636,5.7514,3.78688,4.77379
4.35589,2.83813,3.19328,2.74124,5.10382,4.26987,3.60806,4.51495,3.97849,3.22722
3.3172,4.94215,2.10405,4.71828,5.06984,3.93439,4.15957,3.19436,3.56524,2.0753
5.95008,5.22428,3.81831,2.44772,3.66639,4.19461,3.51405,4.02277,4.40681,4.32904
5.10743,4.09588,4.7386,4.38867,5.71986,4.88528,3.95787,4.79583,4.49576,4.05026
6.46055,3.45221,4.0316,5.42883,3.04808,4.32574,1.371,5.69935,4.6484,4.54211
5.40938,3.7285,4.90805,4.04059,3.97986,3.65889,4.84372,3.77805,5.08234,3.84373
4.25869,2.53993,2.99326,4.75601,5.36213,5.34767,3.64369,3.55772,3.1975,3.33819
5.14322,4.22323,2.50249,3.19869,2.92825,4.20723,3.93962,3.02293,4.34044,3.96238
2.91775,3.08094,5.00339,4.89728,5.59938,4.22337,4.72505,2.87846,2.8624,5.02264
4.56538,4.18105,4.05315,3.29703,2.28023,3.10596,3.99731,3.43089,5.07193,4.40506
5.5945,3.66422,3.78391,4.50806,2.68009,3.68418,4.1399,4.20977,5.74791,6.59378
4.02077,4.15631,2.90511,4.20867,4.71163,3.43337,4.07768,3.11963,4.30356,3.33448
6.39963,2.51742,2.85209,3.04737,4.71674,3.67058,3.62221,3.11244,4.31325,5.76207
4.9407,2.59835,4.49222,2.40187,5.02828,2.94684,4.83745,2.95861,3.28292,4.51279
6.13999,4.20843,5.01325,3.10396,4.42405,4.43537,4.63842,2.57097,4.34112,4.77148
4.22365,4.29917,3.24605,5.54771,3.98009,4.56306,2.37531,4.08398,4.11917,3.37344
3.61299,4.01564,3.38138,4.24479,3.70516,3.64134,3.82308,3.70276,4.27724,3.55198
5.91876,2.88289,3.74683,3.34531,3.92453,4.31445,3.58614,4.5281,4.31057,3.4321
3.70425,4.33982,4.22181,3.62434,6.86021,2.13435,4.49523,5.41373,4.80608,4.03373
4.4901,4.95726,3.99879,4.51799,3.05188,2.37763,4.50415,3.73698,3.95913,3.70819
2.62307,4.16515,4.71991,3.92267,5.30567,6.19285,3.61789,5.6863,4.37992,3.91614
3.84624,4.16145,3.5226,3.77044,4.70696,4.42016,3.17532,2.34035,5.21655,2.87695
2.71116,4.88967,2.27154,1.66745,3.64357,3.68371,3.737,3.2909,5.75706,3.55933
2.70989,2.47513,4.08117,2.69234,4.80342,4.75079,4.8718,4.20824,4.39376,4.99954
3.48972,3.21433,4.62986,4.87556,4.49104,4.43745,3.97355,2.64125,4.00507,2.16275
3.99955,7.04902,3.23007,5.20739,2.7022,3.34543,2.80961,5.89304,5.12662,3.8749
2.82848,2.58106,4.89039,5.28398,2.87441,5.32758,6.16874,4.73621,3.6564,3.99851
1.41761,4.04341,3.87407,3.01256,4.29829,4.29476,5.06294,4.08608,3.57229,5.65298
4.38221,3.58199,3.52911,4.16264,3.36601,3.19677,4.32675,5.80334,4.7815,2.82917
3.83054,3.86244,5.01454,5.60337,4.7843,4.32468,5.04845,4.44398,4.67853,3.84725
3.53997,4.3162,2.72302,2.49465,3.74153,2.75094,4.12629,4.66672,3.92485,4.21544
3.10638,2.63726,4.44495,4.12832,2.86244,4.25641,7.03142,2.90706,2.64378,5.45045
4.21405,3.19568,3.97034,4.64884,3.19179,3.59769,2.97576,3.20264,4.90761,3.91676
3.83305,3.83353,3.20273,2.53918,4.57012,3.57806,4.09019,2.38538,3.64254,2.14859
2.87151,4.67589,4.70771,3.48554,3.04287,3.75346,4.19843,1.70139,4.15655,4.70364
5.63613,4.20756,4.76126,3.8284,5.17025,3.059,4.13002,1.56362,4.75971,2.67078
3.63933,3.98462,3.38072,3.03965,3.22709,4.5973,4.03746,4.35998,3.37227,4.08294
4.23145,3.251,3.77775,2.83142,5.03574,6.30202,5.13476,5.35054,2.59958,2.59752
6.11789,4.08294,3.7554,4.81479,4.14263,5.50222,4.16147,4.66488,3.57451,5.02975
4.43513,4.13147,3.58521,6.07939,4.59787,3.82586,3.92194,4.43486,6.3614,3.64394
3.9509,4.48324,3.48267,3.93536,4.94413,4.82745,3.45516,3.31356,5.62588,4.88547
3.18906,1.46833,2.61251,5.12349,3.47412,4.48541,2.28059,2.33718,6.88512,2.59681
2.57859,5.62356,3.58101,4.21139,5.16239,3.16593,4.97643,3.3446,4.06006,4.1105
4.80043,2.99166,4.35563,4.87299,4.06314,4.64559,4.41949,4.23267,5.13917,3.82515
4.32152,4.43525,2.5357,3.48203,4.13949,5.5193,4.85268,3.33945,3.89971,6.15731
3.44278,3.51038,4.57387,5.21397,3.08786,4.4929,3.63437,4.73018,2.94002,2.09168
4.20556,4.21235,5.23523,3.0017,3.80056,5.70115,4.2054,4.55877,2.9405,4.24748
4.8878,2.81483,3.70396,3.30258,4.58537,5.30905,4.82796,5.94206,2.15318,4.13674
4.95498,3.48354,4.33552,3.82296,3.17074,4.79046,1.99857,3.62074,4.78548,3.86977
3.99132,6.30909,4.88826,2.67597,1.65551,4.07478,3.49098,3.14879,3.24357,5.92509
4.67554,3.2153,3.72009,4.72348,3.88342,3.9985,3.13596,4.92969,3.73442,5.67934
3.77801,3.56447,5.3514,3.47606,4.25259,4.03724,4.01328,2.54481,4.4329,3.00447
3.43543,4.1926,2.58423,2.71333,5.58596,3.6268,3.16187,4.75392,5.27697,3.7736
4.08734,4.11918,3.48215,3.01043,3.84098,3.19348,4.8675,5.98903,5.67539,2.98717
5.24932,3.24112,4.01338,4.43674,3.3846,5.94096,4.42294,4.39362,4.46298,3.53611
4.84147,4.32899,2.72216,4.84086,2.80208,4.32823,2.9204,3.57016,3.40106,5.39612
2.78182,4.31175,4.35658,4.54405,4.75412,3.80223,3.87539,2.59021,5.04238,2.68147
4.77542,4.42408,3.85164,3.75323,3.23975,3.38488,4.19403,5.23662,2.51295,4.75679
4.33435,4.22032,4.32731,3.67445,4.37881,3.97401,4.52941,4.96435,2.8844,3.25168
4.62438,3.41519,3.47969,3.04356,5.75143,4.43831,3.78098,4.01476,4.08742,1.68749
5.82563,3.41961,4.0344,4.14359,3.67109,2.36846,3.1124,3.33596,2.52582,3.21663
1.07887,2.64213,4.22883,3.95649,3.64009,4.58819,3.16335,4.38505,3.10615,3.78602
4.25752,4.76628,5.21013,5.95329,4.06149,3.16374,4.31191,4.94586,3.47517,4.04881
3.95086,2.52313,3.67234,4.37421,3.48064,2.16048,5.57779,3.22712,4.87798,3.06719
3.18121,4.36941,5.02343,2.54928,3.38074,2.5658,5.14215,4.13348,3.34053,4.31716
2.9105,3.51868,3.36701,4.21631,4.24817,2.58325,2.6795,4.87591,5.63623,3.02521
2.8269,4.63993,5.41053,3.02013,5.31219,4.72748,3.382,4.31849,3.19859,3.08297
3.91843,4.00521,2.77465,4.13892,4.42645,5.22784,3.4412,3.06179,4.09103,3.44724
4.81138,3.35359,3.351,2.67567,4.43331,6.15724,4.79349,4.65116,5.11109,2.1026
4.79353,4.04752,4.20322,3.52205,4.51636,3.18643,6.44135,2.72909,4.89288,1.59282
3.43685,4.70844,5.01169,3.84446,5.20731,1.67617,3.34811,5.03399,5.05083,1.60933
3.24349,4.02177,3.98806,4.04939,4.15821,3.67752,4.15681,2.74607,4.44172,1.81407
3.71658,3.16445,3.66669,3.6204,3.27389,5.2413,3.91615,5.1005,3.73466,4.91844
3.26727,3.60087,4.52632,4.40463,3.62749,3.42779,3.57828,5.39783,4.70441,4.77629
3.21875,3.53478,3.07502,2.28896,4.09613,2.4531,4.13636,4.60857,4.19639,4.97499
3.88838,4.16153,4.14349,4.08502,5.0251,3.69289,3.73283,3.8184,3.53719,3.49752
5.65013,4.29769,2.87876,3.52123,2.31529,3.60216,2.54507,5.46814,4.30476,3.47948
4.89048,3.38628,4.53997,4.78948,3.29779,4.1154,5.38438,5.23614,2.16243,5.93279
4.4596,3.18424,4.69398,4.7002,3.5663,3.65287,2.78594,3.20668,3.81887,3.57945
4.26315,3.67228,3.73864,5.12886,4.01524,4.52481,2.66435,4.24247,5.31159,4.52191
4.3237,3.84401,4.00729,1.60343,5.67486,2.2762,3.86125,3.31938,3.28016,4.21651
3.82878,5.36604,5.24464,4.08113,4.4892,5.11309,4.05034,4.4404,4.36428,2.98842
3.96617,3.58172,4.66345,4.6574,4.30142,3.93852,3.06756,3.55687,4.25235,4.3453
2.80262,4.01505,3.83133,3.89304,2.69569,3.64543,4.68172,3.05179,4.1162,4.82258
2.47574,4.71327,4.29513,4.29642,4.37337,5.60888,3.55433,3.66226,3.29679,2.75325
3.87397,4.4373,3.76816,4.58324,4.52687,2.75977,4.72948,4.18809,2.64309,3.56555
5.57555,3.15952,4.50778,3.87081,3.7944,4.99908,4.17648,3.88783,3.99742,5.40219
3.24575,4.39053,6.83794,3.16085,4.28412,2.90114,2.97829,3.57761,4.35264,4.27016
5.03048,2.53359,2.18756,2.57487,4.4983,4.59794,4.24933,1.99049,4.79446,3.79429
4.71439,4.23773,4.10229,4.61316,4.77684,3.73148,5.01357,3.05738,4.14717,4.58631
4.72535,1.84939,4.12518,2.72044,4.56383,3.90529,2.98048,4.10868,4.0685,5.2623
5.21334,3.89744,5.21037,5.7082,3.21937,4.09484,3.57554,3.77545,4.96418,3.53868
4.16712,3.91102,4.25887,2.96153,2.78673,3.29574,4.56266,2.01187,3.0673,5.25588
3.45086,4.33366,4.42063,3.40351,5.54239,4.24404,4.70229,3.66492,4.16809,4.30739
3.87217,5.32673,3.81244,4.04166,4.1328,5.25087,3.02071,4.70978,2.68701,2.21037
2.92028,4.53712,3.98419,5.21502,4.08122,4.41379,3.97493,3.44801,3.90986,3.96318
4.24609,3.53435,4.28124,3.44429,4.26831,3.10262,3.83765,3.73266,3.71871,2.68463
3.29385,4.43173,5.15189,4.47324,4.42365,3.16755,3.81955,5.02665,3.70315,4.95823
5.01265,5.02161,3.58654,5.59423,2.84859,5.09844,3.74891,3.03252,4.62711,4.77128
3.9746,4.62162,3.07601,5.75966,2.87085,3.82857,3.23918,3.91319,3.81346,4.12063
4.4394,2.82312,4.4271,1.91323,3.48142,4.24096,3.22544,3.98396,2.86792,3.56803
5.17558,4.15977,2.96064,2.32995,5.26578,3.8802,2.73301,6.56015,3.08643,5.23162
3.80353,2.88448,3.8204,3.62887,3.66876,3.54877,1.78975,6.32414,1.96648,4.77056
3.66665,4.74432,3.87259,3.37851,3.7128,4.34017,4.23694,6.8076,4.84664,5.27248
6.04435,4.03376,6.25486,4.55237,5.10011,6.03415,4.95082,3.82765,4.74204,2.06
4.01934,4.17995,3.37102,2.9673,5.03438,4.57091,3.07224,4.59073,3.35798,4.64545
2.85758,3.90082,2.42265,4.17243,4.34021,4.66007,3.83703,4.18751,5.22808,3.1656
3.16196,2.58897,3.76607,3.87451,2.42698,4.95036,3.8054,4.12523,4.70659,3.31251
4.13442,4.35433,3.86456,3.55006,4.13197,3.63569,5.37993,4.13455,4.07346,3.8251
4.75922,3.93041,2.20746,4.27126,3.81319,3.68283,5.30078,3.34755,2.42417,4.42523
4.22721,3.22922,3.69363,3.57677,6.38015,1.75296,3.24734,4.09224,3.12979,5.13044
4.42767,2.58395,4.09707,3.134,3.02343,3.05473,3.89438,3.87505,3.57684,3.66306
2.99739,3.73831,4.02834,4.60883,4.33916,4.72823,3.70598,4.68797,4.95891,5.33766
4.16569,4.33754,3.29107,4.28143,4.34655,3.84102,2.29713,4.14023,6.12386,4.71598
5.10217,3.70584,3.94341,2.27407,3.76245,2.44871,3.07846,1.94998,3.89826,4.36243
3.64293,5.18927,4.57093,3.64072,4.27544,4.56554,2.33525,3.13263,2.8066,4.15274
5.35489,3.78848,3.4534,4.63452,3.45186,3.82344,5.14035,4.12044,2.38096,5.96
4.56094,5.26301,4.02368,2.47713,3.91752,4.994,6.50159,5.15508,3.33926,3.84103
3.83995,3.45938,4.50293,4.21436,4.72806,4.08513,3.63325,4.19437,4.15483,3.29409
4.97179,3.55867,3.31829,2.19207,2.98603,3.13193,2.5998,4.74053,4.27551,3.31273
2.63175,3.34491,3.75151,5.00018,2.28249,4.30102,3.36536,4.24335,4.96909,2.24468
4.41105,2.89796,4.38628,2.22576,4.22293,3.97675,4.06669,4.67607,4.57115,3.42441
3.60468,3.98903,2.65754,4.4646,3.94681,0.972181,4.4051,3.37841,5.15252,4.55528
2.99891,4.16616,3.21951,3.62475,4.33227,4.37611,4.7174,3.67741,4.03135,3.78806
3.78793,5.23877,3.00654,3.86629,4.28023,3.11618,3.37209,3.50291,3.74484,5.53627
5.50955,0.943554,3.33037,4.36567,2.90572,4.83331,4.84296,3.45482,3.67385,4.36885
4.36985,3.33556,2.35836,4.15663,4.07499,3.73258,5.20129,3.52456,4.95394,3.95075
3.28073,3.38256,5.54349,4.8242,4.32486,5.27064,4.65336,4.20321,4.38213,4.72719
3.69767,4.85506,4.89326,4.77914,2.97542,2.627,5.6751,3.86237,4.5354,3.37075
3.07079,3.41291,4.03788,4.59897,3.28757,5.20741,3.5413,2.4886,2.59232,3.74467
4.00345,4.30186,4.03499,5.01583,3.74176,3.58874,4.76737,3.33341,1.69947,3.18432
3.40548,3.50184,5.03662,4.92957,3.90362,5.35158,5.08297,2.77534,3.24571,7.31696
3.62214,4.61589,4.02832,3.27398,5.12143,4.61688,3.75811,3.28316,5.57096,4.42035
4.93244,3.85587,4.27623,4.60792,5.36255,3.12389,5.29111,3.04337,3.2243,3.64692
5.29621,5.76789,4.15245,2.45183,4.78988,4.12803,5.53181,4.93111,4.20389,4.30724
4.52923,4.80646,3.55266,4.21951,3.59185,3.05368,4.24447,4.54719,4.79739,4.04232
2.64471,3.25866,3.89457,4.25385,4.29182,5.63976,3.83147,5.19375,3.04944,4.0586
5.64659,2.92309,3.17999,4.30499,4.16157,4.0935,3.9514,4.12516,5.10747,4.09993
2.92222,3.87503,4.70297,2.91875,3.28913,4.41599,3.45379,4.34323,3.74107,3.67482
3.92164,4.12155,3.87391,2.98008,5.21192,3.56768,4.03008,3.81864,3.72381,5.53873
1.45674,2.29003,3.71248,2.69891,5.17805,4.01466,2.49233,3.6815,4.53732,2.79797
5.43725,5.2083,2.85274,4.9667,3.58636,4.34714,4.09055,4.63122,4.47647,3.53404
2.80438,4.52093,3.67324,4.00518,4.52278,4.25501,3.2671,4.35555,3.57642,2.28039
5.00706,5.65904,3.5149,2.91836,3.62541,3.27049,3.7045,3.69927,3.44577,4.83268
2.59724,4.86772,3.29628,4.10661,2.73666,4.22617,3.19831,6.37367,2.65801,4.62434
4.85824,5.75665,4.48402,4.63491,6.26512,5.26993,3.04758,4.45257,2.88267,3.76154
1.63518,1.96441,2.82607,3.60598,4.92868,4.13959,4.86518,4.38299,5.14452,4.45686
1.65431,3.78613,4.61083,2.98884,3.80794,3.68692,4.88514,4.52476,4.93702,2.60431
4.67994,3.61236,4.59813,3.35681,5.43737,4.18816,4.26914,4.31284,4.24592,4.46967
4.32554,3.64219,4.69094,2.78059,4.87011,4.72898,3.73912,3.81392,2.52839,3.98388
4.49946,2.30379,4.26763,3.53362,1.58529,2.39236,3.78225,3.61579,3.85472,5.01153
3.80562,4.70878,2.06546,4.13305,3.65357,2.39362,4.77808,4.60537,1.49227,4.95448
3.11429,3.44401,3.49203,3.88864,3.08542,3.49337,3.07659,2.80053,3.9514,3.60758
3.30716,3.98796,3.58097,6.12454,3.98768,2.8074,3.51198,4.33439,4.45218,2.1255
5.2077,2.45804,2.48361,4.83812,3.35692,1.71704,3.90917,4.58921,5.11366,3.49959
4.8789,3.84954,4.42467,2.77405,4.19645,4.11725,5.16672,5.8474,3.36853,5.44118
4.77765,5.68698,3.85599,2.53126,2.57215,2.15286,5.06939,5.07413,5.01565,2.04391
4.35381,3.47885,6.30381,3.9596,2.75775,4.11091,3.74962,5.2368,4.03846,2.20854
3.55511,3.69324,3.18108,3.58669,5.63355,3.58572,3.40658,4.71537,4.02022,3.67657
4.47732,3.8064,5.43425,3.68312,3.37401,3.98276,2.165,3.99333,5.40853,2.30414
5.98157,4.25952,2.11067,2.99452,2.83202,4.21835,4.31589,5.03084,4.12154,4.64498
4.50949,3.98471,3.9952,5.13152,5.01186,5.36835,4.45012,3.54359,2.99421,3.64627
1.42668,4.63532,3.19853,2.94015,2.02308,4.86814,4.10098,3.96144,1.56104,3.32795
5.78248,2.24091,4.94651,4.89075,3.18672,5.30498,4.3954,2.78914,3.79207,4.98222
4.03142,4.14404,4.66024,4.57834,4.57406,3.63326,5.32939,2.9345,4.28704,3.24666
2.88756,4.65483,5.0013,4.64128,3.7683,3.76341,3.66688,4.67837,3.89047,4.06369
3.83096,3.17137,4.23693,4.90712,5.86204,4.71828,5.30207,4.32218,4.07853,3.62279
4.39718,6.63935,2.39532,2.13782,3.69908,3.97187,4.19967,1.21634,3.58943,3.85922
4.89733,2.95586,4.94648,4.00792,4.22402,5.45915,4.71738,3.35349,3.29938,5.0976
6.16017,3.61358,6.09499,3.08708,3.90357,3.51428,3.15991,3.94882,1.16577,4.78771
2.16463,4.42721,3.46876,2.57853,3.47575,4.11188,6.42476,2.61203,2.31927,4.29393
5.07414,4.26951,3.07128,3.66244,3.91416,4.86723,4.44605,3.1387,4.08075,3.43756
4.68099,5.79117,3.05807,2.09724,4.75402,4.27394,3.86759,2.338,3.12882,5.04965
3.8421,3.6294,4.01926,4.84493,4.96668,3.51309,3.92838,2.46152,3.34155,4.76494
4.5015,1.43474,4.84768,4.56559,5.48723,4.42978,3.60208,4.4219,3.91741,4.5089
5.9977,3.62203,3.35855,4.45732,4.13448,4.12049,4.99498,4.12999,4.08872,4.22318
4.02765,2.35139,3.32655,4.28044,3.70824,5.14941,4.87279,3.77246,3.28592,5.12246
3.50707,3.37178,4.82587,3.68865,4.31423,5.20787,3.46155,3.6208,4.42806,4.13275
2.4826,4.02229,3.45085,5.33981,3.73979,4.3489,3.63439,4.43185,2.48217,3.5108
4.67492,4.26838,3.36279,3.61967,2.52222,5.57748,6.12261,3.25564,3.91394,4.78394
4.50079,3.51104,3.59766,3.90441,3.03441,4.82927,3.82176,5.1837,4.8464,2.14938
4.77615,3.26737,6.28929,4.62708,3.50171,4.66269,3.49079,5.43087,3.35839,3.50675
3.04284,4.44847,4.49817,3.90507,3.81046,4.92836,1.47599,4.54287,3.87193,5.04074
2.03918,3.50775,3.87483,4.40835,3.77115,2.17488,3.89202,4.25397,3.96465,4.50251
4.89606,3.47402,2.36412,4.02287,4.00031,4.00301,3.48381,3.65151,3.73039,3.01571
4.08261,5.65823,3.92376,3.1766,1.99261,2.78963,4.12949,3.4512,4.89054,2.59107
3.77444,5.03608,2.80223,1.79203,4.86414,3.63787,4.31959,3.60182,5.5605,4.32129
2.1037,3.50398,4.01531,4.57799,3.48724,3.49153,4.40297,5.80186,2.29353,3.92229
2.56972,2.82157,4.84591,5.41591,3.17661,3.31353,3.41181,3.71861,4.00004,2.89351
2.56836,5.5997,2.95055,4.83214,3.74551,3.68555,4.28205,3.96952,6.33967,4.64178
4.91321,5.4341,4.07729,4.99499,3.53344,4.31118,4.18224,2.6543,4.32451,5.73259
2.6151,2.38121,4.94829,3.51071,4.01766,4.35455,4.27195,4.71895,4.81709,6.37949
1.86606,2.5632,5.44479,3.4414,3.14684,5.45833,4.13236,3.37558,2.96243,4.84521
3.5475,4.398,4.13059,2.36334,2.43183,4.96778,4.19551,3.00439,3.99286,4.32904
3.82179,2.92373,2.8693,3.57863,4.37562,3.05658,4.30822,2.90449,2.30525,3.37671
4.92677,4.43707,4.77681,4.09263,3.43431,5.05821,3.41128,4.49006,4.21367,4.30645
2.71065,5.16724,5.27313,4.07189,5.60871,3.75407,2.81806,3.64924,5.38754,3.90251
3.62198,4.00034,3.54159,3.04695,3.71676,3.72836,6.07469,3.55259,4.05436,4.50267
4.8442,3.73105,3.6191,4.56044,3.49346,3.90615,2.77587,4.2004,3.65512,3.55741
4.57634,2.75421,3.71828,4.95208,3.19997,4.76166,3.46251,3.85536,5.46302,3.42012
4.21378,3.23895,3.46356,3.64126,4.25067,5.02227,4.41863,1.98782,4.64854,5.9409
3.82606,2.64482,3.98726,2.42749,2.41207,2.91382,3.63305,2.58525,2.63504,3.51678
5.32215,4.68593,1.99157,4.14029,3.90324,4.6251,3.6966,4.87577,3.86837,3.47176
3.96977,4.05104,3.63816,3.97196,2.50434,3.8651,5.47586,3.3577,2.52693,0.96814
5.42017,4.23512,4.74682,4.26141,3.85913,4.79728,4.11515,3.9064,4.99228,5.25495
3.78514,5.08334,5.3346,4.21541,3.80336,3.42863,5.17009,2.71352,5.23045,4.31791
4.115,4.34866,1.88949,2.96247,2.50583,4.13949,2.67101,3.69234,3.08736,4.68728
4.72416,5.86168,4.37784,3.57469,3.27936,3.69768,3.17065,2.95835,3.65359,3.29389
3.42391,5.85572,3.4788,4.528,3.0962,3.89016,3.36947,4.56604,3.08714,5.09444
2.91403,5.378,4.41428,5.88586,3.96023,1.41333,3.87277,4.044,2.72429,3.76978
3.54406,4.97229,3.80428,3.55778,2.7232,4.29181,5.24887,5.39445,4.95305,5.49428
2.49542,2.66061,1.88402,4.74345,5.24048,5.56626,2.89795,3.51746,2.34093,5.03163
4.29398,5.23544,5.85223,2.58585,4.31726,4.42287,2.80279,2.96356,3.42118,3.89191
5.32749,2.45362,4.83311,4.04545,5.09141,4.81915,3.81774,4.93961,3.74528,2.92443
3.5353,3.195,3.58245,3.91405,4.92306,2.56657,3.51547,3.44046,4.51261,4.73064
2.059,3.29738,2.82293,3.40961,5.11146,3.92848,5.01219,3.8883,4.48717,3.51334
3.0694,3.50476,4.28048,4.73839,4.18367,3.43704,3.20235,6.08168,5.64753,4.16915
4.50003,2.57777,3.77343,3.47229,5.8791,3.52074,2.30889,2.85897,5.27318,4.88953
4.06134,2.04265,3.98045,4.96663,3.2646,4.85926,2.79439,3.4705,2.90977,4.83432
5.74161,3.33225,3.53685,4.0357,6.19407,3.32049,3.78468,5.12986,3.74717,4.75908
3.64451,3.10281,3.36827,5.8942,3.17972,3.76402,5.57656,4.16326,2.99333,3.62092
3.5709,3.05635,5.22569,4.28829,3.97267,4.65888,3.74049,4.49113,3.80235,5.53806
5.8653,4.18343,4.93274,4.4395,2.91398,6.76554,3.67918,3.10545,2.77329,4.45143
2.97018,5.41599,3.85937,4.39109,6.00815,3.94622,4.17414,3.85697,4.02691,4.62688
5.77476,3.0309,3.76581,3.3035,3.67124,5.01573,4.19489,3.45664,4.12367,5.25153
3.13763,2.69877,3.79614,4.38226,3.50847,3.7521,3.65623,4.65222,3.74156,4.40779
4.57719,3.35595,4.29114,3.58364,3.13074,4.03451,3.20606,4.77551,4.57445,4.36891
4.60133,1.75147,3.77433,4.81309,5.58371,3.9111,1.83738,2.01785,5.53206,4.20953
3.70222,1.89954,2.64365,4.6433,3.47473,4.20376,4.79029,6.08423,5.51163,2.24686
3.62768,3.12182,4.48457,5.53174,4.88891,3.40905,5.47804,4.49742,3.75699,5.29394
4.43899,4.40165,3.89908,3.09173,4.86791,3.60666,3.37983,5.01134,3.74764,4.08215
5.10277,3.96345,4.01219,4.32488,4.35301,4.05543,4.4475,3.85144,5.62321,2.77636
2.90116,3.58635,4.12962,4.34946,2.26656,2.65033,5.06566,3.40232,3.67891,2.34805
4.31927,4.043,4.08613,4.40268,5.72156,3.64662,4.40167,2.63008,1.91048,3.17577
5.15883,3.96293,4.79315,4.57817,5.46312,4.33878,2.27955,6.14192,3.10539,3.10945
4.62017,3.03329,4.57634,2.18798,5.46948,3.41633,4.38838,4.55732,3.21485,2.17636
3.97359,5.35699,5.97635,3.61795,4.11069,4.98236,3.91261,4.11847,4.56673,4.66024
2.02818,4.87557,2.3562,1.79054,1.90023,3.91808,4.93136,2.8154,4.57139,2.56462
4.08817,3.8425,4.14829,4.17592,4.1732,5.61316,4.33348,5.23778,3.50017,3.98643
3.21596,4.93891,6.30893,4.0835,2.63097,5.92845,4.21061,5.49498,4.51439,4.97172
3.84815,4.35759,3.97647,4.69839,3.76101,3.75083,2.05587,4.55924,2.82245,4.78448
3.67356,4.09655,3.33975,3.24849,3.25275,5.42179,4.9264,4.32864,4.88303,2.803
3.58073,4.02629,4.68764,4.01266,4.28074,1.00525,4.90692,3.97779,4.46906,5.31253
3.99165,5.95239,3.06191,4.93475,4.44829,4.18424,3.40055,6.50811,3.51251,5.20667
5.04278,4.43171,2.68617,3.51298,4.76522,3.99139,5.50256,3.15165,2.56055,3.29038
3.43503,3.7487,3.61766,4.58225,3.91079,3.34305,2.79951,2.82375,5.03867,3.18187
3.67711,4.53843,5.21337,4.67662,4.46485,5.12343,1.13826,5.21112,3.4861,3.59516
2.70229,4.16713,3.9848,4.59874,4.06846,2.1893,4.72365,3.87386,1.66847,3.04141
3.00076,5.13831,4.69032,3.72673,5.81746,5.74732,4.348,3.70603,2.38645,4.99015
2.07878,4.62994,4.93125,4.34917,5.15807,5.0492,2.77098,5.66987,3.02909,5.64727
4.54369,6.73215,6.16564,5.4551,4.03283,4.50893,5.25236,2.94623,3.94331,3.53204
3.60328,5.07529,3.67124,4.33869,4.80861,4.06199,5.22344,2.99341,4.61714,5.37297
3.63284,4.08081,5.19421,4.15474,4.26964,3.19847,5.30301,3.50753,3.32224,2.68489
4.02524,3.34566,3.53899,5.77418,4.6322,5.64092,4.13485,3.46254,6.95607,4.1209
2.60039,3.39207,3.88249,4.09031,4.53139,2.72428,2.40778,3.53744,3.53479,4.66588
6.01527,4.00808,3.53199,4.54811,3.00822,4.38351,3.86234,4.10506,3.28007,2.84124
2.71593,4.02033,3.20258,3.8256,5.0059,4.49991,2.80765,3.77284,2.48096,4.2549
2.68167,6.25763,2.56451,3.39448,3.56098,2.61489,3.3894,3.72405,4.26132,6.06538
4.02324,3.34966,4.72063,3.38517,4.63755,3.17794,1.84567,3.54968,3.95582,4.91271
3.85773,4.04663,4.74953,3.48815,5.17026,3.52291,2.51076,4.52482,4.32854,3.75514
3.4461,2.47594,4.85529,3.35024,5.27643,4.45122,3.874,2.85822,4.21267,3.07499
5.17937,3.97992,6.65914,3.55826,3.94559,4.65365,5.01451,2.63438,2.63078,2.99907
3.54898,4.06118,5.79828,3.90882,5.33103,4.23817,4.69418,2.93859,3.63834,3.48015
5.68236,3.12234,5.3022,2.50767,4.20584,3.82858,4.3889,3.07714,4.62549,4.73499
4.42611,4.11153,3.33405,3.35769,5.05381,6.22306,3.35596,3.17517,6.03453,2.50634
3.27462,3.76458,4.9813,4.00742,3.70772,5.24809,3.50004,4.4853,3.92745,3.02992
3.82599,3.70258,4.59978,5.84759,5.49909,2.87189,3.92413,4.81439,2.53952,4.2364
3.68869,2.69663,3.83791,3.98237,4.52943,2.63824,4.06348,3.68744,4.25557,3.23073
2.75216,2.04707,3.08847,2.8912,2.21973,4.7907,4.08858,3.45367,3.92913,3.7936
5.58111,3.94402,5.21205,6.31337,4.9543,3.78098,4.04922,4.51717,5.00809,3.85298
4.44384,5.0609,1.7042,4.16621,3.80144,3.92802,3.13572,4.87388,3.05051,3.7671
6.28244,3.26686,2.85571,1.96493,2.62459,4.49115,3.64481,4.72978,4.23608,4.48204
4.40297,2.61802,4.96898,2.09274,3.68565,3.98968,3.69789,3.40884,4.76684,2.50588
4.31976,4.51645,3.28732,4.8403,3.50303,3.51423,3.08576,5.05178,3.50009,3.60557
3.46588,4.0854,2.47261,4.34703,2.619,3.00894,4.08724,4.30565,5.17334,3.56426
4.64248,4.93431,3.25806,2.66813,4.23765,3.83845,4.11217,5.23792,3.20746,4.36753
3.97965,4.97217,3.38423,4.65371,3.05425,5.52006,5.21457,4.70438,5.87511,3.05538
3.82499,3.93107,4.10782,4.0961,3.87847,5.24138,3.50591,3.09065,3.61047,3.25235
3.64288,2.95975,2.73564,3.17229,3.86288,3.60928,3.65184,2.30973,3.67563,4.63992
2.251,3.52155,4.6925,5.33667,5.31361,3.26587,4.76111,4.60742,3.8134,4.94022
3.45185,4.31369,5.75574,3.406,3.81482,3.99891,3.40046,3.31554,5.12637,2.46371
3.6357,4.52704,4.24288,5.46238,2.44119,5.11008,3.59101,4.55882,2.65757,3.80843
3.94542,5.53833,4.41543,4.47362,2.41851,4.85361,5.63008,4.41664,3.9451,3.13759
5.45391,4.86941,4.37123,4.73536,5.07402,5.69018,6.01067,4.60988,4.69879,1.71427
4.56848,4.10481,2.93086,4.60646,5.29658,2.38401,5.59224,4.12798,3.80636,2.44874
4.64709,1.59431,3.08845,5.31261,3.82731,1.65097,5.3946,4.1804,3.71317,4.93906
4.23856,4.73241,2.72062,2.90937,2.78903,3.03976,3.25587,3.48531,3.51751,3.41712
3.81994,4.25816,5.06804,4.79805,4.05551,5.1941,4.80196,5.34074,5.1734,5.19226
2.33361,4.40164,2.96639,5.02419,2.65706,3.99638,4.16318,4.64191,3.2917,3.80964
3.43352,3.46796,4.1295,4.18122,3.4574,5.06487,2.8749,3.18017,3.4869,3.7196
2.25529,4.23675,4.83299,4.30325,3.74105,3.80547,4.94831,4.42988,4.12798,4.5628
2.69812,4.0426,3.89216,4.04407,4.29025,4.57082,3.75372,2.69341,3.90345,3.75945
5.89599,4.34389,4.82244,3.37776,4.75019,3.49198,2.77796,4.77626,3.92512,3.50216
3.81144,3.14557,3.36194,4.50354,4.27806,4.309,3.36864,5.4569,4.18987,3.5423
3.0483,3.90458,3.51654,3.90251,6.03066,5.23601,3.96739,2.1673,3.18311,4.45383
4.53612,2.51979,3.4058,2.96401,3.36533,2.86158,2.18361,3.73072,3.47467,4.12394
3.45144,4.27176,3.35429,4.70008,3.50373,4.67499,6.12012,3.92047,5.04382,3.47119
5.33896,2.98778,3.10916,3.47345,4.66662,4.33938,1.97648,4.41351,3.60354,5.38426
4.62426,4.86091,4.94093,3.41044,4.6578,4.22774,3.90688,3.64823,2.75723,4.76014
4.04429,3.89556,3.73079,3.71165,4.07751,3.90428,2.73854,4.6963,3.08792,4.62892
5.42133,5.09142,1.67266,2.9451,4.21327,5.04762,5.0138,4.17188,4.53833,5.2874
3.33674,4.10746,3.81247,3.24555,3.96979,2.96117,5.42019,4.43416,3.71725,4.4741
4.56588,4.99129,4.54512,2.91982,4.87664,4.23143,2.96305,4.94204,3.8392,4.48754
6.3567,3.42907,5.64441,3.81986,4.18458,3.11382,3.70189,4.46769,4.01471,4.62827
4.01435,5.73982,4.08761,1.35589,4.84131,3.27886,2.60591,2.89162,4.08469,4.32044
3.05392,5.24631,3.38372,4.50421,3.27588,4.24245,4.19008,4.00673,3.68798,4.5924
5.11428,3.0582,4.34558,4.98,4.22576,2.70955,4.11598,3.75918,4.78981,3.20699
4.09677,4.04716,2.47236,3.14074,4.60219,3.84232,1.90411,3.57544,3.32903,2.58597
3.55364,5.62215,3.17542,4.52566,3.16919,3.86306,4.89994,3.20562,1.69614,2.90171
3.34307,5.31223,4.19786,2.35255,4.90032,2.60753,4.97114,4.17239,2.50954,4.86344
2.96961,4.71284,3.05685,3.78718,2.24136,3.63395,4.92107,4.75391,4.894,4.14654
3.98454,3.79378,3.73302,2.75682,2.89366,5.69129,3.81881,4.9802,3.20651,4.73214
3.77254,4.79923,3.40995,4.32223,3.25182,3.09953,3.91999,3.16318,3.61187,3.28581
1.67112,5.65455,2.47184,3.65125,4.50092,5.20365,3.72912,4.78172,5.35533,3.96037
4.24221,4.72511,3.33854,4.3266,4.06839,4.67543,4.02396,4.86713,3.83131,3.96737
4.12934,4.6307,3.74573,3.04809,2.33312,4.8335,3.33635,4.10534,3.77729,3.1279
4.69129,3.69571,3.00034,3.81466,4.68514,2.61662,3.86551,5.80773,1.57546,2.28695
4.59625,4.37339,5.4171,4.49233,5.01298,4.53484,3.43507,4.0694,5.12522,4.17201
1.88269,3.72084,4.18677,2.75844,4.13565,4.69449,3.58265,2.36178,3.42611,4.38327
3.91316,4.18093,3.86386,4.13513,5.22087,3.90237,3.61203,1.21103,3.55458,3.16446
3.71756,2.62916,4.83428,2.3798,4.57491,3.99033,5.7692,6.39505,5.70756,3.93227
3.92067,5.29404,4.39372,4.55312,4.50892,3.36702,4.28687,3.04828,4.72442,3.67921
2.4924,3.88138,4.845,3.74622,3.98016,2.03987,4.26804,3.69509,4.40374,4.1398
4.27695,2.98571,4.08588,4.42183,3.45682,3.83632,3.2671,4.79128,4.79937,4.53488
4.4912,6.24998,3.80616,3.69717,4.14745,4.12652,6.30752,5.06562,3.58437,4.67683
4.59889,1.75286,2.22546,3.59488,2.17678,3.21771,1.84938,2.03451,4.81136,4.12785
4.11884,5.16846,3.01105,5.39455,1.42352,5.50483,2.39225,3.97464,4.10087,4.43176
3.29763,3.29462,3.7977,3.09577,4.70238,5.68623,3.11626,4.79788,4.83617,5.78476
4.30604,3.01247,4.99522,4.37272,5.60809,4.32685,4.32867,4.50716,4.29906,4.70186
4.27581,5.18697,4.97421,3.89281,4.54417,2.5664,4.88992,4.53273,2.79365,5.15589
3.48118,2.62355,4.85932,4.59692,2.37159,5.4888,3.72131,3.52697,4.70762,3.52295
2.26479,4.85169,3.9431,3.72286,5.20565,4.4978,5.15748,4.59233,4.41846,2.45958
3.0307,3.91968,5.10782,6.64055,3.29552,4.06919,3.61558,3.63483,4.10606,2.12897
4.6015,3.53878,4.68239,6.64802,4.29316,3.45051,5.83286,4.71141,3.78827,2.18433
5.95324,5.89815,4.59882,5.29054,2.71311,5.1135,3.12989,3.2109,3.74646,3.53676
4.68319,3.9141,3.21262,5.71585,4.04266,4.21838,4.00837,5.08523,3.12244,1.70929
4.44072,5.04605,3.42876,3.43916,4.91948,3.40605,3.90992,4.19054,4.56993,5.25191
5.08328,4.85104,4.82493,4.59298,3.0505,5.03533,5.00257,4.14934,3.21826,3.41535
3.38526,5.23746,4.29922,1.50552,4.76457,4.91771,5.19504,5.05885,3.54373,3.89656
4.74856,4.34469,4.99405,3.39963,4.58309,4.52813,4.16641,5.64432,5.53094,3.76217
3.0533,5.33259,4.58485,3.60002,5.13526,3.98874,5.14746,3.95489,4.59402,3.74423
4.77131,4.40036,4.56917,3.38965,4.56427,5.378,4.75681,3.95752,3.17068,3.09736
3.86174,2.23353,4.9541,2.20127,2.53332,2.17639,4.3388,4.09063,2.79179,4.72112
3.32465,4.45083,5.17216,5.20297,3.93528,4.3192,3.81207,3.63904,4.29694,3.21773
4.73445,5.28146,3.02072,3.69653,4.79213,5.46009,2.443,3.24409,3.29988,3.19257
2.33265,4.7504,4.31968,5.739,3.79267,5.02334,4.91029,2.55524,3.52091,5.52864
2.17761,2.13676,2.16573,4.56218,3.5045,4.1946,5.35558,3.65179,3.6233,3.95294
4.46605,4.71214,2.8105,6.45063,5.77324,3.8365,3.97582,5.35221,2.58254,4.02352
4.58492,5.10069,4.48451,3.94779,3.87759,3.99553,3.84995,4.43489,3.67273,4.86259
