10
4.35669,5.26519,3.13023,4.14274,5.87072,5.21032,2.68829,2.23223,5.19029,4.64311
6.62225,4.84619,2.85245,5.07619,3.17057,3.9839,2.63265,5.20114,3.79811,2.62798
3.67408,3.14149,4.88263,6.15709,3.92281,3.15126,4.15456,2.77083,3.70195,4.08798
5.14306,4.83186,4.06721,4.34191,3.89662,5.35708,4.25023,3.1794,4.53737,3.56465
4.83282,3.14622,3.41621,2.33051,3.43904,4.01151,3.43846,4.14143,5.05801,3.71653
5.88188,3.8458,3.65929,4.85242,3.21405,4.36927,2.76334,4.66324,2.29194,2.97965
4.43546,4.88607,6.1037,3.71887,3.60746,3.60513,5.48262,3.08427,4.96521,4.92927
3.4736,4.23113,5.34351,4.48181,5.18694,5.37018,4.8659,2.26589,4.11108,4.71564
4.02619,4.26725,3.89207,4.48857,4.5149,4.06497,3.7109,3.1537,4.00906,3.97919
3.7173,5.544,4.74162,3.39994,3.61411,2.50206,3.90011,2.39071,4.2951,2.99307
4.28454,3.80771,4.59572,5.0872,3.31974,5.36112,5.54411,2.63073,4.42217,4.07319
4.57075,3.13014,3.68214,4.03486,4.32645,3.98584,3.7197,3.81623,4.29736,4.78703
3.54494,5.15037,2.79922,5.57015,3.7425,4.18655,4.36958,2.82832,4.46721,2.4855
4.24764,4.35579,5.94673,2.76841,4.30644,3.51681,3.93982,5.35819,5.10859,3.12056
1.26835,4.4429,4.95176,4.8092,3.32261,4.81953,4.39737,4.13646,3.30839,3.51788
4.19195,4.28303,5.69129,3.66476,3.86812,4.90219,4.75738,4.32314,3.16618,4.74676
2.65644,5.01072,3.28399,2.79197,3.29059,3.46026,4.48902,2.77497,5.30636,4.83651
3.62281,6.08347,3.43453,4.02743,5.52619,4.46247,4.38129,4.79963,2.47187,3.46107
3.21472,5.05499,3.30703,4.68088,4.40042,3.11631,4.39072,4.46267,1.24778,2.70302
3.92759,3.2454,3.37589,4.35577,5.77063,5.39397,4.40712,4.36725,3.94001,3.92992
3.07861,3.29621,3.58883,1.73685,3.91914,2.26173,4.44971,2.54293,4.69676,2.98767
2.9039,3.44757,3.87367,2.5999,1.56922,3.49621,3.52266,4.91035,3.24157,2.66287
3.02481,3.4638,4.33254,2.15925,5.06803,3.15222,4.77214,2.55649,2.9471,5.3455
3.34818,4.4139,3.93001,2.46586,5.49029,5.41867,3.73517,3.61684,5.14305,3.62105
4.26458,3.60787,4.41031,3.25136,5.72568,4.06102,4.46468,4.64118,4.05535,3.50781
3.33309,4.2096,3.32547,3.53752,3.25486,5.0982,5.0076,4.35684,4.3402,4.30157
3.44829,3.6695,4.19037,2.728,4.08341,2.94632,3.41817,5.70315,2.32911,4.43701
3.65919,5.92323,3.92005,3.2029,2.52932,3.16366,3.60749,4.58092,4.34369,3.26272
2.60105,4.71143,2.81149,3.39292,3.41907,3.40715,5.30279,3.4007,5.4662,3.15782
3.0054,3.10606,2.57481,2.74167,6.19346,4.63855,5.05755,4.18152,4.32328,4.43934
4.47404,3.62119,4.41545,3.51665,5.33278,4.57002,4.03961,3.98304,5.63263,5.3923
5.29415,3.78698,3.5857,7.36063,4.26539,4.1355,3.99119,3.65491,2.51109,4.60566
4.3769,3.70476,2.21143,6.54791,3.55192,3.93287,2.0838,4.64543,3.41576,3.40145
5.11462,3.44106,5.50024,3.17892,2.59045,6.18927,3.01314,4.73381,3.67826,2.59574
4.49469,5.03352,3.91995,2.18499,4.5351,4.10444,3.00465,5.01522,4.99904,5.15439
2.61612,4.18591,1.99102,4.01295,2.97946,3.85688,4.89814,4.83189,5.2798,0.989804
4.53872,4.60835,3.68899,4.26898,4.22553,4.49152,4.01262,4.05853,4.66201,4.96197
4.85282,5.50514,5.47123,5.33911,5.1137,4.8408,3.75695,2.30871,6.35389,3.10087
3.53923,5.18976,4.0587,4.64641,3.7049,4.0424,5.02481,3.3986,2.4654,4.34137
2.87166,4.61823,3.0736,3.85473,2.80821,2.22557,2.78125,2.56655,6.22005,3.4016
5.15477,4.5481,3.8303,3.62315,4.83075,2.68938,3.77857,3.99624,3.88283,3.68668
4.44231,3.2323,6.05439,3.68011,4.67182,4.49728,4.09298,3.35411,4.78441,3.70589
4.16505,4.29039,4.47429,2.43818,3.82353,3.57706,5.36123,3.05112,3.7909,2.60875
3.90864,3.97764,3.74899,5.77152,5.71684,3.44988,5.65202,1.22429,4.81897,2.90437
3.89869,3.67161,2.34857,3.1034,2.87375,3.42598,4.87588,5.0231,3.69741,3.22708
4.13995,3.43998,4.0011,4.22411,5.75436,3.49352,3.95354,3.5765,5.46325,2.47763
3.17997,3.81603,4.50401,4.25957,5.46631,4.61098,4.63306,3.43722,3.84121,4.37284
2.79086,4.60763,4.93012,2.30297,2.8346,5.00635,4.44726,3.20018,4.9373,4.02816
4.99751,2.66539,1.85545,3.57184,3.73709,2.90421,4.34821,3.79463,3.97167,3.39194
5.54569,5.88309,5.1593,5.71405,4.28181,3.79594,2.67439,3.61842,4.81585,4.48149
4.52249,3.44341,4.31991,4.85125,3.07248,4.55971,4.41203,3.06699,3.72932,3.06079
3.36533,4.83522,3.24175,2.60183,3.75906,4.29946,3.7194,6.36506,1.59419,4.43442
2.74518,3.47179,4.07268,3.14556,4.19887,4.45959,3.76429,5.82569,2.834,2.39759
4.94276,2.85894,4.63746,4.46266,5.00488,1.0165,4.01997,3.26456,4.21815,3.22829
5.40196,2.73262,3.79076,4.66351,4.58575,5.52007,1.91911,4.73522,4.68899,4.07803
5.21349,3.56632,3.15427,6.06471,1.80679,3.76764,5.31162,3.57913,4.26951,3.97684
5.09778,2.24607,3.33858,4.37132,3.16312,3.74112,4.06207,3.21131,3.94119,3.75654
5.88976,4.34896,1.56849,2.89671,2.95771,5.38807,3.73912,4.36013,2.28745,3.42463
5.24831,4.48787,3.76125,5.94744,2.96751,3.97474,4.83638,3.43528,4.84047,3.24955
4.00681,2.20289,5.83018,3.12982,3.63637,4.83994,3.28496,3.43548,3.96918,5.09101
3.64575,3.86657,2.24193,3.63685,3.3699,3.69735,3.65875,4.74251,4.30332,2.81621
1.95816,5.05145,3.4901,5.69655,4.0817,2.31023,4.92112,5.64885,3.36156,4.29961
4.40188,2.91577,5.83538,3.32885,3.45938,3.6439,3.5846,2.76948,3.38176,4.56958
4.84418,5.18445,4.66694,3.22661,3.98092,4.21606,3.95896,3.65387,4.66451,2.52573
4.74831,3.96814,3.08145,3.25707,3.41726,4.32148,4.88709,3.49451,2.75118,3.6839
4.27021,4.81432,1.67031,5.19586,5.72295,2.22735,4.97263,2.50919,2.05169,1.73723
4.90561,4.88138,2.1378,2.35093,3.65726,2.99251,2.80614,3.15712,4.94727,4.43756
5.19543,4.4844,4.41625,3.69448,3.619,4.5577,5.04299,3.71057,3.59969,5.27133
2.74793,3.4625,3.39311,3.27172,4.9477,4.11466,4.00579,5.03569,4.05029,3.52395
2.15794,3.81682,5.02346,3.17426,4.7513,3.2727,4.62763,2.22616,3.88212,3.72145
4.92486,2.94107,2.58514,2.36424,4.31582,5.00448,3.65618,3.71265,5.57597,4.82986
2.45724,2.86269,3.41011,5.268,4.46736,4.80006,3.94536,3.54634,5.61319,3.33485
2.32512,4.80309,3.79376,3.13873,4.89874,3.47752,4.40719,3.46391,4.05254,4.04298
2.62989,2.7698,5.20469,5.31797,5.83075,4.47757,2.92598,1.47992,4.17475,4.06726
5.48657,4.52618,3.64295,5.75504,3.74953,4.71984,6.07811,4.30206,4.01996,3.52157
3.70967,3.47299,4.8441,4.59275,3.85205,4.41581,5.71677,6.05546,4.21752,4.49166
5.6028,4.62282,5.02417,2.51648,3.78739,4.32181,3.99438,4.71434,5.49193,3.58128
4.45314,4.0182,4.22985,3.26019,4.67831,2.49365,4.20928,4.6016,4.07221,5.69952
2.7015,2.9805,2.982,3.89411,5.18257,4.574,4.03501,3.57852,5.59389,3.77912
5.19372,3.69718,4.5363,5.14586,4.97684,4.79123,3.6456,5.02057,2.83313,3.77015
4.27826,4.48207,4.23772,3.97527,2.27317,2.75645,4.22128,6.34162,5.66089,3.41492
5.71837,3.39828,1.9221,5.25196,5.11414,3.57366,4.64913,4.52443,4.13818,2.25801
3.06738,5.10793,4.16676,5.22267,4.70669,3.92127,3.28451,2.96935,3.41181,4.41216
5.33996,4.60572,3.22533,2.87597,4.49627,3.47357,2.90995,2.82455,4.93624,2.00419
2.31382,3.83777,4.41521,3.41043,4.05002,4.3641,4.92538,3.89072,4.31609,5.87661
5.16436,4.64027,2.7345,6.03804,4.37017,2.58475,6.2543,3.18127,5.43534,1.71367
3.27929,4.92756,3.99958,5.03691,3.32821,4.08313,3.03077,4.53878,3.80678,5.02829
4.24524,3.67721,3.50117,3.59558,3.62468,3.72541,5.47318,3.94312,3.65036,3.16911
3.16389,4.61667,2.7454,5.38529,2.99279,4.47217,3.82688,5.57843,4.58561,3.67294
4.68328,4.41773,5.47849,5.055,4.18787,4.02234,2.52011,4.60766,4.21659,2.82345
2.82959,3.57213,2.74283,5.6764,4.33298,6.2526,3.99324,3.45662,3.25941,3.05508
1.63123,3.52119,5.11161,5.49435,5.04048,4.45115,3.44247,3.53058,3.6848,3.94316
5.31194,3.75495,5.00699,3.52873,4.16772,3.91506,3.27064,4.1602,4.73002,3.19653
2.62862,3.1702,3.90442,4.29554,2.0806,4.49598,3.39231,5.14774,2.74914,2.07069
5.29693,3.72372,3.95589,3.55458,2.86854,4.0003,4.85887,3.94269,4.2453,4.21198
4.64641,5.97315,5.80466,3.2746,3.72951,4.72448,4.88022,5.72975,4.66543,4.84957
4.08337,4.07861,5.70019,5.87102,2.78206,2.91556,2.33169,2.54855,3.58417,3.80547
4.13195,6.05673,3.04536,4.17241,3.23873,3.80735,5.25166,5.544,4.62803,3.16707
5.16563,4.17916,4.05705,3.56375,4.22719,4.22928,2.97158,2.12081,2.60505,5.83988
4.94605,3.46481,4.20778,4.3972,5.97508,5.22461,3.6749,4.86649,6.18818,5.16123
4.29457,1.97648,4.98296,2.76519,4.42132,4.623,4.31363,4.44396,3.62879,4.54761
2.72583,1.72375,5.76829,4.21599,3.84628,3.07638,4.82382,3.64278,6.15629,6.94442
3.08696,4.37295,4.97255,2.26647,4.94994,1.35046,4.49695,4.40937,2.1751,4.88708
5.22622,3.95268,3.69308,2.36025,3.3654,4.0841,4.37962,4.73756,2.58565,4.01354
4.31097,6.31166,5.18555,4.33272,4.66527,2.79635,3.04071,3.87016,4.4371,4.326
3.95941,4.00308,3.28019,4.27588,2.23898,3.05758,4.41768,5.96688,4.06575,5.56804
4.34099,3.71895,2.6546,3.89855,5.50618,2.92362,3.51508,4.9375,4.65351,3.97621
4.17359,3.74421,4.24551,4.02503,3.77743,4.12296,3.00774,4.59185,4.96204,3.80543
3.19745,3.90848,4.16264,4.42421,3.72736,5.02412,4.1887,2.7698,4.31954,4.53348
5.10166,2.30612,3.50876,3.58933,4.94676,2.15703,1.83107,5.01507,4.48468,2.9291
4.04004,3.2592,0.747369,4.15603,3.23594,2.78667,4.56244,3.29967,6.092,4.65027
3.41157,2.91782,4.29798,3.86825,3.97371,5.48387,3.33954,4.3392,4.95085,4.7086
5.36319,1.66522,3.60186,2.50594,4.60913,4.49636,3.83175,3.3327,2.98104,3.63317
3.06229,2.11331,3.98229,5.09239,4.8868,2.89307,3.82771,2.86562,4.30187,3.50245
2.67302,3.57146,5.45769,2.82643,4.2048,3.96548,3.81527,3.35217,4.39772,5.85089
3.73752,2.15852,3.72677,4.44015,5.76189,4.99227,3.12946,3.77193,3.85933,4.7127
4.33793,4.31017,2.45731,2.55828,3.67448,4.60714,3.80194,3.90809,2.39163,5.04522
3.99886,4.17317,2.34347,4.81762,4.457,2.97708,4.43095,4.38987,4.5921,2.27076
4.26163,3.97851,3.68321,3.35524,4.46373,3.29539,3.48088,3.92316,3.14202,2.75976
3.43228,2.95173,5.11605,4.47048,5.76747,5.13971,4.10763,5.33098,2.66616,6.18495
3.32889,5.86483,5.25901,4.66479,6.12335,2.74277,6.12165,6.03713,3.15723,4.5861
2.27133,4.66153,2.32779,4.14315,3.87407,3.53531,4.03553,3.94214,3.70204,4.85984
3.41356,3.35979,3.32106,4.57013,4.2342,5.4443,3.70653,4.17645,3.60953,5.04595
3.91075,5.73646,4.14138,6.19402,4.38794,5.61817,5.55013,3.50689,4.28158,4.53091
4.40302,5.04082,4.2947,3.98931,5.75392,5.09835,4.69598,4.44606,3.98493,3.62461
2.8794,3.65392,2.64327,3.38966,2.02185,4.25873,1.59868,5.16012,5.12349,3.52089
3.03326,3.78288,1.99732,2.64177,3.83693,4.51515,4.47966,3.86114,4.57191,5.22734
3.52753,4.153,3.8038,2.19027,4.57955,4.49126,5.41223,4.95639,3.70418,5.05693
4.00082,5.98186,3.41977,5.37541,5.05247,4.23347,3.02464,3.00221,3.46995,4.85652
3.13977,3.39089,4.41548,4.00815,4.32297,4.19599,4.54709,2.39602,4.09128,2.69349
4.45453,4.02422,3.44434,4.07351,3.03087,3.0499,3.1399,3.97347,3.16658,2.91618
1.40912,4.80993,4.74735,2.59417,3.55854,3.38119,3.97604,4.54023,5.22095,3.28239
4.03121,4.03697,4.07128,4.89242,3.68426,4.50532,6.0258,4.30515,1.77437,4.1733
4.39456,5.38339,3.82677,3.29594,3.47517,6.25338,4.04731,4.30515,3.68057,2.99772
2.98043,4.51009,3.72154,2.80048,3.53393,4.03988,4.85617,5.04284,4.59406,2.72982
5.66909,4.74374,4.61506,4.47071,4.57788,3.96807,5.90676,3.20897,3.10918,4.2639
3.64765,5.11301,6.15432,5.37111,3.7381,5.81493,3.8259,2.88253,5.96286,5.89128
5.81989,2.92084,4.43695,3.70064,4.78043,4.07157,2.17626,4.32635,3.81432,4.17642
4.7219,3.93548,3.52895,3.48037,2.43802,4.32211,5.61454,4.06524,5.14857,4.15559
4.18266,5.49027,4.6906,3.10718,4.97604,2.95756,2.7075,5.62338,4.97858,4.71455
3.39271,4.22245,3.99359,4.08341,6.26371,3.59953,3.67148,3.37832,4.45966,4.7386
3.94907,5.74713,4.11743,2.30583,3.10636,6.16499,3.43301,4.64201,4.12579,3.79485
4.53161,3.45928,5.01005,4.24389,3.0715,3.23913,3.95285,3.91372,4.71287,3.72474
4.08285,4.3287,5.69306,3.01588,3.86371,5.45482,2.88254,2.82518,3.33021,3.37664
3.7378,3.81001,2.51727,3.1017,3.51047,3.93301,3.92882,4.02055,2.69244,4.74914
3.60537,2.15255,3.48602,3.41728,4.46399,5.61722,4.42773,4.54749,5.319,4.13903
5.15062,4.32853,3.60538,4.81801,5.6457,3.90681,4.84094,3.21416,3.58669,5.21338
3.5832,3.2416,3.6864,2.52793,4.16186,2.6605,4.8879,5.15376,4.85651,4.05088
3.36739,4.46133,2.29474,3.87324,4.14097,3.00742,4.26022,3.72044,3.53535,2.08206
4.37922,3.70561,3.46334,5.32502,3.19432,4.67494,4.40272,3.73134,5.20658,5.19842
4.71977,2.68579,5.6784,5.19513,3.20776,5.40559,4.33525,2.95893,1.55155,5.52322
4.98591,4.90099,3.7807,2.32375,5.30695,2.94241,2.49173,3.91919,2.20383,3.03041
5.57444,4.20142,4.19206,4.30614,3.933,3.35077,3.53156,2.1328,6.9281,3.1986
2.95602,5.46471,3.31079,3.77753,3.56264,3.41414,4.51693,4.47947,6.07738,4.12636
3.13827,4.28446,4.72751,3.88978,2.38568,3.6937,4.49819,4.53903,4.50203,4.5651
3.01691,5.27345,3.914,3.46133,4.38122,4.81361,3.35729,3.74031,4.53557,4.11022
3.42092,1.18546,3.14128,2.959,3.51487,4.52036,2.80925,2.60438,3.78737,2.8379
4.21896,4.14016,3.68753,4.22198,3.83316,4.57215,3.55491,5.27938,3.99193,3.50586
4.22496,4.05253,3.77932,3.73628,4.7045,3.37896,3.49431,5.60541,4.64828,3.45559
5.88178,3.17742,3.35237,2.48121,3.58292,3.40649,3.71647,3.68612,3.7247,4.70696
3.6776,4.87646,3.59699,1.84592,4.19626,3.41774,4.73489,3.30478,3.29329,3.90533
3.81823,2.49143,6.52278,3.02012,2.4462,4.70054,3.29309,3.60733,4.19363,2.36346
3.71774,4.12801,5.03459,3.27922,4.68675,4.38808,6.67182,5.37674,5.02624,4.2751
5.35733,3.87334,3.92597,2.17914,4.31785,5.31955,3.79252,3.34446,5.11475,2.7176
4.55645,4.57987,2.52769,2.88994,3.98438,2.80843,4.44205,2.3326,4.72537,3.84285
4.94414,2.46654,4.40375,4.80579,3.26049,4.56371,4.1471,4.34302,5.1702,2.15797
4.1507,2.61853,4.70093,3.41387,5.2822,3.73013,4.27323,2.16241,3.91206,3.67633
4.05594,4.05007,5.25068,3.86951,3.59395,2.96969,3.81547,2.15353,6.39931,4.798
5.25899,3.24316,4.49897,2.99149,4.78489,4.01013,5.83365,4.44541,3.9447,4.38054
4.18615,3.86461,3.88651,3.95158,3.77469,5.48242,5.4648,3.1008,4.63869,3.0926
4.91488,3.27618,4.67548,3.76978,4.46395,3.42986,2.01606,2.71655,5.74796,3.39073
4.84532,3.46388,4.1149,2.75882,2.47003,4.01381,5.11003,4.51512,5.96616,3.37366
3.31494,2.07261,4.94697,4.67739,3.33312,5.75281,4.76696,5.55727,3.48047,4.77951
3.64617,5.63279,3.48462,3.80248,3.96055,4.77298,4.56549,3.25888,4.42333,4.87057
1.68032,2.84699,4.52394,5.17854,4.15467,4.34433,5.43383,3.81144,3.09638,3.34985
3.88657,5.21748,2.84075,3.90238,5.26116,4.35173,3.87571,4.36233,4.61861,3.1654
4.09718,3.26637,4.6818,3.52913,4.25396,3.59468,2.83272,3.69995,4.2359,2.42838
6.44164,4.08902,4.78812,3.02423,4.26966,2.69293,3.71327,3.41431,2.50186,3.96986
4.07037,3.46414,1.72868,2.80018,4.88188,4.90569,4.2762,5.18531,4.67835,4.37955
4.00507,5.24427,2.47727,4.70417,4.45459,4.04127,3.87869,2.57028,3.50663,4.34048
4.40232,3.99488,5.00991,4.33199,2.50977,4.28338,4.6447,5.50465,3.94415,3.29658
4.73359,3.67229,4.79811,2.29087,2.68448,4.18572,1.87243,3.50921,3.30628,2.96529
4.48768,4.00905,4.95388,3.99244,3.40111,5.44963,3.58209,5.84242,4.2581,4.93348
3.60175,4.82781,3.56525,4.79618,4.95081,2.244,4.37588,4.20604,4.72479,4.18074
3.64087,3.35205,3.30793,2.76103,4.45404,3.91162,3.99624,4.55256,3.12275,5.31812
5.07901,5.03375,5.45235,5.08021,5.29117,3.60486,3.01977,3.32113,5.92625,5.1347
3.75232,5.35596,5.35105,4.35249,5.69719,4.93547,3.60259,4.82547,3.14252,2.81956
4.29778,4.28854,5.38904,4.13944,5.6922,2.73103,3.75961,5.01201,5.51039,5.34474
3.6746,3.74121,4.27133,4.44009,2.46355,4.88078,3.55039,3.35187,3.07176,4.55932
4.67551,5.39847,3.09179,3.24468,2.69531,5.27823,5.05951,2.1315,1.56918,3.90363
3.20445,3.06752,4.03123,5.47936,4.70096,4.28105,4.8471,4.63257,4.8058,4.06084
3.65406,4.46276,5.82222,3.08178,5.19371,2.66749,3.56983,5.79345,3.245,4.22236
3.47842,5.22183,5.167,3.08564,4.45411,5.24118,6.42277,4.05051,3.358,4.11143
3.06502,3.42841,1.63853,3.6281,2.47102,4.72439,3.74079,5.39471,3.4679,4.80328
3.84513,3.39023,3.16706,1.68203,4.14006,4.21276,4.44054,4.06628,2.59567,3.43813
2.60741,4.13432,2.38614,4.62352,5.84206,4.34028,3.57276,4.0861,4.51031,3.71159
4.0585,4.67927,4.61438,3.57042,4.00794,4.91113,5.75817,4.39598,4.13995,4.26958
3.70995,4.61293,3.31936,5.01785,5.86631,3.6817,4.58125,3.14065,5.01513,5.60244
3.30169,3.23144,4.29824,3.52327,2.47359,3.82528,3.22482,3.82847,4.97518,5.83084
4.38879,3.48465,4.36759,4.55332,3.12354,3.41205,3.59305,3.68323,2.1317,3.82622
4.97001,3.85782,5.22794,2.93261,4.12629,2.62045,1.66707,4.68403,4.70778,5.15298
3.9031,3.92355,4.82194,3.90011,3.60269,3.93229,4.07919,4.22588,2.40531,5.52381
4.18196,3.93493,3.50666,3.79612,4.12684,4.32307,3.94426,2.50843,2.51162,4.79198
5.22399,2.67822,5.7817,2.67347,4.15204,5.99711,3.75211,3.02222,3.87801,5.0292
4.35903,3.8037,3.15529,3.14857,3.01915,2.15005,5.1651,3.29367,4.31298,2.74555
4.48588,3.22505,4.18902,4.60166,4.29261,5.36261,4.77776,5.09352,4.69668,3.7171
4.31731,5.16645,6.39248,5.29942,4.59146,4.97207,3.09194,3.34358,5.03978,4.14569
4.67743,4.11689,3.53119,5.51044,2.34196,2.68124,4.73349,5.36638,5.3938,3.601
5.01755,5.77559,4.25643,3.55256,3.27628,2.03697,3.68526,3.86259,4.03534,1.73252
2.63376,4.40136,4.58126,4.35437,4.71698,4.64646,4.39253,4.10059,5.91347,5.81905
3.20145,6.53942,2.53221,3.97877,3.37339,2.92225,3.4793,3.46868,1.92182,2.53448
4.10265,4.65198,5.00334,4.22631,4.33803,5.4903,3.42379,5.28596,3.8064,4.51845
3.71293,3.80032,3.82194,5.54663,4.68492,4.16617,4.85247,4.83493,4.5027,3.87366
3.81242,2.44197,2.64683,4.95213,4.18675,3.30765,4.94753,4.8611,3.81182,4.03722
3.0906,4.07108,4.13259,5.77678,4.3805,3.81553,4.84533,3.06331,6.26526,4.98664
5.07217,5.49216,1.8479,5.05234,3.76402,4.00104,2.53069,2.34103,3.79691,4.5493
4.22504,3.83209,3.34335,2.91429,3.04691,2.97074,4.32549,3.66815,4.17682,4.00075
3.75557,3.7772,3.90609,5.58911,3.95639,3.93865,4.72941,4.28638,3.24716,4.38719
4.75407,4.45526,3.75196,5.27755,3.19012,4.94248,4.42675,4.10239,3.10155,5.37973
4.33605,3.38605,2.52753,4.86245,4.50576,2.70435,3.8587,3.63391,4.28395,3.78618
4.36972,4.69923,4.60355,4.1203,1.91673,3.09237,4.89846,3.26714,4.9534,3.45358
4.21275,3.42708,1.3593,3.20367,4.04695,4.53834,5.41176,4.28435,1.94158,4.2536
4.69025,2.79055,3.03749,3.99788,2.94182,2.87664,4.68601,5.00566,1.66306,3.82461
2.8771,3.34003,3.41558,6.69077,3.01974,4.08614,2.26182,4.19316,2.92871,2.89289
4.04362,3.2479,3.27049,3.26434,4.20396,4.22935,4.34718,3.81624,4.75033,3.12342
2.16271,2.6377,5.36077,3.37801,4.87936,4.06413,4.50564,5.74796,3.28241,3.86535
6.06309,1.642,3.64693,3.69732,4.92663,4.36653,4.46561,5.51065,3.77861,6.15922
4.78963,3.85314,5.47637,3.42368,3.92059,4.52156,3.69887,5.94092,2.88429,2.85929
5.16513,5.29638,4.10377,1.42207,4.23292,4.04265,5.21689,3.41136,2.17837,5.49297
3.28643,3.49338,3.58293,4.02013,5.58855,4.68366,4.67006,4.18557,7.26627,4.30773
3.25945,3.96502,5.81615,3.29135,4.69819,3.34361,3.91277,4.23457,3.53699,4.87676
3.62168,4.79847,4.71119,2.54544,2.97186,2.80865,4.60833,5.04171,6.41592,4.08884
1.49247,1.91004,3.08916,5.57404,3.26929,5.09543,2.83231,3.00514,2.36385,3.7874
4.25567,3.60625,4.69385,3.71926,4.05312,4.23057,3.47466,2.67726,5.04874,3.10841
5.59253,3.95341,3.51382,3.02106,3.42883,5.17812,4.74652,4.9081,4.02569,3.81662
5.31235,3.75793,5.48597,4.15089,4.21265,3.15351,2.17157,4.83173,3.52747,4.55979
3.58062,2.82395,5.80903,3.97249,4.37531,3.21811,5.53202,3.88769,4.85922,4.71271
4.33563,4.17163,4.18113,2.98712,2.59635,4.07134,4.19357,3.83392,3.17334,2.87233
2.30155,1.647,3.9773,2.33979,6.35771,3.75821,4.96224,4.73027,3.47335,3.80011
6.37803,5.68957,5.28722,3.09211,2.83534,5.08926,5.29842,4.00701,1.92638,4.04058
4.30025,2.47408,2.04151,3.27627,4.5953,3.32058,2.69739,4.61855,2.17704,2.66005
2.42677,3.68682,3.66096,5.0426,3.57929,3.83927,4.57527,4.45302,2.34583,3.13575
4.8563,4.05343,5.80868,2.41314,3.2535,3.6954,3.19407,3.17442,3.01366,4.51019
3.49272,5.85427,6.72907,3.36807,2.79957,4.23587,3.17788,2.63295,5.66989,2.65828
3.78047,3.27057,2.96015,4.88242,4.58674,4.72796,4.24471,3.5743,4.18023,5.09336
4.27651,5.312,4.79836,5.25346,4.14774,4.82816,3.58696,3.43409,4.03628,4.90738
4.28406,3.12105,4.21628,4.48462,5.90384,5.89709,3.33684,3.72704,2.75497,4.05046
4.39511,3.99739,2.63433,3.67124,4.17219,5.76816,3.01443,3.15655,5.07772,3.69789
4.47082,3.34729,5.23134,4.96248,5.1069,4.61283,2.35832,5.36772,3.87405,3.84675
4.57991,2.26412,2.64654,2.29813,4.65704,2.11514,4.93139,4.36404,6.14075,3.85726
3.36394,5.80728,2.86254,3.34855,5.45934,2.95566,5.43231,2.34149,3.29509,3.74345
4.95434,4.25603,3.95692,2.86249,5.1273,3.16684,3.9712,5.92975,2.77906,4.50149
4.03416,2.90155,3.94421,3.9203,3.36556,4.9285,5.34521,6.07011,2.30434,3.71375
3.31949,4.64209,4.86994,5.3868,4.1931,2.0316,3.20764,4.75335,5.03607,2.75907
4.70451,2.52911,2.84091,4.89801,2.71033,5.38551,4.37003,4.17068,3.87521,3.88957
3.31489,2.80238,5.19839,4.06768,4.66975,5.33131,2.6446,4.53522,2.75296,4.09225
3.3579,4.37377,3.41301,4.21395,4.46631,2.98654,4.10329,3.31726,4.59202,3.61573
5.69015,5.51179,5.69347,4.22616,3.83163,4.86368,3.06701,4.14036,5.45448,4.09432
5.56344,3.7866,3.26931,5.73716,3.31682,5.42798,2.88228,1.70059,3.42196,4.69388
4.61935,4.3668,5.47213,4.11936,5.28154,3.2152,5.68492,5.15004,3.79296,3.49358
2.86737,5.1432,4.21669,2.45835,4.99182,4.7124,5.58396,4.90371,2.81855,3.73836
4.19667,4.36195,4.08173,2.67967,4.72403,3.3847,4.03252,3.51816,3.9711,4.0534
2.49333,4.32019,4.05623,3.51401,5.23502,3.86576,1.79128,4.0669,3.14682,3.06294
1.96949,4.59524,6.32498,3.11824,3.00793,3.70995,4.78323,5.96894,4.30513,4.37178
4.77969,3.4895,4.48368,6.31348,3.34059,3.87354,1.77235,3.30443,3.51431,4.35128
3.68574,3.07884,3.02872,5.79049,3.70564,5.77309,3.39639,4.36201,4.45004,3.41478
3.98333,3.35899,4.2506,5.69272,3.66859,3.02725,3.60401,4.93891,4.29169,4.43775
5.48128,3.26607,5.29675,4.80014,3.923,3.05292,3.41668,3.77395,4.08607,1.48007
4.19047,3.86849,4.91681,3.81646,3.23281,2.40228,4.20191,4.43293,5.12988,3.9934
4.03087,4.19587,5.08656,3.55274,1.84833,3.58584,4.02572,4.44799,3.94548,4.26905
3.73127,4.43322,5.39482,4.41363,3.232,3.19349,3.09951,4.029,4.55005,4.14455
5.43237,4.04481,3.96134,2.24571,3.99273,5.40641,4.54399,4.41941,4.36745,3.7172
3.40546,4.72787,3.81327,4.41511,4.51685,4.96972,4.64929,3.62363,3.7645,6.60273
5.91102,3.93496,3.64049,4.90482,4.80783,5.51245,3.91186,3.60177,3.45044,4.09695
3.61368,5.85446,2.68731,4.53721,4.53068,4.57134,3.09028,3.76315,3.8527,2.92567
3.93275,1.97805,4.06496,4.78238,2.31449,4.34413,6.05751,5.66462,3.96874,2.93587
3.55799,4.65461,5.66664,4.1342,3.98132,5.18452,4.3957,6.92443,5.03681,6.66735
1.57853,4.58791,3.88662,3.71953,5.35021,4.08873,3.53583,3.89976,3.59321,4.87917
5.10864,5.45071,3.94745,5.06509,4.48462,2.94281,3.58915,4.54987,4.08472,7.38251
5.77037,3.87927,5.2338,6.40509,3.91882,3.07997,2.9488,2.19945,4.53991,5.66797
3.77266,4.47017,2.918,2.75812,5.77739,3.91468,4.38009,2.60278,3.71584,4.43591
5.02367,0.825554,6.29742,4.91483,2.13648,3.37258,5.35564,6.05518,3.5955,3.21433
4.66626,3.08764,1.9824,4.90987,4.939,5.42487,4.41392,4.86268,5.07354,5.05673
2.5344,5.46581,3.71076,4.96852,4.00194,3.85496,4.84916,4.16964,4.27099,4.17316
3.02934,5.05426,3.39385,3.59653,4.75253,3.50434,2.07925,3.86409,3.31754,5.50183
4.14145,5.62681,6.62755,2.63653,3.21232,3.00586,2.05727,2.25119,5.05766,3.56706
3.39194,3.44351,2.97266,3.58009,4.06069,1.68507,3.08518,3.77177,3.39836,5.33505
4.7165,2.83502,3.17112,4.2865,2.53248,2.83387,3.74729,3.7091,3.84433,5.54974
3.00579,3.13312,3.40583,3.28517,5.13157,5.35116,4.83029,3.5721,3.49992,2.19032
2.5356,4.24762,4.75828,4.48037,3.96094,4.5818,3.23839,3.33154,3.95097,2.90539
1.93806,2.99004,3.57433,5.00209,3.03157,4.20265,3.77784,3.57878,3.28041,3.99982
3.23456,4.4222,4.15729,3.37176,4.80022,4.86103,3.38019,4.73074,3.88201,5.15618
1.16616,4.36122,5.64935,5.17278,4.49826,3.13686,3.81782,2.68045,3.16633,3.88516
3.87063,2.52813,4.67201,4.65411,6.00395,3.75348,5.21279,4.22004,3.04446,3.03096
3.36143,4.74668,4.10174,3.71622,4.57596,5.98546,3.70597,4.1942,4.7446,2.9672
4.17884,4.50542,4.84645,3.27854,5.26615,4.41352,3.75333,5.70996,4.06668,5.73977
4.33704,3.96375,5.62446,3.51986,2.95757,4.7113,4.35168,4.12247,5.49615,4.67459
3.56174,4.86031,3.80941,5.24396,3.73883,4.98144,3.81078,3.8909,3.84987,3.78358
4.39956,3.74464,4.42933,3.24039,1.55025,5.04414,3.43823,5.36373,2.08482,4.56155
4.40172,4.75338,3.45031,4.29019,5.747,5.29529,3.13405,5.51274,4.62029,3.81243
3.68895,4.69497,3.11658,4.02823,3.01986,5.60941,5.53586,5.37994,3.4991,5.78522
2.61952,3.01391,6.15055,4.84539,5.23315,3.46679,3.39912,4.37244,4.02177,3.82848
4.21247,3.60236,4.37159,3.48632,3.61086,5.38547,4.45185,4.96649,4.67457,5.02429
3.77795,3.32865,3.38798,4.48181,3.66952,2.27898,3.49148,6.46253,4.71553,3.94409
5.69565,4.28673,4.04286,2.65518,3.64675,3.84572,4.37718,4.07946,3.66529,4.41233
5.29157,3.794,5.75808,5.41746,5.21807,4.77363,4.5619,1.47578,3.09998,4.76575
6.47059,2.97165,4.36814,4.38226,3.78962,3.93724,5.85987,4.13868,3.49156,4.64046
4.50533,3.92444,6.17059,4.95251,1.89006,2.81883,4.77782,3.38883,3.50784,2.48826
3.85449,4.12132,3.53387,4.20604,3.49093,5.65716,3.73738,3.97693,3.38451,5.07845
3.75017,3.32062,3.69218,3.76867,4.89934,2.26226,4.09192,3.26023,4.05695,2.25484
4.82845,4.51338,2.86244,3.49782,4.20101,3.68692,3.36401,5.35697,4.06101,3.98752
4.83072,2.9159,5.15266,5.3776,5.20184,4.99793,3.99138,5.55908,4.76262,0.98637
4.19517,3.70378,5.29915,5.39375,5.35663,3.77104,3.86484,5.41774,3.44069,3.34856
3.34905,4.01457,4.47368,4.5455,3.1182,2.9878,4.07483,3.33564,3.62673,5.01325
1.88153,4.84509,4.3943,2.91932,2.71106,3.62321,4.89647,4.00182,3.73985,1.91244
4.77786,4.40233,3.83777,4.7929,5.23465,6.38903,5.41336,2.17376,4.00939,4.23781
5.9184,0.940383,4.91492,5.40315,3.50857,4.5244,5.07868,3.1635,5.03594,3.85681
3.70277,4.14275,3.639,3.45591,2.70372,5.6481,3.12398,4.57898,3.87153,2.16697
3.94278,4.36314,4.28987,4.61537,3.1373,2.21447,5.81002,6.70707,4.99164,4.52865
4.19742,1.37888,2.35408,4.65565,5.01398,2.98974,4.99116,3.94554,6.09136,1.93504
3.33287,3.74256,5.03915,3.9073,5.85799,5.41342,3.54064,4.94998,2.55589,4.82321
5.39372,3.48738,4.48579,6.46315,3.0667,3.36764,5.58665,2.57391,3.2516,4.77115
3.18471,4.46118,4.42604,3.94219,3.72197,2.98949,5.06348,4.96641,3.14882,3.17764
5.04345,4.62598,3.19898,4.54488,1.68084,4.72276,3.05456,4.78145,3.31523,5.02726
5.74184,3.10498,5.58351,4.29371,3.28777,4.68379,4.33493,3.52331,3.89071,2.73226
2.45093,4.85867,3.02322,4.11267,4.69969,2.41965,3.50276,3.65509,6.11368,4.41371
5.29918,4.93271,3.62065,3.91462,3.99936,2.24714,4.04266,3.50706,5.87505,4.8612
2.96238,5.40821,2.78134,5.49873,2.29701,7.01752,3.4123,4.57956,4.96415,2.40981
3.20283,3.88144,4.58969,3.35887,5.8953,4.90981,3.41643,4.48351,3.52914,5.77889
3.80188,4.39314,4.00092,4.55031,4.19798,3.60599,3.2053,3.7429,4.29864,5.34293
1.81099,5.7312,2.20519,5.13596,4.36097,4.89745,4.57097,3.84287,3.71123,2.32315
3.90663,2.70518,2.60422,3.49048,5.28028,5.31504,0.879907,3.58015,3.77215,4.24727
4.69093,4.31972,4.42781,4.2736,3.3357,2.42974,4.56366,3.56675,4.01689,3.5878
3.97805,5.1526,2.93218,2.96375,5.51401,3.4951,4.0698,4.07729,3.2677,3.79264
2.06097,6.27061,4.97667,3.73674,4.03736,4.51227,4.28163,3.16407,5.43378,3.94612
4.31159,4.76059,2.8712,2.93816,4.27308,4.59453,2.84666,4.184,2.30631,3.03335
3.6851,3.84918,4.63582,3.47638,4.17755,3.00335,4.32129,3.26292,3.27806,5.0711
4.50633,3.7671,4.72349,4.38923,4.1277,4.6331,4.08815,5.34635,2.84253,5.57466
2.91955,3.43099,4.18285,4.82251,5.3549,3.81852,3.85694,4.88492,4.85635,4.99784
1.94342,2.60166,4.36323,2.52051,2.44869,3.64473,4.51988,3.76091,4.60986,5.13823
4.68067,3.02251,5.35254,4.0481,3.89349,3.829,4.40883,5.04774,4.28905,3.4092
2.42931,6.64965,3.30359,3.94157,3.64125,4.57935,4.07848,2.33431,5.03781,1.19515
3.40716,5.65217,5.30927,3.01154,3.69013,4.1917,6.29209,3.24106,4.05597,4.29475
2.88303,3.89112,3.40979,4.74991,3.67362,3.61617,3.85131,5.16383,3.62584,3.64708
3.87082,3.78154,4.48871,4.43183,5.44588,3.18384,6.27706,2.89446,3.4455,3.57978
4.45869,4.25309,3.94037,3.75914,2.20742,4.25782,3.68151,4.63073,2.62659,1.69752
6.0775,4.17254,3.70796,5.97155,5.25576,2.65101,3.32898,4.56631,2.94252,3.88635
3.84832,2.92205,3.9739,2.85508,3.26848,4.37671,3.97902,4.13744,4.67024,2.5167
3.20361,2.98985,3.73719,3.96706,4.63636,5.83381,3.53234,3.37272,4.072,2.05223
4.80328,3.03305,2.60079,2.37775,3.18671,2.47981,2.7837,2.86807,2.65877,3.51322
4.39569,3.18303,5.56893,2.4301,5.83478,3.87381,4.52723,6.88045,1.23582,4.19303
3.19191,4.67927,3.83213,3.82802,3.10921,3.44592,2.7087,3.23477,3.4877,4.53605
2.18702,3.62893,2.42638,4.33684,4.37414,2.3498,5.26546,4.51618,5.12765,3.58003
3.5423,4.06546,5.81476,4.10515,4.01483,3.33568,5.26614,2.98463,3.92412,3.79641
3.70256,4.20572,4.41419,3.41395,4.30328,5.45242,3.73622,2.90132,4.47665,2.78551
5.47149,4.05112,3.5067,5.97937,4.46403,3.93414,3.04812,4.49035,3.71176,3.55737
4.51489,2.60001,3.64599,3.91124,4.56111,1.98744,4.62483,4.25988,4.41392,3.76652
3.40331,3.15045,4.36613,4.02345,3.66455,4.33034,4.92266,5.1823,3.26875,2.79884
3.14907,3.4392,5.0081,5.0834,2.6781,3.58085,3.59774,4.38419,5.01757,3.61927
6.02835,2.50161,3.37665,3.72741,3.90761,4.71579,3.44281,5.55524,4.15206,5.25927
4.57132,4.97961,4.07433,3.10257,2.9594,3.11477,1.97086,3.29848,2.62229,4.16104
4.01398,3.57207,5.37667,3.74289,4.41119,2.29057,5.35802,3.91886,3.49749,3.22172
1.91626,3.89235,2.84839,3.93626,4.6305,3.34793,5.32979,4.23668,4.74293,2.42997
5.53534,2.4277,3.75069,2.88989,4.29153,3.73048,3.56834,3.2454,3.54033,3.69422
3.98729,4.48621,3.82071,4.46915,3.67148,3.56191,4.22837,2.56438,2.69684,3.96677
4.23562,4.94615,5.02937,4.73752,4.19872,4.31335,4.44318,3.42211,3.96759,1.59821
2.86567,3.81343,3.91224,2.05118,4.38388,3.57706,2.01429,4.73674,5.05926,3.3599
3.71754,3.69459,5.36274,3.32329,4.1054,3.6774,1.976,3.20331,3.1863,4.66105
4.39192,3.9044,2.96687,4.18624,4.22554,3.54473,2.17492,4.908,3.48497,3.22987
2.63827,3.78123,3.00388,6.42754,2.97556,3.73332,2.2904,2.35296,4.61043,5.07769
3.97321,3.08988,4.14854,4.28596,4.80794,3.21444,4.31072,3.79384,5.10056,2.74021
6.17249,5.1642,3.44828,5.76401,4.4803,4.46133,3.23492,5.89505,4.4165,4.94809
3.64222,3.4867,1.5691,4.4305,2.76255,3.18548,2.27149,0.981936,3.92952,3.65382
4.08546,3.3491,3.51651,4.06109,1.89992,4.02944,3.75158,5.41359,3.40794,4.17254
4.21749,4.74139,4.01888,3.88753,3.75517,3.90097,5.34467,4.38249,2.7479,2.96834
4.13736,3.63912,2.80181,2.74535,3.26768,4.48404,4.09688,4.57994,5.2438,3.57924
4.17402,4.75139,2.40799,6.43363,4.60865,2.07873,2.30076,3.3402,4.18631,3.71191
4.60648,3.62041,4.36877,4.07909,3.12435,3.22997,2.14753,2.72081,3.8227,2.74118
6.29102,3.12504,2.76284,3.55517,3.48385,4.31774,4.73246,4.5294,4.36959,2.90235
3.58738,3.58124,3.42745,4.37992,4.41743,4.31125,4.20834,5.32212,4.7553,4.4024
3.88172,0.513685,5.00069,3.47758,2.47163,5.16019,2.98359,5.31496,6.61042,4.00312
3.29869,4.33294,5.02788,1.8724,4.3141,3.89533,5.08564,2.8271,4.52019,6.15344
4.47226,4.6917,4.74534,3.23497,4.32942,4.02444,4.15642,5.16197,4.31101,3.76615
2.2117,5.27148,4.53451,4.15007,3.90586,2.68189,1.71535,3.08184,3.40664,2.6586
4.69753,3.33771,4.49292,5.6518,3.22047,3.53968,4.26987,2.73991,2.48481,4.4133
4.34942,2.90711,5.71122,6.54151,4.72798,4.55106,3.19753,3.45515,5.18877,3.47855
4.80759,5.43053,5.23712,3.33929,4.18076,4.16116,2.95325,4.0181,3.89367,6.65164
3.30468,5.25998,3.9486,2.79424,5.22515,3.75903,5.25263,3.38497,4.39273,3.71731
4.60259,3.99084,4.73254,2.5313,3.16654,3.1477,1.76903,4.15506,5.03212,3.91075
5.04953,3.28511,4.7085,4.8622,4.88596,5.51164,5.47174,4.21371,3.80131,3.88929
4.54003,4.86408,4.39163,4.75795,3.8742,2.88404,5.78834,3.09734,3.54168,4.40018
4.80488,4.5684,1.57757,5.26152,3.82684,3.99605,4.45723,3.49873,2.28671,3.35509
3.71775,4.02807,4.08365,3.89593,3.99533,4.87541,4.37073,1.91041,4.2397,4.8627
3.73142,4.98216,3.70758,5.82861,3.59434,3.19026,3.01873,4.07301,4.99959,3.17147
5.99304,3.60588,5.09472,4.00475,5.98306,4.27243,4.18904,4.55822,5.36659,2.82054
4.75455,3.70191,2.5319,5.424,4.98068,4.35706,4.32459,4.57832,3.65931,3.4984
3.0903,4.66377,4.74689,4.81759,3.10466,3.05728,4.22475,3.90872,2.66502,2.88899
4.48846,3.15777,4.76669,5.00463,4.50787,4.85016,3.38652,4.23398,4.72359,4.76017
5.76315,4.8665,4.03635,5.0075,5.22338,3.35785,3.35638,4.53088,4.55537,1.91774
3.78341,3.98718,3.94352,5.62711,2.23045,3.42659,4.63625,4.00949,3.63089,3.11687
2.4114,3.84544,4.64896,2.66741,4.60706,2.30024,5.15259,5.27082,5.07223,2.71878
3.40058,4.0675,4.89071,2.37591,4.17252,4.17692,3.17753,3.44836,3.73365,3.11181
5.13197,4.93701,3.70613,3.68344,2.91796,4.75376,4.13254,5.06281,3.31324,6.49887
1.88918,3.2946,3.62897,3.7898,4.2441,3.77534,4.60019,3.24186,4.11778,2.52848
5.08454,3.8949,3.22175,2.68622,6.98935,4.0613,3.05094,4.41104,3.41989,2.59587
4.60664,3.74282,4.61206,3.18135,5.28642,5.75182,2.87845,2.94647,3.1989,3.12879
5.74214,4.11733,6.57382,5.28206,3.86915,2.44888,3.39178,2.6472,3.52944,4.62343
6.29369,4.8221,3.94351,4.06884,5.65475,5.57116,3.95131,4.38134,4.32532,3.09024
5.47063,3.44991,4.86197,6.5837,2.58798,4.19545,4.72042,4.82657,4.96683,2.46416
2.3353,2.72077,3.25372,3.80119,3.92352,3.81276,3.54769,4.66951,4.31204,4.67008
3.2997,4.70655,4.86649,3.63134,4.41291,4.67334,3.67632,3.47278,2.53148,4.16318
2.50371,5.75186,3.71259,4.23189,4.77267,5.55454,3.64737,3.82938,5.95368,2.51453
3.23362,4.91686,3.5763,4.46072,2.91762,2.96954,2.01438,4.73412,4.8422,3.32318
3.64136,0.949488,2.3422,4.54134,5.5765,3.66206,4.618,5.04628,5.42083,2.95432
3.55758,4.77691,5.30406,5.29122,4.60347,3.75072,3.69871,4.63555,3.74881,1.61358
4.59207,2.84868,2.56371,4.71359,3.73594,1.90971,4.07359,4.70862,4.32916,4.60027
2.4023,5.3056,3.46386,3.50085,2.06132,4.39426,2.99539,2.30266,3.41246,3.7824
2.8267,3.04927,2.95141,4.55561,2.69985,2.7707,3.50056,1.80546,6.58149,5.76384
3.49545,6.15394,4.07719,4.29329,3.81726,3.15561,5.09698,3.66851,4.22062,4.70124
6.11289,4.3824,3.71208,3.13433,4.03709,2.38214,4.55193,3.04357,4.2178,3.25037
3.28464,3.06394,3.84734,3.93592,4.30199,4.73218,2.6942,2.71776,2.83174,4.59815
4.01604,3.68391,2.70052,4.29541,3.91026,2.67296,3.40703,3.87816,2.71737,4.61976
3.72357,3.49608,3.46527,4.30419,4.47542,3.95884,2.96888,4.16718,3.96732,4.85547
3.8106,3.54116,5.11995,4.55683,4.09673,3.81434,5.35487,3.5063,3.84349,5.16416
5.9996,4.23548,3.98976,3.95548,4.98938,5.3844,3.20913,3.70323,5.47983,2.93722
3.74371,3.92261,3.769,5.30929,3.119,4.6809,6.088,3.76794,3.10595,4.56943
3.18834,5.93289,4.52615,4.41299,4.51866,5.31983,1.99713,2.57313,2.71953,3.50573
3.18765,4.60591,4.45769,5.34093,3.8233,2.43349,3.78135,4.35794,4.74963,4.2285
4.03558,3.64939,4.58325,4.0687,5.57534,2.32401,5.50817,2.48948,7.03394,2.39187
5.34261,4.43591,3.98081,3.61592,3.07263,5.11313,4.26687,3.65187,2.62642,3.91045
3.62703,4.15446,4.10258,2.86573,5.86005,3.41342,2.76941,5.81537,5.45252,2.65019
3.2662,4.1544,4.76172,4.36826,5.55911,5.79997,4.80996,3.92383,4.48527,5.6838
3.71931,3.76812,4.31969,5.37582,4.33687,4.45874,2.57117,2.88402,3.04137,5.32998
5.3415,4.69451,4.93672,3.56378,4.49878,4.58928,2.85663,5.02756,2.90376,5.21212
3.8691,5.17912,5.23685,2.88573,4.25124,3.5198,5.38679,4.07843,4.60266,3.19272
3.48629,4.10156,5.16437,3.53899,3.3493,2.78345,2.88656,5.00527,2.56058,3.89967
2.40709,2.66941,4.04967,3.6166,4.57442,4.9451,4.93891,4.70416,4.18623,4.09487
3.30716,3.62452,3.84925,3.14287,4.32111,4.59835,3.38706,2.91812,5.19355,3.82991
4.90004,3.26738,4.056,1.61639,4.93708,4.56572,3.23788,2.30515,4.399,2.47343
2.37448,3.99066,3.11824,5.54933,5.26236,2.77685,2.91189,1.13198,3.63059,3.95162
4.62719,4.95366,3.60187,4.14164,5.05276,3.58524,3.34829,5.02305,5.55678,6.10661
2.92827,4.09837,5.37328,2.92068,4.83961,3.39742,1.88232,6.35865,2.19473,3.53736
3.49406,4.1765,2.99565,2.27343,4.61325,3.45268,4.91429,5.18979,4.33329,4.30295
4.36946,4.20719,3.25071,3.95624,4.25946,5.82524,3.87769,2.7631,3.96121,4.01605
2.76349,5.49492,3.24957,5.49955,3.23007,3.95718,4.14469,4.69117,3.7488,3.34151
4.02391,4.38513,5.04912,5.45518,3.14061,5.3619,4.59111,3.19934,2.89653,3.31174
4.5188,3.38375,2.657,5.01807,1.7118,4.49829,3.63642,3.98297,3.64246,4.44974
4.51146,4.38203,5.07168,3.31991,2.08592,4.07081,4.34607,4.2528,2.74181,1.91427
5.76577,3.44113,4.49023,4.38194,2.11097,4.84318,3.59972,5.3651,4.03438,4.63633
3.13044,3.80809,3.46114,4.64236,3.54645,4.30648,2.84962,4.64223,4.66443,2.83891
4.83251,4.24626,4.07876,3.30934,4.2723,4.00773,3.2368,3.35068,4.00778,3.12338
3.55863,3.4115,3.70109,5.68772,4.30221,3.56755,4.01467,4.1212,3.006,2.83137
4.43104,2.46141,3.27149,4.32712,3.1127,3.01488,3.95439,3.59212,4.94185,4.76692
4.45771,4.11373,3.75525,4.79688,3.25921,4.00987,4.94837,4.66872,3.60161,4.66375
4.80414,4.21942,1.59112,0.862633,4.27373,2.59399,3.84667,3.97286,3.77874,3.82263
3.5347,5.65215,3.86393,3.27644,2.09214,4.82962,3.90391,3.65791,2.36469,4.37649
3.23785,4.02839,4.51931,4.33401,2.26179,4.02662,3.09494,4.05472,4.59215,4.96341
2.71415,2.70955,4.77316,3.29831,2.82693,3.12097,3.44128,3.73526,3.49161,2.24318
4.18734,2.66296,5.02035,4.21844,4.36741,3.46026,2.55377,3.70832,4.40678,4.86801
4.18567,5.17091,4.75879,5.0018,4.81568,3.47003,1.47849,3.44607,3.02947,4.65304
4.31111,2.20661,6.98978,4.6256,3.96065,1.9767,3.44704,3.49078,4.97357,3.37375
2.22897,3.99877,3.10545,4.38805,5.29924,5.14997,4.68118,4.05729,4.16395,4.10038
3.19506,2.60318,3.90866,4.49025,6.14101,4.39886,2.09013,4.79763,4.59826,2.77728
4.55108,4.61688,2.14637,3.83051,5.09798,4.30286,4.28783,2.87869,3.6578,2.14874
4.0189,4.01487,3.46459,4.61329,4.34556,1.78066,3.87529,5.37671,2.34251,5.76035
3.69752,4.19279,4.70128,5.3245,3.42656,3.54199,3.95015,1.98617,4.46369,3.11617
3.82931,2.92659,4.92025,3.65964,3.77542,4.91677,4.9126,3.61671,8.21662,5.59875
5.11317,2.58858,4.45461,4.16717,4.98497,4.10188,3.21121,4.37358,3.20111,3.07734
6.36468,4.73406,3.16658,3.32218,4.04128,2.92763,3.80148,4.62238,6.67996,2.68464
4.46519,2.97582,4.26174,5.28869,3.78522,4.01819,4.40351,3.74753,5.48018,4.31522
4.90792,5.7963,5.06045,4.4806,3.40405,3.36078,4.92294,5.15999,2.79275,4.92609
3.87905,3.13851,3.47751,3.38946,4.70514,4.4652,3.27885,2.56283,4.86601,3.45901
3.76082,2.6284,3.14836,2.70795,5.49405,4.97264,1.8768,3.09207,5.53844,2.92287
3.60204,2.86614,3.02371,3.11814,4.79823,4.40789,5.10837,3.67937,4.74284,2.70189
4.62109,3.3857,4.04096,3.23266,5.43499,4.65742,4.81608,3.75089,4.82522,5.11494
4.73064,2.58448,4.81427,5.23807,4.43583,5.71794,4.38125,3.67956,2.65729,2.73906
6.04338,4.08666,4.54705,4.21253,5.35431,4.581,2.64615,4.54703,4.39777,4.01024
4.33981,5.07921,4.06828,1.8796,4.65547,2.62571,0.512505,4.47005,3.85175,3.8121
3.68108,5.46939,4.81343,4.98816,2.94211,3.07947,3.59547,3.18821,5.7422,5.08292
2.81232,3.14818,3.56224,4.90228,3.98015,3.23773,4.5064,4.95828,4.09856,5.41463
4.39791,4.52659,3.87449,3.51769,2.80661,5.15908,4.01182,6.30651,5.34628,3.67755
4.83579,3.77381,3.53096,4.29778,5.78916,3.23063,3.28127,4.38206,2.59445,3.22209
2.99592,5.12276,5.80217,4.79523,2.86615,4.90488,3.97245,4.60837,4.21464,3.36474
4.54601,4.40008,3.97785,3.90846,4.6868,4.61979,4.33496,3.38382,3.83237,4.70178
2.28547,2.62443,3.62497,5.01508,5.46672,5.00814,3.49797,3.29768,3.41523,2.97367
3.80876,3.70376,4.70172,3.30635,3.18841,2.53619,3.04799,4.80214,4.71982,3.28288
5.67262,3.97583,4.887,4.89347,4.6753,4.89915,4.56009,4.90833,5.39073,3.95101
4.14573,4.45537,3.99882,4.56133,5.01816,5.3653,3.29633,4.11151,4.12719,4.80088
2.73862,6.63879,5.4468,5.12756,4.8305,2.24454,2.80781,2.80948,3.7463,4.18394
5.82281,3.3888,4.92227,4.09297,3.79276,3.19534,3.65886,5.03341,4.88092,3.33448
3.78753,3.70985,5.09847,5.4537,4.59693,5.48547,3.3212,2.98499,4.81115,4.43652
4.92251,3.73321,5.42511,4.38087,4.38737,3.41125,3.27096,4.24021,6.18922,3.25367
6.09122,3.78546,3.82705,1.41853,3.02965,4.66995,3.76485,4.80194,3.57327,4.79211
3.64631,4.33368,5.00181,2.7594,3.07764,3.47618,4.06537,3.87488,5.82044,5.24305
4.27419,4.41074,4.60272,4.12198,4.07321,4.78688,3.74069,4.21556,5.48344,4.29347
3.06197,4.07668,2.97945,3.93698,5.35583,5.70597,6.76475,3.39299,4.27377,4.24276
4.04597,2.90529,4.90268,3.56711,4.91929,4.79072,3.95639,4.74798,4.72213,0.938302
4.23928,3.76009,3.72061,5.2523,3.7805,4.50141,3.53625,5.58489,3.82409,4.02771
3.03841,3.27173,4.05823,2.7556,3.89269,3.35976,2.98296,2.08742,3.85667,6.63738
4.86808,3.72273,2.6637,4.25331,4.69977,4.0094,2.51375,2.54515,2.82389,4.4031
3.92512,4.31166,5.54129,4.0559,4.70667,3.89204,4.25209,3.28849,4.20825,4.99739
3.36487,4.21136,3.63111,3.33306,4.5731,3.25552,5.32146,5.4595,4.81412,4.05104
3.08647,4.98176,4.09008,2.58967,4.20562,2.52715,3.02113,4.43729,3.48686,4.16628
4.31532,4.81659,4.52535,5.05897,2.89355,3.61447,2.39377,4.78041,4.13732,5.24369
3.64317,3.88098,3.37719,4.50585,3.92583,4.28463,5.04136,4.21798,2.06008,3.01971
6.52292,3.63801,4.15933,3.72625,1.03149,4.31251,4.41979,5.14767,3.35398,3.14398
3.10104,3.07812,5.62473,3.69481,4.74642,5.16235,4.37959,6.82908,4.47979,4.85172
4.07035,3.25942,3.18047,4.40406,1.73527,0.90434,4.37359,5.17343,2.05733,6.20887
2.89755,4.31908,5.93547,4.22932,2.16333,2.29021,4.857,4.47077,3.2914,4.12036
4.45055,3.95963,4.81106,7.06392,5.47839,4.55209,3.51637,2.0573,2.65611,4.34085
3.54087,4.54852,3.92485,3.80468,2.52359,5.7952,4.76215,4.27765,2.55699,4.07159
4.66932,5.99531,3.7762,3.10841,3.22213,4.34076,2.94885,5.49,3.35401,3.35525
2.51315,3.9319,5.83049,5.13577,3.2137,5.71089,6.98433,4.83371,5.62131,4.65885
2.84639,4.21934,4.02084,4.28319,4.48314,4.44597,5.35656,3.39442,3.75106,6.25599
3.92259,2.54976,5.09453,4.28464,4.54357,4.98972,3.97427,4.53231,4.3604,3.24597
4.00371,3.5782,3.80286,2.94382,3.13879,3.97959,6.15396,5.54399,5.3666,4.29901
2.20507,3.61649,4.69774,6.6443,3.19979,4.68365,4.90011,4.41568,3.45156,4.00838
4.03771,3.66007,2.90184,3.49743,4.26659,3.90996,4.62931,5.04355,5.03027,3.29934
4.43277,3.55819,5.08519,4.3247,2.67097,2.67825,3.3896,4.63861,4.85277,4.39861
3.8779,3.8482,4.09003,5.161,4.87564,4.4552,3.59571,4.10655,4.47281,4.6076
4.37333,3.21527,6.39705,2.93119,3.80104,3.05996,3.90153,2.70565,5.26322,3.94703
2.52724,2.85399,4.34328,2.2905,3.94919,4.18216,2.94954,3.78875,3.81032,4.32039
3.14078,5.7196,3.58351,4.39104,2.31592,3.42506,4.54468,5.08052,5.73905,3.96448
4.37034,3.12649,3.02832,4.63451,5.06508,3.19816,3.59606,2.73072,3.58499,5.52148
1.72012,4.4492,3.90723,3.66466,5.41719,4.11326,2.31971,3.85605,3.97502,5.03265
3.56701,4.66811,3.02527,3.69768,4.60181,4.0116,3.52159,4.75876,5.79629,3.65891
5.86551,4.69204,1.94689,6.15708,5.90253,2.83408,3.23053,4.56861,4.71111,5.32746
3.49809,3.27235,3.08158,3.65133,4.47551,4.40549,1.92609,3.67773,1.07737,2.62658
3.62027,3.75174,3.13541,4.56801,3.67826,4.19375,3.43525,2.85344,1.88217,3.84757
4.42557,4.02893,2.82618,3.38634,3.59323,5.12752,4.08499,5.09162,4.85466,4.1567
3.48905,3.17476,4.62983,0.934568,1.98986,3.75784,3.27178,5.07557,5.12018,5.65035
5.99702,2.98324,2.27783,4.03029,4.62107,4.13693,3.46015,3.00791,4.06681,5.38272
5.10393,3.70643,2.77296,4.66796,4.769,3.50729,4.83019,2.88694,3.65057,3.43732
4.20461,3.05649,5.14463,4.11963,3.05974,3.77574,4.12672,5.55902,3.89898,5.35666
3.90293,4.07634,1.79111,3.33394,3.62743,2.91543,4.29139,4.24527,3.34568,5.00089
2.86172,4.93586,3.15185,4.74797,3.29024,3.30071,3.58701,4.25861,5.14557,3.86219
3.52968,6.11751,3.1659,4.08356,2.94914,3.48249,3.89191,5.00619,3.9545,3.186
3.39016,4.51915,4.2722,4.94099,3.01573,4.49766,4.62825,5.36805,2.77988,3.95549
3.78567,5.10443,4.29276,3.52895,4.1522,3.74415,3.172,4.06694,4.73339,4.43015
5.16073,4.79661,4.56279,4.19469,4.887,4.79689,3.70148,4.73484,5.34028,3.09015
2.38496,4.59447,4.45125,3.26329,4.4566,3.04254,6.18007,3.87779,3.46611,4.42121
5.85966,4.1812,4.74755,4.51886,2.07037,3.64306,4.04466,3.10956,3.46678,3.57219
4.21231,3.40791,5.61527,3.59952,3.46271,4.87633,2.58851,3.01943,3.27196,4.17171
3.35846,4.02129,3.27959,3.35671,5.48951,4.22819,5.20831,3.15368,5.25807,3.64392
3.10575,6.5824,4.23421,3.18454,4.52373,6.32879,3.95421,3.87774,6.64852,3.70455
4.42069,5.11677,4.04832,4.20451,4.42834,3.97449,3.30501,3.29339,3.54406,4.94338
5.99617,4.78254,3.41607,2.96713,4.31144,2.55681,3.53478,2.028,5.13116,3.48564
4.34236,3.8725,4.79813,3.87313,4.03054,4.66065,4.95052,2.4271,4.80575,2.63675
3.69557,3.82237,3.89101,4.57987,4.18014,6.04841,1.80473,4.7055,3.50922,2.96017
3.13314,3.84892,4.8805,4.18064,2.68972,4.86866,3.59772,3.49432,3.09278,1.47042
4.1652,5.38627,2.31279,4.28958,5.23848,4.75434,3.96137,5.47563,3.55323,5.0117
4.53137,5.06346,4.6125,2.89195,5.13877,4.84597,4.24609,4.20805,4.88244,5.79806
4.47383,4.89893,5.56201,3.48187,3.40379,3.20399,4.96608,5.59832,4.14635,3.28497
3.93447,5.2925,5.83978,5.7985,2.32841,4.85125,2.76726,4.12453,4.41517,2.70029
3.25259,4.36532,3.90207,5.58058,4.12639,3.73233,3.58489,2.92919,4.1786,4.67802
4.65805,3.60468,4.08239,3.14986,4.28604,2.83703,4.0727,4.26712,2.4887,4.02023
3.96657,2.89492,3.00974,1.96108,3.84375,2.82203,5.17318,3.33145,4.88234,3.21161
3.58031,3.13362,4.95904,2.75963,4.38364,5.66534,3.64794,4.5388,4.69666,3.57071
4.98396,4.75245,5.42161,3.88072,3.99943,4.74097,2.13652,4.15749,3.01114,4.65543
3.36398,3.23628,4.09969,3.81393,4.24124,3.43667,4.11934,3.1735,2.82456,4.92516
6.06701,6.28719,3.02007,5.26291,4.68278,4.25741,2.50971,3.3446,4.60679,4.15989
5.29679,6.16474,3.98111,3.99384,2.57615,3.9262,2.90198,3.58175,4.02084,4.16391
3.80413,4.93381,4.01742,4.06376,5.45339,2.99166,4.12356,4.69548,1.36403,2.58149
4.62821,4.02861,3.55989,4.30155,4.35369,4.74112,3.11714,4.17654,4.40822,4.1601
3.78943,2.60438,3.79424,3.48503,3.07432,2.89563,2.2511,4.0199,2.32622,3.64567
4.58387,4.76477,5.3978,4.13167,5.15882,5.64337,4.71239,4.54909,3.30408,4.84546
2.95246,3.4084,3.60275,4.22422,3.28557,3.02382,5.12476,1.99127,2.95135,4.55036
4.91517,3.19028,2.84586,1.39547,5.97821,3.40251,3.87001,3.59249,4.28584,2.52502
4.19847,3.26041,4.51067,5.18535,4.29935,4.02983,4.95614,3.25934,3.87072,4.26205
3.88803,4.50783,3.05045,4.12096,4.03272,3.2445,4.17565,4.9419,5.47138,4.66528
4.91574,5.00312,2.9121,5.22365,4.03983,3.60498,4.40667,4.78253,4.43408,3.05412
6.0641,2.81113,3.66556,4.87727,4.80251,2.41989,3.36292,1.06581,5.22062,5.84973
4.91965,4.9116,5.34052,3.92865,6.12066,3.69596,4.18936,4.74273,3.75172,2.41278
5.39159,3.77195,3.26811,3.20399,5.63486,2.66581,4.36433,3.26762,1.66073,5.14803
3.26809,3.5344,3.44718,4.64592,3.50052,6.5534,3.90488,4.77704,6.09471,2.52828
4.25009,6.61142,4.13559,4.05155,6.51424,4.90183,4.79081,4.19249,2.92922,3.79538
4.60311,4.87981,3.463,4.35187,2.67619,4.19739,4.55903,2.07479,3.89414,4.34415
4.61292,3.80746,5.49541,2.3095,2.11971,5.80539,3.74066,4.34043,2.98547,4.32107
3.34141,5.12846,3.63374,4.17779,3.02479,3.20865,3.29506,2.67889,3.91298,4.11721
3.86123,3.87427,4.7516,4.42288,3.13656,4.03981,1.02152,3.63712,4.95019,6.07422
3.81381,4.26329,4.82245,4.5208,7.05978,4.24601,3.49675,3.21678,3.33147,3.70677
2.10292,4.3777,3.34809,3.59317,3.75371,4.6126,2.61667,3.14092,3.03122,3.16245
5.03338,3.36717,4.9874,3.18668,4.74039,3.78599,2.90511,4.45539,6.94305,5.90251
1.99891,4.49154,6.74153,2.24984,2.5551,3.67643,3.4358,2.56388,5.97395,4.51951
3.11389,4.05102,5.42191,2.17348,3.95174,6.5195,3.8084,4.31764,1.28655,3.09341
4.09503,2.59008,4.02581,3.47358,3.45681,5.15335,2.98804,5.2149,3.04542,4.1422
4.30206,5.28494,5.87263,4.06702,2.02844,2.60352,2.36783,3.80859,3.90588,4.19511
3.8602,3.11419,5.69905,2.69946,2.98058,3.24774,5.4382,3.64866,3.0021,3.22441
2.89815,4.49342,5.22088,2.89951,3.67411,3.85549,3.41403,3.30892,4.14833,3.04542
3.96564,1.06044,4.4503,2.6777,4.26223,3.3047,3.89519,4.43348,3.62765,3.90145
3.65927,3.79856,2.66213,3.57972,4.32802,3.04715,2.7637,3.67846,3.53943,4.42372
3.75848,4.72481,5.60089,4.48586,2.76332,4.762,3.86244,3.61485,3.45832,6.04052
4.38668,3.87971,4.37061,3.17215,4.13068,2.78133,1.68896,5.12094,3.88944,3.02115
4.30882,3.47135,3.88672,3.70806,3.1285,4.15222,3.36438,4.84604,3.10827,3.38314
4.20563,5.04683,3.90768,2.68605,4.3472,2.87477,4.26342,3.70288,5.39136,2.98957
5.33672,4.07394,3.14306,4.70224,4.10177,4.26048,3.53007,3.78896,6.03499,4.22448
2.26002,3.88515,3.76756,3.40637,3.93256,3.10278,2.09905,4.32128,5.46581,2.83983
2.77434,2.69645,3.83616,5.28349,3.85682,4.04029,2.97346,3.2869,5.00993,4.89631
3.53251,4.35007,3.49063,3.40947,3.44609,4.16499,2.62938,3.93183,5.09546,4.07857
3.91005,1.76023,2.45953,3.16076,4.55345,4.59373,4.69948,3.88593,3.1184,5.12702
3.68768,3.50169,3.52595,4.11919,1.59162,4.47938,6.73597,4.25102,6.06535,4.11366
4.90957,4.00185,4.24852,1.89833,2.19343,4.33167,4.07341,4.29942,4.65654,4.02499
3.6219,3.8998,3.01796,1.99614,3.60341,6.106,2.71229,2.73904,3.90359,2.9433
3.43469,5.10887,3.34871,4.94833,4.88204,3.00891,4.27849,3.90006,4.86079,3.40574
3.42412,4.8835,2.45614,6.84817,2.54287,4.5572,4.15307,4.6326,5.50451,2.76423
3.47159,5.52659,3.93375,5.46831,3.12119,4.78482,3.96793,4.6407,1.99201,5.49693
4.1004,4.28943,2.0845,2.39912,4.00794,5.47602,3.3182,4.32684,3.07149,5.90269
2.68441,4.54599,3.7345,3.54766,5.6256,2.10119,4.21046,5.68993,3.60813,2.9299
5.10391,5.17296,5.13757,5.07384,4.92186,4.14527,3.69037,2.69564,3.7753,4.48847
3.76492,3.98639,4.24722,4.04135,5.51824,4.05131,3.80562,5.02666,4.95295,3.06429
3.25039,4.34147,3.21885,3.66008,2.95127,2.71819,3.19331,4.37787,3.70438,4.82097
3.63505,4.81916,2.88103,2.90066,5.2339,4.64235,3.57369,2.25169,4.52179,4.01568
3.75382,3.8195,4.56503,3.36624,3.45096,4.8906,2.83604,3.91987,4.25068,5.05723
3.58139,5.26491,5.00812,4.44583,3.97296,4.17645,3.23207,4.0475,6.18229,3.89364
2.68345,4.38541,5.79502,5.03375,4.25228,4.24849,3.4057,4.16866,3.7659,5.14239
4.56666,4.05917,4.54674,3.62229,4.45737,3.90885,3.54203,5.65304,4.54153,4.11814
4.39541,5.89444,5.39568,4.49407,5.2054,4.61878,3.86018,3.41281,4.43264,4.8077
2.8566,3.56354,5.05821,3.53927,3.82385,3.38191,3.36688,4.78564,3.3009,4.86021
3.27997,2.82677,4.43637,5.95767,3.05406,3.6802,3.96845,4.43077,4.34438,3.49659
5.34094,4.07666,3.24044,2.87224,4.39347,4.21415,5.12562,4.72274,4.73945,5.00051
4.39327,5.6785,4.36074,5.2055,3.56916,2.27547,5.105,5.09141,5.66175,3.39212
3.05317,2.89762,4.14963,3.9857,2.97418,3.19825,3.29126,5.32776,2.99845,2.75131
3.44441,2.87592,5.08332,3.76894,4.254,5.03344,4.0467,5.00678,5.01049,2.21145
4.82422,4.49448,2.97851,5.01697,3.52112,3.32789,3.32721,3.59268,3.75954,4.28868
4.69847,3.28541,4.89106,4.08296,4.63884,5.00075,3.48517,5.80764,3.66161,3.00248
4.00628,3.66355,2.73669,1.21401,2.61004,3.03928,5.24704,3.83613,4.42975,2.6182
3.4326,4.13663,2.70547,3.31386,2.82629,3.76187,4.22696,4.32392,4.14344,4.18741
2.64362,5.97079,3.1984,3.60712,4.81774,5.01014,4.46473,3.77645,5.22064,3.43928
3.2049,3.2188,4.15243,4.00723,4.68006,3.38953,6.22522,4.63989,2.71468,5.64827
5.58575,2.71435,3.45909,4.9669,1.24746,3.19776,3.67145,4.06016,4.32674,4.35169
5.37109,5.06359,2.96987,3.16739,4.13526,3.43,5.69271,3.42503,3.37574,4.51804
4.37376,4.84788,3.54462,3.35741,3.32877,3.07956,3.23686,5.23498,3.63125,2.9334
3.09684,5.37908,4.32811,6.14584,4.41162,3.31832,3.38694,4.5131,3.68334,4.05593
3.23143,3.39176,3.59384,3.12873,4.3436,4.07241,5.05507,5.87906,5.17122,4.76995
4.73475,4.83629,2.15415,3.57211,4.27344,5.83733,3.33647,4.27426,4.25349,4.61877
2.67022,2.16951,5.40643,4.7457,3.71434,3.98592,3.56435,3.87833,3.98658,4.0747
3.06277,2.66261,3.56443,5.12601,4.78872,3.58269,4.897,3.28742,4.87903,5.01295
5.04027,4.16971,2.95515,4.11149,5.73257,2.7196,2.68711,2.74073,2.97756,3.41585
4.43484,3.8176,4.82803,5.02366,3.09926,4.40257,4.40794,3.80011,4.94132,3.26993
3.1498,4.78154,5.81371,3.89962,3.89727,2.95239,4.8017,3.78423,4.51931,5.30544
6.59369,5.1279,4.76438,3.12405,3.72375,4.81844,3.83584,4.6976,3.0164,4.96253
3.60864,4.48152,3.62508,4.7181,4.15585,2.69647,4.28979,4.46937,2.86827,3.78255
3.17067,3.07641,3.45899,3.99681,5.35766,3.94907,3.37837,4.93585,3.20811,2.7436
4.94733,3.02615,4.16812,2.74024,3.39406,4.486,2.37481,3.545,4.3474,3.19926
2.89178,3.80202,2.76887,2.90643,3.01774,1.61045,3.46315,4.5726,3.71448,5.06148
3.92455,5.33865,2.6144,3.97443,4.29444,3.41732,5.65683,3.56011,2.29251,3.58402
3.81249,3.79728,3.75877,4.57787,4.99716,3.18549,4.45088,5.56607,3.47054,4.99939
5.06848,4.20746,4.37339,3.39435,2.99232,3.65001,2.29111,2.46784,2.98566,2.9843
4.17313,3.03965,5.17436,2.61568,4.13498,5.38776,4.53736,3.48344,5.27161,5.69205
4.05042,3.2207,5.3935,2.89987,4.5266,4.41492,3.88264,2.38057,3.26468,3.21185
3.38204,4.83186,4.01613,3.10118,3.75927,2.76941,3.91517,2.34112,4.83569,4.76438
2.03176,2.81834,4.8186,3.69824,2.2895,3.15624,3.89846,3.21961,3.64076,4.00768
4.06676,4.82394,3.15746,6.21587,4.94523,2.25529,3.22436,4.57623,3.25416,3.08525
3.61302,2.92568,3.37499,3.57701,4.26689,4.25816,3.14466,4.64356,3.20696,4.97697
4.7624,5.53855,5.1157,3.54638,2.65596,3.89455,3.4401,4.16061,4.04516,4.09616
6.2193,3.30484,5.40321,4.02358,3.58919,3.81467,3.45022,2.87658,4.27795,5.32925
5.11235,3.29,3.11427,4.69264,4.38726,3.14062,2.20165,2.96409,3.08323,3.43739
3.83077,4.57553,4.55835,3.19671,3.45961,2.13339,4.19662,3.03613,2.65472,5.64023
3.84371,2.85549,3.42411,2.85596,3.3708,5.25616,3.3345,3.10869,5.69556,3.98089
4.75696,3.21706,3.66891,3.76118,4.24871,4.76503,4.26729,6.12747,3.08173,6.0275
4.10596,3.74153,2.99336,3.51817,5.26853,2.64947,3.93944,2.47652,4.94404,3.46936
3.72786,2.52021,2.05184,5.03524,4.18827,4.3255,4.64354,2.77343,4.89118,4.23799
4.82186,5.15509,4.632,3.46999,4.05169,4.83687,4.58917,3.9827,4.14744,3.16575
4.65973,3.83165,2.47258,4.82595,3.2759,5.44543,5.88881,3.01558,3.65669,3.76312
4.60163,4.25283,4.17799,4.79498,4.22576,3.8654,4.03361,4.20582,3.38286,4.99638
4.17308,4.94502,4.39299,5.15054,3.41944,3.87831,3.44154,2.41984,4.2457,2.57642
5.50252,2.1907,3.2939,1.82028,6.1235,4.35129,5.25176,3.50101,3.86157,3.46743
5.90753,3.56113,4.63487,3.41452,6.14381,2.54429,1.99774,4.54856,3.64102,3.54302
3.81419,3.4068,4.73925,2.7933,3.47669,2.68758,3.94851,3.634,3.0284,4.35387
1.77585,2.63729,4.90661,3.46451,2.91813,4.29443,1.81675,4.04702,3.74558,6.91411
3.39652,2.99198,3.47832,2.84575,4.55561,3.72509,3.65008,2.74556,3.3887,4.26122
3.8044,4.00913,5.22075,4.24035,3.96299,4.4952,4.1144,3.87698,3.23094,4.44185
3.67044,3.52478,3.79253,4.54135,3.88625,6.03564,6.12579,4.19818,5.17735,3.1434
4.5612,5.60337,3.37673,1.75373,3.53402,3.45632,3.75964,5.07682,6.13186,3.63635
4.06813,3.95751,3.70658,4.35063,4.69556,4.34656,3.68651,2.91107,4.19321,3.5544
2.56324,4.85609,4.08177,6.07328,4.84723,4.64625,3.73826,4.51643,4.15122,3.49496
3.85136,2.81247,3.50332,4.05435,3.04843,2.85937,5.17736,5.10344,4.19666,5.85353
4.74505,4.88875,3.51908,2.35426,4.59009,6.02625,2.6208,4.45572,3.63423,5.58738
3.38111,5.28315,2.68976,3.69438,4.12402,4.26013,4.59932,4.26625,3.81646,3.5607
3.32265,4.7461,6.01571,4.19927,2.14105,3.729,4.87977,2.7625,1.1463,4.27632
5.16896,4.53602,3.0208,4.3954,4.50168,5.11383,2.79576,4.39717,4.24814,2.60245
3.33299,3.09076,3.96985,6.45466,4.82898,4.35551,2.53715,1.71174,4.74733,4.79916
3.2951,2.14518,2.7418,5.19958,4.07951,4.49829,2.74222,3.57432,3.36899,4.23791
4.7869,3.73638,4.37669,4.23747,5.11768,5.54441,5.57307,4.585,3.53179,2.9046
5.16523,3.44864,4.26675,3.96044,4.20815,4.85443,6.03812,4.69371,5.54363,4.42764
3.20171,2.75765,4.1364,3.32572,2.52298,4.67993,2.35907,2.31872,4.30583,3.88998
3.56324,4.38046,5.31651,4.53329,3.95139,2.94407,3.70565,2.27386,3.59794,4.63044
3.48762,3.78533,4.36257,4.71559,4.66157,5.17848,3.63498,3.12136,4.71916,4.30551
4.82237,3.55338,3.88121,2.48508,4.58921,1.91451,3.70037,3.78966,4.80938,4.79558
3.10179,3.24328,2.50406,5.24192,5.31003,1.81857,2.9469,5.02001,3.60897,4.26408
3.86523,3.10659,3.45291,3.94821,3.61062,2.75617,4.45139,4.82958,3.33023,1.96584
4.61378,3.8716,3.76797,3.3286,4.63479,3.70907,3.81878,3.45548,4.24414,4.95522
4.73737,3.59996,3.77438,3.43086,3.23859,3.68647,4.22278,3.85903,4.23352,2.79147
4.116,3.48119,5.26889,4.90224,3.92686,3.65168,4.9039,4.10068,4.99189,3.5742
4.61778,4.45549,1.80544,3.97125,4.04593,4.1274,4.3194,3.36536,2.96881,4.35249
4.36055,4.08366,3.57405,4.5137,4.0842,3.8109,6.95983,2.62354,4.80545,4.50595
3.70558,3.23616,3.41289,5.73237,3.11912,1.02327,2.86999,3.65583,5.36592,4.09248
4.97073,4.50118,2.36583,4.7642,4.55531,4.40815,2.42421,3.41797,4.41323,4.73413
3.44505,4.32072,4.23444,4.45542,4.19719,5.12684,3.62104,3.79343,3.04789,5.65835
3.92571,3.58964,3.22358,3.44004,4.27378,5.21044,5.02554,5.00023,5.16932,4.57073
5.17512,3.40266,4.3435,4.13264,5.65643,4.3338,5.29,3.23376,5.68363,4.35458
4.54548,5.7138,3.01778,5.18974,3.94928,1.81395,3.85368,3.80794,5.66385,4.79516
3.95123,4.07419,5.67818,5.53427,4.55141,6.87887,5.25019,3.7011,2.86279,4.46637
2.35533,4.33278,2.69404,5.23203,4.6402,2.13414,4.73648,5.14661,3.72356,3.64963
3.97308,3.84716,4.69719,4.82323,4.26145,5.16594,3.7516,4.43111,3.43084,4.49073
5.32261,2.55638,3.7312,3.4844,3.49251,3.86293,1.95822,3.27268,4.64728,1.4996
2.31415,4.02953,4.45405,5.67542,3.2344,4.89135,5.85794,5.75057,4.17541,4.15238
5.45857,2.42728,3.11746,5.14476,4.3724,5.21342,4.02238,5.19848,4.49408,2.67496
4.17615,4.02508,4.3132,5.33031,5.07681,3.63375,3.6805,3.4906,4.98703,6.02222
3.09314,3.85414,4.84695,3.84182,3.64194,3.27145,3.38291,4.19813,5.38651,2.59302
3.73737,3.63369,2.27303,4.08504,2.69112,3.42801,4.48248,3.99617,3.12754,2.88849
3.27384,3.07458,4.1272,2.79522,3.32062,2.84831,4.37949,3.46076,4.9449,3.72392
2.67717,3.14282,4.91907,4.076,3.60715,4.24719,3.87584,5.24681,4.26737,4.94078
3.0764,4.75863,2.44993,4.25347,4.70103,3.84023,1.9836,5.08129,5.19356,4.25701
5.62504,4.71864,3.18536,4.21328,5.309,4.33312,3.73515,3.58713,2.70326,3.25898
3.55109,4.30309,2.24306,2.02975,3.12672,2.91121,3.60091,3.12901,4.84981,3.4614
4.42849,4.01057,5.05654,2.66419,4.57505,3.93388,3.41428,2.97035,3.70419,4.47824
4.51816,3.53118,4.63261,4.29884,4.03202,3.66144,3.70457,4.14266,3.97344,3.59839
4.02922,2.25477,3.67383,3.90581,4.24102,3.77178,3.63162,2.58124,3.2627,5.04261
2.95369,4.55758,5.58845,4.25719,3.03461,3.29708,3.90874,4.28537,4.05364,2.03692
3.23867,4.81222,3.09429,3.31273,4.02764,4.35061,2.65849,3.40451,2.03633,5.55125
4.6439,2.97885,3.89997,3.16658,2.57154,4.37606,4.29464,3.2459,2.10463,3.0668
4.38509,5.33343,2.00081,3.41151,3.05477,2.50523,4.21153,4.48294,3.66837,6.11302
4.57195,3.45076,5.27931,2.59803,3.00356,5.17374,3.09248,3.65757,2.59843,3.2367
5.72726,5.04157,2.75902,4.29598,4.09386,3.73868,4.56704,3.6537,3.45863,3.14517
4.74668,4.3492,2.26077,4.30141,4.73887,2.26418,4.38079,5.04081,4.48408,2.33565
5.1532,4.26791,3.16565,4.03236,4.32175,5.61581,3.42963,4.90443,3.36108,3.66805
4.51159,4.32987,5.45936,5.14032,5.35377,4.03373,3.5762,3.78578,4.36365,4.76908
5.44353,4.06125,5.2109,3.70671,5.6255,5.7964,4.39501,2.53426,4.72926,4.40533
5.01074,3.27621,3.70514,5.23412,5.02038,2.98671,4.27892,4.68386,4.32294,3.95204
5.27926,6.35393,4.68458,2.36109,3.21335,2.05601,4.34572,5.21671,3.54764,4.03211
4.07913,4.68178,4.13911,3.34749,3.37211,5.62903,3.2652,3.29628,3.83999,4.11873
5.52042,4.71153,3.90275,2.66835,5.94545,4.62388,4.4136,4.16057,2.96879,4.29392
4.42889,4.34559,5.53331,5.64186,5.10781,2.10562,2.66673,4.02847,3.1325,4.16507
2.80221,4.33589,4.11504,5.00754,2.5819,4.11309,4.5858,4.68333,4.52666,3.16134
3.58452,3.73,2.25783,5.42583,3.20858,2.56945,2.22075,3.88055,4.57451,4.461
5.55393,2.81487,2.79463,4.51375,3.37706,3.17881,6.64822,2.42003,5.01244,3.98398
4.08497,5.61283,3.62936,4.50362,3.90072,3.47183,3.54961,5.00961,4.05286,3.93633
4.02561,3.57621,2.34168,1.69572,3.53702,4.01812,3.16161,4.25681,6.3799,4.63701
3.80786,2.43635,4.01424,2.59461,5.19141,4.64075,5.60449,4.89281,4.42048,3.06738
3.69171,5.01971,3.8337,4.98961,3.43708,3.07109,5.20496,5.13443,3.86603,4.81197
5.5249,3.28783,4.13383,4.31787,2.52402,3.21433,3.31643,4.37297,4.2282,4.61224
5.7837,1.5789,2.64182,5.05612,3.6753,4.81527,2.62273,5.48432,4.57796,3.55921
4.68412,4.44211,5.02613,4.9809,3.28991,6.25146,3.8806,4.85295,3.88965,4.98874
5.13302,4.41509,4.66151,4.49113,2.31698,5.01086,3.20621,3.13721,2.71998,4.09532
1.90759,4.01589,3.3207,5.45146,4.04151,5.43547,4.19669,2.7961,3.46867,5.39802
4.17671,3.87808,2.8014,4.60565,5.20387,5.34885,3.92666,3.5565,3.38722,2.74007
3.98721,2.88191,3.47808,4.55207,4.67621,4.13535,4.20637,4.01232,4.83969,3.07505
3.99079,3.93953,2.78536,4.47562,3.99639,2.28625,3.67952,4.36278,5.68607,3.57066
3.2668,4.46167,4.19927,4.95731,3.93728,3.98919,4.64347,2.96592,5.90262,4.14284
4.30273,3.96115,4.81966,4.68699,4.5377,4.51432,3.99328,4.87151,3.57646,6.34627
5.14101,4.16735,3.69207,3.70384,4.40612,5.05679,3.88758,3.04052,4.81263,3.32071
5.62114,4.11719,3.0668,4.89103,5.03381,4.31887,3.51508,4.6967,3.33661,3.69826
1.9029,3.86991,3.00825,3.08989,6.60569,3.21983,4.30313,4.94307,4.08705,5.46724
3.62998,3.73796,3.99267,2.95644,4.053,4.50464,4.31063,1.98155,5.27102,3.61238
2.92052,3.45412,6.39067,3.37139,4.3373,3.37866,2.95906,3.73258,5.63975,3.67281
3.64159,2.71171,3.47818,4.62728,2.3809,4.88356,3.13585,3.13114,3.39382,3.33703
2.8243,4.54593,4.72132,3.91611,2.02941,2.93509,2.74093,5.0866,3.35573,6.08122
4.54836,4.64925,2.97839,3.7031,3.23912,5.19412,3.04668,2.88491,4.60896,5.24443
4.02378,5.29712,4.93429,1.93937,3.31792,4.33024,3.70852,3.00302,3.91072,2.96767
6.39666,1.995,4.28604,5.20864,4.31515,5.14046,4.72595,3.65687,4.53037,4.22834
3.27282,4.97555,5.68285,4.70717,4.02896,4.77544,3.95145,2.55172,5.11915,5.8492
2.76514,2.90575,3.46935,2.50005,3.68731,2.75736,7.08599,5.21998,3.21092,4.21497
1.79212,4.28233,5.35056,5.29337,2.58804,3.49495,3.67058,3.43386,2.9239,3.12913
2.33711,3.93124,4.3883,3.64625,7.0392,3.42463,2.78952,1.67637,3.89557,2.93782
4.24858,3.69217,2.71186,1.936,3.66022,4.45922,5.59546,4.02039,5.03635,3.74216
4.47424,3.2992,5.04596,6.27716,3.52977,4.88664,4.14105,4.04819,3.15541,3.73297
3.84348,4.43843,5.368,3.13416,4.17088,2.87769,4.46177,3.09485,5.62433,4.61919
3.10951,2.8912,4.83847,2.80171,3.50731,4.63322,3.52476,4.49951,3.52688,4.1074
4.27748,2.63583,4.25439,3.64289,3.71828,3.29533,2.66475,5.00686,2.63723,2.52763
3.20322,5.44368,3.66255,5.41349,4.04103,4.19444,3.44331,4.41557,4.00369,3.67864
5.04251,4.13427,3.32921,4.1642,4.85756,3.75382,5.07739,4.57758,3.95781,5.345
2.9521,4.64588,5.76259,3.21884,4.14282,4.7166,2.97295,4.10426,3.21471,3.96019
3.30262,3.0055,5.84475,2.53256,5.46354,3.6997,3.34257,2.9939,5.32602,3.33022
2.89325,3.92381,2.69073,3.3768,3.26251,2.55722,2.20715,4.87238,5.27227,1.07612
4.39879,4.24374,3.4814,4.20399,4.82913,5.02438,3.63251,2.61326,4.87234,3.21056
5.01926,3.04178,3.20109,3.96058,4.02494,5.92909,1.80308,5.65642,3.44938,2.54857
4.46195,4.36642,5.22311,5.54413,4.03331,4.59677,3.82893,3.32587,4.27713,4.77254
2.69728,4.15995,3.98066,3.14288,6.05144,3.84336,3.69539,2.63354,3.74884,1.99094
4.2551,3.12279,4.92645,3.79227,3.61645,6.1532,4.23378,2.11181,5.137,4.9089
5.11764,3.91952,5.27317,3.05445,3.73219,3.51324,6.29906,2.4452,3.05637,3.42626
4.25325,3.48869,5.08709,3.1966,4.50077,4.35163,3.4469,3.55396,5.59834,3.86808
4.6268,3.79132,3.66359,3.2371,5.35627,4.44585,3.8778,5.08859,4.41174,3.90687
5.76635,5.41196,4.98437,2.16158,2.96172,4.52973,2.86377,3.79256,4.19781,3.02869
2.6562,4.5308,4.05559,3.17969,3.23882,3.41344,3.32831,4.38754,6.77576,5.45156
3.67622,3.91965,4.73873,4.04234,4.1422,4.80253,3.61594,4.75708,4.8084,4.20532
3.861,2.2784,5.32876,3.18838,3.73094,5.27956,3.66146,4.78463,3.94663,4.96959
2.52453,4.02413,4.46952,3.52153,3.90497,3.71854,4.73815,3.33702,4.27926,4.294
4.10924,3.03556,4.86755,4.8468,4.45064,3.88209,3.9573,3.09316,3.55722,4.16616
4.76011,4.42867,4.92384,3.22019,3.96917,4.50711,5.16242,3.9933,5.0938,2.83859
3.51451,2.83443,2.75173,4.77363,3.13028,4.93854,4.68205,2.26988,4.09051,3.62058
2.26989,4.79888,3.10908,2.80568,3.98437,5.11248,5.93348,2.38336,3.51417,4.52121
2.30565,4.85619,3.55428,3.03129,3.54476,4.43449,4.493,4.2302,5.59292,5.25422
5.54611,3.67748,2.85069,3.55497,4.42164,4.58507,3.78755,4.49547,2.24836,4.65957
4.95034,4.17465,2.76558,3.8569,4.1976,5.53718,2.96892,2.79157,4.19748,3.23326
4.02718,5.01933,1.82566,4.85589,5.35025,4.9501,2.6548,3.64348,3.41613,3.74058
2.56661,2.18831,4.59431,3.85868,5.45197,4.23564,3.23442,4.20626,6.71855,4.12672
5.00262,4.40149,2.63027,5.16765,4.25715,4.56941,3.17273,4.70105,5.99983,4.60473
4.17807,4.68474,4.08886,3.26683,3.93798,5.6306,4.42112,3.34904,4.15213,4.4274
3.52539,4.07939,6.60774,5.09363,4.55846,3.92839,5.1132,3.11364,3.99332,4.66305
3.16429,3.55324,4.435,4.46447,4.34526,4.32288,3.61799,5.53651,5.474,4.34432
2.78007,4.85935,4.59638,1.76731,3.23939,5.99923,4.97735,3.72256,3.04756,3.54521
3.4176,3.49142,3.93236,3.97936,1.82725,4.18591,6.26948,4.75969,3.74353,4.68195
4.65273,3.44019,3.94804,2.84155,3.05927,3.65833,4.31095,2.51148,3.64255,2.98872
4.87785,4.04479,4.0626,5.99958,4.20201,3.3266,4.85393,3.13286,4.16802,2.34542
1.61739,5.44614,3.95599,4.54169,4.69069,1.00895,3.62796,4.777,4.53559,4.92618
4.21093,3.87064,4.26325,4.57661,3.30338,4.1765,4.78434,4.2721,5.3511,4.80946
4.19526,4.48494,4.02062,2.94449,3.82772,3.80211,3.9555,4.93615,3.38301,4.16393
3.44913,2.69158,4.04465,4.62149,4.65472,4.43959,4.00011,5.91603,5.32412,3.64449
5.42929,3.6673,2.29121,5.4322,3.60205,3.84027,3.87351,4.03757,5.37698,4.03297
4.03517,3.33521,3.46192,3.19924,2.70496,4.96496,4.20414,3.05704,4.88126,4.30058
3.44005,1.84247,4.1646,3.72604,3.83744,5.30657,5.31199,4.08127,3.75638,3.71977
3.73497,5.51655,4.27954,3.50732,4.87091,3.00491,3.271,5.40634,5.31312,5.27151
3.99401,4.72663,4.56548,4.34809,2.87046,3.30645,3.01834,2.37597,5.10387,3.89034
3.67865,1.81716,2.81515,4.33643,3.04064,4.36976,5.19676,4.3178,4.72917,2.77411
3.46464,1.90506,4.18061,4.22003,3.92548,5.00149,5.06241,3.58693,4.27858,3.21325
4.07554,5.33217,2.74405,5.03121,4.63688,3.27406,2.12821,3.57997,4.26239,4.0856
5.28095,3.79369,3.54008,3.80864,5.93144,5.20246,2.8335,5.66437,3.44509,5.73074
5.20398,4.06404,3.86389,3.981,3.69971,3.69662,5.56129,2.20184,6.7674,4.52951
2.94723,5.64862,4.50032,4.7077,4.03636,5.13136,3.32842,2.10085,2.58006,3.34716
5.0641,3.07039,3.51862,3.03702,3.36255,3.48402,3.57325,5.19324,4.4507,2.72022
3.77697,3.86366,3.06246,2.1154,3.65524,2.62657,4.62512,4.11513,3.77885,2.54887
5.66993,2.73185,4.25989,5.31802,4.68892,2.33825,3.73932,3.37012,2.80645,3.08462
2.32587,3.55948,3.90915,5.96017,5.99662,4.07981,3.86162,4.20489,3.82623,4.02342
4.65944,3.14986,3.51944,5.09414,3.81014,4.06567,5.72749,4.77042,4.84791,3.37048
4.92559,4.79186,4.70099,3.45766,5.32971,2.81039,2.65681,2.85642,4.20767,4.64707
4.00395,4.16897,5.45215,3.84098,2.71498,4.49849,4.66611,3.34068,3.49673,3.24958
4.60225,3.83792,5.7938,5.34695,2.70414,4.59095,1.64116,1.53644,5.26931,3.36608
3.63584,2.7402,5.63604,3.11591,2.24742,2.55061,5.45511,5.07655,5.82454,4.30795
5.0134,3.82191,3.80218,3.26953,6.47819,3.53002,4.19404,2.65184,1.74839,4.06365
2.39211,5.24799,3.43262,5.3682,1.82798,4.0245,4.24433,4.49605,5.35518,1.88605
4.02852,4.29221,4.22021,3.77813,2.54362,6.08537,2.64009,2.77896,2.73088,4.18616
4.07746,5.10692,4.94945,1.74656,4.41146,2.34989,3.60451,5.0171,1.6965,5.62407
2.7958,3.38539,5.16289,4.54644,1.9237,3.35581,4.67361,3.46761,4.79953,4.64321
5.33709,2.16017,2.81782,3.92961,4.3663,5.03802,4.58649,2.84187,4.28728,5.66424
2.23966,5.21239,5.07091,4.95354,5.00863,3.4152,4.60346,4.33789,4.47652,4.11757
4.80246,3.67563,5.56057,5.85707,2.94558,3.54209,2.93898,3.36898,3.70697,2.85747
3.32146,3.82255,3.13489,2.99535,3.95915,4.04149,4.1963,4.03345,3.59949,3.55454
4.41849,4.34162,4.66357,5.45575,6.34542,3.39893,5.7224,3.52013,4.08699,3.4744
1.92219,2.82539,5.56532,4.81848,4.09873,3.13169,1.80876,2.89981,2.68943,4.6391
4.58227,4.48077,3.01481,4.56005,5.06152,5.37427,3.05778,4.54622,5.34188,4.06255
3.63122,2.64401,2.8957,4.13563,3.74767,2.24167,1.81986,2.59984,3.42629,3.86224
5.09371,5.42,3.80487,3.43793,3.68036,3.76703,4.56835,4.0845,3.87959,2.42181
3.04505,4.53018,4.20583,3.65831,3.86683,4.83691,3.07575,2.79313,3.80776,4.97275
4.09161,3.38293,2.84645,4.02487,5.50052,4.0398,3.84711,2.60164,5.80614,3.63934
3.61584,4.01302,3.33969,2.37981,3.69856,3.47353,2.66789,3.70632,3.01304,5.37191
5.18583,3.5774,4.97893,5.07379,4.48872,2.50558,5.35213,4.14361,6.2539,2.31808
3.04665,3.98645,4.16834,3.97382,4.02993,5.20918,5.21928,4.21079,2.41636,4.82988
4.64411,2.37061,3.07167,2.82975,4.4571,4.69125,4.48827,4.28348,4.51849,4.27627
2.69403,3.25275,3.82108,4.78179,4.81769,3.19934,4.09894,3.36154,4.24493,3.47605
4.62747,4.47225,3.87416,5.40984,3.6633,3.17875,4.19463,2.66534,5.07448,2.53833
4.89543,4.8078,5.81621,3.29134,3.84289,5.45416,3.93853,4.50491,4.71956,5.07582
3.44734,3.1713,3.37329,4.75211,3.53969,5.16535,4.49411,4.20993,3.24913,6.37614
4.25819,2.90656,3.97919,4.54189,2.34608,4.54423,3.69875,3.20344,4.937,3.73629
5.24537,2.52449,2.20262,6.68705,3.07711,3.91018,3.98693,5.00402,4.76555,4.16805
2.771,4.22485,4.27655,3.91311,3.3864,5.42991,2.25477,4.44547,1.72844,3.64772
5.20339,3.60877,4.15741,3.94313,4.33312,3.61702,3.26423,4.73636,3.04236,3.38375
3.19741,6.8722,4.04922,4.51477,3.75706,3.22504,5.57888,5.16813,4.83171,5.64336
2.94579,4.45474,4.13972,3.07113,5.22431,4.89532,4.23783,5.31399,5.46017,4.07919
3.52914,3.75847,5.2317,2.15516,4.08781,3.61822,2.44313,3.60924,4.62796,2.86418
4.97068,3.97548,3.5113,3.61042,4.67885,3.6839,2.03618,6.39638,5.37398,2.78189
4.63925,3.97237,4.98011,3.82408,3.37443,4.10781,4.26555,5.55376,4.96987,4.67449
4.36244,3.84208,4.07762,4.22445,4.22574,4.33056,4.62098,3.90002,3.04704,4.63197
4.22175,4.51678,4.61559,3.65551,3.89451,2.30793,5.44114,4.30839,3.80114,5.4807
3.39821,4.22321,4.0816,3.10732,2.78655,2.83276,4.47378,3.44623,6.32213,4.09549
6.86339,4.69778,4.58248,4.00343,4.21386,4.98879,5.77862,4.92243,3.94931,2.37729
3.77678,3.07517,5.75099,3.71017,2.68301,3.49375,4.44971,3.08094,4.47403,5.73063
2.9561,3.43401,3.76175,3.6541,6.70609,2.85603,2.66391,4.20774,3.66709,3.68692
3.7856,6.09338,3.78192,4.49366,4.24384,4.9116,4.15046,4.68455,2.72234,3.49232
4.24349,5.12398,5.47585,5.31474,4.98077,5.69052,5.64907,2.52004,3.73228,3.80201
4.69608,2.61024,2.22739,4.43498,2.84931,4.09908,3.34372,4.2645,3.39879,3.62212
3.49019,4.42071,3.02886,3.32887,3.78018,6.12308,5.37815,6.62295,4.26251,2.66192
4.1086,2.36825,4.13538,3.85073,4.04085,5.76105,3.46537,3.73724,3.53431,2.95907
3.47417,2.6914,2.60878,4.78141,3.37787,3.80589,4.45438,4.63266,4.69943,4.94823
4.3849,3.43508,4.39588,5.7523,4.69737,3.21038,6.01857,4.89255,4.7014,3.98409
3.39763,3.65054,4.87086,3.42796,4.32514,4.1091,3.43677,3.54775,4.4585,3.72923
4.69336,3.31161,4.46221,3.88525,3.29946,3.65396,4.50215,2.41153,3.47732,3.25889
3.01271,6.0899,5.08375,4.11003,4.30793,3.19858,4.29684,2.91393,3.96271,4.15972
3.71831,5.26929,4.67855,4.07232,1.60456,4.37486,4.457,4.6288,3.42111,3.55751
2.64407,4.50801,3.33861,4.70653,4.37927,2.239,3.90741,4.43617,4.05635,5.24964
3.99981,3.76518,1.96131,2.7262,3.0879,5.46077,4.03544,2.77296,3.33527,4.84427
4.53816,3.80848,3.63335,5.57546,4.06925,4.44154,3.65071,4.61837,4.55523,5.18661
3.17421,3.13753,2.43442,3.63436,3.74865,5.43191,2.5779,3.11307,3.87437,5.30868
4.9494,4.81488,4.296,3.1213,4.94174,5.15407,2.4454,2.82321,2.73593,4.89178
4.72451,2.6972,3.95365,3.66152,3.77197,2.38331,4.76262,3.51249,2.93831,4.13459
3.74636,4.76261,6.55059,4.72306,3.53139,1.41996,5.00268,3.22101,3.67908,3.33393
4.59175,2.92382,4.61489,3.89267,4.75755,4.65538,3.39162,4.10782,4.74674,3.69609
3.96204,3.04651,3.00855,4.53824,3.6979,3.89171,3.92107,3.20209,4.20684,3.74184
2.0948,2.68275,3.90891,2.7877,4.42398,2.55184,3.47893,4.90407,3.86356,1.96578
4.45757,4.5713,5.10785,4.38659,1.96507,6.3179,3.03977,4.24239,5.44347,6.13159
4.73004,4.59047,4.97527,3.09177,2.2204,5.41724,4.07022,4.61465,5.88468,4.31319
6.49765,3.70007,3.89094,4.61257,3.88257,3.94593,3.72988,4.25712,6.02057,5.32063
4.04625,3.07966,3.92443,3.43619,4.98996,2.57838,5.84189,4.69809,3.57403,3.28876
1.82269,3.13854,5.08439,4.36171,5.06962,5.26562,3.30837,5.78105,6.34093,3.49289
3.95303,4.44541,1.59516,4.90537,4.4796,4.96577,4.36829,4.53738,3.6041,4.08761
4.53363,5.50924,4.61,6.13901,3.86033,3.99529,4.15761,4.18391,3.90202,2.53051
3.14269,2.85179,5.46719,3.9375,6.23429,2.62202,2.25859,3.47012,3.54457,1.91664
6.64167,3.25863,3.25716,5.14947,4.68869,5.11255,5.74439,5.05751,3.11374,3.81575
3.57152,3.23464,5.23617,2.21511,3.44532,2.91596,4.22429,2.68928,2.97683,3.29894
4.85143,4.2257,3.52707,4.69605,4.91885,4.88754,3.97867,4.15797,3.44073,5.4713
4.35789,4.90242,3.89974,2.85984,3.66438,3.69529,5.13504,3.92337,3.55771,2.70988
3.17741,4.60552,3.63592,4.4242,3.29332,4.25505,3.60811,3.97596,4.60787,4.50589
4.20982,4.65698,4.11717,6.41521,5.21743,2.03248,2.55554,5.09124,5.2155,3.24535
5.11228,1.75345,5.20759,3.26398,3.91263,5.31454,5.39753,4.21157,3.08615,5.87935
4.36343,3.8277,4.24089,3.35381,5.55124,4.78026,4.80818,3.60392,3.57102,3.39359
5.19944,3.85277,3.86086,2.81795,3.48516,5.48028,3.18045,4.1426,4.75154,4.74812
4.10774,3.96488,6.22325,4.12755,4.30591,2.94257,4.32548,5.33582,3.75911,2.30055
2.48485,5.17155,3.50984,3.84065,4.44224,3.4638,4.65753,4.9494,2.31413,4.36039
3.95208,4.57481,3.29899,3.44465,5.28405,5.18081,5.57907,3.48648,4.04262,4.88578
3.87876,4.50977,3.47738,4.02251,3.56595,5.14317,2.7831,4.83151,4.69058,4.00408
5.17329,3.48326,4.03558,3.67526,5.43959,3.12918,2.58633,4.40476,4.28544,5.54733
2.9145,3.90487,0.407786,2.75698,3.62423,4.06572,2.71353,4.50946,4.46287,3.29905
4.22029,2.79527,1.7901,3.77743,3.66803,4.34085,4.23808,4.1326,3.3747,2.8235
5.09675,4.88705,6.00238,5.31045,3.36975,3.67124,3.55954,4.28365,2.93063,3.76867
3.66726,3.0799,4.42129,2.30433,3.14364,4.46481,2.4256,4.80815,2.46397,4.25022
5.34719,2.70848,4.69621,2.75283,3.74749,4.3256,3.00247,2.83262,6.34267,1.10196
3.32361,4.54417,3.89285,3.99671,3.87987,5.10658,3.09225,3.4831,4.38364,3.58745
6.2076,4.49436,1.04902,5.77405,3.63718,2.394,4.80409,5.28122,3.45755,3.83268
4.35843,3.83974,3.51269,2.72042,3.62005,4.26452,2.77326,4.00037,4.90654,5.14515
4.3604,3.55721,5.67742,3.3032,3.98585,3.38163,2.70364,3.11185,3.77603,4.51279
4.95798,3.89448,4.89762,3.71001,2.83528,1.724,5.51199,1.91834,3.12982,7.42881
3.39099,3.11907,3.45216,3.29508,4.99429,5.33996,3.08942,4.01743,4.51401,5.04363
4.01927,4.80742,3.44275,3.97803,2.62451,2.8848,3.06177,6.38696,3.2521,4.39517
4.43937,3.01314,5.23375,3.36582,5.02721,5.14526,3.58719,3.85595,4.8624,5.01979
5.30889,5.13095,4.52038,5.42678,2.47763,6.10899,4.24695,4.53021,3.73634,4.62093
3.09847,3.87605,2.9826,3.23242,2.0527,3.51127,3.10628,4.58954,4.90093,3.66274
4.90268,4.29481,4.24386,3.60893,4.78156,5.41304,2.92029,4.59759,3.27899,4.33093
5.08365,2.82955,3.23584,2.73421,5.88302,3.73594,5.01554,4.01147,4.26442,4.74508
3.29989,3.33422,3.5382,4.96693,4.29877,3.78205,3.70771,4.77783,2.92885,4.36845
2.70944,2.74232,3.39962,3.45235,4.83048,4.00117,4.88656,4.23806,3.04515,5.0797
4.78309,2.55147,2.95125,3.84945,5.45193,3.34337,3.34962,4.13835,3.77803,5.43737
0.940602,5.01779,4.65631,4.6017,2.67761,5.70094,5.53733,3.03509,3.0952,4.85536
3.64123,3.91366,4.17163,4.88004,4.49453,4.0542,5.8248,3.16433,4.30513,4.69299
4.43307,4.83217,4.25533,3.7756,5.70855,4.85331,4.34577,4.4666,4.58482,3.1027
3.67393,4.42658,4.15814,3.13799,4.49717,3.54956,3.79841,3.88119,2.7263,5.08661
4.69672,6.01045,4.04455,3.57761,5.11088,2.41747,2.82388,3.6961,5.85664,4.71444
4.83064,3.00362,4.8164,3.70158,4.98639,5.19077,3.17791,4.45755,4.46405,4.55643
4.02978,5.23977,2.6936,4.29758,5.95025,5.43458,3.29526,4.56498,2.40318,4.24288
5.14128,4.16238,2.6666,4.709,4.17134,2.6187,4.37058,4.42176,5.41485,3.59381
2.78011,3.4549,3.03316,4.26708,2.6355,4.20826,4.63393,3.76522,4.77076,5.14376
3.6607,3.50825,5.19494,4.82188,3.59168,4.37213,4.27204,2.94371,3.80483,5.2695
3.28261,3.12185,3.08072,6.46614,3.81184,4.46009,3.67744,2.65753,3.64705,4.91186
3.92079,4.59652,3.38799,4.55017,4.06084,4.71582,3.03321,5.18622,4.58462,3.86714
3.97215,3.66298,4.66496,3.382,3.08856,4.66944,3.48897,4.96269,2.05806,5.46892
4.5995,4.85195,6.20901,4.64917,4.15246,3.69655,4.5683,6.02442,4.7782,2.5351
2.4864,4.7209,5.32398,2.27379,4.43898,5.18813,4.22346,4.37949,5.46923,3.21996
5.35418,4.27054,4.82496,3.63753,3.28779,4.9476,4.24037,4.00033,4.36007,3.67643
2.50038,3.74714,2.98808,3.36359,3.28678,3.76233,5.74902,4.74867,4.76738,3.75195
6.09824,5.93004,3.38071,2.69761,5.57205,4.44159,3.16922,4.09924,3.27515,2.09839
3.48969,2.85143,3.71315,5.49345,3.18294,3.71775,4.71029,5.66591,2.90397,2.58791
3.05673,3.76093,5.41232,5.22214,3.38093,3.56836,4.34211,2.19681,2.96936,3.92661
2.98217,2.17414,1.11735,3.28885,2.07215,3.48305,4.59855,5.78993,4.89461,3.97405
3.30903,4.23733,5.57378,3.44665,3.29867,3.72425,4.15019,4.1531,4.88912,4.77603
6.83518,4.59457,3.9919,4.63604,3.02484,4.28419,3.97331,3.6875,3.70652,4.5319
2.44958,4.82193,4.50788,5.05314,3.63238,2.93444,3.92934,4.98092,3.12906,3.71886
4.49242,5.07053,4.62332,2.01675,5.2712,4.7278,2.28723,2.83441,4.18867,5.81299
4.97854,3.45351,1.92385,2.79153,3.66379,3.17573,2.77509,4.36822,2.99979,4.94299
6.28358,4.11389,5.08487,3.13447,5.20872,4.03183,4.51435,4.37512,2.90827,3.06321
5.2124,4.54525,5.02355,4.07838,3.53173,4.13411,1.78731,4.51918,4.39831,3.5738
2.59845,3.22939,4.43932,3.96196,3.88943,2.97799,3.10814,2.66,3.46603,2.39858
4.84602,4.45271,5.05686,6.44017,3.12005,4.03674,4.90567,4.07467,5.27444,2.82482
4.74298,5.02904,5.30253,2.44794,3.58636,5.20962,3.33431,4.63302,4.80839,5.70631
3.13529,4.97493,5.01587,5.25395,3.72975,3.30405,5.15417,3.88087,3.13184,3.20187
4.734,3.53242,3.71375,3.82378,3.64366,3.9563,5.37206,3.50945,4.52959,3.70262
1.62319,3.7936,2.06853,2.77506,3.98427,2.37482,3.22446,5.76747,2.98136,2.6204
4.27041,3.93738,4.18961,3.66111,6.35994,4.65793,4.15279,4.37128,4.05713,2.21637
4.47546,4.01479,2.68277,4.85833,4.01836,2.51863,2.07905,3.9259,4.60437,3.14666
5.88604,2.87152,4.21173,3.85927,3.55891,3.91849,3.78018,3.41729,3.51586,3.19183
4.75234,5.41607,3.83082,3.10653,3.26357,2.04229,3.57157,2.65582,3.08479,3.0613
3.2934,4.24823,5.2135,5.08082,3.07696,3.41366,5.80795,5.37897,7.24071,4.03603
2.73757,4.99242,3.65651,3.76748,3.5552,2.89294,4.17434,5.97062,3.0951,4.39347
5.11789,4.01046,3.39202,4.37899,4.0849,5.22738,3.37332,2.55478,2.68533,3.63748
2.31006,4.91773,3.34292,4.80653,6.31294,3.08068,4.68023,5.64401,3.59893,2.8455
5.05545,6.0672,4.6535,4.30907,5.25695,2.94902,5.59607,4.14169,4.45028,4.68946
4.98061,3.08813,1.69921,5.50504,4.53954,3.20046,5.53062,4.36912,4.38537,4.67261
4.38466,2.15357,4.40828,3.81042,4.18962,3.74562,4.192,3.42418,4.07415,4.17801
3.52044,1.98074,3.46336,3.64106,2.82765,2.71418,4.594,3.34411,5.47168,4.37946
4.49477,2.2268,2.9935,4.18351,4.5021,2.05627,3.41371,3.16845,3.75479,4.56818
4.32465,4.58896,3.67886,3.39542,3.36121,3.87896,4.46658,3.03099,5.5438,4.80199
4.62871,3.7762,4.66629,3.01612,3.42573,3.05839,5.56224,5.20361,4.51381,4.53316
2.70128,3.93068,4.81914,3.43331,3.38744,6.39503,4.74235,2.05314,5.68711,3.36064
3.91002,4.99934,3.55262,3.24554,3.52147,3.43384,1.94185,4.44851,2.76419,3.58151
2.88937,3.24475,5.51612,1.8461,2.95058,5.50366,6.47816,3.6121,2.71432,4.89432
5.62091,3.88284,2.56615,3.83796,4.7726,4.46323,3.17478,4.44642,4.244,6.16496
3.47357,3.04118,4.33081,2.19523,3.91319,2.14361,3.39888,6.04318,4.66833,5.24781
5.59351,3.8723,2.29905,3.31336,3.51149,4.91121,2.64894,5.11196,3.83004,5.94847
4.06192,3.29966,2.25043,4.11743,3.43153,3.92578,4.88879,4.16695,3.56945,4.25231
5.29324,3.4629,4.12227,2.26451,5.26026,3.8295,2.74481,3.07687,4.20188,3.40659
3.89655,5.7991,4.55597,4.03074,2.08335,3.70923,2.98994,5.42424,4.04687,2.96492
4.19633,5.28093,4.2424,4.53035,4.06471,4.62985,3.26177,3.18929,4.69666,4.0501
4.40071,3.21881,4.31679,4.91837,4.61394,4.71408,4.37233,4.14362,4.45053,5.01586
2.56178,4.7055,4.19251,5.688,3.75026,6.5173,4.17201,2.27985,4.80517,5.16762
4.27778,4.1151,3.48363,3.72142,4.12341,4.50227,3.89135,5.45625,4.42362,4.33852
3.81214,3.76091,3.04119,4.41909,4.94561,3.74831,4.09001,4.21902,2.26159,3.1679
2.82734,5.0362,2.83477,4.28379,5.39125,4.80365,5.12339,3.05302,1.42133,5.74395
3.78353,3.09597,3.70111,3.30761,2.92068,3.0308,3.86472,2.19395,5.24481,3.95564
3.74405,3.40559,4.2137,5.10127,3.5994,4.62197,1.51891,3.84998,4.77099,5.38974
2.94456,3.91471,4.07622,3.86433,3.90857,3.75656,3.61699,2.68391,3.80818,3.43127
4.42544,3.96936,2.1954,4.53001,4.64015,3.64522,3.97606,3.68808,3.59104,1.87568
6.06366,3.39334,4.52668,3.92037,3.86522,5.9174,3.48275,2.61233,4.97888,3.36596
