10
4.17944,3.3449,4.47211,3.83217,4.22639,4.86941,2.85582,3.97419,4.42526,3.51707
3.82217,4.92501,3.66976,3.68958,3.1533,4.70813,4.24316,3.46434,4.66386,2.92506
4.28467,3.53334,4.47164,4.90854,2.72515,3.05621,3.71762,4.84728,5.14382,3.59555
3.43444,5.29246,2.40594,5.34005,4.56832,5.0087,2.33811,4.00764,3.78381,4.15332
2.1997,1.364,3.15577,3.63356,4.8805,4.69584,4.21476,3.64179,3.49954,4.43383
1.88522,2.89346,2.96694,3.17371,2.85837,4.14729,5.26611,5.30089,4.14883,4.69556
2.69144,4.34237,4.10011,4.95253,3.79409,5.01391,4.95672,3.61953,5.61305,4.67748
3.88124,2.28141,2.12784,4.12891,2.80232,4.6724,3.34978,5.48907,3.95288,2.92206
4.14568,2.29078,4.32413,5.75999,1.96145,3.31324,4.51008,4.39303,3.54674,4.44162
3.63564,3.91303,3.84297,2.84513,3.46512,3.6767,4.61086,3.12584,4.28076,4.17942
3.42001,5.58899,2.51244,4.7091,3.25037,2.45509,5.47166,3.02005,4.37975,4.09241
3.8687,3.61869,4.0278,3.28006,3.42387,6.05108,2.63761,4.269,6.28216,3.44115
6.50937,4.91172,3.49654,2.83938,4.49423,3.47237,4.79251,2.75228,4.72593,3.14601
4.10505,2.67117,3.36932,5.45962,4.05792,3.85962,4.21908,5.59968,4.19552,4.38651
3.91016,4.71069,5.32108,4.11312,3.36991,3.79591,5.18964,4.37421,5.3149,5.76171
4.18367,3.57445,4.19422,2.12356,4.6379,4.65682,2.57258,5.73481,5.70221,3.4151
3.94177,2.6859,3.16363,4.73921,3.61003,5.38976,4.99986,5.5936,3.12211,4.52891
2.18114,4.05835,5.64777,3.52281,4.52277,3.37178,3.83348,4.38347,3.26553,3.21593
5.20912,4.59149,4.97214,3.34892,3.53822,2.93164,4.60853,4.38587,4.81643,5.01222
3.44082,5.17274,4.01803,4.44372,4.08819,3.97761,3.41654,4.37496,4.31554,3.66483
2.72428,3.99814,5.15661,3.26892,4.26819,4.39691,5.33343,2.44257,2.20064,3.67027
4.14558,4.42506,5.86903,3.13035,2.55241,4.48743,5.68768,4.14449,5.16262,3.75357
2.68316,3.08691,3.5273,5.78026,5.56898,2.50839,4.0803,2.90331,3.88728,5.00059
3.82634,3.12014,4.3279,3.00602,3.43675,1.3885,4.66525,5.54236,4.48451,2.00475
1.64753,2.35195,4.10856,3.39044,5.08889,3.79309,1.70343,4.63185,5.43482,4.86545
3.78175,2.07364,2.29706,4.36825,4.61242,3.01604,3.62327,3.0927,3.17034,3.50186
3.24147,4.34445,3.93584,3.95046,3.02671,4.38489,4.42882,3.9622,3.37675,4.27266
5.82371,3.90598,3.16443,3.20596,2.83496,5.27896,3.40001,5.00071,5.18049,5.04505
3.91012,4.32798,4.41636,3.40373,3.20097,5.71489,4.51309,3.71005,3.78872,2.26714
4.6779,1.87346,4.77306,2.95205,3.95014,4.89366,3.60053,3.90478,4.93498,4.00523
2.352,4.54659,2.92138,4.3509,3.80532,2.97976,3.49864,4.17382,4.86547,3.88686
5.71304,4.35937,4.01617,1.87483,4.25567,5.14404,4.35666,3.48286,3.62453,4.32299
4.8161,5.42075,4.69319,1.22837,2.53967,2.81632,3.60174,4.46609,3.34866,5.48658
3.76749,3.78491,3.4194,4.77272,4.02596,4.06183,4.42412,5.11766,1.7766,3.56323
4.6526,3.53897,3.35469,5.02631,3.68421,3.91848,3.74873,4.24074,4.75085,4.62263
5.06398,4.63624,4.70067,4.77778,3.78925,5.55283,4.05033,4.09464,4.76922,5.42354
3.1019,3.66211,3.17741,4.94608,4.93688,2.95053,2.64953,3.49683,3.59652,3.72549
3.08316,4.50808,4.89439,4.35332,4.32633,3.86403,3.54992,3.62514,4.11566,3.67729
5.17189,4.48518,4.39519,4.46981,4.21847,4.43744,7.10084,3.15703,3.96292,2.99704
4.51665,5.0275,3.97292,4.30262,4.59265,3.25125,2.65616,3.71864,2.74595,5.03845
6.02372,4.37093,4.32579,4.34721,2.36619,6.11853,3.65676,3.59863,2.83433,4.61449
3.72359,2.66952,5.13637,5.89441,4.88802,4.10931,4.41673,5.12121,1.91336,3.90477
2.70594,3.76968,3.01309,5.00828,4.35487,5.2444,5.23117,4.34356,4.19232,4.78186
3.96267,4.98719,3.82058,5.13569,3.20696,5.78161,3.25153,3.54722,3.38079,4.31296
3.96199,5.83177,4.81954,4.87017,4.95025,4.63031,3.3776,1.70756,5.21623,3.57112
4.20971,3.79846,3.7321,6.15326,4.76498,2.99492,4.24888,3.42729,3.11221,3.98126
2.34328,3.42853,2.59358,3.21225,3.90306,2.23238,4.18882,3.49279,4.03539,3.02384
4.86147,3.85726,3.93415,3.62369,4.39573,2.25259,5.05185,4.49322,3.32527,3.97273
1.98731,3.70137,4.34025,2.63336,3.58167,3.913,4.85233,4.07309,5.191,3.55715
4.43349,5.17793,5.0039,4.61075,4.38704,2.62945,4.67377,5.35829,3.6448,5.94585
3.88012,3.96046,4.04304,3.40021,4.73981,3.17567,4.16845,2.90699,5.16059,4.94574
2.03134,3.50179,3.53881,5.20703,4.45213,3.68919,2.30119,2.95777,5.45017,4.24987
2.73485,4.70745,4.70137,3.8645,4.23981,3.05783,4.83822,4.27528,3.23486,2.63437
5.35312,4.44413,4.23002,3.48607,5.75055,3.8066,4.62736,4.25511,4.02705,4.01416
3.8196,5.3375,4.22777,5.06282,3.77996,3.916,3.09307,2.18986,3.73914,3.66809
3.3095,3.13548,4.44601,4.77294,2.79282,3.87629,6.45366,3.16722,4.4928,4.02902
5.83463,4.67431,5.38468,3.15962,3.29078,3.57553,3.30553,4.94767,3.48995,4.68631
2.80945,4.85946,3.89758,3.37331,4.16197,4.19609,2.97068,2.71658,3.9831,3.75784
3.36066,4.44262,3.12487,3.96114,3.70629,5.69463,4.22016,2.65371,3.66035,4.94798
5.00525,2.98239,4.28429,4.93261,5.01985,4.05654,4.93153,4.0831,2.77503,4.91875
2.85018,4.77556,3.89825,4.26437,3.99082,3.64398,3.66683,4.74437,2.72015,4.62244
4.79786,3.03957,5.00319,5.5972,5.75834,3.42341,5.69512,3.68169,2.85569,2.52307
5.51007,2.87769,1.94552,4.65646,2.32652,4.97181,2.38355,4.10159,4.69569,3.78243
3.55815,4.10374,3.65819,1.67032,4.61355,4.40678,4.80359,3.27221,7.03063,4.33857
2.19247,3.26675,4.12863,4.42342,4.75187,4.57629,5.65579,4.48041,4.58006,4.12731
3.43288,2.17033,2.97816,5.77342,3.31291,3.11101,3.27243,3.38988,5.01401,3.51721
3.31429,3.71612,6.03137,4.49187,6.02364,3.65819,1.85335,4.02694,3.28322,5.61166
2.13691,2.65808,3.50374,4.52651,3.18632,4.06051,3.30697,3.90054,3.93947,3.56027
5.92112,2.86976,2.98602,2.99294,3.94256,4.55632,2.99441,3.83263,4.568,4.7499
5.34616,3.65656,3.64339,3.54275,3.15608,2.62658,2.14079,4.24989,4.15972,2.18468
4.9576,1.47782,4.42975,3.81443,4.03222,4.68723,2.54746,4.44706,4.9992,6.40597
3.91011,4.9854,5.70989,4.20797,3.92333,3.72502,5.83226,4.49213,4.11922,3.62921
4.41893,4.92873,2.94819,3.96441,4.62736,3.7294,4.20989,3.94644,3.87687,4.42761
3.65139,4.20639,3.44815,5.40018,3.15801,3.46897,5.68029,3.52631,4.45693,2.72161
3.65154,5.05817,5.83842,2.87938,4.69227,4.03713,3.95425,3.06435,3.50255,3.54106
4.58457,2.89783,3.98551,3.76645,1.88077,4.84095,3.99038,4.81651,5.11938,4.4872
3.16047,4.88339,4.62049,4.61505,4.59101,4.75123,4.11444,6.27109,3.59503,5.06252
2.94863,5.48883,5.41829,3.66656,5.42998,3.91158,3.30684,4.27795,3.91032,3.85826
3.09586,3.05537,2.65382,4.29406,4.14957,5.54239,3.67879,3.71821,3.08795,4.43148
2.46736,3.76642,3.6094,2.52328,4.97962,4.14044,5.35251,4.84897,3.8053,4.47908
3.37577,3.87915,3.57535,2.92031,3.35768,6.03504,2.47989,4.41223,3.51357,3.0727
4.49608,3.82583,3.09454,4.52039,3.88623,3.25861,4.86546,4.96271,3.22968,5.59558
3.91255,4.41698,4.16929,2.92185,2.0799,4.51408,2.87479,2.8118,4.84724,4.5076
5.42629,4.82264,5.6359,5.5871,4.18614,3.21597,3.0052,3.89188,4.36214,3.07737
4.45714,4.04663,3.72951,2.98658,3.71664,4.74585,3.59071,2.7573,3.30313,3.8276
4.68415,3.38507,3.43444,2.98761,4.1265,5.20407,4.1355,6.4322,5.09021,4.20113
4.28013,4.53674,5.37733,3.46654,3.83078,5.45548,5.61949,3.04766,4.21235,3.59093
2.97536,4.26886,2.7565,4.67769,3.4396,4.35778,4.74296,3.31794,3.3419,3.09836
2.6933,3.79068,4.16232,3.71132,2.65977,4.5277,3.84315,3.57651,5.34034,2.36175
3.7428,5.52207,5.27899,3.1534,5.4036,3.51374,4.53089,3.65075,4.15805,4.57497
4.08284,2.44151,4.90881,3.75848,5.63712,3.88205,5.8463,3.776,4.47432,3.18741
3.28833,2.74659,3.32374,4.75386,2.69081,4.61561,4.05069,3.54076,4.61087,4.77247
3.28914,5.44008,3.2572,2.33362,5.05189,5.48219,4.86592,5.42599,3.67255,3.75481
5.30213,3.77839,3.55003,5.66039,4.31417,3.91236,3.70347,2.7721,1.58936,2.95666
4.23268,2.10377,1.6626,1.8879,2.64563,4.80601,2.6901,3.66733,4.04673,5.28118
4.9232,3.38276,4.61223,4.64451,3.6783,3.31819,3.91351,2.91004,3.7325,3.73454
3.6416,4.72819,5.23217,2.59329,4.51543,4.5239,3.15295,4.55378,3.89296,5.88229
4.90342,4.14008,4.84152,5.55406,4.95679,6.04875,4.62558,3.99091,3.35062,3.48521
4.31511,2.48629,3.04619,5.08197,4.82086,2.73481,2.7765,3.50058,3.88564,3.98074
3.60613,4.41226,6.3389,3.78534,3.86108,4.6412,5.89638,4.87442,5.00619,4.22194
5.01861,3.81499,2.91308,4.4004,4.27262,4.16728,2.93991,4.60224,4.80337,4.00035
3.72734,3.87226,4.12543,4.76506,3.61332,2.98441,2.79577,4.72849,2.44185,3.50985
4.37673,5.01823,3.58148,3.68586,3.20391,3.26479,4.04808,3.73149,3.21552,4.07017
3.08384,4.72058,4.12056,4.66598,2.59997,6.13683,3.34677,2.74684,3.10435,3.98521
4.148,3.94284,2.75635,3.7095,3.12113,1.76245,4.43405,3.50707,3.96861,4.52999
4.23433,4.91403,3.74714,5.36989,5.05323,3.77449,2.50849,4.53034,3.13792,4.21558
2.53685,2.95847,5.04306,4.15722,3.91434,2.76532,4.82443,3.96615,4.16853,3.02284
4.92104,4.08782,3.04821,3.97891,5.23981,3.61858,5.20635,4.60764,3.38822,3.94875
3.34522,3.81394,6.17497,4.39846,3.19822,2.80365,2.87991,3.18316,1.60929,2.34962
4.0853,2.94747,4.62103,2.08269,3.53519,5.47769,1.90057,2.7188,3.27565,3.48358
3.5687,5.22576,3.58972,5.21506,4.11913,3.98361,3.95109,3.41384,4.76175,1.83514
3.45144,3.15657,3.36282,4.33921,2.7512,4.27982,5.81298,5.72716,3.16331,5.15476
4.60243,3.14916,2.94573,4.60679,3.19383,5.13144,3.60185,2.58055,3.55434,4.17663
4.7211,3.72291,4.8509,5.36827,4.99655,4.32095,4.2699,4.49078,5.00119,2.17187
3.38863,5.00252,6.60864,5.26871,1.89607,3.4106,5.53556,1.5199,3.79562,4.54124
4.9065,1.9549,3.95409,3.10348,3.09663,2.56024,3.53047,3.9943,4.80953,5.56143
5.90331,2.96884,3.53536,3.07862,3.24495,4.53094,5.31988,5.39355,5.60866,2.47282
4.51421,2.70204,3.41345,4.69081,4.18716,2.58734,4.31477,4.41887,2.65616,2.47313
3.19918,2.60446,3.57215,3.91762,4.81336,4.585,5.14858,4.35739,5.17973,5.28142
3.14025,5.24896,4.58874,4.901,4.52493,4.75639,4.24374,3.42401,3.15213,4.0777
5.38277,2.92366,3.49401,3.83609,4.38705,4.93023,3.39492,3.38588,4.68118,3.91404
3.57621,5.80412,2.82428,3.97562,2.98098,6.01092,4.33188,3.64716,5.26475,4.22105
6.18823,5.18469,5.39044,4.8442,3.78225,4.65974,4.46785,3.15424,4.66777,4.87746
3.99299,4.30458,4.24526,2.44162,4.81541,3.70035,3.06632,4.71609,3.15578,4.49596
4.64194,4.32445,2.90911,3.9841,3.41374,2.42713,2.22159,2.1799,3.62677,3.83555
3.97573,3.08043,4.94566,4.12795,5.20176,3.85892,3.07973,6.01205,3.9253,4.28351
3.57862,3.32936,3.10811,3.8968,2.22712,4.99281,2.88091,4.27745,5.30414,5.04481
3.6456,2.1549,4.75513,4.42016,2.4429,4.08453,3.60966,4.49946,4.97455,2.55522
3.71443,3.99124,4.35384,3.559,4.03786,5.11531,2.82005,3.00566,5.90707,2.43296
3.5662,2.68974,5.15321,2.48659,2.58904,4.59714,4.67771,3.22883,4.90618,4.73119
2.85465,4.68685,4.6616,3.32536,4.12431,6.133,5.22299,5.76412,4.07321,4.18751
4.56177,4.14477,2.33318,3.33712,5.87663,4.02344,3.98659,4.53787,2.91111,4.10152
4.38865,5.02528,5.27685,3.54267,4.14764,3.76507,4.12168,3.81553,5.15117,4.02545
3.08563,4.88859,4.41856,5.27658,5.67713,4.61779,3.51351,2.80082,4.08816,4.36495
3.02205,4.90213,4.4826,5.11848,4.66413,4.03481,4.32015,4.19656,3.60249,2.38647
2.75858,5.43503,3.7441,3.04716,3.13775,5.53017,3.95625,3.61985,4.90727,4.21346
3.03437,4.82417,5.21646,6.97693,3.27591,4.87799,3.26555,4.61563,4.43064,3.91994
4.48691,4.58678,3.81745,3.35626,2.4889,3.93229,3.0215,0.46715,2.39083,4.68399
4.65935,2.3117,3.4032,4.17739,3.61135,2.45255,4.30656,3.32804,5.51357,2.73216
4.9765,3.28142,4.89067,4.16428,4.54276,4.20413,3.51909,3.43572,3.74134,3.20742
2.9657,4.27553,3.24534,4.51463,4.04387,4.15607,4.60746,2.57076,4.55708,4.09615
3.57388,2.94837,5.59033,5.78994,2.8869,3.32056,2.98534,2.56424,3.56196,4.98267
2.3033,4.27743,5.21221,3.06665,4.41416,4.41191,4.23166,2.65215,5.37035,4.75416
4.72265,3.12841,3.87052,3.63073,4.46555,5.54558,3.57943,5.37691,2.0167,5.10116
3.86448,5.14954,5.66886,3.94467,3.63726,3.83422,2.32241,5.28892,3.76182,3.27297
6.24819,3.07262,4.33151,2.97966,2.35451,3.67564,1.54294,4.12709,5.89808,3.78071
3.92495,4.1639,2.50507,2.50526,3.72562,3.05998,5.08884,5.57727,4.94954,4.39043
4.48474,2.30144,5.2256,4.20269,4.13258,5.26966,3.76899,4.94381,4.21905,4.1435
5.3006,4.61922,5.85454,3.61578,5.13312,5.79922,4.74377,4.08072,4.42772,3.12908
3.24363,5.32158,4.61143,4.6229,4.1371,4.38007,6.18113,3.68652,4.3178,4.46202
3.26052,5.31532,3.71628,5.13303,4.36435,5.77259,2.25785,5.15459,3.08193,2.0943
4.57715,3.86834,4.34607,3.40234,2.84834,4.48456,3.79875,4.42834,4.80336,4.68041
5.15435,4.26315,3.45082,3.16765,3.06462,4.47315,5.32995,3.52529,4.00696,3.47126
4.2412,3.40242,4.78877,2.1737,3.9039,4.50753,5.04795,5.65343,3.80527,2.82521
3.57805,2.88478,4.75922,2.90392,4.42075,4.72543,5.55308,5.57175,3.2375,4.48576
4.49846,2.60558,5.09317,3.87945,4.6907,5.15897,1.58479,3.41808,3.25207,3.64815
3.69405,4.62445,2.99777,1.93903,4.39066,2.97702,3.33018,3.35218,4.15042,4.38695
4.96111,4.97746,3.34115,3.82454,5.17992,4.56596,3.64701,3.7052,3.19697,5.65008
5.27965,2.07017,5.09501,4.35114,4.2891,3.3571,3.03027,3.58614,4.39191,5.53205
4.70799,2.55434,3.23418,4.00919,3.80037,3.65045,4.06904,3.44599,4.07628,3.63737
3.71641,5.14307,5.57719,3.52604,4.41814,3.24059,5.20807,3.32364,5.31192,5.35462
5.36449,2.51197,5.05399,2.82016,3.21779,5.05158,3.04476,4.50015,3.5283,2.39032
6.73692,3.87504,2.71051,4.01158,3.16342,3.85041,3.52306,3.27804,4.90709,4.57843
4.23479,2.56114,3.85284,1.53519,5.09066,1.89413,4.7968,3.50791,2.55799,3.71417
2.98117,2.46125,3.12227,3.65553,5.00766,4.5887,5.68451,3.80925,4.17812,3.39461
4.70057,3.59991,4.98448,4.852,5.49459,4.87309,3.27766,5.01786,3.55491,4.1379
5.22584,4.76255,3.62685,2.78076,4.51947,5.8147,3.27505,4.14661,2.24451,4.10024
4.44379,7.0944,6.63931,4.67486,4.02815,4.1271,4.20154,3.71577,4.76416,5.62718
4.42986,4.78719,2.98298,4.94123,3.17916,2.85485,4.31598,4.28609,4.5121,4.0863
3.0991,2.54061,5.12498,2.88954,3.34707,3.0031,4.90086,4.27492,3.24218,3.8873
3.43433,2.66042,2.3977,2.8625,5.62991,2.74053,2.24135,2.81663,4.69456,4.09193
4.74691,4.24125,3.45218,3.60087,4.5392,5.67741,4.39041,4.0449,4.27985,3.28548
3.49918,3.48479,5.73228,3.06182,3.81145,5.35011,4.45107,3.68189,4.81303,4.87323
4.05561,3.29305,3.80422,5.13191,3.93943,2.72095,1.3771,4.27304,3.91335,3.81517
3.43501,1.97327,4.32749,4.08485,5.24254,3.65481,4.06512,3.27587,3.91876,5.88046
4.77468,4.22195,3.8643,3.9574,3.3128,4.15827,3.6784,4.32014,4.15734,6.88455
2.67627,4.20778,3.69014,3.62303,4.3766,4.36679,4.01628,5.91324,4.10767,5.39436
3.49876,4.25193,3.85984,4.78929,2.96201,3.58067,5.73326,4.85112,4.35751,3.47493
2.86896,3.6052,5.58377,4.39321,4.25726,3.67413,4.77539,5.25643,2.37042,4.73621
5.13397,3.58557,3.89256,4.03159,3.59072,4.91651,4.762,3.33413,6.14864,5.30197
4.54435,3.83191,5.89336,4.85513,2.99451,4.10681,3.85922,4.17045,2.83706,5.98473
3.01551,5.65612,4.39856,2.50436,4.2934,3.90371,3.24273,4.42124,5.01338,4.08949
6.00244,3.46766,5.61361,2.54584,4.3087,4.61952,5.35529,2.55105,2.88458,4.16746
3.71214,3.03809,4.8048,1.74499,5.2495,4.71841,3.57942,5.89697,4.71765,4.18893
4.30543,2.48881,5.16323,4.52362,3.88064,5.38532,1.89537,5.24053,5.76777,2.42637
4.39889,5.24257,5.74064,7.07342,3.67539,4.57497,3.55352,4.26651,3.65131,5.12684
4.51376,4.33392,3.05953,4.64792,2.43097,2.23446,3.6006,2.8637,3.05249,3.52317
2.67354,3.21109,6.00513,2.65394,2.74578,3.7906,4.66108,2.97589,5.9066,4.74794
5.00659,4.60992,5.12287,3.94846,3.91548,2.86296,3.32761,3.57097,4.19702,2.17589
4.62368,4.87102,3.02143,3.24159,5.40077,2.40548,4.87629,4.04848,3.54845,3.30884
5.55555,2.05044,4.90279,3.47792,4.05092,5.07344,2.61958,3.42016,3.29116,4.35932
4.2726,4.52245,5.38317,4.52552,2.54576,3.96532,3.07375,3.9206,4.12222,5.46313
4.43204,3.41924,3.47082,4.17495,3.23266,3.63643,2.9174,4.18992,3.91662,5.28492
4.308,4.99661,3.65329,5.55866,3.09795,4.74141,4.05336,3.93102,3.81242,4.52503
4.52899,4.92665,3.73672,4.48618,4.24146,5.20301,4.08662,5.25271,3.68357,2.96269
4.15809,4.36289,3.52202,3.4402,4.94206,3.42082,2.35825,4.62485,3.06139,5.17247
4.05697,4.66269,4.34322,2.47466,3.48196,4.00651,2.12668,5.06288,3.95186,3.42932
4.58007,4.46944,3.20129,4.05809,2.82585,3.52145,3.82527,5.04903,4.56163,4.00216
1.83406,2.77949,4.1154,2.64054,4.6465,3.92114,5.10132,4.57313,1.78309,4.10806
5.63951,3.17466,4.05717,4.92102,2.87193,5.78127,1.32834,5.54732,4.20445,4.16048
3.44739,3.83679,4.94616,5.19812,4.20181,3.44172,4.40537,3.29536,3.80446,5.05253
5.99083,3.97943,3.53365,2.93455,4.03892,3.46946,3.68872,3.72109,1.66283,3.76854
5.02863,2.98376,4.10304,5.53336,5.00669,5.78795,5.65334,2.60576,4.00605,1.46962
5.66724,3.86251,4.57833,3.8976,5.21143,4.2939,5.68743,3.28003,3.54244,2.92337
4.68366,4.20362,3.94273,4.83584,3.77142,4.2231,2.5023,4.56994,4.38829,5.07688
4.61566,3.63799,2.86362,2.63485,3.73338,4.68038,2.94303,4.59975,4.42264,4.27675
3.96906,4.92815,4.28938,4.93352,5.32331,4.75359,3.45989,3.64565,2.81752,3.54159
3.5524,1.72197,4.12156,2.27366,5.50639,3.04068,3.70898,4.00161,4.24599,5.44389
5.34745,3.30311,3.72564,4.55258,4.66147,4.19521,5.6648,3.45435,4.3395,3.59128
3.25218,4.63939,6.37487,3.40541,3.88696,4.32862,3.82946,4.59902,4.51376,5.18539
4.31212,2.07564,3.71686,4.73921,2.25645,4.20258,3.92959,4.93049,4.22703,4.10649
4.83492,2.23455,4.00237,6.38282,4.27328,3.80625,3.7129,3.46748,4.75496,4.3958
3.10943,3.14087,3.80763,5.09003,3.69311,3.56874,3.95303,3.19279,4.32809,5.24023
3.69865,2.65558,2.64442,3.38624,2.26777,4.77419,4.2094,4.97142,4.92537,5.90725
5.70246,2.94055,4.64427,3.94983,5.18427,4.33578,3.89513,3.99032,5.6659,3.6663
2.5191,3.5791,3.36837,5.09572,4.05944,3.44914,2.71503,3.67853,3.2471,4.63495
4.2875,5.48818,4.20775,4.3983,3.80641,4.24813,5.20505,4.20595,5.93704,7.64968
3.95284,2.86687,4.65775,2.38572,4.32847,3.87214,5.25326,2.45852,6.21956,4.61975
3.49283,3.97802,4.92929,4.85688,4.94978,2.0879,3.07401,2.11514,4.2303,4.98452
4.46591,5.20538,3.87205,3.27788,5.41296,5.00052,4.85016,4.55521,4.63481,6.17497
5.66927,2.52986,4.39871,3.75507,3.78336,4.4278,4.88238,0.782061,4.37883,4.31908
2.74593,5.99483,2.04279,3.0116,5.15851,2.0317,3.9524,6.16055,4.43158,4.02286
2.76648,3.24301,3.51659,3.63703,5.18547,5.59547,3.55659,3.58367,5.35879,4.72867
3.97381,5.06714,3.8799,4.26085,4.39513,3.13421,4.23392,3.47871,3.0607,3.00568
4.06161,2.67818,6.83912,3.54227,3.2805,3.95402,5.49834,2.62664,2.98135,4.32754
6.14399,4.64954,4.2462,6.47415,2.1861,3.05661,4.83937,5.79722,2.60603,2.91664
4.48135,2.33826,5.52226,4.74405,4.08207,4.50189,2.24399,3.0899,5.87261,5.20281
4.65679,3.25566,2.40525,3.79089,5.44949,4.76347,2.99226,4.71998,5.07059,3.22929
2.03705,2.97285,3.68756,4.40224,5.21133,2.14487,4.45514,4.35837,5.17923,3.72508
4.61405,2.63408,4.91633,4.0771,4.75209,2.73436,2.35724,4.12877,5.28767,4.15738
2.71421,4.28079,4.80107,4.49942,1.93227,4.16211,5.88926,4.91612,3.04746,3.67539
3.84667,3.47499,4.22286,5.41024,2.17147,3.99208,4.64853,4.64801,1.38455,4.44064
4.62356,2.59909,1.80329,3.7321,2.63559,4.92801,4.95902,4.1701,3.73709,3.19792
3.01957,4.04537,6.02284,3.21208,4.50466,2.27972,2.79283,3.81965,5.24615,3.05059
3.63399,3.59755,3.49409,3.95109,4.69714,4.15366,4.38219,3.21956,3.14911,4.84666
5.37155,3.16181,4.17471,3.91896,5.72586,3.53724,3.49239,3.66826,3.68846,3.77101
3.00385,3.2497,4.01818,3.97861,2.84501,4.03029,4.46539,3.50828,4.2469,4.99204
5.87577,2.9307,5.03403,1.95672,3.44528,5.08447,4.85575,3.01812,2.64719,2.99044
4.15927,6.59508,4.85618,3.37659,4.90472,3.85561,2.62644,3.61059,4.56074,3.89071
4.33553,1.85527,4.75285,3.65887,5.10233,4.14033,3.57506,3.35873,3.99605,4.0699
3.50586,3.83905,4.2946,3.02491,4.45164,3.85156,3.43533,5.42381,2.51414,3.45881
5.59396,2.18894,2.0857,4.51595,3.67132,5.46389,6.06917,6.38121,3.50512,3.1849
3.45144,3.5403,2.65753,2.42788,3.97464,4.97959,4.27585,3.95532,4.5744,3.68668
3.06665,4.98564,3.41557,3.98017,2.68977,3.24585,3.62568,4.09424,3.46154,5.08906
4.03324,3.55226,5.25889,4.2309,4.02344,4.26352,3.84274,4.55687,3.94036,2.29507
2.46747,3.92633,3.15329,4.44124,3.04576,3.68103,2.07863,2.64598,2.88133,4.37264
3.85577,2.59178,3.6542,3.65593,5.095,4.20376,2.64825,4.58649,4.4972,3.06738
3.79853,2.91152,3.65316,3.31731,5.45244,3.58416,3.56476,4.90854,4.79363,4.47165
2.67927,3.45633,3.26146,3.72426,4.26367,5.45146,4.55726,5.07198,3.34929,4.61305
6.87851,3.22994,2.72589,5.31255,3.06464,4.98177,4.16843,3.95557,2.91694,4.4906
3.88705,1.35635,3.52125,3.95232,4.3148,3.19082,5.20468,5.1061,3.71397,5.85897
2.59788,3.3464,3.62251,4.4078,4.60744,2.33915,3.89194,2.66167,4.2338,4.1761
2.59954,4.10638,4.2332,3.60001,3.0701,5.7675,2.32135,3.37047,2.8969,3.59105
4.06719,4.92932,3.90663,3.20461,3.63871,5.31863,4.26831,5.35244,4.74972,4.87512
3.08236,4.18973,4.68218,3.17857,3.76236,5.10023,4.47234,3.05718,3.01777,6.21239
4.71058,3.18697,3.46632,2.64819,4.12913,3.09821,4.66066,4.53658,5.83027,3.81102
3.8972,1.92034,3.59124,3.74071,3.16688,4.60991,4.79851,3.39913,4.62873,3.70513
5.45146,5.34727,5.03706,5.60463,3.461,3.98772,3.09401,3.86675,3.99365,4.97762
4.21834,3.36296,5.18798,3.98881,2.94386,2.45861,3.48295,3.53537,4.1069,5.91516
3.01847,3.9589,2.71538,4.1972,2.2516,4.85944,4.0067,3.39969,5.03333,5.52458
3.08643,5.22299,4.8286,4.14241,3.97331,3.81824,3.044,4.49132,3.1875,3.45405
1.71763,2.95541,3.61778,3.47494,4.83183,3.0268,4.43282,4.04309,3.10177,4.03831
2.60565,2.59309,5.19349,5.66489,4.20547,3.56898,4.16219,2.18709,3.169,4.88898
2.87938,3.45917,3.25711,3.68483,3.53105,4.82101,3.75401,3.60208,3.90547,4.79299
1.59155,4.43212,3.9314,4.18417,3.83155,2.83484,6.03839,3.95973,5.63943,4.19644
1.98484,5.04805,3.1296,4.22612,2.01427,3.52941,3.79604,3.92194,3.98477,3.51677
3.09517,4.50695,3.09859,3.58618,2.04721,3.54867,5.5186,6.73601,4.8303,3.75932
4.56832,4.02386,4.01001,4.19659,2.84202,3.92819,3.66658,2.74273,5.42099,4.91289
3.42064,4.20955,3.60539,4.42377,2.67158,4.11979,4.38715,3.56575,4.24118,4.81412
4.46522,4.37464,4.46865,3.743,4.79137,4.88605,6.51524,2.94711,4.81673,4.32925
4.10649,2.32217,4.06365,4.51196,4.11197,3.54274,4.0494,5.45725,2.83087,2.95909
3.37532,3.96841,2.18596,4.62485,3.8903,3.69782,3.82355,4.18491,4.59979,5.60843
3.07924,4.46509,3.35782,3.50047,3.5764,5.46101,5.69581,4.96445,5.04124,3.96048
3.68705,5.20818,2.25526,3.62121,1.92038,1.82741,4.18404,4.19906,3.51754,4.83654
4.3749,4.19523,3.46323,3.92589,3.18835,3.3766,5.27365,4.5913,3.26452,3.9814
3.41594,3.35846,4.17703,3.85556,4.3102,4.15927,3.25239,4.955,3.80919,3.57007
3.39892,2.73736,4.73074,3.67812,4.70241,3.58848,4.77057,5.4339,4.05708,3.55423
4.92369,3.93975,3.37376,2.88538,8.22606,2.02073,2.99578,3.48085,2.73233,3.54598
4.45526,3.64405,5.63446,3.29376,4.14413,3.17115,4.8617,3.4186,6.03123,4.26568
3.45152,3.09277,3.14318,4.36714,4.83188,4.35667,4.60323,4.34572,5.51632,2.14391
4.00311,4.25597,3.19059,4.03128,4.80078,5.544,5.32291,5.86182,5.52055,3.64539
5.25613,4.24769,6.3393,3.71644,3.23886,3.68317,2.32761,3.43432,4.94939,3.79052
3.93847,2.97645,4.44051,3.93795,2.92077,2.85099,5.8646,3.96743,5.20736,4.51049
3.19848,4.81324,1.74849,4.80667,3.22292,4.30298,6.0594,2.22188,3.62607,4.22188
4.00425,3.92934,3.80891,4.30923,3.1829,5.5806,3.70191,5.11241,4.17866,2.36923
3.87667,2.83361,3.40018,4.80317,4.15137,5.3285,4.40988,3.84147,5.0659,3.7157
5.3711,4.93452,4.60298,3.61188,4.60398,4.29371,3.93863,5.08302,3.31571,3.96381
3.23528,3.31053,4.38266,5.00645,2.95548,2.13426,3.65738,3.98273,3.39455,4.15311
3.00005,3.3183,3.9647,4.01909,4.72303,3.61704,3.50781,5.28242,3.79238,3.22951
3.69753,3.44942,2.61716,3.90352,4.04338,1.54882,4.63886,5.79955,4.96655,2.40181
1.53193,5.08039,4.28961,4.41883,5.9082,1.82528,5.10389,4.06685,3.7336,3.12581
3.71193,3.90148,4.21914,4.74889,4.25491,2.87134,7.13355,5.8192,3.19916,3.39655
4.25292,4.50135,3.76833,3.96136,4.88344,5.92492,3.47503,3.19487,5.44546,5.05133
2.81644,4.16015,2.7592,4.81183,4.54669,5.14348,3.15496,6.37743,4.97071,2.90337
3.13847,5.48592,3.47837,2.55227,1.91475,2.90469,4.06218,4.06823,2.73932,4.58001
2.60147,4.51662,3.3757,2.59027,3.66053,3.90289,4.64239,2.96286,5.3426,4.35077
3.10232,5.28825,6.04802,3.29609,3.75726,3.93345,4.6565,4.93489,4.34707,4.65266
3.77035,3.93436,3.93121,3.7284,2.96337,4.63789,4.77766,4.04561,5.3424,3.59111
4.30777,2.94839,4.7425,4.85378,5.02477,1.6134,2.97971,3.63315,4.89665,5.5315
5.74278,3.92605,5.17306,2.54118,3.46174,4.23926,4.34077,2.38162,3.57719,4.13434
3.58182,5.27962,2.68589,4.63272,3.39761,2.81863,4.79973,3.25121,2.85527,4.5459
3.90747,3.13338,4.64105,2.82656,3.99928,4.39958,6.17898,1.77445,2.9246,3.46304
3.32095,6.20398,3.73741,3.50373,3.97494,4.19691,3.6324,3.28592,4.30788,2.86193
3.37845,4.79993,4.2863,3.85149,4.19494,4.21048,4.86997,5.9627,5.84205,2.45063
3.22054,2.49909,3.85662,3.94604,4.25011,2.29643,5.73851,3.23487,3.55787,4.21906
1.73826,6.26293,3.16317,2.4536,4.82517,2.01611,5.66796,3.43969,3.3822,2.00307
3.30848,3.32114,3.14209,4.13668,4.25483,3.43719,3.61636,4.10044,4.83724,1.87366
4.13961,4.8183,4.74187,2.41465,3.81169,4.62133,3.86353,4.70054,4.8858,3.31118
2.73593,4.82106,5.23702,4.21962,3.64754,4.47512,5.02167,1.37219,5.40411,4.20453
6.05586,4.96041,5.60125,5.63102,3.55546,3.13598,3.72991,3.84583,4.80868,4.62114
3.74169,2.77896,4.39112,5.86065,3.77173,2.71962,4.37209,4.09225,5.3575,5.20885
5.43058,2.23541,4.48621,3.74814,4.33239,3.0638,4.02499,3.70759,4.3648,3.51291
4.64502,4.96408,3.13396,5.27162,3.31944,3.25249,4.44587,4.57059,4.15234,2.97259
5.05926,4.33646,4.88486,4.24703,3.28017,3.05423,3.13383,2.80113,4.19095,3.52036
6.34573,2.99743,5.1281,5.12714,4.33241,3.86612,4.71522,4.98764,4.55257,4.04638
2.75739,4.90905,2.93,2.72628,4.47875,4.89824,3.06519,2.80142,3.48993,2.8767
2.81432,4.9988,2.26618,4.03838,5.37573,2.32173,5.18615,4.07923,2.74199,2.85621
3.99802,2.59558,4.85379,3.24257,4.32299,5.1965,4.13705,4.73775,4.75279,5.05949
4.88272,4.61209,1.92895,3.0598,4.00123,4.00078,4.98786,4.2827,1.94975,4.47211
3.3632,3.00543,2.80969,5.85732,3.8893,4.36348,6.05705,5.74823,4.26881,4.20836
3.69947,3.82415,5.42716,5.48733,3.34996,4.46019,2.87412,4.24838,4.48153,2.82431
2.87926,3.80663,6.03533,5.09281,2.16376,4.66134,4.24855,3.66259,2.81569,3.92322
3.08009,3.72635,3.35141,4.86511,3.55609,4.72605,6.12702,3.19202,3.29935,2.67807
4.74967,4.04098,3.87212,3.32673,5.21965,3.69423,3.67888,4.5843,7.98972,2.71103
1.87778,3.84352,4.4697,3.77833,3.53042,4.4573,3.80601,2.24804,2.13162,3.0587
4.72022,4.41778,4.67403,3.04323,3.77737,3.75719,2.6337,3.7623,4.30999,4.14481
4.33112,4.72164,3.46966,3.38581,2.92879,4.46858,3.86186,4.55552,3.15537,5.26232
1.75486,3.86202,4.72296,4.15323,3.76157,3.61464,4.6077,2.52291,3.65101,2.97442
1.41412,3.58233,2.93425,3.26805,3.8662,2.5376,2.75373,4.80365,4.41611,3.57631
1.80658,4.04436,1.87389,4.83953,2.51476,5.50993,4.05642,2.65704,3.22645,2.46798
3.78748,5.27908,2.3948,3.73349,5.65138,4.54624,3.83626,4.95286,4.71533,5.16937
4.25205,3.86531,2.96865,4.15155,2.58495,3.83936,5.80671,5.24713,4.6914,3.85288
3.92768,3.61429,4.44624,2.70295,4.73071,4.76316,3.69381,4.76368,4.52461,5.66019
2.28575,1.97928,2.97741,5.57191,4.43591,4.81645,4.50868,2.31126,5.28773,5.78008
4.75316,5.2113,4.8635,5.75859,3.06953,5.32349,4.31107,3.32427,3.17183,3.91045
4.28836,4.50982,4.97635,3.45384,4.37828,3.67989,3.78041,4.33083,4.57194,2.99173
4.88288,3.53714,3.15881,2.99097,4.99012,4.02524,3.79374,4.51229,4.33978,2.8451
5.84476,4.74355,4.36772,4.78324,4.48998,6.13501,3.5099,2.88026,3.31632,2.80692
4.4469,2.95182,4.09485,3.99362,3.45069,3.17048,3.5536,4.52817,3.68744,6.01632
3.5083,4.21987,4.47887,3.09279,4.58206,3.88355,2.97666,2.70187,6.24112,5.71395
4.34733,3.39056,4.84427,4.55937,4.85525,3.19356,4.33736,3.92603,1.35116,2.85951
5.17693,3.1969,4.04837,4.62601,4.61207,4.49544,2.69113,2.66333,3.09283,5.14687
4.70232,4.12604,2.27928,5.00679,2.56164,5.93496,2.27109,3.97748,3.58516,2.48875
2.90903,5.3449,5.04783,6.43632,4.16617,4.65328,5.96208,5.16284,5.81422,3.85692
3.68079,4.5071,2.8362,3.09407,4.25816,6.11636,4.19606,2.72951,5.07468,5.26784
3.48292,3.37097,2.53199,2.70052,7.15633,3.64047,3.05831,4.41019,2.71594,3.67597
5.57483,4.10814,5.54782,5.23259,3.95693,2.55381,3.92974,4.5234,3.54347,4.09905
3.55367,5.23393,2.83978,4.25372,3.85521,3.53232,4.0025,2.43486,3.81831,2.97751
1.05056,3.23362,6.20259,3.77711,2.27837,3.65166,1.42039,3.53988,3.49926,3.49048
3.8026,2.93492,2.9451,4.86343,3.61144,4.16406,4.41715,3.3763,3.10688,2.0689
4.97755,4.02238,4.18991,3.64689,3.95017,3.2765,4.69677,3.74049,4.18422,5.74413
5.0906,2.14668,3.68033,3.44433,5.11155,3.25367,4.69788,4.05916,3.96773,4.82807
3.31604,4.08105,3.0824,3.81302,4.16046,4.88304,3.99838,4.95476,2.26761,6.15292
4.06689,3.23757,3.88256,3.44595,5.40792,4.10318,0.965546,2.59146,3.45634,3.87361
3.90725,4.31228,5.59689,5.85608,3.65035,5.47438,4.33715,4.20013,3.2959,3.72537
4.79802,3.65724,3.81213,3.69044,5.01813,5.94087,4.88506,3.86837,5.44377,3.77422
3.70106,2.47337,3.59912,4.17259,4.08395,2.81754,4.33937,4.22815,3.2453,4.76196
3.85237,3.4187,3.35011,4.09866,3.05046,5.58883,4.06463,4.24983,4.90495,2.89227
3.89286,3.3096,3.08612,5.95152,3.29609,3.05137,3.45524,5.61834,4.45184,4.86065
6.03799,3.37103,4.64055,1.95552,5.05144,5.32454,4.38131,3.9246,5.31483,3.49341
4.08314,5.09599,4.46545,2.63417,2.46604,3.60755,6.1134,3.13538,2.18095,3.57812
5.87043,4.42325,2.48532,2.94438,5.50672,5.44562,4.27578,3.08545,3.83981,3.95863
4.16052,4.93898,4.1326,3.60375,3.77086,3.60867,4.14423,5.0631,4.40309,3.87412
5.37334,5.49928,5.41227,5.32462,2.81238,4.68912,5.76901,3.66426,4.09072,3.57448
2.85833,5.53877,1.76455,3.49378,3.016,5.80046,2.87183,1.78731,3.5961,4.45977
4.72912,4.44401,4.13898,4.84588,4.53053,3.40137,3.01299,3.3076,4.01639,4.12345
4.2964,3.79023,5.07027,2.68862,5.33646,4.45059,4.70235,3.79481,4.93863,3.8507
5.19362,6.29202,3.65647,4.1784,3.1595,2.66731,3.29893,4.33192,3.28291,4.45009
5.23651,4.37457,3.62669,4.54917,3.81069,2.65491,3.24108,2.55452,4.20489,3.81844
4.42743,4.04354,3.06083,4.12921,2.85652,3.0818,0.814346,2.41691,5.17979,2.18392
3.65474,2.15319,2.56829,5.46928,3.16055,5.48982,5.25886,5.28788,3.66792,3.51991
4.74345,3.67392,4.07792,3.4547,5.42958,3.95514,5.65352,3.37255,3.28334,4.71787
3.92151,3.93091,4.27297,4.85041,3.9207,3.86512,4.74635,3.83616,3.55385,2.57103
3.88516,2.29637,6.76878,4.06921,3.3224,2.21897,3.61722,2.26223,3.63841,4.07662
3.51386,4.43698,4.26381,2.97379,4.24302,5.36396,4.17804,4.32006,4.2634,2.87153
3.34612,4.28862,3.80479,5.94334,3.978,2.30806,3.05431,3.61121,5.09448,3.1214
1.65813,3.75103,3.78192,4.75728,4.32806,5.55906,4.16032,3.33735,2.68879,5.09566
4.18371,4.86161,5.4358,4.06443,4.6967,2.46025,3.72214,2.79704,2.2234,3.42094
4.63973,1.83232,3.09604,4.83604,5.85346,3.4489,5.20359,3.94652,4.20251,3.34694
4.93264,2.57052,4.99945,6.29629,3.49883,3.74936,2.065,4.5116,3.87457,3.34346
5.52138,4.86627,3.77906,3.6012,3.94569,2.97295,3.19787,2.70956,3.20968,4.35425
1.66677,2.75737,5.16172,4.24467,3.20141,4.30488,4.16266,3.96726,4.04537,2.25279
3.53967,2.88446,4.63298,4.05434,2.69973,2.60117,4.35963,4.03908,5.64444,4.51421
2.81378,5.32638,3.75703,6.06213,5.10923,3.51743,4.17758,6.22903,2.19017,3.13419
5.77522,2.69188,5.62545,3.4076,2.88594,2.74539,5.09127,3.80841,4.18325,5.41277
3.77287,3.77673,5.34503,4.55769,3.88503,3.36729,4.35849,4.40668,5.98471,2.4861
5.81464,4.29778,3.33887,3.15722,3.55023,5.75202,4.14887,4.67163,4.09309,5.13876
5.30148,3.18716,3.11887,3.27473,4.45489,2.92978,2.05413,4.15579,4.38071,3.63556
3.40863,5.23388,2.67563,4.60286,4.49764,3.93526,3.54084,4.0853,3.24617,3.3682
3.56755,4.8306,3.97549,3.64392,3.38038,3.73447,3.65055,4.64539,4.27624,4.7079
4.61424,4.82686,5.02697,2.24118,3.39405,3.01676,1.61057,4.85424,2.76397,4.3426
5.25805,3.034,4.05415,4.56699,4.06632,4.55083,4.81007,4.37684,3.15893,5.28401
5.29617,2.93917,5.30625,3.13423,2.53587,3.10322,2.49082,3.43747,3.05325,3.09454
4.07144,5.80349,2.47138,5.6169,3.86791,3.99441,4.26905,3.79846,4.12179,4.63717
4.81349,4.22066,4.56748,3.86062,3.19854,2.67193,3.93314,4.55261,5.03116,3.3764
5.1988,4.15493,3.65083,4.86129,4.14319,5.04677,5.17815,3.97937,3.33521,4.85185
5.35101,4.5392,4.13382,2.81487,3.15909,4.11325,5.77178,2.56851,4.39376,4.76504
4.31501,4.50427,6.10636,3.34544,4.42724,5.16401,3.25219,3.29632,3.0908,5.61123
2.73024,4.20746,4.46799,4.63558,5.37929,3.53812,4.51091,4.06278,4.0955,3.94336
5.77865,3.7567,5.4761,3.015,5.21173,4.06049,2.53696,5.52659,7.15793,4.12325
3.42231,3.44644,3.6519,3.98345,3.88587,3.12298,4.70555,3.91495,3.79754,2.50404
3.96045,6.26735,4.05816,4.05012,4.85778,4.41529,4.04432,5.19963,4.78504,2.98927
5.27482,4.38199,4.40272,6.51988,4.78643,3.20989,3.34378,4.6414,3.43377,3.17561
4.08984,3.89194,3.69703,2.42296,1.19633,4.34661,3.85064,2.83887,3.77898,4.31461
4.17238,4.68017,3.08299,2.34412,3.87301,5.59424,5.142,3.5276,4.48202,5.51814
4.53526,5.28259,2.29692,4.3984,3.20255,4.11607,3.72937,4.81132,4.5187,4.15781
4.3944,5.00097,3.50927,3.60184,3.16585,4.86094,4.39226,5.48983,5.00956,4.60564
3.57974,5.06395,5.53611,5.54565,5.00374,4.99505,5.3905,3.88275,2.12803,6.47036
4.24316,6.01084,3.66267,4.95725,4.3751,2.85653,4.07579,3.72225,3.05824,2.50507
5.19998,3.50915,3.6184,4.05455,3.95357,1.40413,1.49323,4.88759,4.38868,4.49163
2.34068,2.67035,3.27952,4.37138,2.99903,2.34842,4.02906,2.62987,4.26776,5.64139
6.55192,4.55106,2.99377,2.8452,5.29716,4.14782,3.9119,4.6547,4.25455,4.60875
2.84069,2.53336,3.66229,3.57525,3.47031,4.35861,4.45463,3.67001,5.14214,3.7818
4.26445,3.40389,3.41034,4.37758,5.47322,5.85507,5.76691,4.84714,4.48851,3.36073
4.02758,3.49359,4.67062,4.61022,5.39031,3.52416,2.71425,6.64818,4.51511,3.93781
4.41065,5.18605,1.98151,4.41332,4.56124,3.341,3.15526,3.79843,4.65393,5.26332
4.00053,4.73188,6.52015,4.13213,5.03104,3.23998,4.51574,4.83352,5.37822,3.70241
3.33864,3.2439,4.6876,4.90628,2.8899,3.51417,4.86392,3.12181,3.78994,3.5581
2.82834,1.74692,3.96403,4.47889,3.82527,6.72274,6.26144,4.12445,4.87552,3.02143
3.69434,3.24082,2.48545,6.20786,3.78044,2.85387,4.7295,1.8586,2.84952,5.06117
4.61523,3.50196,2.15342,2.39253,3.04579,4.87334,5.34574,3.96909,3.5021,4.87497
3.98709,4.6703,3.92348,4.39751,4.54743,4.25543,3.30131,2.51487,5.35187,5.4634
2.10599,3.60016,4.12902,5.23303,4.14648,3.50592,2.88484,5.01901,4.60664,4.74195
5.14588,4.20924,5.32958,5.89371,4.02698,5.41617,3.86453,5.83383,4.3043,3.16745
2.16953,2.86344,3.15284,3.92834,4.78405,3.71566,4.47572,4.57986,2.56946,3.53216
2.96313,4.00055,2.79856,3.07184,3.61951,6.1886,2.92007,5.03882,4.68717,3.24555
2.16328,4.93711,6.30612,3.38393,3.75386,3.79988,5.74627,3.04617,3.80195,4.81018
4.48343,3.83469,3.82235,5.56954,3.44565,2.92499,3.71622,5.00462,4.44939,2.94675
3.65632,2.55474,5.14202,5.27023,3.81789,4.19956,4.37391,5.27883,3.40971,2.45987
2.07561,3.24222,3.18568,3.20714,3.97959,3.78327,3.07688,3.59325,3.90475,5.10037
3.02188,2.48117,3.62062,3.71492,4.07892,4.8434,4.75044,3.68695,4.07234,6.16774
3.83936,3.63782,3.64459,5.99027,3.34612,2.05112,4.12384,5.45148,4.12613,5.01291
3.95839,3.93536,2.77081,5.59112,3.40621,5.0285,6.1416,3.20275,4.22596,3.5877
4.28206,5.13283,5.08082,1.9622,4.44695,3.56982,4.31412,4.53753,3.62577,3.41692
4.36201,4.00697,4.87034,4.91556,3.83772,4.1006,4.09979,3.15627,4.25728,3.72859
3.69326,5.87183,5.03008,4.66437,4.84239,4.59674,6.07491,4.66653,3.71615,2.96663
3.14254,3.84078,5.51573,1.93545,4.54586,3.52597,5.28848,3.92501,5.46255,3.69137
4.46803,4.19782,5.15887,4.98489,6.78907,4.39824,5.09041,3.57914,5.06819,3.8142
4.33665,6.42726,3.67139,1.95741,4.88864,3.43908,3.76912,3.18809,5.93451,3.09043
4.17436,3.83336,1.92713,4.41119,3.92951,4.87775,4.52299,4.13209,3.24426,2.24903
4.53221,3.13475,6.47255,2.40115,1.21926,2.8994,3.72812,4.89475,4.9459,4.27092
4.39218,4.14271,4.80124,3.4817,3.69744,2.90409,3.05026,2.2784,3.85648,3.69875
4.55094,2.84242,3.87221,3.36945,3.90347,1.86147,4.21047,5.14835,4.78275,3.89897
4.25402,4.83211,3.73368,3.65474,3.80563,4.87205,3.28041,4.04373,5.69175,3.25635
4.25776,3.72461,4.73902,4.6226,4.3012,3.74392,2.97317,4.30731,3.46491,4.57321
3.20778,5.03196,4.16903,2.51815,3.05046,2.81681,4.39329,3.76599,2.68061,3.39212
4.19457,3.13218,4.68,3.51516,3.70007,2.32216,4.0417,5.26107,3.81248,2.09035
4.55007,3.70245,4.85277,3.98279,6.33904,4.98534,4.05194,4.29712,3.45215,6.52269
3.36234,3.74824,3.61075,2.75425,2.30418,5.85378,3.7647,2.99521,1.69978,5.22299
4.48475,4.46115,3.43561,4.58097,1.3827,3.42342,5.01908,3.03819,2.26157,6.1811
4.11728,4.75695,2.00622,5.63741,4.98452,3.13101,3.37386,3.99781,2.18276,5.13195
3.90203,2.8039,4.29995,4.05992,6.5583,5.30293,5.06651,4.35779,4.62422,3.38388
4.46684,3.31065,3.37683,3.83723,4.30963,3.19704,2.32007,4.24433,4.71456,3.79702
2.47185,5.13873,5.60189,4.47721,3.67233,3.8117,3.94285,3.84971,4.19823,3.25906
2.51791,2.30405,4.8381,2.80304,3.44203,4.28854,2.89054,6.82082,3.51412,2.83797
4.6584,5.41824,2.69651,3.06576,1.88602,2.07417,3.91937,3.72205,1.55555,4.34809
3.97601,3.46797,3.70678,3.64543,4.03296,3.02362,1.67062,3.20049,3.97158,3.77307
3.01843,4.12468,4.60726,4.15315,6.10917,4.27342,2.80413,2.86082,3.12191,4.00469
4.70612,3.68776,4.33187,4.2385,3.44651,4.03691,3.13717,2.5001,4.53025,4.37021
3.5006,4.02343,4.00343,3.24769,2.02995,4.14383,5.1395,5.22501,4.07952,3.91924
5.59872,5.74825,4.45886,4.45536,4.05532,4.86589,3.75435,3.65451,5.20069,2.72939
0.997679,1.40075,3.65342,6.44322,5.45449,2.32777,4.66105,4.04528,5.00171,3.54859
4.36122,5.84168,3.70712,2.57538,3.64531,3.52446,6.09,4.74719,4.22278,3.36216
5.28508,4.09181,4.4348,4.04365,4.25619,3.89324,3.51018,2.98484,4.69572,3.85069
3.64029,4.07062,4.40215,3.08708,3.51355,3.19604,2.89235,4.49604,3.41914,2.44719
4.1,4.78056,3.4436,4.97989,4.03189,4.08851,4.41198,3.92953,4.91489,4.13859
3.50694,2.13648,2.96264,2.63074,3.65669,5.43921,2.29457,3.7894,3.66904,3.18744
4.09729,3.48667,4.18324,2.82945,5.41459,1.79272,3.86414,4.09808,2.11559,4.18222
2.40385,3.53252,2.68979,3.95631,3.07787,3.67923,3.71082,4.79483,4.35739,4.09172
3.70634,4.63525,2.76929,3.95441,4.15753,3.87365,1.97109,3.76246,3.45244,3.98262
5.94735,3.65207,7.22539,4.12065,4.13194,4.678,3.93154,3.76076,3.22253,4.1547
4.78333,3.77917,2.70583,5.18755,4.48244,4.47948,2.87712,4.20596,4.37367,5.35389
4.41129,1.79156,3.3598,4.33586,4.79859,3.57209,3.97706,4.05787,4.62066,4.53329
3.78645,4.0027,3.75061,3.83939,1.38419,4.43851,5.49512,4.75111,4.65498,2.78962
3.00229,4.20793,3.38377,4.79366,5.44856,4.929,4.25739,2.76725,4.64487,5.01196
4.78996,4.07944,4.58328,3.81499,1.64219,3.38198,5.42727,3.99347,3.74432,3.8657
5.47042,4.95368,1.80241,3.50311,5.37727,3.10423,4.75305,4.79813,5.42225,4.69779
4.8253,3.9753,4.92739,3.38771,2.00872,3.6435,2.55292,4.5696,3.79414,4.72016
4.76653,3.45866,4.97193,4.79656,3.34384,2.8719,4.17281,4.6276,4.80239,3.83932
3.91629,3.36126,3.5136,4.45381,3.38505,5.84972,3.8103,3.04369,3.62223,3.59467
4.93521,2.82367,4.78945,4.12565,3.31963,4.86341,4.83597,3.84032,2.74258,4.05679
3.33074,4.16662,5.72618,4.87875,3.56898,2.5626,3.20087,4.88608,3.00517,2.48812
5.36342,3.22371,3.93365,3.56687,2.89804,3.88462,2.77988,3.9483,4.05768,3.58992
5.21277,5.15816,4.13578,3.97286,5.27298,5.04229,3.15705,2.85441,3.10222,3.70029
5.12254,4.6838,2.63269,5.53937,3.163,4.30517,4.07934,3.08084,4.2411,4.63336
5.40834,2.67184,4.81172,4.06791,3.43307,4.19036,4.53333,4.25138,1.63344,3.52095
3.90534,3.93588,4.45146,3.60098,3.47304,3.43786,4.71007,2.88087,5.80435,2.87835
4.63923,5.23307,4.92552,2.71663,4.33201,5.42539,3.46341,4.13899,5.4361,4.80669
3.19778,4.40854,3.98275,5.32062,3.19028,3.91535,6.48816,5.48161,5.39496,2.12307
3.69938,2.62913,3.46459,3.97856,3.82897,3.15113,4.62191,3.88472,2.41825,3.08502
2.45556,4.42702,3.62648,3.79246,3.23573,4.41278,2.63995,4.40311,4.68021,5.36461
3.5431,3.49703,4.3033,4.91417,5.20754,4.10439,2.69581,3.76265,4.51252,3.60559
4.96137,4.01273,3.86764,4.20732,3.3222,2.96725,2.91451,2.78432,3.43905,3.78328
3.97162,4.15647,5.09552,6.4303,3.33221,4.08032,3.58604,4.01868,4.27048,3.96204
4.21776,4.28757,5.35745,3.81949,5.16364,5.35791,3.68966,4.80729,4.95864,4.80633
4.63642,2.87643,3.34252,2.17042,4.92537,3.58435,4.32587,4.62913,6.15598,4.75538
2.19696,2.90337,4.83764,4.47474,3.58725,3.87302,4.39936,4.13772,3.26719,3.12218
3.26033,2.71652,4.13028,2.13244,3.91405,3.66245,3.59982,2.76769,4.60092,2.84107
3.78145,5.01751,4.5735,4.77051,2.48952,3.606,4.29221,3.26232,3.89876,3.84329
2.7078,3.9164,3.98127,1.61218,4.41889,4.06585,4.79715,4.81121,3.47297,3.96544
2.89738,4.70105,6.1619,3.56977,4.89608,4.02559,4.29948,3.82328,4.68949,4.77494
4.27549,4.5885,6.33844,3.85768,2.13186,3.68506,4.73694,2.58453,5.63741,3.84773
1.86609,3.67222,3.88457,2.95787,3.61509,4.51706,3.29549,5.30984,4.47059,3.50256
3.56761,4.54698,4.13329,2.74759,5.1355,3.83202,5.02892,3.72879,4.4838,4.59696
2.90438,5.18452,5.48338,2.95809,5.04621,3.86006,3.62974,4.31791,5.4071,4.06347
4.23244,2.84883,3.95912,4.20958,3.70104,4.22959,3.12977,5.08048,4.09673,4.46705
4.97918,4.60435,2.5524,5.45752,3.3552,4.19226,2.26877,4.54774,3.64953,2.54535
3.69933,3.85836,4.56282,2.67766,3.38072,1.04971,5.21095,3.85683,3.42655,5.61984
4.15485,4.93216,2.47163,3.0179,3.9988,4.80877,4.63787,2.83049,2.21594,3.78
2.80588,3.83813,3.8711,5.39765,5.42281,2.93092,4.27796,4.86441,3.89078,5.45255
5.54258,4.3724,5.29276,2.71721,3.7183,3.89145,2.7765,4.67885,3.9217,4.88134
3.70404,4.21041,4.82533,3.31939,5.09613,5.19422,2.32038,5.17378,3.57749,2.85336
3.6167,2.44687,3.94994,3.38124,4.04205,3.68453,3.95315,4.70789,5.99973,3.33062
3.30197,5.01836,4.94948,3.88136,4.85433,4.54851,2.95099,4.09211,4.46374,2.60972
4.77116,3.67442,5.23069,5.18859,4.54997,3.68104,4.69255,4.20307,3.15463,3.13608
4.65448,4.19383,3.25537,3.08275,5.20642,3.84511,6.73986,4.65423,4.17,4.15828
4.112,5.79065,5.68259,2.79975,5.47891,6.12082,5.22997,4.74503,4.56462,4.92944
5.38125,3.66197,4.13127,4.04266,4.25632,4.77326,2.85936,2.88634,6.70499,4.65547
3.67665,2.65137,3.59904,2.21832,3.41166,4.84396,2.88502,4.78326,4.22019,3.75941
4.73961,2.39827,3.26897,4.93501,3.29927,4.15224,4.39065,4.68959,5.53339,3.20166
3.99143,5.53614,3.05434,3.97602,5.69162,3.64026,3.38955,4.06544,4.10525,3.17681
3.04324,2.481,4.66226,2.79755,3.21933,2.97801,4.03991,4.73918,2.84955,3.86379
3.23144,3.8486,5.03889,4.36341,3.53571,5.14919,3.5544,3.84646,3.82315,3.50912
4.80982,3.17498,5.33726,1.87406,2.94412,4.5032,3.75241,4.52937,3.86968,2.6213
3.09867,4.62352,4.4245,3.01886,5.10853,2.08384,5.58747,4.75402,3.70776,5.40417
4.94699,3.6477,5.10781,3.39385,3.94448,3.37141,3.24764,4.43027,3.9386,3.20485
4.73452,2.86902,5.18086,3.45866,4.28639,4.19416,2.1115,2.69492,3.01027,4.18195
3.3432,5.53516,6.44852,5.32772,4.83847,3.15841,4.48368,3.52013,4.16851,4.477
4.18447,4.32018,4.80912,4.44118,5.1464,4.9637,4.36547,4.60581,3.80097,5.10708
3.85039,3.17385,4.04273,4.07785,3.77852,3.23233,4.07368,3.27176,2.76859,3.83403
2.10819,4.08994,3.15146,5.28188,4.32304,1.93877,4.91502,4.89799,1.80304,2.31439
4.13826,2.2978,4.44063,5.11537,4.05339,3.19962,5.53441,3.28512,3.28511,4.59114
3.55854,4.14518,2.2087,3.5319,5.72901,3.32925,4.19966,3.33863,3.47357,4.77267
3.69968,5.3869,4.41922,4.935,2.44165,1.39153,3.14895,4.0269,3.65716,4.40417
2.55562,5.0331,4.27367,3.73094,3.27379,4.11365,3.1883,3.20498,3.25359,4.53673
6.19194,3.31804,3.45314,3.60437,2.86093,3.30793,5.19998,2.90666,3.84173,4.27968
4.91387,2.77272,4.22919,5.26033,3.33324,3.90717,4.37888,5.09497,3.66485,4.61804
3.48675,4.56151,4.00112,4.20598,3.25814,3.95975,3.91518,4.07193,2.93116,4.90313
4.06251,4.33291,2.71575,4.03883,4.635,3.17955,3.78119,4.87965,4.49676,5.19299
3.22293,5.21122,4.68289,4.70388,4.81459,2.7809,3.21453,4.88821,4.23935,2.8707
2.44853,5.33951,6.05952,3.57976,3.07816,4.58583,4.16359,4.77881,3.98342,4.74309
3.81287,4.85966,5.16233,3.83405,3.83389,4.77245,3.93581,5.10904,3.73226,4.0965
3.7122,5.07788,4.82969,4.02894,5.16998,3.75137,3.94711,2.64905,2.77776,5.56656
4.03668,4.49352,4.42705,3.89611,3.61455,5.4687,3.56037,4.41945,3.77323,4.41962
4.18101,4.98805,3.92482,3.82226,3.25035,5.5175,3.13804,4.48134,4.07827,3.66768
3.7992,3.74718,3.92025,3.94963,3.7165,3.69187,4.46491,4.5807,3.88156,4.69743
4.17267,4.26302,3.40572,4.04471,5.48567,5.19212,2.56406,4.34852,4.05425,2.37194
3.66372,4.43878,6.11712,2.57839,5.31,5.93289,6.47594,5.88804,6.37353,5.33532
3.42718,4.40373,3.51125,3.10525,4.48965,3.11083,2.68609,4.26667,3.38093,5.41132
4.22921,4.59362,3.19785,5.99396,4.50625,3.3628,2.19866,4.39136,3.83174,4.36254
2.59314,4.66893,4.34477,4.45355,4.65912,4.53439,6.40326,2.68513,5.72502,2.42997
4.19369,4.84148,3.54363,4.14384,4.25143,4.3697,5.88706,4.72714,4.49858,4.71206
3.12913,4.67657,4.406,1.66818,4.64327,6.55747,5.75497,5.12983,3.7126,3.43418
4.67739,4.43208,2.95291,3.96888,4.86951,3.36456,3.36841,3.40269,2.43532,3.52697
3.92049,3.14554,6.16518,4.57685,4.04308,4.52014,2.9791,4.33178,3.23802,4.2349
2.8287,5.71685,4.64379,3.6019,1.73445,2.21072,4.07456,2.49901,4.69777,3.74457
4.94554,3.07527,3.89291,5.02442,3.035,5.20266,4.46696,5.00711,3.2937,4.79114
2.42719,3.56989,4.25205,3.60811,2.42486,4.29863,2.19902,3.74865,4.08902,2.39176
4.45695,2.69307,2.95101,6.09014,2.81711,2.6328,4.87994,6.33917,4.67823,6.11946
4.24555,4.02928,4.24817,3.2888,4.25687,4.40604,5.0026,4.9816,4.21883,2.34825
4.6995,4.09132,2.805,3.21186,4.15418,3.24958,3.67355,4.02369,2.82607,4.00777
4.57592,4.30282,2.22664,4.82312,3.75726,4.8137,3.03713,4.35772,2.58834,4.20728
3.40575,4.46023,4.2922,2.58604,6.38243,3.53704,2.49771,4.41801,4.52652,3.66536
3.61882,3.72128,3.1933,2.79108,5.69899,4.27165,5.06815,3.30023,3.94569,5.47704
5.56992,3.26843,3.61539,4.37234,2.97798,3.60793,4.16452,3.23159,3.07256,4.92513
2.92305,3.85162,3.08922,2.47795,4.7339,4.73724,4.15977,4.8545,3.78851,3.58988
3.85663,5.1913,2.66203,5.12141,5.34193,3.40738,3.0683,3.58301,2.60039,3.67375
3.41713,3.81681,4.10762,4.98963,2.7578,4.37733,1.44347,3.5682,3.83724,4.34937
4.24088,4.74841,3.75041,3.78684,6.10008,4.72132,3.72755,3.11444,2.50302,5.01068
3.48636,5.0657,3.74248,4.46498,3.39928,3.48349,4.314,3.55193,3.52651,4.22445
2.17399,3.66079,5.72508,3.31626,5.59141,3.90493,5.85805,6.25711,3.94094,3.90102
2.90586,2.29085,5.11827,4.61478,3.53154,4.24484,2.98824,5.52802,4.36586,4.31245
2.75699,2.00947,5.05731,5.46974,3.93788,4.1492,4.55809,3.88712,3.85499,4.29549
2.22824,2.56996,2.47016,4.66171,4.76382,4.82038,5.68898,5.06421,4.01093,3.03159
3.55984,4.67346,3.42293,5.08504,4.61148,5.57206,4.34284,3.23085,3.26555,4.48444
4.60674,3.66287,4.78466,5.42507,5.67709,2.21101,3.76233,4.92663,2.7649,4.29039
4.26651,2.88043,4.40189,5.01622,3.38617,3.47654,3.68419,3.03638,4.12478,3.6313
5.04842,4.869,4.0985,5.31313,3.34337,5.39516,3.86773,5.23528,2.91115,5.42739
4.32142,2.69583,3.70855,3.34353,2.57813,3.67363,4.00854,5.02852,4.73792,3.74138
3.38271,3.18689,4.83389,4.69024,4.64501,3.60716,4.65077,3.89621,2.65675,5.31853
4.14995,5.13855,2.99052,3.56139,4.85149,2.62026,4.17056,3.10087,3.26335,2.82539
3.07599,3.46958,5.73968,4.59056,2.56819,3.95872,3.19378,5.33537,3.39642,3.47596
2.1632,2.57038,3.42528,5.3691,4.43651,3.66093,3.02841,6.34474,4.3296,5.18919
4.39593,2.14621,4.00327,4.50836,3.04849,5.22871,4.10609,3.09002,3.70324,1.80865
5.29156,4.10591,3.35567,3.63239,4.7552,3.86218,5.18483,3.83822,5.20997,1.45409
4.11412,4.56031,4.15319,4.37635,4.88318,4.35253,0.521711,4.37766,3.65681,4.47592
2.66926,4.46943,4.36691,1.45827,4.30341,4.284,3.14012,5.18871,6.82891,3.47296
3.74128,3.11301,4.17462,2.73091,3.53998,3.99072,4.77805,2.70622,3.68064,3.84723
4.36162,3.8053,3.5333,5.20647,5.37433,2.97908,3.83724,4.42355,5.60355,5.79352
3.13037,3.76146,3.6002,2.42644,5.59535,2.61495,3.09437,2.78668,3.6307,3.00364
4.91528,4.34023,3.31802,4.57298,4.08297,4.37633,6.01321,4.89364,3.68319,3.51354
2.9062,5.44734,4.80872,5.1439,4.14524,2.94256,4.15139,4.32214,3.44764,3.15917
3.82556,3.31607,3.90225,5.47509,3.3699,6.60349,3.65578,2.67811,4.80997,3.67239
3.53033,3.71757,4.73846,5.10805,4.57555,4.24396,2.73498,2.30758,4.49232,3.42767
3.20266,4.94852,3.53291,5.71469,3.65182,4.80488,4.19095,3.69041,3.75253,4.42104
4.82558,3.09639,1.52433,2.346,4.7644,4.58409,5.25692,1.93435,4.94567,3.07071
3.60159,2.62038,5.29766,5.07912,4.85506,4.00419,4.38238,4.26783,3.65642,3.87204
3.82509,4.96031,3.73103,2.79284,3.72662,3.57459,3.48641,1.81436,4.49297,5.45687
3.97118,5.12357,2.97396,3.94798,3.04871,3.38042,3.18665,5.46337,3.74947,3.7644
4.35657,3.09525,3.44999,3.30048,3.36644,2.79428,4.90144,3.76832,3.50389,5.71729
4.80064,3.51782,3.84704,3.35813,5.60968,5.94978,3.96548,4.89556,1.79259,3.86375
2.07656,5.17766,4.94725,3.54201,3.98203,2.70893,4.80252,4.88579,4.48814,3.41573
3.97025,3.89587,2.51298,3.3922,4.63956,4.79657,5.26237,4.92526,5.62494,3.1725
4.55551,2.2453,2.30078,3.00041,4.0074,4.15504,4.09924,5.62314,4.53365,4.47492
2.38466,3.07189,1.90156,2.8992,4.51877,5.20055,4.71163,5.54124,2.04507,4.40276
3.72133,5.39814,5.44234,4.44466,2.71537,3.23197,2.86015,3.76752,3.52147,3.78054
4.8169,3.80279,3.4443,3.67128,5.53276,4.73566,4.39655,3.99403,5.16229,5.50961
4.67421,5.20061,5.64726,5.50157,3.12995,5.91304,5.47303,4.59312,3.51875,4.48589
3.43185,3.21254,4.32465,2.93884,4.00904,4.53324,3.4563,3.84166,4.20248,3.33457
4.38546,3.07016,3.98627,3.81629,4.2605,5.45042,3.70076,4.80274,3.07264,4.49141
3.27407,4.5164,2.98546,4.20936,3.89833,3.87828,3.50985,4.8623,4.96836,3.8684
3.96876,4.70148,3.64426,3.58195,4.10713,3.79796,4.77254,3.48927,4.82092,3.87792
4.38985,3.72873,2.73915,2.82925,1.43315,3.3297,2.17808,3.14234,5.26212,4.04334
2.18846,4.21516,4.32864,3.81784,4.97328,2.25382,5.4588,4.88784,5.26807,2.6056
3.21857,4.22103,5.54853,2.30958,3.98643,3.81503,3.10213,5.32228,4.62704,4.02057
3.18272,3.79593,2.88781,4.95237,4.48542,3.56114,3.7884,3.05264,5.28198,3.08018
5.43847,4.70859,3.65243,4.66406,2.38617,4.81128,3.00058,4.40349,3.80895,3.57317
2.5892,3.72789,4.35745,4.61455,3.38816,4.34799,4.36769,4.62778,3.15032,4.1118
3.79565,3.28172,3.87222,5.08884,2.485,3.07721,3.71074,4.63519,5.35439,5.40441
4.18821,4.21933,4.5406,4.25347,4.26932,3.71247,4.88259,3.62432,3.64992,3.11456
3.9478,3.23674,4.02001,4.73974,5.25685,5.61497,5.25042,4.29911,4.44977,2.91753
4.15582,2.22758,5.71723,3.42641,4.93806,4.83681,4.2429,2.73093,4.91341,5.61298
4.49093,5.55538,5.40406,2.74771,4.72623,3.6165,2.36785,4.90239,3.18984,4.2782
5.18529,3.4626,2.06527,4.88626,4.58762,4.96054,5.58105,3.52812,4.5663,3.30578
5.26489,4.49199,3.35608,5.64777,2.88602,5.21615,3.13915,5.26089,3.96019,4.2246
4.8431,3.91077,3.18749,3.78856,3.19999,3.97589,3.50421,4.92712,4.22265,4.65055
3.15687,5.26086,4.81566,3.72356,4.10068,4.45877,2.60352,4.21574,3.71541,4.41485
3.105,2.17057,5.35787,4.2232,3.49913,4.00174,2.14612,4.46299,4.2701,5.06624
4.86941,4.60698,1.73879,5.70495,4.40788,6.02558,3.91445,3.88965,5.62639,2.71969
3.83814,3.80616,5.36715,5.32581,4.56056,6.05623,3.97183,2.85999,5.75147,4.38918
3.434,4.17634,4.43176,4.63319,4.97479,3.98155,3.31399,3.57974,3.95134,3.16549
4.30526,4.43175,5.7547,4.35034,4.0043,5.65938,4.16162,5.02789,3.91144,4.79582
2.76202,2.79069,3.61627,4.11087,4.6075,3.5784,4.1306,2.78022,4.52355,3.12955
3.96694,4.82538,3.36843,4.0492,3.65707,4.75338,5.06773,5.41107,4.71632,2.43754
3.26601,2.75094,4.95571,2.84522,4.49914,2.55694,4.94336,4.13488,3.91944,5.21086
2.32872,3.5564,5.40546,4.71466,2.04403,4.39251,4.1582,4.98486,3.98974,3.86863
4.42337,3.79602,4.38329,4.09394,3.78279,2.89758,3.4498,4.73975,4.06801,3.60128
3.07287,1.58474,4.79057,3.38989,5.80365,5.33229,4.01039,4.32883,3.97233,4.39746
5.20184,3.36737,3.55612,2.67515,3.50919,3.06614,4.13967,4.38425,4.05568,4.89801
4.35112,4.65361,5.63659,3.55952,2.56018,2.20753,4.86002,3.9547,4.54517,4.60565
2.6546,2.81916,4.10287,4.69139,4.39111,3.72297,3.47651,4.59116,4.40022,4.38931
3.31343,4.53179,4.19892,4.41222,3.912,3.92518,5.01676,4.29201,2.89427,5.47834
3.81205,4.06541,3.22096,4.49217,3.78787,3.86482,2.30998,3.37068,4.37671,3.91652
4.16355,4.15866,4.95596,3.55207,3.37629,4.1466,3.55347,4.64386,5.55129,3.83668
0.677417,3.98112,5.01529,5.53575,3.2086,4.13328,4.86177,3.30576,3.78244,3.03425
4.90322,4.84294,4.67996,3.28642,2.75342,3.56222,4.59253,5.91719,3.61131,3.50685
3.17574,4.44046,3.92922,5.81404,3.72897,3.26688,2.73375,3.00955,3.01855,5.03512
3.10532,4.20166,3.94929,3.14654,4.54383,3.71561,4.264,4.59982,2.44963,3.98583
3.86584,2.43749,6.18073,2.69169,5.50078,2.54476,2.94895,4.11091,3.83065,5.708
1.78009,6.15912,4.28045,4.32759,4.38304,5.98888,5.41612,5.71345,6.80497,2.30007
5.02558,5.64039,1.96313,3.97588,5.37318,4.96875,4.98233,4.47409,5.26236,3.07654
2.36501,2.87709,4.10871,4.84065,4.54575,4.03854,3.73996,6.82517,5.48492,3.03569
3.40736,5.12652,6.38724,5.48547,3.22122,4.55532,4.98465,3.69431,2.27349,4.20219
5.29702,5.4358,5.24748,3.54803,4.65343,1.69158,3.83433,3.89506,3.42464,4.29365
4.96136,1.70433,3.5329,4.4127,3.80922,5.51747,4.94113,4.12449,4.29209,4.26991
5.48542,3.17975,3.99209,3.61031,3.66032,4.73123,3.70468,4.25994,3.8678,4.2141
5.27965,3.79169,2.94864,1.65638,4.71875,4.73511,4.10078,5.33848,4.05636,5.22764
4.32793,3.63233,3.66612,1.79313,5.22293,3.17701,3.60075,7.89992,2.78811,4.29494
3.67824,3.34903,3.55078,2.98718,4.01464,4.8785,3.831,2.62115,5.34941,5.19145
3.51659,3.57134,3.00636,6.03945,4.51469,4.96834,4.56132,3.21844,3.99782,5.11599
5.53364,5.87724,4.58059,5.67268,4.04434,3.95333,3.32116,3.21038,5.31456,3.65928
3.18066,4.99213,3.81393,3.19211,6.65011,5.36543,4.29782,4.3766,3.38212,4.86087
3.52588,5.24395,4.65324,3.28557,4.699,3.52008,5.6592,4.80826,5.00742,4.113
4.682,2.91723,4.04633,3.88124,3.01929,4.1388,3.08025,3.86533,5.0285,5.39859
6.33465,4.7039,4.1124,3.51431,4.06209,4.36328,3.02121,4.44539,3.58374,2.15512
2.32342,5.13387,4.0544,3.67316,5.33937,5.0979,2.27954,2.61791,5.88688,3.90143
4.87277,4.7052,5.86807,2.87831,3.51275,4.17673,4.16594,4.12839,4.84238,4.4685
3.62914,2.62307,1.67311,4.79888,3.93337,2.93319,3.87031,3.90155,2.40795,3.67372
4.7235,5.45659,4.32538,3.15858,3.56692,3.12662,3.14859,5.32691,4.56634,1.73602
3.04268,3.05168,4.80196,2.74666,4.79086,6.09723,2.69839,3.10711,3.44715,2.44673
5.13773,3.22352,3.98938,3.8033,4.07809,4.527,5.18297,2.58735,5.65601,3.03347
3.86481,3.17306,4.42846,3.26212,4.73082,4.47553,5.27262,3.27746,3.55375,3.99721
4.22558,4.56569,4.92171,5.14185,4.08219,4.97758,3.30439,4.75629,2.98713,4.33918
2.77859,3.70141,2.98342,1.49099,3.91875,4.73207,4.74907,3.41128,5.15276,4.75062
3.01327,4.00509,2.41352,3.95973,4.34908,3.02286,6.22116,4.11509,4.20051,4.30573
2.37757,4.74296,5.02103,3.84405,5.64856,2.87712,3.61491,2.51708,3.40439,2.66062
4.29253,4.89972,4.26361,3.80961,4.56056,2.6335,4.69404,5.52721,3.33723,4.22313
3.47572,2.99367,3.02277,3.66844,4.51869,5.69362,4.90497,4.70977,3.7469,5.98076
2.67574,3.13279,4.67393,4.92164,3.69085,3.49005,4.63492,4.97257,5.14119,5.19525
4.6608,4.1174,6.60451,3.47794,4.96635,4.21674,5.69597,3.99511,5.44192,2.59611
2.73013,4.10729,4.62337,4.20662,3.83475,3.22528,4.70429,4.64233,4.8281,3.96834
5.01088,3.35781,4.40259,5.79895,1.46871,3.90827,3.1882,3.13518,5.04532,3.79351
5.50884,2.59029,4.60865,2.41995,4.99596,4.95381,4.84351,3.20435,4.57662,4.54237
4.62184,4.69202,3.51711,5.88697,5.30311,4.32483,3.74784,5.30744,3.76327,3.81304
4.58097,3.00609,4.34281,2.73351,3.85079,5.292,4.32982,2.73182,2.96601,3.86805
2.64618,3.01478,3.65557,3.37003,3.40618,4.72095,4.1859,4.61185,3.75978,4.3621
5.18978,5.32707,2.6236,3.41027,2.84906,3.67229,1.59783,4.20594,3.25875,3.1297
4.27504,3.96059,3.96036,3.93589,4.03711,4.14842,2.62878,2.8809,5.82244,4.12465
2.76134,1.29435,4.69193,2.21069,4.00948,5.08365,5.43295,4.01958,3.74939,4.09062
3.42493,3.91697,2.85544,2.62802,3.14879,2.53717,4.89563,4.38184,3.13246,2.77382
5.55661,4.28268,3.94785,4.57519,4.52332,4.68565,4.65368,3.96018,3.29308,4.16517
3.83535,4.53722,3.20921,3.21171,3.08322,4.0959,4.45119,5.08975,4.1965,3.47111
3.87158,4.09314,3.60402,3.15918,2.87487,5.27118,5.63801,4.57114,4.39697,4.78969
2.82997,3.14991,3.86713,4.75666,2.90043,4.05182,3.38135,4.23392,3.54338,3.79302
4.13351,3.45933,4.26411,2.52125,5.26438,3.01784,3.40626,1.55458,3.79145,3.80945
5.52476,3.99602,4.13213,4.70844,3.06502,2.18832,5.50352,4.34928,4.81977,3.95798
2.01459,2.89909,3.67919,3.62066,4.23549,4.54069,2.835,3.1025,3.28868,4.17571
3.38925,3.38416,5.32265,4.3518,2.30641,4.51231,4.66356,4.90078,3.81273,1.44758
3.2379,4.13906,5.26998,6.5003,2.72511,4.41826,5.20679,3.77035,3.97836,5.99491
3.48046,1.50685,4.22381,4.74217,4.94544,3.06367,4.34417,4.21232,4.40171,7.03999
5.0492,3.42694,4.74694,4.14752,3.29424,3.0583,3.03264,2.5964,3.89529,2.6425
2.65025,5.67988,6.59462,3.8605,3.18495,3.34641,4.52265,3.45833,3.69149,2.35672
4.57838,3.34476,5.95403,3.00235,4.08756,3.80705,1.42589,2.92886,3.48358,5.00104
5.10533,4.33051,3.54073,6.71286,4.65128,4.16159,3.19136,4.35353,3.65501,2.60106
4.90758,3.04294,4.07707,4.22663,2.52635,5.47254,3.9035,4.74411,4.23514,5.47201
4.23955,4.75613,4.25195,3.41019,6.01459,3.91427,3.77114,5.62293,4.58391,5.37351
4.39456,5.57459,4.41371,4.69476,4.15175,3.24791,4.6629,4.86206,4.67017,4.44466
4.14362,2.84968,5.19049,2.57631,2.90555,4.47042,5.03757,4.06422,5.20227,4.38696
4.72032,1.19736,2.97698,2.88824,4.31696,3.53853,3.8084,4.9614,4.80216,4.09
5.55533,4.83045,5.86535,2.46685,5.50891,4.1546,4.29357,3.86486,4.75134,3.1044
4.45093,5.91562,4.22698,3.78922,2.95588,4.07824,5.54787,4.73602,2.53091,4.12362
3.52848,4.64567,4.89216,6.28609,5.08266,3.04468,4.04606,5.37461,2.98951,2.92938
5.37731,4.27282,3.71296,4.95355,4.23687,4.92374,4.92479,4.79792,3.76666,3.98126
4.96234,5.11565,4.30014,3.8389,4.17172,3.03618,3.77881,3.32745,2.95089,3.78351
4.1334,3.62778,3.12635,2.18377,3.90258,3.16456,1.97053,3.48925,3.42664,3.69534
2.93589,4.63552,4.95045,3.11345,3.60667,2.95739,2.58759,4.0467,3.38957,3.72052
3.13873,2.40682,3.9925,2.51715,4.25208,4.60064,5.91215,3.19802,4.01188,3.96243
3.02731,6.16751,2.54183,3.97324,3.38628,4.35953,2.63143,2.7462,2.4253,4.13497
6.04028,2.84569,4.59753,4.89664,3.67599,3.45547,3.59949,5.04778,5.55264,2.76577
5.02813,4.34695,2.72016,4.55576,4.37443,4.54885,5.29881,2.47217,3.1023,3.89524
3.51091,4.2785,4.8558,2.38851,5.82971,2.86482,2.9587,3.19842,1.87707,2.62855
4.07283,4.1397,3.13986,3.09459,5.34823,5.59202,2.9526,2.17787,4.04273,5.14955
3.32757,5.22196,2.84719,4.47794,3.38563,4.34205,4.35331,2.68966,4.22815,5.87003
2.43408,3.32719,5.51259,5.01124,4.36016,4.79939,4.43814,2.60235,3.72746,3.13598
4.68628,3.98158,3.41545,4.13246,4.7819,3.74754,3.13676,3.49396,3.84807,4.62644
4.09736,4.00499,3.88604,2.62484,5.53282,6.0094,5.01174,3.91636,3.12162,2.93108
4.50312,4.51936,4.48146,5.26769,2.83004,2.98131,3.15406,3.04222,3.77319,3.99586
5.68321,3.80661,3.12614,4.19404,5.16852,5.69375,3.62796,4.90713,4.67657,3.6921
4.13961,5.32564,4.247,4.20398,3.82725,3.24452,2.68902,4.49601,3.8325,4.1564
2.74163,2.88979,4.89338,3.23831,1.59872,3.97507,4.6073,3.63185,3.45911,4.16616
3.6615,2.84501,4.91934,1.98154,3.19161,1.81786,1.92004,2.22429,3.93332,2.77234
4.38092,2.70873,3.46474,1.89316,3.83065,2.252,5.174,3.18482,4.10146,5.29855
5.79296,4.42782,4.22895,4.83264,2.45005,4.70946,3.7506,2.23554,4.1646,2.84171
4.11794,4.94605,4.85489,3.78185,2.21969,6.25367,5.56482,1.79212,3.58596,4.1046
4.32329,4.45646,3.70612,2.00392,4.80345,3.87647,4.43374,4.94742,4.04577,1.84126
4.92372,2.90692,4.54125,2.05475,4.66545,2.46075,2.85225,4.50875,3.85852,2.97095
4.19002,4.94856,4.13676,5.48218,3.5232,3.70989,3.17604,3.00938,5.63841,2.54663
5.90301,4.06984,5.25948,2.11252,3.1267,4.59637,5.03984,4.29168,4.04754,3.34589
5.13919,4.37861,4.0442,3.23065,4.57254,4.30116,3.86607,4.90083,1.59228,2.80987
2.51137,4.8695,3.63904,2.80472,5.05773,3.39961,4.1516,5.20567,4.98134,4.06776
3.16599,2.73798,4.14213,4.68809,3.67082,5.36564,5.14328,2.25063,4.44301,2.18444
3.96731,3.26791,1.96937,3.40101,4.91937,5.17893,4.16209,3.884,3.60742,4.243
3.08216,5.94134,4.02827,5.09723,4.56844,3.79519,4.92153,3.87426,4.2276,5.50742
4.01528,4.22285,3.89255,4.8724,3.75162,3.53687,5.45178,4.64615,4.25114,3.93958
4.42027,1.53091,6.78886,3.23422,3.70167,4.42919,3.53667,3.31126,4.12708,3.90762
4.501,3.83588,4.12079,1.91341,3.41563,2.67702,2.30286,3.31667,2.55214,2.93698
5.52354,4.08246,3.6739,5.20899,4.19295,5.41418,3.69937,5.47589,4.96196,3.7486
2.8241,3.8463,4.07592,3.68532,3.87474,4.92342,4.35143,4.83149,4.89292,6.27781
3.81672,5.45073,3.21966,5.19208,3.99528,4.16805,4.21871,4.47598,4.84831,4.08033
2.84193,3.54787,5.08042,2.52822,4.95737,4.97183,5.6779,4.72111,3.60926,4.46904
3.35858,4.51128,2.89633,4.15033,4.3586,4.86675,2.60368,5.06939,4.85906,3.09475
3.52884,2.71844,4.79964,5.54001,4.27456,6.78368,2.05392,3.37138,4.4542,3.28487
3.23645,3.21566,4.00477,4.16794,5.15926,4.92199,6.48949,4.67939,3.2508,3.23603
3.73771,3.79597,1.41232,4.62277,4.21601,3.02634,3.11649,3.64611,5.54953,1.95495
2.93712,2.48793,5.85111,3.17172,3.20391,3.59343,4.50375,3.91778,4.88372,2.77786
3.5786,3.07711,4.76697,2.82957,5.68013,4.40072,3.87923,2.2203,5.41828,1.67586
3.38702,5.16203,4.05693,1.74996,2.23406,5.24848,2.71219,3.06988,3.78251,3.04371
4.28094,3.30303,5.08465,2.03238,3.59976,5.36987,3.8738,3.66833,3.65632,6.05032
4.46523,2.07431,3.67418,6.33798,3.21678,5.20044,5.88081,2.76231,2.00829,4.49346
3.65222,4.12462,3.2325,3.67579,5.24188,3.4251,3.3013,1.50811,5.73751,3.88006
4.85581,3.64623,5.32608,6.72428,3.66364,2.94734,3.35012,3.0386,4.64848,3.0869
2.92063,4.91362,3.05261,5.59164,2.48187,3.13951,3.93139,5.55287,5.52032,1.78838
3.75792,4.50657,4.22519,4.17339,3.45106,4.15997,4.54715,2.5714,4.59311,2.75889
2.79925,4.5506,3.84183,3.20247,1.31402,4.66887,4.20935,3.57453,4.62915,3.29197
5.02203,3.45103,3.06082,3.669,3.93851,3.53237,4.56602,3.79305,3.88902,5.51649
4.01878,3.41935,2.77265,4.57669,2.8254,4.96353,4.423,4.0473,3.53612,4.13165
5.31952,4.57184,4.47833,4.77688,2.84974,3.70475,4.96162,2.64768,4.78734,4.25373
4.54153,4.5517,4.50692,4.0904,3.6286,2.28513,2.70702,5.36593,4.20778,5.42354
3.51466,3.67691,4.58006,2.66802,3.63585,4.81209,2.27046,3.65818,3.92478,4.30248
5.00417,5.22877,2.11647,2.8662,3.56009,4.69705,1.74388,2.93948,3.09283,1.91512
3.64516,4.60819,3.72902,3.75494,4.38922,3.12899,4.25236,3.41172,5.35462,2.55958
2.21756,3.34166,3.08551,3.86033,5.16402,2.39116,4.37093,3.91571,2.56127,5.07549
4.78578,4.02414,3.45979,4.1679,5.41221,3.78608,4.67608,4.55847,4.86075,4.22507
4.51448,3.47817,3.88677,5.04875,5.25857,3.69362,5.18496,2.16463,3.79783,3.85072
2.47537,4.95045,3.4616,3.57739,5.81187,4.09313,2.13877,4.481,4.39361,3.91343
5.71818,5.72661,3.96216,4.82351,3.99224,5.28222,4.78772,2.68873,4.67663,3.94034
2.85069,5.15025,1.24792,4.79219,2.73851,2.54281,6.0339,4.65529,2.95803,5.17488
2.90664,4.26197,4.6973,3.88719,3.79445,3.01212,3.46656,3.5164,4.71643,5.25697
5.24203,4.46947,5.24724,3.64725,5.5932,4.59581,3.59515,4.38985,3.46113,4.99639
5.63428,1.19368,5.69848,4.00371,3.84328,2.92392,5.24199,6.22531,2.79179,2.21439
3.28751,4.08172,3.53607,2.56788,4.83449,3.46142,4.05629,3.22866,2.37995,3.52408
4.48996,3.39707,4.80122,4.56572,4.02073,3.29546,3.52427,3.69602,4.26757,4.74049
3.78365,2.78234,4.06601,4.2925,3.99121,4.53773,5.64505,4.4231,2.50914,5.21949
3.86125,4.64943,4.29753,5.10249,4.35029,4.0333,4.35535,4.03149,6.75971,3.82434
4.25809,4.56407,4.21722,4.10669,3.97496,3.52218,3.94258,4.33389,3.57799,3.93294
2.49512,4.34641,3.25633,3.8823,3.96455,4.09634,5.10659,5.53247,6.49822,4.972
2.23851,5.07693,4.85945,3.08322,2.86832,4.78759,4.92039,4.45827,0.876801,2.42654
4.62071,4.51792,4.00004,2.90899,3.95923,5.20634,2.75064,2.89967,5.60519,4.10745
4.32707,3.44465,3.24414,3.90931,5.49173,2.6623,3.48799,3.50907,5.54122,7.0853
3.20069,4.26997,6.6769,2.42893,4.58416,3.24282,5.34211,4.1302,4.2283,4.46865
2.99654,3.11355,2.63526,4.72568,4.48928,4.78988,2.48248,3.57558,4.07973,4.98939
3.1721,4.15298,4.8083,3.56442,4.11908,5.18752,5.38131,4.39955,7.99036,4.2011
4.8054,4.11418,2.91987,6.36047,4.50238,4.67458,3.63405,3.96388,3.80393,3.55482
5.20255,5.12723,2.61416,2.98778,5.7723,4.84594,4.4846,3.927,1.47955,2.7589
4.25331,4.8293,5.16096,4.72559,5.24645,2.54176,3.59181,4.08027,5.43686,2.70826
4.68816,3.6281,4.19881,6.77175,2.71041,3.6838,3.05812,3.45889,2.50091,3.66819
3.21429,4.24205,5.85284,2.57749,2.2876,5.87173,3.29939,5.74672,3.54495,4.04104
3.71066,3.62598,3.15287,5.79534,5.60167,3.46214,6.03529,6.05819,3.2032,3.5074
3.59373,5.40859,3.48754,4.65618,2.48972,5.77503,4.28624,1.72817,4.26403,4.32526
3.5568,4.85317,4.40889,4.84374,5.61086,5.30059,3.78126,3.57209,3.87944,1.74542
2.19493,4.10602,5.46386,2.02043,3.08387,5.40051,5.37051,2.71602,4.29766,4.1678
4.95671,4.78923,4.52672,4.27922,4.87998,3.10454,5.9499,3.36954,3.90415,3.49888
5.05602,4.10782,4.24536,3.5085,2.28969,4.97161,1.82568,2.91774,3.34358,4.16121
4.38326,4.0352,4.6059,3.66912,4.70522,2.9161,4.75541,4.81183,4.02614,2.30448
3.71651,4.49995,3.64039,3.80803,4.10713,4.72257,4.01512,4.59599,3.45409,5.1634
3.83912,3.48875,4.51393,4.6478,3.70922,5.50736,3.76976,4.78882,4.2047,4.67715
4.02694,5.14028,2.6226,3.24216,5.00027,4.94714,4.78745,5.12685,3.83399,1.57381
5.27533,3.16487,4.61323,4.74429,2.1799,2.82233,3.13338,4.61785,4.27971,3.43332
3.99303,5.03309,4.43424,4.73521,2.82919,3.66386,4.10682,4.75843,4.92737,3.17785
5.51085,4.26566,2.85875,4.58486,4.51072,4.09471,4.60017,1.18455,3.45202,3.97053
2.43229,4.77338,4.64357,4.65136,4.55491,3.62261,5.18877,2.31514,2.81945,4.11375
2.94275,3.43374,5.03764,4.54873,2.54185,4.73252,3.53398,5.17876,1.8638,3.88527
5.1722,5.38158,5.72917,4.61217,2.89311,5.32648,2.84587,3.20478,4.05699,4.68863
4.75734,4.07666,4.5987,4.52016,1.70644,4.1234,4.22348,2.19101,4.08074,3.77857
4.54959,3.81541,5.83626,5.15103,4.90643,3.69351,3.62615,3.16788,3.45047,2.07515
2.44288,3.55836,3.87646,5.15751,2.43676,2.51993,4.0786,4.56197,4.4822,4.31329
4.79748,4.58825,4.12224,4.90873,5.25704,3.91185,4.94408,2.78174,2.36827,3.68002
3.21049,4.66952,2.93075,2.91076,4.35036,3.57739,4.6842,5.61463,2.97631,2.92055
4.23796,5.0292,4.25152,4.90657,4.59282,4.57604,2.7404,4.38477,2.19452,2.30846
4.38909,3.00273,3.48323,5.40318,5.22258,3.93212,4.73423,4.33024,4.30374,3.74211
3.09901,3.95767,4.37892,4.5273,3.5135,3.25853,4.85255,3.13314,4.3533,3.29648
4.87647,4.39041,5.11255,5.17258,5.40109,4.07178,3.9166,4.75986,3.72187,5.69886
4.31295,4.51927,5.2349,5.16074,4.46746,2.52416,4.88139,3.83588,4.15972,4.82779
4.34912,4.57222,3.5463,4.68905,3.9069,4.21637,2.53845,4.15309,5.99856,2.71008
3.32118,6.14768,4.02598,4.2265,4.75907,2.84746,4.07309,3.39476,2.17035,4.78027
4.22381,3.37842,4.03456,5.10526,4.63516,4.94751,4.29043,3.61257,3.55158,3.29523
2.24426,4.22782,3.60466,5.14804,5.8047,5.36589,3.73733,4.07884,4.37845,5.34886
4.17941,4.73639,3.68782,4.09803,2.40169,2.79776,3.47862,2.25965,5.18087,3.92047
3.51162,3.68056,4.37733,3.78928,3.45697,3.6294,4.17397,4.576,4.3415,4.03586
4.26457,3.28981,2.61812,4.92709,4.3691,5.04539,2.44265,3.19118,2.13424,3.96395
5.01114,4.52326,4.54774,5.8256,1.8597,5.2883,3.80029,4.29833,5.08332,3.48087
4.42064,3.6218,4.45421,3.58124,1.48538,4.12262,2.16931,4.31798,4.68422,5.00539
5.68573,3.62068,3.99917,5.06674,4.5169,2.91035,4.26145,3.63024,4.855,2.09804
2.40842,5.42213,3.32717,2.54235,3.50309,5.2999,5.12463,4.53456,5.62558,4.24383
2.51012,4.3794,1.88087,5.38699,4.6496,4.25772,3.23546,3.46539,4.16827,3.04829
3.54152,3.74951,3.48949,4.03823,5.88499,4.59572,3.11821,4.52333,3.44782,3.32248
4.01748,3.99183,4.32348,4.31412,3.5778,4.29984,4.65885,3.70103,4.36072,3.18424
2.69704,5.01647,6.06379,4.03622,3.92563,4.8394,4.16901,3.01503,3.9893,3.81474
4.45091,4.39192,4.62176,2.59305,3.84251,4.1122,3.77292,4.7906,2.24316,3.68929
3.23831,3.47384,3.12989,4.62425,3.95838,5.13877,4.87181,2.23524,2.81146,3.73925
4.49947,4.09003,2.14416,3.92895,3.49664,4.76865,2.19436,3.48811,4.13711,4.00887
3.95046,3.05274,2.44712,4.77688,3.40243,4.17481,3.29403,3.4372,2.93609,2.43294
2.26677,4.14879,5.06153,4.37898,5.02409,2.88886,4.42298,2.69372,5.65165,4.39234
3.15918,4.61073,4.84007,4.90914,5.0531,5.20114,4.10905,4.59298,4.56568,3.06371
4.66228,4.8108,3.7056,4.58707,3.38786,4.4567,3.41606,4.1563,4.66486,3.82152
4.97793,4.72527,3.25344,3.05702,2.73694,4.78044,4.01298,4.24555,3.77291,4.35259
4.42777,5.5413,2.14115,5.78258,4.05668,4.29391,5.14206,3.41224,5.27506,4.40834
4.82538,4.57484,3.80784,5.03184,4.6043,1.48521,3.90875,4.7405,2.92117,3.40634
4.19716,4.04127,4.12648,2.72423,5.44628,4.56878,4.4983,4.10468,3.58051,3.13995
4.54651,3.63172,3.57168,5.04423,0.832831,2.7647,3.79533,4.91112,4.99305,4.65036
5.63224,3.53959,4.47902,2.37762,3.87011,5.16503,3.04992,3.02276,3.77067,5.17268
3.82902,5.04794,4.39282,4.06142,3.89985,3.33319,3.40618,1.89296,2.51691,3.37122
4.55479,2.5314,4.47846,4.6807,3.18266,3.87601,6.22158,4.72003,4.19545,3.78626
2.24927,3.35649,4.78201,4.97752,4.38055,4.49294,4.02612,4.22697,4.67889,3.04231
4.40256,5.04113,2.08817,4.11543,1.94726,5.17003,4.35312,4.27408,7.17354,5.35336
2.3119,4.34729,4.76517,3.9359,5.06162,4.22313,2.80863,4.85389,4.92681,3.40288
2.2227,5.3396,3.39229,2.86629,4.15106,4.75642,2.40167,2.59294,4.10625,3.82915
3.14473,2.0804,2.29815,3.49554,3.07153,2.23415,5.30612,4.77255,5.35578,3.93341
2.53413,3.6839,3.43065,3.95604,5.30947,3.79223,5.10687,4.76163,5.46386,5.60515
3.86187,4.41099,3.59901,3.89039,5.45488,3.954,3.4059,4.09758,3.28736,2.66363
5.87197,3.42157,4.0301,4.39303,3.91977,4.38049,3.17363,3.08677,4.25356,4.45222
3.9959,4.23837,3.2905,3.39865,2.79745,4.33199,1.96507,5.01015,5.50762,4.91282
4.31778,3.1721,4.29014,4.94816,5.57415,2.93387,4.47626,4.88371,3.65484,4.48688
6.64617,6.34352,2.38145,6.0151,4.94535,3.12632,5.10863,5.3121,5.40784,5.31246
3.15545,3.79642,4.92831,3.33453,2.63375,3.10169,3.54097,4.70225,3.60808,2.48437
4.84127,1.90639,6.23674,2.24399,3.30459,3.02455,5.58128,5.22814,3.98855,4.00106
5.1923,4.09601,4.08777,3.51148,5.49345,4.42803,3.89684,4.77263,4.0514,4.38671
6.61448,2.91418,4.6981,2.39603,4.64858,3.5651,3.95559,2.91158,2.69545,2.42991
3.3968,4.94226,2.04879,4.3333,4.69241,4.29156,5.51198,4.80114,5.98875,3.1272
1.11329,4.06938,4.09896,3.76508,6.59415,1.48633,2.23858,1.37582,3.08861,3.38793
2.7957,3.93951,4.85047,5.48664,3.66021,2.69891,3.41172,2.86556,3.3835,3.46022
4.03762,4.25288,5.35384,3.81733,3.96639,4.94564,5.05263,2.8588,4.49173,3.80111
2.35184,3.51687,3.00308,3.85008,5.32483,3.67058,3.84923,4.70553,5.24201,4.45818
3.62397,3.91334,4.97792,1.75262,4.23838,5.31608,5.27596,4.28919,3.66146,3.89029
4.55492,4.35795,4.27855,4.77176,3.10386,5.74241,2.5089,4.60188,2.30117,1.51294
3.02021,4.48803,1.77855,5.41241,4.98807,3.29206,3.10906,3.80119,4.28502,2.68121
3.98609,4.4839,2.45016,4.33258,3.03608,3.93274,2.76392,6.06324,5.32967,4.51374
5.53249,4.41655,5.77131,5.2331,3.49981,4.09457,3.37903,2.34928,5.30183,4.29148
3.85103,3.95962,2.74703,3.97346,2.9085,2.49944,4.14733,3.15266,4.59667,3.92566
4.06608,3.63281,3.33,4.09724,6.12617,5.09813,4.81312,2.87331,3.63169,2.5596
4.94361,5.07328,4.09917,3.95621,3.54348,3.79391,2.98187,3.4453,3.89961,2.24823
3.96974,2.44169,4.28247,5.35191,3.67343,3.45324,3.00559,5.14389,6.20664,3.4128
4.39476,5.46564,3.03427,4.51111,4.46727,4.44267,4.11544,4.63239,1.99703,3.40989
5.3685,3.59643,4.18732,3.95683,3.53933,4.55068,2.93873,3.39218,3.4164,5.22237
2.82115,4.25066,4.45971,3.94247,5.65526,4.12349,4.34803,4.19324,4.25194,6.20915
4.65029,2.92724,5.3002,4.96045,4.70588,3.04908,4.91365,4.07727,4.95763,4.5531
1.68826,3.81882,4.44947,4.88839,3.45956,6.43093,3.74422,4.39865,4.97035,2.21811
3.64643,3.46605,4.33757,3.3546,4.24543,4.21009,5.57988,4.5544,3.20593,2.15447
5.00275,5.22932,3.41901,4.64196,3.13073,4.59677,4.23437,4.35389,3.89152,2.35782
3.7206,3.91075,2.77732,3.47507,3.16373,2.85358,3.96659,2.29048,3.42258,3.99694
4.13415,4.04559,4.06693,2.89082,5.68637,3.42417,5.7417,4.46955,4.05884,4.65813
3.04566,3.20175,4.1041,4.08537,4.55006,3.10516,7.09026,4.32705,2.87096,4.17663
2.39436,4.23056,3.89307,3.99367,3.94715,3.43021,2.60783,5.04997,2.66946,5.804
3.82351,2.71162,4.65499,3.23903,3.38109,4.46576,4.50072,3.66451,5.11275,4.92744
3.35346,2.85689,4.62945,2.38832,5.13779,5.28402,4.57628,2.92195,6.12472,3.57796
3.97606,5.38897,4.10882,3.65996,4.96031,3.09121,5.39601,4.72597,3.77946,4.15159
2.111,3.43095,2.61564,5.50026,4.53673,4.30342,4.05587,5.41555,4.38886,3.83243
3.39923,3.43511,4.94553,3.90749,5.07163,3.57272,3.01469,3.8725,2.27577,5.20897
2.65956,3.48553,5.14594,4.88026,3.57215,4.67558,4.22389,3.43752,3.25405,4.30167
3.72678,5.22254,4.92181,2.44537,5.34673,2.79408,3.66195,5.0502,4.11962,5.27806
2.59293,3.92899,4.37153,4.96573,4.30363,3.91679,4.39308,4.04457,4.63736,5.47607
4.27089,4.78337,3.73408,4.28847,4.2392,5.12223,3.36032,3.61425,3.95996,5.30477
3.95142,5.1029,3.9083,3.15968,4.96292,4.49589,2.64618,2.98687,3.86043,4.69402
4.97699,3.48769,5.62401,4.9316,4.32658,4.14444,5.85915,3.95094,3.51588,6.50525
3.40818,4.5579,5.37423,4.65582,3.40467,3.01395,4.58964,2.2427,4.66053,4.29779
5.30785,4.37461,2.90109,2.99573,5.86865,3.56695,2.73739,4.13733,2.80143,2.91893
3.6155,3.86003,5.145,3.29653,4.99941,3.91338,3.27545,3.76262,4.57756,4.65476
3.79589,5.22515,3.87981,3.48733,4.13125,2.42652,4.3672,3.81673,4.99243,2.48325
4.21153,4.0285,4.38033,3.23472,4.8509,5.94424,4.94128,4.46558,4.33304,2.9035
4.88173,4.80167,2.957,4.39668,2.51787,3.00081,2.87825,3.83998,1.7853,3.70585
2.19393,2.99544,2.28614,4.61489,3.58492,3.78217,2.31003,4.13106,5.76982,2.29674
4.68007,3.46307,3.72823,3.87302,4.81492,4.53122,4.25561,4.39697,2.50747,4.34415
3.46295,3.08856,3.99672,3.75483,5.34506,3.81259,2.87087,4.08927,4.73575,3.50548
3.49308,5.10092,1.69479,5.47744,5.14293,2.8947,3.89077,4.21499,4.70871,3.53511
5.08049,2.88329,3.4908,3.3243,4.31857,3.90886,4.50238,2.82925,5.73667,4.19302
4.68915,3.17626,2.3949,2.4841,4.82078,4.33007,3.10411,2.51611,3.88243,2.73228
5.51928,4.81308,3.78457,4.90058,4.0961,4.07191,2.84213,4.3862,4.61372,4.72569
4.93724,5.49294,4.98425,3.75194,3.43892,4.68851,3.50711,3.80977,4.30538,4.14987
3.9265,2.94076,4.73342,3.78394,4.02237,2.92257,5.20855,4.41939,5.7287,4.7517
4.19039,3.32693,4.27771,4.83582,4.01341,3.38426,3.33312,3.53277,4.08485,1.50503
3.53015,3.90948,3.05489,6.43132,6.05106,2.81382,5.32038,5.14465,4.29286,4.71894
5.30256,4.20308,2.71609,4.86353,5.70079,5.03831,4.59124,3.83779,1.50813,3.32418
2.71303,4.49124,3.53517,5.37321,4.57101,5.40001,3.41757,5.77953,4.32586,3.59991
4.19078,4.17911,4.0177,2.56213,3.76904,4.04725,4.79157,5.40496,3.01679,5.21396
3.73898,4.45603,3.37817,2.04708,3.22471,3.31048,3.29715,3.11267,4.7946,4.16002
3.93453,3.6159,5.03331,4.46375,4.34341,2.26308,2.02554,5.18825,3.01986,2.94999
5.41609,4.19333,4.69333,5.0037,3.92514,3.99375,5.82762,4.47332,2.94515,4.36736
5.00165,3.99391,3.87295,4.90601,3.02136,2.99615,4.22612,3.62964,1.62274,4.13305
3.59348,3.94287,4.49693,3.31029,4.44833,4.37724,4.59883,1.90102,3.69307,2.889
2.67166,2.63641,3.17485,4.27687,5.62604,2.15028,3.30178,3.33142,4.27718,3.80391
4.23522,3.75121,6.30859,3.76587,3.46365,2.5515,3.99195,4.74587,3.42143,5.94714
2.90199,4.7922,2.52655,6.04302,4.86086,2.86021,3.72812,3.42182,3.26365,2.19727
4.72668,3.86933,4.93482,3.77705,4.2219,3.87456,5.31112,2.84239,3.35271,4.33741
4.828,4.89361,3.84013,3.63059,3.7969,4.36886,2.45484,3.03071,2.67076,5.91381
2.60644,4.08508,6.19189,4.98136,3.23513,5.65087,4.36168,3.98033,2.84617,4.02257
4.1436,2.42567,3.67746,3.86036,4.94307,3.47284,3.82646,3.48484,2.45191,3.04225
2.86232,3.92421,6.32953,4.19623,5.20987,4.45091,3.88565,4.78164,6.68479,3.16595
4.46446,5.4304,3.86133,3.07747,5.86165,3.78149,3.7088,3.29662,3.19367,4.75036
4.67746,1.61332,3.91161,3.73536,5.35969,3.02194,5.2805,4.90573,3.66473,3.29643
2.75193,4.19967,4.88331,3.56857,2.6446,4.27822,4.172,3.61957,5.47756,2.95498
3.05078,2.53078,3.1864,5.07269,3.89576,4.34779,3.23154,4.00972,5.37216,3.68248
3.11141,5.40499,5.22275,3.7878,4.41752,2.24731,5.19817,4.51252,4.5849,2.96038
3.08601,2.40367,4.20882,4.23909,3.58882,2.97188,4.44267,2.99494,3.87022,3.07614
5.79667,2.80519,4.24834,2.85492,3.44584,4.36674,6.13899,4.06986,4.27867,3.9204
2.74342,4.38186,5.37719,3.12614,5.22863,4.17044,3.00825,4.17762,3.91501,3.68402
3.09622,4.95058,4.47302,3.02308,3.57323,3.66124,4.51594,3.19819,1.90724,4.43607
4.21823,4.77639,3.45031,3.22691,5.48377,4.94512,3.85411,5.87067,4.24122,2.52639
2.49113,2.58507,4.01209,3.97951,2.33833,4.81278,4.83569,4.00426,4.23351,2.57207
3.74405,4.24962,4.78163,4.28139,3.15781,3.17527,3.96097,4.73827,3.29202,3.79808
5.57524,3.12238,5.1672,3.06068,4.9849,4.04521,3.68996,4.56307,3.61068,3.59211
2.78445,4.35769,3.06013,4.25869,4.11411,4.06332,3.70019,3.59717,4.56256,4.0242
2.96266,4.32713,6.17344,3.98543,5.14623,3.94563,4.19455,3.43095,4.39817,2.64767
3.04472,3.73341,3.36506,3.3622,4.06592,4.23419,4.21663,4.05901,3.88385,3.28811
3.23346,4.64651,3.5335,4.20243,6.479,5.38712,4.12025,1.60539,3.41001,2.96098
2.61812,5.15343,5.22792,5.945,4.09977,4.43949,4.05006,3.9882,3.89012,5.90054
1.40366,1.85265,4.66249,5.20609,4.57269,5.2003,4.88502,4.01471,4.27747,3.14109
3.95183,3.19216,3.09025,5.80883,1.97277,2.91951,4.0662,4.00717,4.24722,3.17878
1.31223,1.62429,4.64098,4.71348,4.75092,4.40039,5.12019,4.33452,3.80183,5.64827
4.58703,2.28523,4.7233,5.26283,5.03801,3.22959,4.88721,5.87439,1.97348,3.04317
3.75411,3.24321,3.50732,5.2508,4.11814,3.27128,3.17809,2.89966,4.69409,4.31135
4.92164,4.84475,4.54982,5.74981,3.55446,5.8079,3.52241,4.43334,4.11291,3.37786
2.81929,5.08413,5.12812,4.11318,4.29319,4.28681,3.33434,2.56182,4.81626,3.54383
5.4306,2.4899,2.76681,3.94066,5.09584,3.93422,1.58298,2.70663,3.93925,4.32091
4.4381,4.88415,4.27718,3.35874,3.78493,3.89368,3.50205,2.27882,2.83631,3.59957
3.99653,5.03797,3.6731,4.78207,2.78493,5.12071,3.22571,3.48394,2.3728,2.73366
4.76063,4.94236,2.65204,4.91546,5.29823,3.96487,2.49753,3.85318,3.27639,2.7584
4.58583,4.67662,2.69097,4.08515,5.85373,3.3847,3.40425,4.18248,3.46365,3.38545
4.31266,4.50326,4.98615,5.82574,4.69657,4.25836,4.12868,5.3635,2.9179,2.95441
2.43557,4.36954,3.5429,3.81473,4.49173,2.46559,3.9475,5.10632,3.44683,5.91937
3.93047,3.84752,3.65164,4.59965,4.0387,4.2135,5.20916,4.44333,3.56609,4.76276
2.4886,4.06017,4.34687,4.01877,3.79776,4.25132,4.24251,2.80524,2.23444,3.86262
3.52028,5.24189,4.84006,4.24209,6.57727,4.63952,5.45798,2.91393,3.09895,3.54709
5.36639,3.58586,3.99216,3.51573,1.84496,2.23721,4.86426,4.16937,2.6736,4.03471
2.787,5.20687,3.2757,4.56787,4.13783,2.64608,2.94965,4.43808,4.55579,3.28866
4.19312,2.35094,1.93138,3.60731,4.27519,5.99187,5.1868,3.04521,3.44569,4.81803
4.59788,4.08761,4.29186,5.35719,2.57061,4.21192,3.77247,3.95154,4.17305,3.37592
3.83234,4.09828,3.13693,5.80228,4.78997,3.69026,3.48153,3.98544,6.52902,2.98085
4.16894,3.41676,3.59562,4.52307,3.90691,4.70709,2.95286,3.35653,4.73047,3.06528
3.24942,4.13549,2.04542,4.59215,4.10292,4.0359,3.60333,3.38452,1.92612,3.83517
3.6801,3.07835,4.2998,4.33719,3.3908,4.99275,5.58597,4.0102,3.52623,4.30855
5.84351,3.64873,4.84275,5.54685,3.88171,5.06783,4.35654,3.62569,3.81367,4.6221
4.16635,3.85093,1.83217,5.15247,3.55018,3.21224,5.37683,4.00987,3.09494,5.55659
3.6519,5.49826,2.78323,2.61721,3.52787,4.33228,3.74229,2.33355,4.93762,3.10512
3.87968,4.18258,5.59879,3.81407,3.75595,4.00726,4.95397,5.24837,3.9622,2.91669
3.3912,3.52464,3.09857,4.05798,5.33051,3.84287,3.75484,4.42735,4.25667,6.49347
3.46964,5.38062,4.40377,6.89139,4.83732,4.20721,4.16736,4.88557,6.02305,4.13077
4.71681,3.60015,4.87537,5.56785,5.389,4.48162,5.82658,3.7814,5.09875,3.07685
4.91655,5.40742,3.95886,4.98051,3.89107,5.30563,3.74624,5.25579,4.24592,3.23909
6.04429,3.24729,3.96132,5.10454,4.11926,3.85334,5.26634,5.15189,4.09809,5.18122
3.40397,2.6216,5.13235,4.79422,4.24911,2.17511,3.46168,4.24933,5.20149,5.54092
4.56075,4.23049,4.41714,5.12084,3.13325,6.24076,5.84975,4.033,3.28618,4.57745
5.47111,4.90488,3.79331,2.72368,4.50268,3.8516,4.81864,2.25789,5.01786,4.77725
2.91112,3.04006,3.48796,3.87601,3.11148,2.73788,5.28834,4.92633,4.7947,3.45611
4.70924,2.26466,4.14557,2.71006,4.36298,5.3342,5.3992,3.48015,2.0577,3.70757
3.18843,4.87161,6.03939,3.36753,2.93469,5.36746,3.41244,3.96838,4.38477,2.13223
2.43361,5.48402,5.65399,3.84394,3.9257,4.85002,3.28507,2.66789,4.97029,3.80947
4.8044,4.46052,3.81419,4.52043,4.14499,2.23827,5.19158,3.35835,4.32297,5.18259
4.08189,4.3101,2.23565,4.11071,3.00466,4.28842,3.93773,2.56353,4.71484,3.20501
4.90136,4.22041,2.769,4.97505,2.19923,4.5014,3.78455,5.90275,4.18607,4.12271
4.03683,4.62164,5.14731,4.86613,3.62594,2.46634,3.81643,4.51399,2.22053,4.13842
