10
5.99266,2.76505,2.13245,4.40818,4.06863,2.85058,4.0696,4.44628,4.15398,3.52423
2.60503,2.01172,3.2614,4.62925,4.90544,2.88519,4.58311,3.85012,3.19811,4.68205
4.48954,3.03695,4.09278,3.72318,4.36543,2.58613,2.26707,4.88693,2.81444,5.71816
5.35667,3.60059,3.6257,5.8502,2.47369,4.49885,3.86657,3.25267,3.45184,2.57188
3.47814,4.33773,3.47705,3.17667,2.22927,4.21653,4.27409,5.74912,3.5689,4.43408
4.1759,5.09947,2.91944,4.54398,3.35133,3.41486,4.65868,2.5245,3.92113,4.42932
4.59926,4.61221,3.01269,4.21138,4.53321,5.55047,3.98319,3.10554,4.09852,3.16638
4.28436,2.93022,4.10567,4.53056,6.02567,4.68082,3.74248,2.20303,5.36149,3.38379
4.32673,3.66816,4.20258,4.85629,2.292,3.58893,3.6103,4.59225,3.8141,4.31703
4.36516,2.2599,3.74723,4.86008,4.64955,2.96177,3.52562,3.73871,5.18393,4.6827
4.79547,5.05392,5.10863,4.50588,2.70842,3.83687,4.57959,4.71368,3.68298,4.91392
3.12831,4.6697,3.54469,2.36673,3.43853,3.26583,4.50377,3.01287,5.74963,4.67699
3.87893,5.57868,3.95394,5.6054,3.05133,5.03453,5.34011,3.08518,4.04878,5.03905
3.12563,3.06509,5.29419,4.02363,4.30254,5.16133,4.74128,2.1336,5.84076,5.39088
3.94931,4.36035,3.1147,3.06285,2.67853,3.60959,4.83762,2.5074,3.33393,4.93743
5.09236,3.48734,4.05506,4.9761,5.09618,3.91345,3.06546,4.07251,4.38692,2.89118
4.86335,3.67219,3.91067,4.72047,3.17628,3.19914,4.15494,5.23392,2.38364,3.92206
3.84485,3.93923,4.24836,6.06628,4.63342,4.73172,3.98662,3.66662,2.82748,5.33805
4.47989,3.37514,5.52527,4.34701,5.62309,3.74559,3.54056,1.72595,3.06202,5.12475
5.22494,3.94345,4.20507,5.70758,2.5851,3.82587,4.23204,2.71375,5.25881,3.55426
3.57623,3.90307,5.82313,3.62192,3.66924,4.32419,5.02942,3.87707,3.15158,4.23519
4.53146,4.55397,2.08567,3.87957,3.28405,4.4643,4.17354,3.16899,5.74095,2.38349
3.4025,3.8647,4.47188,1.84739,4.4695,3.86758,3.40108,2.33354,4.22805,2.34304
5.39828,4.92085,3.85747,3.67974,3.56694,2.94721,5.42478,5.45374,4.01178,4.61378
2.96874,4.48383,4.4967,4.98644,5.52893,3.49543,5.39584,4.11549,3.92671,2.9263
3.9895,3.16924,5.12158,2.96777,4.21082,4.45225,4.57334,3.44541,0.485402,5.49058
5.4987,4.76092,3.39655,4.74382,3.24321,4.04344,4.72073,6.25598,3.31794,2.92479
4.64095,3.43657,4.50709,4.11589,6.21918,4.60374,2.93933,3.72229,2.1752,4.55145
4.85302,5.49077,4.91169,4.17839,3.76815,2.76507,5.61446,4.3414,4.44868,4.15899
6.63959,3.1409,3.96595,5.72377,3.76933,3.67377,4.02564,4.99616,5.07465,4.14975
3.32111,2.6716,4.45426,5.02711,2.46496,2.76102,2.88418,3.99225,4.0861,4.73148
4.87665,5.82335,3.91603,6.03612,3.67445,3.21489,3.49977,4.16328,4.33493,2.30885
3.65053,3.59161,4.21596,3.83401,2.62506,3.39158,4.69874,1.85823,4.07283,4.33789
4.66647,4.20269,3.83177,4.64238,4.03517,3.07766,3.13311,2.67829,3.79349,4.48377
3.86661,3.25878,2.85855,3.41886,5.56543,1.86758,4.83722,4.66362,4.31317,2.43542
4.37947,2.09842,4.18836,3.60944,2.83205,3.8494,4.89712,5.59072,3.27201,4.84894
4.61968,6.05002,3.2635,2.94853,3.59397,4.03176,2.24386,6.53152,6.18867,5.75073
3.25707,3.60494,3.39767,5.39926,2.66761,3.68484,5.2415,3.87588,3.0671,5.25519
3.61438,4.26664,4.03363,2.73798,1.81236,6.03114,4.79523,4.08819,3.91146,4.67577
4.83052,3.13202,4.72003,3.45067,3.80423,3.2746,2.75102,4.94968,4.90727,3.54824
5.49253,2.86329,4.68941,4.71175,3.4263,4.88844,4.45897,4.72893,4.7908,4.9355
3.39589,4.34597,3.68446,3.83729,3.18294,3.83517,4.26181,3.42562,5.18612,4.0599
3.0436,4.08826,3.33361,3.95648,5.00602,6.24275,4.4805,4.34879,4.76449,3.71087
3.99975,5.63366,4.50175,3.13029,4.94632,3.3738,6.25546,4.62545,2.88673,3.50915
5.11436,4.03026,3.92064,3.8557,4.25351,3.12067,3.54647,2.84582,4.22452,3.77035
4.09057,5.79428,4.41235,5.16095,5.3842,3.13697,4.24364,3.61652,2.94412,4.28702
2.5452,4.73273,3.94356,3.69474,4.68524,2.20027,2.68113,5.17965,3.12866,4.11419
5.654,5.01753,7.12724,4.65286,2.79287,4.91509,4.3333,5.66549,4.25924,3.71635
4.04935,5.13598,4.54113,2.9912,3.16989,5.25594,1.95932,4.28285,2.41418,3.97628
4.92091,5.97642,4.74151,3.265,4.29876,4.46725,5.77218,2.95434,3.93623,3.01502
4.16417,4.76685,4.07008,3.80019,2.93045,5.35241,3.50235,3.25803,3.26719,1.78407
5.26089,3.3106,4.88631,5.52277,4.34049,4.42234,2.67458,3.93945,1.93637,3.91761
4.56039,3.36205,4.78348,4.75337,3.84555,4.3241,3.6237,4.54847,5.61232,3.82446
3.49193,1.13069,6.4552,3.84729,4.34309,3.86038,2.28145,3.71561,4.85326,4.43285
3.83394,3.56842,2.64904,3.85588,3.88282,2.98623,4.96433,3.69551,6.39618,3.41963
4.06436,3.30321,3.2237,3.53172,5.11665,3.39913,2.61442,3.90988,3.31191,3.67315
4.09128,5.14442,4.68394,2.69499,4.52726,1.63018,5.07647,3.55113,1.54513,4.55501
4.5642,3.52067,4.97121,4.10473,4.04205,4.07928,4.50769,3.39948,4.05811,3.73394
3.41949,4.0429,3.95912,4.80451,3.58146,4.55539,4.47514,3.22006,4.76607,3.9454
4.0982,3.18845,4.82426,4.25513,3.04384,5.274,5.9698,3.29117,3.35784,3.15988
2.82839,2.87949,2.25356,3.85039,2.90979,4.4473,2.96329,2.73379,3.11069,3.88659
3.42046,3.18355,2.07377,4.19866,3.35981,3.49788,4.63086,3.37246,5.52986,6.27265
5.9856,3.11249,3.74982,4.35079,4.87688,4.39007,3.88114,5.39563,2.54359,4.75697
3.21483,3.07594,3.26722,4.51238,2.65423,5.93458,5.20386,4.59021,4.73127,5.04153
5.73037,4.42831,3.74549,4.23948,4.03605,2.95376,2.86386,3.85968,4.80097,4.29045
5.04018,4.86201,4.88341,3.69897,3.39634,4.21964,3.34157,3.8953,4.38284,2.09584
2.41923,2.95257,4.62893,4.34639,4.23789,5.4025,4.33116,5.11121,3.81004,3.24545
5.11576,3.84144,2.84493,4.7987,6.38058,5.47593,4.76891,2.91581,4.59574,5.77265
6.49132,4.79052,2.44648,4.98188,3.61398,4.78062,6.7064,4.73255,3.89833,4.18732
3.35699,3.84476,3.90815,4.36699,4.6464,3.42588,4.61516,4.56726,3.58291,2.76456
3.77618,4.0423,4.36693,2.21123,3.65306,3.44612,4.14309,3.88597,4.38402,2.73519
4.24422,4.87875,6.5008,4.68861,3.35355,4.34161,4.05653,4.5558,4.41852,4.75146
4.40574,3.29349,2.69252,4.92989,4.79944,6.23388,2.49071,5.22714,3.12857,4.58725
3.5479,5.17826,5.67903,3.6342,4.15309,4.76906,3.95073,4.47357,3.3696,3.9303
4.2351,3.71916,2.90666,4.14357,2.2616,4.84537,2.91501,4.80855,2.67683,5.90394
3.55103,3.70699,3.12815,2.86263,3.2724,3.13506,6.41715,4.81065,5.31044,3.43134
4.84616,4.3468,4.04753,3.31303,4.55146,2.76652,4.77611,3.87566,3.86562,4.94639
2.71103,3.32667,4.80881,4.44712,4.71727,4.09893,3.80981,5.07147,3.33994,4.92743
5.88299,4.21645,4.16783,4.02038,3.263,4.752,4.69829,3.02679,4.35332,5.18348
3.8202,3.42515,4.23076,4.22295,5.56599,3.91895,3.41696,1.16925,4.1641,5.54998
3.61674,5.06802,5.31615,3.61809,2.33749,3.78468,4.38493,4.05669,4.31133,4.84802
2.03145,4.20818,4.59684,4.62275,4.25436,3.78205,2.46794,3.98728,2.93688,4.67151
4.44656,4.84766,3.88986,4.79751,2.96394,4.785,4.61587,4.48336,3.66977,4.9725
5.13921,6.86191,3.55292,3.3732,4.81304,3.82357,2.57658,4.04573,5.48334,5.11749
5.85869,3.20927,2.44566,3.66039,5.22374,3.98622,-0.361331,2.96894,4.7139,4.17347
3.2617,1.5796,3.52525,3.92395,3.80867,5.43746,3.59903,2.76817,4.15942,4.13189
1.73424,3.69732,2.87156,4.65453,4.00242,2.9866,5.73517,5.14748,3.73608,1.27708
3.18997,3.95444,3.54099,4.09748,4.45303,6.1941,3.88219,2.89316,4.59095,3.04263
3.02928,4.95314,2.9819,5.63423,4.57369,4.01665,4.92501,4.21248,5.33163,3.77265
4.27112,3.89966,4.64921,4.2135,4.28538,2.65726,3.39897,6.54714,4.2202,5.11194
3.29146,5.27074,2.77101,2.85499,3.60494,3.04261,5.07119,2.49567,3.51486,3.85586
3.02064,5.27877,4.59423,1.98326,5.71216,4.09587,5.38198,5.3436,3.96281,3.68013
5.16364,3.45492,5.98996,2.36448,4.68172,4.98073,4.51385,2.07445,2.45289,3.20794
4.80736,5.16212,4.59244,2.19839,5.0623,3.2382,3.29216,4.18211,3.75442,4.18239
2.95766,5.21714,2.39918,3.75111,2.02655,2.68417,3.81567,4.1275,4.24281,4.85055
4.26354,2.30803,3.97691,3.19617,4.39818,4.01244,4.05522,4.3932,4.46213,4.44017
4.59733,4.14286,4.48117,4.23143,6.30294,5.00811,2.6987,4.21931,2.67177,4.19659
4.71156,4.44907,4.44693,3.66143,3.42896,5.99036,3.70537,2.95626,5.07779,3.29179
3.51075,4.4336,4.91505,4.30073,5.33859,4.82727,5.04406,5.48583,5.19197,4.68416
4.21699,4.42005,5.66741,2.3019,5.10577,4.77042,3.43686,3.83185,4.18225,4.04898
2.47779,3.45744,4.80866,4.38212,3.88297,4.20126,3.21425,2.83939,2.18645,3.47725
3.33554,5.76009,4.63491,2.61531,4.08933,3.19687,3.82802,4.04881,4.46046,4.42119
5.48528,2.85974,4.49168,2.36736,3.67742,4.87313,4.76346,5.3904,4.03509,2.44865
4.71866,3.67955,4.20276,4.81976,2.79542,4.47866,3.90245,3.4394,4.90061,3.82952
2.76513,5.09299,4.70482,2.84238,4.85647,2.13475,4.56228,3.5857,2.54265,3.42345
4.03799,1.33629,3.88511,4.47402,3.69639,3.35575,2.96409,2.44846,4.26496,4.80353
4.39123,4.51124,3.43765,4.58639,4.99873,3.41954,4.90956,4.82304,4.74742,5.03555
4.68752,4.342,3.84064,5.74224,6.26148,3.72866,3.99413,4.31689,2.74925,5.3268
5.78281,3.80428,4.16236,3.12602,3.88479,3.68917,4.26361,4.32917,4.44458,4.88731
3.54061,2.4134,3.62392,4.24759,4.04233,2.20416,4.14046,2.65127,3.80127,3.29926
4.46736,5.58221,3.57187,4.26059,1.68103,3.52048,4.04387,3.48948,4.67824,4.87828
4.17773,2.79609,4.57943,4.23698,4.40188,2.93013,4.83606,3.86828,4.29435,4.50275
4.37559,4.57081,2.45623,5.70332,4.07062,3.24992,2.96009,3.91052,4.83253,2.09586
4.72436,4.73735,4.21681,3.09033,2.99456,3.28529,5.27003,3.73214,4.04848,3.0754
3.71948,3.45383,5.14064,5.84367,4.7832,1.77913,4.14999,4.37572,3.46528,4.73148
4.57454,4.46576,4.58633,3.04587,2.55246,2.80569,3.56375,3.05477,4.45287,3.39724
4.93899,4.12408,4.01693,3.64297,3.14777,4.62326,4.02639,2.67981,5.4741,3.70277
3.46326,2.40879,4.38639,3.65162,4.39512,5.87846,3.32391,2.55858,4.15498,4.64161
4.27045,4.26089,4.59259,2.65816,4.24364,4.90117,4.30547,6.04482,3.0035,4.71062
3.70088,5.79308,6.04642,3.85974,2.52625,3.87203,2.49769,4.97163,4.04212,4.2234
3.67865,4.6322,3.65925,4.27927,4.82312,3.66506,5.49829,2.48415,5.11695,4.19474
5.11193,4.68272,4.87372,1.70567,2.83159,2.57456,4.97849,3.14868,4.90143,2.99606
3.84519,5.31474,4.72477,5.30936,3.23493,4.85499,4.82092,3.99788,4.38716,5.07744
4.34354,3.03171,5.32402,3.20264,5.01243,5.32038,2.83715,4.73815,3.69161,3.29265
3.96686,4.18454,4.92635,3.76187,4.17905,3.28456,4.28826,4.17356,3.82858,3.77796
5.46256,4.26411,5.29764,2.79422,5.19113,4.42982,3.9763,2.75579,3.59427,4.23803
1.78664,2.45276,3.82672,5.02641,4.82677,2.37142,4.13742,3.59763,3.33022,4.05425
3.97061,3.76538,3.76694,3.96332,6.03302,3.58227,4.13068,3.31436,2.43217,3.65371
4.18788,5.7901,3.74155,3.52059,5.57327,4.71941,4.49399,4.69319,3.13167,3.0732
5.01988,2.77152,5.20139,3.84081,4.1882,3.87023,5.00396,4.945,4.94411,5.84751
5.16377,3.33644,2.78099,4.29903,4.53444,4.1617,5.03184,4.11969,2.34144,3.7789
4.41276,5.92276,3.07278,5.31597,5.24441,2.79804,3.29979,3.63579,2.72672,4.42969
4.97768,2.9487,3.16704,3.76992,5.49933,4.14074,4.22008,3.91753,3.70254,3.59015
3.59085,4.19482,5.35673,3.93257,5.469,4.56519,5.20753,2.96788,4.79279,3.29642
2.80106,4.16576,3.66874,3.72143,5.11215,3.16028,3.546,3.62172,3.60619,3.91592
2.16851,4.26914,4.4753,3.16347,3.86345,4.64916,3.0632,5.13703,3.20146,2.70834
4.76831,4.40591,5.37426,4.02826,6.14731,4.75983,1.49367,6.11792,5.13936,3.159
3.09133,2.98906,3.42253,3.19132,3.078,5.16456,4.88642,3.59675,5.61775,4.39752
3.64942,3.42848,3.51682,4.67439,4.61263,5.67653,2.28896,4.50496,5.01507,5.20109
2.72891,3.2609,4.00707,3.10195,4.24164,2.1175,4.26166,3.77955,5.24139,4.61
4.94935,2.49813,3.02236,4.87441,5.77799,3.67254,3.5962,4.89519,3.37044,5.72683
5.66542,2.93146,3.30271,3.7538,3.22023,4.07937,3.68247,5.15558,3.41458,3.81986
4.07824,2.80996,3.88805,2.37751,3.06876,5.01562,5.85451,2.77918,3.35361,4.2171
4.40763,4.69655,4.72069,5.30484,3.42005,3.70303,2.49169,3.70174,4.25592,1.8652
2.81126,4.24009,3.71567,3.78338,3.25237,4.57865,4.8697,3.82143,3.11857,3.42066
5.03033,5.45814,3.58295,3.76404,5.4123,5.22276,4.35527,3.30981,3.74407,2.69227
3.18952,1.97095,5.07146,4.24247,3.99926,3.76672,3.47166,2.63089,2.5667,4.15495
4.29236,6.40819,5.42813,2.99246,3.08007,5.83048,4.48043,3.98592,3.81657,3.76505
4.97051,4.72028,3.56529,4.72855,4.42222,3.23625,4.0895,4.53845,6.14596,3.21121
3.32838,3.11262,4.12011,5.86049,1.3337,3.4964,2.17316,3.99719,4.51948,3.12008
3.16968,4.1045,4.89196,3.44328,5.25902,4.39632,1.1331,4.08465,3.80782,3.51336
5.82374,5.36592,4.38508,3.99309,4.43038,4.99142,3.72442,4.53718,2.27492,4.48868
3.30198,4.30135,3.72107,5.03126,4.07962,4.22143,3.59363,3.46908,4.25049,4.56932
6.13046,3.2066,5.26036,4.59895,2.92474,5.01873,1.62969,2.23696,4.62651,4.95868
4.94331,4.81252,3.92794,3.26966,3.99492,3.52379,5.03155,5.36671,4.80198,4.68396
2.94355,5.37559,2.62827,3.36278,3.62662,4.91067,4.32444,4.4685,4.62686,3.65219
3.33444,4.49967,4.33046,3.12334,4.96122,3.23426,4.7024,2.72758,1.99682,4.35654
3.1383,4.9451,5.43057,2.37257,4.06865,5.38589,4.19029,3.51711,3.44482,2.92505
4.31259,4.08855,5.66497,4.72469,3.22344,3.69215,4.20979,3.62109,3.83685,4.72938
2.83469,5.66798,5.7312,4.84203,3.45763,4.19429,2.22726,4.54068,3.35148,3.19965
4.53776,3.66966,5.82137,4.19145,5.41331,4.83311,5.66097,4.39321,3.45966,3.37293
3.30674,3.81614,4.32798,4.63539,2.04412,3.62962,4.74421,4.10884,3.55485,2.45657
3.80219,5.00726,5.38655,4.35694,4.82512,4.15498,4.75244,2.46853,4.70352,4.20969
3.04833,3.53763,1.29867,2.25004,1.919,3.72157,5.19051,2.22718,5.50155,3.23762
4.32479,2.49206,3.7301,4.27014,4.69849,4.81857,4.28348,4.42152,4.45899,5.32249
3.00655,3.37107,3.95129,3.85481,4.24501,4.45637,2.98285,2.06481,4.23179,4.55712
3.51529,3.75579,3.33944,2.69599,5.74491,4.94217,3.66975,4.20976,3.35436,4.87214
4.03994,2.93166,4.44187,4.13863,3.08698,4.32909,3.20041,4.561,1.65326,3.33913
2.16602,3.98061,4.03598,4.01656,3.71406,4.57975,4.50251,3.98908,3.28362,4.44841
6.3049,4.21589,4.30392,4.80488,5.22457,4.12486,2.14849,5.0239,3.36209,5.00895
4.67657,1.57431,4.90538,2.96773,3.20576,3.29554,4.57056,2.44737,3.35263,4.42051
5.10667,3.09888,4.02967,3.56005,5.19787,5.31461,3.568,4.75491,5.54005,3.42771
4.18845,4.52493,4.21463,4.86759,2.08143,5.3585,4.95653,4.13541,4.57959,2.03437
4.6123,7.10481,3.21505,5.5795,3.99014,4.04847,3.47883,3.93694,4.84248,4.78242
4.55197,2.9519,4.23325,3.80278,3.66349,5.38881,3.84453,4.13105,2.55313,3.59682
3.39549,1.1665,3.43698,3.5386,4.52013,4.06793,5.55002,3.74163,1.92585,3.40954
4.64769,2.95766,3.58702,3.02343,3.7934,4.71074,2.40448,4.24267,0.839769,4.45633
5.80572,2.43669,4.47404,3.47427,3.56929,4.00896,4.41156,5.07937,3.91852,5.49306
4.669,5.30989,2.83171,4.57151,5.30702,4.03614,3.72787,3.4417,3.96934,3.00037
5.17352,2.83543,3.92799,4.48406,4.68409,1.88572,4.46766,3.01321,3.51143,4.92421
2.74618,3.71919,3.37546,3.73906,4.59994,2.94821,3.39197,4.91741,4.18188,4.09811
3.64268,5.27116,3.8132,4.4055,5.6924,4.41588,2.72968,5.72718,2.59465,4.16134
4.40647,4.33075,3.12321,5.84316,4.23947,4.65367,5.17209,3.5011,5.69146,4.17283
4.20182,5.78855,4.16653,3.14977,3.03443,4.97304,4.63412,4.42721,3.31732,2.22798
4.82108,4.54625,3.88518,2.70148,4.48985,3.78362,5.35427,4.96419,4.01353,3.81248
3.98696,2.99941,3.45209,4.4796,2.7635,4.09602,3.86094,3.56314,4.02671,4.39872
5.21226,5.15001,4.14345,3.82252,5.13862,4.81307,3.09625,4.59561,4.71655,4.72704
4.0701,2.51166,4.83605,4.15137,4.11317,4.09963,1.39559,7.71397,3.62044,4.39116
3.9038,2.93284,4.79692,3.61802,5.08212,1.62976,4.30264,4.06584,4.07221,3.49244
5.12109,5.115,4.07374,3.37581,3.36388,4.53604,2.3071,4.28859,1.73886,4.81038
2.81005,4.89767,4.26488,6.83562,5.4672,2.75504,4.12125,2.21996,4.11877,3.02769
3.03864,5.49954,4.12215,4.29824,4.55641,3.51703,5.34507,3.73095,5.01006,5.32111
3.46016,4.02983,3.68508,3.52095,2.73164,4.07856,5.64343,3.37654,3.69687,4.87619
3.28247,4.86548,4.45341,4.38355,5.92621,4.29287,5.63429,5.53579,3.71889,3.49081
4.10804,3.86846,5.13096,1.94497,2.48715,2.86002,4.17503,4.62477,4.95409,4.28295
5.16791,5.53081,3.84428,3.64198,3.47395,3.94222,4.70851,4.71826,2.90806,3.38679
2.35401,4.9364,3.76206,3.58968,4.21614,2.88155,3.72798,3.79514,3.55448,1.90444
3.73386,3.55851,3.5418,2.52985,2.05582,4.78987,3.46537,5.38598,3.8039,2.84608
2.96854,4.61459,3.77944,3.27346,4.57831,5.49834,3.4347,4.9211,3.9772,3.98733
5.16056,2.40519,1.69848,2.42999,3.98996,3.45113,3.39439,4.51599,3.60219,5.02173
4.51819,4.25789,3.98963,4.03894,5.00734,4.10373,1.87661,3.88539,4.86897,2.51375
3.96336,4.53446,3.68518,2.51828,4.22917,4.09844,3.78789,3.17493,4.67975,4.35555
1.04866,4.15369,2.88956,4.42325,4.88902,3.43989,3.63658,3.91949,3.65341,3.13445
3.47915,3.60194,4.16742,4.93674,2.64564,3.70054,3.71923,3.35471,5.40493,5.88876
5.41134,4.27136,5.20892,3.00531,4.19167,3.0562,4.15114,3.06978,5.28823,3.52115
4.7046,4.65993,4.53034,2.05613,5.07941,3.55575,3.01645,4.35972,4.00202,3.18248
5.27999,3.82726,2.26185,3.84167,4.45732,3.81586,2.85119,3.85856,4.22873,3.11763
4.35136,3.01305,5.19509,2.87676,5.07615,5.43472,2.53174,3.20805,4.02977,3.91311
4.70351,4.67591,3.63758,4.35564,3.66258,4.26986,5.22277,4.6175,2.93519,2.17635
3.08943,3.56243,4.06562,4.09938,2.6054,4.31981,3.92481,3.80206,2.7603,5.12072
4.3748,3.51417,1.77019,3.87473,3.93501,2.47785,2.66051,4.30887,4.13116,2.0431
4.71588,5.09235,3.83795,4.78476,3.73125,1.04971,3.84268,2.90533,4.00602,4.30647
3.26312,3.35596,4.84409,3.59287,4.25849,3.88403,5.54708,4.53877,4.98642,3.52658
4.34831,3.56657,2.75471,2.24912,2.94576,5.55252,3.43241,2.2593,4.5734,5.54035
2.65548,2.73739,2.91553,4.32738,2.02083,5.17098,5.48118,5.45277,4.33386,3.90332
3.10811,4.3332,3.37361,5.37269,3.81458,2.64497,5.64524,3.25614,3.45836,3.46048
2.71141,5.37711,3.28734,3.52346,3.6615,4.02132,2.84093,3.78975,3.2578,5.52282
3.47933,4.21862,5.47022,5.69314,3.16517,5.99494,3.83956,3.51946,4.84553,4.49528
2.46771,1.91456,5.09557,2.17774,6.43071,3.52912,3.89584,4.13162,2.5708,6.26769
3.73023,4.68015,3.8958,5.37887,4.84254,4.37202,6.27275,3.83217,5.34963,4.66613
4.21086,5.15029,2.19255,3.87662,3.59321,3.42989,6.31,5.48428,3.77112,3.30715
4.11934,4.05873,3.72136,3.77656,3.54289,6.40063,4.3379,4.8931,3.52099,6.7474
4.0531,3.70155,3.94231,4.48523,6.39805,5.95299,5.25912,3.91592,3.42687,4.24118
3.65697,3.33715,3.97973,4.30899,4.24022,4.65871,1.71439,4.68992,4.69037,3.9306
3.83444,4.15384,2.34298,4.48535,5.80699,5.18149,4.39447,3.25154,5.29465,2.3415
3.61652,3.64647,4.75242,4.50515,3.51598,4.19915,4.84702,2.29808,4.25573,5.05876
2.34851,4.03311,2.66554,3.76408,1.09118,2.99409,5.54342,5.16213,3.44022,4.14198
3.32835,2.57518,4.54492,4.10062,3.35214,3.49797,6.08038,3.69151,4.42654,3.6799
3.59971,4.57169,5.35565,4.82313,5.35021,3.53663,2.15055,4.29876,4.70136,3.27938
2.64439,5.1432,3.99337,3.76911,3.11871,3.19749,3.20981,3.96148,3.14926,4.50294
2.75103,2.75065,4.08085,2.69117,4.2213,3.99252,4.22733,2.98879,3.06929,5.19455
2.5036,2.06738,4.15206,5.251,3.54715,2.63818,4.2031,2.30161,4.06693,2.42064
3.83305,3.10401,2.83007,5.82242,4.02285,3.7005,4.32083,3.26327,4.95519,3.65721
5.15725,2.96328,5.39585,3.98183,4.48831,5.92621,5.19742,4.42598,6.65741,3.89153
2.55607,3.83825,4.74047,4.34965,4.0792,3.38579,5.5285,4.80856,2.85518,4.30126
5.60751,4.17845,3.7108,5.89462,2.51357,3.90822,5.55802,2.45312,4.98586,2.8019
5.11738,4.85408,4.31751,5.46262,2.87713,2.37931,3.5438,4.19741,4.07979,4.55231
3.98516,3.69722,3.98618,1.70722,3.14913,4.17767,2.22983,6.91823,5.06491,3.04649
3.00685,4.593,4.46926,4.34468,1.76552,3.84983,3.96306,5.06603,1.54676,5.06497
3.57062,4.15638,5.70768,3.45311,3.44206,4.63084,4.29734,2.44737,4.13279,3.89428
5.61366,5.03718,4.77408,2.77962,3.28688,4.22928,5.39985,5.07803,4.5775,3.78719
4.01447,3.60516,4.1836,5.0424,4.16005,3.77339,1.36346,3.50675,3.61557,5.01021
5.66204,2.84058,2.8355,3.57033,4.3314,2.64351,2.30383,3.33405,4.43853,4.53019
4.3378,1.86188,3.71391,5.60632,2.23004,3.43172,5.15916,4.49737,3.92378,3.47878
3.56363,4.78073,4.14214,3.76166,5.00689,5.63152,3.10833,4.36907,5.09992,2.26687
3.91299,4.46345,3.70694,4.1038,3.28404,2.87632,5.08724,2.69968,4.82406,1.29766
2.66889,4.29595,3.65626,4.3312,4.94288,6.66096,3.36938,2.44717,5.54029,4.51026
5.02645,4.94401,6.53086,5.50407,4.36501,3.95914,4.26678,6.16467,5.79352,2.86196
3.80714,3.42385,4.22559,4.45111,4.32336,4.33161,3.78463,5.21592,4.67327,5.23279
2.61848,1.87726,3.8273,3.58769,3.12107,4.33492,2.6476,3.90929,4.14866,3.26892
4.58323,3.57729,5.24679,4.00881,4.11056,2.88939,2.65091,5.74314,3.51412,4.53578
4.54145,4.40419,3.51591,4.1384,5.92253,4.71918,3.03702,4.19726,3.92789,2.74576
3.12299,4.74133,3.20015,2.90839,3.76013,4.62018,5.01914,3.44481,4.65905,3.82746
3.88699,4.62412,5.6079,4.84747,5.1662,3.14028,4.40895,2.42165,3.17887,2.15316
3.07614,2.54939,3.80496,3.75313,3.77248,3.7528,4.82503,1.96071,4.51244,4.26724
5.2733,4.47377,3.67346,6.20905,4.03164,4.56733,3.1777,4.15306,5.74735,1.65348
2.57656,2.64985,2.94753,4.34895,2.33801,3.39183,3.74152,5.10776,3.90968,3.29465
3.70332,3.80706,4.14263,3.58985,5.25536,5.46843,4.88608,3.42396,3.59226,3.72944
2.43964,4.72718,4.51724,3.00166,3.68755,3.44754,3.97423,4.24903,2.06274,2.31927
5.58767,3.89437,4.50555,3.46008,4.18266,4.02301,5.69834,3.15257,3.89828,5.09692
3.60021,3.05879,3.13704,4.48495,3.89701,3.14598,4.2978,2.96052,5.39753,4.54843
4.10872,3.16011,3.97999,4.9167,4.68115,3.53513,3.48953,4.9133,2.35046,4.98396
6.58531,3.49792,6.43089,2.45471,3.27353,4.46377,3.74305,2.97454,3.48953,3.46193
4.50198,2.76424,4.03143,4.3284,4.84898,4.91378,2.94179,4.96335,3.90675,3.80264
3.16905,3.94328,3.45463,3.40067,4.54442,4.67472,5.02846,3.99536,4.69818,1.80105
7.05144,4.13634,4.62457,3.18937,4.14844,3.773,3.22247,2.36057,2.53153,2.50421
3.60621,3.78765,4.83355,3.44031,4.65787,2.84014,4.31931,6.27478,5.29128,3.07352
2.57519,3.58227,3.94189,2.61718,3.3287,4.35989,2.8558,4.26121,4.38154,4.73234
3.82585,2.89168,4.33125,6.97912,3.58162,3.73924,4.13397,4.9785,4.93958,3.05296
2.50365,5.7595,3.98523,3.88057,4.85801,3.82678,4.34823,4.14279,4.67862,4.2033
4.23567,3.72846,2.46027,3.30525,1.27515,3.28251,4.83204,4.0327,4.37749,3.4598
3.36072,3.8693,5.15522,2.56553,3.22956,3.04349,5.32774,4.90326,4.08423,3.7424
3.39316,2.94097,4.33428,3.05523,3.71925,3.93853,4.14714,4.73899,4.08676,3.25611
4.21569,4.71041,4.63612,4.44099,3.20755,4.68054,4.75053,3.88057,2.11223,5.16315
3.87617,3.97041,4.51971,3.17799,3.82252,3.73754,4.47783,3.80713,2.98556,4.22526
4.37491,5.1275,4.2732,3.30232,5.24362,3.28893,3.30293,5.22721,6.65759,3.94999
3.14496,2.67182,5.17913,3.22517,3.75573,4.52424,3.61063,4.02602,3.68713,3.60166
5.05081,4.65045,5.11499,3.00827,4.84837,4.64305,4.89376,2.81097,4.06903,3.68706
3.82916,4.50214,2.40725,5.12857,3.50379,5.25373,4.27383,2.97934,4.68828,3.20234
3.32293,4.42885,4.50953,3.92617,3.74838,4.19971,4.87847,4.67222,4.87265,2.65825
2.16048,3.69841,3.8893,4.25802,3.46611,5.46036,3.04726,2.66258,4.11471,3.40704
3.29826,5.72031,4.56172,3.59934,2.35435,3.72915,4.59769,3.57411,4.46076,3.65778
4.2573,2.71928,3.49932,3.47397,5.22346,4.86024,3.6521,5.09701,4.01932,4.11338
4.13663,4.33654,3.33833,3.09475,3.78951,3.07268,4.15135,5.01411,1.64343,3.61027
2.13066,3.76744,3.8083,3.49605,5.53428,4.80645,5.14209,4.61306,5.21135,4.09886
3.70413,4.88543,5.72005,6.07727,3.42784,4.71105,4.69063,3.40846,3.03301,4.0934
5.8825,3.36535,3.73144,2.91158,2.98625,4.65741,3.27844,3.23278,4.43002,4.70404
3.94019,3.95534,3.8142,5.33414,4.59899,4.09786,4.39522,4.45605,3.43067,3.02053
2.96453,3.29114,4.11922,3.74196,3.40663,3.49024,2.50652,5.47889,4.91201,5.07461
2.82766,4.40925,4.15316,3.40566,5.47335,5.33808,4.58147,5.29844,4.37232,3.06361
3.61983,2.97059,2.97164,4.24455,3.58105,3.57382,3.77142,4.42308,3.15752,4.11415
5.1803,4.56196,2.29805,5.3515,3.97361,4.36874,3.86046,3.04297,4.58127,4.78592
3.5424,3.951,4.89104,4.75075,4.26441,3.46772,4.18336,3.71496,4.72721,3.13852
4.07925,2.93703,3.18855,3.98702,5.58391,3.73029,3.36813,4.33694,4.87048,2.51821
3.89208,4.95476,3.64012,3.81938,3.96958,3.26672,3.84304,5.16853,2.65654,4.25431
5.10551,3.72774,3.86172,5.85703,3.32213,3.56496,3.77525,3.00624,2.98744,4.26323
2.12247,2.89221,4.63507,3.89857,4.74266,2.46484,3.43738,3.68691,6.17109,2.55609
4.66683,3.6266,3.85882,2.24439,4.86451,4.13718,4.23753,4.23645,4.20479,3.36493
4.06313,3.99615,4.10085,4.40544,3.83315,4.83348,4.09848,3.43484,4.37452,3.64649
4.48169,2.85716,3.58989,4.96061,4.87594,5.94552,4.55852,3.31999,5.42703,2.76006
1.72383,3.6975,3.70853,3.61491,4.5359,2.89688,3.72354,3.8495,4.6244,5.28141
4.21481,5.83855,3.45118,4.13785,3.51156,3.50764,4.51645,3.8444,3.38883,4.45166
5.16305,3.36645,5.68897,4.46531,3.98957,3.45636,2.56201,3.55406,4.94018,3.07508
5.09107,3.85112,4.07899,3.36061,2.61438,2.36508,3.26133,5.22274,3.86105,3.81933
4.57994,4.01441,3.05849,3.00295,6.04307,3.83692,3.98552,3.98181,3.42135,3.95279
4.04506,4.18158,4.30025,4.52246,4.10286,3.72434,2.50341,3.21825,3.42765,3.3497
3.81191,4.26902,4.32248,5.01957,4.40768,3.19486,2.49252,3.72867,4.22574,5.61755
3.94267,4.92958,3.4257,4.27038,4.01289,4.00833,3.11589,4.10713,4.64653,5.36768
3.70587,3.35019,2.93557,5.93449,4.6999,4.99616,4.20457,3.83192,3.05912,4.72687
2.0188,4.1674,5.46309,3.00417,1.91529,3.22149,5.06462,5.28928,1.98368,3.78461
3.79135,3.72568,3.72922,5.21841,4.3768,5.09985,4.30852,4.00323,4.17785,4.13591
5.34474,5.56792,4.0311,4.47251,3.45765,4.78884,4.60471,4.41162,3.11,3.72604
3.24178,3.27141,4.45704,4.64706,2.86441,3.02876,2.48807,3.25905,3.99361,3.80169
4.04818,4.39615,3.04507,4.90031,4.31056,6.1064,4.8597,2.94748,4.70922,5.4669
3.73112,5.10396,4.24629,3.03772,3.38614,3.33054,2.37908,3.22526,3.22833,2.79443
3.67063,2.13714,4.21454,4.91089,4.35081,3.55345,4.23559,4.02491,3.54323,4.52525
5.64647,5.15637,4.61991,4.03221,3.68689,4.19983,2.21412,4.16521,2.43885,5.03981
2.42435,5.60368,4.14805,4.71052,2.57656,5.3361,4.38018,4.43165,4.80021,4.25646
2.41619,3.72186,5.93076,4.06702,3.27524,5.26293,1.88105,2.59389,5.44983,5.46726
4.46208,3.92881,6.03612,1.99364,3.79012,2.27794,4.40711,2.12111,5.05613,5.5673
4.72894,2.82408,4.92317,3.60218,4.93956,3.98524,4.34715,3.12139,2.85165,5.07164
4.61385,4.13778,4.69323,4.16244,2.72536,4.30233,4.62057,2.00937,3.99481,4.04098
4.59552,2.48265,2.79237,4.06702,5.43463,2.10142,4.63095,4.08282,3.50895,3.50503
4.09321,3.23976,3.99216,3.73953,6.58359,2.27553,3.5041,4.50706,4.84426,1.915
4.51563,3.86059,4.74177,4.56385,2.21671,4.41629,4.01544,2.78838,5.25745,4.27387
5.55136,4.78304,2.52702,2.67552,2.18752,5.00788,4.28596,3.90988,5.26821,4.6882
5.5195,3.9521,2.97024,4.81395,2.06361,4.51353,5.46732,5.51406,3.02643,4.02162
5.11777,2.54252,4.17907,4.72896,3.27249,3.73746,6.16376,6.68667,3.6975,3.62404
4.1146,4.54473,4.65104,2.50344,3.33196,3.54418,3.74842,5.03067,4.76267,2.69891
3.63842,4.89965,3.81322,4.19649,4.04989,4.34422,4.89673,4.3663,3.92972,3.35283
5.81492,4.75181,2.89169,2.39409,3.45242,4.04675,3.79179,4.98532,3.61079,4.68901
4.71432,4.10383,5.60356,6.28955,2.73835,4.10173,1.27501,2.83478,2.68832,5.38574
2.85294,2.85545,4.63854,5.10554,6.13627,4.14637,4.42592,4.02333,4.577,5.8166
3.25208,3.02522,4.8092,4.41843,4.31507,3.76822,3.38176,3.10456,2.99572,6.20411
4.56419,5.17412,5.0403,6.12539,5.14935,1.21868,4.34509,6.16243,5.20248,6.67726
6.07165,5.48251,3.93003,4.91683,4.97242,3.78809,3.81879,3.47332,6.21437,2.03402
4.64304,6.4643,3.19242,2.5749,4.04442,4.86978,4.56036,2.74699,3.38779,3.46943
4.64344,4.74048,4.64196,4.47769,3.49857,6.40387,3.58463,4.40961,3.52141,3.15331
2.17583,3.69921,2.48402,2.63302,5.76836,1.57522,4.44651,4.5777,2.945,3.28035
4.1581,2.8166,2.83888,5.96535,4.68252,4.11984,4.50397,2.8005,3.83861,5.97814
3.70274,3.33299,4.04661,3.26669,5.04244,3.63094,3.82667,4.06051,3.94196,3.91678
2.52789,4.55305,2.64512,3.38299,2.89902,3.44182,3.65005,4.53473,3.52803,4.56559
4.43191,4.76321,4.5593,3.97075,6.51994,3.70097,4.08954,1.74327,2.85976,2.8796
4.84198,2.84706,3.31716,2.99061,3.15629,2.38719,6.79636,4.7472,4.74928,4.92651
4.65941,3.65978,5.12008,5.0716,4.72761,4.61112,4.30945,3.17434,2.57872,2.51014
3.88674,3.23119,4.40382,4.98292,2.80874,3.60607,2.8418,4.42386,4.15339,3.25084
5.62489,4.31772,4.34629,2.6306,3.99382,4.36189,3.49729,4.56269,2.41167,3.09093
3.71063,4.29704,4.6477,3.6216,3.07157,4.72303,1.05159,5.55471,1.95948,5.61687
2.40876,4.25288,4.02852,5.56539,3.13701,5.45488,3.00984,4.67112,1.267,4.71351
2.46192,3.83205,3.49259,4.36202,5.62206,3.7245,5.18322,2.95472,3.83694,5.116
4.12217,3.68848,4.70707,4.12347,6.07736,1.4165,2.93625,3.91891,3.70761,2.28834
3.87276,6.7397,3.27761,2.70495,4.35631,4.06697,4.52013,3.58505,4.45888,3.66415
5.92812,5.62109,4.39429,5.79026,4.97805,3.26729,5.10532,4.138,3.82861,5.49088
3.70398,4.60723,2.71388,4.52911,4.68152,4.42964,5.22676,4.14534,5.32292,2.12108
3.7248,4.5338,5.92051,5.25997,4.45878,4.37375,3.74931,5.61532,4.82293,6.20492
4.34483,5.72991,3.37227,2.97159,5.37053,2.76439,2.99997,5.53484,2.94234,2.63028
2.75006,4.33609,3.37932,3.02768,4.27372,3.0559,4.49072,3.92952,5.19713,3.8616
4.82814,3.61042,3.43314,4.39642,3.64711,4.46763,4.32923,4.53057,3.00657,4.61671
3.35473,4.84357,2.72414,4.08441,4.62213,3.97097,2.48682,2.71913,3.02797,3.76146
4.30846,3.13668,4.92355,3.44372,4.68072,4.35633,4.84074,5.24893,6.15631,4.05774
5.01549,4.23197,4.78321,3.24202,4.77753,2.78272,4.92914,3.4079,4.47441,4.76244
3.70019,4.45064,4.4485,4.13826,3.49346,3.40505,4.11183,4.08725,5.65531,4.03012
3.17487,4.09084,4.79033,5.14364,3.03474,4.60224,4.01095,4.29605,3.20696,3.925
4.26409,2.979,3.12706,5.15492,4.52622,6.91702,5.5922,4.16876,4.3266,3.71536
4.41245,2.72532,3.62177,4.97365,3.66647,3.6473,4.69841,4.19892,4.3872,3.21037
3.84534,4.60986,5.66321,4.6653,5.51878,2.99143,4.91871,3.733,4.93394,4.42446
5.6754,4.53218,6.27087,3.27877,2.81371,3.64817,6.28364,4.91141,5.11927,4.84825
3.0885,5.90522,4.10647,3.6563,2.86052,3.86052,5.05794,3.1755,2.78185,4.31674
3.59074,3.26728,5.11273,4.41404,3.15226,3.68195,6.01345,4.76791,3.77068,5.09391
4.29648,5.96386,5.09426,4.84999,2.97462,4.71109,3.31784,3.58488,3.0764,3.87925
5.73824,4.90221,4.63163,3.08338,2.93416,3.01239,4.74931,1.95642,2.98964,4.42452
4.89749,4.46314,6.69169,4.32675,3.43772,2.68073,4.07912,4.3329,3.07747,5.11661
3.19098,3.4746,4.63621,2.12735,4.1335,4.36793,5.69146,4.70956,3.60467,3.52448
1.55335,4.48298,4.31741,4.87077,1.36922,3.12564,2.97845,4.05444,4.7076,4.3598
5.27032,3.14296,3.29083,3.39757,4.29006,3.55284,5.23397,2.10437,4.39726,5.61527
4.29487,4.34336,4.5449,4.90417,3.90054,3.87258,3.81938,2.8112,4.2389,5.6799
4.78746,4.32022,4.74059,3.19021,1.39463,3.85777,3.16681,3.84277,4.53631,3.07374
4.18855,3.00187,4.7109,4.89166,4.39839,4.79667,4.61102,4.13364,5.02551,5.3655
2.70023,2.97742,3.21575,3.81407,3.85877,3.81739,2.99249,1.92622,5.22982,4.29671
3.85351,2.82275,5.62408,6.28499,3.74688,3.56918,3.76549,4.65869,4.25929,4.37326
3.95968,3.71894,3.67824,3.94461,4.69812,7.08971,5.77163,5.93695,3.01184,2.29798
4.87745,3.34698,5.55821,2.5519,4.76774,3.54472,4.33188,3.95356,2.25235,5.01579
3.75383,3.10226,5.15146,4.59695,3.39193,3.28667,2.75234,3.23688,3.49933,4.3307
4.24638,3.70057,4.1188,4.37232,4.7513,3.26048,4.79621,2.78518,4.35036,3.74317
2.64464,4.90499,4.09104,3.1774,4.13899,3.06739,2.48521,5.985,4.75844,3.98854
3.68788,6.17253,4.3779,4.45598,5.33655,2.89627,5.05116,3.82856,5.26145,5.58202
3.10971,6.01408,6.94594,4.8115,3.96567,4.11539,2.79777,4.24372,3.75619,2.33592
3.99483,3.62228,5.82764,3.3648,3.66168,2.90679,2.07235,3.77985,3.71848,5.20683
3.48636,3.29272,4.53146,3.95498,4.79748,3.43007,2.90031,3.50428,4.00035,2.64823
5.22999,3.85508,4.32,4.53151,3.96293,4.46739,4.40252,4.34852,3.87542,4.25321
3.6102,3.75154,4.40387,6.3374,5.47715,3.05398,3.02031,4.99897,2.973,4.89815
4.58083,3.62765,2.92623,4.72397,3.69361,3.23965,3.14845,3.91386,2.79954,1.29336
4.57779,4.59306,3.23559,3.5913,4.08467,4.09627,4.40576,4.97986,2.16545,5.97462
3.32835,4.10318,4.14116,4.21728,4.34725,4.38241,3.34239,3.24728,5.32004,2.97946
4.99848,5.11502,4.7211,2.91183,6.61237,2.99482,5.0694,4.68154,2.91508,4.04237
5.74117,5.15201,3.78343,3.89536,3.4799,3.1637,3.53107,2.9292,3.90182,3.32024
4.40516,3.50308,2.3208,3.48605,1.91638,2.14456,4.00814,3.16276,5.83889,3.22445
5.39554,2.32667,5.66164,4.16505,4.28495,3.60356,4.05734,4.39569,2.84802,3.34246
6.62461,3.68474,3.3425,1.84499,3.26914,5.07753,3.7468,3.54492,3.02239,3.90208
3.82877,2.29267,3.52126,3.78955,1.55021,4.18294,3.95904,3.13837,5.4995,4.62294
4.47981,3.95781,4.74905,4.01281,3.80272,4.1175,3.63528,3.67676,2.54189,2.92614
5.45812,2.13094,4.48608,6.15693,5.62699,3.29725,4.43979,3.98506,4.24152,5.45192
3.29349,1.94789,3.69223,4.53638,5.56379,5.48076,3.15626,2.68976,2.89165,5.22352
4.68132,4.5754,3.97718,5.33369,4.97671,5.32449,2.86687,3.90966,4.88893,4.19925
3.7427,2.37564,3.52682,4.58681,4.16854,4.61309,2.6055,1.61314,2.63954,3.37939
2.12968,3.20571,3.99205,3.45994,4.23735,5.00877,3.20895,4.53492,4.1337,3.33969
6.00199,5.11462,1.95437,3.20241,5.92346,4.2883,4.35514,2.76851,3.6581,6.11018
3.78253,3.8713,4.05391,3.23631,3.11483,4.97114,4.91157,1.90278,3.79988,4.31214
4.06147,4.82279,4.29821,3.79051,3.79876,4.75943,2.90886,4.64304,3.83087,4.02674
6.76187,1.97478,4.62836,4.33781,4.53017,4.01305,2.26655,5.09826,5.95783,5.80255
4.54313,3.70946,2.88309,4.71228,3.37595,4.6328,5.23689,4.3579,3.64049,4.84118
4.17481,4.36212,4.71487,4.11114,5.87717,4.47956,3.69075,4.35599,3.38216,2.07074
4.49459,3.69161,2.2693,2.83536,3.28677,2.95881,3.49067,5.0249,3.10773,3.44889
3.58141,3.875,3.87795,3.97543,4.44708,3.53799,5.769,4.44879,2.892,3.96602
3.89266,2.48244,5.48706,4.04066,4.19792,4.17366,3.8358,1.67682,4.87271,4.36881
3.85474,5.35176,4.80656,3.04578,2.48109,4.17401,4.39655,3.39176,4.16348,4.01044
3.50713,5.42636,2.9488,3.3494,1.74097,2.83001,4.88227,3.53734,3.05847,4.40606
2.78159,4.85335,5.2816,4.93812,2.79387,4.03206,4.10679,4.47502,3.15664,4.72755
3.39271,3.80494,2.19926,4.77689,2.94905,5.39815,2.88511,2.98368,2.91401,5.23031
3.65018,5.53025,2.49909,4.55671,4.64898,4.42586,5.15354,4.65861,5.67628,3.5597
2.25106,3.52174,4.56219,3.50582,3.10936,3.86794,5.53284,5.52029,3.02928,5.27413
3.60292,4.36517,4.17876,2.83359,1.71445,4.58301,5.95919,3.1656,4.27411,4.40697
4.5781,2.22409,4.95187,3.41457,3.73551,2.03129,5.39355,4.08229,3.61898,4.58896
3.0274,2.06066,3.43945,3.60401,2.09938,2.68965,4.36538,5.09358,5.72751,4.62173
4.21875,3.66565,3.66346,4.71354,4.61231,4.5788,4.39515,4.50442,2.62124,4.61731
3.90676,4.5343,3.99927,1.74761,4.6022,5.10265,6.03201,1.51335,3.48769,5.58853
5.19698,4.44197,4.04658,3.96207,3.37965,3.02114,3.53268,6.04573,4.22192,2.68127
4.26896,5.41925,4.19889,5.16946,4.21235,3.50546,5.33649,3.05283,4.50519,3.85724
3.02631,4.05944,3.30814,4.70432,4.24454,4.22696,6.15194,5.14033,4.52639,1.64768
5.40901,4.19856,2.87765,4.88977,3.8114,3.99034,5.88315,3.7288,4.19243,3.58873
5.37708,3.87699,2.43974,3.80794,3.68132,2.64061,2.75361,3.72579,5.29751,3.61946
4.0627,4.38447,4.87786,3.67734,3.74273,3.41249,4.55345,4.42069,2.49521,4.27906
2.93265,3.40176,3.5885,3.20939,3.76431,5.01446,4.22599,3.86948,3.76331,4.47402
3.65169,4.575,5.65348,4.312,4.86157,4.64701,3.64291,2.65913,4.43573,4.27191
3.60823,5.05935,3.9911,3.68876,3.02403,5.50916,3.15213,5.04871,4.0335,4.76252
4.19246,3.33989,3.94848,3.23182,4.29837,3.3095,3.6631,3.13768,3.39022,3.71352
5.95429,4.79979,4.07939,4.32526,3.07616,2.20657,5.46331,3.78166,4.78857,4.65896
3.34831,3.83689,5.76092,5.68656,4.40812,3.36253,3.24282,4.18133,4.04012,1.50059
4.60296,5.73947,3.62685,5.24697,3.83246,3.3147,3.93437,4.37984,4.802,1.9428
4.73173,3.69377,3.12728,1.67004,5.28195,3.00829,4.0123,4.40196,3.57111,3.43504
4.01298,5.47185,3.05167,2.94591,3.92564,2.99707,4.0126,3.76239,4.40945,5.07689
3.11805,5.54,3.17248,2.6869,4.18418,2.46148,5.09985,4.78822,2.99209,4.42476
4.80987,5.79465,2.9599,2.17131,4.92441,3.45881,3.35207,3.05157,3.42401,4.86671
4.60594,3.57459,4.31863,5.44489,3.979,4.10776,6.20238,6.07979,4.55847,5.69407
3.34919,3.74973,4.63469,2.29767,2.93421,2.66681,5.99215,3.36429,2.92819,4.59993
4.33937,4.59107,5.24272,3.22631,2.65987,2.61229,4.07885,3.76517,3.54048,3.96906
4.2123,4.68796,4.30357,2.71231,3.12658,3.11565,4.23386,5.31011,3.58482,4.5435
4.98125,3.42961,1.17524,4.79346,2.63093,4.7449,2.96427,5.12662,4.0145,5.76988
4.77603,3.85036,3.9527,2.98961,3.18778,3.28539,3.47703,3.36502,2.83382,5.29458
4.73795,3.48253,6.22245,4.73215,3.94904,4.04238,3.23285,5.88377,4.72138,5.80035
4.20582,4.62215,3.1343,3.04345,4.51959,5.17738,4.33871,3.48838,3.44536,3.88573
1.78961,4.3103,3.26538,2.96241,2.63845,3.8555,2.54177,3.81525,4.97563,1.76787
3.57017,2.95903,4.85592,3.28564,3.74353,4.23465,3.90612,2.22109,4.08115,4.10502
3.24726,3.69952,5.0669,2.58933,4.49988,2.9695,3.58762,4.16971,4.3523,2.57507
4.54198,4.53934,2.77233,4.4464,3.24853,3.17509,5.31089,5.24707,5.42002,3.49291
5.10221,4.35141,5.072,3.59748,3.74117,3.76664,3.20959,5.00678,3.49752,2.56762
1.99294,5.31237,3.2658,4.38514,3.29434,5.74565,3.85562,3.60996,2.9132,4.59606
3.99585,5.17596,4.8377,4.67952,5.6954,2.70174,3.70181,6.93874,5.95996,5.03487
4.47197,4.68793,2.50695,4.98072,4.78816,2.50042,4.54931,4.10956,3.49727,5.88109
4.84815,3.25631,2.70761,3.20244,1.94435,4.32051,3.13293,4.61001,4.40104,6.35243
3.53004,3.41523,4.72008,5.50284,3.50131,4.61508,3.9924,4.88537,3.49823,3.29825
3.56993,4.59562,3.33633,3.57825,3.81976,3.05385,5.12733,3.31474,5.44295,2.70189
4.02841,4.68218,1.79342,3.49929,3.87863,3.77752,5.19177,3.06691,5.011,3.12007
4.46861,3.98195,3.74934,3.04021,4.16036,3.55401,2.10059,4.09498,2.61141,3.28233
3.35922,4.26281,3.13077,3.82677,3.71263,1.96333,4.42177,3.53671,3.08755,4.61998
3.59695,4.22747,5.31166,2.0802,3.87129,3.86743,4.31286,6.18165,3.981,2.42161
3.90524,4.00528,4.35892,3.42601,6.05882,4.82314,3.97048,4.56721,5.13234,2.72355
5.42747,3.34464,4.85013,5.2259,3.39612,5.15757,5.86525,3.52955,5.00584,2.72323
4.00016,4.34766,4.18245,4.72886,6.24527,4.40974,3.50855,3.61911,3.34434,1.37946
4.8887,4.32454,5.21766,4.5108,3.71005,4.84948,4.7533,4.16977,2.83245,3.11
5.12625,3.52376,4.38702,5.14359,3.02485,3.74785,4.93762,4.89762,4.87419,3.84648
4.09401,3.7707,3.95422,4.36873,3.79761,3.97662,3.52405,5.35709,3.45282,4.10649
4.07357,2.88825,4.43932,4.28354,4.84789,4.10117,2.54164,4.62894,1.41477,3.97267
3.12642,2.541,3.45421,3.02926,3.49013,5.40628,4.5884,3.5201,4.15493,3.65772
4.57552,1.90949,4.46031,2.43163,4.60583,3.13701,3.78039,3.72935,5.12061,4.80144
6.45497,4.92716,5.26211,2.57573,2.53063,4.6372,5.15509,2.95134,3.72172,3.1499
3.20001,3.42908,3.55346,4.5051,2.36483,3.24285,3.95707,4.2371,5.45827,3.33258
4.45667,6.44139,3.52051,3.78592,4.20231,4.5306,2.86307,6.32405,3.49819,3.93086
2.78367,3.98999,2.86859,4.91916,3.20031,3.23505,5.11377,3.05807,3.46235,4.58865
4.44101,3.59938,2.92914,3.92338,4.03811,3.90212,3.99847,4.6426,2.49735,4.53637
5.29394,5.48031,4.05182,1.68734,5.6556,5.31219,4.1258,4.90892,3.67954,4.5552
4.86107,2.23275,4.11733,5.31436,4.14731,3.02677,3.31544,4.03048,3.61189,3.40353
6.44083,2.59027,3.52398,5.36859,2.87882,3.5132,5.05498,3.35386,4.95851,5.39329
4.55404,2.69244,3.96911,4.04107,4.12684,3.09807,6.46357,6.08174,3.97106,3.80561
4.6806,4.51571,3.99874,2.94609,1.8206,2.75485,5.65516,3.67682,3.66772,5.90804
5.20087,4.20234,5.32135,2.97572,3.20095,3.61336,4.42838,3.65094,4.7241,3.7379
3.31646,3.80462,3.34676,2.03405,4.07442,3.84258,5.4499,4.19376,4.06267,4.36666
4.66176,4.34182,3.17177,4.03024,5.98828,4.20898,3.82833,3.3361,4.99031,3.74143
3.0465,2.02976,3.06047,4.25545,6.05129,2.71076,2.91671,5.07731,4.95481,3.60139
5.13174,4.91684,4.02868,3.26108,2.12971,3.91647,3.82251,3.59814,5.79332,4.5719
4.58142,2.34467,4.64589,2.68122,4.27743,4.69813,2.90114,4.86465,4.02974,4.51086
2.81702,4.36409,2.98701,3.53362,1.8328,5.26809,5.77195,4.55386,4.65859,4.85107
3.61013,3.19455,1.80401,4.90589,2.9735,4.46145,3.58232,4.91634,6.23822,4.09758
5.41216,4.20415,4.31636,3.09421,5.23666,3.74944,5.57958,3.54136,3.16841,3.39689
3.16576,3.52741,5.06069,3.75198,5.06257,3.32636,4.85926,4.18947,3.15443,5.55609
1.5836,4.87444,4.47703,4.47905,3.79077,3.55179,3.84576,3.25993,3.1948,6.34539
4.1993,4.19944,5.94811,2.90273,4.62301,3.00455,4.89945,3.2282,3.70656,4.67476
4.71583,4.32723,3.51714,3.2626,3.15403,2.92369,1.78527,5.80683,3.08662,4.87382
5.70144,3.55881,3.42034,3.15225,3.94066,3.42707,3.92312,3.73858,3.46278,3.13939
5.6111,3.41795,2.54174,5.22152,3.72492,4.8536,2.94614,2.64817,2.47105,4.4712
3.46899,2.22974,4.19038,3.24468,5.35133,4.56844,4.22798,4.21191,4.62005,3.11751
3.56862,6.32893,4.14485,3.33898,4.74999,5.17387,4.93962,1.43168,5.03098,4.01575
4.73763,4.64833,4.9246,3.87237,2.60747,4.81004,4.96233,5.28229,4.50136,3.50075
5.55556,4.37942,1.11054,5.25882,2.46454,4.11928,4.00701,4.74515,3.79294,4.84791
5.07785,3.90821,3.28313,3.43092,2.07674,3.66964,4.94212,4.6371,4.55428,3.60353
4.96254,3.89586,3.84737,3.30193,4.03883,4.47955,4.25384,4.45672,3.30314,3.98351
2.7434,3.17699,6.16763,4.26373,5.02566,3.22468,3.40428,2.52469,4.0826,3.0052
6.04779,5.15839,3.93924,3.52737,3.56114,3.40474,4.12755,1.01878,3.11737,4.77556
1.75867,1.88178,3.55997,4.5907,4.41536,2.73342,4.62863,5.01684,3.43506,5.59956
4.24284,5.57685,2.15768,4.16789,3.93915,4.51601,4.80084,3.03796,3.30053,3.19755
3.53539,2.92906,2.93743,2.1431,3.47877,3.65005,4.14217,4.31467,4.57842,4.48373
5.02128,3.05603,4.77534,2.18222,4.43531,3.60471,4.47316,3.11239,3.3357,2.58817
3.4537,4.02703,4.08309,4.79871,3.31426,4.01168,4.60866,5.41809,4.73863,4.75255
5.43365,4.50507,3.98245,2.55815,4.60897,4.37083,3.54566,3.87536,4.35806,3.38237
2.43586,3.04927,4.15302,5.20248,4.31952,4.53053,1.28511,3.23372,5.91809,4.96793
3.29152,3.60701,3.60527,4.78748,4.02634,3.47944,4.98842,4.06918,4.22407,3.90069
3.78533,3.46945,4.35576,2.69879,4.36738,2.28362,4.4909,5.29642,4.1501,1.5849
3.00806,4.68261,3.97668,4.68063,3.44235,3.37978,3.94752,4.19469,2.95841,2.57463
4.87939,4.33325,4.76023,3.79952,3.47314,5.24861,5.08977,6.13837,3.51928,3.5821
4.92754,2.98233,5.42273,3.26111,2.59962,5.30461,3.81387,4.41504,3.48561,3.52021
4.45751,5.82498,3.83192,4.49733,3.495,3.75154,3.92515,2.74965,4.80185,2.14824
4.05929,4.56884,4.06025,3.27392,5.87131,4.06053,2.92593,3.39057,2.95833,4.97999
4.48807,3.80873,3.25293,3.92065,3.99332,4.36029,4.77658,2.57152,1.74972,3.97276
2.43037,4.2403,3.59813,4.48886,4.77503,4.74222,4.08927,3.54043,5.19283,4.194
4.79793,3.55842,3.30132,5.446,4.34024,2.22522,2.03378,4.48789,4.01359,4.03414
4.36701,3.56291,4.42952,2.6723,4.09109,2.57793,4.15403,5.50778,2.88193,3.09026
4.37642,1.81651,4.30257,3.09675,5.02507,5.09354,4.80221,3.11425,2.72442,3.67912
5.11125,3.31602,4.28531,4.5607,2.95391,3.41607,5.54962,3.20662,4.46486,4.53543
4.93503,4.24595,1.73875,2.72269,3.51948,4.26362,2.56603,4.99648,2.84179,3.11029
5.21203,3.27373,3.04228,4.71611,5.70174,2.92164,2.52746,4.08273,2.90819,2.30129
4.52101,2.91501,4.3146,3.5302,4.70475,4.13846,5.57382,6.40107,5.48042,3.12839
3.41017,4.8502,3.08891,3.03974,3.75225,3.83902,5.29843,3.95195,4.09285,4.52164
4.97279,5.48838,5.41736,3.86062,3.36622,4.68038,3.36536,2.50822,5.09076,4.35948
5.01869,4.74576,4.04659,4.10383,5.3396,4.83573,3.22212,4.11582,5.29051,4.70308
3.70338,4.20455,4.32664,4.16579,6.11787,5.09713,4.56879,4.59714,2.9264,3.05934
3.70459,3.94307,3.29851,5.95072,5.47458,4.30104,4.88829,3.14025,1.63998,5.7015
3.8484,5.21425,4.79313,3.72892,4.03339,2.89717,5.83888,5.28325,3.91061,3.08856
3.15802,4.70356,3.80489,4.2189,4.0269,4.43266,5.13291,3.16775,4.47895,5.11875
3.81688,3.24998,2.55385,0.533798,3.12741,4.94057,5.65239,4.68528,5.02199,4.91287
2.80639,4.77027,3.01926,2.86605,3.88048,2.36022,4.05733,2.93808,4.52145,5.8448
5.55998,4.47927,5.94859,1.34356,4.61466,2.65033,4.49534,5.30238,4.34602,5.35243
3.25926,4.90914,4.1147,5.42925,4.64155,4.08542,4.81227,3.54466,6.88682,3.5939
3.88649,4.68336,3.31159,3.7591,3.92273,2.86254,2.69893,4.27927,3.34252,4.20076
4.9261,2.67768,3.15887,3.68567,3.58366,4.64344,6.11253,3.03011,1.36621,2.25835
3.50778,4.21201,3.50413,2.25451,5.2236,3.00119,4.71842,2.55624,4.09388,5.08675
4.84272,4.28358,3.93602,3.73045,3.9295,3.63339,4.85271,4.53834,5.70213,5.66288
3.94738,5.30777,2.54939,3.23555,3.1092,3.13629,4.4977,2.80501,4.04802,2.50442
4.48557,4.77078,3.32241,3.47442,6.3618,2.66926,5.19751,3.09541,3.39816,4.84038
3.72269,4.20453,3.35095,3.12599,5.07682,4.26188,3.11945,2.56746,3.01016,5.92336
2.74958,2.25328,3.955,3.16185,4.79267,4.84386,5.90857,4.17802,4.87333,4.47651
5.09831,4.49855,4.08677,5.85964,2.43549,2.90097,3.2763,2.88281,4.0882,2.35938
4.07628,3.2488,3.50517,5.44221,2.47826,4.24299,3.38469,4.57085,4.51124,2.85142
4.64813,4.60705,4.27048,3.90387,4.91494,5.87184,2.01162,3.32255,2.53133,4.99995
3.75804,1.6395,3.76487,3.95389,4.71067,4.89214,5.19471,4.22595,4.36887,3.5113
5.71885,4.16204,3.29613,3.28509,3.45659,3.77355,2.50653,5.85358,5.2203,4.25134
4.14918,2.90341,2.62979,4.23461,3.25843,6.01018,2.50953,3.99923,3.5497,3.56974
4.98738,3.63692,2.37295,5.74332,3.72832,4.39661,4.43181,5.6968,4.18781,5.98278
4.55847,2.61697,4.23177,5.91724,3.27758,3.06684,3.19692,3.26622,4.33794,3.60962
4.75384,3.45614,3.85995,3.15286,2.87516,3.06099,2.68088,5.68055,5.03485,3.99221
4.97864,2.54771,3.08549,3.5267,6.1426,3.01462,2.5245,4.65866,4.54512,4.06637
4.56434,3.78533,3.3713,3.44341,4.88497,2.48139,5.72648,4.46474,3.20469,2.53997
4.22009,3.53743,4.54779,4.26176,4.45221,4.56629,3.36167,4.40109,2.81153,3.20913
4.79306,4.18757,3.18084,2.9206,5.44227,3.24312,4.27648,2.29878,3.50795,7.32796
5.05882,4.55433,4.20615,3.80959,5.0595,4.70878,3.20375,4.25318,3.54741,4.54162
5.25033,3.68109,4.65153,2.53628,2.52085,2.8661,3.35536,3.19783,5.46484,3.50251
4.74142,4.93685,2.48292,2.89707,5.13584,2.92461,2.97191,4.5305,4.09911,3.26682
5.02276,2.97537,2.71927,5.04355,5.18611,4.74136,3.16078,3.80772,5.32399,2.68068
4.61222,2.67576,2.24301,4.44817,3.74949,4.73204,4.60815,4.35336,3.76005,5.23705
4.04864,3.60599,3.80829,3.29549,3.78521,4.83072,3.63203,5.5074,4.40686,4.47264
3.39925,3.11996,4.33458,4.10796,2.41336,4.44662,4.55997,2.89904,4.93975,4.22248
4.01453,4.60036,1.4772,4.39532,3.4982,2.66362,3.15866,3.92603,3.93413,4.9758
4.13361,3.76881,3.64574,4.70064,3.31244,3.96423,4.18481,2.80948,3.29329,3.37139
4.99386,3.12959,4.06854,3.9167,3.38773,4.73802,4.65448,4.47252,3.96767,4.19419
4.67781,3.40614,2.97647,4.93254,4.82299,4.92883,4.38327,3.65436,4.87767,3.32856
3.23116,4.72146,3.54396,5.11153,2.92557,2.79805,2.20602,2.44599,5.14619,4.91902
4.4519,2.89509,3.74674,5.0771,3.51836,3.79912,4.46042,3.65539,3.67843,2.11372
3.3515,3.9201,2.9912,4.73567,4.1199,2.60235,3.39244,4.78612,2.23779,4.71698
5.02106,4.96476,3.64281,3.81637,2.95665,3.76409,4.4573,4.56194,5.4227,3.5034
2.5706,4.1812,4.19485,3.6762,3.8023,2.47067,2.10454,2.67032,4.40153,2.13595
3.7553,4.28137,3.21245,5.2245,3.92584,4.18965,5.51082,3.2857,4.02682,3.41592
3.32004,5.01017,3.93791,4.62432,5.35697,6.2704,3.84209,3.85511,4.99744,2.30923
4.35456,4.1133,3.93421,5.5433,5.63888,4.01879,4.04472,1.61602,4.94665,4.19123
1.57132,2.92895,4.6376,3.2775,2.6439,3.29851,3.94185,4.51376,5.52031,3.38755
3.99915,5.62668,4.36852,4.76381,5.20723,5.02565,3.92599,3.51016,5.94385,4.71654
3.76099,4.23833,4.48772,3.75902,3.3863,4.9672,3.03145,5.10183,4.8985,3.31128
4.74522,3.37122,3.63386,5.56386,5.0925,4.09746,5.07911,4.77495,3.66031,5.20447
3.08158,4.36441,5.77693,4.99662,4.96605,4.40432,3.19546,1.96661,4.97916,3.53241
3.16801,3.51366,3.47927,4.14965,4.74945,4.01607,3.98732,3.16778,4.41813,5.39343
2.9942,4.41373,3.31892,3.16817,3.39945,5.57697,4.50347,3.4095,4.38502,3.78187
3.77459,1.93396,3.96818,3.2557,4.93255,4.65883,4.60221,4.57012,5.38455,4.17331
4.33365,2.97714,4.91698,2.5362,3.02617,4.55058,3.92214,4.118,3.01601,3.65707
4.1994,5.10177,4.31266,4.23244,3.42082,4.68738,3.07981,3.65333,5.16908,4.63003
4.18967,5.03296,3.96478,3.09018,4.48277,5.08398,4.66352,3.1449,4.87007,4.58548
3.19188,3.45035,3.28204,5.11041,6.43254,4.56706,5.3521,4.20838,3.98105,5.04426
5.48691,5.40722,1.80671,3.76061,3.23378,4.66804,5.89034,3.99517,3.43925,3.80554
4.13136,5.28792,4.08931,2.88703,6.81082,4.31599,3.60749,4.4539,2.71297,4.71844
3.85206,3.44362,3.05242,4.81018,3.86209,3.84985,6.33773,5.14273,3.14922,2.77109
4.07165,2.37701,3.88267,2.68604,3.27243,5.33451,4.56519,2.70025,2.97246,3.95357
4.82562,3.98398,2.78091,2.91376,3.47237,4.49578,4.23158,4.08128,4.57603,4.76095
4.76861,4.82604,4.34052,4.2602,4.45438,4.16547,3.36946,2.54179,4.63101,4.17106
3.06724,3.12103,3.52273,4.07363,4.08285,4.12728,4.56197,4.91433,1.97081,3.94984
3.83402,5.80536,3.19625,5.12222,4.10631,1.02592,5.95964,3.64515,4.47678,3.97816
5.24608,3.51097,6.54881,3.80873,4.49134,4.17661,2.84679,4.47634,4.62426,5.79826
2.49089,4.85676,4.34972,3.7796,4.23026,4.87817,2.23933,6.83759,4.16262,3.5125
3.84261,5.09785,4.42388,2.19459,3.92003,3.50631,4.59549,2.25213,3.89039,3.22275
5.26119,3.55723,4.34378,5.01495,5.62809,2.30156,3.89654,2.8569,4.72567,3.19913
5.03558,3.45725,5.15181,4.47408,2.65435,4.36757,4.62072,3.19003,3.74076,3.79885
3.69461,3.7658,3.4941,5.98968,3.94562,4.41068,4.67902,3.39786,3.09367,3.94413
5.44402,5.81343,5.22476,3.98083,2.50537,4.07158,3.15587,4.72418,3.84768,4.95868
4.00991,3.91384,3.7363,4.76323,4.8508,1.73548,4.1341,3.47622,1.34524,3.53352
4.55473,2.89127,3.16725,4.94805,3.93488,3.36191,3.44387,5.31179,2.75353,4.526
4.08773,5.20986,4.52347,4.8582,4.49923,4.64383,1.96415,3.3728,3.54888,3.4367
2.43626,3.49265,6.16101,4.12158,4.54799,4.82113,3.93015,2.52497,4.18276,2.36522
4.2719,3.09679,2.73123,2.93725,2.68737,3.48343,4.79354,5.16112,3.00238,3.45643
3.48796,3.35152,4.4385,3.73174,6.24977,2.91711,6.55917,3.31349,3.77133,2.58835
2.87167,3.7649,2.88032,4.09267,5.46292,4.43947,3.39578,5.3118,4.66893,4.68925
3.56194,3.56996,4.56978,4.13058,2.77793,5.66197,4.60627,3.75664,3.94476,3.71479
3.25725,3.75494,4.04313,4.64032,4.65076,2.58342,3.87539,3.63714,4.62072,5.4744
4.54224,4.79715,3.79783,5.8556,3.98771,3.72124,3.2859,4.91689,4.24349,4.58206
2.71487,3.3452,5.52759,4.96963,5.67378,3.45312,4.66723,2.23175,4.16284,4.60975
4.09985,3.7029,2.39156,2.28739,5.28971,4.92798,4.75707,2.6037,4.08892,4.47062
4.48192,2.44861,3.81634,3.75736,5.03279,4.34261,4.59849,4.41138,3.78221,3.82775
4.71901,4.10774,4.85998,3.01966,2.9828,2.14757,4.59225,2.97766,4.53595,3.45991
1.28554,3.54192,3.95524,4.47064,3.93011,4.90487,5.02457,2.92902,4.42631,3.53956
2.24464,3.6064,4.9485,5.58069,5.59391,4.09953,3.24968,1.69934,4.14223,3.99254
5.07813,4.21986,3.48478,3.95511,2.97643,5.15629,4.40432,5.05326,3.9327,4.24607
2.73256,4.32859,1.96949,5.65658,3.65007,1.9404,4.67425,4.25519,4.11295,4.043
3.32923,4.22145,4.88703,3.04434,3.48771,3.50385,5.34109,5.49198,3.31379,1.86126
3.53079,3.4705,1.50038,6.60614,4.94944,3.89466,3.94378,5.42439,3.19452,3.28178
3.21642,5.57988,5.73432,1.8996,3.95231,2.78476,5.2153,3.60704,2.65623,5.24231
4.2641,4.02581,2.76457,2.57842,4.95685,4.58662,4.87734,5.62643,5.16795,4.27257
3.52098,1.9562,3.135,3.81128,3.36802,4.21491,3.45368,6.62033,4.7054,5.45022
3.79149,4.87647,3.88714,2.12556,1.72751,4.28122,3.78576,2.97605,4.16798,3.24353
3.85673,3.92723,4.27607,2.50237,1.86431,4.20476,3.17538,4.89935,2.24584,4.61748
3.68922,5.81673,3.40641,5.3912,4.37472,3.68862,6.83691,2.72009,3.65002,5.63201
3.81587,5.07415,4.39451,3.44122,3.4125,4.30198,6.15127,4.2693,3.49491,5.82645
3.02609,6.72261,4.75611,2.15382,5.31817,2.18271,1.92233,1.70213,4.9536,3.24178
3.84543,5.16639,3.19863,4.50143,3.26264,5.73044,3.45308,3.88629,4.38279,4.38949
4.90146,3.29672,4.57801,3.70784,1.19524,4.66691,2.93937,1.56872,2.18801,3.05068
6.03246,5.29326,3.21543,4.83436,4.36701,3.30589,3.35467,4.69256,3.8244,4.04395
2.5299,5.50329,2.85186,2.96156,4.02759,4.98546,3.84058,2.6802,3.11621,3.80175
5.27936,4.47701,3.90671,2.7772,2.33676,4.8269,2.53949,5.0202,6.06352,4.44337
3.55735,4.11079,4.92245,2.38058,2.75955,4.68096,5.33519,3.25976,4.55557,1.50797
4.68771,2.46196,4.57044,4.02113,4.36117,2.96252,5.37477,3.33127,3.64629,4.32585
4.71856,2.59738,5.45732,6.10738,2.69269,2.69439,5.32329,3.49902,3.19534,2.15895
5.71899,3.63608,5.29282,1.37948,4.68659,5.14076,4.2912,3.1841,3.98854,5.1296
4.16523,4.04345,3.68308,3.72489,5.67731,1.60124,3.90648,4.90336,4.99373,3.91248
3.72413,1.9444,4.91953,4.47846,4.06782,3.53984,3.76086,2.38478,2.39986,2.42898
3.3737,3.62875,2.09147,5.71515,3.59995,3.58194,4.758,3.55435,5.85867,2.96977
3.9522,4.04473,2.21722,2.19233,5.38735,3.16699,4.41197,5.69575,4.235,5.06244
5.8998,4.44899,4.57625,4.48782,3.13668,4.26651,4.68244,5.92909,6.15344,7.07639
4.36723,3.80858,5.17412,4.69947,4.68454,3.61049,3.65346,4.48102,4.64715,3.49675
1.3685,3.60382,5.39852,4.34496,2.3395,5.08708,2.22692,3.1323,4.30246,4.34004
4.6469,4.54018,5.61225,3.92136,3.94949,3.65767,3.67052,3.04994,4.67773,4.31315
4.53912,2.14402,4.65168,5.45315,3.50773,2.92981,4.5951,4.71391,3.92976,4.57967
4.59375,3.37664,4.73066,3.5027,4.65749,5.29184,3.59441,4.05585,2.42583,5.4925
4.52916,6.83976,3.03889,3.44569,3.20041,3.40545,3.16975,4.00504,5.08122,4.75277
5.32743,4.19751,2.06215,4.72723,2.95854,3.37656,2.77968,5.36692,3.39659,4.09823
4.51953,5.1401,4.4352,4.2646,3.8159,3.24353,2.77812,2.83237,3.50552,5.02863
4.97374,3.92762,4.23434,4.83335,3.58985,2.374,4.71609,4.7639,5.0164,2.82201
4.5716,5.1474,1.90437,2.39679,7.02951,4.81478,4.93978,4.06753,3.31854,2.9019
3.65894,4.82869,4.04354,4.10075,5.39502,5.11876,1.71083,2.84849,5.16254,4.54235
5.33974,4.44176,4.4321,3.73382,3.56457,4.72174,3.38234,6.44698,2.91474,3.69431
4.55536,6.20288,4.28325,2.21254,5.53659,5.03908,3.52295,3.44537,3.23302,4.90569
1.84754,2.00124,3.06658,5.29445,3.02224,4.5985,4.06965,2.67759,3.42603,2.72366
3.70703,4.62561,5.02061,3.12891,5.06755,5.03612,4.19593,5.86133,4.5162,3.29673
6.01053,5.11814,3.88912,3.51837,3.21402,4.40702,3.32445,3.17998,4.59268,3.48762
3.7269,4.02797,3.55512,6.15831,5.42515,4.36437,5.13196,2.84756,3.77064,3.40543
2.48545,3.78364,4.99058,4.44416,4.43728,5.3383,3.65645,4.44091,4.1801,2.74562
4.45683,3.01115,4.08171,3.48014,2.17148,5.41953,4.61678,2.70142,2.58273,3.8271
3.70599,3.31126,4.04445,3.66764,4.52553,1.92394,4.0698,6.17189,3.11953,5.83539
3.72738,3.5266,4.03093,4.77866,5.179,5.39293,4.03783,2.99031,4.886,4.46745
3.43159,2.16189,4.01484,3.48419,3.42,3.41827,3.90864,4.56332,3.05646,2.92367
4.55879,3.20784,5.35165,3.74113,3.17724,4.58238,2.56976,3.41632,3.66177,2.93298
3.08517,3.3681,4.53341,4.64592,4.16983,4.13586,2.62791,3.82992,5.5417,3.53645
5.49724,2.82023,3.87733,4.45033,4.48238,4.95633,3.51796,3.73241,3.424,2.88916
2.24819,4.43673,2.77585,3.47929,2.40995,6.27834,6.22397,3.03595,4.20915,3.63751
5.01178,4.86374,3.53887,3.57753,3.62606,4.16835,3.63076,2.92262,4.40698,3.97369
3.80253,4.57975,2.35215,3.68985,3.56052,4.30861,3.6539,5.92073,4.08765,3.9167
6.45024,4.19082,3.13075,3.87994,6.07789,3.507,4.45675,3.35977,4.76012,3.67219
2.3261,2.54844,3.34069,3.68895,4.31122,4.00368,2.09915,4.01212,4.40906,3.97867
3.71931,3.43307,4.24019,6.2214,4.03392,3.65598,2.95326,2.42851,4.59257,3.39692
6.10547,5.62044,1.80531,3.52185,5.66407,4.42958,5.18115,3.72771,2.34653,3.74868
4.56955,4.72,3.87512,2.83776,4.52557,3.19888,4.82149,3.19928,3.6804,4.30042
3.78592,5.74293,2.43778,3.7339,4.88458,4.34081,3.27656,2.70426,3.95462,3.47505
4.39025,4.52474,3.19185,2.25052,2.81542,4.20385,4.54409,6.10006,3.05565,3.85116
4.35212,4.28891,5.67186,3.35876,3.33675,4.73998,3.71066,5.56622,2.39704,5.72929
3.82647,5.75111,5.0629,4.20636,3.55363,4.43229,4.12611,4.21299,3.01365,4.72861
4.26873,4.26344,6.14094,2.86378,3.08751,3.59832,3.23711,4.29299,3.051,3.94094
3.80445,3.88837,6.23138,4.12661,3.59066,6.1089,5.70102,3.31154,7.75811,4.63415
4.75809,2.78899,5.48744,5.43465,2.38659,3.68236,5.76025,4.36237,3.03015,3.40722
2.99878,5.1433,3.04792,2.87168,3.23361,2.84494,3.62538,2.99221,6.00142,4.40656
5.67215,4.04168,2.89272,1.70882,2.98501,1.9751,4.99911,3.62641,2.60481,6.36605
6.03609,4.65612,4.20639,3.17867,4.03557,2.45477,4.86409,4.4122,2.51883,3.34492
5.78198,4.66067,1.87837,4.10678,5.01199,3.62131,5.12494,5.74404,2.13427,6.29772
5.6445,4.39545,2.26303,4.65463,4.70826,5.80889,4.63713,4.9031,3.45529,4.32592
5.05704,3.04626,1.92837,3.82239,4.64878,2.96455,4.92553,2.0751,4.49987,3.52355
4.0546,2.59058,3.4693,3.56485,3.86,4.18443,4.66828,5.04258,4.27624,1.06582
2.72346,3.21114,5.92235,2.82237,3.83218,2.61585,3.83295,4.42505,4.75014,2.96165
4.86666,2.12268,4.57883,2.89886,4.16298,2.99378,3.13915,4.07393,4.26579,4.38973
3.84331,3.14155,4.68495,3.26152,3.51172,2.98151,4.42233,3.85076,4.17408,3.293
3.45919,5.36358,3.43311,5.62972,2.89481,4.86908,4.17412,4.5974,3.86588,3.79206
5.00849,4.4476,3.2977,4.0415,2.84336,2.89117,2.89215,5.09441,3.3776,3.30574
2.19877,2.27794,3.32706,6.20367,2.12697,3.82915,4.18354,3.18394,3.01607,2.15705
3.21667,3.687,3.56734,2.54423,3.13111,5.79683,1.68078,3.18333,6.08992,2.20544
4.83241,2.66847,5.39744,2.94307,7.68345,3.39375,4.5599,3.6863,2.40414,2.23983
2.48397,4.04592,5.35515,3.91728,3.85082,3.9997,6.09714,3.37474,3.88491,3.75506
5.26975,2.44055,4.50137,2.98826,6.43445,3.13357,4.37301,3.62859,4.25066,3.22366
4.05157,4.68087,5.44795,3.72244,3.99389,3.9019,3.54953,3.71706,2.49792,3.69102
4.09868,4.42513,4.9693,2.26638,5.29491,4.39408,4.6926,5.05078,4.11984,3.0252
3.35157,5.10004,3.99418,3.21045,5.00238,4.08918,5.04222,4.17315,3.57957,3.58928
4.28957,3.12609,5.45639,2.67742,4.56297,2.38762,2.39036,3.10012,4.46217,3.54975
4.7214,5.13743,2.40193,5.39492,4.63735,2.90434,3.95741,3.36439,2.91323,3.55231
2.75517,4.06532,1.39316,3.22538,3.6004,2.09382,5.81747,4.7662,4.42705,4.53191
4.28589,3.01777,5.33788,3.67372,4.43455,4.92008,4.53041,4.85714,4.23848,2.64838
4.19492,3.8348,5.2916,3.07991,3.78514,4.50791,4.10146,4.61048,4.73961,3.21786
3.90002,5.53796,4.67724,5.16303,2.73428,4.87364,4.36802,3.74939,1.86287,4.24391
3.8728,4.96439,3.41661,3.02963,3.97168,5.79803,3.4822,4.35696,4.75771,2.28583
3.3125,4.707,4.6123,4.00117,4.97669,3.33336,2.44779,4.0395,3.66979,2.8556
4.2411,5.69694,4.74856,3.55946,4.08557,2.91669,6.05888,4.66159,5.75324,3.30784
2.65526,5.74362,3.73906,4.88037,3.34308,5.05281,5.8505,3.92139,4.59764,3.43747
2.52732,3.39956,4.67448,2.65321,3.22779,4.61714,3.38237,3.92052,3.15175,4.0852
4.02827,5.57579,3.15074,4.5955,4.31974,5.0041,5.37137,4.86846,4.34183,4.7087
4.0266,4.84413,3.49355,3.10794,1.91389,4.42491,4.95923,2.24885,5.03119,3.94873
4.97877,4.37767,4.44441,3.79073,4.34179,2.14408,5.15101,5.64856,4.00643,4.63932
6.16786,5.91301,3.94594,2.22618,4.24258,4.76245,4.18265,4.33044,2.30836,3.92284
3.29682,4.33137,2.7383,3.19818,4.26743,3.42583,5.72021,2.39939,3.5882,4.58767
1.45155,4.42789,1.80699,3.29775,5.23604,4.19538,4.03236,2.53157,3.44908,2.7293
4.38846,4.39975,4.68698,5.49615,3.43932,4.00882,4.01438,2.58981,4.39418,4.04315
3.70887,5.44765,3.40562,5.10554,4.47929,3.13934,4.65832,6.01404,3.3907,6.14513
6.41341,3.27457,3.45956,4.45616,3.99051,3.02315,3.80954,4.49358,3.54306,2.68782
3.9006,4.62959,2.33771,3.5526,4.3868,3.66785,3.21583,4.28726,3.69563,4.91411
1.86629,4.03127,4.46527,2.06889,3.61733,5.3444,4.24835,2.77923,1.49474,4.46933
1.88393,4.20412,3.1032,6.95694,4.6029,3.77308,3.41087,3.61651,3.93572,4.07995
3.3704,4.86895,4.11021,3.93002,4.04874,3.70218,4.16116,1.53881,3.28079,5.91419
3.54384,4.21618,3.41636,3.46572,4.8899,4.05797,2.88118,4.10298,2.85076,3.04018
4.39545,2.56111,3.97806,3.69855,4.5899,5.20487,3.36741,5.261,3.35405,3.26708
2.87629,5.02079,4.02267,3.2944,3.02853,4.35928,5.61237,3.88109,5.1146,4.32459
5.0389,4.08432,3.04758,3.03879,2.26933,4.2961,3.86324,3.05156,3.99645,4.25749
2.49524,5.16068,3.45854,5.93885,2.2987,4.98086,4.09812,3.63344,4.38476,3.5966
5.28455,5.18202,3.06066,3.82501,4.29677,2.80345,4.07568,3.66008,4.90204,2.81269
4.18984,5.53728,3.42166,3.88239,4.42555,4.09168,3.99862,3.96491,4.20114,3.1268
3.34791,3.67577,4.51508,4.19562,5.53807,4.46891,3.84802,4.66489,2.85184,3.07832
2.45956,3.30513,3.37984,1.95311,3.08071,4.6246,3.47702,4.67411,2.9819,2.86685
3.61864,5.22485,3.23043,2.69628,3.29507,4.59623,2.05235,2.81033,3.92305,4.634
3.5266,5.05,5.12176,4.33384,3.28874,5.32424,4.64393,4.7655,4.35784,3.41903
4.88078,5.08579,3.46721,1.26728,5.42973,2.87697,3.15927,3.75118,6.02412,3.38294
4.65682,5.0114,4.22311,3.75982,2.9258,3.23474,4.88929,3.40304,3.88327,4.33903
2.97217,3.14874,4.07424,3.52841,4.1305,2.18053,4.5716,5.22777,5.0642,3.42489
4.63428,2.5478,2.78948,3.33805,5.60443,5.20637,3.19394,3.84467,3.88441,4.64464
3.66936,4.2286,4.43677,2.56465,1.88375,4.02976,3.4749,4.9839,4.54261,2.44472
5.90639,3.17138,3.99106,4.11527,3.25529,4.18542,4.62201,5.73597,5.23355,4.51646
3.95503,5.05371,1.99935,4.01482,3.87871,5.37847,3.72167,3.96278,3.11226,4.96717
1.37541,4.75223,4.33014,3.78554,4.8504,4.80137,4.75099,4.38786,4.51269,3.77851
4.09237,3.65895,3.55009,3.93686,3.6775,6.95006,4.39884,5.69847,4.60349,2.68067
5.08542,4.82634,4.45586,3.20237,3.45544,5.82039,3.98883,4.18349,4.43983,4.9459
3.27602,4.26157,5.76628,3.27217,2.96415,4.15739,5.71122,3.10368,4.0655,3.78927
3.69673,4.91691,4.50116,2.83921,5.18783,3.06262,4.59377,2.94536,4.21732,2.28251
2.58252,4.6742,2.59213,2.95462,4.31193,3.80471,5.76085,3.61158,4.51337,2.64293
5.28992,5.11823,3.03328,4.34895,4.39545,5.99842,3.47444,2.80711,5.05916,3.7422
5.8579,3.68406,4.15396,2.83741,4.54517,5.59265,4.1094,2.43562,4.20378,3.92725
3.7099,2.81425,3.50318,4.38209,5.74735,5.05059,3.93057,5.73697,3.00114,2.76299
3.75448,2.54611,2.94271,2.5466,2.99431,2.44534,3.99317,4.4863,3.4113,3.69681
3.92413,1.59855,3.72088,5.53729,3.97618,4.29608,2.84717,3.80736,3.77002,3.89259
3.50207,4.614,3.52005,5.008,3.40992,5.59157,4.39932,2.78677,4.31084,4.68064
4.5366,3.49694,3.8157,4.76669,4.73296,6.26448,5.07037,3.19307,3.64093,3.65092
5.0383,5.3726,3.54371,2.16752,4.08885,3.74374,3.39978,3.15606,5.87934,4.69725
4.59807,4.5658,4.06661,3.56452,3.34693,3.90206,5.29111,4.93178,3.25967,4.10646
3.41033,3.2603,4.92795,3.8001,6.44397,3.78377,4.5746,3.1254,4.72532,4.95232
4.61307,4.36159,4.26133,3.93019,4.17215,4.28287,2.91421,5.00644,3.5981,4.47906
1.64844,3.8681,5.38809,4.68759,4.31654,3.47873,3.41328,5.10708,3.82905,4.49947
1.54941,4.52147,4.11009,5.01396,6.23684,3.11925,5.23852,4.06769,5.69802,3.47641
2.88197,2.97281,3.36898,4.26755,4.15491,4.82931,3.40765,4.66241,2.82272,4.43461
1.71446,3.10489,4.60182,4.87558,3.29146,2.41262,3.44728,3.32792,2.92312,3.67354
3.8359,5.02393,3.55339,4.82514,3.7518,4.15447,2.94654,4.56151,4.21063,2.9349
4.77623,4.59207,3.83358,4.58411,3.67,3.71685,5.17792,3.01109,4.01539,3.81443
2.59197,4.69292,3.91561,5.06478,4.54717,6.42313,4.07279,3.41027,6.15714,3.51772
4.05382,3.05476,3.27648,3.51211,2.48055,5.43283,3.54908,3.45648,3.24322,5.13961
4.51224,4.53525,5.10188,5.34436,5.85134,5.6697,2.99197,3.7132,3.86448,2.63059
5.63471,3.40352,3.32779,1.9823,5.86969,6.22578,4.20756,2.61552,3.1078,4.43796
4.37438,4.67541,3.26811,2.82334,4.33901,2.38839,5.03489,3.04688,5.08844,3.57904
4.13875,3.96626,4.39307,4.06407,4.08081,4.56176,2.80424,3.82613,5.86112,4.27617
5.75368,4.82795,2.56335,4.28725,5.05687,3.97729,3.09964,3.9927,5.74903,4.9588
4.23376,3.44001,2.58406,4.71485,5.35256,1.29861,4.04106,3.4953,4.49069,1.90367
3.46397,2.70397,4.3517,2.16981,4.39215,4.90903,2.93002,3.86597,3.38514,3.71171
2.99779,3.82251,5.21118,2.02973,4.834,3.89785,4.36571,5.52178,3.75284,3.58268
4.15972,3.17353,2.75042,4.60285,4.44697,3.5002,4.90018,1.95191,3.97277,4.28216
3.14729,5.63317,3.52563,3.04286,3.03152,4.64344,3.34102,1.85703,3.23564,4.57178
4.07624,3.57796,2.90603,5.64205,3.68411,3.69638,4.88281,3.06407,3.18051,4.6615
2.53541,3.12314,5.41713,2.48212,4.6061,3.6306,3.18043,3.33515,4.7238,3.75143
3.10158,4.02439,4.05082,3.3524,2.49056,3.70609,5.73851,2.91391,4.03731,4.75514
5.09232,5.96762,3.52527,1.89561,5.00086,4.27055,5.29312,2.84506,5.5577,3.90252
2.98404,2.03205,3.93394,4.2806,3.45063,5.04805,3.07771,4.21063,3.76603,2.03262
4.28545,3.60055,3.19032,2.78129,4.63204,2.86165,3.67241,4.61409,3.16546,5.06048
4.52354,3.76648,4.13828,3.16445,3.61441,4.04253,5.47788,4.48342,4.48069,2.90392
5.33805,3.15461,4.9865,5.11849,5.53439,3.90116,1.53219,2.99382,4.3345,4.03602
4.70226,3.24805,5.25385,5.28733,2.64253,2.38085,4.18618,3.86139,2.74036,4.07083
5.87641,3.91615,5.63894,3.00219,4.32585,3.93356,3.45582,5.5311,4.5448,3.25217
4.72464,3.07831,2.31333,2.63078,3.4191,5.51445,3.23648,2.56953,2.01933,4.86051
5.02941,4.42238,4.66968,3.95396,4.52314,4.28858,3.83707,6.10846,4.65252,3.92077
3.76792,4.29772,4.57216,3.83871,3.86166,4.15577,3.21854,3.09476,3.13101,4.24578
6.26765,4.23422,2.44514,4.76305,5.81965,3.99528,3.98041,3.69658,4.08748,4.02399
3.53253,3.82562,2.82001,4.66746,4.41122,4.58497,4.49191,4.00292,4.89687,3.33565
5.01154,3.48145,1.404,3.15753,3.90791,4.76695,4.97005,4.32363,5.77373,4.59495
5.94882,4.87804,3.05796,4.20557,3.9135,5.72199,6.40957,4.52155,2.38081,2.45102
2.80491,3.69873,3.96622,4.54919,5.18536,4.30697,3.5084,2.55093,4.64043,2.78025
1.84493,5.77147,4.7029,4.44851,4.26839,3.94586,3.99786,2.66217,4.59147,2.99661
4.9046,3.9808,5.67938,3.94512,3.20037,2.73339,3.39321,4.64178,3.84852,4.4225
3.60254,4.36362,4.34629,5.13799,3.45984,2.90478,3.4643,3.85569,5.62834,2.64159
3.61989,2.81193,4.50639,3.96217,4.61256,4.32085,4.77382,3.42349,4.44284,2.81901
4.76276,5.51116,3.78018,5.72942,3.3731,3.3214,5.53367,3.92371,3.46837,3.91347
1.11213,3.75354,5.6062,2.39308,4.62665,5.25212,4.82709,3.11554,4.79966,5.38705
5.11375,3.2174,3.26592,5.02816,3.17117,3.527,2.62409,2.65548,3.88031,3.33583
4.76755,2.66882,4.11314,5.28636,3.50828,4.77822,4.95543,4.26587,3.03594,5.13408
2.62215,5.22884,4.01522,3.08081,2.70892,5.433,3.80705,4.26561,3.13537,2.07276
2.53789,6.40238,4.61148,4.00195,4.95943,2.81268,5.24824,4.98299,3.01404,4.04415
5.09291,3.17575,4.79341,2.29038,3.91946,4.27381,3.77045,3.63385,4.63202,3.5016
5.70283,5.42139,4.03032,2.34245,1.50799,4.06071,4.09984,4.55564,1.97921,2.92905
4.5288,4.2279,4.86077,4.93896,4.22234,3.29176,3.20765,4.4251,4.71342,3.32881
4.68815,4.8004,4.60155,2.93475,2.84193,3.89463,4.46116,4.06545,3.0277,4.42341
5.20131,2.01521,3.87904,2.38227,2.71275,2.64283,3.58322,4.66047,2.46087,4.33499
3.98221,5.0532,3.36365,5.95393,3.0667,3.74303,5.41242,4.50306,4.76079,2.48768
4.74145,3.67661,6.54425,5.97859,4.0049,2.48031,2.82825,4.19508,3.6424,5.11981
4.25469,4.27774,4.08239,6.50992,4.33588,4.01781,2.40113,3.52602,3.14761,4.12982
4.70661,3.68889,5.69646,4.03941,4.68661,2.88314,5.55779,4.02383,2.30171,3.96211
5.95313,5.10618,3.43519,3.41126,2.27081,3.65129,3.50359,3.54309,5.52696,2.75935
4.727,3.98801,4.59274,5.45121,4.00739,4.05965,2.74516,1.83721,3.12943,4.30236
3.86566,5.46876,3.46972,3.61647,1.98345,3.25982,4.25652,2.96957,3.48669,3.24923
3.34287,3.83851,2.95383,3.75021,3.02809,3.84904,3.18083,1.77328,3.82957,4.7106
4.26417,4.02236,5.19569,4.96273,3.25811,4.13602,3.87577,3.79421,3.6285,2.09377
4.25323,3.14127,4.28591,2.38956,4.81974,4.85814,3.98701,3.49266,1.70014,4.88539
4.99596,3.57428,2.45011,1.81887,4.40637,4.20827,2.30106,4.44789,4.06965,4.86945
4.13192,2.38144,4.07903,3.55142,3.343,5.14847,3.34566,4.13483,3.18852,3.42242
5.57378,5.36045,4.58073,2.72712,3.28808,3.96394,4.21347,3.9935,4.35791,3.90358
3.86652,4.57045,4.25676,4.10676,2.2683,3.15148,4.23382,5.87642,5.38771,3.90658
2.96345,4.80459,5.70286,4.46035,3.81671,3.66845,3.0958,4.34828,4.61436,3.41542
3.38392,3.24593,4.51746,3.8787,2.69222,3.95551,4.85999,5.6391,3.84539,4.98725
5.64242,5.06614,3.70411,4.02635,3.81749,3.64281,5.12186,3.26527,4.22158,5.09902
3.33461,2.98133,5.03011,4.04276,6.03592,4.52271,4.56624,4.52633,3.2017,2.94652
4.63406,3.81487,3.31087,5.04624,4.11196,6.1458,3.83819,3.32489,3.37768,3.78321
1.78437,3.51686,2.64995,4.50395,4.12899,2.7073,3.33905,3.4624,4.29931,5.03888
3.63816,2.60722,4.27748,4.88982,5.69053,4.47721,4.25458,5.92209,3.01183,4.9347
4.18718,3.22276,3.52667,3.01118,3.8916,5.99474,3.62013,2.93718,3.41101,4.01108
4.25617,3.116,2.93212,3.44436,1.43726,5.2132,4.74769,4.9067,3.11025,4.78187
2.84257,5.04915,3.82187,6.04415,3.56803,3.39925,3.18771,5.47695,3.29325,3.31742
4.82705,4.28701,2.81921,4.96526,4.94878,3.96012,3.94991,5.23263,4.18482,4.23307
4.8114,4.82307,3.09145,6.12914,3.34394,2.37117,3.7917,4.38148,3.76918,3.57283
2.55996,4.30616,3.83741,5.53512,1.35416,2.77062,4.43298,3.42469,6.3797,3.61248
4.50224,2.89276,5.19362,3.23473,3.72544,4.18541,3.85521,3.59809,4.12528,3.38249
2.93893,5.46984,4.02461,3.96345,2.50151,3.59651,4.55896,3.93612,5.65715,5.40074
6.09916,3.7849,4.53008,4.02875,4.14627,3.97206,3.36757,4.41206,2.80691,5.56898
4.07556,4.09523,2.98738,5.78009,4.76935,5.64532,3.73446,5.37517,5.02879,4.14727
5.07157,4.37951,4.3902,3.59761,1.84407,4.54802,4.73801,3.11728,4.27418,3.70921
4.51119,3.30165,3.86653,4.29212,4.18416,2.60694,4.72753,2.98773,4.60863,4.22089
3.44491,2.00847,3.52271,6.16781,2.26158,2.89072,3.31441,3.81444,2.30529,3.13312
3.57238,3.15921,4.82138,5.36594,5.26534,3.96584,3.31436,4.51266,4.0136,4.13325
2.37889,4.23154,3.53732,3.87825,3.48743,3.86376,3.68617,3.05224,3.64928,4.66419
5.4261,4.12553,3.37823,1.13378,4.6974,3.506,4.14121,4.40118,2.22639,4.79833
4.74205,3.66661,4.1817,3.3611,2.2962,4.29144,5.8463,3.66729,3.70863,4.40909
3.51651,4.64632,4.69382,4.98633,5.31675,2.349,4.29573,3.9208,3.8829,5.06034
5.26667,4.19437,5.50174,2.7793,3.32963,5.30218,2.76758,5.2152,3.84874,4.77889
4.24913,4.76142,5.17511,5.26293,3.17338,5.05218,3.61031,4.00037,3.76327,3.70075
3.896,4.4547,4.25655,4.06849,4.10352,3.85922,3.69875,4.60537,4.13314,3.04459
4.01788,3.62715,3.87424,4.23329,4.11974,6.25949,4.2424,4.8615,4.24969,4.37391
3.03392,2.88777,3.94274,3.79203,2.67614,3.53496,3.99108,4.33586,5.56542,4.03658
3.90875,5.43656,4.08075,2.7152,4.58967,3.60052,3.94686,3.39908,4.93285,6.20918
4.03515,3.97361,3.82512,5.37132,3.81283,3.48572,2.87405,5.02462,3.8919,3.78688
5.53463,4.71381,4.2554,2.27485,4.2546,2.68577,3.11714,4.0011,3.20086,5.8592
5.603,4.79809,4.36938,4.17007,3.93553,3.06825,4.07585,1.64094,3.23502,1.9298
4.13487,2.89164,5.49064,5.85535,4.14886,6.72383,2.46743,4.56996,4.25595,2.71927
5.53676,4.29924,2.72481,4.55305,4.67705,4.35011,2.47676,4.11044,2.04246,3.19206
3.00737,4.06054,3.5745,3.87756,4.46135,3.47413,2.84954,5.52749,4.67668,4.75769
4.56476,3.51841,3.18597,2.96704,4.62069,1.41431,3.32564,3.33494,5.57275,4.54975
2.79057,5.11933,3.15256,5.08932,5.11182,3.59108,5.21395,4.20552,5.00797,1.88074
2.78373,3.28305,4.47148,2.86277,2.69289,3.7527,3.86154,3.9065,2.52406,5.08626
4.99216,3.18187,4.43257,3.12385,3.81329,6.14951,4.87117,2.47567,3.45539,3.17499
3.64669,4.85497,2.45244,3.95649,4.52163,4.71051,5.4712,3.44142,3.20867,3.85733
3.25948,5.55951,4.56386,3.51874,3.26316,3.74477,2.64023,5.45113,6.4651,3.28489
5.57549,2.40244,4.03907,5.13675,2.55478,3.34665,4.13099,3.84827,4.98649,3.9168
5.09292,3.69838,4.38572,4.5105,5.20127,5.22715,3.88273,3.42362,3.55791,2.2249
2.47196,4.45954,5.29023,4.14992,4.9056,5.08687,3.6513,4.27322,2.99789,4.23584
5.44453,4.10604,6.11097,3.21354,4.43716,5.74837,2.29333,3.71645,2.58089,5.14506
5.28046,3.65822,2.9446,3.94482,3.4956,5.938,3.18737,5.34623,2.15482,3.34294
3.95024,4.14128,3.84291,3.85003,3.31616,2.4262,4.07765,3.73593,4.97488,4.59038
4.05764,3.94018,3.98373,4.59774,5.26654,3.59947,2.54746,3.89836,4.29607,3.2862
3.16233,3.56738,2.89019,3.71393,5.29923,3.29021,3.87308,3.41,4.39535,3.36912
4.02305,4.57106,5.22624,4.60852,4.41834,3.96197,4.48373,3.94072,4.05923,5.5563
5.58337,3.86467,3.90729,3.68056,6.1476,2.8559,4.06324,3.58848,4.69985,4.80839
3.93144,4.25202,3.53976,4.58083,5.06324,4.47411,2.91939,4.71283,4.92027,5.36269
4.53694,2.47948,4.04802,3.55387,4.02403,3.34054,3.14154,4.0158,5.34216,4.43381
4.09995,2.29382,3.83243,3.81144,4.4756,3.84392,5.78871,3.36804,2.26292,3.92091
4.19232,4.75652,3.42559,2.27492,4.94196,3.0015,4.66163,3.35973,3.28948,3.13433
5.46441,5.30784,7.08486,5.06558,4.40353,3.29798,5.69132,2.20514,3.73892,2.8406
2.05141,5.61949,3.98657,3.82787,5.33988,4.47925,5.64332,4.20177,4.32779,3.83547
3.32197,4.08712,3.54162,2.95938,2.40396,3.67904,5.73867,5.06975,1.92643,3.1303
3.26296,5.75175,2.44779,5.10674,4.38226,4.56119,3.27672,4.52024,2.48343,3.21036
4.27734,4.6501,4.96053,5.03383,3.61316,3.02802,6.0105,3.31344,5.53803,5.16727
5.34103,3.99823,2.56757,2.54488,5.81236,3.71765,5.71683,3.25807,2.97569,5.66778
5.29216,2.56936,2.65421,3.82648,3.87808,4.20265,2.95066,4.16963,4.21938,4.67405
2.87275,4.68466,3.42753,5.85061,4.04407,4.28453,2.16437,3.88882,4.79366,5.50026
1.55863,5.08631,2.59351,2.72178,4.11338,4.05766,2.9984,2.49233,3.67255,6.4499
4.26833,5.26697,3.58968,5.03014,5.061,3.57682,5.72266,4.99715,5.23301,4.07634
4.94857,3.919,4.35735,5.85995,4.62466,2.49667,2.77445,5.01192,4.62184,2.50386
4.25138,2.94246,2.70003,3.48828,2.92783,5.154,3.49929,4.59095,4.91625,4.43793
2.38032,4.82969,2.73216,3.88545,3.89306,4.498,3.60154,3.45293,3.67667,4.00781
3.27162,4.3638,1.91254,5.03237,3.03313,5.72999,3.21674,2.80551,3.67786,3.9958
6.11326,5.88421,4.96899,3.06163,4.3137,2.60727,3.39632,3.7807,4.7481,4.65972
4.40354,5.7162,3.91167,3.41196,3.17283,3.40547,2.39942,3.43137,4.00437,3.37594
2.14622,2.50302,4.76589,4.40743,4.50435,3.84894,6.23965,2.89481,5.11665,4.58023
3.32073,2.74237,5.23334,3.67278,5.32537,3.4213,4.64888,2.80498,4.6993,4.65477
5.87206,3.59791,3.35391,4.11225,2.88692,3.71263,4.53711,3.00228,5.53502,6.49841
2.44476,4.91978,4.87596,3.29662,4.80283,4.15723,5.01634,3.23924,3.42688,4.93832
2.92803,2.54541,1.50706,4.16719,3.21276,5.04675,3.60855,4.87652,4.0894,4.04915
4.88059,2.22721,3.36138,3.09087,3.39595,4.90075,4.23402,5.5345,2.7986,4.25387
1.38138,4.57385,4.21129,3.79143,2.47259,3.14234,4.53487,3.61247,4.3945,5.61881
5.42485,3.5969,4.32775,2.36869,6.89443,3.95823,2.28308,4.08706,4.15229,4.51166
5.26456,2.87197,3.69361,5.23789,1.50395,3.71756,3.95237,3.48077,3.14351,3.45659
4.38597,3.01892,3.48881,3.61484,4.61497,4.40188,4.46785,3.01441,3.82764,3.60154
3.13448,4.80006,5.7586,1.65666,5.32183,3.12675,4.33417,3.69587,3.11841,3.4379
3.72767,4.34084,5.35799,3.82062,4.27244,3.81336,3.83151,3.92836,6.76108,3.92788
1.69278,3.62195,5.15931,4.82278,2.70518,4.8242,4.02273,2.37218,3.91773,4.8114
3.78563,3.06801,5.79274,4.06887,2.47675,4.27282,3.46197,3.44355,3.56405,4.54538
5.04128,3.51884,3.18881,3.24159,5.60212,5.0425,3.23,4.12842,3.43834,3.30674
5.0205,3.22601,2.64787,3.7761,3.7335,3.11684,2.85249,3.25699,3.7871,2.6499
2.75924,3.66774,4.92967,4.5077,2.88261,4.11259,2.47312,4.75622,2.50659,3.77655
3.55727,3.17111,1.45618,4.90079,3.28067,4.09123,5.02121,3.30131,4.52869,3.68873
3.22985,3.05229,4.41249,2.34218,4.2724,3.21597,4.82794,3.3779,2.7173,4.59932
3.44689,1.12627,3.34937,3.00986,4.44928,4.10403,3.37894,5.42137,4.24634,3.30088
4.77886,3.65455,2.55179,3.83371,3.14009,4.71733,3.82544,2.25561,5.40723,4.58742
4.64396,3.61262,3.49318,2.6211,5.56058,5.81599,5.53674,4.55686,5.85405,3.10813
3.6533,3.98694,2.63461,5.02461,4.26584,3.78294,2.3862,3.85158,3.42693,3.3017
4.30426,1.61655,5.40149,3.52559,4.49955,3.67634,1.36508,3.94053,3.96564,3.93086
4.98941,3.69214,4.3635,2.75926,4.82738,4.00996,2.27747,4.11312,3.59084,4.36257
5.34627,2.27605,3.56103,5.19988,4.54865,4.2091,3.90148,4.50085,3.31562,3.613
5.30245,4.65667,3.31159,3.15016,3.37732,6.05925,2.53453,4.77419,5.83811,4.79588
4.16477,3.25688,3.1245,6.7891,2.85208,2.98743,4.61616,3.61242,3.482,4.36254
4.97407,4.056,4.71606,4.3328,4.21643,2.89613,3.96058,4.37584,5.65372,2.80317
2.86445,3.60198,3.35374,6.07565,3.57775,4.0262,3.3187,3.46182,3.84503,5.47731
3.76897,3.67142,3.76989,2.78279,3.29406,4.35914,4.21508,5.94306,3.99676,4.34831
3.76097,2.67134,4.63927,3.95805,2.81963,4.20687,3.57216,2.25133,3.49569,4.02294
2.4102,3.92259,4.66616,5.07532,6.10167,4.79238,4.44835,1.88535,3.33224,2.79596
2.52673,3.948,4.12138,4.59209,3.91448,5.43798,4.10105,5.29101,3.07157,3.9467
6.14792,4.34222,2.14181,2.18262,3.6044,5.35404,2.95275,3.09764,2.35257,5.5288
3.73107,4.93971,5.01268,5.7746,3.4111,4.91799,4.4264,1.87554,2.35117,4.12906
4.47544,3.25591,2.32386,4.13802,4.70284,5.19733,5.49839,3.93594,4.80119,2.81399
3.06822,3.53909,3.88604,2.48351,2.96053,2.89559,3.73353,4.04464,3.88349,4.29117
4.61265,5.80243,3.65394,5.99263,3.39675,2.81854,4.24757,3.80304,4.32487,3.996
4.62421,3.64988,6.01444,4.08057,3.86204,5.1948,4.19537,5.47585,3.82046,3.19844
2.22152,3.83383,3.88685,4.00167,3.65052,4.07758,5.18987,3.55826,3.20527,3.77314
3.15707,4.73017,3.21315,4.08123,4.82323,3.39346,4.32892,2.98565,3.67589,3.10027
5.3148,4.06841,4.76856,3.57171,4.16108,3.77532,3.0935,2.97432,5.82401,4.25295
1.949,3.94504,4.3735,4.86785,3.10715,3.91055,5.86326,4.91788,3.70941,3.59866
2.9271,4.6786,4.64764,5.42262,4.54023,3.99982,5.37725,3.75197,4.77643,5.33079
4.97414,4.29078,4.5651,5.41668,4.3668,2.79742,5.23246,4.40089,4.66092,3.28914
3.38735,4.01825,4.27445,4.11829,2.64002,3.76807,5.12651,3.25222,3.27404,4.84821
3.51212,3.5947,4.46948,3.45358,3.29164,3.95239,4.18053,3.92093,3.68975,3.89954
5.96424,2.66322,4.00018,4.01762,5.37702,4.77853,5.99846,2.67064,4.70712,4.47895
3.39102,4.44102,3.8437,2.79983,4.97722,4.58505,3.46235,5.5285,4.13787,2.92115
5.43197,3.69565,5.97384,3.45348,2.94515,4.2932,3.6115,2.36075,4.43783,3.74687
3.39217,3.60788,4.40042,3.47814,4.79171,4.38625,2.0412,3.6442,5.73082,3.75924
4.43301,4.72062,4.06551,3.44621,2.48223,5.25685,3.9799,2.67642,4.58937,5.11293
3.96364,3.27087,4.10636,4.24817,3.90469,4.39424,4.40792,3.55125,5.0365,4.81874
5.52417,3.7881,4.10076,4.10696,4.9335,1.85959,3.86124,3.24422,5.4333,3.37467
5.2628,4.86303,4.6146,4.32457,6.57402,2.77877,5.31324,3.06287,3.08635,4.87955
4.29421,3.6232,3.65147,4.27197,3.00095,6.32981,3.52197,4.77931,3.11522,4.707
5.8766,4.44149,3.84304,4.84724,2.61478,3.71078,4.85302,4.33132,5.059,3.08428
3.77439,5.56703,2.60482,2.67585,4.98338,5.04938,4.74911,1.49067,3.76732,3.68656
3.23796,2.76824,3.92928,4.00918,3.9201,2.94428,3.29326,3.79234,2.32477,2.85464
5.71841,4.10492,3.5654,3.81178,3.82305,2.92435,4.14837,4.3468,4.04376,5.02371
3.78068,4.14414,4.65557,4.12761,3.46956,4.29074,3.53019,3.45596,3.43339,4.90704
5.25705,2.79222,3.55729,4.68667,3.27022,2.34277,5.16284,4.4179,5.33482,4.11615
4.30123,5.30792,3.88768,1.98362,3.4029,5.18661,3.42606,3.03803,3.51581,3.2423
4.90905,5.5311,5.63733,3.38393,5.9093,3.82241,2.81197,3.32728,4.45295,3.45429
0.893424,4.89918,3.30108,4.38659,4.33263,4.14361,4.99737,4.13175,3.73572,3.26715
4.76109,5.90557,3.76875,3.12747,4.14229,4.8817,5.35923,5.71032,6.04537,2.4217
3.26108,3.39138,4.42327,4.64166,3.89264,4.05696,3.9738,4.60723,3.96653,3.89996
5.03703,2.76432,3.51867,3.17237,3.65623,4.88376,3.06271,2.2495,4.34564,3.23034
3.82947,5.24739,5.01723,4.66816,2.53383,3.82853,2.8722,3.66389,4.41417,2.14616
4.18271,3.05127,4.24017,3.66434,4.62192,2.08745,4.02792,5.27995,3.89148,4.55425
3.82354,2.42632,3.05791,4.33197,4.85021,1.96495,2.81167,3.82675,4.15377,4.50444
5.15613,2.78185,3.62671,4.24716,3.39202,4.91365,3.05409,5.33197,5.17465,4.06925
4.28463,4.29604,5.10794,5.15475,4.02604,3.93413,3.90034,2.54002,4.98097,3.87933
4.38872,3.62059,3.13541,3.57704,3.92092,4.26259,3.52799,3.7317,3.68096,4.6164
4.01538,3.26674,4.09982,4.48176,4.38859,3.30359,3.85298,4.7614,3.30015,4.91463
2.1097,3.36434,5.74301,4.33069,3.15095,2.92677,4.18876,3.71226,3.37587,3.40974
4.33836,3.10949,1.62985,3.16501,4.43106,4.19751,5.47886,4.03465,3.25141,6.15591
5.19356,3.33511,4.27335,4.19496,1.67122,4.22656,4.71999,3.83334,4.68775,3.64389
4.04716,4.97775,4.13395,4.60916,4.42525,4.21518,4.36583,3.64058,4.66503,3.34666
3.90164,3.56359,4.27058,4.31918,4.4047,5.42163,3.90238,4.50399,3.27707,4.28473
2.01586,4.82051,2.29711,3.37784,3.37476,4.19692,4.9289,4.0571,4.89012,4.61427
4.16739,4.57953,2.81481,3.2727,3.7264,6.14785,3.68593,3.57023,4.92155,3.76401
3.05287,2.81068,4.63409,4.4741,3.16224,3.50276,3.51958,3.27853,4.34046,4.15633
4.16272,2.72352,2.24226,3.27613,4.17155,2.12539,2.65144,4.00651,4.64823,5.22262
2.13096,3.37584,2.82701,6.37948,5.16936,5.5312,3.76824,4.56465,2.39294,3.04109
3.81821,5.22983,4.45439,2.74481,2.85674,3.10241,5.5651,3.10938,5.13675,3.59441
3.53195,4.18008,3.79672,4.47226,5.18734,3.66672,3.94756,4.03191,4.10454,5.05332
3.40295,2.77563,4.62122,4.53351,3.83998,5.63066,2.77419,1.76711,3.49787,4.14843
2.52226,3.56556,5.21442,3.26645,4.34923,3.65602,3.12192,2.28471,3.91044,3.22522
3.73428,2.63425,4.51918,3.43161,2.46488,3.98569,3.87171,3.28467,2.48794,3.21908
3.4987,3.46336,4.38223,3.21449,2.09238,4.28293,2.72488,3.80297,4.41682,2.10224
