10
4.95506,5.28137,3.75509,4.62506,3.6818,3.51388,5.0271,3.81742,3.54824,2.97809
5.31003,4.13977,4.0163,5.07368,4.81742,5.18669,3.15446,5.28372,5.59097,5.43169
5.58139,4.83748,2.92374,5.06508,2.47919,6.1685,3.42188,4.5862,4.47498,3.79699
3.14853,3.24896,5.86836,3.01835,5.46136,1.76106,3.9462,2.71436,3.73661,3.73829
4.95916,4.72413,2.61229,4.00083,3.7217,4.08798,4.8914,3.62579,3.97816,3.31462
3.25633,5.5578,4.34509,4.66945,4.15957,4.18535,2.22976,4.36404,2.78818,4.23877
4.90718,2.88252,6.05316,3.03907,3.33392,4.45785,3.37576,3.66218,3.46869,3.34897
4.17112,4.60076,5.74591,4.64619,4.52836,5.84858,3.8654,3.72146,3.30197,4.1245
4.92462,5.28772,2.58939,3.14604,4.10187,5.89926,6.03824,4.48375,3.59217,4.87054
4.96348,5.00712,3.43059,2.57332,3.36815,2.43486,4.48398,3.70748,4.35867,4.22963
2.69083,4.74206,4.69192,4.44576,4.50594,3.59364,3.47103,4.88447,4.16642,2.95322
4.26019,3.31618,2.83626,3.61486,4.15909,4.48939,4.13776,5.46194,4.36286,4.70301
4.9632,4.09265,3.46524,5.40509,4.34688,6.02158,1.95075,5.16718,4.46564,3.25477
3.66576,4.00548,3.09051,2.31115,3.77372,1.72444,3.61974,2.96528,4.52313,2.09926
3.32614,4.16271,4.47679,5.32083,3.05083,3.54036,7.90572,3.88154,2.70865,4.93622
4.63339,4.66784,4.3347,1.98422,2.31663,4.68794,4.07631,5.18071,4.99842,3.6756
3.09122,4.78905,3.40722,2.75705,4.35196,5.78899,3.23398,3.11159,4.84628,3.48896
3.44316,3.64664,2.8741,3.47985,3.10102,3.91212,4.18464,2.67297,2.15039,3.77789
1.70542,4.21969,4.50698,3.32765,4.36362,3.21631,4.75025,4.11563,3.4404,2.6435
4.00924,4.34969,4.88956,4.247,2.86145,5.09076,5.856,3.78936,3.26813,5.33596
3.57568,5.38875,2.41268,3.31975,3.62955,3.34137,3.06101,5.96314,4.54187,4.9152
4.196,4.00648,3.96321,4.20218,2.81482,4.0897,4.24831,4.56678,5.89132,4.41865
3.96316,3.36331,4.58521,3.61015,5.34364,4.11614,4.70962,3.13045,4.19886,3.0667
5.58548,5.78084,3.37928,3.16087,5.00106,5.09409,3.82992,5.49951,2.54407,4.64262
4.04122,5.37026,1.59925,5.39441,3.43546,2.85673,4.70953,4.31127,3.95206,3.14475
2.63691,3.03665,6.3752,2.13014,4.96025,3.30127,5.6031,5.36265,4.7447,2.90618
4.81804,3.85821,5.39627,3.35357,4.07592,3.91845,3.95406,3.65813,6.18179,3.66873
4.45767,4.60651,3.15774,1.743,4.12994,6.02246,3.59646,3.04616,4.4663,3.31026
3.40332,3.94268,4.4073,4.75736,4.46448,4.80403,3.7694,4.4544,3.03107,4.29736
4.33492,2.79927,3.62293,4.47927,4.58995,3.90441,3.71286,3.9814,4.53328,4.59062
3.37954,4.48121,3.79038,4.71303,3.13928,5.02944,3.65054,3.15949,3.98187,2.9749
3.94177,4.7492,3.28407,3.85542,4.78773,4.48811,5.5064,3.72236,3.01644,5.19698
3.49073,5.45755,3.44954,4.77529,2.13055,5.5332,3.78189,4.3087,3.97317,5.10554
1.86859,5.87365,3.86835,3.26068,3.63739,5.39307,3.15817,5.87489,6.24956,3.47128
4.19457,4.2981,2.66284,3.85526,4.85097,3.43087,3.6546,5.12218,4.70722,3.6725
3.65835,5.59076,4.77847,5.34066,5.06363,3.3173,4.69837,3.31275,5.47444,3.51331
4.39721,2.56088,5.08623,2.93473,3.66779,5.2312,3.67624,3.78289,5.16886,4.76162
2.41567,2.81895,3.26344,4.6356,4.62763,4.83794,5.71165,4.01353,3.02278,3.48058
4.57662,4.52072,4.23516,2.13601,3.11758,3.57154,3.56901,3.12915,3.39011,2.77404
5.45455,5.76172,2.44258,4.52843,3.14714,5.59589,3.52687,5.59977,1.11033,4.56668
2.66339,3.97724,3.19667,4.9518,6.04269,5.1615,3.36034,3.601,2.47176,2.62933
4.50081,5.26417,2.93417,2.99908,4.03259,2.80581,6.18273,2.79258,2.339,5.69925
3.42624,4.35853,5.28618,4.1352,5.07121,4.04707,4.84839,4.20271,3.9295,3.22218
4.23478,3.9464,2.91698,2.76477,3.2482,5.86174,3.66789,4.32229,3.6053,4.94095
3.31804,2.99271,3.04851,5.02378,3.17188,5.1284,6.13031,3.7917,2.65313,6.3311
3.65842,3.67551,4.65402,2.64192,5.67696,1.97904,5.54566,4.2164,2.83396,3.72826
3.26528,2.49181,4.09182,6.31698,3.47026,4.48429,3.66293,3.59097,4.41577,3.75393
3.59377,2.87631,3.37731,2.91896,2.73081,4.14052,4.07936,3.71985,4.89538,2.58487
4.70912,3.56924,4.11238,2.79397,3.22591,4.96129,4.17259,4.2895,3.46754,2.24488
3.5601,3.55455,3.70846,4.46105,6.08983,3.50588,3.97734,3.8315,4.56034,4.45303
3.76188,3.2858,2.33382,3.54392,2.45612,5.80014,3.8522,1.82123,4.43052,4.12482
4.3285,4.09639,5.65077,3.22712,3.4492,3.57679,3.05152,5.21949,2.98282,3.64888
5.55572,4.08374,5.26728,4.08935,3.99506,4.88007,2.24174,3.58417,4.81264,2.77893
4.04748,5.32646,2.97631,4.25879,3.4274,3.81042,4.21637,3.31076,3.93133,3.66423
4.10686,4.36126,1.92135,5.22803,1.86663,4.01848,2.34769,3.64203,5.45909,3.85526
2.26153,6.48226,2.87371,4.05987,3.44671,1.57652,3.52976,4.11811,3.64143,3.41027
4.3545,3.58215,4.67898,4.60465,3.61996,4.84126,5.57059,4.65635,4.33554,4.50022
3.74761,5.73828,4.79867,2.95334,2.94944,4.89257,4.16088,4.02861,1.13171,3.05237
3.82462,4.24131,3.68205,3.9269,5.28562,4.06046,5.33275,3.85595,3.08115,6.01242
4.89318,4.49957,5.07916,4.76352,4.58322,5.83401,3.75024,3.15251,6.4845,3.04497
4.99514,4.76913,5.18555,2.4842,4.74954,5.04639,3.02893,1.37452,2.9765,2.22036
4.01638,5.59823,3.82224,4.48483,3.33129,3.79269,3.96655,5.49149,5.41483,4.15491
4.15782,6.38335,4.32778,2.7076,3.86148,2.86119,4.20065,4.29785,3.99938,3.21121
3.90537,3.18756,3.8209,4.14809,5.03837,6.83275,4.76209,3.6747,3.68491,4.84559
3.48819,4.40485,5.25426,3.72092,3.01941,4.00086,3.36965,5.3026,4.44851,6.33473
4.39216,3.67091,1.87194,3.56565,3.31721,4.46992,4.19858,3.20229,3.67931,5.12996
3.00723,4.22307,2.6443,3.45889,3.44964,4.24436,2.41496,4.66973,4.15445,3.5117
3.79554,5.10936,4.02711,6.3107,2.92095,5.0426,4.83343,2.91544,3.61705,2.73775
2.95835,3.5071,2.94636,4.58247,4.86324,4.21612,4.08458,2.54014,4.57385,5.1008
5.43,6.32688,4.30377,3.86309,2.78,3.7114,1.52823,5.20311,3.18786,3.61167
4.8788,2.64667,5.4686,3.7996,3.19872,2.76123,3.70372,2.55223,4.93011,2.56191
3.47845,2.30504,4.94627,3.01747,3.26065,3.72784,3.17072,3.20823,4.18498,5.3783
3.98335,4.25044,2.55984,3.56683,5.05747,4.27506,4.09835,4.31918,3.76578,2.57393
4.4306,4.19623,4.61129,2.04226,4.46693,3.76981,4.65306,3.92279,2.9423,4.74337
4.39478,2.56544,2.55494,5.72371,2.48974,5.0865,5.53095,5.01097,5.35606,3.89352
3.46509,3.82263,2.94044,5.26079,2.32966,4.51936,2.5769,3.96967,2.7559,5.40373
3.25677,2.14552,6.69103,3.96482,4.38546,3.06189,4.99634,2.79758,4.2912,3.253
3.77115,3.12962,3.21732,4.50693,3.55728,2.64812,2.63105,4.23737,3.87306,3.11489
2.00797,4.41532,4.14056,3.82912,2.97416,4.29268,2.01824,3.00106,3.59691,5.00522
4.77208,2.74658,3.40863,3.50933,3.63638,3.04241,3.13089,4.7128,4.44133,3.66592
3.636,4.18658,4.76457,3.78531,3.50061,3.82962,4.39781,4.99191,4.58058,4.19504
4.21559,4.69003,3.77228,2.59242,3.74557,5.69723,4.72363,2.8666,4.13833,2.2627
4.18572,2.79178,4.8819,5.71662,4.0672,2.62723,3.80124,4.17493,3.40179,4.88158
3.45965,2.24105,4.02199,1.88094,5.62194,2.78637,5.22339,4.5216,3.67311,4.52218
4.10076,3.25253,4.34021,3.29744,5.93756,3.57439,4.29968,5.83862,1.53752,4.0164
3.36207,3.14408,5.29511,2.24626,5.95806,3.11092,3.13372,4.64907,4.54988,4.72976
3.1813,5.30307,3.05045,5.09316,4.23399,4.43254,6.08875,3.88674,2.16331,3.11555
3.69128,5.83034,5.93176,5.89722,4.50462,3.99549,4.04051,3.74464,5.74795,4.16268
3.14831,5.90245,5.89297,4.79483,4.14792,5.96745,2.88158,4.65261,4.30097,3.53558
2.97715,4.86581,6.36108,4.33383,4.51086,3.59961,2.5655,4.9137,5.15848,4.24611
3.5039,5.25357,1.98893,4.8043,3.79053,3.39111,4.11911,4.51358,4.59699,2.97047
5.02661,4.09717,2.84572,3.26027,5.86168,3.78169,4.13649,1.35516,2.91472,3.75429
3.81276,2.35646,2.14773,2.57516,3.84454,2.18795,5.20937,3.14179,3.12792,4.20052
5.83061,3.80411,2.51737,2.8433,2.73236,4.83741,3.13844,3.93976,4.86219,2.12832
4.23732,2.77813,3.72349,2.0828,4.15363,5.31619,4.92962,4.171,4.00377,4.16518
3.40168,5.14347,4.64028,4.36284,4.43209,2.18598,3.82955,5.7204,3.80443,3.82128
4.42335,3.52674,3.5261,4.63326,3.39889,1.90629,4.19597,4.89979,2.09015,3.86665
4.6316,4.95827,5.37859,4.25545,5.28314,5.23242,4.0109,2.84311,3.70811,3.95691
4.16898,4.97306,5.16469,2.37099,3.49383,4.99953,3.75537,3.80951,4.82482,5.8921
2.08039,3.25645,4.44074,4.37786,4.0151,2.70789,3.10082,4.72142,4.72719,3.91608
3.64638,3.24378,3.41064,3.99845,5.63928,3.31792,3.77411,4.02442,5.05836,3.19684
5.46059,2.58067,3.68994,4.07657,3.04606,4.04195,6.19053,3.0151,4.54843,3.74042
4.27964,3.5011,5.67368,3.18614,5.16378,4.03213,3.03289,3.59793,4.79596,4.07074
4.3916,4.84524,2.75234,7.19029,3.92219,5.41417,3.61291,3.35947,5.32176,5.3405
4.45897,4.29548,2.05681,3.71665,3.70717,5.50378,4.11979,1.47944,3.5635,2.56357
3.89701,3.9016,4.28094,4.15046,4.57355,3.19261,3.23264,3.73571,4.44476,2.70749
4.97843,2.64231,5.12789,4.03853,3.11293,2.22366,4.18462,4.84638,4.19873,2.77017
3.39156,3.45529,4.65719,4.34038,5.23561,4.91419,4.97487,4.99753,3.88141,4.31162
4.37387,4.09598,4.3848,3.2543,2.90876,4.08421,2.81367,4.35045,4.35706,6.17627
4.83997,3.36413,4.22444,6.65936,3.61111,4.48265,2.91129,4.01538,4.64909,4.66601
3.51907,4.98329,3.85265,4.18417,4.57305,5.08833,3.9628,4.14899,4.96674,2.51222
3.79087,3.48675,3.23538,3.25299,3.76883,4.3569,4.21833,2.56215,5.01779,4.30214
3.55357,2.46855,3.56724,2.36444,3.48248,5.04818,3.78404,4.8859,3.43682,5.08824
2.34962,3.16234,4.10817,4.90793,3.72987,5.69233,3.64394,4.83761,4.80382,2.64484
3.77657,4.3812,7.05772,2.4598,4.72711,3.1911,4.56378,4.18184,3.88649,3.52773
4.04758,4.81156,2.86845,3.50699,2.96324,2.75646,4.49065,5.12996,3.47853,4.98428
3.47733,2.34578,3.14338,2.74518,3.90487,2.954,4.60646,3.32736,4.06036,3.61684
4.30536,1.42149,2.16742,4.216,3.86313,4.44484,3.28772,4.92301,3.30718,5.04351
2.09958,3.98504,5.06657,3.70438,5.36288,3.55644,4.94471,4.92558,4.08732,3.81381
4.21167,3.57336,3.15773,1.77117,2.8311,2.95232,4.72183,2.71365,4.01033,4.05059
2.57338,3.19495,3.99855,5.57732,3.43546,3.53518,5.35758,4.12655,5.88047,3.14022
4.4483,3.12889,3.51842,6.08084,3.14069,4.55343,3.8139,4.04267,4.30531,4.24146
3.79709,3.66919,4.634,3.54715,2.78525,5.59249,3.71102,3.50765,3.45408,4.76838
4.59488,2.92426,2.2221,5.1866,4.13752,4.76998,2.86926,5.58256,4.98799,4.46917
4.00911,3.51478,2.94924,5.06573,2.6027,4.4864,5.7977,3.81128,3.85801,4.20727
3.59937,3.4147,3.96758,4.17768,4.79632,3.19264,3.40969,4.55095,5.62343,5.17546
3.9918,3.08189,3.87294,5.54317,3.94253,4.0117,4.25442,2.48764,4.33204,4.24378
4.27629,3.88058,3.46103,5.06936,2.6929,5.1563,4.67389,5.47002,4.4875,4.13724
4.86059,3.42516,3.66139,3.34147,3.16931,4.25516,5.05803,3.03939,3.00718,4.95979
4.11761,4.36409,2.10343,4.38223,4.48942,1.61244,3.73259,4.05443,3.41291,3.82853
4.20777,3.51332,4.0749,4.51901,2.84299,3.93375,4.23674,4.03493,3.6747,4.23967
3.80591,4.35816,4.87026,2.08061,3.8438,4.84626,6.87742,4.27606,4.54375,3.60672
4.2666,2.76644,3.66055,4.11539,2.73437,5.00586,5.08953,4.09833,3.55599,3.00719
4.94995,4.5799,4.28043,4.87382,3.9927,4.62074,4.52828,4.34428,4.73765,4.26407
3.55599,3.9193,4.34216,4.6393,3.61638,4.6566,2.90358,3.05159,3.56829,2.43545
4.55973,5.50976,4.20193,4.67787,5.3523,2.42039,4.8211,3.60144,4.48003,3.93421
2.84955,4.91948,2.90186,5.79978,3.4544,5.13751,3.97945,4.16848,4.61156,3.12162
4.82597,3.51522,2.99552,2.30259,4.166,4.88199,2.90871,2.98154,4.00962,4.81999
4.42771,4.42036,5.35096,3.15838,3.39314,2.83859,4.44872,3.70505,3.62106,2.84352
3.58493,3.89008,4.01223,4.27049,4.76001,4.69565,3.79709,4.01275,3.39952,3.26
3.22686,5.26273,3.99697,5.13643,2.54902,4.2025,5.71541,3.75524,3.27638,3.84167
4.55807,3.35859,3.1679,4.39475,5.89883,2.8041,4.71781,4.87957,5.22312,2.64512
2.77092,2.55725,4.99211,4.65691,3.54276,3.97728,2.46178,2.31202,3.23882,2.40325
2.95332,4.28135,5.88579,3.72885,4.15458,5.0283,3.54558,3.13565,4.54111,4.76362
3.805,4.01312,3.30653,4.23104,4.2866,3.16138,3.6781,3.54059,5.1705,2.99978
4.35589,4.67481,2.11694,5.19678,3.70148,4.96138,3.85575,4.85462,3.14142,4.82611
4.72259,5.83603,5.00312,2.15194,4.81851,3.76738,4.64072,2.56045,3.69331,3.42635
3.8175,5.35873,3.2139,5.21689,3.82148,2.91919,5.62532,4.62776,5.17322,3.71026
4.79294,4.93722,3.31472,3.27604,2.36957,4.99898,3.36773,2.13994,2.96937,3.74145
2.94265,4.85582,5.72666,4.17355,5.31402,1.86656,6.60147,4.38354,4.9027,4.03604
3.93091,3.64784,3.44253,5.1466,4.96185,4.37504,3.5211,4.45275,4.73356,4.26135
4.8384,3.49604,3.99984,3.4084,2.62327,5.45105,4.63035,3.6948,4.65975,2.54897
4.35766,3.29262,4.37269,2.57808,5.72505,5.06234,3.33539,3.87642,4.6998,4.09391
5.07251,4.3518,3.29952,4.53986,3.19003,3.30444,3.60914,2.56335,3.97417,4.78174
3.7473,1.50301,5.3771,2.16088,3.82771,5.51042,3.58031,3.90175,4.94572,3.73446
5.65733,3.80156,3.19086,5.3376,4.9879,2.51661,4.9941,2.20533,2.9497,5.63037
3.03375,3.9468,3.07959,4.30249,3.69727,3.81306,3.04019,3.44706,5.88741,3.50743
3.89904,3.12786,4.63696,3.77231,4.03569,4.56108,2.47379,5.40043,4.33636,3.10576
4.85119,0.639473,3.38474,3.57504,5.06648,2.70053,4.89987,3.77381,1.91563,4.21964
5.45282,4.11484,2.95344,3.16177,5.40586,5.60468,4.09262,4.42361,3.57222,4.13424
3.89237,4.33066,3.34675,2.97978,5.60905,2.65714,5.34025,3.17948,3.20845,4.27914
4.19558,3.3515,2.3925,4.14894,3.9114,3.67961,5.77723,3.91287,5.29599,3.72365
4.12813,4.59232,3.57797,5.96536,3.35201,3.53176,4.14161,2.44815,3.65654,3.40636
2.6363,4.74645,3.28716,3.24271,3.38688,5.35427,3.94888,4.6376,4.11291,4.66648
3.43496,3.29759,4.82644,3.63854,3.0351,4.23633,2.67188,4.68609,3.36416,3.17645
3.33792,5.4901,3.93332,4.21351,4.92629,3.13106,4.87182,3.57774,3.31988,4.9631
2.47187,3.72271,3.85097,3.03399,4.94248,3.8503,3.03338,4.09481,4.67132,4.30716
3.30777,3.80425,3.98194,3.28577,3.65323,2.59046,2.53766,2.58258,5.85366,4.84571
6.57251,1.77553,4.19935,4.74064,3.207,2.86189,3.42326,3.39845,4.61426,3.69449
5.29391,5.15162,4.03689,3.21786,4.01195,3.41699,6.0157,3.44303,4.20317,5.59619
4.09397,5.12652,2.97974,3.55034,4.68879,5.25997,4.05593,4.27785,4.16381,3.87993
4.37167,5.25113,3.82671,2.62039,2.57043,5.08136,4.55551,3.6216,5.04317,4.96155
3.51,4.69444,4.17758,4.07241,3.92827,5.03147,3.01872,3.22862,4.41669,3.66563
4.02598,3.182,5.65535,2.33064,4.7538,3.96266,2.80818,3.73859,3.21225,2.84935
6.08039,3.88682,1.88119,3.99239,5.19279,4.92483,3.57264,2.78122,3.50022,4.05033
4.72604,3.19253,4.77863,5.3062,5.18988,3.53377,4.14197,4.75335,3.71803,4.2363
2.27064,3.81687,1.44699,2.6873,4.53957,2.96644,3.36733,4.38037,3.49497,4.28112
4.85,4.26991,3.65499,4.73307,3.8758,2.32459,5.29357,2.93939,5.64012,4.87834
4.26533,4.68342,4.81015,3.2251,4.14182,5.23841,5.26007,4.42457,4.01884,5.1485
1.99688,3.76039,5.52212,4.87341,3.50725,3.26558,3.59072,5.54723,3.70223,3.42193
4.66201,3.38693,2.51121,2.24588,3.43145,2.72528,3.14006,3.35134,4.11766,5.82617
5.68586,4.59712,6.3778,3.9487,2.74868,5.45808,3.25743,3.96383,4.71595,5.47346
3.09133,4.58995,2.37483,3.69424,4.66714,3.11903,2.87614,3.98197,4.85762,3.83332
3.09164,4.01283,3.34284,3.70624,3.2726,4.73269,3.73469,3.64039,2.03399,3.22099
4.93866,3.55148,3.05388,3.37203,3.74136,3.85036,3.95867,3.83452,3.59942,2.48183
5.13224,4.041,4.42897,3.62174,2.25567,4.4841,5.09343,3.96754,5.48464,3.64016
5.93835,4.56144,3.03105,4.23905,3.22824,4.81871,5.37021,4.75253,4.78764,4.56594
4.72641,1.80297,2.56895,4.95696,4.16792,2.46418,4.12772,3.97832,4.45649,2.24383
4.67378,4.23431,4.49238,2.83785,3.58957,4.01021,3.05872,3.75157,2.35538,3.31401
3.38379,4.22106,2.44437,4.2592,1.30777,3.35595,4.48763,4.16169,4.29229,3.95612
3.3105,3.94066,2.09356,2.27317,1.63004,3.35859,4.971,3.11942,5.74029,2.99065
3.4969,4.67277,3.63084,1.92396,3.53284,5.26883,4.73376,5.64384,3.16356,5.28935
4.53574,2.92582,2.4505,4.1214,3.4901,5.86931,6.25139,3.23102,3.41137,5.63093
4.84227,3.73905,3.90537,3.10437,3.35274,5.30525,2.90961,6.58363,3.31839,3.10517
3.3164,3.58343,5.28031,4.23921,2.19252,5.82348,2.42347,3.1534,4.99282,5.15813
4.63259,3.65504,2.27665,3.26833,3.66982,5.08772,2.75058,4.00231,5.2781,3.86895
4.56399,5.08872,3.38927,4.97758,3.58493,3.78697,3.02423,5.02514,5.24397,4.85337
3.36737,4.59682,5.57308,4.47576,3.87627,4.42047,3.56369,3.83368,3.53824,2.79279
3.55358,2.86375,3.84355,3.71092,5.45158,5.38568,4.67506,2.44627,5.01731,3.15732
5.64953,3.95737,2.46237,5.50162,2.2656,4.22703,3.94495,4.85622,2.86624,1.89918
3.04205,4.72929,3.99509,2.69305,5.04544,4.58928,4.49387,4.24822,2.69425,4.63114
4.89339,4.20733,5.15726,3.84654,3.42547,3.81317,2.09496,5.36654,3.00724,4.10678
3.52656,3.84669,2.88138,3.98515,3.16531,4.13322,3.51156,2.89087,4.23154,4.07156
4.3108,4.77926,7.08435,5.26934,4.35307,4.43505,3.26218,3.3055,2.4376,5.1472
4.57209,5.39592,5.14435,5.00216,4.27891,2.25289,4.94364,5.17658,4.4501,2.34766
6.27086,1.76175,2.74855,4.78936,4.03079,4.68561,5.67303,4.11929,2.75941,4.56099
4.75181,3.88533,3.41904,4.52988,5.30759,4.2044,2.80895,4.5998,4.23482,3.54519
4.78598,3.19405,3.15658,4.36626,3.52645,4.52821,3.6882,3.52231,3.15298,2.6842
4.42729,6.31325,4.86738,3.99909,5.16596,4.08573,3.68683,4.50481,5.30868,3.71828
3.51253,3.64534,3.8391,2.88546,4.30109,3.88807,5.43508,3.09272,3.72052,6.09805
3.13261,2.60464,3.10728,4.07123,3.08474,3.82999,2.55753,3.01623,3.80157,2.72084
3.6609,3.42451,3.72483,3.48116,4.37041,4.75569,2.70222,3.5419,4.26569,3.19846
3.57354,2.96447,5.86141,7.01368,2.44186,2.40159,2.69627,4.15468,3.32348,3.80183
4.10566,2.47163,3.01915,4.27414,3.80389,1.16459,4.95551,5.23728,3.66074,4.55881
3.95244,4.74454,3.90269,2.89545,3.78185,3.80768,3.68518,3.17015,4.14742,1.41182
4.56953,3.85627,2.96323,4.80345,3.73677,4.52068,3.53915,4.99949,4.46187,4.07112
4.63289,3.77732,3.99309,4.00473,3.8173,3.19735,3.51489,5.72378,2.63797,3.48909
2.92075,3.73237,3.17907,3.87422,1.89742,4.49762,3.47123,3.53644,5.81283,4.62081
1.79685,3.73355,5.04952,2.99914,3.91803,4.22111,3.77929,3.95912,4.05999,1.64177
4.18697,4.27018,3.50126,3.10547,5.04305,3.49882,4.99914,3.63478,5.30144,2.71503
5.27942,3.02621,3.5313,1.85508,3.79182,5.08875,4.03229,2.58556,5.15057,3.65598
6.11453,4.96628,3.27042,4.16226,3.93507,2.95758,4.78873,4.24438,3.13626,3.92397
3.62733,4.92159,4.57579,4.54671,5.32994,6.4778,4.27421,4.81346,4.47508,3.40861
4.14695,4.84724,4.94062,4.3531,4.54514,6.07994,5.26227,4.18162,4.4422,3.92448
4.36317,4.48266,2.90331,2.78059,4.2135,4.11534,4.91651,5.67109,3.55302,3.98357
3.98113,5.50446,4.52806,3.61459,4.18635,3.53205,3.69718,4.2415,4.13812,2.35092
4.01922,2.80273,4.14555,4.72389,4.51516,4.66691,3.88664,4.35552,5.45198,4.54148
4.33211,2.87755,3.96769,3.03638,4.41525,2.96855,3.26411,5.54709,1.20632,4.24294
4.13665,3.48848,2.72441,4.42765,2.75228,1.94369,5.88669,3.95911,3.6875,5.03846
3.95198,2.8614,3.79804,3.87319,3.71263,3.78537,4.32048,3.03483,4.39022,3.91231
3.79643,4.3701,4.48503,4.54711,5.08836,3.49101,5.92708,3.85939,3.31514,4.98047
3.98083,3.98547,3.43833,3.59125,2.59302,3.40439,2.47361,4.04201,3.26418,4.92114
1.48213,2.88385,3.07684,4.38534,4.24004,3.62669,5.15024,3.98466,4.33301,6.11809
2.98528,4.76272,5.63777,3.95305,2.25393,4.77749,4.19178,3.43296,4.73571,4.5144
3.53222,3.57617,5.35746,3.22592,6.21265,4.00214,4.93646,3.71329,4.36134,3.87638
5.95259,3.80354,4.2592,4.16094,4.2498,4.06442,5.72537,2.70413,2.73247,4.24909
4.10576,3.61346,3.77484,5.02473,4.47186,4.12721,4.94947,2.28962,2.79792,4.59082
3.57013,4.91282,3.31272,4.03058,3.73328,2.63485,4.35117,3.81889,2.58096,3.13326
3.24361,4.57617,2.77743,5.33498,3.56732,3.53679,5.41376,3.24743,3.84291,3.64416
6.89945,3.65241,3.97554,1.58078,5.06874,4.43873,5.56393,3.13607,3.03177,6.0842
4.20476,2.40535,4.50003,4.26471,4.82684,3.99381,4.36331,3.52514,2.97815,3.61939
4.20893,5.67281,3.50605,5.42068,3.60508,3.37141,3.19912,2.55686,4.03516,4.58743
4.25072,4.74826,3.07392,2.50182,5.46472,2.47129,5.66442,4.20978,3.99624,3.01015
2.9638,4.99784,4.24135,4.52493,3.86623,4.94804,5.30584,5.10692,5.39342,5.63937
4.90715,2.8179,3.19439,3.23528,3.17041,2.37512,4.98004,3.98289,4.22321,2.04987
3.08496,4.41696,4.85744,4.85871,5.44568,2.76117,3.29979,2.78831,2.25874,5.4932
3.9897,2.9771,2.63019,4.73521,4.15313,2.60838,4.41506,4.56154,4.11263,4.07899
2.43341,2.5106,2.46687,3.98583,4.86471,5.44452,2.9776,6.85859,4.98249,4.91198
5.58532,2.89997,3.35662,4.35825,4.1411,1.73156,3.80615,3.9129,4.36648,4.53777
4.72873,2.99435,5.19427,2.25477,3.16106,2.92496,3.47862,3.99253,3.74611,4.09325
4.84501,6.7533,2.67668,1.23803,4.40135,3.2294,3.58133,4.46442,2.8036,5.04725
3.97275,3.31021,5.69961,3.03217,3.51432,2.5847,4.35456,4.07366,5.12959,3.69252
3.97416,5.46515,4.28135,4.4373,4.22048,4.53995,2.98682,2.67581,2.79089,2.36013
3.8555,3.8941,3.56869,3.52616,4.21608,3.60134,2.57164,4.26075,3.97242,4.13723
4.47997,4.56585,2.76128,4.05063,2.78478,3.83934,4.59601,3.9261,5.02196,2.32992
3.60248,4.62009,2.64314,5.74412,4.51112,4.38109,4.32303,4.7431,3.72579,2.60628
4.14982,4.35229,3.71953,4.2597,4.79508,6.45057,4.59007,4.74405,4.83686,2.47913
3.40989,3.50397,3.87623,3.92875,4.38329,3.0041,2.81588,3.46552,2.94422,4.04808
4.12748,3.76815,5.27132,5.19166,2.38999,2.05457,3.3968,3.14902,2.98975,3.74327
4.67135,4.76735,3.33879,3.8189,5.2182,3.39374,4.25573,4.60497,3.77928,3.14315
3.21915,4.2896,3.93411,5.75813,3.10362,3.75408,6.26813,3.86123,4.7731,4.12691
3.68417,2.16531,2.62293,6.16092,3.14414,3.24568,4.41088,2.64502,4.3312,3.5598
4.9334,3.14921,4.09494,1.75608,3.95907,4.56437,4.31325,4.82265,3.41277,4.33455
4.17777,4.80353,4.30747,4.02277,3.14889,6.55392,3.56385,2.79004,3.5686,4.89008
5.28172,2.25585,2.81661,3.44552,4.44563,3.77535,3.79486,3.22416,4.24158,2.98911
3.70811,3.31653,5.21999,4.89397,4.95415,4.26476,4.75411,4.30907,3.32868,5.86833
3.92288,4.72068,4.39059,3.45598,6.35746,3.07272,4.79604,6.15069,3.0385,3.2174
4.71455,4.01456,3.83387,6.23362,3.86894,4.80774,2.76826,2.80544,4.1843,4.16756
5.1675,3.97406,4.55345,3.29145,3.61429,2.52275,3.40259,4.19117,3.46186,4.10145
2.8331,5.06485,2.72529,3.43684,2.72061,4.37141,3.07094,2.52257,4.8381,2.94441
6.46629,3.58384,2.4562,4.61511,4.00572,2.86353,3.2159,3.25854,4.87102,4.82269
2.51698,4.94509,1.65349,3.64599,2.43266,2.71147,4.33241,5.28658,4.0616,5.09149
1.78322,4.31964,4.0746,4.69692,3.1282,2.91149,3.57482,3.7091,4.67236,4.12419
3.07771,3.83727,3.14549,3.84119,3.61895,1.45229,1.94935,3.79166,2.5025,3.59373
3.99218,4.31743,3.87872,2.39219,5.29433,4.67705,4.67471,4.98214,4.58773,4.23282
2.71712,1.72131,4.97784,2.82443,4.37432,3.64455,3.97011,3.19764,3.62957,3.24667
1.47552,5.78959,5.62509,3.57408,4.53711,4.24001,4.05305,2.69709,3.83308,4.07279
5.89046,3.09301,3.23468,6.11577,5.1858,2.56841,2.90591,4.3025,5.13362,4.60177
5.13579,4.63335,3.73127,5.05083,2.14445,4.01949,4.84361,1.71541,3.42382,2.36389
5.11487,5.78687,2.30989,5.04812,4.30232,4.46534,4.54709,2.97907,1.81209,3.42687
3.23132,6.6692,3.94279,3.98045,3.54492,4.267,3.53059,4.31136,3.19081,5.42764
3.72461,3.05662,2.3003,3.67954,4.20927,3.95721,5.89894,3.25068,2.19447,3.60572
3.05717,5.25946,2.84515,5.36409,3.31683,4.33151,4.13339,3.22839,3.65412,2.49977
3.87735,4.16008,3.71008,2.01571,1.8853,3.91802,3.91515,3.88344,2.30409,3.77703
4.84407,4.57554,3.01272,4.69263,3.97038,3.47446,3.56347,4.04221,4.25275,3.48167
3.88034,2.88954,4.63379,4.22235,2.83346,4.47481,4.61864,1.52314,3.7061,6.22656
4.29232,4.02534,5.20788,5.10531,5.24006,5.29987,3.76617,3.53129,5.2541,4.91147
3.41116,3.66005,4.54357,4.31762,3.50714,3.76166,3.09325,4.58446,3.92817,5.96797
5.10839,2.90641,5.19705,2.20534,4.51908,2.46847,4.06144,5.24048,2.32173,4.01661
4.28822,3.64086,4.07456,4.17327,3.70267,5.32298,4.58619,5.29114,3.17404,4.47464
3.68936,3.10467,2.66416,4.62925,4.00794,3.10359,3.86065,3.89945,4.38967,2.34497
4.47602,3.13423,2.73657,5.04235,1.96054,3.60232,4.67824,2.70175,3.58529,2.71246
4.30592,4.12884,4.75682,2.31502,2.19689,3.99123,4.71615,4.92653,4.35473,5.57683
3.62928,3.10184,6.22047,3.07565,4.23996,4.28299,4.14599,4.68401,5.1854,6.06852
5.17895,3.58234,3.95338,3.64907,4.66097,4.54377,5.95122,5.20282,2.70477,4.63053
4.07232,4.02505,2.72285,3.3413,4.21467,3.01969,3.69839,3.30119,3.56828,3.50484
6.39967,4.79261,4.98063,4.34569,4.06441,4.69509,2.67774,2.27716,3.31366,3.0403
5.35372,4.0151,5.41827,4.2376,3.85013,4.23349,3.86116,3.27733,4.35366,4.76687
2.95002,6.56265,3.7285,3.64631,2.19395,3.10152,2.93823,3.057,5.22326,4.78424
3.44487,4.8374,4.57109,4.80681,4.96959,5.22196,5.23938,4.3715,4.90041,4.46455
3.91905,5.61093,3.60007,5.03544,3.99631,5.63596,4.20985,3.85425,4.61797,4.27953
4.32184,4.8858,4.378,5.05261,4.57364,4.35134,3.02926,4.00263,7.36829,3.39428
3.86334,3.5234,3.28042,4.88983,2.96217,3.04036,2.73767,3.384,3.78589,1.46385
3.47777,3.90669,4.62198,2.91715,4.137,3.34993,2.21432,6.25671,4.24738,2.20351
4.06364,4.14351,4.68497,4.00644,4.69536,5.26236,3.56689,3.62244,3.73353,4.28584
2.81506,3.92767,4.00944,4.19577,2.75506,3.50314,3.63884,2.93321,5.3819,2.98173
4.45902,2.92768,5.99467,4.11323,4.11906,4.6998,3.14343,3.3849,3.08283,4.08886
2.44008,3.41624,3.20867,4.34058,5.03121,3.13772,3.95056,3.93131,4.47574,4.77458
3.91995,2.88342,2.89469,3.60205,3.30207,4.81496,2.34175,4.49401,3.58242,4.34456
4.87365,3.65124,5.45743,3.64725,3.43051,4.06516,3.8504,5.2692,4.79862,4.24448
1.16165,1.89954,3.29903,3.01528,6.35061,2.97862,1.93284,4.31197,3.84679,4.46691
3.47253,5.51022,2.31515,3.36604,3.08308,2.27107,4.93233,2.14165,3.63872,4.17269
3.46547,3.47714,2.65218,3.87107,5.02771,4.1675,3.88824,2.15465,3.20114,4.49354
3.96065,5.56852,4.47605,3.51611,2.92153,3.81552,2.26044,3.26208,4.05423,5.56444
3.7475,4.02344,5.1709,2.32934,5.3169,3.9621,3.86439,2.27074,4.61557,3.004
3.55911,5.00259,3.14291,4.42547,3.95226,4.04277,5.73929,2.79949,3.89901,3.55596
4.73686,3.7261,4.61839,5.89103,4.03496,3.105,4.66935,4.45041,2.79552,3.72945
3.6497,3.68515,3.79397,4.09863,5.61075,2.81382,4.5826,3.02934,5.56545,2.24874
2.42504,4.26088,3.10555,3.85813,4.5402,4.91499,4.19036,2.27337,1.90093,3.92435
3.42099,2.36498,4.02547,3.27421,3.78435,3.48922,3.85812,3.11514,5.13898,3.48667
4.54337,5.28521,4.28573,5.40783,3.77979,2.17111,4.24513,3.92487,3.7271,5.20471
4.82968,5.04941,4.20415,4.55239,3.11055,4.35896,3.86153,4.28912,5.29125,4.25864
2.50739,4.40815,4.37396,4.49033,4.5475,4.15347,3.46715,3.54461,4.52627,3.72217
2.71706,3.70826,5.09922,5.87605,4.38848,4.08018,2.71529,4.29372,4.16853,4.01386
5.24107,4.52263,2.8217,3.82416,3.20049,2.95484,2.48487,4.71047,6.6301,4.07213
4.53021,6.28771,4.0136,3.68681,4.10277,4.73181,5.96587,5.05167,3.3213,3.73064
3.31504,3.18003,4.0027,3.61735,2.94962,3.25033,2.67543,2.74618,4.4772,3.99878
4.76149,3.84278,4.41397,5.71496,1.98493,3.38004,4.84414,4.56203,1.96679,4.36096
4.57557,3.72322,4.06769,4.18199,4.82417,4.32667,3.17767,5.82776,2.95855,3.85213
4.23193,5.07343,5.0288,5.07733,3.12404,4.56537,4.09893,4.64036,3.64945,4.62357
1.91511,5.5559,5.04461,4.28213,4.44669,6.33474,4.49061,3.0739,2.99464,3.55362
4.00839,3.84033,1.57305,3.35923,2.33709,4.64044,4.54332,5.2583,4.73974,4.12769
4.49168,3.67234,2.75054,4.4953,3.65697,3.25091,5.13037,3.98896,4.63528,4.10198
2.96992,5.43807,2.33021,3.66779,3.54427,5.10831,3.86016,3.87422,3.29904,2.80026
5.22396,3.8466,2.5052,4.00238,2.60273,1.79615,5.05107,3.73506,3.93475,3.6205
4.97627,4.18016,2.38933,3.99056,3.9449,3.38848,4.84291,3.97269,3.4655,3.53497
5.12502,4.6709,4.10583,5.03607,3.4887,6.00963,5.87307,3.41691,3.88108,3.68534
3.27526,3.01899,1.68815,5.35544,0.998875,5.1937,4.43315,2.85592,2.67844,3.43295
2.80818,4.46171,5.75819,5.22947,3.15621,4.72279,2.95205,2.48963,4.52115,5.10249
2.5711,4.82222,2.52892,3.79065,3.58218,6.02559,4.09024,3.75074,3.41846,5.0091
2.90603,3.72188,1.87495,4.64965,3.75474,5.22597,5.19133,4.03806,3.16008,1.88971
5.25103,3.30221,4.44021,3.61299,3.14931,3.93807,5.05065,3.55359,4.04246,3.87787
5.06653,2.94805,3.40145,3.43763,2.54346,3.36086,4.55946,4.78187,5.33666,3.87891
2.96902,4.71149,4.42125,2.24171,2.86201,3.48221,4.71291,4.32605,5.45647,5.60197
2.81794,3.04423,4.74753,4.65606,5.74376,5.49281,2.86752,4.88268,4.32412,3.4628
5.23829,3.09901,4.37915,3.75621,3.97889,2.27217,3.81291,6.04925,4.09829,3.16905
4.77725,3.62453,4.18306,4.36047,2.48832,2.49321,4.30268,3.92598,3.96599,4.77737
3.32421,5.84051,3.34055,3.58178,4.77469,3.69547,4.50912,4.13251,4.0743,4.18751
3.62147,5.02167,1.27586,4.26298,2.50064,5.66441,4.98665,4.11062,5.18308,3.56948
2.52753,4.63434,2.36535,4.29843,3.39748,3.27195,3.95977,5.68654,2.96287,5.80015
5.37756,4.15999,5.69866,4.37544,4.7059,4.98374,2.23678,4.15226,4.06057,3.09412
5.76662,3.72628,6.60299,2.84866,2.02352,2.98029,4.49271,3.50226,3.55795,3.04785
2.8749,4.78941,5.76395,3.64828,2.80743,3.40403,4.05763,4.86401,5.11188,3.88824
2.90396,2.20063,3.43045,4.86573,2.00263,3.80371,3.97947,1.94138,5.10211,5.39458
2.20538,2.46431,4.60894,2.88954,3.93589,2.32708,2.88543,3.10249,2.71327,4.11903
3.32631,4.18808,4.88928,4.21295,3.11474,2.01175,4.25002,5.48348,4.05877,1.26864
4.19242,4.9048,2.66145,3.43241,3.95945,4.71817,4.33349,4.21908,4.53981,5.75955
5.58237,5.92046,5.72564,5.22874,5.77524,4.04454,5.24561,5.61172,5.74903,4.05487
3.967,3.50789,5.60451,6.18951,3.7214,2.50639,5.13088,3.21968,4.6718,3.67241
3.41476,2.27509,4.80383,2.97585,4.34713,4.52983,1.70022,3.68227,3.04066,2.3279
6.44025,3.64885,3.64063,3.9824,4.05047,3.37628,4.30783,4.46726,3.18071,2.97049
3.86779,4.88796,3.62924,3.73461,4.0826,3.42477,3.91833,3.44912,5.16033,4.99776
3.71784,4.04754,4.37066,4.20924,3.72145,3.89346,4.56191,3.58848,5.51689,2.88135
4.16636,4.97312,4.34869,4.37271,5.00593,4.11368,2.61539,4.16359,4.03192,1.94982
5.64321,5.18348,4.13807,3.98584,3.59123,3.19277,2.80953,2.81306,5.15574,4.28677
4.88029,2.47292,2.09012,2.87717,3.63006,5.20158,3.4839,3.36208,5.21874,3.99736
4.25942,4.96298,3.36837,4.73843,2.78596,3.92713,4.13443,4.03097,3.74068,2.73005
5.89785,2.72404,5.02962,4.6981,3.45332,4.40684,3.57223,3.50965,3.18625,4.58216
4.05185,4.63372,4.41984,3.94186,2.50538,3.58546,4.23993,4.66272,3.20553,4.06598
3.87759,5.68188,3.80781,6.07711,5.35165,4.2596,4.25196,2.35092,3.22588,2.89589
4.72714,2.43121,3.97562,4.87978,2.42253,4.33569,4.72848,5.20627,3.56077,4.57138
2.76138,4.46773,3.47069,4.87104,3.0539,4.41436,4.17032,3.22585,5.1632,4.8267
3.23105,5.91787,3.17717,2.60429,5.00074,4.11403,3.51945,3.28294,3.48727,3.14096
4.75516,4.21416,2.81617,4.26096,2.26142,3.81527,4.55404,3.13682,5.18531,2.23315
4.94173,3.67094,4.32855,3.92167,4.35857,3.84369,3.57383,3.35616,4.35329,4.95256
4.80348,4.94014,6.31786,3.36913,3.37436,3.53608,4.80103,2.66981,3.96867,3.22754
2.83201,4.19826,3.24281,5.01663,4.2971,2.59182,4.61561,5.55641,3.3478,5.2077
4.28963,5.28505,4.40588,3.42218,3.29974,2.7992,3.95162,4.37831,3.23102,3.99375
3.61068,4.73555,3.48188,3.75767,3.25857,3.46489,3.18619,3.23593,5.20167,4.76488
5.42307,4.80425,6.17566,1.17653,5.37095,4.61512,3.82171,2.53232,3.81047,3.84659
6.41396,3.26314,4.11068,3.45005,3.07879,4.44831,5.82767,2.95848,5.75216,3.75376
2.84613,3.78993,4.74216,4.96392,4.62815,4.22542,3.9407,4.89609,2.5105,4.22931
5.73854,3.71688,5.21463,3.18759,2.96805,3.62632,3.50817,5.07314,3.37335,3.32501
2.44515,5.03578,5.48743,3.19745,4.75602,4.71319,4.38689,3.72451,4.87454,4.35076
2.69362,4.56076,3.10631,3.75784,2.26362,2.91096,3.72079,3.10021,3.59548,4.23102
4.05216,3.45567,5.2548,3.34173,3.34942,6.12279,4.46437,5.01665,2.96084,5.50556
5.3742,2.91218,4.59834,5.23296,4.35645,6.35459,3.42499,4.68298,4.87642,4.01092
2.56627,3.66439,4.41901,2.71735,3.65511,4.44638,3.32326,3.32436,4.3269,3.77451
5.07287,4.03398,2.88867,3.36073,3.73886,4.04812,3.47895,3.13875,3.48533,3.92026
4.39239,2.71876,5.16488,3.56452,3.08602,2.94515,4.22619,4.7921,3.49159,3.95545
5.99482,3.68716,4.57099,5.08621,2.08248,4.46859,4.98575,4.4932,4.05536,4.29654
3.38556,5.58375,5.09982,4.74293,1.98205,2.30898,4.21476,3.74036,4.63774,4.70434
3.62142,2.68702,4.03745,3.57568,4.63643,3.13135,5.47585,2.67119,5.1307,5.87201
4.43646,3.52453,4.86265,3.5939,3.54066,3.83367,3.50894,5.65718,4.64363,3.58383
5.01878,4.27806,3.39898,3.10587,4.43237,3.36439,4.12895,4.4729,3.77782,2.64648
3.99271,4.54043,5.44494,5.52943,5.32816,5.68583,3.85494,4.23999,2.66509,3.78921
4.16002,5.0555,4.45501,5.8382,4.23496,5.63094,3.00834,5.39763,3.92473,3.77286
4.09077,3.60059,4.01839,4.53587,4.28757,5.4448,3.56734,3.08159,4.31542,4.27316
4.65068,3.76418,4.07567,4.85344,5.65239,3.65561,2.85566,2.92283,2.92033,1.90675
3.18696,4.39279,5.00649,7.22249,4.97822,4.9744,3.14994,2.15859,3.86165,4.98035
5.43742,3.20322,2.37843,3.21379,4.80821,4.65346,4.80964,2.79062,3.86949,3.6966
4.05483,4.30591,5.20994,3.32126,3.64458,4.37315,4.55048,5.18384,4.89832,3.94027
4.14076,3.71019,4.2235,2.63804,3.40675,3.67793,2.0126,5.42172,1.82011,3.56939
3.96309,5.44072,4.41199,3.44062,4.98521,3.35909,4.31695,3.20156,4.35867,3.97642
3.68163,4.52621,4.06877,3.68906,3.74383,3.6316,4.75873,5.98573,5.83764,3.6564
3.62036,2.31101,2.97836,5.45758,4.02505,3.3292,3.49993,2.81609,3.80081,3.3118
3.80134,4.46301,3.19681,3.68861,3.88355,4.56799,4.3983,4.52443,5.29813,2.80499
5.02091,3.19401,5.31384,4.83917,4.17131,3.47373,4.49542,4.08882,5.11586,3.17706
2.80826,3.6647,5.09159,3.93144,3.29109,3.68128,5.50023,4.73548,5.26389,2.47979
4.43237,3.94916,4.04746,3.1288,4.33681,2.65798,5.55431,3.64395,4.49251,3.03358
4.00492,5.18493,2.45081,3.76235,5.71534,3.32025,4.4703,4.5324,3.42607,2.94227
3.56943,3.76964,2.95146,3.0272,2.49022,4.14346,5.73272,4.21381,3.40452,4.43936
2.65534,6.74507,4.01541,2.81859,4.89808,4.62127,4.80317,4.90718,3.91493,7.31268
2.67219,3.36343,3.95858,4.92795,4.71387,2.90456,5.5507,3.70835,5.80386,3.77544
5.19584,3.53903,2.2653,3.91881,3.50581,3.73293,2.805,2.64081,3.35554,6.48301
5.89802,2.62361,5.19448,3.13503,4.26844,2.89531,4.47928,2.60743,4.46179,3.64372
5.3129,3.63825,2.33916,2.73831,3.21449,4.6634,3.65564,3.70345,3.44742,3.72371
3.41923,4.31489,5.31154,2.78073,3.39956,2.44918,4.64022,2.4859,4.20276,4.50747
3.72787,5.09293,2.40609,2.97063,3.64911,3.37731,3.67174,4.13769,3.60317,5.42758
4.00332,4.09161,2.93411,4.62063,3.07686,2.37283,2.57321,3.31851,4.63081,5.43213
3.90512,4.35597,4.28285,4.33762,4.39423,4.48507,2.90707,3.33438,3.52689,4.16539
4.24076,4.17369,4.67034,4.44247,3.84044,3.72806,3.48627,3.98562,4.35556,4.25051
4.42637,4.76933,4.5524,4.97479,3.16307,5.37358,4.53453,4.89914,4.98919,4.69897
4.36135,4.4623,6.5198,4.58225,5.99166,2.11911,4.13146,5.53851,4.10491,2.50861
5.11437,4.19619,4.62559,4.92195,5.2026,3.31098,4.51666,3.60583,5.39001,4.33565
3.79219,3.33587,2.60088,3.37985,4.03993,2.66104,3.51776,5.42734,3.44068,3.80472
2.67533,4.269,3.88571,3.55187,3.86116,5.42273,3.16577,4.13388,4.06994,4.10373
4.88076,4.61382,5.305,3.7221,4.06331,4.29509,4.86404,3.34034,3.90535,4.14151
4.66165,3.88326,2.44814,4.23872,3.77542,3.77856,1.92694,1.81399,4.19269,5.0019
4.40267,4.54688,3.81887,3.47759,5.22561,4.06606,4.04489,5.72158,4.07306,1.83256
2.3493,2.91447,4.38843,3.58323,4.63783,2.9566,3.09653,4.27213,3.03557,3.24045
4.37077,2.26325,3.1793,3.32283,3.26302,4.87436,2.73138,4.58768,3.84148,4.56016
3.06827,7.9435,3.81192,2.96197,2.38757,4.21484,4.27008,3.83535,4.57494,3.27098
2.86988,3.9811,4.48787,2.33497,3.15538,3.45527,3.29676,3.30446,4.11704,3.96459
3.22734,4.81251,4.56874,1.22168,3.6443,3.87061,4.27977,3.87625,2.75032,5.26362
4.44099,3.56844,1.88522,5.95837,4.68575,4.93498,5.79333,5.24912,3.5107,4.35905
5.10359,3.98904,5.1297,3.26577,4.75458,3.89353,5.91195,3.94581,4.94219,2.81221
5.33234,3.14584,3.41036,3.2148,5.02322,4.62329,3.30873,3.32034,3.71042,5.56731
4.2369,2.49591,3.84559,3.71357,5.54085,5.59142,4.39786,3.99715,3.62569,4.99725
4.86162,3.79701,3.00112,4.25599,5.38939,4.56659,3.92894,5.96355,2.98428,4.44348
4.4689,4.27597,3.06781,3.60433,4.30246,4.38744,5.51402,3.36675,4.29591,5.52672
3.67015,3.35156,3.97966,2.70403,5.13484,5.3228,2.7747,2.49348,5.59122,2.91981
4.7193,3.73753,3.47992,4.53549,5.22506,1.967,4.87597,2.84495,4.65417,5.86551
4.03069,5.19609,4.42432,3.68955,2.57442,6.15362,3.2985,4.39369,4.12819,3.64676
3.36715,2.918,4.32057,4.5039,3.54122,2.6616,5.2472,4.90681,2.11961,2.60574
3.0513,4.65689,4.35268,5.48739,3.51683,5.18299,3.73384,4.06157,3.21682,3.54644
4.5693,3.11208,2.86202,3.41711,3.0013,2.37373,6.05067,4.82249,3.75376,3.34186
4.0909,1.19598,2.2874,4.52215,5.70269,4.05874,4.55838,3.04529,5.9576,5.06006
2.84967,2.95848,3.66296,3.39785,3.92207,5.74036,4.48265,5.31795,3.31424,4.23571
2.23562,3.31257,3.4773,4.59693,3.95584,3.56729,2.5971,4.40923,3.62973,2.32867
4.41511,4.2666,5.2191,3.54278,4.11577,4.09476,4.91053,4.17196,2.56258,5.69705
4.28609,5.10307,3.48588,4.56628,4.4687,3.767,4.33822,4.75799,5.06652,4.31511
3.86177,4.34426,5.88445,4.43971,4.64245,3.81704,5.22413,1.50634,2.69093,3.11056
4.33588,5.03434,3.18012,4.27195,4.14329,3.92212,5.10007,5.03669,2.6478,4.21229
4.06738,5.48607,4.15681,3.0927,5.56605,2.97842,3.98351,4.79305,5.90631,3.05738
2.59944,3.94048,4.38985,4.54492,6.00152,3.83467,3.52627,3.3618,5.01487,4.4818
4.15576,4.11663,2.89455,3.43689,3.34894,4.28404,3.31953,5.43188,3.98564,5.07337
3.80083,3.44479,3.1802,3.27852,3.89001,4.3593,2.21335,4.02822,4.15434,4.74704
3.6129,5.04063,3.9012,2.44771,4.14087,5.13644,3.68841,4.57281,4.76924,3.33862
3.4514,3.43454,3.47168,3.43206,2.61178,3.21211,2.73649,3.524,3.28665,2.23508
3.59827,5.06463,5.04676,4.38347,3.99422,2.60192,3.03256,3.76944,3.93263,5.32663
5.78148,4.22034,5.09884,3.68179,6.55151,5.29954,1.40151,4.30453,3.79487,3.70591
2.21767,4.02431,3.4394,4.31848,3.9482,2.9742,4.94258,2.90665,4.92482,3.24638
3.92625,4.21743,3.14732,3.99983,4.19195,4.32726,3.62817,4.64753,3.7802,4.36307
3.1239,4.97227,4.41128,4.04355,2.68856,5.22181,5.0551,3.80029,5.48594,4.12528
3.42664,4.58731,3.58806,3.96337,3.0411,2.31725,2.82865,6.98492,4.3731,4.05822
4.26564,4.29316,3.33588,5.83393,5.51201,4.39627,2.82356,1.97437,2.71733,4.40629
4.4767,5.04579,4.49179,3.87475,4.70334,4.44374,4.10814,2.53691,3.35013,2.54977
5.69757,3.05762,4.3949,5.68801,1.16275,5.10658,2.47617,4.12653,4.23929,2.20227
4.73504,3.24351,2.98248,5.9486,4.01819,5.05452,4.16799,4.6895,4.10342,4.91142
4.10673,4.43065,3.42301,4.11267,3.71196,4.28112,5.25076,3.87206,3.08017,3.84476
3.89381,2.84794,2.88465,4.30469,5.95563,4.30074,3.03213,5.3443,5.27979,2.81417
5.81145,3.43533,5.62325,3.46507,3.67007,4.82629,3.31883,4.08157,4.83933,3.2033
3.06637,3.30263,3.1549,4.93812,2.26412,6.41678,3.99826,4.14857,4.77226,6.00587
5.7614,5.01814,4.95115,2.84994,5.78162,4.01805,2.23483,3.26852,4.88775,3.5795
4.27181,4.18407,2.86336,4.67816,3.70356,4.8587,4.16968,2.76611,2.34092,4.14299
5.28108,4.56916,2.63201,4.98155,5.03348,3.79871,3.7329,2.68722,3.11016,4.0647
6.48576,4.43607,4.11806,3.85774,4.65247,3.87714,4.38608,4.34838,3.17401,5.06346
5.49877,3.8234,3.4533,3.9542,5.04311,4.36288,3.68981,4.64748,3.76432,3.84374
4.68204,4.71612,3.49256,3.03236,5.0193,3.05518,4.92888,4.83317,5.22699,5.09439
4.85859,5.90173,4.58169,6.74967,3.76752,4.8081,3.14313,4.34173,2.45936,4.99477
4.24617,3.84591,4.81599,4.85107,4.19873,3.40401,4.56002,3.15686,4.86586,3.23466
4.23407,3.75477,4.35816,4.55121,1.63417,3.62841,4.94312,4.73391,3.93221,3.47469
3.9437,3.71241,4.39074,5.09988,4.45954,4.43505,2.766,4.93593,3.80097,2.54072
4.22347,3.71946,5.42489,6.06516,4.0199,3.85587,4.43128,5.17003,2.59798,4.18367
3.70673,4.2257,5.74264,3.10693,4.05854,4.57101,4.47717,4.08946,2.5813,3.45593
2.18562,2.99967,3.76169,5.43996,5.65917,4.48202,4.35221,4.91298,3.41381,3.93458
5.48957,5.51237,3.5694,2.90678,3.95731,2.88843,5.04616,4.08009,3.74947,3.99922
2.83557,3.27514,4.11938,5.19984,3.41274,4.66202,4.91826,4.96376,3.58845,3.63003
4.04884,3.13974,5.28728,1.24843,3.32327,3.46641,3.56478,3.41344,5.01801,3.5763
5.36338,4.56912,4.40242,3.50177,2.49359,3.16718,5.28289,3.47683,6.04981,2.91175
4.82712,4.42943,1.19709,4.27069,3.81349,2.69541,2.78093,2.85586,3.45555,2.47413
4.14402,4.49112,3.99791,3.70558,4.72577,4.20843,3.82734,3.04164,4.30245,4.78683
2.71211,3.40693,3.15459,4.6468,5.26518,5.03377,5.17463,4.35439,3.8794,5.09214
2.27841,3.58437,3.39915,4.39213,3.0902,3.59162,4.51308,5.05836,5.83698,5.82071
3.90229,3.20768,4.379,4.05262,2.86311,2.57518,3.48376,3.05529,4.66413,2.48988
5.0752,5.14978,4.87148,6.93252,3.66717,3.49748,5.32093,3.37999,4.80592,2.57092
4.15963,4.47799,3.53954,2.89614,5.12289,5.52303,4.04086,3.9741,2.89079,3.33956
4.43172,2.68283,4.19857,6.99681,4.05411,3.88275,4.55446,2.84378,3.77611,4.02116
3.724,3.98374,4.50004,3.81309,4.93502,3.64125,3.86359,5.61665,4.44893,4.32402
3.24317,3.82426,4.82246,4.16064,2.67322,4.45172,3.75756,3.91159,3.48195,3.6623
2.96926,4.64647,3.03335,5.28057,4.20678,2.073,4.61373,3.44707,4.22824,3.52796
3.11958,3.44196,2.58677,3.43198,3.92252,4.04806,4.93655,3.63208,4.71553,3.79721
4.48809,5.39855,3.98782,4.53962,4.61445,6.11987,3.72716,3.7076,3.62606,4.59734
5.08251,2.58319,2.51289,4.39113,4.23448,4.42153,4.35592,4.97594,3.22448,4.25956
2.59008,4.32148,2.89664,5.66454,6.10077,4.39505,4.44682,3.60236,4.16794,5.32811
5.36914,3.94804,6.25485,3.9687,4.12717,2.03437,2.3371,2.67863,5.12746,4.08943
3.82749,5.76179,4.51703,6.37214,3.52735,5.33773,6.30313,3.99317,3.77368,5.24201
4.7125,3.85422,3.57569,3.2803,4.43148,5.27817,4.7992,1.6901,2.01545,3.71282
3.35448,3.78469,5.56566,3.46174,4.64962,2.98873,4.24354,4.9464,3.75391,3.88849
4.03328,1.30953,3.44278,5.56848,3.34937,3.81275,4.29304,3.26182,4.07675,2.69685
3.97921,4.15881,3.83005,4.2434,6.51241,4.53149,5.00258,5.29558,4.19278,3.96601
2.24414,3.50042,4.8239,4.58673,4.72465,4.079,3.97398,4.41126,4.00986,4.10884
3.01741,3.33565,4.47799,3.50051,3.62575,2.32619,4.82287,3.64969,4.20498,4.14043
4.13034,4.15222,2.96256,6.37246,3.35922,5.57838,4.774,3.30034,3.87621,4.62
4.77886,3.66252,3.24123,4.76303,4.1366,2.82361,2.77298,3.5892,4.96879,4.78224
2.83971,4.0163,4.46168,1.58012,3.55781,5.77903,5.13443,4.35144,3.97102,3.11088
2.35142,4.54452,3.38233,4.56556,2.84417,2.89082,5.28135,2.8058,3.69943,5.05404
4.59935,3.43414,2.21108,4.00151,4.61759,4.73493,4.15685,3.11405,3.97926,5.35388
5.54049,2.61041,5.48152,5.41651,3.55098,3.74541,4.03019,4.26961,5.19629,4.77411
4.0678,4.10985,4.01631,4.90405,4.80683,4.53021,4.71048,4.11533,4.11115,4.52624
3.71264,4.58186,5.18493,4.46773,4.66502,3.49798,3.85279,5.24734,2.63042,4.30441
1.30589,4.32039,3.59211,4.00883,4.56136,3.28826,4.52533,3.7444,4.09936,4.02343
4.9026,4.01358,3.69404,3.63866,3.5423,5.10967,3.93504,4.04552,4.42,4.87709
3.91636,3.32139,4.19577,3.81558,3.68514,6.35748,3.06619,4.12424,3.14854,4.89197
5.13278,3.36567,5.4688,6.24502,3.20499,3.14982,2.31717,3.84166,3.65025,2.54476
3.23759,3.45744,4.9944,4.39705,4.74417,3.77613,3.36055,2.84041,4.50529,4.82026
5.41418,3.95178,3.39674,4.31972,4.79383,3.86307,3.70106,2.72043,2.5359,5.6981
4.87108,3.83487,3.70095,5.01797,3.83067,5.58325,5.31794,3.69868,5.22016,3.5736
3.83535,3.43236,3.77675,3.61652,3.98863,3.52107,4.15205,3.36852,4.42096,3.4146
6.04502,3.4849,4.37205,3.72435,2.54652,5.10096,4.37998,3.60524,1.88766,4.79339
4.22223,5.12057,5.69011,4.76904,2.34964,4.56538,3.05488,5.35444,2.69151,5.15263
4.12769,6.22367,3.67494,5.75512,3.64883,3.53558,4.54873,3.39161,5.06836,3.49813
4.60176,4.28907,4.85511,5.33729,4.44167,3.25994,5.30319,4.33326,3.43373,4.01514
1.67514,3.80532,3.06825,4.40932,3.12357,4.34804,3.13411,4.36383,2.98513,7.36353
4.32288,4.2461,4.22998,3.83453,4.66313,3.20813,3.98964,4.99866,3.12895,2.8582
4.09759,3.79912,1.77771,4.44792,3.6738,4.17445,5.07834,2.07889,3.00073,3.86899
3.37256,3.65927,4.29745,3.8186,3.92593,5.33943,3.18657,4.63727,4.18227,3.60739
3.57813,4.89399,2.68553,3.92377,4.30843,2.62206,4.27396,3.44922,2.65372,3.54789
3.76001,4.16405,4.52954,4.1603,5.21452,4.3538,2.50732,3.03374,4.79582,5.36525
2.33661,3.10715,3.92258,3.23466,4.46895,4.50174,2.19067,2.31554,5.49648,4.67035
3.67568,3.66609,2.82521,3.52839,4.23503,3.58307,3.28227,3.11232,2.91265,2.91697
2.95267,3.5412,4.48085,3.59049,4.06145,4.19051,3.42571,3.85837,3.56223,4.00269
3.4592,3.01798,2.39301,5.99509,4.90466,2.85365,4.23711,4.05144,4.48733,3.24642
3.85554,3.34193,4.31815,3.86808,3.01904,5.70016,2.27805,3.57884,3.05643,3.61326
2.94846,3.85917,3.31198,3.2067,3.94605,2.79931,3.50992,3.81109,4.6543,3.14831
3.88189,3.29776,3.19152,3.54994,5.1422,2.69062,1.73308,3.82834,4.94061,4.08045
5.17598,2.88444,3.71629,3.3926,2.62427,4.01742,4.99841,4.86237,5.23679,4.45015
6.5575,2.24614,3.1466,4.32737,1.45445,3.927,3.99157,4.30203,4.80072,6.52922
4.72618,3.66792,1.29266,4.08244,3.58122,3.5363,4.15203,3.51576,3.74316,3.35798
3.29459,5.08023,4.01053,1.96018,4.34216,5.11298,3.9255,3.51849,4.01967,4.0159
3.71304,3.14355,5.28753,5.23675,4.87739,2.97452,1.85235,3.0954,3.49679,4.54103
3.44144,5.6348,3.28799,2.81822,4.30471,4.77312,4.04332,2.97048,4.19287,6.05121
5.79125,5.23904,3.32197,2.89848,3.59943,4.16718,5.11066,4.4545,3.16477,4.28685
5.06254,4.02186,5.60582,4.23697,3.49264,4.57928,4.48685,2.89581,3.08932,5.92103
4.26897,2.25111,4.8271,3.04118,3.018,4.71308,5.48819,5.00962,4.8065,2.62354
5.60267,2.30676,3.54506,3.37098,5.77583,4.08743,4.22292,4.0387,2.96343,4.96152
5.87198,3.35535,6.18556,2.1401,2.99439,3.41941,4.33081,4.56508,5.37589,3.48763
3.86585,2.77282,4.5723,4.3389,5.28401,5.18932,4.22691,4.39336,3.5446,4.68026
4.14151,4.37419,2.43097,2.43807,4.90534,4.14621,3.45121,3.81285,3.43249,4.07525
4.48894,5.06399,3.02801,4.22923,5.35167,4.37026,3.31481,4.63306,4.20207,4.99008
4.66494,3.00909,5.88561,4.45719,2.71879,2.51574,4.62862,3.97225,3.01256,4.06094
3.20667,4.70667,2.53305,2.88358,4.36214,3.48431,2.08371,2.78524,3.80415,3.86621
5.80054,4.44393,2.21037,3.16367,3.62434,3.76685,4.58028,3.45232,5.25577,2.90493
3.83647,3.03413,4.18192,2.73689,5.27379,4.53605,3.74256,3.48533,3.06886,4.82662
2.17417,4.47294,3.33653,5.73062,3.00075,3.75354,3.7377,4.09397,3.9,6.07993
3.66837,3.91989,3.49099,6.32596,4.96,3.47696,4.05466,4.17124,2.08078,3.79525
4.71963,3.74481,3.913,2.40514,4.86113,3.91347,5.84084,3.71785,3.59047,3.20243
3.21673,3.29551,4.20942,4.70888,2.86405,3.11895,5.20901,2.98284,3.22908,3.48881
3.53052,4.87437,4.52505,5.4062,3.16473,2.42102,3.8415,4.22441,3.00773,5.19127
6.63595,3.34923,4.74036,4.08527,5.63661,3.89225,5.08248,4.80212,4.14484,3.0379
1.74969,5.91494,4.66896,5.93296,3.98692,4.58754,3.79119,3.96664,3.78789,4.28897
2.98632,2.68195,5.49712,2.91137,4.40685,4.22812,4.80515,2.65267,3.97037,4.5177
3.89821,3.75151,3.83159,2.78131,3.78165,4.36681,4.68909,5.13122,4.13718,3.6116
2.89661,4.39122,4.16295,4.68461,4.71147,2.5956,3.67392,2.7489,3.28093,4.58981
2.83295,3.18503,1.89673,2.20842,4.60781,4.09849,3.52543,3.0534,3.98188,2.71109
5.66286,4.10548,3.12735,5.11463,3.28539,3.46634,4.5862,6.12266,5.00963,4.42749
3.95932,3.2144,2.62442,4.66931,1.55814,3.52034,3.49822,4.57793,3.43578,3.28198
3.39179,3.79921,5.06029,4.53352,3.70102,4.55486,4.33881,3.90066,5.41763,3.691
3.84247,3.62776,3.41897,3.16595,3.62013,4.75802,4.61625,4.35732,3.95384,3.32452
2.05444,3.86904,1.74689,4.93213,4.50786,5.09398,4.48677,3.58357,3.33031,2.70431
2.9418,4.11388,4.24165,5.60015,3.17739,4.33635,1.88245,5.30444,3.63966,3.15603
3.27668,4.18369,5.80454,2.27323,4.52301,4.34376,2.70897,4.37329,3.98542,2.58445
4.24939,3.09468,2.33983,4.47792,4.79205,6.40037,3.61911,3.40875,2.86144,5.39964
5.40701,5.12032,3.33414,3.781,4.42788,5.07962,4.81878,2.47311,4.0809,3.24413
4.32886,4.89075,4.46736,3.48938,4.92095,3.98185,4.14404,2.45657,4.39149,1.94316
4.15164,4.18392,3.49621,2.95362,4.65608,4.42101,3.9706,3.35136,2.75172,3.54258
5.97269,3.70065,4.7717,5.18824,3.17129,3.57043,3.84116,2.88972,5.60436,3.42471
5.12926,4.11778,5.16424,4.838,4.408,2.31865,3.64774,3.06909,3.00896,1.68632
4.05315,2.99281,4.18689,5.5259,4.45463,2.65633,4.19643,5.75798,4.34621,3.65133
5.63378,2.4284,3.71931,3.3807,5.2295,5.7113,4.66746,5.06316,5.615,4.95346
4.36222,3.32438,5.55339,2.87563,2.91655,4.49241,5.4686,5.01788,2.6907,4.18223
4.08005,5.30435,4.88919,5.26115,3.59931,2.87732,4.11623,2.92425,2.52717,3.35837
3.83158,3.45834,4.16036,3.67488,3.36612,4.22972,5.08762,4.42954,5.02786,2.33885
5.62365,3.51837,6.15903,3.77726,5.6389,4.34013,6.38028,2.82523,5.35994,5.2668
4.0921,4.00243,4.39733,4.67278,2.75159,3.39234,3.36108,4.20886,5.77509,3.16918
5.26913,1.99995,4.47481,5.91186,4.34668,3.55959,4.29722,4.50916,5.62342,3.25525
5.71128,5.31583,4.57232,3.86611,5.53492,3.91178,2.25,3.72377,6.0081,3.82909
1.77135,4.51773,2.09437,4.81785,4.51367,2.1576,4.60091,3.3838,4.90927,3.90488
3.80312,2.16021,3.61715,2.87895,2.81705,2.86986,3.30125,3.80145,4.21737,2.85314
4.11431,4.20203,5.06101,3.23284,4.10266,5.42088,5.30933,2.53234,2.89182,4.89624
6.82561,2.78949,4.84031,4.25117,3.38418,4.52928,2.84794,4.9452,3.34171,3.35323
3.32085,4.14568,3.06721,2.29507,4.19489,4.58017,4.06059,4.31818,3.70362,3.55019
4.98958,4.63976,3.82768,4.06485,4.06519,4.1975,3.63041,3.92057,5.40715,3.00708
2.56307,3.22434,4.76451,4.35068,3.1624,3.22309,2.6871,4.54234,3.7729,3.13015
4.59154,3.66686,3.49908,5.4126,3.52635,5.60956,2.48183,3.9145,4.4781,4.58395
5.36759,5.11764,5.01852,2.24244,3.99059,3.89385,3.51944,4.09119,3.84947,5.03899
4.94521,2.26601,4.94627,4.39961,6.10377,4.98885,3.49606,2.92591,4.86415,3.40563
3.1685,4.00959,6.25392,3.11507,3.78347,4.51984,2.58668,1.99397,4.98064,3.13875
3.56507,2.44485,3.34113,3.65086,3.70593,4.787,5.23261,2.99134,3.68944,3.49452
2.1618,3.4701,4.07629,3.72466,4.68919,4.56727,4.42358,3.52862,5.36421,1.79265
4.67671,2.75161,4.94158,5.19295,5.62331,4.30913,4.05876,3.70481,4.81944,3.10349
2.04261,5.56023,4.62844,4.06293,3.33843,4.51488,3.68361,4.28012,3.81992,2.96572
4.55084,2.6724,3.77649,4.58227,4.81616,2.90084,4.15637,4.69389,3.98575,1.88668
2.60949,3.98585,5.22174,2.423,5.17665,4.84925,3.40288,4.18001,3.92521,4.20414
5.38718,4.44861,2.56305,3.95365,4.44862,4.14007,3.69046,4.05832,3.78664,3.87091
4.56357,1.53119,4.62833,6.07077,3.51943,3.63448,4.16375,5.197,2.57485,4.23082
3.41985,3.69276,5.24417,4.47527,5.54576,5.23134,2.99308,5.59636,0.9231,1.91138
5.00673,4.65337,3.5398,3.58677,3.0597,4.15456,2.02339,4.9238,3.23896,4.63867
3.20819,4.44676,5.01941,4.34882,3.12517,5.41551,3.16891,4.7592,3.98492,4.08377
4.07122,3.49466,4.26894,4.38946,5.52622,4.00416,5.10066,2.86272,5.33252,3.09913
3.00545,3.547,4.89465,3.42426,4.08175,3.64833,3.61583,3.06576,5.35282,3.86847
2.15294,3.37648,6.39779,4.1874,4.55983,4.0188,4.34487,3.60611,4.10742,4.62289
3.81303,4.54383,3.60428,3.75583,4.43316,4.49259,5.22035,3.56339,4.098,3.06936
5.02802,4.86656,2.78475,3.23518,4.77867,2.84061,3.65029,4.17193,4.13758,3.82261
4.75277,2.04864,4.23912,5.56329,3.29628,4.0646,4.08761,4.38577,5.68602,4.21822
4.54857,4.37619,2.87777,4.36173,5.28053,4.98467,3.76332,3.78463,4.79842,5.23112
3.69185,4.45553,3.93321,4.6104,4.29766,4.30031,3.01196,3.42465,2.45583,4.71053
2.44614,4.65797,2.69439,4.26731,3.66487,4.79473,4.74845,3.89917,3.57984,4.10758
4.33922,4.38411,3.07947,3.87159,3.68665,3.93516,4.19761,4.37915,4.64513,6.34077
2.80077,3.7021,2.6901,4.39707,4.22021,4.28792,2.6065,4.68515,3.21733,3.97024
4.33123,6.17945,2.74885,3.76758,2.5894,4.23196,3.00055,4.08873,3.83713,3.57247
4.51831,4.78319,4.53023,3.01803,2.81315,4.08443,2.05978,3.99376,2.65723,5.9473
3.94494,2.85154,2.91425,2.57189,3.37415,4.17555,5.49979,4.43118,4.44517,4.14312
3.87361,3.58366,4.18944,4.76957,4.39913,4.20831,3.1416,4.56871,4.28726,3.20278
6.33137,3.79815,4.75287,2.66114,3.63961,4.04695,3.77366,3.81542,1.9646,3.13413
5.06996,5.66217,3.5108,3.73144,3.84179,3.11332,3.08072,3.31402,2.23148,4.90309
3.51884,2.77425,6.18491,1.80482,5.63953,3.6246,1.97615,5.42332,4.99703,4.08591
4.09672,2.46479,5.39087,5.68477,3.24699,3.5212,5.49204,3.05044,4.34393,2.92243
3.90219,4.46624,4.52103,5.20318,3.81204,5.33175,4.55598,2.3925,4.53938,3.62425
3.71779,5.23938,5.50482,3.42307,3.14377,3.92684,3.25679,2.48173,3.95421,4.57263
3.34639,4.21524,4.63978,3.46758,2.92692,4.948,3.82917,3.78283,3.20233,2.79826
1.90723,3.87095,5.45065,4.31196,5.05358,2.98996,3.98286,3.54431,4.37293,4.86656
5.9621,4.39675,4.25886,3.05005,5.90576,2.71869,3.5495,3.49291,4.80637,4.80589
2.82865,3.22171,3.03877,4.03416,4.13827,2.84013,4.23221,4.35861,3.92512,4.675
3.55106,5.04735,3.94265,4.18495,4.32701,2.99667,3.83654,3.18498,3.31919,6.7268
4.27352,5.53627,4.59314,3.02175,1.87219,4.90407,4.82213,3.11722,3.67233,4.47327
4.16306,5.00158,4.20527,2.54621,4.67186,4.07238,5.59367,3.48783,3.02593,3.91874
6.03941,4.39902,6.04199,6.10903,5.10897,3.57692,3.69701,4.07295,2.79607,2.41865
1.80703,1.81592,3.18595,6.3967,4.55532,2.32969,4.63155,3.39694,3.01872,4.58479
4.32548,4.95677,4.59015,3.54904,1.58331,5.87966,4.53783,4.91419,4.72377,1.68193
5.49923,4.09384,4.74443,5.01633,2.42353,4.01576,4.43173,2.9574,3.71947,4.90466
4.31232,3.79662,4.63137,4.499,3.3847,3.86137,4.72767,3.22672,5.01331,2.45619
2.88579,2.53767,3.19066,3.54533,4.47777,4.10522,3.3542,4.36906,4.6791,4.85143
3.57603,4.68855,4.87423,4.80385,2.56873,3.31806,4.15383,2.50417,4.46316,5.38989
2.89173,4.5011,5.01956,2.32644,3.02545,3.68093,3.51068,3.42603,4.92969,3.3454
6.16921,1.93849,3.10623,5.10265,3.50372,4.86728,4.96213,3.96583,3.31412,4.56026
4.09076,2.42546,2.40387,3.5613,4.8091,6.93013,3.3591,3.77852,3.0149,4.05179
3.81248,4.18156,3.50475,3.71104,3.45001,2.15107,3.17399,1.88887,4.43639,3.88538
3.05006,5.18727,3.30479,5.8964,4.3168,2.72876,5.47194,3.57569,3.61259,5.14906
4.25477,2.57687,4.15571,3.97952,3.47577,3.52549,3.70081,3.87427,3.11314,4.72803
2.83993,2.82556,4.5441,5.06179,4.55436,3.56803,2.90446,3.46947,3.32327,5.13578
3.79393,5.08338,3.38594,4.03731,4.14328,4.27262,2.22787,3.81801,6.85459,3.83757
5.03215,2.80268,5.49134,3.60778,4.33049,2.15463,6.28023,4.42047,4.6426,2.94699
4.46653,3.67373,4.74852,3.89247,4.5319,4.02976,4.24052,4.01742,3.33178,4.98602
3.40081,4.66566,3.62464,3.58294,4.84122,5.19409,3.38695,2.57149,2.38958,2.85138
2.88235,2.88067,4.49717,5.11639,3.53582,5.24989,4.02136,4.37622,4.43453,5.04185
5.34956,6.19142,5.30415,3.52604,2.76884,4.50268,4.80263,2.8567,5.39117,3.95799
4.45169,4.13578,2.64502,3.7783,4.84076,3.23735,4.79574,6.26856,2.15294,5.2801
4.65975,4.3226,4.40628,4.96719,4.13876,3.19935,4.75649,5.3822,3.20924,5.79313
5.13177,4.17176,5.33007,3.47712,3.45873,3.6137,3.52079,5.09967,3.98151,2.66994
4.61978,1.31555,2.32645,3.46023,2.21858,5.10734,3.77598,3.42109,4.51266,3.7533
3.22012,2.91678,4.7354,4.09368,5.54626,5.33506,5.24551,2.47116,3.35457,4.10776
5.17793,3.92529,2.60901,4.50884,3.4539,2.88171,2.80847,5.68821,3.32163,4.11553
3.33742,3.42717,2.96728,3.44747,2.67929,4.844,4.24653,3.97821,2.89742,3.23742
3.79323,4.24483,4.20919,4.76125,3.1724,2.94829,4.593,3.40108,5.70045,3.25424
4.40049,3.68176,5.00789,4.35262,4.30433,2.00678,3.23063,4.49156,2.00312,2.60677
3.30404,3.4197,3.62984,3.54872,3.75169,2.99162,3.50537,3.93848,2.07485,3.17005
4.00484,3.66806,5.03297,2.56109,5.41619,5.04933,3.27623,5.21192,5.317,3.69605
4.42677,5.5965,4.19499,4.395,5.19891,3.67938,2.726,3.92316,3.5047,3.36252
2.86502,6.61819,3.40144,4.26531,2.73742,3.71226,5.13616,4.56973,4.09597,3.03258
3.48538,3.82125,2.40438,4.3616,4.13052,5.77442,4.32791,3.94768,4.71427,2.9018
3.94822,2.42651,2.35112,3.88702,4.92624,4.16885,5.62125,4.16266,4.69914,3.26568
3.02058,3.35042,3.08776,2.54038,3.58587,3.96716,4.34601,3.00614,4.2865,4.51953
4.0838,2.87825,2.37218,4.35043,3.87475,5.46847,3.1099,4.00667,3.639,5.26721
4.88991,2.70308,4.33526,5.50041,5.17043,3.24692,4.68235,4.36077,4.01434,4.09764
3.68216,4.50446,5.20863,3.37157,3.92094,4.62794,2.7876,4.06113,5.4307,3.20789
3.38851,5.60357,5.23359,4.32709,2.67351,4.13998,2.21815,2.98551,3.67143,3.26607
4.0279,4.12766,3.08781,4.03886,3.53114,2.7539,4.40924,0.685397,4.1649,5.0975
2.06262,3.4146,1.01605,4.26587,5.14634,4.91116,3.13408,4.4749,5.78186,5.10706
4.93202,4.09434,3.44477,6.68165,4.80912,3.93036,4.08492,3.0321,4.91103,1.58449
3.03307,3.54165,4.72537,4.33597,4.00111,3.34539,4.11525,3.49047,3.93213,3.61701
4.14633,4.51836,2.58418,4.36107,4.75909,3.40965,4.45326,4.89986,4.27821,4.44736
3.80688,4.36934,2.28571,3.40604,3.69847,2.95325,4.91089,4.06418,4.41943,4.96461
3.74297,2.79781,2.89265,3.98328,3.17412,3.38914,2.26534,2.43755,2.77963,2.28899
3.56854,4.52437,5.14055,6.50641,3.86369,3.26708,3.42726,6.0575,5.32514,3.62396
5.50554,4.64589,2.66873,3.12862,5.01048,3.72059,4.6523,4.15558,3.70544,4.13602
4.42715,5.04207,4.42743,5.02236,2.99626,3.72688,3.01729,4.01904,4.10574,4.87712
3.65719,3.01203,3.00865,4.56632,4.69447,4.54825,5.93645,3.43957,3.98913,3.38574
1.04979,3.47863,4.34188,5.50829,4.86769,4.49509,4.97934,4.31612,3.83333,4.67236
4.4961,3.58661,3.20346,2.77885,3.23734,4.95323,3.24139,3.27105,4.95932,5.0249
5.47238,4.49648,4.34134,3.9877,2.71314,4.08695,5.18681,4.39201,3.73588,3.51956
3.87333,5.08325,6.92947,4.29359,3.69982,3.50698,3.50056,2.26394,4.58278,4.06851
3.40508,4.63578,4.15132,3.66288,3.66914,3.51735,3.70103,3.47205,3.01391,4.64704
3.6429,3.97462,4.39564,5.12376,2.92242,4.79101,3.85673,2.37841,4.48333,3.8387
5.11465,1.11622,3.03255,4.03974,1.03126,5.63775,4.38597,3.51297,6.30227,3.53152
4.75643,4.82383,4.85603,5.80501,4.54826,3.34365,3.0827,4.09845,3.02613,6.48227
3.25895,3.4089,3.74855,4.517,4.33704,4.3958,3.26818,6.21248,4.7792,3.60476
4.37457,5.57218,3.86398,5.12562,5.47891,4.51956,3.48811,5.00886,4.38192,5.44509
4.53997,3.64111,2.67655,4.21124,2.98455,3.10437,4.52379,4.02863,4.50176,5.14589
4.91666,5.66818,4.03192,1.8697,2.94012,3.61605,3.8654,4.77883,4.59933,4.43783
2.77469,3.88398,5.03483,3.58507,3.9433,4.70249,4.65886,3.9576,3.28082,3.15476
2.99924,3.39354,5.11391,3.41703,4.38563,1.9341,3.8134,3.90805,5.29781,4.62635
3.72476,3.78828,2.49593,3.51926,3.35848,3.29332,5.14941,3.81031,4.57206,2.94918
4.83736,4.11518,5.35349,5.71651,3.28663,5.22172,3.5206,4.29215,3.47998,3.53235
3.74573,3.48904,4.20548,4.42918,3.62558,3.92201,3.13279,3.04848,4.49683,2.87312
4.87992,3.33483,4.84125,4.39721,3.75179,4.83723,6.08713,4.32014,4.03058,3.90118
4.21592,4.90603,3.06723,4.48208,4.41433,2.82745,5.17485,3.14252,5.01977,4.46168
4.64983,3.32994,3.46391,3.53826,4.70891,5.01965,2.72554,3.74044,4.4291,3.45369
4.43513,5.54834,3.49347,3.51555,4.2063,3.49713,4.74823,2.8541,3.77063,2.23531
4.74347,3.14044,6.27997,3.64862,3.75179,4.53939,2.95862,3.65646,1.98439,3.73887
3.47178,2.72043,3.58366,4.83376,4.32437,4.88647,4.27294,3.90358,2.4002,4.14246
4.19079,4.89319,4.66398,5.59037,3.93266,4.3406,3.6103,5.84986,2.76802,3.87348
3.85256,4.05237,4.61574,4.49569,3.44918,4.92984,5.45723,5.52299,3.74157,5.19009
5.42076,5.11736,5.16527,2.28026,4.09313,3.65096,4.16575,5.30481,4.44477,2.0439
2.97744,3.87031,5.3478,4.94479,2.89234,3.68851,2.52408,3.97999,1.9949,3.62172
3.79797,2.72366,2.36715,3.26678,4.68972,4.4338,4.84197,4.43109,4.41124,6.5665
3.64835,3.89113,5.22159,4.9608,5.60646,3.61749,5.04292,6.13316,3.07001,4.51115
5.3538,5.45024,3.22207,3.62901,5.73597,3.89323,4.22192,7.1418,4.68015,3.2753
2.36846,3.46988,4.62713,4.57808,4.24021,3.12927,3.84521,3.43212,4.65556,2.96109
4.9172,2.33623,3.53016,3.86825,4.59296,4.55182,4.84283,3.58021,3.48732,3.04929
2.99543,4.13656,3.57943,2.66046,4.3367,2.74508,5.71423,3.81,2.82129,5.50647
3.50931,3.64231,5.51446,4.64192,3.47832,3.53267,4.66535,4.57785,3.50937,4.73275
4.19836,5.37096,2.24707,2.94743,4.80046,4.8377,2.24565,4.27478,4.63564,2.21946
3.95369,4.41686,2.8656,2.44585,4.62823,4.71317,4.26812,2.95847,4.78657,4.85838
5.12923,5.35845,2.77175,2.66649,3.88341,4.48713,4.45078,3.34486,4.43518,4.81583
4.60117,4.93082,4.76079,3.21888,3.19873,3.77227,3.8056,3.58029,4.90163,4.91168
3.36016,5.22733,3.64871,2.94408,2.6907,2.78634,3.50631,3.45748,2.65251,3.90272
4.47575,3.31743,3.64721,4.22931,3.26218,2.7047,4.54426,3.78859,4.84558,4.29272
2.71609,3.20232,4.03562,1.05128,5.25799,5.16113,4.66004,2.81319,3.31829,4.4918
2.37361,2.82642,3.89362,3.05608,2.54779,3.32794,5.0726,4.39105,4.11532,3.40656
2.79018,4.27029,3.14951,5.25038,3.8865,4.71067,5.87899,3.86252,4.39457,3.71053
3.50467,4.71235,4.36275,3.26538,4.31602,3.45627,4.00219,3.54749,5.86336,4.40257
4.50748,4.35794,3.87782,5.04268,5.50805,5.58823,3.85674,4.7512,5.4,3.70836
2.47195,3.74768,5.84832,1.80642,5.10877,4.24734,2.98037,4.99387,4.77121,4.08585
4.34375,6.18942,3.52882,4.99953,4.39143,2.43113,4.78051,2.93275,4.66259,3.86276
3.78369,4.42664,1.00776,6.09121,3.51278,3.96496,3.83409,3.5321,3.63457,4.70466
3.17761,4.85127,3.94242,5.1411,2.38548,4.32573,4.04265,3.86712,3.1828,3.18639
4.61292,3.3981,3.53762,2.3384,3.01911,1.33752,3.23468,5.62669,5.84437,2.25671
4.12376,3.72416,3.70263,4.51718,2.18322,2.63309,5.34301,4.43775,3.96828,4.49266
3.34501,1.32323,4.36648,3.6342,3.25182,4.76977,4.9825,3.68722,4.32035,5.3673
4.315,4.2032,2.89876,3.11708,4.25527,4.91284,5.96758,3.13528,3.88923,4.78002
3.94914,4.59114,3.27706,5.01475,3.54106,5.18635,3.48025,3.10914,4.53745,4.21324
3.775,2.96244,1.97479,3.92774,5.22881,2.87157,4.17836,3.55688,4.35819,3.58192
4.66323,3.04348,3.0281,2.02647,5.01107,4.62073,3.7063,3.99997,4.053,3.16019
2.70199,4.18998,5.76144,3.4931,4.82028,4.28593,4.37714,6.32263,3.03286,4.51657
4.07053,4.05622,4.3512,1.81508,4.07304,4.15716,5.43104,3.53473,3.36036,2.83156
4.30645,3.08217,5.30974,2.22536,3.57208,5.04587,4.71305,4.61451,5.77077,2.10058
4.45444,5.94433,5.81158,4.70909,5.32116,4.36896,1.94999,3.62618,4.88376,3.63784
3.79566,3.3319,3.29814,3.24841,2.91799,4.09616,2.77791,4.52928,3.41901,5.02985
6.7339,4.19744,4.36102,3.99596,2.66287,4.91831,4.36965,4.4726,3.94692,2.45556
3.37689,4.97012,4.24953,5.00357,4.81408,3.43868,3.86939,3.77246,6.65074,3.51764
2.74977,3.27906,3.63916,3.9335,2.32141,6.3412,5.03289,4.05604,4.18713,3.65573
3.15623,3.17665,5.40103,4.59579,4.04173,4.25079,3.15035,3.96126,3.60534,4.09612
4.94916,2.88239,5.17631,4.52192,2.65389,2.74764,4.77683,4.60753,4.75601,5.52791
5.28725,2.58778,2.14336,4.33189,4.95055,3.96782,2.99639,3.15801,4.22279,4.70792
5.585,2.90802,2.05034,4.14835,5.81477,4.16911,5.65118,2.66218,2.31693,4.63003
3.98646,4.14272,4.2312,2.45558,2.51613,3.39308,3.27476,5.10023,2.73886,3.41236
3.72288,5.75537,1.33315,4.08613,3.40678,5.11534,4.76465,3.94153,3.63404,3.47186
4.00692,4.38143,5.40463,4.11552,3.92016,4.44011,4.07862,3.58891,3.6797,4.30316
6.19636,2.54155,3.32408,4.37825,2.89167,3.08444,2.73054,5.13378,4.96612,2.80884
4.84848,2.79801,4.13388,2.66649,2.5792,2.74541,4.62641,4.13091,2.96541,5.14838
3.99421,3.30386,3.00565,3.52831,5.19607,2.69174,4.20507,4.43827,3.72936,3.80137
3.14519,4.00295,1.8423,4.3215,3.57483,4.46316,3.41454,3.73667,4.01393,4.26611
4.21463,4.56249,4.09253,2.57739,4.36479,4.28279,4.23246,3.9982,3.91143,3.95921
4.02007,6.11499,3.02845,4.28527,2.41173,3.74711,2.62069,2.30205,3.58949,3.48831
3.03173,4.22759,1.98515,3.63603,5.05423,3.52118,5.05116,4.4887,3.71318,4.7514
1.88888,2.97088,4.51362,3.44266,4.4128,4.00594,4.20092,4.3662,3.40752,3.461
4.38249,2.62052,1.68771,4.25114,3.72906,3.46062,5.26691,2.68296,4.57156,5.19008
4.34921,5.22344,4.54489,4.31801,4.32224,4.8668,2.01617,4.25653,4.91461,3.04068
2.90605,3.07881,5.19549,4.56747,2.26452,5.20256,4.82577,0.921207,3.46255,4.94479
4.57485,4.30587,3.24202,4.78158,2.59072,3.66662,2.73548,2.19668,4.24443,3.71417
4.6845,3.5663,3.51846,3.46023,4.51073,2.68405,2.79328,3.29332,2.83067,2.38226
3.29048,4.64621,2.31067,4.46745,3.62398,1.87883,2.73756,4.1026,4.26532,3.73731
1.54476,4.72382,3.86769,3.68673,4.44747,4.66418,4.96408,4.99673,3.54508,4.2785
3.45114,2.53623,4.54623,3.84427,2.33533,3.76951,3.96748,3.36545,4.57746,4.44792
1.7069,3.54329,4.95229,4.09397,4.06066,1.80998,3.94408,4.19448,4.56003,6.14999
3.96471,5.77115,3.42768,4.45041,3.51758,4.42456,3.26133,2.16795,4.6359,3.74606
3.82482,3.27404,5.85063,5.02166,4.48843,6.06145,4.60431,5.01584,3.67332,4.30493
5.01005,4.4918,3.89538,4.38122,4.77739,3.91091,5.45796,4.66971,2.23585,4.94938
4.39171,3.50475,4.42413,5.77781,4.16601,4.65614,4.26714,5.58981,7.00764,3.3983
5.30052,3.34015,4.74737,3.49705,2.26455,4.99363,2.94494,3.16375,3.16581,4.1295
4.80104,3.37379,5.35992,3.87035,3.48852,4.09171,5.01716,4.11948,4.85724,3.76857
4.7365,2.22506,4.01125,4.53986,3.50846,4.25325,3.84065,3.35654,5.11298,3.60797
3.5955,5.75897,2.82423,4.31246,4.1519,3.29395,3.99198,4.39255,2.98269,2.16049
4.89902,5.09375,3.36681,3.43595,3.38807,3.73098,2.66738,3.48702,4.29915,2.74586
4.64091,4.1067,5.05585,3.85431,4.17516,3.9777,2.52953,2.29995,2.37994,4.46847
3.71654,4.69919,4.71181,4.63773,3.16433,3.74776,4.66461,2.2299,2.82631,4.29146
4.35634,4.38694,4.06238,3.48683,3.17022,3.69008,6.07924,4.0999,3.37889,4.23379
3.34171,3.67168,3.90434,3.04436,4.07272,3.07519,4.54829,3.34773,4.09224,4.88302
4.09411,4.01341,3.56692,3.41849,3.0914,4.01298,3.71801,4.11822,4.32574,1.72122
4.60741,4.97383,4.22294,6.69765,4.46672,3.93013,4.36196,3.78592,3.94512,5.11359
2.61536,4.14668,4.188,2.59354,3.50164,5.45328,4.29295,3.82123,6.24635,3.05516
3.40993,4.91081,3.72279,5.44287,4.30671,5.81928,2.56209,4.0217,3.50308,4.86025
2.4483,2.96297,2.08883,4.02387,5.37819,4.44449,2.46746,3.93397,4.63239,4.61128
3.2557,3.53056,5.54568,4.3405,4.92558,4.44149,5.24597,3.64501,4.44978,4.02129
3.07132,5.71625,4.86992,3.50868,5.01985,4.00651,2.24455,3.86602,3.3988,4.40059
3.97851,2.46526,3.78162,4.9991,2.42026,3.67657,4.67161,4.86586,4.99151,4.09692
2.23388,4.39272,3.33284,5.23598,3.43555,5.53656,5.66732,3.45477,5.68608,4.6569
4.3053,4.26167,2.48061,3.91241,4.07974,5.94434,4.12127,4.32224,5.7209,4.58159
4.25501,4.34564,4.26042,5.19969,4.52955,4.10224,4.21415,3.85509,4.22131,2.79534
3.68219,4.78292,4.01586,4.558,4.85027,4.73411,3.7204,3.05868,1.65895,4.17981
3.74524,3.66123,4.07583,4.88113,3.00327,2.9286,3.11347,5.29062,3.16551,3.48833
3.19321,2.82732,4.25502,4.45936,2.93088,3.17034,3.64531,3.65819,4.28194,4.35604
2.36799,4.72488,3.28915,3.10111,4.29623,4.98035,5.11317,4.74133,4.44963,2.64966
2.48133,4.07702,3.36184,4.62989,4.073,3.28352,4.83013,4.60722,4.23048,3.94919
3.97564,4.57313,2.59853,4.08338,4.56266,5.48253,4.33029,3.94309,3.05617,3.62948
5.19201,3.58471,2.96027,4.78385,5.11394,4.07061,4.23655,3.53402,5.78636,4.37163
3.29802,3.28518,2.85133,5.18448,4.95181,4.08915,3.03855,4.85083,3.21862,3.9115
3.92446,4.13055,4.5575,4.2867,4.48591,6.37627,1.432,6.22997,4.97089,3.8524
5.27677,3.25848,5.02492,4.22772,4.04499,4.97002,4.85683,5.28084,2.28596,4.54729
4.50763,4.73853,3.66347,3.1876,3.39238,3.43975,3.80619,4.75901,5.08824,2.6308
3.48946,5.65438,2.2161,3.72385,3.4839,3.84216,3.53453,6.41271,5.48965,3.36434
3.99482,3.01761,3.95735,4.27813,2.82852,3.10155,2.61118,3.10959,3.88399,2.92904
3.67936,5.29416,5.002,2.36228,4.23533,2.17923,4.6578,1.88049,2.39475,4.16431
2.6063,3.92224,4.64098,4.29087,3.28797,4.66295,1.99864,5.90203,4.64806,3.57764
3.48987,3.42979,3.91985,3.0891,2.98582,5.20392,6.70538,3.40889,2.83296,3.85902
5.26988,4.64687,2.63494,2.10092,3.59373,4.97113,3.20923,4.87435,2.93623,3.47006
3.2159,5.10637,4.1372,2.96777,2.85241,6.13069,3.65956,3.97259,4.83091,3.82224
3.75399,4.13401,4.69276,2.84779,3.91752,5.83907,3.26117,5.58041,3.22025,4.96944
4.0425,6.89275,2.2973,3.30045,2.88105,3.48612,4.6153,4.60032,3.15389,5.39673
3.20702,3.57464,5.9617,5.761,2.1767,3.15423,3.35261,4.95221,4.26302,5.44049
4.77354,3.95902,2.40362,2.6492,3.85165,4.04139,2.70467,5.90143,3.31238,5.67505
5.44119,2.06145,4.84465,5.44871,3.72696,4.14795,3.24854,2.68513,2.70787,3.41939
2.11119,5.18459,3.46036,4.24185,6.31896,3.46906,5.12196,4.56252,4.14214,3.33142
4.08794,3.61152,2.90132,2.83073,3.05979,3.71294,4.56259,3.10701,3.02593,4.38648
2.49212,3.28044,5.14197,4.91561,3.67118,3.82074,3.98108,4.44242,6.14743,4.27361
2.99622,4.91158,1.95539,3.83163,3.59278,3.4442,4.70391,2.63865,4.49522,4.62172
4.49153,4.30641,4.42929,2.94566,3.25937,2.74599,4.65664,3.83747,4.69737,5.54576
3.88014,3.98993,4.36409,3.60637,3.97482,3.22741,4.77578,3.20194,4.02908,4.26815
2.96566,3.97936,5.28218,4.02642,2.2466,2.73766,5.74997,5.29905,4.10943,5.61106
5.39723,5.56501,4.50085,4.09547,3.65721,3.77397,3.18234,4.14241,3.5692,4.14563
5.28675,2.74046,4.41789,2.65098,5.08541,4.12671,3.07286,2.07007,4.18034,5.58722
6.66959,3.61884,3.82016,5.09204,3.62008,5.75643,3.64417,4.57436,4.89511,3.71809
4.64792,3.87718,3.85596,3.16489,5.81886,4.3409,4.59986,3.84236,3.83858,3.51072
5.12226,4.5284,5.2347,3.97156,3.5472,1.43359,3.62158,3.58649,3.31152,3.93326
4.29672,4.72296,4.55818,3.32708,3.7806,4.10775,4.76718,4.20517,4.07125,2.33191
4.96067,3.46208,3.84713,5.05668,4.47001,3.09148,4.14302,4.1654,4.50351,4.28598
3.69966,5.55356,2.70282,5.91449,2.35385,4.7456,3.92856,2.88729,5.98491,4.52039
3.91521,1.83644,5.3698,2.6663,3.86485,2.43546,3.93737,3.7743,5.09349,3.04698
5.06384,4.0525,3.14928,1.61855,2.21728,2.99039,4.26084,3.34739,4.98002,4.6512
5.82312,5.01697,3.71777,3.78997,3.10922,3.67889,4.25452,3.67595,2.46544,6.67477
4.69758,4.61271,3.66723,3.95586,2.70596,3.84167,4.94095,4.38411,4.38058,4.87219
6.14299,4.69866,5.17364,2.34125,5.89146,4.01693,2.96101,4.54162,3.1073,2.78281
3.13201,1.8977,3.75653,4.72904,5.41032,5.44515,4.81814,2.20666,3.86405,3.14304
3.6806,3.31926,5.1196,2.14695,3.73836,2.6019,3.75389,3.01403,3.5491,4.14731
2.49564,5.53637,3.33725,4.0551,4.26597,5.00173,3.62101,4.9665,3.82552,5.23148
3.05638,5.49454,2.81927,4.07477,3.70094,4.27394,4.47193,4.02967,3.88045,2.91223
2.95381,3.44769,5.76178,2.70879,4.96928,4.29974,2.86384,3.21988,4.09793,3.41982
4.87738,4.45533,4.02489,1.25728,3.65472,3.49305,2.97943,2.45673,4.88037,3.7701
5.59325,3.60864,3.6214,3.91978,4.16492,3.29718,4.60667,3.83954,3.65279,3.73911
2.75041,4.12106,3.7932,4.43147,4.58381,4.84071,5.44153,3.10723,4.95552,2.54902
5.09561,4.14622,5.24176,1.5865,1.28462,5.72821,4.07769,5.05087,4.95211,3.80935
3.46704,3.35192,3.46529,4.55895,3.11882,3.97492,5.07919,3.48483,3.60149,3.76429
4.49878,2.23151,5.13338,3.93197,4.90518,3.82845,5.30735,5.07629,3.52242,2.55534
4.20961,4.74903,4.83169,3.25591,2.35659,2.6121,2.93669,3.30952,4.52813,5.30755
4.15527,6.39317,3.82888,3.741,3.5278,1.99423,4.53139,3.82693,5.80043,5.30244
3.6368,3.5872,3.44064,5.4541,5.72488,2.84588,4.91757,3.88452,4.56607,4.81313
4.38649,2.69601,3.4204,5.25915,5.54847,4.56217,4.22281,1.98551,4.18852,2.17546
4.96404,4.31391,2.58752,4.17119,2.42644,4.98793,2.6882,3.37829,3.8416,5.12816
4.14,3.70816,4.28499,3.95723,4.25779,4.60276,3.0372,4.0859,3.12659,3.71973
4.71098,5.09608,3.42269,3.25561,6.25675,4.45715,4.5102,2.60372,3.58462,4.535
5.21149,4.11145,2.86213,3.30136,1.59708,2.94314,4.16033,4.27412,3.91514,3.61918
4.96816,2.14716,2.86026,3.69419,3.06494,3.47806,6.08164,1.92704,4.47637,4.0815
3.76783,3.58759,6.66305,3.28231,3.30791,3.68993,3.80441,5.27772,3.78237,3.33333
3.70571,4.78959,5.22672,4.26203,3.6667,2.44491,2.7981,5.44235,4.6449,3.45672
4.81784,4.70151,3.46277,5.29943,2.85248,3.7891,4.91683,5.17558,3.09576,4.36142
2.08061,1.7895,2.7302,4.72861,2.57,4.87797,4.49034,5.30782,3.59417,3.86939
3.59494,3.17707,5.01497,3.54616,5.36813,4.61515,3.73116,3.43303,3.43136,4.23595
3.01043,4.82556,2.74867,5.07167,6.14694,3.74779,3.71563,4.84736,4.85302,3.9551
4.58113,4.44906,4.99296,4.70236,3.44864,5.7166,3.84782,3.9932,5.9264,3.50983
2.60365,3.28692,4.21134,4.2003,4.01714,4.54756,2.96509,4.07361,5.82038,4.19998
3.25304,2.88909,5.46995,5.15336,2.88349,5.3184,3.80991,3.36597,4.58214,4.83683
3.1154,3.64425,3.86946,5.11231,4.60668,4.47481,4.13116,5.50248,3.73256,3.47764
2.19727,2.67202,2.86694,4.56487,5.37107,3.74068,4.07165,2.77388,5.89961,5.56322
3.34134,2.46496,2.80858,4.41912,4.86336,4.10337,2.54422,2.98068,4.21924,3.72279
3.22881,4.16783,4.18105,3.01514,3.57517,4.12932,5.44255,4.0015,5.30518,3.48064
4.94253,4.08655,3.90013,3.26487,3.87145,4.46377,3.10194,4.64896,2.98677,4.45568
3.0253,4.10725,3.77722,3.38622,3.68096,3.89772,4.789,1.3115,4.5942,2.23848
4.19721,2.70466,4.11881,4.2894,6.3183,4.92109,4.9694,3.95255,5.24643,4.73798
6.6156,3.2095,4.94176,5.82659,4.93906,3.92614,2.98246,2.9502,4.04318,4.68635
4.73292,3.69826,5.91249,4.73631,5.41041,4.12077,3.51652,3.92293,2.98175,5.7438
4.55187,3.16234,2.92,4.86374,5.04923,3.5259,2.4685,3.87592,4.78208,3.78159
4.9862,2.92917,3.92488,3.87408,3.96974,3.28921,4.03125,3.65522,3.73126,4.67342
3.46866,4.41886,3.70083,4.30589,2.54036,3.19294,2.86626,4.72967,3.92817,3.84154
4.26597,3.24762,5.17643,3.57485,4.48984,4.2512,4.36649,3.65319,3.87402,4.60399
4.06571,2.5461,4.74345,4.21486,4.23187,5.42781,5.04823,5.08402,1.75285,5.24373
2.90927,3.73741,5.29305,3.09842,4.01421,5.61334,3.51651,3.4957,5.05079,3.94183
4.38783,4.84932,3.7575,4.15025,4.90611,4.49572,4.07802,5.62342,3.50561,5.4668
1.95378,3.7249,4.13992,4.62391,3.44823,4.15772,2.81752,1.83992,5.38026,5.30422
5.58845,5.11943,3.86624,4.02152,6.64691,2.74611,4.7165,5.17368,3.1271,3.83175
3.02608,5.49743,2.91059,2.92115,3.32751,3.72401,3.94422,5.13894,3.53544,3.80562
5.30864,4.92098,4.69091,4.94063,4.66118,4.11078,3.31346,5.74223,2.85148,3.60103
3.03197,2.19946,3.53808,2.86059,5.04336,3.1962,5.6538,4.93311,2.98108,4.52881
3.14352,2.96163,3.92262,4.25113,4.81449,5.4994,4.90777,2.93261,2.97985,4.49372
5.33728,4.24709,3.85782,4.41134,3.57821,4.35075,3.0774,3.94708,1.85425,2.31752
4.99159,2.81526,4.37096,2.734,2.48589,4.30329,4.77519,4.73093,4.10334,4.76508
4.1185,2.79799,5.16747,4.02864,4.50203,2.88296,3.44086,6.26553,4.09214,3.25934
4.73767,2.56386,3.45997,2.70606,2.89571,4.95466,3.58107,4.09493,1.66782,3.10387
3.43332,1.4911,4.35275,4.94154,3.43359,3.69806,3.91918,4.45741,4.3608,3.29839
2.56939,5.03548,3.54537,2.53695,4.42671,5.20283,2.34265,4.45091,4.15922,4.12067
4.02995,2.97239,3.70479,3.23203,4.03553,2.2178,3.9414,4.60862,4.40236,5.12227
4.85581,3.54698,4.18753,3.64544,4.49554,3.70197,4.37594,3.61548,4.05385,4.42353
5.37023,4.56111,3.95418,5.57866,4.38407,3.56825,3.51613,3.68622,1.93287,5.34086
4.19567,3.90027,4.25026,6.83025,5.19102,3.20603,4.72027,4.22857,3.08902,2.31367
4.74286,3.7487,4.56996,4.42436,2.51909,4.02901,3.33059,3.23303,4.09141,3.43271
4.57293,4.76112,3.67151,6.23894,3.73707,4.60082,2.40759,4.47326,3.24125,3.44359
2.17645,4.81464,4.31587,4.39361,3.61811,4.25064,2.46883,4.17154,4.22857,4.26255
2.18851,4.46697,3.67574,5.12925,5.26201,3.29143,2.07067,4.34101,5.11992,4.12232
2.40276,4.81605,3.10814,4.72214,2.92088,5.06597,2.39296,1.70322,3.27971,3.70168
4.85025,4.13046,2.91992,3.24233,4.21869,4.65062,5.90267,4.37601,2.82814,2.98778
3.8869,4.67564,7.47518,4.40371,5.15817,1.83948,1.82888,3.8775,5.41757,4.02203
3.27786,3.72264,4.06717,4.48892,4.48579,4.78309,4.02563,4.09942,4.207,5.76133
5.1655,4.34668,5.65879,5.17024,3.79167,4.6098,3.68723,2.83277,2.02347,2.92677
2.58661,1.97624,3.70427,3.98181,6.33373,3.2006,3.42333,5.78157,3.02235,4.94036
4.77929,4.79444,4.06218,3.29738,3.45573,3.76833,4.27097,5.12891,3.88198,5.41348
3.63365,1.80154,3.51468,2.8213,3.38979,3.67653,2.37644,4.89299,3.21881,4.35206
3.97962,3.77641,3.28429,5.23729,5.15839,3.80979,5.26677,5.20934,3.74044,4.8467
4.12271,5.82505,4.45178,3.34532,3.05174,2.47975,5.69481,2.95316,5.98209,3.49614
4.93599,2.90151,2.5507,3.44481,3.95301,4.14426,5.29731,4.31432,6.05703,2.91411
4.26821,4.59278,4.5154,2.96477,3.57474,3.69226,3.04937,2.45999,5.20189,3.2852
3.88462,4.08167,3.69519,2.41291,2.43582,3.66615,4.53509,4.02229,6.65646,3.97466
3.91765,2.94235,4.82909,3.24639,3.09974,3.26672,3.70406,4.4558,3.32623,3.5227
5.58839,1.62385,4.18937,5.25964,2.7266,3.21464,4.35464,3.77804,4.53955,3.60642
3.41442,4.31629,3.47813,3.86347,2.73531,3.51605,4.46443,2.9391,2.13808,4.94983
4.87101,3.87721,4.26839,3.82467,3.39905,5.37236,6.32428,3.36885,2.33207,2.9174
3.30101,4.92762,3.71341,2.68433,2.85978,4.08241,4.18751,6.19395,1.34023,3.3252
3.192,4.01898,4.54904,4.07392,2.21263,2.92736,5.6112,2.19628,3.67818,4.56467
5.59581,3.81184,2.74011,2.87359,5.06333,4.74081,2.66718,5.0116,4.16366,4.38181
2.49141,5.41822,4.06778,5.74071,2.01954,5.52572,4.5362,3.35349,4.35096,4.06129
4.6585,3.9624,4.56411,2.71432,2.35162,3.8934,5.45774,2.20648,4.52493,2.91
4.36633,3.65729,3.2779,3.47992,3.9442,3.65492,3.61389,4.69386,2.66903,3.21336
4.39382,5.12916,2.89566,2.09153,5.10715,4.37446,3.9821,1.61739,2.78467,4.26199
4.26883,3.06336,3.13195,2.78819,4.20579,4.10277,4.93884,5.34302,3.50863,3.61864
5.80228,6.26992,4.53956,3.72417,2.73602,4.31412,2.60855,4.69389,5.11784,5.39562
4.11448,4.50678,5.86597,4.21144,1.99138,5.55727,3.71057,4.65721,2.98067,4.02495
3.07488,2.7022,3.89132,2.96055,4.91353,4.39373,5.78233,4.27771,3.87449,4.97237
3.12494,2.93989,4.61895,3.25238,4.21708,5.39162,4.40876,5.95184,4.59141,3.9351
2.87824,3.88945,4.54197,2.91201,4.67175,4.08801,5.82683,4.20081,4.71614,3.34333
3.11358,3.42856,2.47693,2.77012,5.68355,2.97013,3.6739,2.08777,1.51731,4.43014
4.82566,5.63316,4.29366,3.73933,3.31909,3.21784,3.94302,3.50075,4.49253,4.07314
4.90833,3.24794,3.82141,5.63659,3.24659,4.69127,4.35319,3.98056,4.13266,4.11357
4.11901,4.80455,4.10565,3.68657,3.74447,7.20006,1.95152,4.80135,4.29133,6.43271
4.3583,3.403,5.00763,5.14221,5.57549,3.30365,2.99845,4.03694,4.34036,4.47301
3.25509,4.05602,3.13726,3.9044,2.81827,4.18488,4.48974,3.8232,3.37767,3.59655
4.52253,2.39198,4.12385,3.80986,5.1583,2.71959,3.84024,4.54198,2.6203,5.34718
6.35685,5.02852,5.0383,2.91399,2.93651,4.63424,4.20849,4.68974,3.42976,3.19735
3.12584,3.85771,2.92425,1.96078,4.24209,5.81001,3.28499,4.42425,2.88148,5.21538
3.68765,4.32434,2.61162,4.35973,2.55807,2.38256,3.05196,4.76947,3.47275,4.76955
3.24623,3.1943,4.78256,3.92576,1.92061,3.78684,2.22506,4.12153,6.37631,3.68517
2.44762,4.43188,3.40957,5.005,2.68281,4.54211,5.02815,5.65108,2.8595,4.38781
2.20372,4.28176,5.10533,2.57693,3.19694,6.64658,2.7502,4.28346,3.88316,4.81667
3.9785,3.42185,4.1876,3.09834,3.24746,3.25281,2.597,3.97774,3.66912,3.76666
2.97242,2.31001,4.85037,4.26937,5.41876,1.64767,2.27702,3.48115,2.4936,3.10215
3.59289,3.42978,3.90813,3.79646,2.23039,2.43016,4.61176,4.70286,4.82706,3.26257
4.1783,4.91141,4.17014,5.22247,4.73955,2.73888,3.22657,2.41733,3.47117,4.66266
4.22624,3.14522,3.98806,3.43605,3.38189,5.07727,4.25029,2.86461,2.08835,4.34615
4.31541,5.76976,4.12603,2.30685,3.06016,5.14137,3.23165,4.6572,3.62253,2.77554
6.42473,3.13054,5.46964,3.66234,3.64107,5.62909,4.69543,4.34605,5.08477,3.33775
3.55669,4.23048,3.77882,3.67573,2.77617,4.5762,3.65611,3.87127,3.50018,4.02955
5.95403,4.9914,2.17513,3.50158,5.22979,4.55649,3.9126,4.89478,4.00874,3.69029
4.73645,3.27214,2.86121,4.41694,3.88126,2.54699,5.22224,3.22514,5.04648,4.25435
4.35864,4.74572,3.70754,4.23415,5.07092,3.73045,1.51119,3.52187,4.41645,3.8625
4.49022,5.34897,2.23356,4.46543,3.45762,3.4627,5.85932,4.39403,2.07585,3.96866
5.68884,3.82555,3.60022,5.13571,2.91703,3.17958,3.8057,3.72473,3.4648,4.98985
3.58303,4.05072,3.96129,4.90154,3.74666,4.16046,2.95405,4.55637,4.52287,3.80242
5.29221,3.29156,2.9618,4.2334,5.69974,5.19552,4.70352,4.08517,3.99958,4.1139
4.49091,4.7638,5.12894,4.17073,4.42317,4.01397,5.76634,3.4889,5.04736,4.49263
3.67364,4.61264,5.14441,4.09924,2.87941,4.69836,3.60236,3.35947,4.80432,2.68879
4.71954,4.57422,4.88659,3.90937,2.78945,4.67186,3.3067,2.09798,4.8673,5.79915
4.95022,5.57521,3.14715,6.35325,3.98945,2.56368,4.80151,3.68072,2.60193,5.26869
5.50059,4.58933,4.27361,4.21506,5.17912,3.50452,3.77324,5.38229,2.78018,3.09005
2.36426,5.51879,3.16091,4.36936,4.68246,2.70735,4.45535,4.65712,4.85608,4.1839
3.09108,4.02337,2.70994,4.79487,4.30307,2.56495,3.29647,4.53051,4.27553,3.20454
2.60095,3.78305,5.31588,2.43931,3.25461,5.22985,4.46822,3.34781,3.7605,4.83862
5.21595,3.54358,4.53692,3.09649,5.83606,5.13769,3.66967,2.78528,3.37362,4.12158
3.91601,4.18343,3.7204,3.30307,5.83068,4.92933,2.59146,4.53264,3.84228,4.67965
4.26171,2.39719,3.03104,3.86361,3.58826,3.15624,4.39461,3.5941,4.8012,3.17484
1.97389,3.90321,3.16528,4.11509,3.5611,3.1801,4.05172,4.26404,4.64486,4.91295
1.9938,2.60808,4.03914,3.99668,3.15026,5.14642,4.1991,4.4998,5.3874,5.88017
6.50438,2.79274,3.32279,3.63723,3.72324,2.31935,4.67815,4.09521,3.41948,3.18189
4.68304,4.86533,4.44504,5.08339,4.25964,3.50973,3.72175,3.01917,4.68516,4.03413
3.81755,4.67599,4.89065,3.59711,4.99621,3.66547,3.67532,4.66288,5.07359,2.41235
3.11133,3.51708,3.01898,4.48498,3.25383,2.85317,5.26334,2.98142,4.09824,3.81564
3.83237,3.41781,4.37694,5.4196,4.05476,4.14056,3.57376,6.16963,3.77103,3.93087
3.34637,4.17885,4.3596,5.11542,4.5677,4.15373,4.47114,3.92101,2.72478,3.25377
3.1879,4.56344,4.08842,4.22227,4.69513,3.88857,4.16699,4.95726,4.3898,2.65647
4.88946,4.9848,5.36768,5.12953,5.45938,4.39716,4.46337,4.54307,4.64078,3.16826
4.38173,4.27994,4.01229,4.20693,4.90791,5.85174,5.68061,4.2149,3.28703,4.44899
4.53149,3.38233,4.07803,3.52181,5.03877,3.34771,3.61408,3.84245,4.03123,2.81508
