10
2.85722,3.32776,3.82227,3.39456,4.45513,5.13647,3.59654,2.37139,4.4067,3.04542
4.65003,3.70936,4.2136,5.26935,3.83083,2.53109,4.0781,4.90713,3.95823,5.24008
4.21038,4.46607,4.99554,4.57001,4.53871,4.18973,2.45974,5.14645,4.52611,2.76091
2.51563,3.51976,4.60932,1.99032,1.7802,4.36895,4.9014,2.87494,5.07234,6.01645
4.71082,5.11678,4.8412,3.07948,4.41339,2.9182,4.98761,3.13868,5.23891,4.60918
3.58489,3.83653,4.0214,2.88796,5.05452,3.06417,4.18638,2.52889,3.67271,1.79146
3.97376,3.2422,4.81511,3.5862,4.18713,4.72959,4.08009,2.00581,5.16732,2.54542
5.20529,4.25785,3.88362,0.714372,4.15049,4.66977,5.28458,2.50271,4.10849,4.92434
4.28571,4.38828,3.42247,4.39713,2.68381,4.40532,3.40526,2.56676,4.23472,2.56127
5.94071,3.46463,2.24363,4.03906,1.80548,4.16385,5.57164,4.16963,3.63309,5.4078
3.14001,2.64124,2.99302,4.96741,5.21392,3.254,4.22835,4.42167,3.46212,3.03465
2.6054,3.42968,3.80834,5.69215,5.3818,3.58224,4.89651,4.0355,4.33104,3.70368
4.2761,3.84969,3.48508,3.70037,5.5544,3.47516,3.51907,4.44594,3.49211,2.46445
4.01797,2.75677,3.91809,5.03367,1.41229,3.98739,3.19562,4.32596,2.26082,3.73933
4.52515,3.5771,3.91708,4.23999,3.75042,4.15911,2.37389,3.22904,4.41244,5.73286
4.93748,2.32024,5.19432,3.12966,3.67019,3.94829,2.34292,4.40625,4.36174,4.25025
4.62294,5.75284,4.40587,4.88163,1.65642,3.00589,3.40798,2.93864,4.55603,5.15378
3.66227,1.6477,4.42632,3.08242,4.25294,4.51231,4.89409,4.7976,5.51387,4.51431
2.15161,3.76887,4.98314,5.04093,4.5695,2.41921,6.59907,4.13714,2.60182,3.64779
4.35462,3.17924,2.25507,3.92836,5.16982,4.61853,4.64012,5.34459,4.09946,4.18109
4.92014,5.15875,2.55237,4.11434,3.43011,4.68527,4.63341,4.35319,4.32407,5.17946
2.89782,2.58863,3.11334,1.42025,2.78554,2.50587,5.26952,4.3146,4.3045,3.2946
4.46183,5.3532,4.08911,3.69014,5.77986,4.32741,5.30651,3.67399,3.87673,1.93796
3.74494,4.90426,3.91799,5.10979,4.3396,2.18027,1.74697,4.86684,5.82751,3.1142
3.77054,4.30176,3.74109,3.86233,4.5658,2.77137,5.3182,3.53535,4.44063,5.19926
5.69474,3.48971,4.76049,5.86863,4.64673,3.4657,4.50173,5.6782,3.81415,3.75867
2.36492,5.61949,4.56508,4.14825,6.39402,5.42013,3.03385,4.07946,3.38994,2.86691
2.03076,4.62736,3.79453,5.73947,4.64504,4.83194,2.49747,3.77239,2.7519,4.22027
3.99132,2.54725,2.1133,3.64099,4.16197,2.74966,3.21398,5.46841,5.19534,4.97041
5.59301,4.33488,3.62892,4.07896,2.72448,3.18764,4.27381,2.25446,4.76457,3.73952
3.36251,4.03277,4.05104,2.8468,3.7446,3.68698,4.27663,4.65327,3.07407,2.81193
4.90992,4.87735,3.895,4.75456,3.22151,3.87062,4.16682,2.27462,4.89221,5.15665
4.27384,4.76676,3.22517,3.71253,3.47945,2.08033,5.28458,2.94601,2.4457,3.28352
2.83773,3.57446,4.84519,2.64185,3.11563,3.47886,4.1046,4.03739,3.83302,1.97946
3.15264,2.49689,4.68188,4.1625,3.9711,4.91988,4.95174,4.22373,4.19437,3.55246
4.29177,2.85741,4.62507,3.58179,5.61477,4.6814,3.97406,3.80746,4.57962,3.56772
5.21226,4.39583,5.26819,3.66502,2.85103,4.07432,4.13654,1.7001,2.73392,3.21648
2.46522,4.07057,5.58023,5.46939,3.27427,5.72684,1.9529,4.52378,2.13983,3.01412
4.04701,3.86856,3.44938,3.40185,4.89483,4.45049,4.42101,3.11498,4.01614,4.8033
4.24209,3.1729,6.19163,3.73631,4.68919,3.97526,4.47818,5.40984,3.156,4.60576
5.94727,5.70976,4.84388,4.29558,4.78824,4.31698,4.77814,4.82551,5.00433,3.61723
5.2277,4.20479,3.42405,3.80188,3.81085,3.3145,3.52815,4.5412,6.3295,2.78938
4.19175,4.27279,3.90232,4.67744,2.65068,3.02752,5.0695,5.1372,4.47905,3.76128
4.32062,3.83236,4.83155,1.59843,4.00627,3.13283,2.12134,3.57275,5.45616,2.10571
4.45744,4.28371,2.79907,4.54204,3.20586,5.29597,4.30942,1.95949,4.61538,2.09819
3.44328,2.65003,2.85739,5.38434,3.17466,4.16507,4.15021,4.04769,3.48783,2.8748
3.92538,2.58681,5.21305,3.50468,4.02084,3.53362,4.30852,3.79336,4.91999,2.99382
2.77619,4.6709,4.22661,2.75046,4.04769,4.22153,3.6884,5.09282,2.86313,3.93788
3.45247,2.7805,3.47785,4.06968,4.41697,4.90322,5.27355,1.82837,4.90642,4.20894
3.50397,4.30272,4.41931,4.52499,5.27414,4.44341,3.88399,3.18093,4.54938,4.29438
4.00643,3.40572,3.2002,3.18604,3.93066,4.62229,4.40449,2.68169,4.16675,4.3721
4.15324,2.24344,3.07522,4.7898,1.56125,4.01488,4.78562,4.45066,3.93287,5.25509
4.29393,3.04835,4.08281,4.49672,1.4989,3.49527,3.8972,2.86163,3.26573,4.84386
1.98704,3.17143,3.19545,4.26558,4.04071,2.70157,4.54296,5.07525,3.08606,4.32821
3.07918,4.29786,4.67965,4.27375,3.95218,2.90935,4.02606,3.46711,5.20298,4.18839
4.4156,3.65515,4.23613,5.04468,4.30661,5.63983,3.60446,3.39648,4.42278,4.06514
4.20825,2.7682,3.7374,5.28442,2.57017,2.37719,3.66733,3.35977,3.75771,4.15525
3.70928,5.2456,5.91044,4.20695,2.71413,2.83014,3.68599,4.46984,4.06328,2.55024
3.73669,5.63103,4.01696,3.4603,2.46385,4.93326,4.83866,4.32256,4.84915,4.63217
4.43448,5.10664,4.87575,5.24693,3.43362,5.84222,3.38966,4.17473,4.33147,3.84008
5.15716,3.83272,5.7249,4.68721,4.24646,2.69135,3.38008,2.20488,3.2731,4.6465
3.95321,3.83027,4.32056,2.54668,2.43173,5.81348,3.28472,2.88428,5.28622,3.50086
3.86352,4.77741,2.7805,3.31176,5.47637,2.32691,3.7597,4.90558,5.19017,3.07196
3.23298,6.52837,4.61843,2.0597,4.12252,2.53237,4.06421,3.83768,4.04724,4.24444
3.02328,3.38761,4.49434,4.82847,3.8635,4.25004,3.38812,3.88098,4.7745,2.93091
6.39908,4.41775,4.52047,4.50656,4.69051,4.68288,4.73764,5.2819,3.70847,2.99269
4.42436,3.21428,3.366,3.83412,2.52006,2.62925,3.59006,3.21415,3.31134,4.78191
3.75395,3.16267,3.45509,3.15343,2.54434,4.60454,4.34168,3.83238,3.86864,3.69311
3.78429,3.82684,4.74858,1.62737,3.85775,3.37715,4.41908,3.0266,3.89481,2.47698
3.76585,5.12949,3.22979,3.9493,3.90602,4.66803,4.03936,4.55539,2.89215,4.16018
4.42637,4.13963,4.70085,3.60841,4.64692,5.80034,5.86994,5.07803,3.93932,5.66874
3.05916,4.25859,4.37837,4.69978,3.69008,4.01657,4.30398,2.72425,3.68951,2.59854
4.87263,4.4876,1.23283,3.12894,2.49273,3.91484,3.14934,2.81479,2.15715,3.08204
2.53014,2.77329,4.37258,4.62795,3.40111,3.85248,3.08478,6.00336,3.00987,4.43391
6.78964,6.03045,3.49848,4.17886,1.85856,5.05462,4.14009,4.92489,3.13758,4.85473
6.32306,4.56116,3.27451,3.02188,4.92841,2.965,4.21003,5.20173,5.11051,4.57791
2.87797,2.75839,4.20208,3.26577,3.94354,3.20359,4.48072,4.77361,2.87846,3.24692
3.81629,3.77151,2.97267,3.53771,5.53626,5.6184,4.47008,4.35351,4.51807,2.27664
3.89208,4.50489,2.77211,2.59459,5.27507,4.1211,4.26078,3.70602,2.33821,4.12936
4.86922,3.70289,3.81055,4.66986,4.5013,4.47811,2.42426,5.10363,3.77287,5.75301
4.03415,5.00532,4.38368,2.62424,3.82001,4.87076,4.23236,3.34675,4.41794,4.93521
2.70934,3.95902,4.13309,3.54155,3.05014,3.1139,3.88203,2.79043,5.41385,4.94236
4.697,3.99999,3.41769,3.52313,3.04725,4.55905,3.44865,3.8388,5.02035,5.14903
4.69622,2.51009,5.25853,4.56556,3.59437,5.14725,4.73917,4.96817,2.38814,2.52359
4.09327,1.55721,4.1887,3.39954,2.0452,5.37542,4.37163,4.29036,4.30845,4.64219
4.82169,4.77802,5.45337,3.06471,5.47813,3.0572,4.62386,4.13102,5.1476,4.83871
3.74434,2.59157,3.93564,2.8853,3.51591,3.59977,2.48344,3.09831,4.68616,3.76199
4.45462,5.13472,3.84924,3.16345,6.91727,3.53219,4.01612,5.06973,3.93274,2.38006
4.07597,4.46265,5.27673,3.32368,4.12579,2.07457,4.73378,3.85244,2.95772,4.23106
5.58562,6.62831,3.03974,3.63815,4.24149,5.21609,3.49362,3.32814,4.45754,5.0877
4.67724,5.07036,4.99146,4.88511,3.68372,3.76483,4.92798,5.03795,5.69084,4.58079
5.66264,2.05331,4.964,2.95355,4.2662,6.13714,5.20436,3.34393,2.62325,5.00467
3.89902,3.11141,3.39552,3.24397,2.35066,3.79166,2.76163,4.49008,4.43961,4.43282
4.98865,4.01802,4.71091,4.4327,4.15629,3.22897,4.3083,3.41763,4.06096,4.70227
3.49586,3.76138,4.95146,2.3682,3.28918,4.59124,3.0049,5.37497,2.89684,5.22084
5.30455,3.76964,4.97822,5.21054,4.02715,4.68195,2.86125,4.89336,5.80482,3.92805
3.00953,2.31974,4.18834,3.93227,4.28955,2.44168,4.96037,3.90055,4.03526,3.20923
2.6947,2.86918,3.85771,3.44121,4.21738,4.09652,2.99455,4.51037,4.59164,1.48577
3.17717,3.82988,4.52178,4.27508,3.02415,4.11044,4.61486,4.87709,3.57047,3.26838
5.61513,5.70719,4.3437,5.26876,3.93491,3.9518,2.97411,3.06387,3.67912,3.21383
2.891,4.46222,4.50914,3.01386,4.07165,4.15224,2.6266,5.23171,3.85925,2.67714
2.14193,4.77187,4.96448,2.28558,5.54512,4.71703,5.83698,5.30636,3.78402,3.64986
6.94019,4.73906,5.22335,4.18539,4.47829,3.48321,1.86905,4.30324,4.97907,5.16621
4.20027,3.49811,4.06308,3.4736,5.29227,5.70303,4.32195,3.1939,4.73309,4.94404
1.96135,5.17237,1.4933,4.80145,5.04078,5.85683,5.46078,4.43688,3.28768,4.75832
4.78032,4.86163,4.30677,6.85265,3.75422,5.53504,2.76569,1.9643,2.61412,3.61748
4.79593,3.34179,2.42547,3.94614,3.75657,6.27188,2.76419,2.87711,6.93518,2.95035
3.67926,3.93736,3.29377,2.58963,5.30609,2.68509,5.69425,3.68891,3.26659,4.20064
4.53642,4.15988,1.84697,2.43383,2.48315,4.39334,2.41382,2.68234,4.67161,3.42172
6.3639,4.12034,2.80019,3.70808,4.06944,3.86129,4.60686,2.98531,3.33128,6.15058
4.30971,6.77088,4.12424,4.70922,4.52678,3.04811,4.37551,4.19143,3.25203,2.91083
3.32072,4.52457,4.24239,4.36724,5.1927,2.61426,3.28532,3.50566,3.14689,4.21979
2.60155,2.48603,3.77196,4.37598,4.34132,2.97219,2.75877,2.9613,3.56945,3.76803
3.83971,3.59318,3.54897,4.84963,4.00794,4.31219,3.49998,3.2587,2.95574,3.08526
5.19685,4.18499,4.18997,3.90393,1.82292,3.26246,4.90506,4.91036,5.34413,4.63618
4.202,3.52193,4.53754,3.25208,5.21456,4.15632,1.89477,2.90561,3.69877,2.20188
5.288,4.19682,4.44146,3.79128,2.61888,4.66616,4.60321,5.48422,4.50542,3.98901
3.91387,4.29764,3.95988,4.34115,3.80811,4.63219,5.45181,4.94577,2.57003,2.40185
4.18527,4.91247,3.2007,3.03942,3.77608,3.68821,4.47075,3.24824,2.1739,3.96502
4.76753,4.12829,6.39628,3.94696,2.92741,4.74484,2.83985,4.95825,6.37892,3.1157
2.43058,5.49988,3.75688,4.19289,4.63063,3.58595,5.23705,4.22834,3.13222,4.26671
5.15246,3.74943,3.81919,4.37435,2.94693,2.12706,4.24571,3.74157,5.67076,3.39803
3.66911,4.63901,3.33852,3.50659,4.88452,5.5358,1.99314,4.03798,4.21494,3.98985
2.33752,4.29038,4.3623,4.19807,1.86732,4.78022,4.96754,2.45548,3.54597,6.03487
3.55094,2.79871,4.46993,5.53838,5.92473,4.35232,4.46941,5.01681,4.00063,3.79362
3.05942,3.50557,4.33448,3.36703,5.79019,3.45771,3.35085,3.40824,4.4701,4.17269
5.44241,4.04112,4.22751,4.21698,3.05226,3.50554,4.94668,3.45119,3.27504,3.19784
4.20569,3.06372,4.20505,4.04902,2.54373,4.34229,3.70262,3.26373,4.82599,4.60193
4.58268,4.41285,4.97852,4.24698,1.15465,4.6834,4.08892,2.81944,4.93998,4.76332
3.05222,5.21021,4.01936,4.85892,4.60853,3.20539,4.79404,4.37224,4.07231,4.82448
3.59974,3.81365,3.40526,3.01102,3.93175,3.53441,2.93021,4.43947,5.16493,5.50554
4.08945,3.38137,5.65786,4.3556,3.7192,3.9284,5.27293,2.44884,1.16344,4.29889
2.87693,2.63232,4.33415,4.46092,4.46589,4.84271,4.11878,1.91092,3.01348,4.01559
3.02971,4.41711,2.00996,4.26804,5.01057,4.50187,4.09936,5.52228,2.54357,3.92527
4.47373,3.47219,4.53967,2.4685,3.07843,5.43617,3.61747,4.26748,3.66921,4.3388
4.36401,5.02988,4.20377,5.4223,3.32412,5.61357,4.68222,4.55394,3.81267,2.22901
3.69817,3.8002,2.80073,5.21175,2.86597,3.34899,5.24326,4.29281,5.01267,3.20144
4.25444,5.2164,6.17888,4.04616,4.68451,4.69617,4.55722,3.35944,4.93382,5.08572
3.8905,4.2088,3.52433,3.59214,3.68829,5.10394,3.33908,3.44962,4.5198,4.59956
4.14054,4.16572,3.64805,2.3151,4.55991,3.7247,3.78233,3.17498,5.23108,4.90829
3.9483,3.24514,3.98933,4.77521,5.74104,3.0732,5.03393,3.25435,4.37017,4.39814
4.08846,5.19808,4.75827,3.43399,4.9262,4.95027,4.52411,3.46588,5.19342,4.82045
3.71556,3.13109,4.22288,3.69897,4.4973,5.13489,3.89983,3.55855,3.56943,4.16635
5.16319,4.22248,4.31857,3.86107,3.43497,3.81267,3.81668,3.73309,3.83405,2.88786
3.69139,3.61529,4.31284,4.39179,4.52348,4.8508,4.90374,3.929,4.25155,3.4763
2.92954,4.65749,3.45327,4.67329,3.53547,4.74635,4.41931,3.53719,4.75328,6.07399
2.94382,6.12153,4.23876,3.25274,3.85749,2.47111,4.24332,5.03883,3.90213,4.8081
3.21785,5.57437,2.90823,5.1003,3.15862,2.08497,5.04016,3.0365,4.86318,5.46164
4.32967,4.89546,6.31341,4.0799,4.27375,6.68326,4.41212,3.25445,3.61415,2.94116
4.64081,2.52036,5.96972,5.00345,3.04117,5.70348,3.12422,3.06522,4.72691,4.21196
4.67644,2.88757,4.56829,5.02494,4.30217,5.25763,3.31382,4.79075,3.28655,4.10665
2.616,4.21346,2.98212,3.78488,4.03374,4.04341,4.9724,4.90508,4.43567,3.60901
3.70354,3.60232,4.25138,3.52135,3.02714,2.74613,4.07879,1.94179,3.37378,2.89071
3.39061,5.51332,3.81216,2.29424,3.41225,3.81712,3.20107,2.78555,5.18552,3.56402
5.08159,3.53937,5.10875,3.9709,4.32557,2.92004,3.46949,4.09996,3.88003,3.81825
3.72484,3.50391,5.78076,3.97893,2.81168,2.68087,5.11797,4.62299,5.12043,3.35891
4.3265,5.35364,6.70837,2.69746,4.66648,2.81263,4.39712,4.98796,2.62772,3.09557
4.62632,3.63361,3.41831,3.50894,3.53939,2.63639,3.41236,3.01903,4.92573,4.25809
4.68166,3.11869,4.20848,3.49871,5.87553,3.71854,4.58566,4.95529,5.10899,5.19269
5.02571,4.14873,3.14587,3.63832,2.16298,2.65112,3.04091,4.59435,4.08362,3.81416
2.91498,4.17952,4.37296,5.94977,3.11619,5.26151,4.55445,3.38751,3.01254,4.77312
3.47686,4.40976,4.67585,2.58974,2.37587,2.66716,3.32479,2.27057,5.13767,2.76286
4.42243,4.05627,5.53779,3.12754,4.44562,4.9415,3.31695,5.4558,3.34511,3.84016
4.32961,4.11724,4.02231,4.46532,4.36205,3.06727,3.66023,3.16994,1.84227,4.07761
4.14925,3.28606,5.65621,4.91711,4.81429,6.04093,4.445,3.46925,4.23734,2.74878
4.65907,4.78228,5.42714,4.28406,3.61631,4.47805,4.03594,4.28839,4.51825,5.66404
4.48248,5.87055,4.11403,4.97516,5.38323,2.60193,4.29328,2.90636,2.90451,5.35524
3.69259,4.62557,4.88634,4.09113,3.84348,4.09413,3.35246,4.25515,4.40679,4.09447
1.85921,5.19105,4.29757,6.3622,4.63767,3.80449,4.61179,4.37943,4.23732,4.0079
2.45809,4.15535,4.98391,3.08458,3.40958,3.69775,2.44383,4.27747,4.74804,3.97973
3.51299,2.90019,4.11656,4.60904,5.26576,3.35354,5.55751,1.72146,4.01847,2.18338
3.27756,3.82133,3.06882,1.11278,5.75739,3.30128,4.38819,4.85928,2.12106,5.03825
3.88071,3.18419,4.74041,3.80622,4.90023,3.96622,4.38041,3.93191,3.71003,3.84203
4.42093,5.84742,4.26967,4.38829,3.65991,4.3899,2.61607,6.44852,4.19311,3.23482
3.7531,4.19149,4.2482,2.64426,4.21167,4.86042,4.77756,3.17562,3.18035,3.37814
4.44154,4.5452,3.60012,3.07406,5.22014,3.0678,1.5797,5.76896,3.94664,4.86531
4.66497,4.85348,3.64254,4.43953,5.39645,4.70882,3.50402,2.87205,3.7948,2.85855
3.5093,3.22447,3.46815,2.94613,4.01896,4.24599,4.99664,3.76985,3.22501,4.85858
4.00571,3.31972,4.71567,4.79271,4.19131,4.47375,2.8814,4.69836,4.55817,6.36346
5.0435,4.60673,4.88848,3.54147,4.10389,4.41493,4.06719,4.53499,1.63521,2.47286
4.20312,3.91089,4.95556,2.81785,4.9513,4.95681,3.36487,4.68365,3.10776,3.78326
3.9363,3.61363,5.19345,3.21176,2.54378,3.20495,2.09348,4.25483,2.15054,3.34756
4.66246,3.71425,4.4092,4.97877,4.27247,4.4526,4.09835,2.21899,4.15457,3.74985
2.54978,4.85957,3.83983,3.16226,3.6285,4.11648,4.01638,3.77519,3.66718,5.1481
3.10988,4.01591,3.70284,3.88226,5.20062,3.15474,1.16398,4.14832,3.90254,4.71584
3.0119,3.93437,3.8464,4.05274,3.68179,2.34956,5.41022,2.23119,4.93229,6.03922
4.61132,5.13843,4.20171,4.40644,6.26541,3.67647,3.28593,5.04822,5.92763,4.38649
5.31839,4.37596,5.99121,3.8189,4.35176,1.78216,4.13584,4.96476,1.92085,4.17567
4.59437,5.08034,5.15996,4.56558,4.10774,3.84419,6.19386,3.06541,2.82453,4.60011
4.08906,2.72446,5.21429,4.86339,4.03046,3.78132,3.72453,4.28687,4.56754,4.11543
4.67639,2.90548,4.08055,3.27699,5.55569,1.33695,4.10425,5.37161,6.60474,3.29741
3.5555,4.59299,4.36592,3.31241,2.39769,3.8723,3.69184,4.84232,3.13615,6.24525
4.36474,3.95275,3.09447,4.88297,5.60948,4.04962,4.92318,4.27874,4.1356,4.74849
4.61791,4.18575,3.85116,2.82102,3.62485,1.61564,6.13039,4.22649,4.23299,4.11812
4.87332,4.04568,2.78959,3.81825,4.45878,4.42704,4.4272,3.08376,3.05387,4.36781
4.5065,3.98527,5.21502,3.61138,2.4925,3.59833,2.96018,3.72509,4.31115,5.54134
4.96083,4.28315,4.16094,3.34131,4.73845,3.96011,4.68901,3.43441,3.95205,3.72934
4.02648,4.50284,1.97906,3.72455,3.07756,3.14278,3.92063,3.08302,4.00209,5.01281
4.93022,3.56699,4.11753,5.89196,3.28066,3.11638,1.95432,2.54178,3.70456,3.26092
5.41659,4.70708,4.61346,5.79988,5.82864,3.8644,3.2489,3.05232,3.44022,4.53044
5.53451,5.80006,2.63918,3.38848,4.06796,5.01023,3.82791,3.38595,3.22262,4.43814
4.31817,3.96419,4.76509,3.14318,4.81799,4.3538,4.69279,3.52739,4.73809,4.97418
3.81177,4.01987,4.57275,4.76174,4.29301,2.61291,3.67112,3.66888,4.30134,4.35677
2.91254,3.8287,4.62816,2.14039,4.96616,3.70644,4.80039,3.52447,2.85244,3.72356
4.13598,2.75155,4.35638,4.37155,3.06446,2.89518,4.2119,4.42748,4.28858,4.12017
6.53123,5.29729,2.24532,3.7056,4.8626,4.59336,3.04987,3.35976,4.5127,4.31404
3.60711,1.49714,2.40184,3.82483,3.51745,4.40923,3.3134,4.77205,4.87413,2.85667
4.97276,3.58008,4.18114,4.50542,5.83341,4.39597,4.8797,1.63339,4.37505,4.53789
5.26438,4.42527,4.18499,4.94355,4.58256,4.93846,4.62688,3.18354,3.9642,5.57562
3.80716,4.75324,2.71358,4.01247,3.82775,3.22507,4.81969,2.32956,4.41226,4.13986
3.69399,2.92685,3.49592,5.09667,4.68034,3.7546,4.17959,2.3055,4.16339,3.8406
3.11002,4.61998,4.57143,4.55282,4.20296,3.6533,3.77293,6.24014,3.92954,1.68905
3.27847,3.05604,5.41761,3.76301,4.11297,4.81485,3.98618,3.46507,4.08344,4.05702
4.56483,4.71376,4.20249,4.33598,4.35971,3.95993,4.19801,1.42129,4.71231,3.42234
2.30129,3.24006,2.9197,3.04596,3.7255,2.63427,5.07489,3.49471,3.20498,4.19187
5.68344,3.43161,4.28079,4.9384,4.2505,4.54099,3.8872,2.62858,3.88944,4.1232
3.80478,4.03239,3.02219,3.17602,3.64037,3.38254,4.10075,3.45508,4.44049,1.93775
5.19841,4.27863,3.42553,3.97237,4.79474,2.99576,2.54367,3.2196,6.02069,3.95547
5.01755,4.31628,3.62877,5.14808,3.00566,5.20122,4.43821,3.40021,2.07029,4.94667
3.92888,3.90423,3.6982,3.30407,3.78962,3.74369,2.5111,2.96394,2.20639,3.12938
3.83958,5.02826,3.19379,3.6141,3.35374,5.86468,5.86414,4.57372,3.47131,4.35438
5.19127,4.35118,4.21863,5.2732,3.60577,4.86465,4.12273,4.18635,3.3253,4.45389
2.55258,3.66968,3.79093,3.66682,3.45179,4.45574,4.38447,5.66476,4.60688,2.87773
3.6509,4.14787,3.65123,5.14716,3.48047,5.12548,4.2208,3.96514,2.65558,3.27287
3.32632,4.92582,4.52047,2.98766,4.43833,4.32146,2.89829,5.59823,3.30792,4.51043
6.59306,4.22655,3.23245,5.14047,3.75647,3.24236,4.14896,2.29901,5.02643,4.76912
3.87648,5.01195,4.09884,3.4829,4.26241,3.38669,4.31125,2.83698,3.60612,3.89879
4.57379,3.59366,4.26603,4.63935,4.69022,5.49094,4.42083,4.23875,5.07206,3.68366
4.13254,3.37377,3.44399,4.99161,4.86467,2.69903,3.39614,5.2626,3.15712,3.48896
4.18186,4.59915,4.16365,3.94629,1.16122,2.58476,3.53387,4.148,2.91959,0.546134
3.72092,3.0372,3.62345,3.63678,4.71868,2.18576,3.10663,2.3239,2.39959,3.19778
4.36879,4.58944,3.69514,3.0994,2.87144,2.73284,2.65098,5.52253,5.87726,3.10241
2.70366,4.12985,2.79757,4.26614,3.29101,3.19578,3.13515,4.15423,3.86696,3.12919
3.08759,4.40367,3.75439,3.92374,4.87795,2.76006,3.68553,4.10493,4.0777,4.49526
5.3484,5.81089,4.56087,5.52863,2.897,4.12824,3.77102,5.47145,3.11796,3.02304
5.61144,5.11626,1.90167,6.85521,5.30404,5.79187,4.04761,4.18516,2.90542,5.44718
3.56968,2.7111,3.08081,5.98957,3.8036,5.10363,4.36328,4.19322,2.73474,4.97493
4.44749,4.54243,4.10122,3.95259,4.06397,4.45302,4.26091,3.50652,4.41041,2.94006
3.10128,3.22122,2.86126,5.30809,2.49433,2.46438,3.2953,6.51126,5.30498,6.23435
1.45943,3.0999,2.89261,3.91488,4.18042,3.26562,5.25847,4.33394,6.70439,3.6518
4.68428,5.73009,4.74527,3.77119,2.82661,4.97348,3.86002,4.02231,4.01755,4.57084
0.900398,3.85835,4.04314,3.61809,2.91886,4.81256,5.87403,2.99207,4.36927,3.37599
4.64096,3.67949,6.09298,6.04208,3.84436,4.93457,4.82724,4.08523,1.04393,2.58668
3.95244,4.09628,5.42469,3.0792,4.54796,4.01794,4.05837,3.02416,4.55735,3.94162
3.39217,4.43812,3.39094,3.17655,4.81044,3.31044,4.68796,3.70346,4.68274,3.22918
5.38393,3.67295,2.84375,3.11743,2.23878,3.61514,4.55712,1.70493,2.84047,4.08781
5.52901,5.11877,3.18835,4.64794,3.77479,3.25728,4.52121,4.16712,4.36004,4.06991
4.30508,4.49925,3.51802,4.14789,4.19322,3.88959,6.72229,4.9133,4.78307,4.28724
3.58164,1.98311,2.74961,1.00024,4.42179,3.87921,3.57385,5.04884,2.41964,2.96841
3.78864,4.33154,3.84496,3.29785,3.63561,3.55318,3.14817,4.02529,1.68126,5.57219
5.0247,3.77736,3.89546,1.5501,5.5373,3.53929,4.16844,4.20951,2.56158,2.02053
3.81451,4.4455,2.9743,4.42227,4.92298,4.84037,3.3906,3.26365,3.71619,3.33888
4.96661,4.85826,5.29151,2.33022,4.01531,4.80075,4.55329,3.2637,5.36288,3.40304
3.05838,3.98495,6.22303,5.36578,5.90165,5.37646,4.69917,4.19276,4.70001,4.42127
3.76391,3.8489,2.50316,5.13473,1.90855,2.16921,2.29787,3.26082,4.52015,3.7874
3.1529,3.76337,3.61349,3.56237,3.29239,3.91822,3.37211,5.35849,4.60333,3.80281
3.66738,4.18565,5.12232,3.47373,5.70442,3.52323,5.68106,3.13529,5.20496,4.11877
3.9958,2.29402,3.54513,5.34588,3.87617,3.70918,4.02274,4.68828,4.58998,3.79885
3.22296,5.38786,4.73827,4.82886,3.61373,5.01704,3.73044,3.33422,5.78783,4.26248
3.8779,6.23476,3.55681,3.13036,4.50966,0.800263,3.89619,5.36888,3.66611,3.26896
3.75227,4.18689,3.94352,3.589,2.41655,2.86525,3.35403,1.69425,1.86266,3.73786
4.23581,3.6983,3.29279,2.06249,3.34075,4.14465,4.87069,4.9127,5.33899,2.66239
5.30161,3.21356,3.65353,3.55935,2.85184,4.31458,3.71109,3.3264,5.00645,4.92371
4.82783,3.98615,5.48649,4.98567,2.49094,3.24449,2.42437,5.99845,2.94092,3.62185
5.10866,3.62914,5.90785,3.69934,3.16288,1.37696,2.53499,2.82512,4.96471,2.33973
3.47515,3.46564,5.52969,5.24053,4.3885,3.78981,4.21992,3.23109,2.78713,3.07033
2.81538,3.86899,4.38518,4.65217,2.86599,4.81798,5.41043,5.12453,3.50673,3.90234
3.83764,3.23141,3.98455,4.63636,4.61542,3.74136,4.94501,3.73236,4.03763,3.64207
4.99685,3.68309,5.28147,3.88513,5.41375,4.57912,4.21737,4.57131,3.0029,4.22603
3.95716,2.54717,1.93766,4.03216,4.02795,3.5025,2.95311,1.36566,3.73707,4.02879
5.3945,5.18034,2.56125,4.9643,3.6835,3.887,4.78452,3.22186,5.33936,6.44523
3.66318,3.51693,3.36715,4.81427,4.87744,3.19039,3.38228,4.19989,3.29021,3.90563
3.75291,5.38813,3.6744,1.47412,3.9143,4.46517,4.514,3.30188,4.19288,2.8582
4.04193,4.56195,5.77534,2.30698,5.12551,4.46172,3.96251,4.96046,4.89505,3.63903
3.80497,4.82681,3.50366,5.52462,4.88942,2.48245,3.75303,2.11242,5.2046,3.63056
5.34228,3.59931,3.44371,4.14599,4.06033,4.3873,2.7325,4.3832,5.38859,5.88598
3.5306,4.11455,3.15986,4.78258,3.08893,1.02335,2.48427,4.34859,3.90925,4.15546
4.8455,2.94554,2.95812,4.05664,2.97539,5.27577,2.49427,3.63814,3.1791,3.10477
5.4451,4.29687,6.2149,4.15196,4.39818,4.41603,3.74457,3.42628,3.44439,4.74821
3.80441,4.393,4.09046,3.59555,3.39374,4.3444,3.49652,2.67634,4.33109,2.40694
3.35401,4.11134,4.62225,3.61387,3.43244,4.05986,4.3937,4.09512,4.33512,3.5038
5.1855,4.36928,5.71109,4.88088,5.46063,4.31576,3.23563,4.04103,5.37902,3.43995
3.10844,3.63935,4.33747,3.41095,3.70603,4.06424,4.52317,3.5983,4.74765,3.11648
3.45342,4.66478,3.74889,3.12489,4.19857,3.39307,2.60772,4.04054,4.83791,4.16312
2.62591,4.4683,5.07668,4.30147,2.46345,4.04472,4.43567,3.00542,3.51594,2.33275
2.7999,3.9603,3.04704,3.09366,3.57066,3.71944,4.91495,3.5763,5.09791,4.37438
3.87371,2.83048,3.86237,3.48135,3.31591,6.35201,2.88456,3.3844,3.50471,4.49195
3.95859,4.29448,3.6568,5.20169,4.11681,3.97638,4.64893,3.36542,2.1691,3.39091
3.37275,4.6927,2.44382,3.64049,4.4918,3.72726,2.9443,4.18185,3.37475,3.70021
4.18393,5.19603,5.08439,3.90576,4.31612,4.34191,3.925,3.02003,5.14935,2.94653
4.31182,2.14192,3.8877,3.89524,3.749,3.99537,2.03564,3.07965,3.5261,4.03119
5.55224,4.70926,6.23462,2.50621,4.23038,3.75739,3.56721,5.16296,4.24501,4.09064
4.3724,4.06966,5.6797,4.08198,3.12104,5.52316,5.05145,3.09673,4.64317,4.65987
3.1948,3.36109,5.79355,2.9272,1.72857,3.30577,6.00386,3.98246,5.42717,3.57243
2.02892,3.19523,3.63706,2.92557,1.00761,4.26633,3.1256,5.55183,5.49917,3.25469
3.48903,5.3112,4.47359,3.17668,3.54541,4.31453,3.76509,2.82485,4.17893,3.82351
2.43878,4.33629,4.81051,5.49695,3.93777,3.95867,3.85275,4.91859,5.59739,2.30839
4.71721,5.71724,5.47198,2.77023,4.56223,3.94672,2.41502,3.13415,3.29472,4.83539
3.09096,4.46283,4.4719,4.848,1.91632,4.09149,1.72571,3.68515,3.13066,4.11087
3.85338,2.77596,5.34284,5.55133,4.79466,3.60334,4.25681,3.06388,4.40822,4.3353
3.72119,2.10174,4.119,2.50847,3.4208,5.22426,4.61715,3.25463,4.24635,4.28858
3.73441,3.22991,3.26426,5.45261,3.83039,3.70776,0.299629,4.3729,4.45471,2.19889
3.32128,3.59809,5.06732,4.78495,3.27791,4.48084,2.32388,2.90081,5.0956,3.56829
2.87589,4.27583,3.2263,4.20097,2.94878,4.50028,2.90506,5.34744,4.46457,4.69916
4.45923,3.5146,4.19207,4.043,2.14227,2.97193,3.12143,2.74174,4.83665,3.2396
3.12035,4.16703,4.85259,3.98418,3.57124,3.10066,4.41305,3.32097,2.94572,5.1079
4.72706,4.33523,2.78956,4.92864,3.71944,4.57131,5.80288,2.48764,3.71569,4.4891
3.51749,3.19317,3.46904,3.19388,4.58301,4.23898,3.47618,3.42948,4.51132,2.90081
4.93873,2.72853,3.84557,2.6457,3.17114,5.54173,4.41363,3.3424,3.07583,2.7295
3.46562,3.11367,3.6027,2.9182,3.39357,4.97307,3.62899,3.15078,5.99613,3.92935
3.24714,3.84312,3.27797,5.72534,4.79713,3.20839,3.96422,3.81361,7.12293,2.92505
4.38626,5.50337,3.39299,4.33632,3.75705,4.55605,5.32956,4.1045,3.41886,4.14449
4.85838,3.54455,4.33136,2.25868,4.18838,5.27578,4.00106,4.84973,4.99355,2.23024
4.98332,4.31399,2.39249,3.56426,4.89623,4.40992,4.49193,4.31391,4.26435,5.37896
4.19494,3.45677,3.0746,4.04532,3.33609,3.86472,4.15951,2.13495,4.21571,4.78743
3.33873,4.76488,1.48379,2.97204,2.44189,3.89421,2.23199,5.77641,4.17519,5.28174
4.06739,4.20135,4.64917,3.48483,3.82675,3.63555,6.39346,5.73653,2.60307,4.06258
4.56624,5.46334,1.99529,3.3407,3.75484,4.91605,2.34307,5.13819,2.57455,4.7534
3.5998,2.96386,2.86186,2.49455,3.6326,3.77428,3.81983,4.27992,5.45146,4.35902
2.91368,3.95668,2.68788,3.40129,5.43248,4.00049,4.32302,6.10327,4.08654,4.51212
3.58526,4.85056,5.15975,3.12773,3.14429,2.99889,4.92725,3.72674,3.39522,4.90783
4.80561,5.42658,2.01032,4.1812,4.91749,4.3555,5.01797,4.91263,5.74871,3.97938
2.37177,3.29904,3.27193,3.33654,1.28312,4.63499,5.47039,3.05304,3.76358,3.97104
3.72769,6.66782,3.98485,3.81296,4.70702,5.3574,3.55767,3.06469,4.75367,5.32777
4.83801,4.61083,3.7612,4.81508,5.2715,2.99523,4.25189,2.61244,3.63743,3.60696
4.40646,3.88441,4.94425,3.72138,3.65924,5.67625,4.03448,3.30341,4.70826,3.44866
4.96418,6.15804,3.37678,5.15752,5.49289,2.8513,4.85167,4.54861,4.56025,3.02075
4.15641,3.59917,3.07197,2.96756,3.81112,4.01437,4.79752,3.48747,5.2883,2.97047
4.63694,3.776,4.05886,4.89846,3.02998,4.99143,4.17314,3.2555,3.13593,3.51936
6.27605,3.58188,3.52894,4.6982,5.06541,2.43017,3.70635,6.65019,3.66614,4.31361
4.06004,5.08131,3.62011,5.57754,4.29313,3.18194,5.00495,2.95748,3.86535,6.11023
3.7997,5.98576,2.84878,5.08805,6.23141,3.97711,4.12675,5.66806,4.91666,3.46116
3.78811,6.49137,1.83718,3.97151,3.80952,3.83935,4.05571,4.71712,2.34992,4.32193
4.82025,5.17203,4.40464,4.49307,4.32043,3.09901,1.90497,3.52478,3.50092,4.81717
3.58487,2.64479,5.70973,4.64879,3.73266,3.80756,3.94414,5.12241,4.30567,4.25298
5.48571,4.35928,2.62182,2.86863,6.00947,4.7849,3.868,4.90624,3.71154,3.52007
1.93831,4.13634,4.92624,4.71035,2.93482,4.42408,5.20299,4.50173,3.87637,3.37019
1.49842,3.44899,3.14308,3.01249,4.9471,3.83253,3.93149,2.85216,3.74756,3.47908
5.12807,4.70604,2.93466,4.60333,1.72887,4.2912,5.43948,3.55134,6.05257,5.69336
3.85231,3.76869,4.22849,2.84504,2.42758,3.45593,2.74269,4.23526,4.19206,4.5508
3.7337,5.96541,2.25325,3.57918,3.17416,2.87618,4.18525,2.60802,3.01787,4.01214
3.47678,3.5459,4.49971,4.15156,5.01894,5.07123,4.73065,6.13342,4.9264,4.13655
4.35452,4.04099,4.45751,3.64603,3.57997,4.0036,2.69524,4.62887,2.8293,3.29512
6.43236,3.2567,2.27386,3.51774,3.39598,3.50496,3.76126,5.11343,4.77446,2.97374
4.11085,4.72683,3.83562,6.60738,3.84586,3.89448,2.51363,3.55642,4.10712,3.49611
5.01722,2.42711,1.47518,3.30756,4.87303,2.93798,3.881,3.84352,3.21639,3.51289
4.26586,3.50702,2.56801,3.12813,3.9071,6.50214,2.12459,4.21126,2.82527,4.71367
6.19611,4.44314,2.55825,4.93501,2.73112,4.13001,3.05698,3.62139,3.38718,5.89577
4.15198,5.78205,5.20048,5.19426,4.74776,4.59801,4.04416,2.29655,3.75017,3.2842
3.80237,2.8019,3.85842,4.22506,5.55492,3.05163,5.75421,5.05058,3.81437,4.96108
3.12183,3.56052,3.37823,4.19902,4.37773,4.34376,4.34333,5.78288,5.89765,3.84229
3.91622,3.63874,5.44051,3.15316,4.26048,3.59095,6.39909,3.74307,4.25068,3.44517
3.99454,2.81632,4.86532,4.55558,2.76969,3.24744,3.15474,4.81161,6.19292,2.31184
3.85397,4.58098,3.75002,4.43915,5.0132,5.3045,4.4807,1.53767,5.61514,1.41992
3.70074,5.35079,4.8702,5.30767,4.91496,4.20279,4.21028,2.88428,3.6998,3.05691
5.51265,4.3948,4.36081,3.58011,4.76038,4.29643,3.33686,3.68705,3.02258,4.14494
5.62428,2.99056,4.50077,3.21965,2.11519,2.43023,3.5041,3.24508,4.01195,2.71411
4.5349,4.96312,3.90434,3.22207,4.10135,5.03105,3.14072,5.12474,3.335,4.61802
3.30157,5.67364,5.40269,3.26645,4.7559,5.96578,4.8634,2.86579,2.78642,4.676
3.83868,1.62756,3.77734,4.11111,5.02393,4.79852,3.08356,4.21859,3.32451,2.94187
4.7782,3.85078,3.61194,4.37712,5.25828,3.8466,3.04286,3.99081,5.05688,3.88028
4.3174,4.79561,4.20881,3.55963,4.55469,3.13714,3.91293,3.78161,2.85853,2.80081
4.29855,3.56259,4.47048,4.16525,3.95852,6.86531,4.49111,2.24376,3.39853,4.55112
2.31823,5.83499,5.06339,4.11187,4.41943,4.61074,5.56971,2.42062,3.90894,5.03135
3.64543,4.89868,4.96355,4.49174,4.12521,4.36558,2.76373,4.824,4.92324,2.11014
4.80273,3.91631,3.24012,3.86593,5.16126,4.47632,3.44996,5.02263,5.3571,3.78094
3.86172,3.02078,4.08199,4.47768,3.5223,4.45316,4.69356,3.58196,3.49609,5.07471
2.07554,4.21442,3.75659,2.94939,3.91435,3.85876,3.25507,5.1769,4.16922,4.99219
3.91313,6.25017,5.36637,3.2567,4.50135,4.5344,2.71674,3.04856,2.13281,4.93363
5.02986,1.7836,3.6389,4.68086,4.49663,2.71234,4.25066,3.64873,4.84631,3.99491
4.55346,3.05304,5.55313,2.28593,3.14002,2.14559,4.30336,3.34241,3.45917,3.6031
5.54978,3.10747,3.98386,4.22093,3.22879,3.01349,3.75479,3.99264,2.98816,3.23688
4.63665,2.78816,5.22356,5.40264,5.25287,1.88731,4.12947,3.75832,4.36903,3.26698
3.46382,4.53095,3.40938,2.3612,3.71926,4.18255,5.30059,2.50506,1.9739,2.49692
3.0413,5.08714,3.19747,4.78737,5.65674,2.80068,5.44196,2.42483,3.37374,4.44101
3.37365,3.7221,5.34292,4.18806,4.96853,5.66437,3.5231,5.82803,4.64922,2.89862
2.41714,3.25388,3.6158,2.29897,4.23023,5.42524,3.64995,2.36585,4.79465,4.65666
3.13482,2.44334,5.36191,3.57974,5.1057,4.12276,3.06127,4.5425,3.78458,2.80437
3.8081,3.44425,2.90027,4.03413,3.89022,2.9806,3.33729,4.22586,3.61882,4.27146
4.93108,4.34542,3.2502,4.40138,3.58308,5.04748,2.94498,4.0082,3.96306,4.28184
4.0573,2.60592,5.2221,3.20009,4.48979,2.86597,4.12428,4.15404,3.97246,5.00459
4.75996,5.20012,2.37967,2.75547,4.00863,3.96149,2.98448,4.60107,1.79344,3.33382
3.71409,4.32008,3.34876,3.73442,3.12913,3.7687,4.86226,4.44685,4.32677,5.69978
3.78476,4.80991,3.44639,3.75682,5.64446,3.23188,4.46692,4.05611,2.03979,4.22887
2.99419,3.17699,2.02075,4.54375,5.01027,4.87874,4.3418,3.19321,3.69618,3.38408
4.6932,5.28612,5.55154,1.13225,3.72507,4.73767,5.14751,3.50574,2.90609,4.42195
2.36117,2.94218,3.07861,4.37021,5.59797,0.880733,4.83869,4.00497,3.69457,3.79785
3.27112,4.10057,3.54362,3.22249,4.32682,2.7837,5.49264,4.19265,5.01893,4.70135
2.85132,4.13203,3.34158,4.10179,5.89203,4.93499,3.39976,5.23747,2.28878,4.97247
6.23233,1.72255,5.00424,2.89158,2.53002,3.9781,4.52631,4.33839,5.79895,3.90822
2.99763,3.67166,4.2804,3.41982,4.29044,3.00422,4.13648,3.11465,3.05441,2.89696
3.85824,4.59081,4.75099,0.685973,2.46065,5.94586,4.63246,4.12787,4.5525,5.60334
6.35089,3.50141,5.91858,5.6877,2.25983,3.86987,4.04387,4.07983,3.22877,5.90899
3.09062,5.61542,2.62466,5.13348,3.69948,4.50495,4.94431,2.98826,3.45405,4.77082
5.07439,4.80295,3.43085,6.18393,4.45311,2.48282,4.81566,3.09084,4.90678,3.62374
4.25401,3.34139,4.88628,3.76942,5.42454,4.15764,2.65358,5.04646,3.67178,2.89714
1.18892,4.93573,4.01857,4.11542,3.54195,4.89627,1.98635,4.50606,4.68542,4.52715
3.24572,4.41714,4.43945,4.33884,4.78955,4.65273,3.99646,4.92544,4.86365,4.27283
4.30955,3.52024,3.7757,5.57392,5.10814,3.45187,5.69466,4.06017,3.91078,4.91126
3.66707,3.89708,6.19145,4.04528,6.27638,3.09099,4.64481,4.80571,4.09673,2.27868
1.57348,3.16794,4.81404,3.36732,6.17577,2.6509,4.98447,6.01436,5.73869,4.34157
3.08047,1.71868,2.92471,4.53342,2.62762,5.7716,4.23688,4.22428,6.02013,5.14611
3.95127,4.82642,4.17803,3.14747,4.44045,2.57318,2.51604,5.97788,4.25821,2.46264
5.32291,3.97027,3.45142,2.78624,4.74861,4.63759,4.81714,5.53221,3.68964,4.08608
3.17327,2.82046,6.14549,3.94964,4.75956,2.9084,3.82592,2.48646,5.14638,4.82929
5.30524,3.92938,3.71278,3.00974,2.54841,3.50874,4.41089,3.94988,2.89034,4.45699
4.27076,4.48589,4.59273,2.68427,5.69637,6.60033,4.64342,3.72881,3.32237,3.26064
4.01649,2.96534,3.17281,3.83109,3.97544,2.90307,5.53832,4.56346,3.49284,3.98047
4.32349,4.25113,4.74855,4.02565,3.81469,4.26604,4.21751,4.04649,4.09925,4.85375
4.52742,4.71238,4.5653,4.7154,4.11931,2.30374,3.3163,3.29589,4.33549,3.74262
2.94501,3.14881,3.55151,4.40121,3.682,4.58772,1.93749,5.61644,2.77263,4.28758
4.01428,5.21144,3.75877,4.14569,3.89339,4.89056,5.02851,3.63828,4.65861,2.16061
4.84697,2.22136,5.68288,4.10392,4.86288,2.13813,4.0248,4.27206,4.48684,5.53399
3.81613,4.18454,4.28046,3.23418,3.60972,4.95155,3.93461,3.60984,2.91637,3.75787
4.98438,4.84655,3.61836,2.67284,3.86025,4.32752,4.64188,4.6712,4.90601,3.86114
6.13879,3.65892,4.28232,4.06299,3.60281,5.29326,3.5587,4.56883,6.28931,4.12094
6.04265,1.28907,4.69382,5.04044,3.37028,2.95503,3.31991,3.95186,4.51714,3.56863
2.55328,2.83319,5.29054,4.07342,4.58788,4.348,4.01779,3.08715,4.22211,3.625
4.71328,4.03374,3.98053,4.66501,4.36783,3.52704,4.59492,5.41845,5.48999,2.53845
3.89495,2.76937,4.27937,4.31798,5.61787,3.61895,4.07052,4.13126,5.42189,4.45038
3.48266,5.48311,4.79356,4.6894,3.01713,4.25196,4.7022,3.92643,4.64214,3.35184
4.83364,4.36805,3.52408,3.8703,3.32388,3.20269,4.72097,3.89567,4.91589,2.96273
2.72553,5.71729,2.67941,5.5143,4.20431,2.75793,3.35564,3.90011,1.57192,4.11227
4.26413,3.61822,4.79069,3.42871,4.75417,3.14982,3.28056,3.87825,4.81284,4.15555
3.27655,3.63057,5.64787,4.26894,2.16733,4.36792,3.71744,3.72686,3.96177,2.69505
3.42691,4.59568,3.47562,3.0186,4.76196,3.68975,4.65361,4.2384,5.47799,4.87777
3.81734,3.46006,4.19257,2.94524,1.7133,3.23854,4.39179,4.3373,4.45421,4.27078
3.00091,4.15458,3.95042,4.52192,3.68848,4.29716,3.78049,3.07088,3.60172,3.28943
3.22288,2.91457,2.72063,4.395,4.00921,5.19163,5.1532,3.19867,4.14762,2.62671
4.03816,3.85391,2.69952,5.03178,3.83342,4.31751,3.05546,5.95948,4.04106,4.36978
4.4098,3.14319,3.98682,5.48199,4.31718,4.31393,3.95797,1.93678,3.96495,4.15037
4.17372,4.70799,1.93147,3.22511,3.16005,2.92,3.76857,3.5447,3.05455,3.23029
5.34914,3.10681,4.37421,2.64846,2.35904,4.58022,4.90138,3.67671,3.8338,4.26844
4.19445,5.46446,4.21537,4.19232,5.60619,2.02402,4.38322,4.1148,3.27197,2.89546
4.20246,3.17269,5.08534,2.34729,4.07087,0.451742,5.22567,4.33246,3.72037,4.80666
5.10822,4.3836,4.93063,3.36064,1.63667,3.78707,3.14095,4.41278,3.99879,2.16566
3.99208,4.43295,5.28688,3.959,2.95938,4.60097,5.34936,4.61672,4.79987,3.56101
2.81394,4.90257,5.3421,4.48131,3.54809,4.19806,3.82278,3.67402,3.59651,4.07343
5.36093,2.41187,4.84413,3.56664,3.69577,2.17869,3.67835,3.33901,3.15302,3.62503
5.2429,4.09832,4.95315,3.6856,3.94038,4.07613,4.18538,4.00266,3.87369,5.10878
3.9751,2.60282,5.12391,3.80028,3.80223,3.378,5.4128,5.23137,1.95109,4.54452
6.27742,3.39856,4.80794,6.74353,3.98589,4.91044,4.78921,5.33058,3.82931,4.86933
4.43236,3.04964,4.18268,3.49275,2.76023,3.6652,3.86611,4.92257,3.4999,2.56974
5.39827,4.47104,3.77891,4.4157,5.23435,5.95373,2.2179,4.79177,5.73529,3.91895
3.23563,4.00425,3.75927,2.55631,2.57533,3.71111,3.8337,3.85711,5.14997,2.02162
5.11458,3.04139,3.89815,3.56949,4.05292,3.47006,3.35358,4.01264,2.57374,4.76435
3.84076,3.18485,2.47122,3.07748,4.01253,4.52941,3.01448,3.85361,3.29628,5.69519
3.11574,3.61955,4.34129,2.97503,3.70732,2.85721,2.39146,4.29394,2.5326,3.40923
2.74542,4.16378,4.53472,3.1608,3.61156,3.13243,3.69535,2.05976,4.05056,4.56849
6.1996,3.36141,3.36368,3.84415,5.02087,3.91814,5.77499,3.85888,3.23732,3.86002
3.99585,4.33917,3.97784,4.40824,3.39915,4.42338,4.25683,3.26542,3.15938,5.42819
6.14283,5.04844,4.19863,4.43746,3.46454,2.43176,3.75161,5.22691,3.60223,4.8795
3.30376,4.40031,4.22912,4.14438,3.59411,5.02012,4.78092,3.64128,5.67782,3.42142
4.78189,1.97381,3.73982,3.82554,3.43037,4.43954,4.40978,2.25417,5.24374,4.05114
5.27322,3.42662,4.22847,5.29717,3.68894,4.99975,4.5559,6.10838,3.37031,3.77732
3.30473,3.10666,4.21073,4.13107,4.09907,1.85997,4.67339,5.87954,4.12979,2.5312
2.93446,5.7284,2.89047,2.86161,3.99418,3.94238,5.21834,3.11676,5.16036,2.8682
2.09815,3.98403,4.22488,4.49679,5.50818,5.05787,3.48477,4.19065,1.42154,4.06779
4.45965,3.8886,4.65386,4.82357,3.5202,3.92773,3.55895,5.55892,3.18604,4.51079
2.6921,3.85894,4.69934,4.86412,3.63334,4.02952,4.63906,3.05623,2.31988,4.022
6.28978,3.26275,1.32497,3.94188,4.59485,2.33513,4.80401,5.13142,2.07486,3.14551
3.69547,5.81446,3.78787,4.20996,2.69957,3.82065,3.41856,2.35016,3.69367,4.0677
4.0049,3.27741,2.32283,4.67863,3.97133,2.95782,3.84961,5.20876,4.09528,2.74326
3.97366,2.27578,4.33931,4.02182,3.31247,2.60787,2.63893,5.79382,4.01311,4.00853
3.39133,4.83072,4.28586,3.59438,4.23549,4.31567,3.36804,4.84867,4.76612,4.19479
3.24223,5.01537,1.50821,5.46488,5.60709,4.70005,5.41968,4.85433,5.23928,2.48669
5.16751,4.23189,4.41138,6.31613,4.95047,4.27507,3.98263,4.55625,6.30456,5.00434
4.25299,2.94374,3.22681,5.26768,5.72448,3.98617,4.71469,4.88758,4.04831,2.80438
2.3986,4.33686,3.87244,4.3447,4.94309,3.94614,6.08857,3.31468,4.28143,4.10713
5.91445,3.87983,3.50928,4.45153,4.78294,3.91119,3.63317,3.76609,3.98125,3.36235
4.06647,2.26012,6.10668,4.10996,5.14503,4.91738,4.7163,3.15096,5.72491,2.4426
3.65119,5.71325,3.1596,4.05387,4.10433,3.91434,3.06367,4.79435,4.41916,3.30413
3.92554,3.11016,5.10881,2.68158,3.52306,3.54418,3.24739,4.33803,3.00303,3.30205
4.85101,3.61347,4.03067,4.50176,4.24306,5.87669,5.67683,3.3826,3.9888,4.45965
2.59124,2.94032,4.40305,3.79685,4.98264,4.97109,4.92954,3.53446,4.89946,4.63965
4.17655,4.86706,3.91256,5.90269,3.63858,3.7312,5.39696,5.04091,4.73762,2.11637
4.03723,5.46256,3.10495,4.02484,1.73567,4.14843,6.1954,3.9991,3.81949,5.90923
5.16095,5.12455,3.00965,2.60822,5.03685,4.71172,3.23252,5.82314,5.40001,4.04077
4.06015,2.69683,3.28728,3.8666,3.713,2.47798,3.40551,4.55807,2.81265,6.66002
3.22069,3.68464,5.59145,2.94907,4.94007,4.87649,4.52053,3.8995,3.60026,3.42335
4.47545,2.77684,3.60743,4.82208,4.32205,3.56721,4.75918,3.86007,3.70764,4.19982
3.63512,3.61801,3.67372,4.13392,3.82579,3.01939,4.05972,5.48314,5.71443,3.8248
5.14018,3.33797,4.88585,2.045,4.40483,3.82725,4.40843,5.22252,4.33813,4.08079
4.97011,2.70442,3.95958,4.17528,3.72468,4.98016,6.26075,3.92792,4.63503,3.26452
2.55104,4.66989,4.49426,5.13274,4.84141,4.02505,4.65511,4.5652,5.4607,5.55987
2.34212,2.98772,5.40523,2.96432,3.98723,2.99265,2.45272,3.05216,3.81396,4.49148
3.06321,4.04966,3.30655,4.93441,4.15965,4.58097,4.07116,1.91808,3.54346,4.1356
2.21681,4.50448,4.53281,3.93935,2.11113,7.0803,3.79758,4.28997,3.14522,1.77433
4.24643,3.57735,3.34889,4.73973,5.59979,3.10512,4.30734,3.23632,5.35993,4.15192
3.23854,4.07456,3.66134,2.77539,3.77083,1.85903,3.93554,3.37908,5.12939,5.76704
3.29503,3.01905,4.40314,3.66463,3.16703,3.79494,4.09132,5.11866,6.32658,4.15549
2.97653,4.02228,4.55225,4.18466,4.27268,2.61923,5.06296,4.16586,4.38151,2.97932
3.94854,4.17304,4.49706,3.26998,2.99949,2.61009,4.97503,4.4419,4.48141,5.15302
3.33771,4.70284,4.55695,5.48955,4.68896,3.17175,3.18715,3.03324,2.07895,4.78312
5.64458,2.3008,5.16492,4.71881,5.36154,5.21757,3.758,5.01886,4.65877,4.59678
4.11669,2.8073,3.40476,4.11126,3.6007,4.68727,3.39594,1.98715,3.74297,2.76099
3.48419,6.21853,1.78456,4.91164,3.97182,3.8284,5.24162,4.40996,3.64808,3.63549
4.10924,5.02117,3.56415,4.16858,3.64789,2.86098,3.3122,4.23641,3.32594,3.67637
4.13108,3.44606,4.97281,5.17919,4.76133,3.75161,3.14078,4.46138,3.83487,4.02289
2.02619,4.90265,5.63153,3.35634,1.19324,3.61285,5.54296,4.46185,4.96399,2.97163
4.55266,2.56607,3.78244,4.27074,3.16819,3.23574,3.57801,5.31221,4.43092,2.39894
5.22052,1.36247,2.57367,3.59938,2.443,4.46923,3.45347,3.67378,3.03252,3.66287
5.35445,2.47611,2.19029,4.20295,5.02836,4.0025,4.1292,1.44051,4.63863,6.43268
2.6927,4.85941,2.30227,3.30774,4.38464,2.51251,3.96211,5.35634,3.07178,5.04681
3.72019,3.2342,5.68584,2.83833,3.91098,2.95499,4.75552,2.37773,5.65429,3.00043
3.49001,3.84381,4.08388,2.24979,3.33666,3.0356,4.50552,5.15921,4.0612,3.71936
4.33457,2.89839,5.05478,5.9296,3.72401,3.44422,2.82175,3.99713,3.84729,4.90459
4.25034,3.49874,4.26315,2.47886,3.69422,4.53348,3.42015,2.3796,4.27663,2.97998
3.3419,2.10813,3.95738,3.30254,3.71846,4.76522,4.34801,3.03395,4.45339,3.56366
6.43047,6.43514,3.77419,3.65377,3.58046,3.136,3.21976,5.41223,4.84301,4.95682
3.25887,5.47912,6.72787,4.3058,6.18132,5.07481,4.48397,4.55399,6.24023,2.93688
3.37808,3.81183,4.19587,3.76644,2.92132,5.8122,3.09257,4.22765,3.90487,3.14198
3.30525,4.42665,4.89435,4.78032,3.82618,4.16026,4.97847,4.50304,3.07188,4.10496
5.1979,4.82753,4.86066,4.08886,3.40888,4.80084,3.426,2.469,3.61665,4.0705
4.62858,3.34061,5.24011,3.62183,3.88326,3.76237,4.01055,4.3864,3.57261,2.03867
4.19491,5.55235,4.90055,6.45713,2.7823,2.87632,4.72912,3.24985,4.29049,3.97537
2.38722,3.48079,4.79186,4.58339,3.01181,2.91999,4.129,3.84511,2.20185,4.05061
4.6557,3.78577,3.27609,5.41177,4.02473,4.47303,4.99242,3.40175,5.06851,3.94254
2.38828,3.00393,3.05453,4.36662,3.89686,6.598,4.24555,2.73641,1.27144,3.16528
4.04827,6.8481,2.88128,2.85353,6.50268,2.50694,3.28261,2.77177,4.27737,4.28765
3.01444,2.26681,6.71304,5.26801,5.13264,3.60595,5.92463,4.19959,3.97133,5.0026
7.06509,3.97793,2.76555,3.76484,3.61636,2.5831,3.4229,4.13364,4.16422,3.14481
4.48526,4.32993,5.21734,4.99441,4.55297,3.79181,5.37145,4.07769,4.8665,4.13297
4.84953,2.9907,2.6872,4.11067,4.22123,5.3419,1.73036,4.46897,4.14747,4.43105
5.32998,4.9894,6.34252,4.97481,2.47738,6.58926,2.4743,4.71037,3.4868,3.05124
6.28396,3.293,3.80415,3.88939,5.50303,4.72266,2.89197,3.46784,3.79013,2.98823
3.90352,3.89465,4.62818,4.02455,3.23772,4.22014,3.04564,5.0041,3.89759,3.88751
4.27483,4.87649,3.0345,3.29194,5.86331,3.34204,2.40703,4.46439,3.18631,3.47266
4.37397,2.98124,3.33565,4.15901,4.98487,2.91159,4.61414,4.30169,3.89814,4.10878
4.87041,4.10474,3.81036,3.17793,5.47246,3.50651,1.5263,4.83972,3.78891,3.99692
4.97873,4.11473,4.03114,3.49631,2.74503,1.59318,5.63418,3.29782,3.08139,2.9723
3.44295,3.90251,6.35866,3.86419,3.90155,5.35918,4.12477,3.08426,4.35953,3.28066
5.91504,4.97173,4.28124,4.29136,5.91924,2.62985,2.24929,5.20247,3.81513,3.80147
5.59427,4.21207,5.3078,1.65196,4.54996,4.55235,4.26875,4.38505,3.80765,4.17578
3.35779,4.32863,4.88012,4.14889,3.18008,4.55133,3.46896,3.51905,3.47679,4.01186
2.43589,5.90493,4.50265,4.78043,4.81745,3.85859,3.7586,4.48113,3.57448,2.98836
3.24047,4.69025,3.73164,3.58775,3.15696,4.02418,5.18745,2.31818,3.59574,5.06686
4.65405,2.4536,4.3532,3.63174,3.07837,4.83225,3.58441,2.57408,3.75621,5.0374
5.21224,3.32965,4.21507,2.12839,3.05031,4.07916,4.73655,3.29893,5.07664,2.12526
3.77577,3.40573,4.58925,2.62393,3.54024,4.6937,4.3312,3.4205,3.51038,4.42771
1.87041,3.6005,3.72457,3.3095,4.67703,2.88451,3.2554,2.46465,1.96555,4.62503
5.3172,2.71879,4.93703,3.27601,3.83689,4.98958,4.15758,4.90746,5.04369,4.52062
3.96605,3.18402,3.99974,3.72829,3.2023,4.82745,4.45768,3.8725,2.93203,3.72149
5.58838,2.35082,4.72582,4.65222,6.0827,4.39287,5.13894,2.44238,3.55179,4.31689
5.04837,3.00582,4.8662,2.67552,4.03069,3.10102,2.48327,4.72963,5.30759,3.41956
0.77929,4.09595,5.54923,5.06978,4.6491,3.85199,4.40624,5.95881,4.36024,3.2773
3.27666,4.58286,3.62112,4.15806,3.98034,3.37193,4.11172,5.04323,3.27895,4.56311
2.14896,4.57321,2.97529,3.7573,3.42178,4.59649,2.72662,4.53277,5.27179,6.02398
5.36194,3.53482,5.0312,3.11593,4.11562,3.20835,3.6971,5.04274,5.68923,6.44922
4.65045,4.97486,5.95753,4.36815,3.4558,4.26738,4.86599,4.15244,3.25527,2.51249
4.63682,3.4759,3.26837,4.50809,4.50301,4.42719,5.39066,5.01668,4.51417,3.46809
4.284,5.3999,3.35179,3.80667,4.53955,4.93377,3.67657,3.24491,5.93471,3.61802
4.55388,4.25038,3.68358,4.18212,4.60074,4.10559,3.19664,3.49073,3.66961,2.64321
4.51257,3.81371,3.33252,6.06628,3.68761,4.02389,2.8559,6.02415,2.75495,3.38425
3.7134,3.3868,4.13753,5.11765,4.76699,5.57868,1.98589,3.508,3.66872,3.49507
3.77992,3.22492,4.74989,3.67721,3.31036,7.67782,3.56223,3.45696,3.13993,3.46109
3.1889,3.73078,4.13502,3.11761,2.97262,3.93103,3.90548,4.41314,3.45477,4.16417
5.3924,3.49181,5.05315,3.35564,4.12622,2.94504,3.03079,2.71807,1.78008,4.02648
2.99762,3.88742,3.54628,4.25531,5.99265,4.46494,4.70507,5.84971,4.62672,3.79504
3.62877,3.46218,3.78406,4.6508,4.31545,4.39503,5.42386,2.73205,5.17018,3.66603
5.74733,1.32415,3.4387,2.22678,5.71661,3.1801,3.49589,2.76151,3.26521,2.4191
5.35948,5.93072,4.63182,5.4575,3.76673,5.76167,4.99564,4.28582,4.19435,3.16018
3.86875,1.56015,6.43398,4.30602,5.42473,6.14101,5.33453,3.44569,3.95272,2.77805
5.82867,3.35939,4.97856,4.3831,4.05519,3.67923,4.24129,3.6167,4.97557,2.06185
4.47929,3.97684,4.04145,4.00947,2.8575,3.24597,4.74039,3.78512,3.97546,2.93876
2.24961,3.2553,3.19321,4.13358,5.66265,2.72268,3.72622,3.94295,3.595,3.41148
3.11835,5.72574,3.77041,5.94114,4.64987,4.81207,4.61425,4.10416,2.69427,4.62106
5.20827,3.98629,2.76856,3.6969,4.73431,3.04593,3.6217,4.39297,4.51391,5.45087
3.46314,3.62139,5.0464,3.0589,5.26372,5.2793,3.41214,3.74208,5.11502,4.44068
2.53316,3.59628,4.94095,3.37424,2.59786,4.09663,3.19076,5.39586,2.41004,4.89126
4.6409,4.89204,5.85461,3.95374,5.25324,6.67851,2.65215,2.26776,2.57686,4.79888
3.47717,2.39366,2.54415,3.51127,4.40196,3.54978,3.13022,4.88203,4.10592,4.46139
4.46784,2.84706,3.9961,4.52846,4.66953,5.15891,2.48245,4.08477,3.08862,4.16483
6.39707,3.15547,4.67612,3.02411,4.83021,2.13677,5.45358,3.59234,2.96404,3.2161
1.41932,5.31273,3.14231,3.49095,2.87319,3.21114,4.76511,3.99247,3.55242,3.91535
4.89567,5.37996,3.46198,2.81802,5.20514,3.07444,3.74374,1.80692,4.09496,4.31077
5.23448,3.58036,3.93883,4.44547,2.89556,3.55901,2.90927,2.29477,3.84358,4.74752
5.61886,4.54091,4.3285,5.24065,3.81492,4.67811,6.44973,5.08329,6.17659,3.79502
5.98936,3.67115,4.5116,3.78287,5.73348,2.97246,4.97305,2.39493,5.34927,4.86539
4.72936,4.77276,4.3074,3.26392,2.64888,4.54306,3.99281,4.14028,4.70742,2.57636
2.77254,4.70557,3.82302,3.91729,3.08231,5.10827,3.69418,3.61694,4.60135,2.72884
4.77344,4.45117,2.67378,3.17159,4.0515,3.41999,2.18311,4.75535,3.95364,3.17374
2.77431,3.38147,3.94915,2.58565,3.6765,4.52879,5.59537,5.29086,1.45726,3.43655
3.21774,5.09557,2.72938,5.51515,5.23476,2.93796,5.22181,3.89494,4.85556,5.31874
3.12447,4.34362,4.98067,4.83713,3.87338,4.53549,2.50878,3.16175,5.34745,3.93357
4.22827,2.42735,4.47387,3.79722,5.35923,5.18445,4.31155,4.795,3.86463,4.31424
2.4671,5.04612,2.46885,4.35009,2.9855,7.35546,3.41643,4.4839,3.28226,4.69246
4.27622,5.57684,3.54734,3.85193,4.28653,5.3534,3.94864,2.48481,3.25403,3.93766
2.49904,4.75528,4.70716,4.03013,3.42226,3.56616,3.54986,3.14696,0.908431,3.95154
2.97878,2.21117,3.75218,4.75841,4.8302,3.28787,4.3052,2.51838,2.96905,5.15006
3.3952,3.45617,3.70227,3.27686,5.01506,3.15799,3.43342,5.88712,5.03194,4.12245
5.71387,2.52989,2.95467,2.92303,3.19923,4.50375,4.12388,3.11747,3.14833,3.66738
5.76193,3.638,4.04776,3.31796,4.13638,4.70051,4.23023,3.47588,4.06095,3.61254
4.37757,3.99188,5.61148,4.05328,5.02399,3.8016,4.12315,4.52009,1.96312,3.45052
4.67551,4.60002,3.21174,3.73627,4.48634,4.41512,4.93381,3.1772,4.57602,3.88584
3.78392,4.05362,2.96005,4.1404,4.88003,3.61425,3.6199,5.13854,3.70257,3.94819
2.26855,4.30372,4.44346,3.82672,2.63276,3.11302,5.16736,4.99374,3.77898,5.29469
4.32668,2.99577,2.64166,4.44719,5.98922,2.84562,3.99397,1.71573,3.41816,4.57959
3.46158,4.31356,3.67422,4.71339,2.44331,3.11397,3.59892,5.18427,4.4644,5.12206
3.24642,3.83083,2.66291,1.91032,2.81783,3.47381,3.19138,3.38095,3.69485,2.55882
2.64658,3.76686,4.90729,2.18358,3.80102,3.51042,3.0831,2.91765,4.10822,3.62715
3.25043,4.37341,4.94443,5.5449,4.81889,5.04834,4.17166,3.51237,5.12425,3.77185
3.77922,4.97284,4.37362,4.43954,4.6104,4.98748,2.20082,4.24539,2.97918,4.51578
3.88486,2.75327,6.17327,4.96446,3.91388,3.98513,3.94774,4.15742,2.2812,2.65156
6.5991,4.43059,3.41477,4.05238,4.64854,2.52871,3.82242,5.04284,4.83785,4.60808
4.98168,4.67426,4.95278,5.20744,4.47366,4.78621,2.83889,4.24752,5.04627,4.6099
4.04296,3.70358,5.00996,3.49736,4.15828,2.98043,2.9149,5.10273,4.89471,4.5861
2.20384,3.78977,1.79301,2.92569,4.26101,4.06391,3.65502,5.79372,3.4862,2.81566
3.30418,5.70128,3.13149,4.74068,3.51186,5.59394,4.31308,4.07922,2.71942,3.36288
5.07557,4.93231,4.45751,2.88576,3.9811,3.66954,4.48289,6.07977,4.875,3.42935
3.29206,2.38978,4.1728,2.21811,4.64101,4.96561,2.22229,5.10952,3.12795,4.6363
2.54427,4.65451,3.6974,3.27176,3.65925,5.55629,5.52947,3.88804,4.25523,4.30791
3.71989,4.02457,4.19406,4.1062,4.85418,3.36138,5.523,2.80165,5.21243,4.65132
2.87519,4.63666,4.32308,2.6678,2.20917,3.31897,5.16019,4.3117,4.31439,3.38401
3.31415,2.74713,4.81213,3.41401,2.77513,5.20081,4.94423,3.46899,3.02214,4.66991
4.49734,4.07051,4.76069,4.53909,3.23128,3.36284,4.63395,5.78169,2.03449,5.99376
3.57954,3.93216,4.49044,2.91101,3.66489,2.83278,3.75883,2.98359,4.12789,4.30737
5.45104,2.14986,2.43784,2.79363,3.1526,4.00103,5.72815,3.67483,5.41426,4.15284
3.02262,4.51955,3.35207,2.96407,4.26541,3.42,3.14658,6.80247,2.26905,4.65589
5.24014,5.60034,4.57907,4.4964,4.00478,4.54124,4.88256,3.66744,3.59733,3.31057
2.4398,4.75527,2.8214,3.88387,3.83535,3.88086,5.8061,2.41689,3.29777,5.0258
2.97685,2.98698,2.70811,4.47051,2.39926,3.17143,5.73651,3.2625,4.05112,3.59925
3.80186,5.4386,2.17873,4.59128,2.98112,5.42172,5.35455,4.67057,3.0874,4.36712
3.42378,4.78198,3.10325,4.40261,3.90797,4.09211,4.50787,3.72903,3.13043,4.09031
3.73636,5.3678,3.72842,3.26419,5.57841,3.92454,4.07575,5.39457,3.89328,4.83963
3.50615,4.08429,4.67751,4.85062,4.31122,3.10736,3.86272,4.61618,6.37407,3.7044
3.51295,4.93621,4.24564,4.48239,3.62298,3.65792,5.22854,7.27346,4.4531,4.16402
5.65413,4.37539,4.04893,3.98736,4.26894,4.88576,4.92478,3.66818,2.10492,4.14548
2.83501,3.5981,3.7755,3.34348,3.59773,4.02708,3.52096,4.94477,4.16094,4.40071
3.56033,4.58776,3.07237,4.46913,3.6411,5.2984,2.44607,3.78106,3.78059,3.73691
4.49154,3.99821,4.65413,2.23133,5.03595,4.02777,3.77174,4.1828,3.47319,3.16664
4.34089,4.68594,4.22367,2.26323,5.44491,4.10186,4.17356,3.60356,2.52098,5.14077
4.45155,3.296,5.87814,4.50763,4.03346,4.80139,2.45232,5.27406,5.66326,4.55817
4.15337,3.67274,5.86069,1.89548,4.00203,4.3896,3.37844,4.93454,3.81658,4.80811
3.916,3.52638,4.34382,2.73461,3.96275,5.98885,4.75519,3.51677,2.67529,2.92702
5.90891,4.04506,4.49731,2.91021,3.83305,3.81476,2.85943,3.31175,3.54189,4.24
3.94277,4.26138,2.95421,3.02854,3.44667,4.52458,4.53137,4.36469,4.42986,3.60895
5.63052,4.80333,5.48694,3.83077,4.40726,5.40553,3.25207,3.71533,4.85781,5.08092
6.41954,4.4773,4.69755,4.96318,3.02735,2.89266,2.47021,2.7392,3.90656,3.59311
4.52229,4.5242,2.93873,2.8358,6.04792,2.77429,2.37318,6.10603,5.1534,5.1021
4.83706,3.30159,4.67554,3.62093,4.40376,3.1914,3.53139,4.50206,2.64256,4.02274
4.01577,4.80814,4.44618,2.69066,4.10529,2.73518,5.03668,2.45262,5.21333,4.95826
4.01652,4.02909,2.36316,3.49217,2.70509,4.06963,4.09692,3.14771,2.54963,4.87956
3.86977,3.53169,3.62062,2.70811,5.10127,4.2786,2.28168,3.67549,4.59763,5.00216
3.16087,4.13051,4.52279,4.09466,3.68326,4.45512,3.37062,5.41586,3.86782,3.84773
4.32267,5.08463,3.92714,2.15043,4.56871,5.09669,2.02049,1.95486,4.13732,3.48145
5.59148,5.65098,2.72078,3.11785,4.42306,3.32223,4.60487,4.6762,1.21709,4.44965
5.53266,3.65838,4.28158,3.32335,4.17669,4.76324,4.86535,3.9354,3.77439,3.68059
3.1635,5.47409,2.85065,5.08233,3.73692,4.37503,3.25776,2.85336,3.8185,4.76439
3.62409,5.37865,4.61122,4.67517,2.89376,4.96231,3.79323,5.31159,3.13218,5.16787
4.97882,5.27611,5.2378,3.33437,5.1178,2.18659,4.65286,1.90808,4.73613,2.28496
5.52387,5.14941,4.6205,3.52187,3.37936,4.05296,3.26365,4.06154,4.58385,5.65632
6.34753,4.12316,4.65011,3.13653,3.05021,3.78851,3.62295,4.15376,2.0828,2.54552
5.12235,4.14082,4.09091,5.23504,5.61408,4.20022,5.12295,3.65414,4.95745,2.6326
3.29566,3.21593,4.29023,5.60726,4.09645,2.63408,2.90741,4.0422,4.12195,4.79821
5.25167,3.75165,4.17104,3.6518,2.00822,5.40823,3.52497,4.24714,5.16457,3.90432
3.34838,3.209,3.15236,6.33311,2.82392,3.53868,2.25625,3.13407,3.90041,2.5462
4.65957,2.92897,2.51373,3.44797,4.55692,4.26179,4.03785,3.38658,2.1042,3.59216
4.11878,4.97505,4.94849,5.78549,3.61098,4.12023,3.51012,4.2936,2.83884,4.47459
4.42676,4.99504,3.15549,2.71558,4.62538,1.41739,3.03589,4.9647,4.75247,5.43734
2.21437,4.65507,2.26487,4.92176,3.89508,3.09481,4.11302,3.51905,4.85286,2.65441
3.65149,2.44867,3.07369,3.27847,4.771,2.41824,3.97343,3.39911,4.76433,4.44703
4.02984,5.22128,3.06639,3.77943,2.10285,2.78646,2.61524,5.18724,4.02955,4.57762
3.72698,5.56667,3.57988,2.95554,1.39896,3.31027,4.70562,4.27129,4.18478,3.69822
2.77854,4.21862,6.30569,4.15353,4.35002,1.74035,3.51007,5.18211,3.99125,4.66769
3.20921,1.87316,4.69117,3.37118,3.44962,3.68356,2.62028,3.47057,4.8971,5.79601
4.81047,2.77673,3.20827,4.93192,3.93851,4.37436,5.1366,5.04665,4.1218,2.7711
3.04667,3.86106,3.33196,2.21466,3.52754,4.22149,3.309,4.36962,3.01221,3.18165
3.73352,5.38169,6.50049,2.91029,3.95546,1.18,6.14358,4.99228,4.4212,3.91008
3.96302,5.91291,3.97629,2.63157,3.27446,4.44659,2.08835,3.37191,4.89103,4.5885
4.8608,3.77303,4.61933,4.27096,3.01885,4.01762,3.70487,1.91807,3.17268,2.69952
4.14292,4.36474,4.12028,4.12903,3.33458,2.45505,3.75194,4.83812,3.82552,3.73512
4.02153,5.49639,3.64959,4.05074,4.44569,3.69466,6.03053,4.66577,4.23195,4.17769
3.91628,3.20085,2.86897,4.12809,4.47209,4.99291,3.71959,4.16644,2.3499,3.19471
3.08326,2.88572,4.23284,5.39245,5.12145,4.14412,3.34926,4.39878,3.79036,5.07112
2.10369,3.72369,5.55441,4.33047,4.16747,3.56985,4.61157,4.3067,4.60021,3.79684
3.21619,4.49554,3.14536,4.6556,2.63774,3.1786,2.74575,4.53952,3.7239,3.92056
4.60999,5.05308,4.26851,4.22429,3.72716,3.65964,2.76476,4.5014,2.47639,6.25221
2.65661,4.75247,3.17628,3.22245,4.22262,5.31303,3.49963,5.63464,4.67724,3.4683
2.87214,3.1794,3.92351,6.27424,3.45139,4.62729,2.78605,3.5215,3.94921,2.80421
5.85532,2.64066,3.68701,3.4548,3.25113,4.85019,6.30441,2.04571,5.0532,4.67251
4.44911,4.47248,4.89663,5.0129,3.72834,4.85927,3.01516,3.49112,4.07165,3.73286
3.86015,2.26904,6.32505,5.04317,4.19788,4.62353,4.66564,2.66884,2.20834,3.05498
3.01216,5.06118,4.11431,4.46546,3.31627,2.4217,5.0047,3.42171,3.37145,6.45828
4.35074,2.81863,4.84393,5.78134,3.97069,4.03326,5.26726,3.80398,1.86877,3.42679
4.7114,2.23967,2.95197,5.87852,3.77305,4.49181,2.2876,4.46115,4.28355,2.71581
3.49702,3.89898,4.1611,4.55375,5.03097,2.86084,3.02858,4.08193,3.02888,3.72215
3.82033,5.30778,2.52282,4.65385,4.29593,2.71807,3.80215,3.41864,2.97971,3.20557
2.90912,3.57493,4.93892,4.32418,5.29927,3.66883,3.38354,5.0593,3.28567,3.6496
4.97187,4.52013,4.2584,4.27092,4.63195,4.49922,4.45381,2.28311,5.4211,3.49211
3.97893,4.65275,4.84268,4.79459,2.12231,4.44461,3.2405,5.88756,5.85011,4.8316
3.00546,3.33922,2.70424,4.04546,2.79316,5.13898,5.3246,2.97656,4.14138,3.39545
4.5643,4.83067,4.32543,4.52545,4.46107,4.44473,3.32998,3.59237,4.23973,4.32629
3.35226,3.87328,4.32598,5.33755,3.2343,4.02527,2.3955,4.69259,2.87076,5.19556
3.66009,2.75569,4.10758,5.00028,4.43419,5.12601,5.22959,3.42103,4.47197,3.35478
4.38978,5.90709,3.72652,4.65521,3.60595,5.10123,3.8945,4.29363,4.56055,2.68396
4.11519,3.44125,5.46448,4.48477,2.74133,4.74684,4.49677,2.28654,3.53744,5.10983
3.11063,3.3397,6.24307,4.2905,2.26955,2.73074,4.8772,4.04404,4.62571,3.83376
4.55671,4.77088,3.83272,4.98178,4.21907,3.92908,4.81014,5.00207,3.61573,1.83334
4.09134,4.07118,3.64475,3.59739,4.7085,3.44175,5.53602,3.22399,5.12461,4.85015
3.77013,3.40474,4.85891,4.01878,4.87444,3.05686,5.04885,5.14784,3.91254,4.11634
4.22172,4,3.34624,2.99735,6.26275,3.24576,3.88499,4.43856,3.67482,2.79902
5.05889,4.53643,5.4134,5.02771,3.66913,4.03301,5.04215,3.85806,4.49248,3.153
6.30391,2.44063,3.22366,3.30036,4.91568,3.41242,4.88464,4.41145,4.34576,3.98353
3.26885,4.58197,5.26295,3.75109,4.857,4.97465,4.47246,4.83525,4.4259,4.18846
5.23074,4.41819,2.6451,5.67938,4.19884,4.50152,4.24129,4.4485,3.69573,2.45225
3.23459,2.92115,5.36755,3.85878,2.69648,4.17085,4.7629,5.76697,4.72046,3.52449
3.28566,5.40658,3.92148,6.13288,3.19513,4.39061,4.07486,5.84616,3.89625,4.57038
3.9835,3.83874,3.35701,5.32893,5.45942,2.88847,5.74204,2.29269,3.24459,2.95659
3.34434,3.30743,2.75056,3.93061,4.20574,4.58392,5.59633,4.15948,2.68467,5.85273
3.76515,3.36047,4.24813,2.98497,3.32652,2.91419,3.88141,5.07263,3.62605,5.21363
4.61616,3.74636,2.58113,3.50292,3.98528,3.84377,4.40488,3.57666,4.75906,5.59254
6.59527,3.97292,4.22877,4.80118,5.2871,4.50363,3.63873,3.08144,2.38239,4.78176
3.74324,1.37983,3.18905,5.74836,4.84938,3.349,4.0871,3.95722,1.81308,3.77293
2.82053,4.59165,3.48464,4.70625,4.12881,3.23766,4.15324,3.25774,4.61416,3.6409
5.16985,4.42498,2.08146,4.35883,4.61631,4.57659,2.13786,5.8204,3.79466,5.16969
3.9544,2.35538,6.27371,3.84621,4.76925,6.41734,5.20593,4.3617,4.75473,2.89233
5.8861,4.70028,3.44792,3.15471,2.91909,3.72585,4.6001,4.74167,3.27218,6.25344
3.16557,4.76248,2.35187,4.27453,6.0785,4.94096,4.14108,4.15927,2.25876,4.11768
4.02879,4.99566,4.88909,4.11891,4.10733,2.52154,3.52851,2.47554,2.7255,3.34039
3.54582,3.07245,4.6845,3.45594,4.78592,3.87058,6.40367,4.45164,3.95946,5.65309
3.57932,5.11042,3.22194,4.55103,1.46413,4.6571,4.46047,5.53422,4.31734,3.93152
5.43638,4.19554,3.75479,4.60202,5.25435,5.92418,5.04329,4.41495,3.59662,3.49477
3.32834,3.71756,3.6963,3.62933,4.44362,4.51406,4.27799,3.25422,3.7961,3.34713
5.04777,5.79551,3.92458,3.15687,6.15852,3.55739,5.77639,5.93357,3.09587,3.27444
3.43831,4.64205,3.27595,3.31403,2.92344,4.81385,4.52057,4.64954,3.60566,4.04896
3.10452,3.88136,3.49251,5.38103,4.29158,4.48392,4.32474,3.15486,4.69051,2.2221
4.33749,3.92695,4.32265,6.14144,4.51911,6.41445,4.55997,6.1016,2.13368,4.21197
4.30079,3.91687,5.0754,3.3744,4.13499,5.9395,4.36811,3.69115,3.46642,4.38812
2.97016,2.87929,5.11905,1.87559,4.15945,4.64961,4.66557,5.22639,4.7558,4.88389
3.06994,2.39124,3.77978,5.2003,3.69444,2.39713,5.45516,1.82928,3.2399,1.8166
2.50369,5.04588,4.0651,2.62159,4.70137,3.72519,3.1286,5.05666,1.44287,4.02602
4.61279,3.70105,2.78096,3.50483,3.68641,6.93813,2.28744,3.29432,3.33534,4.95653
3.84618,3.84757,3.45767,2.99824,3.14997,2.55578,3.9667,5.4168,4.11126,3.55694
2.41716,2.21316,6.08886,3.26674,4.19173,4.17968,3.02836,3.37918,3.81233,3.63515
4.64591,3.30602,3.46348,1.72732,5.78893,4.28016,5.21874,2.89507,3.80021,3.46036
3.46999,3.72989,5.25107,4.66395,3.29142,4.38377,3.8918,5.17453,2.73385,5.86723
5.27169,4.52976,3.59404,4.23776,3.60818,4.10205,3.30132,4.22693,4.02953,5.60865
5.35753,3.7539,4.93611,4.20517,4.07151,3.28121,3.32506,5.22331,3.47733,3.40983
3.2791,2.98751,2.92167,4.00917,4.02572,3.85097,4.16883,4.70007,4.66688,3.102
3.33379,4.59831,2.76583,2.42696,4.48699,4.20828,3.40961,3.85363,5.6604,4.46663
3.38781,5.33123,4.86756,5.32839,4.36083,5.3827,5.04546,3.10299,2.10006,4.30044
1.5653,4.02168,3.68529,2.20247,3.87252,3.10403,2.67609,5.08593,3.17465,2.51884
4.68528,4.49086,5.62139,3.42451,5.35128,5.14135,4.41315,4.78908,2.56465,2.66521
2.99902,5.62222,2.41751,2.95745,4.41785,2.37391,4.19588,4.80947,3.32893,3.87292
3.76859,5.97964,5.01131,5.42872,3.54019,2.70887,3.06387,4.05321,3.02512,3.98135
3.99749,3.93543,3.70401,2.83758,3.18873,3.64554,3.73489,4.66443,5.12058,2.47172
4.56174,3.85521,4.93389,3.438,3.08061,3.5036,3.69939,5.19655,4.69349,3.92596
3.74394,4.4021,3.27016,3.77305,5.08298,3.10445,2.75247,4.31419,3.76968,3.55041
3.8876,3.24553,4.42782,2.66877,2.22434,3.26291,4.06165,5.15821,3.0241,3.16007
3.44324,5.2006,5.04698,3.6619,4.29572,5.00835,4.81863,5.02157,4.39236,3.55341
3.6561,4.54387,5.58166,3.17743,4.60807,5.55478,3.7651,4.61588,5.8388,3.75282
2.85201,5.27039,3.85365,5.26534,2.81751,3.5322,3.47616,3.36422,4.24089,3.6025
4.81923,4.09319,4.06612,3.86925,2.89261,3.39269,3.20706,5.0953,5.56302,2.99413
4.85101,2.93079,4.50124,5.70279,4.28952,3.54022,2.49263,5.05174,3.22498,3.04157
4.65718,2.86249,3.98487,5.11601,5.68601,3.72215,3.18368,4.49401,5.351,3.70136
5.6713,4.31199,4.20175,3.74888,2.53156,2.99149,3.92186,3.91014,3.96467,2.1978
3.62201,3.97452,3.93352,2.37691,1.83686,6.35323,5.18608,2.73139,2.53055,4.65528
5.90039,4.34759,4.98258,4.19286,2.90272,3.43314,3.84347,3.08089,3.11986,3.89198
3.78734,4.45818,2.51128,4.56982,5.43471,3.32442,3.65981,3.88617,3.70118,4.42502
3.45502,2.73897,2.75052,3.92906,5.2647,3.33192,4.65739,6.70165,5.76019,3.18466
4.10885,3.66589,3.27491,3.5879,4.00906,4.19415,4.44107,5.22139,3.55428,5.25123
5.43401,4.99193,3.74871,6.12414,3.69436,3.83732,4.18656,4.39664,3.9626,4.77735
3.6937,4.31886,3.679,3.76721,2.57959,4.39221,3.80803,4.87269,3.47605,6.22374
3.65932,4.59299,4.21173,2.54068,3.50108,5.01437,2.56311,3.94307,3.64984,4.08575
3.47312,3.57006,2.18734,4.57371,3.53565,4.21859,3.44391,3.67001,5.58644,5.2307
3.3793,3.67418,3.56612,3.49557,4.63586,2.27924,4.45647,3.80039,3.77286,3.61762
2.97026,3.66527,4.82155,2.8698,4.17221,4.79977,4.33236,4.21576,3.0025,2.95293
5.12118,3.65813,4.80924,4.41898,4.85363,3.66076,3.1957,3.60482,3.68594,2.97515
3.86112,4.7891,3.52974,6.16455,5.16674,3.63951,5.89919,5.19249,4.19897,4.01695
3.09033,2.39931,4.38214,7.29428,5.30232,5.56223,2.7143,4.32221,4.39488,4.30376
4.30014,5.18569,4.00072,4.05689,3.59031,1.66423,4.23791,4.15901,4.2703,1.91725
5.55616,2.83871,4.65448,4.66802,4.51099,4.2608,4.62026,2.37574,1.73415,3.90605
3.94672,5.49566,6.8161,4.4072,4.64594,5.48767,3.19811,3.41522,4.31457,3.86222
3.48891,3.18282,3.34884,3.48096,3.59263,3.52612,2.22053,1.96689,5.142,4.74814
5.38108,3.45339,4.82465,2.43439,4.14293,3.02332,3.2455,4.80241,4.02688,3.0693
3.50693,4.952,5.07818,4.99538,3.95325,4.58741,3.77942,4.66696,3.19714,4.3446
2.2184,2.17482,3.75742,5.21057,3.98749,4.9555,5.36414,3.62686,3.64377,3.80391
4.27896,2.78178,2.96166,5.02125,5.56194,5.5892,4.30949,4.25435,4.72829,3.32152
4.50919,2.35505,5.25486,3.63394,2.15514,3.28031,4.55887,4.22722,3.608,4.29857
5.04129,5.28147,3.34038,3.42671,3.73077,5.88902,4.01179,3.74125,3.97214,5.63447
4.26904,3.26405,2.81338,4.94866,2.65594,3.79375,3.23711,4.19259,4.51233,4.10018
5.51844,5.06025,3.45056,2.78295,4.8142,3.87439,4.69347,3.53935,5.22534,3.47306
4.69077,6.2788,3.55391,3.44472,4.27088,3.74741,5.18681,4.5488,3.97258,2.55928
3.7612,2.57326,4.65146,2.98629,3.96445,2.12466,3.91847,4.12404,3.67424,3.77809
6.38609,3.92725,3.38993,4.89713,3.28771,2.91577,5.16175,4.79017,4.79887,4.50333
2.4096,5.18291,3.79124,3.62308,4.41649,4.04264,2.69475,4.12386,4.48214,4.1388
5.08785,4.28055,2.33356,4.48214,3.53042,4.91689,4.45658,5.48027,5.82129,3.09604
4.22589,3.33358,4.79338,3.60988,5.01288,5.3504,5.43607,3.49592,2.08919,4.11687
5.65,2.42756,4.59734,2.44055,3.70341,3.98364,3.94938,3.49334,3.40622,4.08699
4.94767,4.68132,4.69979,3.43564,3.83587,4.49942,4.90157,3.22315,3.34384,2.29457
3.47238,5.02413,5.63259,3.25799,3.16089,3.31375,3.85268,4.30446,4.01776,5.1552
4.53026,4.67357,5.41914,4.0651,3.2074,2.4663,3.30685,3.67728,3.71035,4.11892
4.06673,4.12467,4.02173,3.80316,4.33499,3.63499,2.42784,4.27737,2.59547,4.72858
4.61812,3.19398,3.59772,3.27881,3.43758,1.64133,2.25789,5.54963,4.03998,4.03637
3.22578,5.89821,2.01834,4.2505,4.17092,6.36688,3.10292,4.19677,2.25513,3.97142
4.13953,3.45672,5.64842,3.58611,2.62991,4.16123,4.72903,5.49778,2.63272,3.10631
4.72722,6.24473,3.16291,3.69457,4.19615,4.03459,3.24056,3.20281,4.42085,4.72183
6.76388,3.88901,4.5096,3.92152,5.93937,3.49334,4.66975,3.6319,2.19087,4.41037
3.75166,2.89478,3.61167,5.05647,4.95544,3.95108,3.31925,2.97004,3.48494,4.06766
3.61197,4.62063,4.93994,5.69093,4.87587,4.70583,4.47414,2.62297,4.0755,4.9182
2.01681,5.29241,5.48958,4.22418,4.79711,3.30933,3.47059,3.0366,5.10266,3.84019
3.52292,2.66645,4.14696,3.46779,4.589,4.11275,7.14927,4.10916,2.89394,3.85373
3.27265,2.57989,4.1991,4.18288,2.7118,3.27945,2.69982,4.47931,2.79204,6.13423
5.18221,3.98652,4.86677,4.55782,2.08348,4.2956,2.60389,4.11599,3.58265,2.88402
3.4514,5.87444,5.31744,5.95002,2.12451,3.23533,3.41571,4.04239,3.75691,4.60974
5.21701,3.68419,4.11132,2.44982,3.0405,5.03574,4.01993,3.33635,3.48953,3.42331
5.1434,4.98938,3.96813,4.09456,2.47169,3.06992,3.61601,5.98541,2.4576,5.69159
5.35544,4.86985,4.11348,5.0192,3.30799,5.50169,4.474,5.72357,2.05677,3.19711
4.90208,4.32662,3.93722,3.94712,5.2767,3.67608,3.0496,2.66833,6.27766,4.88532
4.90032,3.78073,5.01432,4.73101,4.47365,3.76866,2.03169,3.30866,4.92596,2.09653
3.97579,3.44386,3.73221,4.96244,3.77065,2.24375,5.73201,3.37306,2.40738,3.99685
2.74825,5.00916,4.88427,5.29802,6.26573,4.47873,3.55574,5.86025,4.40474,3.88584
4.11555,1.86936,2.46514,4.37608,5.31592,4.09164,2.6971,3.30539,4.52104,4.32657
4.80644,1.62884,4.71824,4.66789,4.7857,4.02342,5.52319,3.14414,2.39803,4.98189
4.77002,4.78671,3.346,3.83976,4.44177,4.18325,5.32088,2.84628,2.26153,3.94002
4.60535,3.55477,6.04249,4.07716,4.37856,3.31722,5.07346,3.91457,4.68199,5.3544
3.83236,3.78401,5.83962,3.17229,2.11663,3.11751,4.18745,4.21861,4.03275,5.91588
4.74892,4.34452,4.53241,3.7798,4.32016,4.2508,5.27842,4.47556,5.41332,4.5863
3.40272,5.18758,4.1647,4.40349,5.55023,4.19073,2.18006,3.52695,4.49523,4.12435
2.34451,5.13601,5.22362,4.29797,3.78611,3.58259,5.51644,3.25292,3.44276,3.13877
4.5357,4.91295,3.81178,4.33546,3.01784,1.98031,4.17398,4.4578,3.69031,4.78756
5.34632,5.41133,3.43873,4.31537,3.08654,1.68349,3.66803,3.97386,2.84836,4.82595
3.73779,2.31144,1.84444,3.1353,6.04039,4.45705,5.72498,5.01995,5.50879,4.96296
4.11391,5.22084,5.98748,3.55714,2.3829,4.14637,4.71377,3.55016,3.11928,4.53745
3.49296,5.2893,2.89112,3.75286,4.02206,5.6331,2.51532,5.82003,3.73375,2.37237
4.91562,3.90814,2.45213,3.71333,4.40617,4.38183,3.08498,3.50254,3.90241,3.51604
5.73029,4.02901,4.78709,3.77584,2.49917,2.42681,4.00945,2.38665,5.55813,5.70238
4.74823,4.38425,5.23897,4.61313,2.84577,3.33445,3.19858,4.99943,4.08428,2.78827
2.79018,4.17743,4.81405,3.3443,2.71626,4.17437,5.87795,3.15647,4.85982,4.808
3.58809,3.76584,3.64937,4.99311,4.27022,4.49539,5.62674,3.69641,3.31497,3.22708
3.25905,2.7506,2.27047,4.73733,4.16542,4.26907,3.25564,6.0635,3.25181,2.2902
3.88662,3.85572,3.11188,4.07625,4.28611,3.9604,4.00357,1.90936,4.97861,3.63291
4.09804,3.45303,5.94428,2.6254,3.23363,5.59817,3.2223,3.90145,3.90378,3.06816
4.69184,3.99854,5.74956,2.96828,2.36767,4.90446,3.89705,4.72538,4.49277,3.02567
2.75317,3.52771,3.77184,2.45687,3.57628,3.15137,1.69737,3.01725,3.68603,3.39777
2.38669,3.41931,3.37373,5.09157,3.1833,3.86487,3.6128,3.71544,3.73451,3.67723
4.85079,2.56793,1.36192,5.78248,3.51214,5.12068,3.44434,4.64634,7.68229,2.27207
5.21132,4.9274,4.04108,4.93536,2.6298,2.28171,3.90392,5.30417,3.44017,4.7258
5.26474,6.17804,5.04082,3.46611,4.40921,3.82445,3.87391,3.75302,3.08291,4.51967
3.90361,3.16665,5.28447,4.09502,3.47556,4.60299,3.06728,4.72083,4.58957,3.56257
4.03902,3.3759,2.67539,4.77189,3.1125,4.54625,3.00756,2.54532,3.58293,4.56614
3.21872,3.702,3.84694,5.2693,4.05693,3.77508,3.80416,2.64816,2.9868,3.29996
2.80366,4.02627,3.05947,3.02615,2.75385,3.40409,3.97979,4.41306,4.28171,3.80002
4.36803,3.14272,3.58883,4.72448,3.34106,4.16576,4.70938,4.80497,3.5555,5.11818
3.2147,3.18726,3.71741,4.12223,2.93784,5.0626,4.37207,4.22255,3.69756,3.06558
2.71799,2.58156,5.30075,2.62113,5.61876,3.96314,4.05809,3.01538,3.93164,4.40628
5.1405,4.87449,2.84007,4.96658,3.69716,4.15135,3.04394,1.74323,4.95299,4.63655
3.20621,3.3424,5.27846,5.20689,3.08941,1.95871,4.19952,3.26881,5.54836,2.35549
5.17733,3.98152,3.73468,4.98031,5.06605,3.44419,4.17542,5.10704,2.26616,2.25654
5.82792,4.99638,5.11761,2.64604,4.06665,5.18436,2.93593,4.31499,2.41647,3.58837
3.55515,3.66293,5.17309,3.79638,3.7078,3.45923,2.7332,2.53734,4.70291,4.2727
4.0201,4.71406,2.97525,4.7643,3.76899,4.73382,3.81925,4.00898,3.35463,6.75634
4.01812,3.07438,4.286,3.8314,5.04947,4.5161,4.09344,3.93574,1.80208,5.08826
3.22652,4.34927,2.81686,3.32727,2.79519,4.09929,3.63428,3.81224,4.23092,3.86692
3.54215,4.4985,4.4192,3.71376,1.19362,4.54673,4.59305,3.06705,3.16174,4.61385
3.16732,3.5242,4.75989,2.49293,3.57691,5.94035,4.02909,4.90972,5.98096,3.41912
2.65645,4.94631,3.74085,5.21264,4.51118,4.88937,3.3396,3.49937,4.26916,3.64793
4.58838,5.27104,4.04114,4.19406,4.09192,5.45888,5.02218,2.77568,4.64302,4.52249
3.58827,4.27564,4.87892,5.06773,4.88395,3.61753,5.0557,2.67939,2.87401,4.56092
3.7508,3.58579,1.49581,4.47859,2.62693,2.6501,3.64885,3.24453,4.50842,3.81995
3.69071,7.12826,5.64258,3.17296,3.49404,5.46898,4.31871,3.21561,4.51441,5.04332
3.28838,3.94307,4.93838,3.3038,3.56852,4.21639,3.36094,4.559,1.0222,2.96258
5.54715,0.8647,2.91834,4.73657,3.20667,3.45821,4.64983,3.51349,3.69897,3.52474
6.08717,3.25916,4.50725,4.71352,4.45885,3.63898,3.56398,3.80685,4.42596,6.25778
3.70943,4.635,5.56218,5.68987,5.61859,5.46961,4.43359,3.79193,2.58403,3.79386
3.98682,5.70995,5.79476,4.75117,4.16917,3.72184,1.17114,2.69378,3.91894,5.29218
3.94606,3.63432,6.25508,4.05595,4.69594,3.55603,4.5836,2.60944,5.0847,5.18164
4.6674,3.35085,3.51858,3.69868,4.52448,4.20974,4.42945,5.13027,3.23096,4.04589
3.66041,3.90974,3.39812,4.51694,2.23558,4.59282,3.34732,5.76319,3.82232,5.45742
3.32359,4.50306,3.15359,6.31407,4.42417,4.61377,4.29026,4.65957,3.24137,3.35303
3.73088,3.97056,4.15083,3.17932,4.40232,3.25548,2.28095,2.84809,5.55703,5.66845
5.19547,2.82635,3.65992,5.89331,4.87637,5.10494,5.94993,2.93096,3.23008,2.44571
4.30804,4.18027,4.34638,2.89295,4.75015,3.39928,4.97282,2.6446,3.25823,3.84316
5.00492,2.42618,4.46914,4.09012,4.71996,5.87754,3.77834,3.07442,3.07663,3.52879
4.40227,3.81122,2.15579,4.11151,3.82506,3.47235,3.97556,3.90197,1.6296,3.48576
3.66024,2.69689,3.77822,5.16615,2.76854,4.48372,4.29699,4.244,4.54433,5.35454
2.5561,4.61207,3.22738,2.47321,2.77229,5.51477,3.21594,3.94993,3.99129,2.50235
4.30837,3.83155,3.1814,6.21423,3.80415,4.26005,3.75643,1.45162,2.70565,4.15148
3.74577,5.48042,2.59841,4.9788,4.30746,4.53755,2.49277,5.13338,2.53089,1.944
5.16238,5.61977,3.938,3.58699,4.00725,2.37675,5.25874,3.36823,2.17465,4.11702
2.36166,2.87565,3.49862,2.47539,3.70802,3.93914,3.03975,2.76694,6.36934,3.88712
2.02234,4.09113,5.2017,3.98511,3.04376,4.04354,4.16915,3.54896,5.61941,4.26992
4.26046,3.99156,3.38372,4.05054,5.29559,2.05303,4.72279,6.23282,2.54794,5.19361
3.53774,4.97158,4.18508,3.79499,1.0544,4.83484,3.28584,2.5103,3.09335,4.23864
2.40208,4.59192,3.58944,4.17641,4.43401,5.2618,5.00339,2.78874,4.22814,3.54515
4.90764,3.4427,4.11522,3.36718,2.91023,2.18053,3.93904,3.19891,3.25545,4.1277
2.90211,3.95394,5.44668,1.54547,3.18839,3.99976,4.88517,3.76683,5.39189,4.36397
2.68975,5.42132,4.20647,6.27397,4.45942,4.50202,6.26558,4.23452,4.64014,3.45742
4.28789,3.11239,4.24676,5.26071,4.42025,2.04445,2.43346,2.85262,4.08562,2.64125
3.39575,3.0496,3.85672,3.32961,5.05847,4.66231,3.76097,4.36893,5.97435,4.11508
3.95134,5.28604,4.61796,4.60315,4.41121,5.66554,4.44743,4.04321,4.49538,3.46134
2.80895,3.76004,3.45753,4.82219,3.90427,3.21619,4.4134,3.30958,2.71592,2.34101
3.43108,3.30836,4.38006,4.83183,3.97319,3.15046,3.9142,4.40031,3.35256,3.87781
5.53138,3.50236,4.94491,4.60885,3.71104,4.59711,2.18557,1.82109,3.98955,4.61681
4.94514,3.4664,2.71125,3.48501,2.24148,4.49758,3.40021,3.59877,5.11201,3.55169
3.51035,4.77902,3.6736,2.85474,5.80773,3.91449,3.39,4.87488,2.88581,2.44844
3.32782,5.50697,2.16575,4.55413,2.91627,4.52526,4.3286,4.99874,3.63522,4.09265
3.58512,4.34432,4.49775,2.71556,3.15679,4.73878,6.32711,3.82728,2.95557,2.68593
3.28411,3.10215,2.83605,4.65664,4.48755,3.9781,3.35434,4.50812,2.63959,3.14264
4.81366,3.70921,3.70049,4.55781,4.07054,3.73337,3.13274,4.30309,2.69758,6.67489
3.63063,2.31741,3.13664,5.79808,2.01671,4.17675,7.55602,3.65312,4.58421,3.47062
5.87115,3.58162,3.39177,3.33681,3.54714,4.26439,2.8872,2.75341,3.81125,3.8296
3.94627,2.97216,2.3499,5.36021,4.6589,2.8014,5.01009,4.83135,3.46942,3.11018
3.62007,4.38438,3.87082,3.514,4.68209,5.69187,4.04825,3.10575,3.44206,3.68332
4.2549,4.13554,5.49739,4.96199,4.17614,3.90976,5.02076,4.61865,5.6743,3.65276
3.21984,3.30594,3.60055,6.15992,4.26496,3.82232,5.8461,5.44428,4.49565,4.17076
3.34526,4.89905,2.86006,4.9192,5.70676,3.68153,2.73874,4.66255,3.89649,3.10575
2.80939,5.35882,3.77839,5.89258,2.23625,4.33901,3.97747,4.26023,3.84768,2.54593
5.40875,5.59854,4.15746,3.71215,5.55852,4.09686,3.56271,2.51889,6.16476,4.92044
4.15476,5.45641,5.61071,3.24202,4.84825,3.00987,4.38505,3.58806,1.22447,2.6203
2.37274,3.02638,4.57429,4.98078,4.73306,4.46337,3.29852,2.768,2.25903,5.22634
5.30368,3.37964,3.48557,4.31466,2.17749,3.4003,5.35738,2.12997,3.45626,1.82239
4.09176,5.23619,5.87108,2.36546,4.96386,2.82942,5.31391,2.84317,4.10091,4.92724
3.30541,4.75246,2.3432,3.89582,4.74091,4.61819,3.09481,3.22212,3.90749,4.51385
4.94687,5.25757,2.51546,3.90475,3.67474,3.04604,4.36989,4.32115,4.95526,4.45401
3.9771,4.41291,3.79602,4.5947,3.41263,3.65589,1.6193,0.96617,4.18165,6.12078
4.98007,4.6389,3.84533,4.04553,4.0772,4.09266,4.98171,1.75083,5.88575,3.76778
4.8844,6.83036,3.93346,4.06833,4.45721,3.8655,4.12823,3.89598,4.15582,4.56611
4.54101,4.38672,4.58067,2.37688,5.09041,3.6788,3.80457,2.32887,3.73346,3.87643
4.03322,4.02261,3.13785,4.33385,4.82859,4.67183,4.57072,3.22319,5.39465,4.32867
6.37001,4.30807,3.62435,4.61752,1.99981,5.13426,3.73187,3.11432,4.08083,3.14703
2.46,5.74094,3.70614,4.5716,3.42826,4.15973,3.24861,7.22639,2.55772,2.41334
2.57512,2.8395,4.30203,3.27429,3.24232,3.66342,4.24379,4.62244,4.52666,4.94106
4.76024,3.32213,4.38105,3.49233,4.30732,3.4092,5.29441,2.52668,6.70712,5.6
4.21708,3.14767,4.90625,3.86146,4.41754,5.04351,3.93559,4.99356,3.92074,4.05372
3.94545,1.67907,3.22038,3.24647,3.34939,4.26522,5.67679,2.78798,6.20897,2.17675
4.99779,2.24938,2.81218,4.92916,3.32021,6.51904,4.92653,4.46434,2.72017,4.81368
5.67255,4.84805,5.7466,4.79606,4.82633,2.85316,5.59318,4.88369,4.61853,3.7304
4.94966,4.11834,5.95959,3.91194,2.1614,2.81852,3.05801,3.5527,3.36705,4.86931
4.39657,3.17964,5.29281,5.41254,4.07527,3.65763,6.13325,4.66107,3.38884,4.05179
5.51377,4.87903,2.02225,3.49364,4.76433,3.82436,4.66235,5.21824,3.03073,4.24679
1.84913,4.61056,3.63038,4.43199,3.63353,4.76675,5.05621,5.64984,4.76161,2.52255
4.60763,3.35761,3.58425,2.66999,3.41282,3.24358,3.81398,4.39559,3.67698,1.57773
4.95524,4.19628,4.94342,1.39999,3.03148,4.09787,3.60118,4.85283,3.63246,4.78278
3.79178,4.17685,3.17417,2.96164,3.15398,4.7113,4.77803,5.65997,4.77442,4.62338
4.30368,4.25386,5.00269,4.67723,4.729,7.42684,5.78065,4.30272,2.68801,2.93276
2.00448,3.04035,3.82489,3.86716,3.78613,3.69037,4.44567,4.05494,4.71851,4.49663
3.35355,3.15892,3.14469,4.64381,5.02117,4.73561,2.89817,3.88854,2.95866,4.08569
5.63492,3.56934,2.16431,4.31732,5.82738,3.64493,6.16516,4.02132,4.72072,1.67821
4.9715,4.25199,3.78245,5.32367,3.7456,4.46498,3.56257,3.84101,4.81375,2.86147
2.74514,3.7612,3.68271,4.69036,3.79225,3.96624,3.64908,3.67265,3.49241,4.49606
4.6225,3.75697,1.70535,4.96161,4.54078,2.95661,2.14466,2.45945,4.09468,3.64184
4.06111,3.77496,4.3486,3.52156,3.61597,2.035,4.13232,4.1793,4.05559,3.66176
3.49363,2.80668,5.50498,4.74046,4.57424,3.15672,2.24803,3.93264,2.83172,3.69132
2.4875,4.71856,3.40156,5.865,4.6497,4.59417,3.79545,3.34241,1.38854,4.27032
2.67096,2.71208,3.18281,4.31085,2.446,4.47701,4.39683,3.8802,5.58696,4.12894
3.94682,3.40071,5.265,3.85488,4.44499,4.48314,4.02617,3.76753,3.58628,4.99406
4.62853,5.39007,3.96821,4.37702,3.18364,4.26581,4.9696,4.81196,2.74036,4.55977
4.34356,5.32676,4.35884,4.44709,3.21887,3.99009,1.61006,5.60267,4.33721,2.87011
5.37669,2.98822,3.54666,6.58511,3.23165,2.46506,3.4375,4.16612,3.6918,4.91765
3.97701,4.83263,4.45504,5.6657,3.52394,3.86139,3.31208,4.62002,3.44512,2.67293
4.54891,4.51955,3.3567,5.39218,3.04153,3.94694,7.11854,4.43963,3.20538,2.4957
4.14334,4.38033,3.53347,3.84604,5.35595,4.38874,3.84716,2.24302,4.51078,2.57642
4.5326,3.12351,3.17756,4.7775,3.5171,4.74603,3.6756,3.55989,3.93555,3.56736
2.47926,4.46239,5.70577,2.53606,4.96678,3.36786,4.29264,6.77878,3.43141,4.78227
3.49674,4.11651,4.23729,4.11834,3.85453,3.26475,4.80375,2.30123,4.94941,3.20986
4.61454,4.46698,4.1381,1.9236,4.71768,4.10024,3.96494,4.42082,3.76856,5.22704
4.39976,2.33931,1.76109,3.00671,4.43483,4.91805,3.71771,2.44185,3.37948,4.32748
4.21869,4.99815,5.33122,3.94641,2.3833,3.88382,2.75835,2.77681,5.37476,3.85196
3.22932,2.97678,4.35544,5.6812,3.97753,3.82546,4.43332,4.69047,2.68046,5.50019
3.21727,4.19528,3.40051,4.87135,4.84854,2.63904,4.17562,3.39402,3.48133,4.27262
4.82337,4.46906,3.92524,4.2793,3.17176,3.10918,5.40413,4.06253,4.48602,5.09366
4.82618,3.68637,3.13825,3.33513,4.09184,4.67221,3.84886,4.59509,5.35346,3.95448
4.49884,3.51688,4.21078,4.12632,3.68532,3.84726,3.86826,3.36924,3.21102,2.89271
5.7748,5.93979,5.8561,4.38958,5.89584,4.00076,2.1777,4.36092,3.37699,4.46892
4.26352,4.76371,5.70527,4.74379,2.80223,4.52876,3.55876,3.84632,3.42872,5.00421
3.46905,3.50278,5.00082,4.24672,5.64911,3.35757,4.6022,3.80486,2.00738,4.49547
3.24433,4.83274,3.93455,5.65427,4.691,3.64224,3.30176,3.10906,3.04086,3.13243
4.79213,3.57326,3.26002,4.83107,3.63977,1.15818,4.09221,5.65293,5.29237,3.30722
5.23791,5.87662,2.96735,4.50525,3.93953,3.09092,4.34268,2.76665,4.24269,4.48353
3.43073,4.77804,3.58972,6.05615,3.67074,4.6696,4.31396,3.77935,4.95386,3.31864
5.59891,3.78534,3.73897,5.27495,4.62653,4.13749,4.77322,4.55603,4.72188,4.80363
3.0831,3.75988,4.08792,3.60665,2.6212,3.14224,3.6095,3.59742,4.66064,3.17794
5.22884,3.89796,3.88451,3.86479,5.11288,4.27166,4.59733,5.74683,3.03982,3.85046
5.15928,3.3012,3.81181,4.96048,3.17555,5.41389,4.3815,4.51769,3.55439,3.22259
3.28286,3.25106,4.48211,4.59147,2.9136,2.91022,3.96722,4.15069,4.90709,5.05177
3.85756,4.46625,1.47774,5.47576,4.69122,2.53643,4.48371,4.18394,2.47161,3.6915
4.19979,3.0103,4.36309,2.50119,2.75607,3.70727,4.84653,3.47919,5.19766,4.67102
2.45374,4.40727,4.73913,2.31644,3.63849,5.27555,5.91044,4.53612,6.25471,4.27933
1.81288,3.00838,4.97911,3.13086,2.62038,2.46779,3.64519,2.87108,3.43888,4.02915
3.51943,5.29932,3.75586,4.63873,4.10371,2.56241,5.47902,2.06697,3.62951,5.81214
3.47405,3.4417,3.08464,2.92582,4.91331,3.04071,4.65141,2.15643,5.11649,5.29126
3.18544,2.93304,3.28746,4.15986,3.12187,5.93241,4.1573,3.21391,4.20049,4.39616
1.73748,3.83071,3.28106,4.82909,2.5199,3.71215,3.45762,6.45787,3.32016,4.82911
5.49148,3.6816,3.97332,5.43827,3.85602,3.93579,3.04942,4.19421,2.27464,3.90601
4.80657,2.65911,5.16075,5.03483,5.35506,4.00078,2.96947,5.47786,4.37353,3.94435
4.84832,5.098,3.87115,2.1056,4.97969,4.21554,3.46607,5.91477,5.94643,4.35542
2.84869,7.06262,4.35206,3.33004,3.73209,4.45777,3.86818,3.2841,5.00079,4.88716
4.28273,2.52609,2.27797,4.64844,3.2328,5.20359,3.45316,4.13214,2.716,4.37653
2.97628,3.84905,4.55851,2.5277,4.39954,4.93329,3.13237,3.88062,4.54572,3.12541
4.42572,5.2552,4.22203,4.69059,4.26908,2.7852,3.71023,3.06633,4.17317,4.22701
2.59936,3.84443,1.515,2.36631,4.981,3.74489,5.13118,3.75396,3.67925,3.58936
3.45546,3.78543,3.3532,3.45146,4.03468,4.39754,5.15617,5.01114,3.93481,3.5623
3.52266,3.89633,4.21646,2.89905,3.47833,4.75205,6.00278,4.08828,3.02572,3.84081
3.43641,2.0032,6.29123,3.71662,3.86369,4.754,4.33628,4.95797,4.92836,3.03285
2.41685,5.39649,5.01356,3.31897,3.71829,3.75652,5.72075,5.08052,3.32519,3.56034
4.31121,3.54666,3.18941,3.27175,3.97121,4.35102,2.58983,2.81551,3.61375,4.27106
2.12348,1.61495,3.19778,3.69836,3.46332,3.26,2.7067,3.63853,3.05685,4.30126
5.31434,4.38862,3.52964,1.73921,1.51976,3.40762,4.60592,4.20487,2.56516,3.78282
