10
4.0906,4.82473,1.6304,5.31858,5.2164,2.98276,3.79484,3.24337,5.71902,2.91279
5.15719,5.44252,3.48919,5.26291,3.90874,3.78842,5.57651,4.66035,4.28831,5.12915
3.08878,4.98582,3.95708,3.77022,5.57801,4.25283,4.19205,2.85371,2.56877,5.78959
3.43955,4.61673,2.91007,3.6548,3.7156,3.81326,3.09484,3.30777,5.97481,3.6646
3.99193,5.24697,4.32542,1.49069,5.44486,4.16734,4.70796,4.40883,4.66244,3.77423
2.48784,3.40107,1.90817,3.19866,3.71759,3.42764,3.20286,3.36537,3.08448,3.39898
1.25656,2.94303,3.25928,4.24923,4.20591,2.947,3.42926,3.29167,3.96692,4.10689
3.26118,4.33432,4.27701,3.49503,3.92407,4.77632,3.18422,2.26967,2.2603,3.83372
5.41892,4.97947,2.60015,4.13878,5.91958,5.35674,5.64133,3.65487,5.76138,4.03592
4.37961,2.74347,4.92262,5.55403,6.29821,3.39426,2.5149,4.63659,3.82534,5.63483
3.4515,4.01854,4.66419,3.51944,5.58451,3.88493,4.87046,4.75019,4.56879,4.53499
3.2942,1.73331,3.82741,5.06451,4.26422,3.75189,5.44227,2.98633,4.01035,4.24458
4.38605,5.88999,3.51716,4.79628,4.31374,2.47042,4.50836,3.68721,4.75919,5.02781
5.75156,3.01416,2.84641,4.46208,3.10351,4.06338,4.65239,4.97558,2.80536,3.53665
2.3935,4.32265,3.29999,4.83647,3.97806,3.01766,4.06894,5.42753,3.86542,3.66232
4.25207,1.6533,4.3528,3.33682,3.90763,4.88932,5.13429,3.35688,5.02903,5.5458
5.20614,2.66194,3.42415,3.13551,4.27835,3.58638,3.98982,2.60733,4.12227,3.69239
0.945988,3.9091,2.30959,4.75405,3.84122,2.26666,4.88589,3.94751,2.82293,3.06693
6.3472,3.81577,2.38748,3.63002,3.84576,5.71132,3.64246,4.40792,2.44144,2.3878
5.42341,4.45948,2.65869,4.448,4.29477,3.90149,4.27233,5.72011,4.29505,2.91203
4.42998,3.52322,3.4044,4.92687,3.07106,5.24122,2.979,5.6314,3.32872,3.35703
3.6969,5.91287,2.14931,3.39241,6.25633,2.75635,3.62645,3.80988,4.7882,2.19736
4.09691,2.4238,3.77464,3.13405,3.94856,3.81753,3.47798,1.41519,4.10568,3.04249
4.86012,4.38552,2.7676,4.87843,3.11286,5.21321,3.92297,4.25908,4.24379,3.383
5.86961,4.15026,3.35037,2.95557,3.72362,3.36513,3.76672,2.77005,5.47266,2.75939
5.32925,5.06716,3.56726,2.97459,3.30639,3.48097,2.33892,4.64096,4.44793,2.69397
4.29175,4.96706,4.95229,4.51804,4.62797,3.78395,3.85663,4.21069,4.82853,2.90909
3.09909,3.61347,5.06533,4.26225,4.40237,3.38361,3.2623,3.96926,3.85462,3.7252
3.23228,4.10117,2.79603,3.2649,4.96082,3.9018,1.92966,2.76832,4.41941,3.18523
2.50614,1.62257,3.84478,6.09819,3.67828,4.32983,4.91667,4.569,4.55115,3.62782
3.95127,2.68723,4.03219,4.9661,4.70074,4.21584,4.34383,3.74683,3.96976,4.73568
3.7143,3.25742,4.25984,3.89832,4.04834,5.17267,4.68078,3.7383,4.0751,3.83117
3.93801,4.92445,5.65705,4.20904,3.60491,5.17446,2.31489,3.42928,4.28329,3.24104
4.26388,4.97687,3.40642,4.61402,3.40635,3.08725,4.28909,5.02973,3.19762,5.1284
5.89161,3.3908,5.19147,2.47697,3.63309,4.88447,4.02674,2.55315,3.25531,4.68871
6.03668,6.04251,3.79088,4.99897,4.18304,4.37914,3.76939,3.11555,4.63282,4.78715
3.14013,4.11828,4.10424,4.77136,3.42351,4.82285,2.94544,3.47786,3.37436,3.32239
2.21744,3.95621,3.65902,4.0799,3.62749,5.68687,4.45406,4.9974,4.24643,3.03956
4.2829,4.7799,2.85535,4.83816,3.58769,3.87802,5.09269,5.30543,4.7926,2.49778
4.68724,3.68003,4.53247,4.30931,5.01124,3.58219,5.13146,2.78476,2.51878,5.10981
3.06335,3.72018,4.2083,4.02728,5.23791,4.86376,5.02759,4.21348,3.66537,3.20399
2.97911,3.85928,4.8913,4.62751,3.33737,4.07936,5.14335,3.46549,4.13488,3.62555
2.55153,3.87423,5.64456,3.32272,3.10805,1.57199,4.99452,5.47015,4.05216,4.07401
3.15908,4.86885,4.04945,3.3529,5.37174,3.73964,3.88144,4.20669,4.37418,4.59611
2.57797,3.72556,4.87758,4.92654,5.803,5.17829,4.7824,3.94535,5.77991,4.02039
2.99823,4.88679,3.41058,4.45775,3.67196,6.04526,3.68041,4.3863,4.18417,4.29492
4.15134,5.28661,4.58134,5.12833,3.16615,4.02165,3.41107,3.69488,3.02282,5.01831
3.97017,2.22808,3.69776,4.72625,4.34325,4.23506,3.87155,3.93176,2.86493,3.32778
4.30487,5.50683,3.93472,3.46955,4.35352,4.3042,4.76517,4.37222,4.19165,4.56672
5.97097,4.19997,3.08656,4.60368,4.81137,3.74586,3.96881,4.84915,4.47543,3.80996
2.21357,3.33101,0.18667,3.8742,4.0354,4.08751,5.96013,4.17082,2.93558,4.59332
5.88695,2.11047,4.97304,3.62082,2.87164,3.97966,4.10309,4.58332,4.85804,4.43878
4.27337,3.45155,3.29233,4.47552,3.85748,3.23134,4.60455,3.05836,4.69648,5.51927
2.55246,4.94236,3.27641,4.61981,2.47919,4.3177,3.45398,2.7613,3.03336,4.43546
4.97009,2.86916,2.97398,2.77582,4.8219,2.63015,3.38728,3.72521,5.10874,5.20418
2.94028,3.21227,5.59049,3.25476,4.53456,5.75963,1.75655,3.4364,3.63233,4.30947
1.61071,2.78638,3.8128,4.76479,2.25421,4.22271,4.94398,3.7421,5.32909,4.75028
3.44198,2.85613,3.00711,4.06017,4.90796,3.83197,3.1377,2.68698,3.58254,6.39219
3.84966,4.56637,2.60658,3.44768,3.80942,5.06208,5.32217,3.85952,3.19577,3.94458
3.91537,4.08415,2.96016,3.5927,3.49512,5.1001,1.62831,4.83128,3.82294,2.44383
4.79166,3.76187,3.65112,3.07083,4.87636,3.67092,3.65997,4.96901,5.9744,4.48373
3.53218,3.24267,3.99628,6.00915,3.11101,5.48755,3.66508,5.33999,4.26219,2.33455
4.15257,4.43859,4.40295,4.93054,3.01004,4.48216,3.47684,5.17578,3.26059,4.65811
4.28255,4.13576,6.20288,2.51849,3.38122,3.59239,4.20403,4.79027,4.16358,3.64841
1.57403,2.86016,1.32504,4.68196,4.86559,3.3452,3.36009,3.92741,3.37605,2.17818
5.06371,2.2507,4.4594,3.15684,4.38676,2.5568,3.45209,4.25518,2.66524,4.43361
2.21356,4.52304,4.6478,5.09772,4.06314,5.21747,4.63874,3.38197,4.26999,1.65061
4.60163,5.14471,3.07638,3.77505,3.96886,5.32181,4.56824,3.75503,5.00862,4.11511
4.96262,3.83744,4.2407,4.25075,4.94512,3.03878,5.18286,3.15813,4.54975,2.14156
6.93314,3.93321,3.24534,4.46375,5.04759,3.11792,4.23463,4.44063,4.31214,4.26872
3.3856,3.19251,3.79024,3.68858,3.68957,3.72438,6.19115,5.87868,5.18984,2.97803
2.81007,2.49833,5.85195,4.21457,4.998,2.61785,4.07699,3.06243,4.5564,3.01052
3.14004,3.52584,3.78753,3.09398,4.069,2.2737,4.07015,5.41835,2.60868,4.49756
5.25279,3.66294,1.61915,2.49257,3.09304,4.77492,4.87843,4.63707,3.05063,3.45474
2.48979,4.8849,4.124,4.76598,2.25693,1.15723,2.54098,3.63213,3.56075,3.03416
3.79276,4.21026,3.47924,3.87332,5.11875,5.35836,3.99109,4.68711,3.97899,6.39732
3.49254,4.63065,5.30429,4.63451,3.89354,4.73009,5.36047,3.99553,6.1178,3.77024
5.99287,4.53773,2.92658,5.21631,3.26364,4.94674,4.23942,2.37848,3.30588,4.6599
2.37548,4.37697,4.47966,5.42706,4.06971,3.83088,5.09108,5.52406,3.80681,3.16421
3.07669,5.01984,2.86514,3.84476,3.84839,5.38883,4.6563,4.13012,4.50928,3.31771
4.39338,2.76297,4.41274,4.42804,4.02256,2.51157,3.16745,3.86149,5.36382,3.34676
5.18727,2.94431,4.66884,4.6205,4.2583,3.97311,3.96248,3.82147,2.7058,3.16463
2.92406,4.2944,3.23596,4.30258,3.70404,1.63995,3.63252,2.97184,4.26002,3.07203
4.04755,4.23618,4.93287,5.19635,3.87518,4.58339,4.85472,3.44804,2.3573,3.9137
3.22542,2.9276,3.99626,4.57757,5.03497,4.46316,3.99363,3.80224,2.88871,3.70678
2.06424,1.91876,3.25174,3.90765,4.24626,4.07593,4.91084,4.2697,4.11385,3.9303
3.5557,3.07079,5.29219,5.21612,4.68913,4.57762,5.27554,4.22187,4.00608,4.12432
4.96352,5.84618,1.48992,5.95148,4.53578,2.24043,4.46549,3.68972,2.4821,2.96369
2.02992,3.60834,4.88682,4.05625,4.6383,3.24307,5.58963,3.81241,3.77545,4.68924
3.22636,5.66479,6.79619,2.47389,3.933,2.25669,4.96624,4.64046,2.1431,3.83511
2.36461,2.7684,1.98088,4.61079,4.14564,5.34293,3.09357,2.16031,3.09557,4.71407
3.75,5.52677,5.31195,2.99439,3.47906,5.00298,5.48917,6.00727,2.58139,4.99438
3.58773,4.55751,4.84636,3.07962,4.35647,2.56886,3.43035,3.54947,3.95086,4.03249
2.5517,6.00394,2.99414,3.47504,4.53142,3.27309,4.57801,3.22528,5.70565,4.57506
4.82119,3.84791,2.9059,4.25161,4.956,4.84429,2.37384,4.47899,4.58059,2.81923
2.82738,4.95103,4.01185,5.23296,3.92229,5.42542,4.06697,3.69131,4.69794,5.28348
6.09648,2.46058,2.19722,4.11162,3.77135,3.42408,3.6431,5.09848,4.46406,4.02936
4.32674,2.50726,3.73047,4.60877,2.63951,3.6061,1.88236,4.5605,3.43161,3.39413
4.42113,3.09797,3.84288,2.8031,4.87789,4.0368,4.24723,3.08625,6.17311,4.23962
3.92077,4.12483,2.62965,3.94906,6.6895,2.49158,1.54412,4.63578,3.20883,2.67348
5.14688,3.68346,3.82919,2.65649,4.53252,4.66308,3.20404,3.67252,4.35833,1.69781
2.65155,5.7435,4.39227,3.16417,3.35869,3.99806,4.21472,5.32307,3.00953,4.2933
4.03007,3.61723,3.8305,2.66106,2.46763,4.38332,2.78811,3.94026,2.11392,4.72122
3.21452,3.09099,4.33873,5.20576,4.51558,5.12146,3.34842,2.85269,2.8193,3.3952
2.56108,3.04211,2.11384,2.97867,3.94584,2.20313,3.06992,5.50592,3.07465,4.50798
4.08452,5.36748,3.85682,3.80915,2.24828,5.90771,4.30724,3.61502,4.64998,1.78049
2.10833,3.89304,4.51799,3.41046,4.81424,2.23846,2.35454,4.83187,4.99645,3.2717
5.26335,3.98293,4.81541,2.25544,4.33473,4.93425,2.53499,4.06842,3.67804,4.582
4.56399,4.82118,4.04652,5.38109,5.74282,4.72262,3.22068,4.55414,2.65534,5.19271
3.11495,4.4448,4.50704,4.14243,3.26325,3.74659,3.25019,2.98242,3.52774,4.11469
1.62486,4.05384,3.52936,4.7781,5.01825,2.57363,4.10841,2.8808,3.89827,5.27699
4.44793,2.55502,4.60662,4.48438,2.89113,4.83167,4.02169,5.16433,4.39743,4.4179
3.40434,3.08947,2.06259,4.30355,5.78251,4.98124,3.76401,5.77538,3.59049,4.95157
3.72432,4.85979,3.71349,3.11515,3.19013,2.56448,3.59895,6.60033,4.46961,5.79659
4.92716,4.8629,5.29429,2.35788,2.25518,3.54846,5.83889,3.68949,5.12504,3.46393
5.57166,1.01169,4.96356,5.42375,4.23327,2.77502,4.61031,3.58072,3.57149,3.72353
3.7142,3.89851,1.82686,3.48571,3.7347,4.21513,4.56339,1.94693,3.71449,4.0033
3.92848,3.79699,5.08872,3.67372,3.13831,3.05023,3.48126,5.44073,5.32483,5.80733
2.61549,5.03166,2.9542,3.00755,3.55495,3.91394,3.93349,4.51341,3.34284,4.2938
2.51264,2.5383,4.24798,4.12237,3.35197,2.63685,5.1469,2.8057,3.90677,4.41359
3.70712,2.52728,4.94093,1.64252,5.35404,4.71966,4.72312,4.05654,4.60138,2.77492
4.05695,4.42532,4.48207,5.91984,3.26136,4.40132,4.0351,4.74333,4.1197,5.6524
5.6183,3.64284,3.61705,2.62222,2.07831,1.31628,3.51643,3.2644,2.36138,3.69235
3.91609,4.11077,4.5944,2.93518,3.65158,4.40124,1.04445,5.40922,2.14968,4.29421
3.69591,4.81635,6.24642,5.07755,4.46324,2.936,4.45173,3.8421,5.70041,3.78513
2.16815,5.48579,2.18429,4.23609,4.23983,3.68686,5.27311,4.71255,2.64821,4.09096
6.00817,2.56273,3.08386,3.32005,2.55189,5.26232,4.28058,4.50274,3.45745,4.6921
3.64784,3.26213,4.90598,2.44343,3.93246,4.49202,4.49629,5.18093,5.15612,5.85464
5.06959,3.49448,2.35365,3.78768,3.87598,3.81552,5.46534,4.15258,3.43136,4.42205
5.23197,5.3157,5.0313,2.43482,3.61044,4.99116,3.18373,3.13107,3.11504,4.25553
3.08699,3.56971,4.0449,4.57871,3.16353,4.03852,6.03088,4.39437,2.66265,4.21986
3.9824,5.42609,3.88599,5.22333,2.85429,5.11057,4.47808,2.61388,4.40362,3.30275
3.16949,3.048,4.95997,4.50998,4.946,4.13323,2.49458,3.71638,4.50718,3.40353
4.15285,2.73121,3.51761,3.79492,5.73347,4.37068,6.44,4.65733,2.55019,5.90747
2.63039,4.45463,4.5136,3.87176,3.21342,4.01777,3.17896,5.6836,3.49032,3.62076
3.7566,4.50234,4.26644,6.31519,4.85989,4.23512,2.95454,4.54701,2.76013,2.7159
4.19819,1.85993,5.92058,4.43624,1.34546,3.435,4.7533,4.43416,3.63857,1.20847
2.61377,6.284,4.76977,2.50198,2.61007,5.00332,3.95411,4.17219,6.08352,4.8797
3.93052,5.1299,5.02776,2.83414,2.24621,4.61084,5.83023,1.94881,4.46223,4.47932
4.771,4.88892,5.0968,5.13027,3.45838,3.51893,5.64298,2.83227,4.78309,5.07413
3.07569,4.57646,4.09294,5.41647,5.40556,2.64359,3.28268,4.09158,3.66627,3.449
4.64642,3.31866,2.45077,3.95106,2.19933,4.83089,4.67871,3.05718,4.32022,3.7757
5.92982,4.54114,4.88012,4.17332,3.36432,2.81142,3.37896,1.59992,5.051,4.31717
2.84332,3.17045,5.95248,5.55703,3.85172,3.18285,2.97635,3.21775,5.62813,2.27272
3.37796,4.13957,5.23631,3.57413,3.25821,4.74449,5.14332,5.49172,5.00486,2.88384
3.68806,4.13986,4.35753,4.63042,4.29817,4.29539,2.45569,5.21259,2.84558,2.10797
2.6753,3.03347,3.48027,5.32281,3.92609,4.45395,3.14177,5.04966,3.31619,4.88382
4.06632,4.23119,3.14997,5.29015,4.54514,3.79079,4.46945,2.28159,4.28819,2.74409
3.82241,3.9058,2.82183,3.68145,3.65872,5.93177,4.07532,3.53957,5.0783,2.56516
4.02844,3.96525,4.04794,1.55983,3.25803,3.98953,4.33071,2.9692,4.69651,2.71313
3.9161,4.66671,4.55921,4.09723,5.37195,5.32942,3.39945,6.49022,3.11666,3.51717
4.74712,3.48939,4.79857,4.87909,4.84317,4.15273,3.06734,3.85217,4.2736,3.07021
3.37903,6.26977,3.94939,3.25476,5.48083,4.71303,4.25274,3.34289,3.33704,3.21202
5.23666,5.00904,1.91168,3.58174,2.80585,2.6483,4.02084,3.69395,4.83602,6.33508
4.32811,3.69427,3.45109,4.37755,3.5628,3.5556,5.52751,4.04282,4.42329,4.10497
4.06528,4.69565,3.09343,3.06277,4.87357,2.64098,5.00176,4.47067,4.16965,4.63872
3.11613,3.89231,3.65093,4.46638,3.85453,3.70096,4.56673,3.70138,3.43084,3.83339
5.01805,5.28734,3.92429,3.93733,3.21111,2.96714,4.57614,3.06535,4.72328,4.5471
3.76057,3.99034,4.37716,4.20638,4.19852,7.12771,3.73629,4.20138,4.57104,3.28577
4.0644,3.5738,4.71033,4.02892,4.36478,4.12466,5.31838,5.6535,3.71703,3.44734
3.41645,4.69351,4.03258,2.40031,2.91489,4.53174,3.22613,4.18169,3.63796,4.25379
3.92997,5.39136,4.77218,5.01394,2.95184,4.11516,3.54307,2.66275,4.52789,4.73382
3.36305,3.80987,3.55895,3.25541,3.95418,2.83243,4.87406,2.79379,5.73106,5.43606
4.27273,3.02694,4.38001,4.18598,3.38404,3.93212,4.19644,3.85702,6.71085,3.98795
4.38169,4.8714,2.82967,3.7555,4.45667,4.02248,3.27237,4.11396,4.7093,5.51277
4.74116,4.51592,3.11359,3.48152,3.80399,5.8468,5.21307,5.45597,2.82019,3.06894
6.55664,4.42728,4.62738,2.68578,3.06529,5.3964,3.65545,4.3209,4.11457,4.83555
3.95016,3.73957,3.7544,4.64912,4.82967,4.54812,3.61108,3.45058,4.52932,3.96742
6.78237,2.92292,4.20653,3.39225,4.10561,3.22319,4.70912,3.83098,3.50043,4.21238
6.6288,3.55902,3.2966,4.61962,5.09044,4.41891,4.9803,6.60045,3.50367,3.4377
5.14487,3.44486,1.49974,5.32201,4.73596,3.86361,5.70401,4.18721,3.73645,4.55648
3.85691,5.99655,3.89798,1.8401,3.54578,2.36928,4.59189,3.69794,3.4372,4.18563
4.78242,4.59552,4.08115,2.69955,2.42905,6.43241,5.17648,4.99045,3.39876,5.08288
3.3907,3.5591,3.17901,4.56357,4.48148,3.49839,3.92302,4.18943,2.40608,2.4041
3.90277,3.25681,4.18076,3.49556,3.72919,3.09033,4.55763,5.56202,4.36786,4.67028
4.28152,3.27231,3.47933,3.95793,2.5468,5.13831,3.40783,5.11878,4.32043,2.72428
4.19859,3.81666,4.62742,3.71278,5.46739,4.07901,3.72152,5.68264,4.24427,4.46815
3.73632,5.49877,4.01964,4.90943,5.03069,4.03437,2.07291,2.38945,5.05092,4.33428
4.62473,4.47447,2.25387,3.60293,3.48226,3.5621,4.54085,3.33276,3.88065,4.48381
4.39786,4.63817,4.99485,3.92931,4.37907,4.93458,3.78815,4.73683,2.23829,3.82049
3.17267,4.57373,5.24432,4.63839,3.82698,1.38128,4.01296,3.41278,3.06227,2.63396
2.36901,4.37764,3.19186,4.14967,4.33865,3.85967,3.36373,5.52577,5.19902,4.50099
3.98611,4.69425,5.97856,2.28184,4.96413,3.41336,4.37236,2.91691,3.81889,4.48345
2.74416,3.64562,5.0691,3.22754,5.51555,5.36593,4.80743,5.26313,1.85021,4.2999
3.15455,5.7817,4.1281,3.29034,2.94675,3.40317,6.17478,2.99106,4.71242,2.94373
4.56911,4.69587,2.944,6.78442,3.51302,2.42243,4.21924,4.34433,2.92446,4.33753
4.32497,5.53504,4.36664,3.18549,3.09811,3.42106,2.06651,4.60737,4.13128,3.24091
3.49061,3.23196,3.60745,2.78535,3.37805,3.81231,3.03648,4.96864,4.11408,4.85552
2.68032,4.35628,3.66231,4.03057,4.03031,3.50745,5.54718,3.469,4.01454,3.85249
4.48817,3.49861,3.4006,5.60524,3.00416,3.84513,4.40189,3.10867,4.69741,3.09761
6.14961,2.66736,4.56058,4.97644,4.18598,3.39474,5.43942,4.16399,3.54992,3.72554
4.36934,4.2079,5.48409,3.54803,4.66961,3.63094,4.64571,3.66634,3.53146,5.20981
2.85127,3.62884,3.42252,4.85906,4.54916,4.89142,3.30648,2.86405,3.24385,4.38174
3.67339,4.3225,3.30665,4.48558,2.76844,5.22895,4.22979,3.45391,5.51833,4.64957
2.93902,4.34047,3.90313,5.15887,4.07663,4.07482,2.61621,3.98978,5.03112,4.63013
2.24447,3.18977,2.26488,4.0673,5.59402,3.52801,4.54779,2.56953,2.82179,4.15292
4.34393,4.63765,2.87784,5.10651,3.41218,3.92226,4.00188,3.65303,4.29057,5.41403
4.13107,3.2437,4.75366,5.9361,5.97977,3.89294,2.75204,3.75761,3.4217,5.42794
3.67688,3.29813,5.28737,4.64313,6.08847,5.56146,3.69082,5.16748,4.3626,3.31998
5.19991,3.94319,2.77272,2.59501,4.58007,4.33942,5.29752,4.23432,2.33556,3.39298
3.82941,4.31551,3.84436,4.22951,2.85456,5.26935,3.19781,3.14332,4.92769,7.12284
3.76805,5.426,5.31555,3.32202,5.70782,4.60159,4.33875,4.19463,2.9586,2.8852
3.47679,4.32155,4.30526,3.83382,5.31825,3.735,4.31316,2.49329,4.80982,5.04305
5.15624,5.97348,4.18873,3.32963,4.038,2.82372,3.29847,2.54324,4.05643,3.40174
2.73032,4.42039,5.23756,4.34604,4.85778,5.40689,4.34012,3.79364,6.50289,3.00379
3.01675,4.55846,3.74625,4.54856,2.9222,5.49143,4.89525,2.66051,3.4499,5.38508
4.27786,3.95296,3.55337,3.54974,2.68901,3.31922,3.59241,4.89415,6.76086,4.16371
3.25097,3.24727,4.53196,3.5966,5.21753,5.25191,3.04569,4.74686,2.14776,5.48431
3.8394,5.52112,5.4922,3.3553,4.54785,2.97348,5.34251,3.72448,2.22548,3.53153
4.08079,5.29274,3.2597,2.90022,3.4695,6.58323,4.03436,4.27071,3.00047,4.38041
3.30594,4.96241,2.53733,5.33344,4.72443,4.72364,2.52619,3.41745,5.11845,4.2569
2.44051,3.78082,3.52919,5.20462,5.46679,3.5169,2.69302,4.5966,4.0694,3.7563
4.58145,3.84512,2.35733,3.74625,3.37285,4.63017,4.91072,1.86613,5.90608,3.88724
2.99237,3.0687,2.28765,4.00208,2.70909,5.69276,4.02822,3.68197,3.59548,4.69382
4.9539,4.5183,4.14846,3.06624,3.01026,6.26853,4.38492,5.02317,4.63291,3.98358
4.83448,3.67032,1.51073,3.27119,4.9341,4.85086,5.15009,2.65759,2.9666,5.09643
4.28381,3.03634,5.75113,4.18912,4.65883,5.09652,4.72261,2.53898,6.3245,3.79186
2.95115,2.64531,4.01528,3.86209,3.72401,4.93503,2.86337,2.99772,2.97012,1.68632
6.52725,4.96087,2.37959,4.07024,4.2062,3.67415,3.44176,4.00616,4.93305,4.31877
4.31066,3.66418,4.39703,2.96452,5.17612,3.32048,3.96743,3.55812,4.90766,3.18436
4.6722,3.87272,2.97704,4.81315,3.49752,1.51849,3.68864,2.96737,4.42197,5.50488
2.69996,3.98154,3.15604,3.95952,3.09109,4.09201,3.21325,2.26053,2.37539,5.29137
3.4917,5.04696,2.27178,2.79904,3.77591,4.98451,3.79698,2.40548,3.5896,4.30281
2.31682,4.29153,2.99456,4.61893,3.2746,3.79387,5.03518,4.38026,3.6252,4.53106
4.13109,3.51068,3.70063,3.67908,4.69558,3.55522,4.17076,2.49041,4.3383,4.47988
4.1614,3.52588,3.76568,3.45233,3.10366,4.15417,5.19607,5.06951,4.75679,3.64576
3.05696,3.03613,3.59208,1.83235,1.57049,3.88364,6.43777,2.91243,3.15789,3.59819
4.5572,3.99029,3.68858,3.97504,3.56269,4.01685,3.66862,4.30482,5.04403,4.96278
5.09534,5.7873,0.951345,4.70647,4.05007,3.16486,4.66966,3.80213,5.66559,5.0189
4.02801,2.78809,4.32861,3.52619,5.42154,4.82928,4.59036,6.13631,4.55051,4.07046
3.85714,2.28709,4.34545,3.667,5.13467,2.10233,2.87705,3.10689,5.06791,2.91092
2.36324,4.29006,5.19062,3.91275,1.52201,3.60617,2.49315,2.81923,4.68287,1.78771
3.25501,5.01909,5.59928,4.44912,3.84815,2.91692,3.63624,4.36335,2.56677,5.39303
5.23025,4.26049,5.08746,6.42142,2.45311,3.58035,3.71194,3.27095,4.77398,3.94989
2.68484,4.74128,3.02353,5.1838,5.52471,4.42687,4.15763,4.18481,4.08847,4.26563
3.35087,5.24383,2.24741,6.26287,2.61463,4.88398,5.91333,4.51217,2.85998,3.89972
3.81841,4.3554,2.98993,2.11259,5.12324,3.44444,5.18593,3.18576,4.46717,2.84839
4.25136,3.18233,3.01549,3.72765,3.77624,4.03401,4.26383,5.36845,3.04373,4.70742
5.41726,5.44812,2.84938,2.98671,4.05566,5.15389,3.1491,2.11657,2.48673,4.50031
2.96692,5.84022,4.69199,3.76447,5.2352,2.94246,3.51136,5.39386,4.44313,3.65806
3.95647,3.8841,4.3944,2.24108,4.80161,3.57517,5.37085,5.02918,5.55507,5.65988
3.18779,5.37501,3.21476,2.89091,4.88429,2.85533,4.53856,4.10253,3.25172,4.30394
4.76295,2.82058,3.76618,2.4135,7.12193,3.37535,3.46805,4.71062,5.77052,4.60881
3.77717,3.11739,4.82743,4.86791,2.70602,4.21493,4.68231,3.05387,4.3409,4.24519
3.83104,5.37178,3.65301,5.33553,4.93366,3.41293,3.04636,2.78919,4.8628,2.94966
4.1605,3.95835,3.81359,6.35947,4.24011,5.13441,4.13169,4.77926,4.56759,4.19408
3.83368,2.85711,5.07831,3.48613,5.37787,2.87968,4.8727,3.61018,2.94363,4.24199
3.05524,3.05958,4.89626,4.40501,4.99519,3.12898,4.24296,3.64133,2.52944,2.79966
5.90327,4.32792,5.02733,3.61435,3.63677,3.25653,3.1559,1.85873,2.94364,4.37956
5.23623,4.61348,3.52885,4.0674,5.42481,5.46246,3.03128,5.35245,4.55115,4.43931
2.86426,4.51495,2.7957,4.07028,2.79443,4.81877,3.47231,2.52241,2.04309,4.75413
2.87358,3.83439,4.85693,4.00872,5.94814,3.7837,3.63807,3.55819,3.13512,4.05226
4.06964,3.42504,3.80889,4.63047,3.72929,1.30328,5.67095,2.6413,5.88738,4.42434
4.99512,2.92052,3.81548,4.1669,3.26755,3.38265,3.47937,2.63392,2.93278,5.65002
5.45847,4.67826,4.20344,3.09044,2.32404,3.13345,1.78508,4.79648,6.08831,4.60731
3.46578,4.8732,4.83437,6.04539,2.82342,3.33339,4.10421,4.04077,5.47179,1.94097
4.19031,2.94609,3.29416,4.99804,4.32332,4.32904,5.07403,4.36183,4.13532,2.21049
4.83005,3.13156,3.9171,3.49903,3.39107,5.21126,4.38039,2.41076,3.98953,6.25525
3.3915,3.38848,4.26602,6.77637,4.09587,4.15035,2.25137,2.5688,5.85622,4.70091
4.77705,6.26671,1.98257,4.18292,1.11505,4.81104,4.54754,3.07797,4.93652,5.26625
4.85835,4.21125,4.74543,1.67409,3.73705,3.94241,3.61938,3.92488,4.71442,4.20203
2.46532,2.2031,4.03527,3.6999,4.07436,2.76989,4.44021,3.63597,2.79745,3.7205
4.46748,3.81071,6.56905,1.94255,4.34238,5.12734,4.82948,2.61627,3.68584,4.52854
4.21328,3.87575,2.31926,3.23754,4.62068,4.52881,4.74584,5.96152,2.99551,4.40329
3.86165,2.72967,3.58326,4.12382,4.91316,3.42061,3.69524,5.82884,2.6126,3.16178
3.4872,4.87328,4.90261,5.27187,3.30784,3.87552,3.14752,2.69854,2.56264,3.19676
3.21319,4.34099,4.95314,3.42371,1.54193,4.42694,3.70886,1.9641,3.13884,3.58639
5.24269,2.69719,4.73159,4.66458,4.50153,4.79836,3.17654,4.27776,3.65559,4.98976
4.21371,5.14312,5.13998,4.31401,3.47281,3.55383,5.29968,4.94354,2.65686,2.31563
4.80454,0.488041,6.09098,3.5621,5.67965,5.07523,4.44223,3.4822,4.98531,3.85565
3.83597,3.77478,2.79652,3.45075,1.73068,4.39667,5.72209,5.51539,5.41493,4.8592
3.2827,5.10288,6.47981,4.94651,6.03588,3.33149,5.9534,3.78938,3.84174,3.13189
2.16685,4.48861,5.26734,1.97176,4.51354,4.44925,4.54239,2.81142,5.08992,4.83001
4.41445,2.19629,4.26554,4.17461,4.03259,2.82475,2.96201,3.16721,4.29931,4.27618
4.64655,2.69407,0.87222,2.80299,4.24746,2.79384,4.25988,3.15573,3.61385,4.31522
2.82529,3.13624,1.93545,4.64967,6.15145,5.096,5.04375,4.00548,3.92147,4.38703
4.25171,6.02875,1.84073,3.32692,3.61048,3.64335,3.95702,3.07401,6.21542,5.2108
3.98494,4.7678,5.48877,4.78106,5.68658,4.71356,5.88412,6.22552,3.50451,2.55019
5.04599,4.05184,3.85766,5.21399,2.71389,3.88946,4.90546,3.16744,3.91591,4.01913
3.44367,4.15358,4.87599,3.89804,4.36099,6.28864,2.91443,3.98379,4.82392,3.62283
3.28375,2.9869,4.66766,4.82968,5.40555,3.30327,3.54135,3.61199,3.9487,4.92587
3.95145,3.30018,4.43946,2.9087,3.02974,2.9098,4.71563,5.08395,4.31488,2.52732
3.54297,3.90086,6.2163,4.03057,3.42283,3.36574,3.64794,4.43927,4.82614,3.83083
5.31108,3.70678,5.6843,3.10504,4.45898,3.56516,5.10173,2.77789,3.71437,3.76563
3.72758,3.38781,4.0009,3.97093,2.46359,5.62728,2.20798,4.88306,3.68678,4.31126
4.7487,2.42047,3.51768,3.26904,3.26499,5.1787,2.06232,5.18317,3.90948,4.49661
3.74594,4.55577,4.96311,2.34535,5.61358,3.52132,4.6333,3.58667,3.26162,5.21196
4.68511,2.43662,3.38249,2.90354,3.93814,2.68786,4.75868,3.61744,3.54808,4.65402
4.67731,5.58429,2.58395,4.84313,3.56475,5.44382,3.18874,4.08907,3.36796,3.41825
4.9487,4.55969,2.95478,3.32232,5.69075,2.96488,4.69953,3.4307,4.97612,2.6893
3.15095,3.57282,3.18901,1.89953,3.53786,5.11119,2.91071,5.01158,4.81429,4.32169
4.38332,3.10701,3.24085,4.96312,4.55659,4.25306,3.80338,5.70529,3.54777,5.17566
6.03704,3.5878,3.85469,5.1186,4.2475,2.32856,5.03199,5.39556,4.14779,2.90151
4.61649,2.61588,4.24526,3.96729,3.81564,4.88476,6.98855,3.11698,3.21132,5.90759
4.01081,2.88619,4.92006,5.22247,3.77567,2.67789,3.93091,3.15472,6.17702,3.46273
4.07208,4.11767,4.35361,4.99652,5.65297,4.40152,4.09187,2.90534,4.74644,2.79867
4.54955,4.66958,1.86436,4.10996,4.04352,5.20175,2.51293,3.04489,2.99927,3.77137
1.73069,3.73001,4.9904,5.44416,4.11665,4.99681,4.53397,3.65056,5.1479,3.18563
4.66,5.31803,3.77731,5.68657,3.22177,4.63642,4.07232,5.24024,4.35626,2.76238
3.6853,4.06232,6.26171,5.57539,3.62709,3.99956,4.45403,2.01414,1.50048,4.81168
3.12386,3.76739,5.2955,5.80145,4.35326,4.24915,4.69579,4.2963,3.77562,4.44865
4.73096,4.83444,2.80786,7.112,5.59292,3.54192,4.88663,5.45916,3.73729,5.25592
4.17119,2.80535,3.15021,3.47275,4.74882,2.58723,3.76633,4.91908,5.1815,3.50713
4.53507,5.20325,2.06698,3.34356,4.184,4.81378,3.45235,3.20512,3.75436,3.90452
3.2103,2.43657,3.88339,4.41089,3.65673,1.47436,3.59951,5.10295,4.89239,4.22861
3.93895,5.58366,5.57806,5.42953,4.14075,3.88745,3.31597,3.33719,2.46278,3.79867
2.99404,3.13056,3.86539,5.62067,3.79225,4.19281,3.61979,3.99717,2.00721,4.61247
4.35741,4.23535,3.70418,3.85582,2.72505,5.16726,3.99169,4.20494,3.32537,4.32738
4.79633,3.64926,4.54353,4.72261,3.01538,4.38781,3.75736,3.76453,4.53296,3.65612
5.28163,3.20824,4.80907,0.998537,3.99799,3.55805,3.59399,2.86067,2.58188,3.20506
2.42519,4.79058,2.62295,2.12794,1.94376,4.5514,4.77814,4.4985,2.58261,3.61459
4.12063,5.20371,2.93881,0.800115,3.5627,2.86233,4.87738,2.28509,5.36954,2.96255
2.51673,3.28255,3.71898,3.23637,4.3457,4.56631,4.42305,3.35689,4.99005,3.65122
3.43843,3.77698,3.84346,6.50347,4.96411,4.95639,3.62137,2.61859,4.07346,4.02341
4.55112,4.86146,3.12885,3.10374,4.83839,4.39683,3.57924,2.70961,3.18308,5.64054
4.40618,4.38986,3.43629,3.72578,3.82536,4.82867,2.40853,3.15461,3.47744,4.5314
4.06853,3.99385,4.69852,4.85764,4.14379,4.13538,4.16972,4.57748,4.94054,4.13904
7.20628,3.37718,4.74428,2.98768,3.44944,5.61216,4.23255,2.39873,4.47227,3.45869
4.03278,4.88549,4.83668,4.47644,3.66321,3.84876,4.05582,4.14936,4.19701,3.51818
4.98365,3.86009,5.30292,3.99445,4.83862,4.17605,5.09215,3.36216,3.92292,2.90977
5.25216,5.3456,4.28072,4.31857,4.90945,3.05687,3.61834,6.16804,3.96402,4.67048
4.54039,2.76049,1.95371,5.76671,3.9311,4.64963,4.59393,3.90787,4.65199,5.11434
4.43678,2.50449,4.4053,3.08577,3.93846,4.03995,2.478,3.10757,5.26797,3.26818
4.71204,5.39951,2.81641,4.09539,3.98881,5.75001,4.02503,1.97052,6.43077,4.90192
4.63654,2.54591,4.37106,2.17683,2.42836,4.56257,5.3865,3.6025,4.75327,3.38585
3.45247,2.85551,3.00182,4.03701,3.83776,4.21609,5.33641,3.53724,4.20393,4.30365
3.6153,2.57637,3.60548,3.86417,4.32429,5.90509,1.7028,5.03089,4.89506,4.05841
3.8294,2.97301,3.38139,4.01889,4.65404,2.19075,4.18983,5.16753,3.61586,3.27196
4.66636,4.56174,3.79221,2.70794,5.49178,4.1975,5.14062,5.23567,3.82872,4.44937
4.38214,3.28442,3.62211,4.6351,3.94179,2.24105,3.55362,1.58743,2.56226,3.98651
3.8508,4.58062,4.6476,4.55593,3.54361,4.46863,3.14283,3.5147,4.35877,4.59255
5.41468,4.59127,4.24106,4.50049,3.0622,4.59255,3.42622,2.45384,4.24476,3.68896
3.02173,5.1189,3.53496,3.98799,4.55945,2.60615,5.0901,3.64236,4.82298,4.06137
5.03576,3.98188,3.33802,3.07904,3.41656,4.49021,3.91259,5.17815,4.10249,3.63051
2.75687,5.36272,4.11369,3.74605,3.64598,1.26124,3.03972,4.03173,3.97368,1.86633
2.95205,4.53848,3.9013,2.67463,2.86993,3.68758,2.64006,4.2814,5.32217,5.40508
4.33972,5.46985,3.47357,4.02046,3.76018,4.20307,3.98356,3.05726,5.67086,3.40439
2.81446,2.7442,4.20313,4.31808,3.07689,3.05068,4.53642,2.95514,4.20463,4.11445
1.9309,4.8104,3.06768,4.06839,2.90068,3.01675,3.47388,4.49089,2.7396,4.52924
3.61318,4.17837,3.5679,1.16811,5.00298,2.76948,3.18167,4.59696,4.67565,2.18635
4.73682,2.44908,3.05248,3.17546,3.26209,3.98581,3.0002,5.8869,6.45528,3.61625
4.75469,4.50592,4.15559,4.12981,2.19516,5.24779,5.91228,3.0578,5.42811,4.12312
3.05507,5.20964,4.10228,5.41808,3.59643,4.62877,3.95721,4.08333,3.32094,6.67468
4.316,4.37968,2.48446,3.4993,5.40094,3.74137,3.91528,3.68659,3.05781,3.58471
4.9542,5.28662,3.05361,3.76054,3.05121,6.05811,5.45539,5.52897,4.03813,4.97352
2.98726,3.68978,3.57237,4.40591,3.17178,4.1892,3.93302,3.99876,4.02303,4.86362
3.11083,5.16563,3.55517,4.23285,4.47079,2.40426,5.82842,2.45048,3.0645,3.79458
1.95876,2.4853,5.56023,4.14285,4.07568,4.57642,4.15778,2.4811,3.22697,4.40488
4.23137,3.54768,2.778,4.19646,2.54409,5.53457,5.57101,5.25715,3.74456,4.19123
4.32902,5.51617,2.77605,5.00485,3.92382,4.30186,3.2224,4.60357,3.34523,4.89616
4.90471,4.09808,3.43401,4.25079,3.93469,3.9802,3.40435,3.69763,2.59022,4.28832
4.52987,5.36107,4.59058,3.56307,4.32056,2.18463,3.97312,5.14022,4.16944,4.4611
3.79006,4.32698,4.2241,5.72594,5.33476,4.40352,3.82756,3.08179,4.75942,2.74627
6.32329,5.44064,3.98783,3.28151,3.35515,3.96226,4.47936,4.18631,4.74037,5.74952
3.38296,3.66799,3.60107,2.83483,3.3901,3.26373,5.43582,5.55494,3.48443,4.72548
3.28366,5.13104,3.37452,2.36191,5.09711,3.41075,4.62178,5.05641,3.77227,4.66998
5.68818,4.76974,4.1576,3.94554,3.72834,2.89564,5.12832,5.22686,2.87287,3.5015
2.69375,4.75577,4.94932,5.57462,3.98661,4.3235,4.41389,4.44857,3.52116,4.77508
2.14955,3.60531,2.78839,4.97574,4.14142,5.81397,3.85771,3.46673,2.75285,3.80692
3.05479,4.17212,4.6553,2.85319,4.70246,4.13042,3.91931,3.3837,4.3387,6.03254
2.41633,4.53677,3.92717,2.07371,4.6118,3.07795,4.5396,4.525,2.87344,4.29095
4.08923,4.08048,4.45337,4.09679,2.95809,4.28863,4.90883,6.36115,5.4549,3.11178
4.97912,4.64775,2.89751,1.12446,2.82372,5.05616,5.29745,3.51092,3.23036,2.87974
3.04819,5.43963,4.70556,1.60735,4.17635,4.02679,2.26688,4.1549,1.57203,5.1027
5.15546,4.08237,5.61986,6.04996,4.0157,3.79827,4.86752,4.53679,2.55409,3.25856
2.8731,4.76437,5.95183,3.21335,4.33942,3.83542,5.51367,3.91542,4.06475,3.40807
5.09156,4.10471,3.36741,7.01146,4.38519,3.53546,5.7112,2.65073,2.09236,3.31551
3.38399,2.99448,3.23197,5.4511,4.77097,2.68321,2.36227,3.20794,3.4227,5.24585
4.4345,3.53218,2.96867,4.17714,1.85299,2.42492,5.14587,4.07792,4.47558,3.45728
4.05435,3.38032,4.87294,3.7913,4.84632,5.24098,4.4377,3.00924,3.47405,5.88506
3.38304,2.87447,2.24969,4.29894,5.09545,6.16823,2.24962,3.84818,3.21673,2.74294
4.91938,3.52298,6.72731,3.6987,3.01306,4.91436,3.98991,4.28249,3.76536,5.42612
4.11842,2.00889,4.36797,3.47717,4.44277,4.02298,2.8967,4.47423,4.14946,5.01865
4.58034,3.33934,5.54162,3.69094,4.67194,4.21787,3.2574,3.70095,5.06797,4.00772
2.62813,4.69409,3.51023,3.70255,5.02712,3.67976,4.17882,5.41098,4.54005,4.89061
4.17459,4.26083,5.28391,4.24918,3.7336,3.67875,3.95414,3.70437,4.05013,2.07606
5.35625,3.96158,5.32613,6.44461,5.18746,3.48348,4.37048,3.63028,6.10098,3.46238
2.87145,4.169,5.42834,2.26358,2.69932,5.90274,2.34402,3.93515,4.12994,3.34363
4.50942,3.03952,1.80172,3.62644,4.38004,3.82052,3.74849,4.0483,3.64269,6.00887
4.05283,3.02228,3.68037,4.76782,4.1363,3.84418,4.82975,2.29555,3.29306,2.93196
2.91741,5.15804,3.41387,3.21981,2.71357,3.94231,3.16033,5.90714,3.67542,2.71161
2.95719,4.13475,4.64288,3.78479,5.07585,3.8874,4.6962,3.47174,3.56502,2.12815
3.29724,4.69953,2.93627,4.28538,4.33929,2.60097,2.87332,4.73019,4.121,3.95973
3.1002,5.42466,3.43531,3.00897,4.22003,2.34853,3.69352,5.09051,2.01564,2.79934
2.89542,6.2762,4.43866,3.62846,4.10339,3.19015,4.68616,4.51595,3.54979,3.0229
3.48911,4.50398,4.40354,5.51481,4.84814,5.00269,4.41132,3.07328,6.10024,4.03488
4.72848,4.48599,5.03943,3.0321,5.80605,5.78239,3.77918,2.65837,3.18966,3.78599
3.31823,5.0441,4.23097,5.18428,1.09559,3.85896,2.85411,1.91942,2.565,4.02226
2.17791,4.62791,6.28942,3.07152,2.90798,3.70076,4.79984,5.23666,4.36743,2.89232
3.91274,2.34084,3.28763,5.37399,5.97836,3.07086,6.17774,2.51136,4.25041,4.35142
4.42361,1.92312,4.59467,5.78198,5.9531,2.39241,4.7566,4.43675,5.21504,3.70949
4.47193,2.4284,3.91411,5.03594,3.6351,3.88095,3.43702,2.89893,4.06668,3.73063
4.61521,2.85606,5.21962,4.2994,5.04049,3.85509,3.6261,2.59199,1.56999,3.51351
4.70479,2.92567,3.48683,6.13254,6.19017,3.76263,3.01244,3.81718,2.71244,4.2568
1.62789,4.74712,3.50778,3.312,3.4333,5.238,2.40739,5.48804,5.7145,5.31703
4.70256,3.40101,3.38415,5.57358,5.3205,3.40908,5.0454,3.03462,4.21122,5.40668
3.84214,2.32313,4.00744,2.87667,3.3896,4.38094,3.2207,4.29731,-0.138223,3.50457
3.90639,4.28863,2.91856,4.54747,3.9091,5.17993,2.78624,5.42507,4.03469,2.93081
5.98309,3.8754,4.90475,6.26815,3.65357,4.13207,4.05766,4.03343,4.97491,5.11396
4.83127,4.34668,6.35625,2.87173,3.81547,4.79111,5.55115,3.91211,3.31633,4.39943
3.24056,3.28715,5.05408,1.77577,2.66255,5.30053,5.75523,5.27187,4.03147,5.53658
5.80486,2.75293,3.8243,6.537,3.42015,3.64096,3.98695,3.34497,4.4366,3.57818
4.29972,3.29014,3.04593,5.14223,4.67295,3.75379,4.12483,3.10469,2.49415,4.19926
5.83694,4.3129,4.71878,4.81234,4.806,4.57089,3.05973,2.91905,3.04666,4.53798
3.06737,5.13803,4.95089,5.72437,3.85282,3.54917,3.64302,2.83053,3.70086,4.07055
5.18323,5.18571,4.27097,3.086,4.85879,5.7373,3.0981,3.65471,4.31436,3.1678
3.35419,5.00096,4.18045,4.16624,4.79832,3.35979,4.39443,3.66578,3.44778,3.47184
4.26428,4.44781,2.34379,5.27692,5.5595,6.08127,2.26545,2.8553,4.00026,4.8295
4.20653,4.64637,3.64245,2.10743,5.91452,3.99499,2.25781,2.28561,5.24763,4.89073
2.15997,4.76551,4.45887,3.05181,3.79732,3.39278,2.03695,3.18189,4.15551,5.99293
3.98375,3.68975,3.91978,3.68818,7.32449,4.99742,3.18762,4.12025,4.5742,3.6461
3.24587,2.29738,4.37499,5.5211,4.82051,6.07131,5.78686,3.79387,3.62971,6.15839
3.91667,3.56125,6.23954,3.17323,3.34741,3.32042,5.09773,2.70416,2.62342,3.60201
2.4344,4.56708,3.46675,4.97641,3.9362,5.74444,4.13053,4.84342,4.74649,3.10829
3.96821,2.93245,3.97426,4.14574,4.03299,4.74265,3.81457,4.55488,2.35341,4.346
2.09296,2.89021,4.3797,6.78603,3.069,3.83169,1.99034,4.26476,5.61994,3.21235
3.08639,5.19035,3.66315,4.51708,4.59915,1.5318,4.04482,4.39242,1.96297,2.22744
3.38921,2.81141,4.78464,4.40435,5.26786,3.94098,4.16951,2.02096,2.23104,5.06698
3.65856,4.73973,2.36006,2.82335,5.83598,3.0823,5.38481,5.04273,2.52242,4.22319
4.04331,2.45034,2.69676,3.92597,3.74372,3.64919,3.58434,2.45567,3.13674,4.85915
3.9989,3.94218,5.02505,2.2671,5.08792,4.98213,4.39144,4.99878,3.36198,4.64297
4.62798,3.2125,1.41133,4.62669,4.08337,5.49907,3.82575,2.89039,5.05415,3.4821
2.09442,5.27623,2.44961,3.95954,3.95582,3.02447,4.8188,2.81719,4.82236,5.70673
3.2209,4.83333,4.07424,3.58309,4.44341,2.20494,2.71557,4.00045,5.56505,4.07635
5.04626,4.79433,5.13991,3.91911,2.46206,3.47666,5.16442,4.15136,2.97776,3.3483
3.94663,3.72283,4.45932,4.68502,4.70914,4.29489,3.00775,3.96655,5.11903,2.696
5.20152,2.02198,4.39648,4.8378,4.00816,3.47619,3.90098,4.12955,3.59839,3.97508
5.64928,4.34328,4.56542,4.32352,4.13146,3.94395,4.22867,5.92927,4.68951,4.27612
2.91981,4.67071,2.92544,2.17466,3.08628,4.51206,5.3834,4.17341,3.64063,5.15697
4.48403,3.4206,4.95325,4.36335,2.59636,3.74619,3.24917,5.16548,4.20365,3.68252
3.54727,4.69407,4.80329,4.37001,2.88716,3.54942,2.78677,3.65018,3.76881,3.93937
4.99145,6.7551,5.11836,4.1359,4.4813,4.96523,4.21206,4.24419,4.54589,5.13858
3.26822,5.91269,3.86851,3.6231,4.40236,3.10458,3.62052,5.26509,3.90914,2.57801
4.1061,4.33324,3.19998,3.47889,5.32276,4.94211,3.41578,3.67604,2.53598,2.66085
5.72685,2.65381,4.55559,4.27463,2.07514,5.21558,3.2845,4.51,4.37023,4.24768
5.19154,4.49595,3.79028,3.15624,4.09913,4.5113,5.13628,3.43193,3.9593,5.14358
4.01461,1.76744,5.17561,2.16444,4.95965,3.62739,4.90076,2.9216,2.2001,2.09817
4.53236,3.75737,6.7456,2.82835,3.64427,4.01097,5.8565,4.81148,4.15884,4.28418
2.93043,4.02627,3.04683,2.9553,4.92323,3.94557,3.60357,3.47855,4.88281,3.47357
5.29385,4.84205,3.65379,4.54962,5.59058,7.57577,4.64099,4.07976,4.17994,3.99001
3.46211,5.25838,3.46062,3.92053,2.99396,4.81476,3.73444,4.11753,3.52406,3.13711
5.24124,3.18627,3.29227,4.22333,5.35994,2.89681,3.04899,4.40278,5.45871,4.42381
2.48816,2.87415,3.05391,4.41797,4.94975,4.79002,2.54435,3.83846,4.95401,4.07198
3.45067,3.72426,2.75957,3.80128,2.41087,4.03875,4.23262,5.34778,2.41464,3.37268
3.95455,4.99387,4.79329,3.07772,5.15301,1.55771,5.03339,1.62475,4.69559,5.03567
4.91255,4.02646,3.65168,6.15032,2.9818,5.4278,6.38764,5.0814,2.19887,3.98044
3.59822,3.31493,4.07294,5.01245,3.85332,4.41009,4.47658,3.43154,3.19809,3.72552
4.56826,4.96732,4.36112,4.13224,2.73744,4.15047,4.76636,5.54716,4.21208,4.33899
4.46555,4.60734,3.68561,4.28768,1.60279,4.55125,3.31532,3.88269,5.42401,4.28185
4.2944,3.1592,4.93855,4.02294,3.18738,3.87823,3.73246,4.07512,4.12261,3.17363
5.53961,3.69212,5.17367,5.26083,1.5477,4.1847,4.81328,4.6268,3.31011,3.3792
4.27626,3.64539,3.57872,4.07834,4.34539,4.16863,3.26485,3.65972,4.00513,4.52959
4.5167,5.34783,2.37463,2.74208,5.72422,3.67154,1.7714,3.6332,4.05899,4.42575
3.05973,4.08899,4.92499,5.69113,4.30892,3.76173,4.73498,3.26533,2.62507,5.73615
3.42953,4.2988,3.98448,2.93413,4.09529,3.11543,4.15977,3.10998,3.29273,4.84124
2.50303,3.31933,4.87762,4.39036,3.16762,3.27011,3.4441,2.99706,4.25572,4.77338
3.115,3.41658,5.35485,5.20847,4.16827,3.34437,4.56132,3.14493,4.67414,2.85423
3.25659,4.01899,3.18104,1.85501,4.58152,3.49383,4.23183,5.07759,3.20567,2.82495
2.2595,4.69577,4.52593,4.04447,3.04952,3.83781,3.35932,1.49558,2.00121,5.44349
2.6749,3.77071,2.99966,3.64068,5.15396,4.72654,4.44655,6.59208,5.23752,2.80087
4.9266,5.57397,4.17781,3.98803,4.5219,2.48101,5.30309,4.97302,3.89067,3.99154
2.53049,3.95525,3.26088,4.59688,2.38518,5.1066,3.17501,3.64636,4.40025,4.11246
4.485,4.04839,5.07497,3.36781,2.68379,4.86346,2.65971,4.54115,5.40647,4.17209
4.46382,3.11322,5.49103,3.52397,2.08036,4.64767,3.40181,5.15985,2.39548,3.5267
3.83802,3.10114,4.51437,4.85007,2.24124,3.70881,2.11555,5.34443,3.95457,3.90259
4.01898,6.31505,3.87999,3.71932,3.64971,4.28716,5.92169,5.36795,3.15606,5.30329
4.63107,5.36958,3.84029,3.82894,5.0467,5.96954,4.87509,4.40636,4.58481,4.84941
2.79099,2.58104,4.2395,3.82648,2.7169,5.91983,3.79356,4.07594,3.90893,5.17503
3.4882,5.25239,2.18136,4.09152,4.04304,2.92216,6.33288,4.51267,2.56863,4.63529
3.41443,4.84585,4.06667,3.43951,5.68267,5.19063,4.38713,5.39721,3.53379,4.57918
6.24156,5.37008,4.11983,4.22737,2.8483,3.78409,4.59367,2.63908,4.23027,1.77451
3.54176,3.02865,4.48751,3.49348,3.37187,4.1037,4.28249,4.08685,3.67009,2.58644
3.36748,4.0557,4.76768,3.91699,4.55734,2.84209,4.32707,5.43207,3.80334,4.83412
3.06233,4.03089,4.36431,4.25638,4.9121,4.8522,4.21046,4.87042,3.57344,4.16883
3.79154,2.32984,4.69615,3.21551,4.15652,4.63124,3.40864,3.17083,4.286,3.15097
3.15984,2.73902,3.38818,4.55531,5.64232,5.32337,3.76658,3.89318,3.27469,2.30035
4.53082,5.39042,3.95536,5.34881,2.79438,3.89767,3.28407,4.19777,4.82466,4.42534
5.47411,4.49336,4.20961,3.35715,3.93713,4.03184,3.08834,1.60165,3.71815,2.15338
3.53364,4.68206,2.7772,4.76101,4.2695,3.60976,4.43179,5.02198,3.99961,4.31078
3.60945,4.67913,3.97644,3.93085,4.53754,3.90861,3.49652,3.67968,3.39345,3.39191
5.52174,3.91595,3.30345,4.71479,5.17492,3.61062,5.5643,4.89219,4.1321,5.42468
3.25594,4.58179,2.89366,2.88005,4.47873,2.98699,3.17381,4.69433,5.26652,2.7686
3.64461,6.07057,3.41447,3.06847,4.35615,3.93646,5.65395,2.57688,5.88845,3.69634
4.34819,4.76712,3.49946,4.34061,4.55043,2.68677,5.39348,5.1838,3.68307,2.88391
2.98331,3.18504,5.53513,3.67084,4.29249,4.75021,4.7463,4.67866,4.23555,5.24143
3.89516,4.2602,4.54741,3.94258,3.50557,2.82276,2.56554,4.4071,5.2287,3.38337
3.15027,4.73873,4.45633,3.15332,4.81564,3.28964,3.56669,3.29082,3.0699,4.66667
4.34447,5.19362,3.91926,4.36637,3.03278,4.14984,2.86853,3.67192,2.92937,2.91509
2.92533,4.66182,3.72202,5.54658,4.40363,4.79556,5.4405,3.63214,4.29804,4.31033
2.84304,3.93332,2.81041,4.16716,4.64701,3.39528,4.68831,4.77905,5.06209,3.55788
3.12882,6.63745,2.04568,5.07147,6.39906,3.83501,3.57031,5.32118,3.40314,4.0471
3.51753,3.46454,3.4643,5.90554,1.54452,3.90846,3.93405,6.15444,4.66207,3.3275
2.51444,2.37401,1.59589,2.31168,3.6755,3.54978,2.31112,3.00717,4.0697,3.91869
2.90216,3.29987,5.00527,2.79486,3.64096,5.13186,4.48102,2.83611,2.99269,4.07253
3.86875,2.54379,1.52717,2.66015,4.06982,3.73829,5.86128,4.18097,4.89751,4.85572
4.39,3.29579,5.64017,3.3416,2.931,5.13543,4.26615,4.46448,3.4857,4.69496
2.4551,6.15314,5.18326,4.0595,3.3957,5.72423,4.25407,2.91709,2.74847,4.05398
2.92752,4.69004,6.12315,4.17847,4.9203,3.00573,3.63874,2.54413,2.11322,4.90171
3.89093,2.87566,4.07199,4.43445,3.33673,4.05817,4.44609,4.23095,5.07699,3.97501
2.55873,2.87456,2.70993,4.02624,3.67179,2.29916,6.03306,4.36778,3.89553,3.35953
3.32194,3.00199,4.22723,4.72897,4.82514,2.83974,2.53006,3.42781,3.02816,5.681
5.11729,4.70583,3.02698,4.27246,4.26798,4.62707,3.29974,4.75228,3.42253,3.07933
3.43698,4.82438,2.16539,3.3062,4.85028,3.24565,4.90375,3.83733,3.83017,4.67695
3.53473,5.65838,4.8844,5.58385,4.41046,3.36701,3.24426,3.55373,2.84277,3.4245
3.771,4.1173,4.55119,3.778,4.6277,4.60422,4.21212,5.65591,5.06836,4.50374
2.97532,5.70063,3.04419,4.60026,4.15392,4.60745,5.23688,3.85245,6.47915,5.79469
4.27468,4.54593,6.34772,5.05644,4.26521,3.11588,4.70423,4.79315,3.99655,6.45186
3.60774,4.16259,2.95864,5.23597,4.41302,4.27749,4.94382,2.91442,4.45867,4.28912
3.34588,4.3024,3.58144,3.66132,4.45869,4.69873,3.65222,2.55654,5.21771,3.27743
3.70496,3.58615,1.46847,4.49931,3.05826,5.24755,4.79896,6.7633,4.12968,4.66095
5.48369,3.29604,3.60832,2.34664,1.94582,3.98672,3.51914,3.98922,3.3773,3.33862
4.8307,4.98177,4.55488,3.22323,6.31617,3.38053,5.27223,3.29357,3.8026,4.22468
3.52733,4.92996,5.35866,3.891,5.2648,3.99675,2.46809,4.17251,3.70044,4.53817
2.70324,3.36551,3.59176,3.28797,4.25445,4.65229,4.92474,5.36545,3.24154,3.22999
3.92894,3.29162,3.88369,4.21811,3.93647,4.17038,2.41916,4.84444,3.88997,5.85839
3.66815,5.63855,4.38489,5.1454,5.29823,4.6131,3.34257,2.56215,4.39793,3.65995
4.77784,3.78453,3.63957,2.54409,4.95211,5.37243,3.9989,3.26114,4.26324,3.73741
2.32693,3.89055,3.65754,4.32296,2.62721,2.69261,3.02163,5.26313,3.88021,4.67834
3.61825,2.25079,3.95172,2.00639,5.55771,4.04446,6.67641,4.76361,4.59064,4.41046
3.03229,5.23052,4.18576,3.67243,4.17329,3.18936,5.63763,5.9421,3.89481,5.17229
2.79888,3.66621,4.60924,2.53638,4.77871,3.44893,4.17623,2.97018,4.7972,5.98098
4.78861,4.94566,3.35752,4.57477,4.56737,4.20375,4.35779,4.99486,3.38539,3.9728
4.58458,2.29076,2.52767,5.69828,2.67564,4.39826,4.44884,3.05878,4.40726,2.8585
1.89638,3.99802,3.57012,3.67839,3.14662,4.92056,3.71608,4.0347,3.72718,3.58162
3.44399,5.96976,3.28237,2.65122,3.75644,2.71127,4.47946,2.98249,3.9907,4.1212
2.60742,5.01087,2.46774,3.86209,4.334,4.61646,3.86203,3.94471,3.23318,2.52734
5.01525,3.60553,4.47516,3.97435,2.87094,3.86121,3.95309,4.75682,4.13685,3.07644
4.32239,3.74614,3.51797,2.97868,4.60813,2.29191,5.52098,6.40465,3.93389,3.4768
4.2466,3.93825,4.29479,4.89357,3.42592,3.39405,4.64977,3.12953,3.43822,4.41323
4.45211,4.62468,3.73202,3.63288,5.63089,4.75453,3.02508,4.13858,3.49406,2.76443
4.43565,5.44623,3.66375,2.93313,5.74625,4.86173,4.62095,3.72036,5.05591,4.2516
1.78917,3.8634,5.65453,3.96726,5.83074,3.76314,4.43473,6.30116,3.9333,4.85207
1.78897,2.8628,3.95354,2.92449,4.3588,5.40992,5.09429,5.29937,4.375,3.2183
5.89915,3.80961,2.93411,2.40242,4.08828,1.41537,4.07735,4.93197,4.11,3.20198
3.97557,3.83623,3.97283,3.74227,2.82141,4.15567,2.71239,1.80651,5.47934,3.17585
5.79791,4.37996,3.97379,4.04138,1.62756,5.22739,5.05218,3.37563,3.01369,2.72908
3.55927,3.20599,3.37214,3.22404,6.1059,3.23728,3.74859,4.02871,1.12405,3.5283
5.15094,5.11645,3.69854,4.10887,4.30128,5.06384,4.64307,4.77827,4.95086,3.23846
2.11322,4.50193,4.01407,2.35421,4.82008,5.37765,2.27702,4.48735,5.84729,3.72204
4.73706,2.70138,3.33525,4.25397,4.77587,2.88177,3.34608,2.61932,3.8736,5.26613
5.28204,4.71747,1.83755,3.95789,5.2481,4.37165,4.15512,4.5276,2.81985,5.30987
3.46534,3.41669,2.45881,2.90072,3.12713,2.12527,2.94139,5.23784,4.04163,4.26056
2.83362,4.58013,3.72304,4.09902,2.56094,3.33837,4.22266,6.87412,3.55528,5.29565
4.46117,4.22495,0.283228,3.94005,2.15036,3.8904,3.96875,3.01366,3.09909,5.63919
3.64312,4.68207,3.46813,4.70381,2.74876,3.89097,3.95511,3.42299,6.03859,2.91654
4.9655,2.96727,5.47632,3.72466,4.55576,4.3094,2.93891,3.3517,3.05099,3.68484
4.23791,5.0915,3.26161,5.93162,3.62553,3.87673,4.15072,1.37693,3.53082,4.89662
4.40068,2.12083,3.64325,4.37738,3.39378,3.14214,3.71801,3.56973,4.11071,3.70187
4.24899,4.47871,3.6979,2.86072,2.59027,4.17666,3.27979,4.51126,1.9395,4.17705
4.19874,5.25197,5.51978,6.15241,4.53379,3.6089,4.29729,5.06919,3.0275,3.57078
3.32468,5.85713,4.73101,2.66447,5.09441,4.15999,3.84596,2.49977,3.12585,4.88755
2.10395,4.05552,4.46164,3.95806,3.30042,3.30615,3.85583,4.11099,5.51518,3.24486
4.32301,5.16802,5.03032,4.76858,6.34676,2.155,3.92524,3.93068,4.07049,4.87159
3.30306,4.27417,4.84568,5.19252,4.03996,2.07553,3.9595,4.07476,5.4349,5.00909
5.54895,4.34116,5.2035,3.39268,4.45832,3.17872,3.54139,4.70205,3.39996,4.31592
3.59502,3.5831,3.80381,5.49475,4.46282,3.50523,3.38435,2.23906,3.23152,3.67979
5.06578,5.27631,4.51747,5.20359,3.12893,4.19432,4.88764,3.62779,4.79399,6.28491
4.16147,3.75699,4.18984,3.91677,5.08192,4.78988,2.5053,4.61082,1.93476,3.18104
4.63491,3.60176,3.71548,4.02712,3.93019,4.23584,4.1941,3.07962,3.00604,4.16269
3.83067,4.32583,2.63764,4.81829,4.64666,2.42955,3.87717,4.98734,3.33877,3.883
3.40301,4.17573,4.45227,4.12607,4.65964,4.74666,2.90375,3.80963,4.25269,3.72282
4.01794,4.43246,2.35421,3.74894,4.0034,3.06603,4.31522,5.55801,4.47516,4.82356
2.9604,4.87159,3.02544,3.67427,5.17624,2.94693,4.83404,2.18409,4.41502,4.83277
2.81657,2.6101,1.82188,3.98755,3.67201,2.97473,4.01216,4.46466,2.88743,2.53686
3.25331,4.17299,4.77147,3.82591,3.64956,4.20431,2.46424,4.19775,3.78125,2.47984
4.64607,5.59444,5.00011,2.67298,4.39944,4.45973,4.66977,6.59134,4.4817,2.56593
2.60306,4.08897,2.30966,3.2057,3.77335,5.08273,4.07652,4.42512,3.37159,3.39361
4.59588,4.30737,6.00742,4.60051,3.7921,3.16657,3.36844,3.82212,4.21034,3.582
3.52624,2.54304,3.30902,3.07087,4.54261,5.02435,4.90793,3.50995,5.48774,4.44304
3.10099,3.23538,4.64203,4.23751,5.40699,6.14695,6.86212,4.29491,2.78896,4.52252
4.75638,3.42338,3.30199,2.51635,4.65903,3.33697,2.99868,4.1435,4.27519,5.72042
4.63037,2.99467,2.42416,3.83294,2.69681,4.1296,4.00963,4.53992,5.45659,3.84625
2.14084,5.17241,2.8258,5.05746,3.45675,3.70564,4.39187,3.59336,4.04266,3.53768
4.58071,4.68461,2.57345,3.64378,2.26789,5.21599,3.22189,1.09697,4.22937,5.86777
3.99459,4.14275,3.27821,4.28711,4.94162,4.60621,3.59103,1.38323,3.21805,3.60082
3.29368,3.49525,5.54702,5.33628,4.9741,4.03335,4.71521,3.58544,3.644,3.48644
4.46309,4.24334,2.78729,4.76117,5.47053,4.99921,4.13048,5.23572,3.97731,4.97109
4.40476,3.68514,4.48582,4.45435,5.72506,6.07944,2.71854,4.33993,3.5209,5.58832
5.51377,4.61752,4.12452,6.56146,3.4553,1.78003,3.27091,5.32906,3.19455,5.50118
2.26879,3.04282,4.91994,4.79153,4.79939,4.20393,3.09262,2.70634,2.98176,2.61223
3.81799,4.3524,3.76191,4.87572,2.16072,5.66028,3.65204,4.50937,3.72741,4.0781
6.79095,3.79157,3.93694,3.84105,2.65225,2.85746,3.18619,3.5594,2.0672,2.87045
3.67356,3.25102,4.04977,2.87323,3.88436,4.99197,5.53782,4.65076,3.83995,4.46884
5.44947,3.3113,3.06961,4.37249,3.49936,4.18081,5.01305,4.98529,2.5047,5.63835
1.78951,3.21756,4.07941,4.10217,4.42732,5.12654,4.27561,5.26741,4.14481,1.9616
2.96735,2.44884,5.59271,3.67148,3.21848,4.66779,4.13923,3.05363,4.26768,3.84778
3.56262,4.31636,4.14016,2.19765,5.01236,5.07492,4.83043,1.92799,2.7128,4.10429
4.06834,4.57217,4.23835,4.64275,3.72375,2.19954,3.61927,3.6378,3.36374,4.13567
2.76283,3.02787,4.85723,5.48158,3.36097,3.35199,3.89875,5.94227,3.39754,6.18546
4.24635,3.91012,2.45795,2.86559,3.82197,5.33953,5.8922,5.72642,3.9976,5.41379
2.80156,4.31154,4.24714,5.35258,5.3272,5.0876,3.08617,3.13293,4.95728,3.82096
2.83695,3.98471,4.2898,3.21741,3.44252,4.47733,3.8218,4.34203,3.62073,2.36918
3.63633,4.04291,4.43398,4.63759,4.22255,2.76142,4.35253,5.67688,2.44814,4.49873
4.06025,4.19202,3.46677,4.25923,4.15633,5.60415,4.15509,3.12454,5.18609,4.66606
4.05888,2.32739,3.9922,3.57128,5.42273,3.60584,3.19356,4.83636,2.56641,4.04623
1.84641,3.44986,4.90302,6.00574,3.85496,3.10935,2.94476,3.59097,2.85136,3.84505
3.79258,4.60916,3.0183,5.31406,3.59115,2.79039,4.77368,4.59294,5.80072,2.95809
1.99187,3.50706,4.38027,2.59855,3.84454,2.72042,5.49671,4.94964,3.4573,4.96737
3.92829,4.60407,3.85857,2.29548,4.58847,3.5723,2.90937,2.77146,5.69705,4.18739
5.23749,4.15696,3.60554,4.38189,4.43984,3.39584,4.66968,4.09248,4.83922,5.26114
4.37028,4.82407,5.23217,3.53493,3.24901,2.3463,3.92317,3.64405,3.95738,5.23953
5.77258,5.73887,4.8448,4.16767,2.8319,4.27742,3.64464,3.00426,5.37601,4.14543
6.2548,4.70458,3.08677,4.02011,2.22528,3.28284,3.14325,3.78362,3.31056,4.33197
5.48177,3.41523,4.13392,5.31546,4.95156,2.70312,4.30348,4.53926,4.08783,3.93635
4.18912,3.89123,2.51818,4.04801,4.51149,4.52807,2.84993,5.90731,4.09851,1.74667
3.53925,4.26111,4.03819,2.94729,3.64935,3.79018,6.48461,1.55998,4.39644,3.721
3.49116,4.51945,3.37043,3.54767,3.46115,2.14684,2.99418,4.05496,2.73677,3.7104
1.92146,3.70592,3.63181,3.09545,3.21274,3.28953,5.04657,3.06854,4.24957,3.95299
3.59111,2.93582,4.36972,3.86676,3.34695,4.16461,3.77489,5.38849,3.14398,3.0524
3.63328,3.52369,3.84683,3.51679,4.94237,4.13193,4.19374,2.23996,4.26556,4.73351
3.43443,2.85649,4.62916,3.82243,5.21852,5.68162,2.41578,3.5428,5.62544,4.33149
2.17664,5.37181,3.94975,2.72203,3.91344,4.57956,4.94118,3.44795,4.19003,5.03258
4.14208,5.57428,2.28809,4.02358,4.14546,3.87401,4.67826,4.11477,6.01975,4.00658
3.37037,3.2108,3.19208,3.11005,3.15027,2.13373,5.46616,2.37239,2.98763,4.96237
3.00997,1.99325,6.80373,3.06257,4.52038,4.07534,3.19653,4.00653,5.06543,2.77502
4.82038,3.86802,3.79405,3.61041,3.87288,3.19814,2.89416,3.70562,3.66443,4.73978
3.07864,4.90607,5.23896,3.39638,3.81444,3.19378,3.78027,3.7359,4.44499,4.76929
4.215,3.79944,4.63164,3.8276,3.17922,3.51157,4.44904,6.19865,5.7077,4.0244
4.35236,3.57501,3.23979,2.3926,5.65336,3.91397,3.1812,4.68545,3.42166,2.89271
4.7245,2.18622,3.75129,4.9908,4.65433,4.59035,3.75605,5.09103,2.84578,1.94056
3.66305,3.4387,4.62428,4.40733,5.10194,3.74001,4.08822,3.70952,3.44755,5.05867
4.29952,4.70014,3.82013,4.88454,4.19711,4.97507,3.43655,6.13663,4.12625,3.91346
2.44968,4.38354,4.60938,3.63015,3.3589,3.97654,3.3109,3.73892,3.15979,5.22095
5.64069,1.87337,4.50862,4.36525,5.04785,5.46641,3.91075,4.76564,4.96145,3.27813
3.66519,2.32161,4.51818,3.23426,4.95734,5.29359,2.69398,4.57049,5.52176,0.913852
1.63919,4.19551,5.87937,4.07907,2.91253,3.10693,2.3393,4.67086,2.82877,2.40653
4.51593,3.54771,4.98638,4.34841,3.97211,3.11774,4.54449,3.37532,5.39369,3.68724
4.36494,3.9507,5.6417,4.4451,4.18048,4.73458,3.6465,4.96297,3.67706,2.94815
4.50776,4.05836,3.59857,5.86858,3.5646,3.21525,3.73629,3.95954,4.5417,2.2105
5.90745,4.24748,2.86156,5.33976,3.28875,3.35809,5.7204,4.19671,5.07213,2.50297
6.70503,4.93694,3.55771,4.59011,4.44661,2.86505,2.09138,4.71554,5.33535,5.5416
3.79595,4.31445,5.01241,4.9369,3.71583,3.64235,4.79429,1.12279,2.89231,6.77556
4.35586,5.31946,2.41267,2.02739,3.38073,3.97466,3.43272,5.72121,2.51195,5.82474
3.50196,3.11029,3.77446,4.35532,3.26798,2.90609,3.86016,5.48776,4.11741,2.69878
3.62966,3.65862,3.55133,3.03993,3.14795,2.84524,4.15488,3.02072,5.28551,2.93968
5.33453,8.37386,2.14817,5.45809,3.65885,4.73729,3.59343,4.4219,5.55044,3.79268
4.70455,5.1257,2.08418,4.05966,5.13111,4.49019,3.8664,4.18775,3.72544,4.41963
3.22925,3.53504,3.3154,5.75353,3.36967,4.53816,4.53568,4.96842,6.2771,2.27357
2.37472,5.30018,4.245,3.35652,4.19894,4.08232,3.15226,3.45587,4.76009,4.6057
4.64361,5.47412,3.17012,4.29303,6.20747,5.93547,4.03107,3.07127,3.98828,3.31621
4.71991,4.1974,4.60621,4.20107,4.02678,3.55118,5.17615,4.14325,4.70599,3.86784
2.44597,3.42921,4.08139,3.8968,4.95647,2.54365,3.11425,3.64789,3.44817,4.96039
4.58963,2.48552,5.49586,3.16282,3.62666,4.38155,5.17696,4.68543,5.86174,3.41295
3.81051,5.43645,2.06778,3.72331,2.95507,4.26184,4.41729,4.14214,4.21682,4.03677
5.32695,3.07551,5.40757,3.56689,5.57457,5.5333,5.26218,2.84794,3.83018,4.48305
4.57989,4.57245,3.26431,6.53729,4.91781,5.26975,4.4434,2.79716,5.17505,3.41428
2.44692,4.22435,3.8917,3.78741,4.36866,3.94041,3.80395,4.7802,4.05643,3.65873
3.01606,3.4604,3.71596,6.0535,4.17628,3.1497,3.23059,5.11616,4.70232,4.29953
2.53395,3.55908,2.89041,4.60903,4.23789,5.19076,5.24501,4.0342,2.05409,5.07536
3.72704,5.22455,2.44276,4.1705,4.9125,4.48487,3.94697,3.93089,3.89811,3.91325
4.83622,3.69734,4.34379,1.23055,2.77376,4.09275,4.38219,5.46307,3.45324,4.15568
3.42566,1.08868,4.95894,3.43668,3.27598,3.62679,4.94752,5.46591,4.07538,4.41518
4.83236,2.94384,4.77604,4.62335,5.50763,2.58285,4.41422,2.54755,4.21637,4.28105
3.82559,4.00701,4.36887,5.32692,3.91598,3.06917,2.6278,3.99154,4.48881,5.53041
3.94734,4.27123,4.01429,5.41322,4.14416,5.07806,3.96437,4.53809,4.26956,6.18006
6.44882,4.20875,3.3286,4.89167,4.25231,4.97196,4.4062,4.97636,4.65921,4.45157
3.91339,4.41379,3.30728,4.77567,1.47889,4.90426,4.16233,2.86847,4.05546,5.22318
3.803,3.91646,5.1195,2.24429,5.61351,3.52846,3.30313,3.39951,3.92124,4.35681
4.10188,4.68038,2.49667,5.06943,4.79579,3.41733,4.3821,3.19188,2.92877,4.08209
3.06445,4.18543,3.82934,5.61725,3.33499,4.1233,4.74615,4.60614,3.89654,3.77075
6.02596,4.29148,4.09445,4.35845,4.06004,4.73658,4.91615,4.28522,3.41508,3.73808
2.66798,3.32344,3.73508,3.55039,1.86747,4.26429,2.93188,4.53339,4.67043,4.00959
2.94415,2.99119,5.40321,3.01976,2.45179,3.00438,3.69891,3.68792,3.94758,3.42543
4.0516,6.09094,2.76943,3.0138,4.36464,3.46098,5.4183,3.59345,4.77796,3.12708
3.76875,4.48668,3.94647,4.68174,5.28701,3.79907,5.01067,2.40687,3.26497,4.07404
3.51218,4.56405,4.55712,3.64899,5.04319,2.69894,2.31035,3.64469,3.27162,3.62333
4.43484,3.52708,3.85022,3.8829,3.82518,4.59816,2.89921,4.51893,3.91215,3.02668
4.15076,3.3348,4.43516,2.90393,4.48441,3.5074,4.62022,4.63106,5.22235,4.24484
1.92029,3.83358,4.79529,3.00626,3.49302,3.30488,5.05331,6.08786,3.80869,3.81883
1.62396,5.00476,5.00528,4.02123,4.00769,4.25339,2.69435,3.77057,2.72705,2.62738
3.69802,2.56521,4.12176,4.06832,3.77997,6.21686,5.58259,4.62724,2.19535,5.0015
2.93452,4.29813,3.69135,3.62785,2.11441,4.68468,5.38642,3.90957,4.25316,3.86592
5.58419,4.53534,2.6846,4.05094,4.5699,3.76411,4.42264,3.2869,4.43634,4.4968
4.17116,2.59963,4.75106,3.44182,5.25264,4.81326,2.92726,1.68294,4.52106,4.42715
6.93805,3.41587,3.76385,5.63431,2.74734,5.1009,4.61966,4.45862,4.74044,4.71509
3.03133,4.76019,4.23859,5.35327,2.67785,3.57626,3.26787,3.23586,2.69796,4.03833
3.79581,5.26435,3.52282,4.56893,2.51711,3.32639,2.97163,3.52346,2.03933,4.80534
3.28423,3.70013,2.61982,5.66454,2.88952,4.81945,4.13236,3.45718,3.90544,4.12356
5.61035,4.31681,3.54871,4.56841,3.40411,2.15928,4.14811,3.86001,5.21156,2.57219
4.03781,4.11664,3.40578,2.98605,3.05607,4.06906,3.33472,4.36111,3.16164,4.80768
4.57566,3.10499,4.05855,5.86391,3.76754,3.59983,4.92576,5.29639,3.37579,3.37248
3.31567,2.6678,5.63695,2.74354,4.67985,3.91731,4.22192,2.8965,4.22216,3.68969
3.65255,3.73243,4.31804,4.41925,4.16745,4.50352,3.89047,3.24494,3.00018,3.21158
7.82581,2.91507,4.18324,4.63972,3.32537,3.72644,5.59543,4.34561,2.81642,3.37028
3.87977,4.27852,3.95714,4.69609,2.64548,2.66239,3.44043,5.32074,5.23832,3.46083
4.74627,4.32302,4.14576,2.04463,4.72342,3.89403,1.69864,3.87346,3.72867,4.94825
3.6223,3.84029,3.34406,5.05834,4.38118,2.88479,3.73979,5.55649,3.99619,4.35141
5.66845,5.11885,4.89445,2.13392,2.52452,3.8341,2.95585,5.67575,4.40358,4.72741
4.00031,5.41242,2.78692,3.39638,2.59705,3.01694,7.12629,4.18421,3.83536,2.61567
3.46705,3.87212,3.31376,2.38273,3.82002,4.47915,2.92735,4.75775,4.74534,2.7857
4.22326,2.29459,4.44404,5.0809,4.68952,4.75525,3.32389,5.41122,2.73392,4.46109
3.64455,3.77333,3.43701,3.30937,5.44915,2.77365,4.10345,3.39642,6.15361,3.81274
2.06087,3.34747,5.67581,4.29794,5.40245,4.17734,4.50526,4.51301,3.21083,3.04842
3.02765,4.67438,4.80844,4.81271,3.6429,4.10417,3.24884,5.54921,1.56867,2.67174
5.86308,4.75415,4.28765,4.11154,3.04296,2.6918,4.58098,3.51748,4.04177,3.28019
3.57313,3.28715,3.24665,3.27264,2.31256,4.59778,5.44003,3.81004,5.61673,5.00094
3.51908,2.5082,4.10787,3.41393,1.46139,2.44556,2.61579,5.42868,3.80446,4.52852
3.01929,3.14668,5.48988,2.05271,6.01382,5.45435,4.5677,3.60997,2.93751,4.85977
6.35277,5.14096,4.81737,2.1013,3.09757,2.62004,2.9711,3.51549,4.03737,3.28149
3.31472,2.40473,3.55932,5.55455,4.54747,4.35784,4.73529,5.05453,3.56217,4.69404
5.2211,2.80094,4.2289,3.20702,5.17911,4.32979,4.01517,2.60191,4.1292,4.56102
4.51763,4.80681,2.88317,4.40322,3.10304,4.3244,2.7064,1.73637,4.2717,3.25205
4.54177,3.65557,4.23235,3.48669,4.52479,3.93361,5.16815,4.12976,3.47705,4.14092
3.60369,3.071,2.23698,3.31969,4.41642,3.29568,4.3412,3.9017,3.847,2.71123
3.8916,4.99693,3.46532,5.00085,3.26623,4.37006,5.82435,1.95581,4.05307,1.92393
3.81266,5.25208,4.37961,2.67791,3.91543,4.27333,4.20658,2.72885,2.88419,3.16223
4.09467,3.65782,2.72209,2.88196,3.59689,3.87449,3.87687,4.18866,5.72214,3.12575
4.63207,3.33072,4.31892,2.93507,3.21102,3.18678,4.52169,4.31987,4.62381,4.29672
2.83041,3.85562,2.38442,2.47264,2.2275,4.05112,5.44354,4.92148,3.22597,6.40401
4.28764,3.18069,3.82806,3.98477,2.73703,5.20184,4.34528,2.64872,4.11502,2.92773
2.08585,5.48001,3.16163,4.06847,3.73249,2.3741,3.80566,4.8246,4.46177,4.41679
4.32588,3.08727,3.65438,5.22642,4.20584,5.82984,3.92963,2.90364,2.10389,3.96464
4.243,4.5016,3.96837,3.03699,3.72849,3.821,2.67745,5.72441,3.64362,3.50558
4.50263,3.35885,1.81784,5.05451,4.52327,5.45397,3.72571,3.65673,3.89038,4.41627
2.7961,5.38653,2.97076,3.95467,3.71097,3.60109,3.61223,4.3734,3.66781,4.14606
4.27001,4.03243,4.43721,1.72175,5.45685,4.31608,3.96423,3.22773,3.20722,2.71825
4.13615,5.07607,4.71791,4.04515,3.57557,3.34342,4.21714,6.14321,5.61957,4.38431
4.49431,3.70932,4.27828,3.3777,5.24277,4.83811,2.98548,4.83196,2.25305,2.72073
2.00529,4.2968,2.27809,4.84291,5.52336,3.34196,4.66161,1.96368,3.80867,3.60646
5.24607,3.16307,4.08175,2.49506,4.42116,3.53522,2.99928,3.42967,3.40041,1.56959
5.49777,2.48801,4.24771,2.10259,3.30431,3.52088,4.85862,4.99494,2.8174,1.542
1.61814,2.82185,3.57797,3.84164,6.17676,4.72362,5.09523,4.60726,2.00389,3.65398
2.66957,4.51115,5.69473,3.08717,4.10709,3.88089,4.89669,3.9387,4.61997,3.1697
5.89891,4.84833,4.82274,3.45093,2.93078,3.25505,4.35338,4.70237,4.97662,3.47939
4.02739,2.53366,4.51329,5.46735,3.90381,2.834,4.49609,5.25133,4.80246,3.92317
3.03235,4.80317,2.13685,3.55161,4.15251,5.19192,3.73953,4.429,2.69541,3.016
4.64671,6.06127,4.84183,5.20083,2.93289,3.10547,5.05717,4.47309,5.01851,3.76978
4.11132,2.2713,1.98158,3.88591,3.90581,4.37154,2.68397,4.89936,4.38319,3.51308
2.04904,3.35146,2.50553,4.83007,4.49368,3.49173,3.99255,4.99562,5.09585,5.11607
3.03625,3.58731,2.05417,4.1443,4.12996,4.32301,3.94561,1.94084,2.36716,5.85065
3.7175,5.25691,4.61735,4.13591,5.58183,6.57421,4.32042,4.20811,3.90276,5.06679
5.72801,4.80424,3.97362,1.98374,3.62501,5.04771,5.01834,5.47827,1.24354,5.18569
3.91073,3.73928,4.66666,3.11982,3.84834,3.75643,5.02803,4.12956,3.71593,5.64626
4.68504,3.05655,4.26475,4.8488,4.98223,4.92732,4.0983,4.10714,3.93772,4.88521
4.50642,3.27152,2.71174,4.39803,4.64888,2.78815,5.16509,4.51734,4.93296,4.45688
3.42762,3.52238,4.63028,4.82981,3.78166,4.73081,3.80208,3.92241,4.12009,4.76593
5.63799,4.11097,3.76443,5.75149,3.30662,4.31594,3.8841,4.9699,1.98419,3.60866
2.11932,6.24046,4.45895,4.25209,3.60787,4.15651,3.84934,2.91769,4.02733,4.57103
3.23222,3.22417,4.83799,4.02165,3.33442,4.29222,4.42545,4.66413,4.83698,3.53133
3.17675,4.6087,4.61378,3.75698,5.07516,4.17391,3.84691,3.67646,4.80723,3.56751
3.75555,6.37231,5.71217,4.27881,3.30089,5.31758,3.22668,4.30934,3.11873,4.22592
5.40096,3.22631,3.36738,4.01025,5.72123,4.79848,3.52853,4.89384,5.75702,3.57903
2.92693,4.03687,3.55914,4.83281,3.20768,5.43551,5.70658,4.27188,4.06258,3.89018
3.65379,3.86099,4.98086,3.33524,3.87892,5.12453,5.27222,4.32012,3.54457,4.23458
3.32836,3.98535,3.52474,4.79281,3.89306,3.38733,4.0928,2.42661,4.19719,3.15681
4.05284,3.67571,4.07908,3.32757,4.38429,4.06519,3.98133,4.13819,3.02999,5.48857
3.47438,5.08541,5.26014,4.54557,3.91666,3.56041,3.07275,3.52951,5.47299,2.60524
5.17291,5.18079,3.44772,5.75501,1.54922,5.78069,3.07802,2.34736,3.65354,4.1985
2.77746,4.17045,4.25843,3.68781,4.39861,3.3031,5.00657,4.23752,5.27056,4.23115
4.83485,1.96795,3.05813,4.25184,5.11461,2.73759,3.90973,5.68736,2.75035,6.05905
2.93139,2.45542,2.92279,2.30762,3.00912,3.29831,4.70074,5.4294,5.26702,5.09595
2.19148,2.21829,5.1807,4.60107,7.14199,3.22977,5.13924,3.60487,3.7421,4.64334
4.54302,3.43682,3.89565,2.7937,4.33152,4.18489,3.8858,4.47702,5.50159,4.04213
5.26519,3.64005,5.23323,2.37619,4.49358,4.59901,1.39937,4.6677,4.49862,3.96209
5.5761,2.97157,4.36952,4.06559,4.79207,4.3506,4.478,4.03054,3.35348,3.82747
2.49692,2.43474,4.16878,3.64976,4.41475,3.66568,4.55728,3.81481,4.99573,3.12545
3.82608,3.77775,4.54275,4.02189,3.80517,3.40094,4.53101,4.22134,3.47224,3.37153
4.77039,3.74106,1.89299,3.65116,3.56364,4.05609,4.43552,4.54541,3.0941,3.99555
3.56416,4.23122,3.24465,5.70492,5.24636,5.31858,5.07468,3.36217,3.04495,4.70453
4.76884,5.35481,4.406,3.9243,4.28586,4.22406,4.09425,4.69914,2.49145,5.13309
4.89879,4.02632,3.38554,2.6879,4.7818,6.04593,4.40708,3.94828,3.6047,4.59267
4.34627,3.85933,5.45645,3.08682,3.77756,3.95183,3.48402,4.26794,4.30807,2.83542
3.0403,4.69353,5.84341,4.62427,3.28254,2.64717,2.34692,4.20273,4.8129,1.81154
2.8214,3.83971,3.63199,4.48739,3.3909,3.24002,3.35912,2.23365,3.53257,5.29671
3.7881,3.55993,4.21093,2.67715,3.88164,2.36366,4.92015,4.39367,3.27159,4.32883
2.56621,3.85876,5.53894,2.74902,5.06794,5.52693,4.86669,2.90603,1.32457,4.3684
4.15484,2.68577,3.59175,4.94576,4.77001,3.11305,2.09895,5.75811,4.07446,4.35295
4.75224,4.39581,4.23469,2.06322,3.47617,6.70252,4.62004,4.55358,5.43025,3.52809
2.76632,5.15039,3.40678,5.24561,4.75454,3.7561,3.57605,4.68165,5.8076,5.60991
4.59455,5.16867,4.4451,2.33596,4.62303,3.83022,3.10052,4.65356,3.02066,3.47913
3.23546,3.22585,5.57861,2.16057,4.45039,3.8601,3.75292,5.66496,2.97338,3.62319
4.01811,2.86441,3.7027,2.63298,4.22785,3.44362,5.86264,3.77631,3.59386,4.21438
5.00094,4.39421,3.01627,3.90786,3.9585,4.6184,3.60707,2.17094,3.86065,4.37471
4.39343,3.53413,3.84849,4.16977,3.12903,3.73557,2.27863,4.02543,4.51074,4.05772
3.97031,4.56615,2.84808,4.39219,4.54439,4.07779,3.66481,3.67604,4.40373,2.69195
3.84405,3.49977,5.05704,0.448729,2.79701,2.78393,4.1143,3.92889,3.57278,3.7333
4.35559,5.04134,3.31468,4.58425,3.24362,4.20866,4.27416,3.3672,3.797,3.13171
4.93153,3.23649,3.94805,1.16454,3.79355,1.95085,2.97237,4.79078,3.28318,3.14744
4.31997,1.24046,2.79355,3.71611,2.96779,3.21613,3.32964,0.704452,3.76851,3.51923
4.95758,4.49332,3.51931,3.281,2.35711,4.93613,2.27385,3.5927,2.96039,5.46836
4.69793,4.20568,3.15732,2.01207,3.7291,4.10153,3.67831,3.66769,3.30297,4.96611
4.33761,2.86169,4.27685,3.68939,3.00925,2.26654,4.46015,3.64677,4.40771,3.77032
4.44608,4.2969,3.18615,4.04623,3.17873,3.73557,2.9648,2.47303,3.50135,3.13739
3.80608,3.97153,5.02178,3.66046,3.79651,2.75403,2.04733,5.26367,3.30092,3.20069
3.44654,4.45964,2.57197,4.13784,4.20469,4.17503,3.35724,3.38268,3.29562,4.18675
3.33663,3.71696,3.99297,4.5535,5.2647,5.63165,3.51597,4.24013,5.82239,5.48003
4.27686,6.5331,2.22238,4.74787,4.77848,5.19701,4.6105,4.34223,3.95543,2.52399
5.12145,5.2464,3.47035,2.96532,2.06498,3.09731,4.1216,3.38636,3.40434,4.30598
3.25462,3.55585,4.15326,4.38463,3.3129,3.30224,4.11736,4.15405,3.85699,4.52453
4.46094,3.25977,3.41116,5.99473,1.99962,2.87392,2.58841,2.85742,4.38209,4.91674
4.50906,4.50527,4.07992,4.34958,2.8532,4.34309,3.24337,5.02862,4.90026,4.98503
3.92948,5.09251,3.52472,4.06209,5.3369,3.65873,3.03216,1.78101,4.89806,5.98236
3.95502,2.45336,4.00693,4.52841,2.74621,5.35107,3.40339,5.7712,3.54388,4.08849
4.84654,2.64776,5.26943,4.60765,4.98614,5.98474,3.00183,5.57196,3.51344,4.76112
3.90634,4.92981,4.92256,3.538,6.38668,4.14609,3.42217,4.83261,4.85552,4.39399
2.94225,3.91128,3.10063,3.34448,4.5553,5.25276,4.7135,3.47837,6.74672,3.7947
4.1662,6.44506,3.04987,4.53522,4.73432,3.18176,5.56225,3.26036,4.16895,3.6505
3.31889,2.56079,3.93305,5.5495,5.02,2.32344,3.6443,3.63901,4.88965,3.26766
3.44132,3.17619,4.33178,3.11777,2.71635,2.68276,3.89865,2.58774,3.15176,5.71725
4.79245,4.01484,4.09897,4.41177,3.31428,3.83917,2.20943,3.66478,4.23712,2.57329
6.11097,4.64367,3.48322,4.7911,2.80059,4.25224,3.06465,6.22344,2.86895,3.51252
2.15568,3.52942,4.55322,3.10749,3.57163,4.8738,4.419,3.33206,4.34022,4.09213
3.87162,2.12704,5.27715,5.52599,3.67462,3.22917,4.73545,3.80858,4.7517,4.18756
5.38917,4.532,3.93559,5.4027,4.41157,3.55416,5.93855,3.8321,4.14987,4.51587
3.24268,1.37799,4.57019,5.71043,3.03088,6.74122,3.53353,4.52874,4.00769,4.38575
1.57125,4.00619,4.80171,5.43067,5.39658,2.68476,2.11273,4.09844,3.08851,5.21901
3.33575,2.9242,3.91714,1.53779,2.91866,5.29517,5.59221,3.69541,3.14111,6.65203
4.2588,3.83416,3.34565,3.33887,2.32385,3.85193,4.44625,4.55824,3.97664,4.14962
4.60737,4.008,4.16128,4.19471,4.96876,4.7307,4.33744,4.42224,3.13129,3.49077
5.10709,4.41801,5.20436,4.56367,3.15367,5.02307,3.2258,2.63133,2.54815,3.67009
4.00772,2.37454,3.64514,5.16523,3.7081,3.15378,4.99261,3.86976,3.13158,2.87983
4.27179,3.5614,2.77723,5.15672,1.54968,6.13415,3.87526,4.04587,3.95021,3.16712
3.16886,5.66544,3.08137,3.88118,4.57493,4.71514,3.2562,3.86682,5.40923,5.48079
3.98506,4.80568,2.42792,3.31215,3.28737,5.27234,3.4287,3.89626,4.57186,3.51695
3.96728,4.66454,5.42314,3.98415,4.42377,4.60988,4.23823,5.16109,5.03725,4.64746
2.11625,3.44664,3.43814,2.21327,2.98657,4.58601,3.77415,3.44765,3.84166,2.91846
2.66415,3.35779,4.07061,3.53925,2.9041,5.3882,4.25375,3.25535,4.50884,3.26558
2.83491,4.48461,3.40267,5.10172,3.66153,5.16245,4.81505,4.19267,5.50571,5.1107
2.70333,4.44421,3.11303,3.87405,4.52723,4.63367,3.29029,4.5628,4.49922,3.42647
2.58894,1.46357,3.41874,4.57331,2.2745,5.87689,2.83312,3.92998,4.90503,4.46211
4.26114,1.74568,4.66528,5.00234,2.58103,4.23107,5.92307,2.47401,4.75661,3.72838
4.33894,2.85138,4.60994,4.64915,3.68244,3.58984,3.39498,4.79347,6.77562,4.03599
3.45871,5.07651,4.4381,3.41577,1.88034,2.61344,5.14079,3.21601,2.90572,5.39511
4.16184,5.69711,6.67201,2.18016,3.73129,3.768,4.00224,3.61614,3.64324,2.09487
4.45791,4.57228,3.67132,2.81037,4.62217,3.58308,4.70976,2.24429,5.15163,3.68027
5.14805,6.16598,3.05262,2.5839,3.18026,3.89311,3.16009,3.79023,2.31721,3.23507
5.22751,4.42741,3.90172,5.20753,3.99649,4.41772,4.15387,3.82936,3.57748,3.49743
3.70552,3.93474,3.74517,3.879,3.53719,3.88132,3.33908,3.03291,4.85027,3.60244
3.54718,4.15284,2.32185,3.13544,3.6294,3.42883,4.39803,3.38473,4.683,4.79867
5.47352,5.39419,3.19599,2.87078,3.44249,4.64899,2.42259,4.68057,4.54375,2.78502
3.73181,4.60217,4.52362,2.89708,2.75517,4.7348,4.09958,5.89544,2.54222,4.26086
4.11695,4.0088,3.62287,4.80476,4.61994,4.98596,4.85016,4.91741,4.26562,3.79767
2.94139,4.44717,5.06993,4.09527,5.31533,3.41845,3.81566,3.14168,3.77046,5.1625
3.39789,4.55389,3.95423,5.66974,4.5214,4.34448,3.01392,4.75998,4.0943,3.74951
3.25372,5.43422,3.97089,5.25757,4.95641,3.85067,4.94561,4.61292,4.30957,3.19923
4.89079,5.12745,3.7697,3.57607,6.37709,3.80572,4.00236,4.00138,5.03015,4.33771
4.34593,5.1451,5.88271,4.01836,4.93542,3.76494,3.45691,5.09051,4.536,2.82316
4.37043,4.60543,4.13044,3.55699,2.91976,4.20194,3.54284,4.44798,2.93349,4.48908
1.84682,3.68171,3.7781,3.53285,5.30401,4.36611,4.02159,4.14146,3.15675,2.58903
4.94714,3.69589,4.2432,3.96717,4.54808,3.72806,3.66672,4.30246,5.59709,3.77441
2.77769,4.17612,2.92912,3.6625,4.80173,4.9667,4.54156,3.14705,3.14752,4.02775
3.1035,3.90045,3.25562,3.08925,3.60892,4.01955,4.57908,3.37517,2.37107,3.90274
4.21368,4.23458,4.35612,3.70521,3.04717,3.90038,3.51142,4.22437,3.62398,3.37606
4.63513,2.98998,3.52702,4.45687,4.20825,5.45113,2.53391,4.37727,4.7028,3.56336
4.51004,3.52255,4.01966,2.68079,2.3211,4.78563,3.22506,2.82833,5.72388,4.55377
4.06218,2.69843,3.62153,4.14024,3.35844,4.03924,4.42064,3.48483,3.35859,4.60116
4.21127,3.31091,3.00721,4.62924,2.34162,3.99937,4.7247,3.54728,0.790448,3.47615
4.74059,2.76739,5.01115,4.91994,3.84989,3.71863,3.20363,4.65658,2.56714,4.57168
4.56171,6.10504,2.26186,4.27695,5.53688,4.59142,4.51421,5.15409,3.94254,4.83913
2.71532,4.94152,4.21562,2.86089,4.76075,4.4507,3.72711,3.30676,2.8774,5.48756
4.46191,5.04485,3.89787,4.13839,2.93366,2.72705,4.77867,5.13469,4.81652,4.66859
5.13043,2.79659,3.31043,3.90085,3.15369,2.71699,2.00893,4.55867,5.38694,5.13808
3.41914,5.15125,1.65463,4.73499,1.94217,3.49821,3.77453,6.54027,4.59913,3.05611
3.9344,4.18898,3.53636,4.4768,3.66803,4.54485,3.70509,2.68336,3.64754,1.9569
3.5167,3.74653,3.7387,3.72259,5.40575,3.68509,5.16643,3.61011,4.61929,3.55649
1.72531,3.17755,2.95005,5.88349,3.38397,4.76162,5.05202,3.82883,2.94026,3.75872
4.99088,2.0852,3.02767,4.10991,3.60445,4.6584,5.27767,5.71401,4.09633,3.87421
4.48553,2.26445,2.47618,4.02905,3.8616,3.73062,3.29946,3.56294,3.23635,4.87347
4.10368,5.13819,4.36875,4.06392,3.75233,6.3487,3.28527,3.24116,4.48364,3.2325
6.42541,5.70099,2.24396,4.17562,3.37802,2.89713,2.11229,4.94221,5.34863,2.84646
4.77482,2.91941,4.87734,3.22419,2.55323,5.99651,4.13847,5.88451,3.42622,4.10337
2.65337,3.82048,2.54037,5.19087,2.16869,6.2643,3.93177,4.95342,6.00282,3.12732
3.71629,2.81084,3.18645,4.7982,3.39526,3.58188,3.58726,3.49546,5.07597,3.34195
3.99823,4.00898,2.60335,2.50428,3.37481,4.22159,2.21837,3.22897,4.25971,5.22661
2.94719,4.05704,4.0839,6.23916,3.64373,4.65668,2.86392,2.9789,5.07014,4.61652
4.42303,5.37949,4.27347,3.85565,2.02791,4.54506,4.78141,5.35077,3.95943,3.39402
2.29298,4.21994,1.09276,4.43228,4.06672,4.49247,2.9978,2.64929,4.05224,4.26616
4.23265,3.05957,4.25825,3.75286,3.65577,3.581,1.91166,3.92288,4.48616,4.70624
4.42278,2.75206,4.25822,4.31629,2.93153,3.92996,4.31181,4.26705,3.32872,3.91624
4.72098,2.49858,3.70735,3.21926,5.60933,4.57696,4.34952,3.98088,4.65116,4.65504
3.43669,3.82655,4.16797,3.9467,4.50628,3.08325,5.0223,2.58752,5.99204,4.50648
4.69957,3.67726,4.26595,4.21073,4.55517,3.98337,4.18823,3.88351,3.45516,3.54364
3.27923,4.73207,4.51683,3.93719,4.66945,5.11623,3.1082,5.85251,2.32752,3.78088
5.22729,4.62079,5.17356,3.21805,3.87486,4.34432,3.33425,4.14098,4.17127,3.81475
4.13772,5.73989,1.83323,3.94874,5.02451,3.87032,4.6275,5.3512,4.72007,3.72981
4.30043,3.12126,3.39376,5.97073,3.8962,3.80024,4.69247,3.8502,4.87002,4.59685
4.66578,5.38727,4.39089,3.82393,3.08959,4.35495,4.42793,4.72821,4.7688,3.28989
5.16305,4.67838,2.14802,4.05402,3.74445,4.9705,3.80107,3.33451,6.2602,5.05434
5.76086,5.01484,4.67233,3.10962,3.76098,4.1775,3.70579,5.16429,4.18006,3.22357
5.09669,4.42241,4.36889,2.69014,3.41531,3.59335,4.03408,3.30194,3.31443,3.72241
2.57425,3.83234,3.19363,4.61216,5.23931,3.64866,3.18998,4.78827,2.28524,5.01196
5.361,5.71464,3.22273,2.30631,4.833,4.85137,3.26613,3.77646,4.98911,3.63251
4.63475,2.69626,5.78388,3.4074,4.88815,3.97681,3.72687,4.45869,3.47342,5.10429
4.98085,3.92101,2.71989,2.29471,3.4195,3.65166,4.37268,2.9694,3.48907,4.20467
3.68866,2.97761,4.08219,5.21786,4.52451,2.72223,5.01072,3.04182,4.11882,5.63247
4.05548,3.63208,4.18276,5.34272,4.15378,1.97421,4.73757,4.72581,2.75552,4.42499
2.42245,5.53781,4.80227,5.24321,4.4033,4.61689,4.2519,3.41307,3.27191,2.91211
3.2425,2.20288,4.46245,4.67239,5.42338,4.80271,3.83871,3.18177,3.83217,4.26276
4.62318,4.98251,3.46125,3.503,2.54924,4.07979,3.60549,3.35451,3.64999,4.10347
2.88489,3.46806,4.81076,4.0107,4.85216,3.97123,4.53743,4.99436,3.10411,3.51833
5.08334,3.48278,3.84525,6.03632,3.6793,3.47866,3.64538,3.02083,2.62455,4.88764
4.44207,3.47139,3.84221,3.70083,4.06583,3.47055,3.64116,5.48499,4.40734,4.47674
4.5009,2.66444,4.22402,3.10291,3.42806,4.16565,5.13765,3.678,3.91955,3.14819
3.54223,4.70122,5.49972,5.19979,1.9519,3.46186,4.23435,4.50175,4.23012,4.85157
4.5376,4.10861,4.87092,5.41983,3.23425,4.70214,3.32696,2.59348,4.91749,3.51745
4.62108,4.78236,6.25346,3.98164,4.38665,3.81698,3.85747,2.20745,4.09269,3.41901
3.2416,5.31723,4.65509,3.93065,4.08094,4.20791,4.74184,4.75924,2.59828,2.06847
2.34442,4.09902,2.21997,3.85741,2.76093,2.15067,4.92315,5.20863,5.0491,4.06341
4.97544,3.42669,4.25018,3.44621,2.47026,3.47291,5.53999,3.56369,3.93184,5.85478
3.54048,3.91329,4.24163,4.27226,4.66149,3.17603,4.43374,4.01516,4.76121,5.06611
3.67283,3.25353,4.74249,2.99182,4.77552,2.59942,3.40281,4.61722,4.52569,4.01373
3.73258,5.68346,3.5601,4.41182,4.7685,3.90414,3.57763,2.80994,2.56268,5.13532
3.44236,4.02633,4.42762,3.66235,4.80682,4.12116,4.86269,4.79972,4.7074,6.19641
4.52146,3.06523,2.98508,3.67217,4.99906,4.61844,3.74223,4.31567,5.72592,4.35529
3.18956,4.92974,4.11566,3.5007,2.90173,2.94772,3.50558,4.74882,4.20523,5.92891
2.55397,4.2434,4.97666,3.06433,5.94047,3.73334,4.15716,4.39379,3.51394,3.26989
5.88001,4.1973,3.12951,3.01401,4.70104,3.73521,3.70378,3.89842,4.37845,5.64457
2.29502,4.23165,2.39426,1.24095,3.55413,3.10594,3.83489,4.93994,3.03547,5.34983
4.01188,4.07272,4.80831,3.84456,3.14564,4.32814,3.9002,4.06166,4.22308,3.9723
3.25343,5.82832,4.30415,4.15559,4.15747,2.49159,3.86273,5.03836,5.36916,4.36755
3.95975,3.49648,2.02113,5.26147,3.41175,5.85898,5.44407,3.69812,3.68902,3.85288
4.19662,3.13373,2.42674,3.60121,5.31462,4.48991,4.25107,4.25021,6.24507,4.29785
3.14668,5.41186,4.48475,4.7996,3.96747,4.93929,4.25316,4.65623,4.07401,4.06457
4.13183,4.97976,4.55613,2.2355,4.1202,3.39928,4.19528,3.0669,4.76836,5.27091
6.19141,5.54776,3.10738,2.15663,4.20049,4.93606,2.12185,1.84431,2.23824,2.74552
3.34783,4.76049,3.437,4.67386,3.67154,4.12163,2.90412,2.60618,3.8858,4.43526
4.88184,4.99637,4.67085,6.54477,1.84513,3.552,4.63719,3.3788,1.84687,2.67753
3.17393,5.21118,3.8022,2.24969,3.00478,2.948,3.34298,3.01992,5.74552,4.85286
3.59288,2.82117,5.95172,5.50553,5.1062,6.4329,4.0819,3.50134,4.35197,6.07837
3.90315,5.93228,5.177,4.65183,4.75939,4.90402,3.28222,2.2482,4.57363,3.37492
4.31085,2.37778,3.73063,4.21213,5.08713,3.3071,4.04676,3.53957,4.35673,4.967
3.15887,4.10202,5.61019,4.37364,4.18056,2.69331,3.18311,2.94684,1.94879,2.81586
3.24315,3.51894,4.6264,5.01924,3.13502,4.25291,2.41865,4.5374,5.03969,3.03752
1.77003,5.41202,3.65009,5.59055,3.06912,3.37452,3.76522,3.92761,2.96044,5.44268
2.40672,1.97841,5.44036,3.83253,4.96497,2.84846,3.18494,5.47085,3.46061,3.43627
3.1321,4.05811,2.28784,4.52486,4.76036,3.10869,3.27323,5.6817,4.25075,3.19003
4.01945,4.75239,4.77769,3.53496,4.52782,3.31588,4.45434,3.69565,3.47453,3.35019
3.54566,3.4111,3.73017,3.95988,3.4019,5.21236,2.74784,4.29498,4.74741,3.97999
4.69333,4.14158,3.8685,2.56168,4.10171,4.18462,4.03925,3.97463,2.71546,4.79831
1.62806,5.09236,3.76532,5.37248,3.41305,2.6522,4.43329,3.93653,1.09116,3.69275
4.52209,4.03756,6.5035,3.19549,4.24199,4.00554,4.67119,4.28776,2.30081,4.57981
4.39917,4.84198,5.06428,3.65336,2.96867,3.84478,4.60581,4.09767,5.28066,4.43276
4.40124,4.79958,5.01705,4.44461,5.52185,5.26758,3.73669,4.85483,4.67051,3.05207
3.30189,3.87056,3.88373,5.13112,3.19245,4.79309,4.12268,5.55209,3.43661,4.57379
4.65587,2.50054,4.91577,3.85719,3.09226,3.7874,3.49196,3.59593,3.37292,2.15441
4.23735,4.23029,3.24728,3.77519,4.54657,4.98134,2.35755,2.87638,4.3719,3.71661
2.77711,4.40885,2.47549,3.88938,2.13773,4.10669,6.3654,3.12977,6.21963,4.09493
2.60689,4.36906,5.50293,5.19643,4.69638,3.44191,3.23032,3.6523,2.58076,2.39876
3.96937,3.62474,2.82249,3.88606,3.15787,4.43055,3.69999,5.64413,4.53446,4.18896
5.12716,3.78326,5.59974,3.93252,4.70033,4.17406,4.90852,4.70923,5.15193,2.99302
2.54082,3.46465,1.85709,3.45886,5.19151,2.85862,3.07553,3.79881,5.6521,4.01398
3.5832,2.14608,4.16281,4.40557,4.82268,2.43895,3.10575,3.17121,2.13233,2.70918
4.47218,1.95151,5.18378,3.72,4.89154,5.74102,4.83037,3.35827,3.39827,3.33681
4.99995,2.73372,2.24568,3.68101,4.26284,4.44738,4.89333,4.30129,5.3749,4.48244
4.81126,4.63701,5.27043,4.14126,4.27279,4.4548,5.76201,3.2351,4.1101,3.24562
5.4527,5.1172,4.09919,4.53702,3.27127,4.55375,2.83857,3.65893,3.97563,3.30244
4.69749,4.29484,3.44648,5.97465,3.69709,3.87585,5.42197,2.61023,3.06966,5.19368
4.54123,4.78436,5.29392,4.29254,5.31376,4.14409,2.35587,5.63944,3.98942,3.29477
4.70902,2.87207,3.38934,2.25373,4.36335,5.65079,2.47598,4.70497,4.65948,5.06329
4.38472,3.48534,4.81582,2.54108,3.48744,4.71265,2.75936,3.54599,4.07314,3.1923
4.38129,3.37706,3.67789,3.60951,4.27611,2.66794,0.993388,4.70204,3.98739,3.73371
1.94586,5.49985,2.8897,4.83877,4.62612,3.10286,4.60635,4.20193,4.11391,4.21838
5.00263,3.89718,4.64948,5.93831,3.64969,4.55155,4.47279,4.75232,5.53297,4.78127
3.16286,4.39594,4.39275,4.04205,4.2663,4.6474,1.67028,2.52797,5.35807,2.47001
5.05163,3.24888,3.67025,4.60427,6.10663,2.96036,5.56014,3.17629,3.73873,2.90301
4.63612,4.42346,3.05623,4.89173,4.09075,2.09064,5.42067,3.28345,5.9732,2.11012
5.14155,5.22408,3.44434,3.9803,3.66201,4.33615,4.79537,3.81017,5.75824,5.85422
4.80613,4.34213,4.50533,4.26375,4.43188,5.86042,4.12199,3.8106,3.42449,4.00379
4.82783,3.26219,5.76927,3.06467,3.11578,4.98677,3.92533,5.36364,3.84316,2.98476
5.2489,5.22669,3.20873,3.22788,4.74236,5.19607,4.34883,2.97166,3.32579,3.34575
5.0629,2.99582,5.82676,2.38445,4.95445,3.22237,3.86414,3.29039,4.10383,5.84828
5.22302,4.24218,5.10068,5.4104,3.50501,3.22375,3.6475,3.99199,3.48077,4.05609
6.66001,2.61333,5.63974,3.77882,2.99164,3.99309,3.18239,3.85858,4.11948,4.19386
3.44143,4.2047,2.57929,3.60313,3.51436,2.81568,4.36138,4.07498,5.16968,3.79789
3.02705,5.35335,4.31625,3.56527,3.42483,3.973,4.07436,3.77129,2.71843,2.96544
3.3639,3.47927,5.6618,4.52959,3.94886,4.25214,4.02037,2.60548,4.18517,2.73109
3.93902,2.84295,5.03214,4.32495,5.55069,4.83307,4.71541,4.40083,2.86517,4.03557
4.04962,3.31314,4.06699,4.69267,3.19208,2.01988,3.81877,3.54337,4.07218,5.39443
2.72144,3.71299,7.33667,4.43183,2.44793,3.73806,6.20262,3.35624,4.14275,3.50222
3.5215,2.0585,3.28067,2.25212,5.89501,3.36504,4.84282,2.0156,4.54738,5.21069
4.49435,4.28772,4.17586,3.83629,5.12804,4.83906,4.29237,4.33882,4.45596,5.26671
4.46902,3.58694,4.70242,4.66775,3.43189,3.97711,5.01331,2.4584,4.81847,3.12117
4.18262,4.71817,4.73545,3.72047,3.21035,2.47711,4.40121,5.7634,3.2931,5.45153
4.65251,3.33663,3.01653,2.11089,3.62944,4.83212,3.4125,4.95554,2.77564,5.29217
3.20225,5.34649,3.61532,5.10085,4.74241,4.41525,5.36495,5.22918,6.68657,3.88527
3.8236,5.14661,5.81383,3.29591,3.4239,5.62905,3.40333,2.45014,3.81032,3.76187
5.10003,3.05835,3.684,3.44244,4.30742,4.68399,3.80745,4.31411,3.54688,4.89727
4.76346,5.09819,6.39119,2.37051,4.6559,3.77027,5.12682,4.85104,5.21278,3.50993
4.64021,5.56602,3.86847,4.96416,3.58317,4.00434,3.33585,2.50156,3.86751,4.71349
2.27139,3.52548,2.89522,6.29391,3.63532,5.70273,3.60084,3.79271,3.61503,4.97358
2.69052,5.3246,5.0159,1.60841,3.89538,5.34108,3.42993,5.70886,3.74265,3.82348
1.41561,4.21097,2.2798,4.5829,4.26299,4.63977,2.72775,3.74728,4.00551,2.61514
4.55305,2.98338,2.18418,4.1313,3.81459,4.55249,1.98405,2.91856,4.63054,3.20427
1.70973,4.88725,3.83586,2.87006,3.50206,6.42316,3.00711,3.00909,4.25689,4.41875
2.96723,4.90496,4.08923,5.22796,3.56263,4.19573,5.98734,4.45218,5.7478,2.57624
2.36768,4.7922,5.65675,6.27911,3.97907,4.84401,2.76439,2.58241,3.07084,5.74973
4.00223,4.35264,5.99958,3.84644,3.3028,3.35114,4.15739,2.99964,3.29302,3.55407
4.7416,3.30243,2.6691,3.61345,6.4494,5.37944,3.29917,3.92696,3.08742,3.2933
3.56651,4.51644,3.73789,4.50258,5.39167,4.15964,4.89875,5.90391,3.11839,3.62346
4.18602,2.76595,3.89607,3.88753,3.4039,4.72759,1.76961,5.36085,3.4954,4.00934
4.47985,4.9704,4.96914,3.78107,3.89073,3.92069,3.6246,3.64165,5.21399,4.4743
3.19368,4.57472,3.29568,3.32795,3.43893,3.68731,1.77767,3.34908,2.9689,2.02391
2.97109,2.86499,4.60632,3.94008,4.52601,3.5374,4.4814,5.04716,3.78132,4.25561
2.75164,5.04424,4.66231,5.18597,5.88293,3.93768,5.08118,3.52091,3.97874,3.91998
4.2028,5.49626,2.9791,4.49018,4.2564,4.4377,5.43998,5.21986,3.72377,3.78137
5.25771,3.19901,4.71389,5.57112,4.50199,3.47465,4.80688,4.15189,5.95139,3.45657
3.35253,4.05887,4.12494,4.26351,4.26649,2.42715,5.62641,3.45967,3.03031,3.28495
4.72481,1.10868,4.75913,3.46656,5.10944,2.94614,5.45773,4.231,2.51282,2.8559
3.50555,3.80244,4.42044,4.49013,4.50507,2.41786,1.84867,3.28914,4.27591,3.24483
3.34148,3.46885,4.74149,1.85319,3.78219,2.78516,2.89434,4.78545,2.71513,4.92885
