10
4.1627,4.38633,4.27984,4.03676,4.59559,4.56673,3.07009,4.77226,4.69825,3.31451
2.76526,3.74021,4.56872,2.14035,3.7702,4.37554,3.20376,3.33294,3.67947,2.3316
4.46204,2.35614,5.50659,4.05557,4.58428,4.05168,6.0745,5.36336,3.37098,4.13146
3.94481,5.77456,4.65821,4.96224,3.63056,3.4777,5.21231,3.48978,5.29901,4.14169
3.89315,5.09784,3.0935,5.19603,3.98755,3.56694,3.78108,4.7842,4.97228,4.74555
5.16705,3.14385,5.17748,3.76614,3.77931,3.16031,5.49255,2.97502,5.66109,4.05935
4.07136,4.85417,3.71129,4.12477,3.673,4.60074,3.5536,3.31244,5.06012,5.79149
2.79753,3.46767,5.13175,5.41389,3.78767,4.58793,4.01192,3.54393,3.91062,3.92346
3.98183,4.28688,4.20688,3.07454,3.69236,4.15469,4.57438,5.08801,4.7492,3.48304
4.44413,3.74112,2.2774,3.90068,4.37745,4.91343,5.17791,3.6682,4.67432,6.0414
3.87457,2.26026,4.96429,3.78919,4.24442,4.60077,4.69728,3.70563,5.19877,2.81824
3.33703,2.40055,5.36579,3.93566,4.67696,2.71782,3.80264,2.41321,2.31328,2.89988
2.09781,4.60157,6.25998,5.54338,4.73759,3.44554,3.61722,4.89953,4.96962,2.94463
4.99034,4.09514,5.3601,4.90845,3.97792,5.40558,4.82376,4.74858,3.8923,4.07686
3.02331,3.41887,5.53915,5.81398,2.84027,3.94625,5.20828,4.6664,4.85497,3.82982
3.25603,2.63714,7.08495,2.94402,4.0011,3.42018,3.20156,4.59644,5.19025,1.71701
4.47289,3.16839,2.57358,3.2005,3.81091,4.89051,3.03252,4.01895,5.81457,2.80576
1.46743,4.32789,5.22941,4.13278,4.6461,4.70457,3.58331,3.80546,4.07966,3.71432
2.5476,5.43642,5.17914,3.97115,2.06479,4.13994,5.11351,4.2857,3.77922,6.0353
2.70242,4.60876,2.37632,3.69642,2.75269,4.57216,3.54143,4.14579,5.22437,5.01015
2.47878,4.62276,5.10591,5.06302,4.83628,4.76119,3.66751,2.26997,3.51229,3.73306
2.81162,3.09138,3.61576,2.34574,2.91606,5.98779,5.58443,5.04498,2.71678,3.22875
3.47473,2.00268,3.25849,3.03922,4.08805,3.99027,2.80454,2.96305,3.02696,3.46352
3.584,3.67215,3.43175,4.7449,4.06507,4.32374,3.61158,4.84796,5.30816,3.4277
4.58424,3.10044,3.20186,3.48075,3.83793,3.48498,4.10061,2.96645,2.62208,3.3772
3.44631,2.35069,3.12439,5.60839,4.58187,3.95186,4.05245,5.71642,3.18436,3.95037
2.9407,5.0984,2.97875,2.63861,4.15818,3.87557,3.84051,4.50169,5.37996,4.07072
1.72786,4.08031,3.66312,4.94492,4.09178,3.40569,4.27753,3.4159,3.75119,5.32428
3.15134,4.54485,3.32431,5.4337,2.54395,3.3271,3.48273,3.57406,3.90061,3.1906
2.51285,3.58995,5.09111,3.07678,7.2534,4.67279,2.95122,2.49324,5.19165,3.31781
4.832,6.49224,4.95148,4.98519,2.44471,2.5005,5.40273,6.28243,4.22112,4.80718
4.21754,3.96119,3.68072,2.95294,2.63068,4.23661,4.8942,2.57055,4.72625,4.59962
4.58995,5.45761,4.81329,4.5106,3.88692,3.46485,5.33039,5.03999,3.84943,4.71344
2.30443,2.27858,3.56898,4.66635,4.74685,2.23482,5.44312,4.73307,3.78218,6.06524
2.82247,2.95223,3.71668,3.86905,3.31531,4.34904,5.53022,4.33616,4.10733,3.64835
4.53923,3.20188,4.54666,4.73912,5.54965,6.36316,4.57385,4.22026,5.66599,2.35978
5.08709,2.68527,4.07107,5.30345,4.8062,3.55008,5.362,2.78853,3.02779,5.0409
2.98053,3.68443,3.85385,5.03109,3.73553,3.84312,5.07678,4.80576,2.45141,4.9179
5.08234,4.03048,5.69216,4.01146,4.02525,2.43827,2.5428,4.16928,3.25063,6.52317
4.37049,3.19482,5.18918,3.56316,4.56351,2.71418,3.84388,3.64234,2.09437,2.77277
5.57628,3.61474,3.9829,4.37588,3.51475,4.55709,3.71195,4.97178,4.83624,3.51003
3.22524,3.97759,3.16687,3.92563,2.396,2.87776,1.53753,3.05289,4.39496,3.83901
4.08445,4.97597,3.60005,3.96735,5.77545,3.20676,4.65457,5.29856,4.4386,5.33092
4.07937,4.86427,3.1978,5.05117,3.06206,3.87642,2.13181,3.70521,4.1258,3.49703
4.17737,3.38792,1.91036,4.04192,4.67417,3.50468,5.43115,3.17405,4.08023,4.59923
3.89204,4.29005,4.54823,4.82048,3.37644,2.83312,4.10354,3.9871,4.76898,4.01196
4.98684,3.47155,2.71875,3.75729,4.19782,6.03766,4.78068,3.4874,3.74856,2.65692
3.61755,4.4397,4.37344,4.98663,5.19172,4.50381,4.66074,3.35567,5.13899,3.56705
5.0163,2.70944,3.44558,3.88877,4.79802,1.38758,3.58536,4.18097,5.53452,3.64088
4.87706,3.42193,2.41604,2.59617,4.55091,3.02919,3.47898,3.99202,4.79464,3.26907
3.38503,2.52988,2.57983,5.31523,2.93116,3.92075,3.36282,3.87817,3.28679,4.29355
3.32493,3.40601,4.48599,2.61028,4.1747,4.33287,3.4221,4.51545,6.36358,4.49197
3.55873,4.19738,3.9768,4.32649,2.79908,5.25236,3.73429,3.73171,4.96447,4.11451
5.16812,4.51562,4.62607,4.44062,1.86389,4.67509,3.89996,3.18821,5.15271,3.84716
3.48424,3.62268,5.0507,3.33812,2.61968,5.65143,5.68652,3.69413,4.37506,4.77112
3.39479,4.40045,4.30938,4.04223,4.91264,5.82251,5.03785,3.2619,3.76328,2.68408
2.65625,2.58554,2.3013,2.76358,2.67471,4.16741,5.287,4.39413,3.0024,5.09368
3.67946,3.83625,4.2646,4.70729,4.25796,3.43913,4.86663,3.52621,3.68194,4.63604
5.37136,2.94645,3.48925,3.06998,3.22186,4.52499,3.51142,3.6436,3.54589,5.88865
4.3188,2.08547,3.64902,2.58268,4.7683,4.41706,4.97921,2.7932,2.76528,4.44999
5.31269,4.7911,5.33052,3.77404,3.78765,3.15745,6.00818,5.35761,4.59681,3.41589
4.58684,5.30891,5.34272,3.31543,4.18177,5.27442,3.70548,4.46106,4.30541,4.64239
3.77908,5.73127,4.55384,3.94309,2.45858,4.01289,4.22612,4.87024,2.63504,3.00058
4.29386,4.14288,3.28082,2.5036,3.15296,2.67579,2.68314,4.29201,2.19505,5.11109
6.14831,3.88515,3.61633,3.28362,4.14637,5.16066,4.86557,5.12255,2.53369,2.18811
4.85602,4.62703,1.41408,4.17191,3.94774,4.30998,4.05422,4.61671,3.16418,3.51253
5.49833,1.4664,2.73269,1.57933,2.92702,3.3068,3.71196,3.32337,4.18952,3.70901
4.18526,5.40325,3.07159,4.07271,5.1347,3.62883,3.94794,4.83364,4.09268,3.57555
3.66458,3.37611,3.95408,2.37197,3.83593,5.88935,4.47291,3.76325,4.44459,4.3005
4.01533,4.313,3.59592,5.61333,2.97976,5.31707,3.55668,5.17788,3.0341,5.13273
4.98453,4.98625,3.08165,4.36226,5.09458,5.40122,4.75781,4.28347,4.63634,2.85034
3.9407,4.21848,5.36118,3.12556,3.50539,4.99978,4.51388,4.47756,3.62917,4.25375
3.28764,3.56869,3.87977,2.8549,5.06925,5.34861,4.8041,4.19167,3.72934,3.69506
5.14105,5.42909,3.20803,6.34963,4.35285,4.1544,4.68489,6.04128,2.64799,3.67834
4.15472,4.45524,5.4577,2.9917,3.86599,4.3051,4.98105,4.06404,5.29617,4.51109
3.58405,5.06496,2.78678,2.99584,4.72546,4.59005,5.10348,2.3808,3.7961,3.89362
2.81417,3.90824,4.64447,4.87077,4.19761,4.67422,5.13436,4.73134,3.23331,3.83206
3.13624,6.13339,4.1459,4.19211,2.46447,4.05263,3.5445,3.14567,4.13224,5.12828
4.07903,5.87305,2.84222,4.89384,4.84111,4.35172,3.62627,4.03613,4.18316,1.84111
3.25997,3.52621,4.4244,3.55432,4.92671,5.36385,3.83593,4.27557,4.65354,4.06328
5.2864,2.71448,4.16337,2.94281,5.95129,1.89817,5.86501,2.1821,4.46743,4.38148
4.04009,2.30412,4.50557,5.55216,3.37337,5.82425,3.34196,4.99502,6.19598,5.18188
4.16408,2.58186,4.04521,4.01317,4.92905,4.6887,4.5838,6.39397,4.60527,4.22232
3.84134,5.82764,2.06612,5.16654,3.13821,2.3251,2.40572,2.69008,3.6665,3.07888
4.08881,3.3632,2.97495,5.76228,4.33587,5.48181,4.76915,3.96833,5.85333,4.3266
4.44059,2.69576,5.25187,4.94643,5.25445,3.79747,3.85549,5.19686,4.11889,2.8238
2.65408,3.29279,3.23752,6.01775,4.24762,3.38202,3.92331,2.76595,4.65201,3.59017
4.7998,4.33612,5.05019,3.6321,2.39839,3.12022,4.98361,4.5832,4.71417,4.53808
4.65965,3.70245,3.65041,3.62469,5.69301,4.17599,3.2642,4.36749,3.55522,3.56634
2.4197,4.50179,3.65817,2.88894,3.88738,4.21568,3.73976,3.345,4.08568,3.12986
4.59352,2.46834,4.5753,4.56063,4.39697,4.40711,4.16431,3.04686,3.16285,3.45361
4.79707,5.31417,1.86976,3.62462,3.08561,3.70405,4.16911,5.61232,4.61136,4.52012
5.34743,2.86147,4.41474,4.07335,4.28746,4.88638,2.47575,2.0157,3.89584,3.75672
5.23291,5.23731,2.93678,4.37464,3.16473,3.28222,5.06693,3.12589,3.46862,3.91041
3.11029,4.97034,2.06193,3.59622,4.87242,2.81628,3.2142,4.4272,4.9067,4.6827
2.66766,3.81435,3.58965,2.80866,4.80977,4.74352,1.62248,5.81892,1.6431,3.91006
3.96137,1.23045,5.82842,4.52179,4.23441,4.7228,4.00135,4.24921,2.82642,3.03059
4.39428,3.45013,3.73061,3.81072,3.2892,2.32043,2.58515,3.31824,3.78013,3.44391
2.23012,4.93658,5.6438,5.21007,3.36437,4.75203,4.77869,4.32465,3.26272,5.70244
4.42794,3.85576,4.77474,3.8463,4.59458,4.01707,2.96855,2.92661,2.77546,4.15555
3.82647,3.02605,2.9975,4.50932,4.07452,5.44753,4.98446,4.4342,4.64905,4.177
4.97206,3.42221,4.06026,2.74623,4.55791,4.94592,4.59086,3.89727,4.60023,4.19628
3.32526,2.88881,3.41924,4.68706,2.83922,3.74666,3.39632,3.75046,4.51392,3.25817
4.34821,3.3823,5.1049,4.47887,4.78435,4.3369,2.94892,3.36287,4.02931,4.50045
2.94014,3.58055,2.427,2.77062,3.96363,3.7557,3.46513,3.04501,5.10554,3.64036
3.8532,4.64905,3.95717,4.01871,4.84145,4.44778,2.8109,3.71078,4.63401,5.72876
4.05184,5.45154,3.56579,5.72339,2.30149,4.02613,3.89381,2.30241,4.50661,3.71997
5.49325,4.08949,3.80701,3.81054,5.60359,4.57828,3.69072,5.78956,1.97666,1.8169
4.47668,3.11008,3.82274,3.59525,4.80756,4.11398,4.09146,2.16419,4.53321,4.72859
3.62202,4.50991,1.74041,4.10622,3.47981,4.86403,3.41194,5.12635,4.93748,3.84818
5.20729,2.87342,2.55183,3.99091,4.80891,3.76255,3.82259,4.82464,3.18857,5.29836
3.62877,3.01349,4.08782,3.33636,4.03105,5.69798,4.4571,2.08996,3.40136,5.07763
4.76018,2.86757,4.27565,4.85724,2.41661,3.92391,5.46517,4.68651,3.77428,3.82363
4.6808,4.86946,3.96637,6.40325,4.14462,4.50246,4.1813,3.75779,4.13417,3.24601
3.64162,2.99324,4.43028,3.94894,3.70475,5.63718,6.30776,6.26511,4.22505,2.46046
5.60668,4.29793,3.65916,5.24481,3.4198,4.74773,3.28846,4.73237,1.80972,3.11777
4.93969,4.40344,3.873,4.7549,2.91832,4.12468,3.95541,4.73204,4.12024,4.08926
1.93788,3.71693,3.57475,3.08069,3.63011,3.63422,3.95743,3.67556,3.55579,3.02821
4.68526,4.88543,2.14672,2.06731,6.37753,4.79428,3.68954,5.85923,3.8471,4.65153
4.85553,2.34544,3.82139,4.922,3.44552,5.42882,2.5799,3.81632,3.71997,3.62027
4.03522,4.84812,4.15877,4.63361,3.03161,3.73763,3.96459,4.39728,4.26515,4.49262
3.53149,4.67106,3.2798,3.36333,3.71903,5.79499,5.22784,4.42022,4.3063,4.63661
4.43159,5.0542,2.23995,2.52925,4.83528,4.00581,3.58057,5.20346,4.89781,4.31953
4.67309,2.89504,2.27826,3.44605,4.37148,5.95514,3.3245,3.1732,4.95176,4.83179
4.71671,3.42394,2.99522,4.68518,4.57632,4.10302,3.81526,4.90474,5.34529,4.30526
4.04783,3.53924,2.65936,3.22483,5.13011,4.29247,4.24675,2.37462,4.06581,4.61755
3.21754,4.05096,3.93405,4.5905,3.6432,2.63084,1.78168,6.33476,3.35955,3.97579
4.57013,5.40339,4.75639,4.42841,4.46331,1.00912,4.88905,4.38162,4.07802,4.99922
4.4494,2.61352,2.38755,3.9913,5.492,3.79596,3.84181,2.44975,4.5248,5.07256
5.14009,3.20032,3.61433,5.7983,3.24109,4.1772,4.91339,5.33789,4.42067,4.45187
5.04783,3.74542,3.75782,3.32824,4.68651,4.2898,3.57182,3.87375,4.86804,5.31918
2.93559,3.99586,2.66115,2.08505,3.45216,3.16788,4.08293,3.33902,2.88577,3.31495
1.99572,4.27086,2.80221,5.08394,3.10754,6.7918,3.51455,4.01038,5.06957,5.71917
3.74056,4.52374,7.16751,3.50629,3.54243,5.60077,5.52116,2.23923,2.75832,4.03263
4.44817,4.23146,3.36929,2.26615,1.73634,5.09355,3.64861,4.75108,3.05002,5.57357
3.30481,1.77146,1.6684,4.96609,3.06577,4.27395,4.60044,5.33056,3.22009,4.1676
2.93946,4.57706,4.27821,4.59005,3.94787,5.5407,3.7531,4.43299,2.89052,4.65583
3.69722,3.71252,3.15087,3.99878,4.91752,3.11408,2.97499,4.43004,5.03455,3.86513
4.03732,3.95484,2.60395,5.63214,5.32101,3.3638,4.85577,4.44951,4.75682,3.42091
3.51347,3.46063,4.45241,3.19159,4.72282,3.03246,4.30066,2.44924,4.36617,3.92596
3.78318,4.03599,5.28762,3.68542,3.34696,3.95897,4.93527,3.94706,3.99445,1.45208
4.13011,3.98465,4.18137,2.36063,3.56999,4.22899,3.38586,3.05128,3.41817,3.63141
3.52857,4.25287,4.49557,3.7159,4.97742,4.87131,3.44888,5.89389,4.88109,3.50169
1.92105,4.75681,2.31949,4.0657,4.71358,3.93871,1.86167,4.59925,3.71866,5.75868
4.67094,3.6995,3.37839,2.77674,2.0754,4.5884,4.23514,2.8959,5.82376,4.239
2.61346,5.69698,5.44327,4.85666,3.75016,2.95286,3.48051,4.4007,6.02663,6.09809
4.17418,4.20145,2.38091,4.16591,2.60486,4.07209,3.80535,3.06993,2.1326,2.6499
4.66506,5.03294,4.53295,3.33523,4.49178,4.04379,5.74685,5.26221,4.32292,4.54207
6.59977,3.91565,2.35297,3.80187,4.1505,4.1401,3.28476,3.41108,6.38902,5.3624
4.55575,3.42313,4.91072,2.75738,3.92222,3.67985,4.11881,2.21619,5.77447,2.65157
4.43706,5.4298,5.7397,3.38131,2.85122,3.79392,3.74722,3.47834,2.73765,2.45488
5.35182,5.61519,4.09456,5.57613,5.19257,3.06751,2.93106,3.51925,3.53307,3.4787
4.56126,6.06953,3.17306,6.20946,5.47589,3.39332,2.88949,2.21563,4.01626,4.12418
1.72757,3.08217,3.01444,3.22399,5.25093,3.08957,3.5417,3.57997,4.5428,2.72282
1.93477,4.01885,3.20764,3.28308,4.02861,3.60302,5.02555,2.64691,3.14108,3.77501
3.05459,5.46136,4.04421,4.43696,3.47652,5.13042,4.30556,3.3994,2.74797,5.63007
1.30625,5.14331,5.86743,4.38616,5.06374,5.28748,3.19992,3.83546,4.90055,2.27655
4.20112,3.5611,2.76167,4.55818,4.21888,3.05367,4.80058,4.26966,4.68728,3.72673
6.2424,4.19479,4.22345,3.21972,3.35689,4.89419,3.77858,2.8852,4.66127,3.26732
2.32549,4.5425,3.67977,2.89538,3.88896,4.43747,3.55065,5.03416,2.19504,3.46465
4.19166,5.01558,4.69381,4.21175,4.30071,1.39684,5.19029,2.92622,2.44614,4.05681
5.50838,4.58573,4.4468,1.58154,3.74062,4.85318,6.78836,4.02174,2.50518,2.64373
4.76996,3.54395,4.4202,3.60858,2.11308,3.49557,4.17895,3.6198,2.58506,4.66306
3.43168,4.95998,4.32114,3.46124,3.46039,4.16977,2.80057,5.05172,2.59647,3.78803
3.72118,5.85454,3.53053,4.30098,3.6489,3.67587,4.10962,4.58285,6.16624,4.43308
5.18481,3.61513,4.94995,4.34578,5.24213,4.52653,3.49449,2.91085,6.7539,4.11843
4.33651,5.03238,2.28256,4.43351,4.57746,2.10255,4.41006,4.98137,2.72112,3.49813
4.60884,4.38095,4.31053,4.31132,3.58673,4.76629,3.73362,3.23958,3.2754,3.24861
3.81202,4.18568,3.49525,5.40208,5.09084,2.34384,3.62233,4.21883,2.91694,3.41533
4.74246,3.87152,4.24661,2.68356,4.03783,3.57171,2.73849,4.86953,2.59727,3.39276
3.55158,3.34992,2.4623,4.36542,4.37404,6.26487,4.8458,3.43875,3.81092,3.91119
8.66026,3.35702,4.12551,4.91756,4.46863,2.78129,4.66551,4.877,1.70723,4.89333
6.25154,3.42523,2.04896,4.17483,4.72576,2.09349,6.43716,3.96191,5.22233,3.33299
4.59196,4.52865,4.66735,4.72956,1.79448,3.67983,6.6676,3.16445,2.72742,2.47299
2.95472,3.30837,4.73427,4.37911,2.92554,4.89129,3.08898,3.55429,2.57917,4.05182
4.97302,4.27617,3.69845,3.2347,3.44105,3.17611,5.02037,6.24313,4.71277,4.43323
2.56705,4.06377,5.12829,2.71673,5.11608,3.25148,2.71843,5.90847,3.9501,5.57767
2.86,4.14549,3.74042,5.13543,2.60576,4.71674,3.75038,5.31659,2.88637,4.70796
4.80056,4.30787,2.51762,6.42959,4.19646,3.72033,2.48092,4.05016,3.31027,1.68578
3.1252,3.01725,4.58673,6.86966,4.97022,4.12493,5.15462,4.95564,4.851,4.65987
3.49818,5.25721,4.22734,3.64711,5.13998,4.28718,2.64752,3.35801,4.23959,3.93549
3.70947,2.79892,5.11754,6.38485,3.65356,2.74501,3.14368,3.82176,2.32813,4.11304
3.82276,3.263,2.90063,5.29449,3.09789,3.67565,4.28117,5.09151,3.87713,4.20138
3.49069,4.50681,3.64012,5.96556,4.85765,3.50006,3.66068,7.43488,3.86522,3.43114
3.09765,4.05509,3.54447,2.88933,3.81671,3.99227,4.25974,4.73319,3.91159,3.00885
4.24849,3.52861,4.5571,5.27859,4.59781,6.63865,2.83298,4.00624,6.25575,5.19694
2.81519,3.88554,3.61471,2.55401,4.13376,3.11579,3.87137,3.25544,3.77831,5.065
3.73502,3.76979,6.13084,4.00934,3.16159,4.965,3.64326,4.85951,5.56034,3.02004
5.70468,4.26751,4.92131,2.68654,3.41223,5.15756,5.42569,4.26862,4.32888,4.14969
3.842,4.42306,2.28181,4.09945,4.29651,3.83135,3.12292,4.61743,3.57113,3.57226
4.04696,3.96011,5.11048,5.38203,3.5129,2.01528,5.19209,3.74788,4.28803,5.27921
4.24329,1.84439,2.72094,4.69448,4.4276,3.63683,3.65535,6.19551,4.88331,4.30995
4.34791,3.49798,4.3593,5.81485,4.95627,3.2409,4.8155,4.38709,6.16758,3.97741
6.75372,3.44689,5.14376,3.42727,4.79888,4.26444,3.01947,0.772276,3.87843,3.026
3.18963,4.44465,2.99036,4.22434,4.00409,5.88458,4.21355,3.08673,3.36355,4.77845
3.83281,6.79796,5.61088,5.77351,2.83353,4.10621,2.99865,6.59531,3.65762,2.85547
4.20675,4.18201,4.58928,2.99766,3.81199,3.80621,5.77682,3.69136,3.00344,3.34349
4.46714,2.65318,4.70201,3.76779,3.43958,5.0823,5.66064,2.21921,4.09255,3.2331
3.63784,4.27967,3.90746,3.74633,4.91608,3.76244,3.62239,4.79001,5.18753,4.95173
2.70507,3.88069,3.83307,3.3442,4.29076,4.6187,3.66808,3.97156,2.01206,3.09605
4.25911,4.65611,5.57009,4.39383,3.48989,4.2588,3.86519,3.93537,2.51955,4.49529
4.38616,4.43878,2.8993,4.50347,4.21563,3.84327,4.39344,1.50758,6.78739,1.74703
5.19078,4.20741,3.67036,3.70688,6.17853,4.62274,4.86567,4.05179,4.21788,4.34522
5.31317,4.16094,3.92313,3.04528,2.64328,3.42049,4.69707,4.45391,5.06492,4.01738
5.68038,3.76182,3.45959,3.84284,2.09717,4.43177,1.5347,3.0143,3.53619,4.93237
3.62186,4.17907,5.1544,3.49122,2.83631,2.91464,2.29147,4.48668,3.86341,3.91352
3.10678,2.53862,4.91974,3.30149,3.06318,4.7957,3.96918,3.92811,5.05927,4.92788
3.78208,6.01198,3.42058,4.43342,2.8265,3.99738,2.8739,2.7782,3.02403,3.28236
4.66857,5.00834,2.50072,1.49538,3.30535,3.56284,4.31744,4.47017,3.18328,3.11936
3.67785,5.1452,5.42887,3.99313,1.97023,2.84236,3.19143,2.93594,6.38718,4.47276
4.72568,3.52788,5.70969,4.75457,4.49064,3.89193,3.13614,3.09042,3.73686,5.03025
4.01245,4.20739,3.58,4.92661,4.2393,4.71378,2.78056,3.00437,1.97094,2.09934
3.23412,3.7703,3.42691,4.76934,2.74272,4.17696,4.60702,4.08011,2.84172,1.98244
3.30698,4.37643,4.16237,5.64376,4.34642,3.48941,3.84932,3.14421,3.6486,2.2687
3.92569,3.91168,3.60308,4.61302,3.82353,2.91377,5.30491,4.0025,3.19597,3.49709
4.55436,6.30296,4.20922,4.59192,5.91082,5.11351,2.38506,5.38453,3.6278,5.36796
4.58016,3.25183,3.02819,3.27916,5.94217,2.89319,2.90155,3.24272,3.70278,5.2646
4.82142,3.79457,3.8864,4.40397,4.05307,4.79968,1.72167,5.87995,2.47095,2.36952
3.53212,5.48968,3.88832,3.9006,2.91014,2.98388,4.51687,3.64236,4.35251,4.13543
4.44323,5.24833,4.44931,4.71597,4.16107,2.47459,4.55322,5.48082,3.06964,3.33188
5.08045,5.0044,3.2415,3.08066,5.62632,3.35368,2.95808,3.75597,3.84836,2.78963
2.96429,3.29601,3.63945,4.0024,4.0031,4.45018,4.50275,2.72128,4.90634,4.87501
4.33907,5.19546,3.69723,3.64009,3.6581,3.28302,2.94794,4.05306,3.90524,5.12421
3.64765,4.77522,4.74047,3.94459,2.89703,3.12752,4.06863,3.06346,5.24943,4.61633
2.59749,4.02284,4.12178,3.65196,5.36295,4.62096,3.51172,5.70766,4.03369,1.95225
2.04141,3.7078,4.41895,4.57583,2.5273,5.38989,4.41061,4.41587,4.24831,2.38517
3.83612,3.72735,4.21749,3.10294,3.17401,4.26978,4.02854,2.10051,3.89604,2.76434
4.4473,4.30919,4.36081,2.93246,3.80444,4.00374,5.91397,4.40793,4.39027,4.71688
3.27853,5.76467,2.23845,3.23816,2.60387,2.95612,3.96873,6.34135,3.74221,2.47796
5.3119,4.0606,5.00078,4.35876,4.37317,4.80673,3.90319,5.16991,4.07641,5.08697
4.43917,3.61841,3.12683,2.2007,3.00822,5.48642,1.43079,4.72144,5.895,4.04567
2.99744,3.70042,4.47075,3.87694,2.60907,3.64665,3.57843,5.28841,4.56821,2.39384
3.59336,2.37684,4.21191,2.96978,3.57343,2.91873,2.97706,4.93206,4.39114,4.59589
4.44968,5.5986,2.96472,1.69683,3.21859,4.60939,4.75456,4.74022,2.01547,3.6045
2.65824,4.24789,5.89657,3.31572,4.76589,3.53327,5.01092,4.8238,3.42941,3.72646
2.37143,1.9657,4.42602,3.59805,2.20444,3.0599,2.97603,4.06947,3.40915,4.89279
4.30074,3.78444,4.42899,4.3919,3.55772,3.48656,2.79659,5.32676,2.75966,3.21977
4.45731,3.94959,1.11738,2.97911,5.30786,4.33735,2.92884,5.08923,3.98512,3.57347
4.07496,3.22755,4.65285,3.00582,2.63301,2.94381,3.81896,3.4554,5.11055,4.01562
4.51257,2.98074,2.72525,4.41363,2.73032,4.7717,5.15762,4.02646,2.27485,3.98195
1.72862,5.64634,5.80958,3.51259,5.38593,3.32364,5.11648,4.03609,5.99541,6.00909
4.44397,3.62034,3.69953,3.66723,4.03219,4.73551,4.43312,4.36275,4.20232,4.21098
3.6216,5.68305,3.0527,2.47767,4.81418,6.58203,3.61273,5.76717,4.02503,2.62905
3.13265,4.68014,3.22534,3.92661,2.38535,0.574299,4.49871,3.44047,3.79999,4.59041
4.8961,3.77089,4.17907,3.64941,3.79307,5.17128,4.26744,5.75828,3.27759,5.25175
4.96989,5.97032,4.43919,4.64518,4.96668,3.13095,2.10038,3.93927,4.03864,5.65958
3.86579,5.0898,3.75459,3.33165,4.7296,5.16169,4.47106,5.5244,3.07768,2.28208
4.26473,4.32257,3.1542,4.5908,3.50361,4.03375,3.02089,4.83129,3.60222,3.47209
5.21046,2.48011,4.30237,3.72989,4.86681,3.4697,4.39427,3.33788,5.09082,5.65615
2.63651,3.80419,3.66669,4.35293,4.16821,3.61744,3.61309,4.37045,4.15159,4.47833
3.25208,2.99567,4.94478,4.00244,3.19245,4.2915,4.81826,1.73544,4.8519,3.7197
3.70633,3.16538,3.38209,5.07507,3.81515,3.08807,3.51267,4.52535,3.09921,3.24299
3.77894,4.0733,4.69214,3.96206,3.87214,4.56,3.08666,3.6069,4.90371,5.60127
5.08377,2.54101,3.0121,3.78841,3.4207,4.0745,3.57765,3.73935,4.30911,5.40908
5.42904,3.84911,3.21558,2.48993,4.22221,4.60619,3.15207,4.4196,5.28529,2.76042
3.9163,3.59276,3.37372,5.14251,3.27051,5.64242,4.78376,3.74227,4.52649,3.2752
3.58108,3.36842,6.56729,4.51927,4.45361,3.23349,4.84269,6.11475,5.68001,3.74981
5.25536,5.00331,5.92848,4.092,2.73869,4.71966,5.11053,4.60666,2.92126,3.63196
4.58412,4.91246,3.17545,3.65334,2.7857,4.81349,3.75706,6.60876,3.5852,3.53212
4.856,3.55722,3.75565,3.7873,3.25164,5.70973,2.5699,2.96185,4.88947,4.68695
3.33477,4.13449,4.79954,3.87743,4.12527,3.64069,3.85342,4.20987,4.26806,2.583
3.71028,3.42597,4.13949,4.95366,3.80446,4.14477,4.77583,5.5946,4.02651,5.01758
3.99783,2.31176,2.75458,4.48508,3.86377,3.442,4.90017,3.89095,2.87447,3.92703
2.07378,4.26402,3.02211,2.68217,6.13691,4.8741,2.77705,2.84316,4.48618,0.991592
5.54301,5.08858,4.40116,4.68161,5.05774,2.09913,2.81588,6.44927,2.54054,3.97717
3.81691,4.4304,3.09745,2.74786,4.05749,6.2653,3.6419,3.97933,4.65942,3.4514
3.41283,2.94602,2.83859,5.27644,4.38391,4.07424,3.76889,2.34859,5.93367,4.14655
3.63753,4.46028,4.80399,3.91796,4.43119,3.85818,4.9574,4.16967,5.49874,5.27078
4.25337,5.07341,4.48646,3.07618,2.48647,3.32973,2.66294,5.22965,4.58214,3.53067
2.29969,3.21498,4.65782,3.99252,2.25862,3.48236,4.8297,3.38561,4.7374,3.55499
3.36251,4.97555,3.72188,3.9145,3.64491,6.24613,2.93003,6.05949,3.81239,2.93685
4.24273,3.40379,5.47647,2.7117,4.39199,0.935076,4.37948,5.13397,4.5373,3.87033
5.28213,4.26692,3.04448,3.49987,6.00511,4.02,4.36716,3.17007,3.67657,3.86531
3.80925,2.98012,4.04101,3.99109,2.96501,5.75759,5.29878,3.19409,4.1045,5.92984
3.5624,3.9861,2.33554,4.98322,3.44545,3.56864,3.5779,2.2002,5.43812,5.5131
3.85525,2.46891,3.52553,3.36563,3.15486,4.71119,2.22015,4.62121,2.36258,3.27179
3.32618,2.71177,4.529,4.27906,4.72678,4.05521,3.11242,3.65356,5.46663,4.83679
4.69663,4.14622,4.50684,1.83316,5.82286,4.01266,4.56013,3.44201,4.29968,5.03363
4.12884,4.65268,3.53752,3.46254,1.3163,4.15399,4.15392,4.90951,3.70084,4.27423
4.14278,3.78618,3.62002,3.34877,5.03667,4.36678,3.64463,3.28317,2.63263,4.57711
2.43288,4.18122,3.5333,4.67463,3.10154,4.57343,0.860079,5.10392,3.23392,1.6685
4.08141,4.00647,5.24987,3.9587,3.62206,5.33068,4.59111,5.77469,3.35282,2.896
4.7571,4.22917,3.70557,5.13669,2.82012,4.20355,3.5081,2.48987,3.39505,1.89388
4.63683,4.59451,3.53482,4.55215,4.29798,4.74108,3.50585,3.31608,4.10192,3.67877
4.59282,2.54228,4.24218,4.20687,3.24246,4.71447,4.31299,4.39796,3.13079,3.67075
6.1194,2.2512,3.00594,3.0219,3.36351,3.64976,4.82349,3.47673,3.00135,5.80012
2.61952,4.07289,4.15551,5.78654,4.35442,3.54488,1.8757,4.18182,5.3946,1.09352
2.95557,3.91813,4.52908,4.06453,3.84663,3.60866,3.94726,1.5229,2.72666,3.03285
2.95325,3.98356,5.32353,3.07198,3.14106,4.65712,2.47486,4.93133,4.78611,2.90826
2.54922,3.05972,4.68679,1.84647,2.62612,2.65108,3.97577,3.28214,4.41737,3.34286
5.97642,2.10462,3.67951,5.05332,2.78086,5.96114,1.83131,5.02384,5.3621,3.06134
4.23978,4.42906,4.45124,3.5312,4.15609,4.25616,4.93337,2.02976,3.7347,2.57157
4.38778,4.36732,4.91042,4.48332,4.18796,4.48947,5.6627,4.72583,5.10944,4.44159
3.5376,3.5735,4.17794,5.6505,4.91547,3.98866,4.9128,1.87231,2.07823,4.98639
4.85516,3.18801,2.83241,4.2972,4.69893,2.82347,5.76527,3.01155,5.49138,3.96469
5.84219,4.82614,5.28459,4.95996,4.5446,4.88837,4.13868,4.89246,4.12605,2.53368
3.62721,4.42401,3.3041,3.57962,4.85782,4.18861,5.60662,2.91739,5.28891,4.07785
5.8893,4.91618,4.03238,3.36211,7.03913,4.09696,4.00655,3.37327,3.90286,2.31957
3.822,4.29257,4.95233,6.27917,3.51675,3.05314,5.21097,2.97957,4.28184,4.88594
3.01543,5.72006,4.42231,3.3992,4.0551,3.44307,5.07664,3.10099,4.2978,5.42522
3.0777,3.7691,3.80385,2.05052,4.97236,2.08073,4.24102,4.25591,3.47456,4.65617
4.01657,4.63894,2.86259,3.74283,5.08293,4.31301,3.43557,5.17773,4.33433,3.39463
4.83289,4.11172,3.54532,2.52252,4.43939,3.38039,5.66404,1.7682,4.16891,4.08947
4.46128,2.64136,4.43734,4.28231,3.60363,5.63035,3.06046,4.05792,3.31664,1.75879
3.81719,3.97313,4.14359,4.9705,4.24587,3.57691,5.89867,2.57795,2.72548,4.33123
3.8764,2.18487,3.70671,2.77824,3.62994,4.34816,4.66909,2.78115,3.44597,5.26237
4.33198,4.30895,3.11957,4.21566,3.6066,5.22163,2.95022,4.32362,2.87112,2.40109
5.00653,3.51039,3.87142,3.16777,5.28543,4.78492,3.12154,3.47001,3.96571,4.87578
5.88859,4.53728,3.79105,4.03971,4.19233,3.28754,4.91934,2.74107,5.27881,3.67658
3.85544,3.63392,4.61256,3.51505,3.50618,2.52677,3.79728,4.99457,3.84284,1.43298
4.93406,4.3323,4.26663,5.74002,3.85332,3.42253,4.66418,3.67473,5.36107,3.33099
3.86199,5.28421,4.6798,3.46464,4.45426,4.77805,4.31739,2.94482,4.46956,3.90846
1.29593,4.09283,3.35135,2.08088,4.25075,4.86567,2.59987,3.96949,3.30928,3.5124
4.45563,4.67483,3.57433,3.9016,3.91729,3.20755,4.50336,4.96983,5.60243,4.82667
4.73601,2.91089,5.27194,5.90402,4.19914,5.37789,3.22242,3.45735,5.86792,4.52766
4.53527,5.38938,3.53822,3.17129,4.48133,3.59675,2.46513,4.44635,5.34245,3.49158
3.72444,4.16275,1.72031,4.50918,3.27475,3.25935,4.24296,3.46483,4.98051,3.64715
4.16493,4.21871,5.01122,5.94979,3.22331,2.6585,2.56162,3.05461,4.16381,4.58501
3.23553,4.04025,4.04096,3.40366,4.4433,5.14879,2.27095,5.49615,4.54566,3.8663
4.26986,2.59451,5.0257,4.1167,3.48596,4.38236,4.14355,3.46727,5.04762,2.00871
5.38997,2.64707,3.69297,3.88829,4.98553,4.51286,4.28783,6.09816,4.96161,3.1787
4.77685,5.19764,4.98523,5.81037,3.35747,4.14348,5.04695,3.25997,4.32852,4.37037
4.09182,2.21889,4.03349,4.13662,4.49115,2.49777,4.4351,4.11033,4.54848,2.96664
5.19472,3.73765,4.46828,2.55851,3.39006,3.71758,3.70639,4.64978,3.78713,5.19681
5.03212,4.33325,3.58027,4.60424,3.18766,4.02381,2.08804,5.34955,2.91274,5.01706
5.00693,3.11295,2.95688,5.40517,4.58883,5.16179,3.10616,3.66457,3.00564,3.54101
5.22506,3.35186,5.28611,5.66004,4.65256,5.00749,3.7516,4.90902,2.88958,5.50493
4.20153,2.5452,3.91772,3.28222,3.65172,4.74796,3.22423,3.19925,4.40397,4.70606
4.10848,3.37897,2.87572,2.29012,3.93626,3.18087,3.71385,4.2573,3.81384,3.37721
3.46499,5.89816,4.5395,3.79139,4.55274,1.75801,3.99128,5.33959,5.6544,2.70303
3.63223,2.75716,5.00753,3.21218,5.33658,1.87608,3.84207,4.96872,4.905,3.08448
5.7319,3.8965,2.45406,5.23081,4.79605,4.7178,3.27709,5.08471,4.1689,5.83012
2.7049,3.86494,6.2187,4.2073,4.206,3.27298,3.21185,3.62169,4.64727,4.82517
3.62358,5.22222,3.37772,5.69876,4.78852,2.97828,5.17101,4.31856,1.78828,3.22504
6.03584,4.37709,4.76749,4.08301,4.39322,4.59244,4.46781,4.45503,3.41307,4.86033
4.2878,4.57682,4.35954,5.127,5.13544,3.74784,4.07952,3.98686,3.7598,3.13342
3.87674,3.74489,4.00746,4.59095,5.16195,1.67199,3.13527,4.77654,4.0443,3.63218
3.73017,4.28933,4.62705,2.27109,5.60749,3.98168,5.23737,3.68985,2.64949,5.06469
4.03947,2.87348,5.4304,4.80721,5.11431,5.70448,3.5362,3.15827,4.68059,3.73773
2.94979,3.78073,3.12366,4.52644,3.48831,3.76717,2.70317,3.84737,4.16578,4.01978
4.34385,4.10414,4.96549,4.82576,2.59121,4.20667,3.81402,2.6494,4.14535,3.40539
4.1688,5.05634,4.32944,3.314,5.27834,3.32232,3.50637,5.05679,0.910801,5.31528
3.47455,4.27181,5.59444,4.12056,3.17168,3.20172,3.11768,6.96598,5.4204,4.46376
4.20596,6.16596,2.86536,3.70889,2.82792,4.76485,4.61575,3.20478,5.09844,3.64831
4.30517,4.37975,1.93347,3.1618,3.52953,4.72277,3.24846,4.85908,3.63815,5.13391
6.23768,2.19429,4.63192,4.19156,2.17887,5.61941,2.26351,4.58786,3.36078,5.57443
3.67162,3.91168,3.95138,4.47647,2.86027,2.24523,4.98227,4.00912,4.78449,3.71642
5.41181,5.47401,4.44999,5.57012,5.75316,3.6322,3.0576,3.29111,3.89989,4.31747
4.22014,2.74426,4.03621,3.02137,3.86706,4.02026,4.10384,4.81489,6.03855,2.96127
4.68424,4.69322,4.54711,3.79219,3.7557,4.57248,3.22941,3.62697,6.24663,4.67056
3.83898,3.3057,3.84532,3.65197,4.68508,4.93727,3.14891,2.32009,3.68521,3.57311
3.6667,5.02841,2.2822,4.38028,3.95921,4.98568,5.37349,4.55323,4.07881,3.67623
2.30922,4.09829,5.1055,1.72306,3.84341,1.0539,3.12433,4.08868,2.28524,4.87832
3.96999,3.42542,3.60811,4.51252,4.65409,3.22711,5.36872,3.75138,3.5903,3.75792
2.96653,3.38235,3.14187,2.61367,4.51226,3.4959,4.05004,4.03352,4.39176,3.14001
4.04532,4.38699,3.90264,2.402,4.26168,2.67119,5.27159,3.37732,2.87726,4.8958
4.81745,5.20919,2.44929,3.98292,5.24328,2.78372,2.16816,4.57553,3.47116,4.51689
3.7464,5.34636,5.59643,4.37561,3.75291,3.85981,5.22998,4.24262,5.5895,4.05579
4.51751,1.06452,3.84151,5.30051,3.35883,6.19192,4.91308,4.07758,3.90651,3.55277
3.82215,4.31626,2.41396,3.26299,6.29017,4.58155,5.32819,1.67294,3.38629,3.99605
3.60607,3.50144,3.65149,4.44439,3.95732,2.87248,3.45769,3.64939,4.32276,2.36703
3.6405,3.12598,1.33012,4.99014,3.97986,4.33361,5.34068,4.518,2.09055,2.55503
4.13231,5.60021,3.18914,4.04437,5.05529,2.57418,4.44366,4.97656,3.3986,4.47073
2.50233,5.73493,3.37824,3.945,3.56253,4.43705,3.46407,4.48718,4.35546,4.32337
5.48352,5.03313,5.57245,4.21237,2.92531,3.5879,3.52838,1.56403,3.71056,3.21257
4.28235,3.59895,4.52561,4.43723,4.16445,2.77843,2.98213,3.43142,4.10848,4.79283
5.59307,3.38646,4.83771,4.7449,2.94862,2.68248,3.77522,4.54044,5.01729,2.05128
4.19944,5.43137,1.9658,3.69378,4.12717,3.32958,5.20826,4.73728,4.63182,3.12682
5.13594,5.23599,3.72564,4.2779,3.43812,4.13602,4.53187,4.06151,5.19037,4.51206
3.31578,4.64716,3.85194,5.26729,4.31074,2.69615,4.42612,4.75191,4.22208,5.05432
3.78319,3.09427,2.81721,3.71641,7.07544,3.68671,3.78842,3.5835,4.63888,4.20916
3.05794,4.16867,4.31264,3.10348,5.70975,3.42212,5.17952,4.04513,1.14703,1.90322
4.05394,4.28866,5.65595,4.53472,3.91035,3.17492,4.73923,4.62612,5.05685,4.72153
3.90557,4.98973,5.20934,2.4242,4.22335,3.5398,5.10102,3.48406,1.93551,4.96974
4.62407,4.39135,3.03567,6.64615,2.31339,4.9322,2.85551,4.11686,2.64687,3.64492
5.00528,3.30672,4.25666,4.51649,4.60615,3.2139,3.71446,5.28266,2.6912,4.86565
4.50756,4.54942,4.01336,3.69895,3.95723,4.21813,3.99135,3.73662,4.76518,4.30099
3.24862,4.07959,3.72136,5.87743,5.65508,4.64765,5.13517,4.29924,5.88544,4.67677
4.23601,3.48773,3.76668,4.36263,3.2819,4.6773,3.49904,3.91992,4.74016,5.08812
4.74115,4.506,4.75484,2.75103,6.54897,5.19987,4.32308,2.15126,3.26279,3.98193
5.60353,3.34284,3.95399,4.37339,4.47733,4.56831,5.43114,2.53723,3.4711,4.19754
3.14312,4.71325,3.94951,5.69067,2.55556,3.88506,4.54912,3.58461,4.05603,4.14068
4.04808,3.5365,2.0715,3.07332,2.25823,3.32361,4.42862,4.65426,4.90326,1.7892
3.76179,4.66179,4.70475,4.68969,2.49582,4.39287,4.9103,4.33092,4.54839,3.35704
3.76102,2.76637,2.00856,3.80528,3.81227,2.73731,2.80682,3.42431,3.77491,5.61807
2.83966,3.5252,3.37651,4.01255,4.57139,3.43871,2.94546,2.41232,4.45141,4.03532
4.04333,4.51433,5.23473,4.39034,4.25543,4.99175,3.67788,4.1404,4.23538,5.05875
4.37818,4.18032,4.26139,4.68249,3.85433,3.27589,5.05171,6.12003,3.91501,5.16436
3.22174,3.79968,3.697,3.59645,4.37651,3.0547,3.12851,4.16336,3.59589,4.33575
3.5884,3.32191,2.85621,3.11527,4.02214,6.79429,3.77013,4.24692,3.98679,4.3752
5.02369,2.81986,1.65012,1.97286,4.20026,4.877,3.67098,2.14278,4.71364,3.51389
0.736701,2.67598,3.17704,4.47023,3.53775,5.65948,4.10547,2.71729,3.38798,4.2362
3.76047,3.28871,3.16114,3.3307,4.70546,3.19834,3.51505,3.79525,2.48942,3.48509
3.07045,2.79115,4.49665,2.82333,3.38063,2.78006,2.96847,3.40006,4.45857,4.64713
3.29764,4.44442,4.78424,3.85983,6.02742,5.64763,5.00697,4.40116,3.45202,4.90272
3.42291,4.28316,5.87374,2.81783,3.03428,4.72215,4.15698,5.41176,4.20837,5.22074
4.32153,3.42695,5.3373,4.30712,4.38984,6.76968,4.47995,3.88996,3.67157,4.77321
6.15264,5.63029,3.71051,3.47112,4.43966,5.00576,3.88092,7.26758,2.9886,5.33207
2.99778,3.37832,2.848,3.62872,2.92846,3.19121,3.33943,5.04421,3.4304,3.22448
2.87293,2.58934,3.23403,4.52903,3.8306,4.45489,3.08621,1.71334,5.13396,3.74524
3.55518,5.16608,3.63179,4.22128,5.08533,3.28034,3.97556,2.10265,4.57824,3.26394
4.18932,4.37972,4.63275,4.2657,3.35528,3.95856,3.09688,2.43528,4.89912,2.74893
2.9701,3.07604,4.19602,4.6064,3.92623,3.31768,4.21865,3.3038,5.04444,3.21079
5.97801,2.79044,4.52672,2.90241,3.19249,4.04125,3.49561,4.01357,5.17671,3.8324
3.47009,2.11595,2.96386,3.12979,3.27697,3.36599,4.90222,4.43036,6.15632,2.59714
1.7849,5.87023,4.40433,1.97533,5.93102,4.08836,4.97362,4.21095,5.23807,5.12409
4.21355,3.7473,5.028,6.07324,3.97056,2.38372,3.40704,1.85712,4.12288,5.97359
4.73327,4.45668,4.45193,4.29749,5.63564,4.35525,4.57024,5.05763,4.0489,4.69765
4.1788,4.21603,2.97085,4.67804,3.88027,3.35769,3.93237,4.26484,4.45539,6.11335
4.69832,3.93902,5.39851,2.09534,4.73671,4.49994,5.15729,4.12197,2.90246,4.48955
5.62276,2.033,3.82202,3.83425,3.38403,4.19974,4.49526,4.51912,3.71008,2.14839
4.68895,4.6763,2.71686,3.88093,3.02234,1.91503,4.47341,1.86254,3.5587,4.9265
3.45326,5.61861,4.12457,2.956,3.34381,1.90202,2.16026,5.96707,4.62288,3.52847
7.6999,4.08754,4.09559,3.70015,4.07192,4.66227,5.36839,4.11719,3.77965,4.61864
2.50858,2.04266,3.88978,1.68429,4.07807,5.39275,3.15273,4.50178,3.5419,3.0098
3.14788,4.75775,3.5513,5.75601,1.80975,4.49931,5.54209,5.2655,2.81239,2.29843
4.67305,2.92794,2.67044,3.16101,3.23551,4.08124,3.53145,4.01752,2.70961,4.53009
4.70104,3.30299,3.62401,3.66248,5.29992,4.78595,3.87982,3.95379,4.56996,4.26361
4.44246,4.48472,3.35399,4.82151,3.14394,3.2985,4.98533,3.70969,3.32671,3.51015
1.9853,2.7398,2.59757,4.22688,4.37779,2.47301,4.73845,3.07334,4.61168,3.57639
3.90608,4.69557,3.92273,1.68285,1.51875,4.14777,2.87807,2.99127,4.28753,5.11757
4.26504,4.85737,5.08001,3.13908,2.95521,3.71254,3.29283,4.61494,3.7287,3.95193
2.72626,1.84913,3.54751,3.7458,4.28144,3.46318,3.19202,4.65631,2.9777,5.01917
2.39597,4.09556,3.69947,2.82937,4.89508,3.49173,4.1925,4.34616,4.20663,4.57437
4.73501,3.72942,3.4641,4.94585,3.11625,3.55166,3.37023,4.79955,2.94554,3.48626
4.22816,2.90891,2.66872,2.23813,2.99235,4.61538,4.2887,4.29334,4.70818,2.9416
4.0686,2.05422,4.29038,4.279,2.76318,2.78558,0.687949,5.37395,4.47236,5.06317
5.02355,5.11845,2.92928,3.74825,4.54285,4.02208,3.97409,2.73071,4.54254,4.36793
5.09481,3.70652,2.92803,3.44669,4.69068,1.04712,3.51635,3.6103,3.95381,3.41147
5.08594,5.27108,4.51656,4.84636,4.97108,4.76608,3.82195,3.20212,4.79053,3.40522
4.39951,4.61095,3.68912,4.16032,3.07244,6.91652,4.27452,3.09831,2.1451,4.14885
3.18437,1.88271,1.9928,3.73791,3.28724,3.29511,2.92462,4.88711,2.05079,3.37075
6.06745,7.2748,2.62179,4.136,5.41135,4.01305,5.04893,1.30496,2.56177,2.63461
4.22873,5.48105,3.26019,6.24915,4.21109,4.9227,5.07734,4.3692,4.62796,4.03596
3.54327,2.47073,4.69205,4.059,6.1447,3.44584,3.20559,4.6981,2.86218,4.9257
5.42352,2.69822,4.05507,3.08539,3.99722,4.62384,2.80457,3.40587,3.01769,4.3882
3.159,6.18622,1.93263,4.24658,3.02374,2.57382,3.10483,4.98672,2.73346,4.35278
4.03111,4.25207,4.4274,3.47736,4.99827,3.01777,3.7572,3.9372,2.05851,4.22622
4.30979,3.20533,4.19266,3.54541,4.17357,2.4538,5.45865,3.85966,3.84965,2.10287
3.21659,4.57674,1.95042,4.3593,2.60701,5.17399,4.40798,4.67431,3.237,3.61909
2.7215,4.79656,2.72759,4.3823,3.55379,2.81825,4.52063,2.09556,3.54871,5.98204
4.14151,3.31681,2.69564,2.63901,3.32488,4.42488,2.89172,3.71521,3.84728,4.10833
2.75454,4.89999,3.06007,4.87993,3.16624,3.72487,5.13509,4.87165,5.00047,4.52558
2.01259,4.19526,3.15278,3.38697,5.3361,6.06888,4.71563,3.671,3.63574,4.53961
4.45014,5.26293,2.35237,4.87366,3.52552,4.29303,3.82914,4.57726,3.65182,4.94074
4.51853,4.40627,4.52998,3.3755,4.8875,1.19359,3.57161,3.30744,3.13757,3.23521
4.25275,3.49732,4.69238,4.6046,4.01825,3.61646,4.11505,2.33848,3.05452,5.36356
2.87241,3.21232,4.27857,4.14871,5.66898,5.36517,4.52122,4.73479,4.58804,5.15316
4.1881,2.97758,2.76284,5.18631,4.33073,3.61397,2.39837,3.79518,4.6246,6.07927
3.80749,3.33228,3.43627,2.3634,3.92636,3.74079,3.49016,3.56695,4.54975,4.0809
5.79258,4.25129,3.77507,3.08149,3.98322,2.57971,3.22575,5.56402,4.61953,3.92037
4.96227,4.17565,4.66908,5.64181,3.16344,3.92349,4.82945,3.88468,3.93864,3.38489
3.33498,4.80011,3.28151,4.88251,3.77235,4.3924,2.83519,4.21879,2.12841,4.59059
2.20024,3.92362,0.951897,2.99243,3.26793,4.05382,4.19955,2.09893,3.17234,5.66943
2.68369,6.26771,2.27507,2.63782,2.56253,3.57781,2.54306,3.59196,4.02153,5.98031
3.71587,3.2654,3.04857,3.95916,4.25882,4.07109,4.91264,1.26523,2.60892,3.2314
4.20973,2.96369,2.12502,2.4072,3.37828,4.11863,2.34172,3.60151,3.55524,5.1249
3.56047,4.50072,4.62097,3.28285,5.18979,4.69385,4.63173,3.60414,5.19304,3.11691
3.81414,3.53249,3.53422,2.9478,2.66475,3.31369,4.31453,5.77974,5.30574,4.42364
4.17457,4.19797,4.9684,3.45221,3.33595,4.41877,5.79098,4.22864,4.99147,2.53292
3.59826,5.0922,4.54936,3.26298,4.74149,6.0102,3.63456,4.66665,5.28747,4.06261
1.66616,2.89585,5.63972,4.39502,3.75936,2.65711,4.56139,4.69794,3.7129,4.93023
2.47303,4.30867,4.53076,3.21156,6.09757,5.07005,4.06685,5.72091,3.43075,3.64601
4.83172,2.30026,4.40955,2.33566,2.5206,2.86773,3.85692,2.95909,3.15164,4.1915
4.30621,3.36768,3.52697,2.73418,4.16162,5.81447,3.48367,4.04621,5.76846,4.44671
4.14986,4.15228,4.4181,1.17937,3.07178,4.22187,3.99164,4.23465,3.35271,3.76551
4.46314,3.34841,5.17671,4.17241,1.94559,2.98679,4.48867,5.35374,5.11333,4.04708
3.89154,4.38978,3.84287,5.01487,4.88196,2.6022,4.10211,5.0802,3.82003,3.75748
5.23543,4.70223,2.76887,5.14419,3.66689,5.35641,4.53525,2.66628,4.84965,2.72346
3.51059,3.18784,2.41894,5.30231,2.95634,6.52858,2.42729,2.08229,5.20995,3.84908
2.21134,4.25241,1.45116,4.54729,4.11538,2.45783,4.35415,3.09483,4.62862,4.50094
2.48596,3.75872,3.39559,2.88104,4.39039,3.8694,3.35946,3.95776,2.30065,7.46356
3.99116,4.14275,2.97259,3.3635,3.12601,4.64532,3.83679,4.57528,2.86507,1.99187
2.98114,4.17016,3.39701,5.92695,4.34626,5.99594,4.66135,5.12976,3.5839,3.25083
1.69017,3.07625,3.63695,3.8309,2.30953,2.01126,3.29152,1.04981,1.83783,5.09786
3.90171,2.36293,2.8946,2.88823,4.01479,4.59163,6.19044,2.66011,3.80851,4.49536
4.13868,2.69821,3.80154,4.12294,4.53474,3.34575,6.25041,4.30659,2.82001,4.73352
4.3367,2.8776,5.08147,2.95722,3.93287,4.96696,4.12079,4.94356,4.4359,3.70462
3.17425,4.21426,3.577,2.24249,1.13573,4.68204,3.49448,4.35037,5.07298,4.70648
6.59289,4.89932,4.62954,4.71147,2.18768,4.18746,5.27543,5.27652,6.29514,4.34273
3.94308,1.87735,2.15623,4.70572,3.38529,6.19297,3.41109,4.87805,4.14613,3.63672
5.60125,4.11204,4.26955,4.51922,3.54696,2.70431,6.82469,3.68028,5.09405,3.75993
4.77736,2.94611,3.98779,4.97723,3.92608,4.72336,3.72917,3.87403,4.2572,2.08541
3.99752,3.66548,3.30153,4.35712,5.14273,2.80787,4.84469,4.67653,3.7625,3.1782
3.03924,2.53484,5.16635,4.18403,4.44491,3.88552,3.74227,3.14455,3.10022,3.59113
3.57247,4.56597,3.49384,4.81895,3.38931,4.33695,3.81773,3.63423,3.83383,4.42361
4.40879,3.06689,4.50579,2.33323,3.16184,3.59191,3.15685,3.07592,5.0196,5.01189
4.30615,4.12542,3.6525,5.00774,3.76777,2.63389,3.72848,4.91063,4.05403,3.76301
4.90723,4.86284,3.26154,5.03868,3.07176,3.88811,5.93227,4.50118,3.76397,2.7219
4.00059,3.97365,4.48407,2.24911,5.89147,1.81438,3.81431,2.78437,3.85574,4.14391
3.23228,3.05275,3.27482,4.667,4.36007,4.07479,2.59781,3.07538,5.35013,4.43337
4.40822,4.78174,3.66104,4.59486,4.20402,4.25709,1.46001,2.8177,4.36783,3.58287
5.5325,2.95347,3.53299,5.46155,4.58652,3.54624,3.47885,3.80082,6.51674,4.82959
2.51225,4.41372,3.99379,5.14922,4.90394,3.97517,3.61707,3.565,3.89666,3.85765
3.34093,3.91018,4.22611,3.5599,2.57599,5.50467,3.7701,5.30993,3.24802,3.66743
5.48491,4.37756,4.97582,3.93977,4.69927,3.66763,2.69973,4.18438,4.79468,3.12581
4.75025,4.15395,4.12508,5.07531,3.004,4.63775,4.78851,4.10794,1.87649,4.12675
4.81879,2.80856,4.34431,4.14086,3.10938,4.40943,5.04069,4.54215,3.2885,4.96832
3.85152,3.11364,5.07164,5.49294,3.4113,4.7139,6.27742,3.03994,3.29901,1.95172
3.99034,4.76167,4.78278,4.33097,3.9207,3.54171,4.72839,3.70078,2.54511,3.88522
3.97532,2.6794,2.23213,4.77553,4.81236,3.64672,3.87391,4.01463,4.90405,5.36551
2.59361,5.95301,3.2074,3.75179,4.08926,2.80245,3.1276,3.59817,4.98625,3.02719
4.43136,2.37976,4.18707,5.51645,5.27777,3.9483,3.67913,4.33419,3.92348,4.66909
2.56946,3.20484,3.74772,2.56026,2.74554,4.45739,3.58337,3.94994,4.56028,2.75584
3.48155,3.45507,3.17224,4.03901,3.55321,3.79429,0.698919,5.23416,4.23105,4.71153
4.03509,3.35539,5.47015,4.28725,3.56382,2.58909,4.94273,4.98172,3.30506,5.0173
4.21887,6.49882,4.49064,5.25758,3.59698,3.52834,2.15824,2.91059,4.33973,3.67577
3.71987,4.32566,4.88722,3.71656,4.9781,4.90061,3.66569,4.16627,2.23277,3.83364
4.05674,3.98943,4.06463,2.68364,3.09782,2.91742,3.68188,2.96666,3.52767,5.53268
4.5107,4.95004,5.33841,5.94633,5.10418,3.38499,4.51654,3.82647,2.89184,3.68817
2.99785,3.5014,4.34215,3.40452,3.89001,4.08725,2.98296,4.94733,3.45621,2.54611
4.09807,3.87212,4.05885,2.49088,5.86449,3.67252,3.15709,3.91688,6.39567,4.26154
4.90242,5.16611,3.19957,3.42457,4.33853,1.90179,3.11328,5.52224,3.85689,5.31478
4.91196,2.36173,2.81362,3.5792,2.54989,3.75122,5.04817,3.46856,3.64494,4.00068
4.01524,4.46223,3.98814,3.46608,2.24506,5.2382,3.65487,3.47766,4.53209,3.43713
3.94398,3.51053,3.81575,2.87234,4.79253,2.92082,3.10568,3.34732,5.22587,3.18411
3.79917,4.71224,5.04236,3.679,4.70346,3.24818,2.70084,4.5148,3.76955,3.6383
5.82248,4.46524,4.03413,3.53501,4.55946,4.03673,3.62204,5.06432,3.66153,4.64499
3.5098,3.1047,4.56501,5.22588,4.2785,4.55361,4.63564,3.27316,4.74864,5.01211
6.07779,3.01752,5.36135,3.20003,3.86273,3.37475,3.57892,4.0943,1.17284,5.07566
4.18656,4.28404,4.97863,5.21343,4.75277,4.55462,4.16731,3.72332,2.02556,4.84735
3.77014,3.66755,3.32639,3.4015,4.10135,4.12408,1.28903,5.46174,4.08454,4.61891
4.59565,5.13834,1.69772,4.10943,3.26564,4.50173,4.67936,2.60524,2.97183,4.60909
4.69085,2.70221,3.05591,2.94207,4.48717,4.70563,5.00161,4.53513,4.67911,3.45468
3.81103,4.31224,2.67112,5.33405,4.24309,3.05984,4.61272,2.0079,3.48686,4.72676
3.58587,3.05084,4.33326,2.78011,2.53196,3.70588,6.49197,3.83513,4.96934,4.03485
3.70704,5.08871,3.59312,4.23726,4.68958,5.24786,2.98214,4.37285,3.99927,6.57066
4.45924,3.71849,4.31282,4.19241,4.04107,4.68289,3.83249,2.50711,3.83467,4.93265
2.94718,5.41652,3.3453,2.37707,4.12107,3.69543,3.97182,2.77565,5.37992,3.4842
4.76847,4.37293,3.93338,3.63663,4.6512,4.23416,3.87085,1.92318,4.8885,4.21319
6.08499,5.15318,3.45633,6.37197,1.51642,6.17105,3.79499,3.78492,4.10723,6.16656
3.85452,5.22823,3.94282,3.19395,3.38246,2.69722,2.45086,4.21779,6.26804,4.07718
4.06147,3.57232,4.44255,5.22532,4.75923,4.18051,3.81508,3.36969,3.22936,4.25989
3.59422,3.49237,3.10855,5.92814,3.14645,5.16075,3.38113,4.71909,1.21303,6.42296
2.73433,3.00092,3.34256,5.21232,4.27888,4.88885,2.91989,4.59718,3.42446,5.46205
3.21665,3.49515,4.52171,4.84137,4.10154,3.8954,4.02943,4.35905,1.32788,4.02458
4.87805,4.40436,2.61055,2.68918,3.49172,4.10453,4.02295,1.94856,4.75072,3.78046
4.67769,3.49529,3.84799,4.01547,3.8186,4.25779,3.44321,3.70954,4.61971,3.57837
5.02139,4.20827,3.97623,5.738,3.34403,3.77368,5.08535,4.35271,4.3034,3.61524
2.97325,2.86393,2.84919,2.32845,3.09016,3.42005,4.9542,4.01961,3.68602,2.37717
5.0599,4.40547,3.23411,4.03355,3.53596,3.61613,4.26655,3.67989,3.60952,4.71128
3.1092,6.36159,3.59089,3.56228,3.8408,1.51725,3.50632,3.6097,3.87587,2.18437
2.9951,4.18598,3.56419,5.31334,4.82859,4.35533,5.05532,2.78385,4.92212,4.01326
3.35422,4.13626,1.76896,3.90136,3.52883,4.04114,4.95552,3.63675,5.81615,5.72027
3.761,2.53461,3.15957,3.41974,5.1906,3.12003,4.31896,3.89057,2.43968,3.32396
3.50402,4.5935,4.31891,3.25507,4.30654,2.65665,1.67737,3.03569,3.5029,4.03334
3.29328,3.99115,3.62964,3.58864,3.95835,3.41828,5.47874,3.87991,4.32112,4.98848
4.54976,4.14799,2.4126,6.47068,4.45515,4.64738,4.25461,4.94395,3.99604,4.17445
3.4583,3.5859,3.40966,2.98615,2.07208,3.84826,2.77224,3.95695,3.19332,5.61595
3.5247,4.07492,3.95986,3.56035,4.45859,3.94555,6.32711,5.75077,4.44262,4.30056
4.47662,4.70885,3.93108,4.0368,1.7175,4.51958,3.95923,4.43545,4.42447,2.4885
2.89325,5.90953,5.5119,5.45231,3.01107,4.79394,2.59953,3.05293,2.94048,4.95744
3.74456,3.67847,4.78685,4.16807,3.72871,4.96123,3.99151,2.97222,4.5338,4.97662
5.88658,3.7844,3.46755,4.22288,4.01227,1.8716,4.46468,4.20397,4.97726,4.55246
2.72379,3.62412,4.48851,3.35775,4.5701,4.64717,2.97182,6.13851,2.95214,4.34169
2.01188,2.36102,2.07602,5.67489,2.64982,4.85459,3.42899,5.66879,4.29681,4.56984
3.33003,4.16894,3.67377,3.77391,5.63997,2.11195,7.4235,4.91838,3.93809,4.30942
4.06889,2.85058,5.08194,5.84927,5.4244,4.4208,3.4473,5.57019,3.8247,4.45719
3.85959,5.16336,3.34744,4.14033,4.90746,3.36349,3.88076,2.22014,1.64516,4.9537
3.01855,3.73908,3.73168,4.49778,3.3062,5.1393,4.14371,4.11334,5.06549,5.36115
4.49068,3.87058,4.87927,6.86393,5.31094,3.46922,4.84847,4.19991,4.1087,4.82462
3.63341,4.52501,2.26689,4.22781,4.55121,2.85651,5.86979,2.27385,5.18256,5.42671
4.65375,3.49068,5.77196,4.9227,5.22261,3.32268,4.38011,2.84419,2.92182,2.73484
3.90202,4.45459,4.5245,3.94733,2.28044,4.84065,3.64834,4.25184,3.99103,5.0932
3.42081,3.30135,3.63648,4.1711,3.59911,2.98345,4.76908,3.25427,4.5175,3.51238
3.15588,5.18654,4.33467,5.30698,4.24888,4.28376,4.90418,6.13014,3.79783,4.55348
3.42253,3.87744,4.81453,4.08907,4.25981,4.28095,4.5741,4.59347,4.21037,3.29264
3.16534,3.56898,5.08985,3.29977,3.74917,3.11853,3.00382,3.6944,4.85615,4.55083
2.8658,4.12841,4.70766,3.3172,4.84061,3.74309,5.83383,5.63617,3.77972,4.83402
3.95304,2.95433,5.0193,5.22957,2.7393,2.66556,5.36475,3.62999,3.00019,4.57802
4.00291,4.6258,5.02271,3.35994,2.67332,4.03322,3.26929,4.55347,3.3626,3.33459
3.05715,2.32745,5.93581,3.4405,5.28469,5.4931,4.07794,4.00798,3.99756,3.57394
2.44743,4.76813,2.16595,4.38386,3.81264,5.07133,5.74167,4.62249,3.40112,4.02704
3.87372,5.35948,5.09296,3.42453,3.77584,4.06407,3.72716,2.1152,4.82675,4.21857
4.07553,5.22308,5.70893,5.5572,0.834582,3.4207,3.45427,3.90009,4.89094,3.97464
3.21004,2.56437,4.18688,5.36816,3.28338,4.01093,5.20178,4.82217,4.15142,3.01773
3.77763,3.64861,3.96066,5.01599,5.25178,4.84411,4.20582,2.34909,4.07172,4.94392
3.02575,4.59109,4.0498,3.84706,1.90188,3.02917,3.8227,4.07621,5.7966,3.88422
5.48956,3.4868,4.26905,3.12493,4.48716,4.43442,3.17191,4.48858,3.80391,3.76396
3.5235,4.79953,3.57686,4.68299,1.90391,5.50484,4.08352,4.88956,4.0366,3.78439
3.6447,4.69104,4.70899,3.86447,3.7947,2.98752,4.45573,6.27235,4.98744,4.17951
3.22298,4.20922,3.76289,4.51446,3.17936,3.72674,3.76956,3.94503,3.30951,5.59329
4.96217,2.72145,3.93521,2.51783,3.92591,4.47988,3.0479,3.96517,4.38427,4.47611
3.55271,3.46312,4.71985,2.65419,4.51257,4.3608,4.92935,3.45619,5.02178,3.41518
4.23487,4.49358,4.03049,4.65697,3.4921,3.30513,1.83788,4.16386,3.57209,4.21809
4.14186,3.44091,3.01039,3.92539,5.47506,4.74392,3.49145,4.50368,3.30491,2.66083
4.17767,2.74947,3.55851,4.44467,3.66341,4.28896,2.98948,3.2322,5.6549,3.76354
5.6071,4.26496,3.61242,4.17968,5.57232,3.3523,4.44006,4.68415,3.52598,4.41242
4.56099,3.00228,5.12871,3.12994,3.56149,5.61921,4.87821,4.20886,3.09518,3.64412
5.21725,3.99332,4.42479,3.59604,3.17733,4.35408,5.10009,4.94915,4.2811,4.16611
2.72071,3.81478,5.2285,4.99721,5.25749,3.73692,4.76657,2.95048,4.8899,4.30818
3.81077,3.63171,6.65197,3.8772,3.55072,3.73083,5.09962,3.09935,2.96043,3.11136
3.88161,3.6587,3.13784,4.34511,3.11032,2.99748,2.82339,5.33386,4.58394,5.63722
4.53943,3.35459,3.51857,2.77421,4.3884,4.54915,4.66421,3.80917,5.03136,2.6756
4.43881,5.48462,2.93965,4.42047,4.22555,4.82129,3.01062,5.21351,3.21042,2.20184
4.55735,4.00487,4.19611,4.84496,4.06836,3.47678,5.12948,3.7851,4.16025,4.19357
4.00972,2.38152,4.56106,3.14393,5.69227,5.35599,3.36295,3.20739,3.63477,6.44449
4.85822,3.62227,3.65585,4.83812,4.68058,2.43676,4.60094,4.66776,3.86447,3.52559
2.84966,4.78627,4.03538,6.07415,2.56707,4.94198,5.03329,4.86002,4.75619,4.62899
3.68077,3.38751,4.01029,4.33058,4.84829,5.89296,4.92377,3.79305,6.4328,3.99339
3.54166,5.32314,4.74569,5.516,2.57164,4.1864,4.20105,4.3493,3.42144,4.33656
4.57488,5.71466,3.70788,3.10928,4.6726,3.95137,3.33897,5.72839,4.3438,4.7127
3.42284,5.99583,3.37374,2.94875,5.16766,4.11851,4.63398,5.15861,3.99221,3.00281
4.55173,5.22663,4.47786,3.40337,3.72386,3.4593,4.48729,3.54662,3.40413,2.56715
3.74673,3.2771,3.58213,4.37756,2.79091,5.72896,3.51017,3.8377,4.74146,3.88607
3.93898,3.9263,4.08393,3.77801,3.96467,4.17324,5.26654,3.85334,4.98177,4.70936
3.11323,3.98321,3.14113,3.33385,3.66201,3.61312,2.26324,4.57405,4.92562,2.57141
4.79508,4.13532,3.26747,3.91808,3.72147,4.35372,3.96986,2.79751,4.38558,2.82747
4.93973,5.8088,4.05852,3.29393,4.39546,2.73498,4.1421,6.04093,4.06278,4.79857
3.43516,5.04971,3.79998,3.50508,1.86206,5.22899,4.09611,4.25256,3.97882,4.69552
4.51579,5.5902,4.4778,4.67708,4.33547,4.37013,4.59,1.78977,5.61893,4.32561
4.24987,5.42301,2.55842,3.2808,4.12691,4.91744,5.59979,2.49993,3.60423,5.53056
3.6137,4.77544,3.03738,3.12471,4.13241,3.08108,4.04989,5.58519,5.8542,4.54858
5.22731,4.63601,5.25129,4.36686,4.54136,3.10966,3.87507,4.87536,4.19718,4.59615
2.66351,4.19957,4.84283,6.126,4.1692,6.3216,3.8679,2.85059,3.62865,2.77614
3.24576,3.13086,2.77987,2.96378,5.09386,2.51278,4.0228,3.95329,4.20558,4.1496
2.80579,4.26552,4.41373,5.51921,4.64003,4.5746,3.88491,3.94719,3.23663,4.83697
5.07933,3.76318,4.55806,4.45839,3.45588,2.60573,3.75305,2.68276,3.89834,3.37691
3.3418,4.36018,3.72839,4.20203,3.28998,4.46534,5.35375,4.07906,2.79668,3.59405
3.79768,2.6263,3.9493,1.71291,2.32382,3.57961,5.35486,4.50313,4.77075,4.07549
4.17857,3.46644,3.45684,2.3355,3.09469,3.04209,3.03201,4.4419,4.06091,3.81209
3.03102,5.06423,4.29731,4.90632,6.33963,2.80546,3.29905,1.65526,3.85191,4.81138
3.91413,1.88429,3.79458,3.77114,4.45941,3.84721,3.7046,4.76509,4.62984,2.35236
4.43231,3.88596,2.06372,3.86541,4.49502,3.51591,5.15428,2.07941,3.49149,4.29538
4.48391,4.30656,4.86533,2.70354,4.17355,5.10654,3.32287,4.83022,1.85209,4.71099
2.7285,4.23137,5.83981,2.43127,4.29824,4.92176,4.82325,2.33026,3.66261,4.43776
3.8466,3.286,2.77165,2.25089,3.87204,4.72898,3.5004,6.10724,4.78938,6.36761
2.79774,1.79597,4.2902,3.9408,3.64574,1.21755,4.13386,2.13271,5.14224,3.58898
2.87593,4.76763,4.74778,3.42471,3.84368,5.42836,4.3937,4.07635,4.35221,4.23175
3.23507,3.40881,4.76893,2.14738,5.1544,1.61176,3.49904,4.20799,2.40155,4.63671
3.20647,3.73519,4.53037,5.53824,4.80252,3.07863,2.37178,3.80358,6.22766,4.01147
2.49953,4.4383,4.0299,3.4451,4.25866,4.71042,5.29318,3.42974,4.32634,3.46606
2.93341,3.44644,3.47773,3.39947,4.70241,4.19168,4.7667,4.46509,1.81304,5.49132
4.98367,4.78538,4.1683,4.09479,3.16435,3.37993,4.01821,4.25425,3.87536,4.97143
3.2625,3.68885,4.03648,6.2267,3.34159,4.88089,2.32382,3.89619,2.53133,3.14447
6.23016,4.29849,4.20687,4.41883,4.53124,4.11827,3.84815,3.4879,1.83256,4.27116
5.50061,2.53672,2.70512,5.19303,3.77063,4.24591,3.254,3.9575,3.41324,3.49793
5.01003,4.83451,3.02675,5.51372,3.33343,4.31793,4.47112,2.61668,2.37519,4.277
4.672,2.99281,3.97175,5.70643,4.7168,2.73487,4.73564,4.4597,3.71789,6.46445
4.8247,2.72015,3.25761,2.47811,4.4432,4.88561,2.92113,2.20622,5.52198,5.81872
4.69072,4.05697,6.1102,1.40891,2.89791,1.87505,4.08549,4.43831,3.52489,4.76722
2.69226,3.59526,2.17829,2.85982,4.68999,5.06462,4.97621,4.30512,5.00369,3.91385
2.04389,5.29363,5.26639,3.4403,4.11247,5.18918,5.38454,2.90339,3.64355,2.92099
5.25171,5.69306,4.67606,5.85409,4.36187,3.23336,3.36253,4.80809,3.67737,3.38161
4.01838,3.08734,3.71637,4.42925,4.74177,3.62252,3.54535,2.24683,3.36652,5.62561
2.39658,5.17932,4.50715,4.42946,4.65605,4.27103,4.21457,4.16684,3.69976,3.65243
3.98615,5.03428,6.51636,3.75244,2.76134,2.30713,4.73229,3.04045,3.17983,4.53539
4.26485,1.65324,3.99838,4.00686,3.17116,3.96913,4.83567,5.42197,6.18831,3.49618
3.437,4.98621,3.33291,3.96133,3.1258,4.63347,3.76373,4.19523,4.87747,3.49428
4.13116,2.72363,3.30356,5.81729,3.42338,3.25378,3.67072,3.92537,5.02998,3.29881
4.3319,4.2419,4.26379,3.43255,3.20466,4.51036,3.18802,3.08892,4.3829,3.17843
2.89135,1.68598,3.058,5.27536,3.63749,4.51188,6.2667,4.78983,3.95318,2.84726
3.39505,3.27314,3.74621,3.03366,4.08833,2.85815,3.35323,3.20364,3.54431,5.14527
3.51712,3.78087,4.10334,2.93135,4.74704,3.82567,3.17618,3.99079,3.067,4.66452
2.80547,4.18542,2.34834,4.03756,3.39347,2.62198,4.55177,3.03967,4.44088,3.72675
3.42727,4.31064,3.96942,4.94469,4.51516,3.31285,3.64243,2.67475,3.55204,2.61312
5.25884,3.89549,5.09496,2.96675,3.2698,3.57791,6.13522,4.56107,3.97523,2.41297
3.84436,4.65826,4.0674,2.36193,3.36601,2.8301,2.12028,3.87439,4.37623,3.1534
4.8076,4.48506,3.61271,3.9538,2.41157,3.57898,5.11992,3.03211,4.26363,3.21187
3.98755,4.37607,3.60775,5.22029,5.76403,4.90304,4.7101,4.56351,3.10948,3.56502
6.51278,5.29702,3.40266,4.40341,2.34817,3.12748,3.2158,3.59195,2.6348,3.16767
2.66897,3.99358,3.9349,2.79443,5.60009,5.28758,2.62436,3.21264,4.1038,2.01542
2.75019,5.1322,4.89052,4.12194,3.34887,4.75694,5.18394,3.85251,0.773447,3.21653
4.58867,3.57206,4.2115,5.32599,2.54605,3.74878,3.64194,3.89496,4.29626,4.43012
3.28325,5.27563,5.46081,4.93614,4.06102,4.64446,4.27458,3.25434,2.28049,5.07422
1.60988,4.41621,2.98826,3.89539,0.768393,3.41412,4.80031,4.04988,3.84937,6.0865
3.62882,3.66067,3.23891,3.85866,3.51735,6.60645,5.06902,3.56424,6.28657,3.26291
3.02679,3.6241,4.08319,4.28945,4.49288,5.11293,5.12136,4.09603,4.19717,2.81528
5.85826,3.69237,5.09169,2.33042,3.29459,4.22021,3.46659,3.37524,3.36364,4.55007
2.79836,3.93473,4.49254,2.61454,4.31272,4.71077,3.79657,4.21953,4.87437,5.08304
3.83179,5.39888,5.27594,2.43923,3.33162,2.36541,2.69703,4.67136,4.57437,4.2045
3.78156,3.94133,4.15653,5.02332,4.349,4.06045,2.60015,4.958,3.76175,1.64779
2.34458,4.6203,3.72863,4.92077,4.05877,2.96918,1.32522,3.90085,3.72114,4.34928
5.18382,4.51334,3.33595,3.6767,2.48219,4.47365,4.43083,3.50927,4.50983,2.83788
2.35251,4.44668,5.95367,3.98306,4.27906,4.7096,4.9499,3.65897,4.50982,5.78633
4.14482,2.88571,4.05038,4.36661,4.64953,3.52933,4.63206,4.52951,2.63222,4.50227
3.79631,4.86911,2.97023,3.1819,4.04462,3.74095,3.62602,4.19051,5.60037,4.81423
2.99341,5.06608,4.12226,4.59163,3.44281,2.81859,3.39878,4.03727,4.42367,5.17968
5.76775,3.37848,4.20495,3.00672,3.75559,4.52123,4.65448,3.038,5.00288,4.41214
3.7773,2.98487,3.704,3.66832,2.22764,4.70401,4.87895,4.67071,5.22499,4.5266
4.93075,3.51116,3.28262,3.51552,2.05612,3.31064,3.8973,3.79133,4.50339,3.84203
6.57219,3.52104,2.62637,3.44257,2.32867,4.66173,4.83497,3.3019,4.24388,4.60194
4.57684,3.64522,3.59443,2.71827,3.18996,2.55013,4.11272,3.78787,4.43295,4.09125
4.89528,4.88597,4.08255,6.33979,4.62202,5.4253,4.22692,5.56273,4.36235,2.94712
3.67317,5.39805,5.09904,4.10784,5.83774,4.23231,2.9034,5.5775,3.87666,5.67946
2.78044,3.07067,2.73193,2.88955,5.99879,4.9361,4.863,3.971,4.44597,4.712
3.86608,3.23956,4.31616,3.80237,4.2471,4.11087,3.50404,4.42493,3.68653,3.93304
4.65088,4.44835,3.82954,3.85547,2.03574,4.57577,3.65838,5.33947,4.13185,2.48251
3.45762,5.27391,3.76517,3.15831,2.00844,3.64126,2.19046,4.71912,2.47392,4.67256
4.51863,3.39536,4.15462,3.8382,1.98976,2.70253,3.60861,2.13739,4.11357,4.5693
4.4685,4.33063,2.14455,2.9353,3.91877,3.5958,4.39408,3.88307,3.5098,3.09787
3.6436,4.39807,4.96567,2.83604,3.50974,3.82206,5.72362,4.84002,3.17356,3.59113
4.40748,4.08512,5.48717,4.78012,3.98631,3.89539,5.40297,5.44116,3.35289,3.13696
3.78213,1.72422,3.65821,4.50605,2.90454,4.4972,4.85975,4.43377,5.45387,4.65386
3.89212,5.3398,5.44969,3.51881,3.49515,3.77077,3.74036,4.01509,3.01049,2.75415
4.32785,5.57929,3.63959,4.75786,4.89231,5.20099,3.64665,3.31134,4.52689,3.89841
3.71742,3.47177,1.75428,3.53474,5.11908,4.45788,4.07985,4.3164,4.54693,4.20337
4.64877,4.17961,2.76591,3.23328,5.53727,4.0522,2.76641,3.52227,6.51432,4.9298
5.81488,3.03697,5.63681,3.66492,5.89025,1.98866,3.47627,4.8151,3.42248,4.38391
4.98227,1.5551,4.14381,2.62439,4.2215,3.60489,4.27619,4.5745,5.7879,3.89507
3.35142,3.24222,4.45605,3.10206,4.81658,2.22144,4.33805,3.77418,2.45423,5.47816
3.96594,4.71678,4.91024,3.6513,4.03056,3.62983,4.07052,4.11555,3.60582,5.70278
2.83558,3.27513,3.75959,4.36774,3.4354,4.24342,2.88983,3.6069,3.65342,5.43287
3.66926,4.0826,5.67736,3.57341,3.21023,3.24186,3.97506,3.06745,4.25157,3.52628
5.01382,3.86714,3.10804,3.61917,2.75682,2.85074,3.81576,4.96581,4.44157,4.82593
5.67325,0.925477,2.66067,2.47947,4.16055,5.30785,4.10765,3.4173,5.6982,2.3353
4.59871,5.37188,4.87138,4.55864,4.26663,4.52641,3.6284,4.36333,3.68841,3.62583
4.11826,5.0083,3.24024,4.18104,3.10522,5.41788,4.06888,4.6166,4.96716,1.94335
2.96044,5.61399,3.78903,4.59258,3.12889,2.79114,4.3337,3.14426,6.27701,4.46656
5.00877,5.45247,4.40639,4.19768,3.40239,2.30443,4.00821,3.90695,4.66884,3.33771
2.90684,4.92605,5.36565,4.71534,4.33843,3.77464,4.66394,3.81751,3.87917,2.88843
3.85017,4.15288,4.54452,3.88373,4.37091,3.46055,4.06391,4.25432,4.02982,5.18005
3.93134,3.1546,3.06496,4.30784,4.00928,2.28927,4.4636,4.11391,5.00965,4.89637
4.54982,4.12499,2.98957,3.56379,5.10986,4.77734,3.7964,4.51053,2.86094,2.82734
5.34594,4.54856,6.04817,4.92059,4.94642,3.93146,3.13849,2.59383,2.01246,4.58222
3.49533,4.56436,4.53929,5.18635,4.45533,5.18246,4.80442,4.99499,4.3165,3.50121
5.06436,3.93869,5.90936,5.02044,3.24468,5.01677,6.11339,5.15213,4.49796,2.94244
3.69447,4.18225,4.25323,4.54261,4.08625,3.90531,6.0869,2.68621,4.64989,3.45173
4.72882,3.17052,4.12815,3.46765,4.56095,4.39937,4.95186,3.70904,2.79937,4.5939
5.59552,2.97724,3.34441,2.56787,4.53281,4.01913,2.34662,3.42239,4.92233,4.73317
2.95073,3.18097,1.572,2.69735,2.13571,2.50346,1.69344,3.67186,2.65279,2.48485
5.14801,5.79387,3.48231,4.92383,3.95229,3.21915,4.22235,3.18166,3.86962,1.29833
5.99234,5.94442,3.11102,4.0446,4.79835,4.06273,5.4814,5.76013,3.91141,4.01207
4.92072,4.47939,5.21092,5.28446,3.13528,4.58565,2.61201,3.11279,5.61903,3.15179
4.00352,6.11669,5.05727,4.25947,5.79788,4.16262,3.33639,3.9387,4.2631,4.6921
4.40418,4.75385,6.39744,5.32997,2.82645,4.27744,4.91451,3.52369,3.38054,4.24606
3.6341,4.96094,3.2251,3.57086,3.0323,4.33026,5.92797,2.76332,4.21652,2.18413
4.77589,3.15987,4.9185,4.49604,5.6629,2.90099,4.48759,4.13541,2.72636,5.0609
5.75595,5.12223,5.31461,3.62531,2.45243,4.28959,4.70136,2.95162,3.16676,3.30847
2.79554,4.06524,4.34906,5.201,4.11617,2.99996,3.20493,2.2843,2.80998,3.26878
4.4991,3.79401,4.06605,6.5586,4.30899,5.34046,3.6267,5.28242,3.96619,4.56486
4.43003,2.64547,4.39439,3.24312,5.72105,4.48572,5.48858,4.16861,4.6962,3.37908
4.33734,2.47164,4.27088,5.35788,4.93861,2.37917,2.42457,5.01453,3.81048,5.22069
4.43023,5.22862,4.71407,4.86703,4.50493,4.43643,3.48172,4.75256,4.68758,3.16996
4.22023,2.46833,4.07875,5.66571,3.59468,4.60055,3.47229,3.19118,4.23922,4.05156
5.57625,3.63242,4.768,3.07775,2.35216,3.84491,4.90242,4.778,4.37607,3.72584
3.0043,3.26127,5.27525,4.73367,4.48838,3.7265,5.93482,4.57836,4.95508,4.83473
3.67432,4.10049,4.67077,4.0716,3.4812,5.26601,3.95295,3.72235,5.07887,3.79591
4.84966,4.31888,3.26584,3.86573,5.08586,3.57117,4.85568,5.74981,2.92722,3.70813
4.9713,5.50851,3.26462,5.28591,4.61973,5.46322,3.05521,4.49548,2.36867,2.3734
3.11439,4.77832,3.15644,2.81295,4.79781,5.17093,4.33005,4.26851,4.37613,4.95422
4.13686,5.22947,4.1557,1.70101,3.98199,4.21527,3.95862,4.3356,2.95881,2.63609
2.87452,4.93399,4.69394,3.76146,4.26271,5.48784,2.6158,3.88874,4.44963,3.64541
3.06745,3.54299,2.86823,3.37455,4.79301,5.29064,3.13834,3.69975,3.49459,4.54475
2.59632,2.36078,4.67375,4.75959,2.2405,5.9773,3.61953,2.53101,3.18806,3.40004
3.28657,3.96655,4.14941,4.62113,3.44766,3.92516,2.61557,4.05248,3.76567,4.80726
4.78735,2.84361,3.41547,2.64102,2.3662,5.42593,5.41876,3.89014,4.36689,2.88582
3.34229,4.89987,4.64491,4.7622,4.5187,2.83893,3.98407,2.79477,4.65817,4.16348
4.35682,2.99349,3.11034,2.1958,4.46213,5.79073,3.96187,3.16304,3.08585,3.87323
4.18204,2.9941,4.66063,3.97321,3.34256,3.75882,5.48589,2.9999,5.26615,4.59472
3.38698,4.39625,3.66368,4.93303,4.20298,4.59111,4.09938,3.40703,4.73197,3.55354
3.47419,4.75375,5.94823,3.34556,4.62732,4.51626,3.55711,5.14335,5.30914,4.54795
4.14295,4.92959,4.90939,4.42899,3.2692,2.77634,1.93376,2.09668,4.16296,4.36891
3.64896,4.63749,4.2936,3.63188,4.95578,3.18151,5.31123,4.0548,5.98009,4.19305
5.12317,3.76765,5.75119,2.7544,4.34274,4.32736,5.05419,2.7434,3.21914,3.96873
3.05409,2.92013,3.59745,4.5659,4.64835,4.34926,3.84811,4.48396,3.06403,5.35024
4.01855,3.58829,4.1022,4.53944,4.86134,5.05415,2.32013,2.19612,4.83732,3.26762
3.79513,4.43342,3.59854,4.12761,3.79014,3.63542,3.59293,3.62461,4.9769,3.88802
4.17237,4.6189,2.91078,4.90582,3.61269,4.50638,4.18187,4.09688,5.37587,3.83041
3.71269,3.28827,5.20735,2.23408,4.34008,4.74564,3.7984,4.23913,2.64141,3.05365
4.25514,3.99707,4.67786,2.92777,5.06587,5.38913,3.86767,4.58434,3.99447,3.84403
4.49504,4.54777,3.79251,3.79288,2.56627,4.778,6.12089,5.69179,4.08107,3.39212
4.85849,4.31396,2.18157,5.3132,4.76094,3.12561,4.94193,2.96132,4.56292,5.08157
3.04943,5.46408,3.63366,4.08209,3.67657,3.79679,4.16984,2.73161,4.86546,6.14976
4.6809,4.19524,4.67842,4.38304,3.04211,5.14552,4.15921,3.25953,3.01542,4.90651
5.39967,4.92342,2.79017,5.46354,3.73262,4.70734,3.79572,4.46565,4.1236,3.39019
4.35434,4.21656,4.34401,5.2939,4.18105,5.1818,5.67134,5.9273,3.72209,5.14507
5.99477,4.57357,5.2627,4.16121,4.85202,4.16835,3.51553,5.02466,4.2604,3.2251
5.25956,4.16936,4.70476,2.1896,2.91009,3.09381,2.98904,2.40613,3.17386,4.57704
3.59357,4.30286,4.54367,3.66063,3.78285,3.783,3.46556,3.73991,3.17467,2.95371
5.20122,6.26983,2.61792,3.28435,5.22732,3.83821,5.04462,2.27977,4.18496,2.98527
4.02356,4.226,5.30144,4.269,3.68755,4.29209,5.74723,5.1401,4.32258,4.18269
4.02101,4.92572,4.69,4.94069,5.9329,3.10595,2.64694,3.43558,3.66796,4.24465
3.56726,4.09069,2.51197,3.45805,2.73108,3.4846,4.10165,2.45675,5.45042,5.48373
5.52584,4.1379,3.47288,4.48742,4.17216,2.87332,4.68122,4.22269,2.03287,3.80825
3.45424,3.51252,4.45785,4.23047,4.50748,4.96168,4.62396,4.27175,4.2577,3.29028
4.37858,4.63662,7.47345,4.2576,2.44428,3.48211,4.81145,5.84253,4.75,5.38165
2.19628,3.5459,2.18475,4.59344,2.57476,1.77946,1.90955,3.97595,4.78914,3.21071
3.01088,4.86473,2.0256,4.73881,6.03551,3.45128,4.0955,3.27843,3.5019,2.12762
5.02922,5.15772,4.76633,4.36538,3.63394,4.73636,4.09253,3.02423,1.72982,4.80371
4.1314,5.67506,3.48237,3.50944,5.94264,1.5598,3.24607,3.38951,3.74066,4.62633
2.80993,3.84319,3.68449,5.1868,2.82774,4.98606,3.56858,5.02819,4.72174,3.4814
4.76726,3.74471,2.72363,1.83879,5.49868,3.45981,5.21191,3.8162,4.11018,2.99546
3.13202,2.5715,4.38097,4.60638,4.29692,4.5642,3.75092,4.78671,5.7143,2.50863
4.50851,3.47872,4.12579,2.8333,4.85062,2.74399,4.04389,4.39478,3.67862,2.24139
4.42453,3.78357,3.58743,4.40491,2.97617,2.66888,3.07691,2.75837,4.73527,1.61798
4.12455,4.42215,4.14392,4.57959,2.98084,4.60712,4.1628,3.16699,4.34591,5.13827
3.91549,3.33865,2.86964,4.45209,5.30277,2.7991,5.43353,4.58444,3.45908,5.04164
3.38886,0.890117,2.7936,5.219,2.97787,4.56148,4.3916,3.90184,3.81172,4.34256
2.60946,5.73782,4.02253,4.43907,4.04027,3.58211,3.57501,4.34512,5.15537,3.92927
5.29569,4.40544,4.03645,3.73112,4.56671,4.36228,5.51113,3.33619,3.34373,3.19927
3.85032,3.90183,4.04613,3.11041,4.86841,3.09331,4.57785,4.59934,4.5041,4.25508
4.08994,3.86812,4.8161,3.50443,4.71154,4.91339,3.95407,4.22982,5.78269,3.33885
5.16852,4.67595,3.98626,3.18234,4.45322,3.8153,4.1518,2.9681,2.96442,2.90132
5.21295,2.07533,4.74206,4.15087,4.97273,4.24136,4.99949,3.91462,3.86644,3.42945
4.79872,5.47226,4.0135,1.64225,2.99939,5.64754,4.47407,3.98257,4.10829,4.43652
4.05464,2.35179,3.87967,5.49581,3.30186,4.30391,5.109,4.51428,2.51505,5.29191
3.37566,3.43734,4.973,4.02674,3.67303,4.13826,2.73132,4.82486,4.55349,4.11556
2.31972,4.05867,5.062,4.36077,3.41546,2.24156,2.14933,4.76214,3.64923,2.06146
3.83504,4.83833,2.68506,2.71835,4.13447,3.29018,4.15068,4.52687,4.1326,2.98219
2.4706,3.592,4.52156,4.28904,4.24671,4.72779,4.03565,3.77061,2.95691,4.13918
5.7752,3.45665,3.3215,4.02214,3.78148,4.14575,1.70043,4.17264,5.4678,2.42103
3.52253,4.46258,4.59883,3.54075,4.30557,5.63205,6.11109,4.06242,4.29529,4.71264
4.638,4.55083,5.09322,3.73159,3.38742,6.28257,4.48078,3.50365,5.12386,3.2255
4.6996,5.26343,4.34969,4.14397,4.9467,5.60865,4.99274,1.87942,3.71223,3.02835
2.91476,3.83521,4.21974,3.91035,4.51117,4.13868,6.30278,2.02154,5.34627,4.36853
4.28385,3.85938,4.37792,3.26307,4.01154,4.2038,4.48164,5.58933,4.64322,5.74519
3.86723,4.21775,5.32578,2.41508,3.56387,2.93394,5.27897,3.4453,3.89053,3.8637
2.93658,4.34195,2.89597,4.28443,4.54742,6.2846,4.52574,4.11881,3.18266,5.60003
5.93611,3.52611,2.95517,3.11648,4.40621,3.43951,5.13249,5.41586,4.74476,4.55726
4.17526,3.02242,3.82271,2.60639,3.51388,3.72015,3.86139,5.48524,3.08001,2.8454
4.3476,5.04573,4.01059,4.13908,7.1591,4.23573,3.89231,3.60311,3.8527,3.35531
3.24024,2.72211,3.21994,3.2489,3.12695,3.62294,3.35829,4.97966,3.42677,2.97891
3.74893,4.2624,3.70837,3.76543,2.4226,2.89169,1.89242,3.62277,3.4901,2.95783
2.69012,4.71219,3.95451,4.28263,4.82957,4.18144,2.46073,3.53778,5.57099,3.63254
4.12917,3.95123,4.13492,4.63235,3.75377,4.03454,5.34131,3.27893,4.1669,4.53266
2.46598,5.48827,3.6776,3.07595,1.40462,4.39404,3.18498,4.82005,3.56947,6.11146
3.0661,4.80099,5.31932,2.4663,2.26925,4.24877,2.98542,4.49169,4.34904,4.23358
4.41849,3.14214,5.30226,3.15822,4.15047,3.65943,5.51419,5.75694,3.69178,2.04167
3.95269,4.06948,3.48083,4.88135,4.71565,3.40461,3.90704,3.66825,5.00052,4.77902
3.19535,5.22157,3.84031,4.06639,5.61857,4.08813,4.25555,4.52354,3.07617,2.46061
3.08639,4.1062,6.21783,4.90855,4.3956,4.46485,1.67,3.08433,4.64063,2.92653
5.3489,4.83697,4.22364,5.5733,3.05068,5.18521,4.22265,5.1855,4.61557,4.94735
3.96452,2.64265,5.70881,4.40106,2.1481,4.61102,3.64805,4.80576,5.65733,4.03987
4.06447,3.39609,3.25766,2.76235,5.20746,3.72297,3.27723,5.63951,2.60808,3.95939
4.78609,3.96707,3.9157,3.85616,3.34303,3.67819,4.66096,5.94559,2.17335,3.27447
4.55701,4.41622,3.31564,4.72658,3.51889,4.60521,4.38699,3.40805,3.87109,3.88129
5.17086,3.26412,3.65621,4.19839,4.60399,2.51593,1.81061,4.53996,2.93913,3.6704
4.5324,3.24145,3.68222,3.74662,4.03025,4.30844,5.1979,3.70225,4.6965,3.25434
2.15234,2.95556,3.92615,3.45829,4.77573,2.81622,4.3418,3.14795,4.41398,3.92628
3.57047,4.0491,3.946,4.32759,4.81416,4.18874,3.49952,3.11408,4.36808,5.74117
4.21038,4.99924,2.45378,2.99987,2.63311,3.86506,2.50589,4.12217,2.59078,4.20563
5.63405,3.81805,3.95821,4.42441,2.9896,4.87499,3.74904,3.11088,3.96206,4.20501
3.47186,2.82928,5.54551,5.17206,4.56425,2.30823,5.29285,5.02146,3.78246,3.17812
2.98716,6.69093,5.8905,2.86601,4.10554,5.93274,5.0972,4.81794,2.16932,4.13216
1.95934,3.58014,3.91853,5.07632,4.19955,5.4642,5.55916,4.82884,4.88634,3.76344
1.11846,3.47437,3.25257,4.71923,2.16967,1.71041,2.13533,3.29346,4.68437,3.15119
3.14374,3.28745,4.60539,5.02014,2.74779,2.48863,3.60841,4.01165,5.71853,0.494706
2.82514,3.53481,4.72163,2.96914,3.45836,2.42217,4.45641,3.64885,3.51978,5.58996
2.72033,4.56314,3.88779,4.17425,4.39427,4.01247,5.54522,4.43393,3.59951,4.81136
4.94848,1.91971,1.78001,4.02793,4.68376,4.921,4.42785,5.26734,2.10441,6.92021
4.3043,4.81236,2.22026,4.28345,5.31976,4.2009,5.64443,4.54709,3.71394,2.75822
4.40166,4.10496,3.90093,4.09428,2.49537,4.37783,4.94493,4.86016,2.52425,3.98873
5.06486,4.13079,4.35655,3.81074,3.72849,3.85724,5.37247,2.71265,3.14015,2.93219
4.03049,3.30623,3.58922,5.08101,4.47966,5.16258,4.43093,4.31558,5.60058,3.77775
2.39303,3.89077,3.14648,3.42198,3.86553,4.24477,1.97385,4.34496,4.29896,5.00562
3.59806,1.54128,3.84721,3.13845,3.45124,2.30844,3.67812,5.48913,3.68832,3.94429
2.77441,3.64702,4.46411,3.53609,2.36165,3.66992,3.49513,4.36541,5.6596,4.24875
3.41115,5.19278,4.67806,4.86079,3.28678,1.67581,4.15025,3.29371,6.56643,4.83619
5.18247,3.56124,5.88757,3.72924,3.53171,5.17818,2.49706,4.71605,3.31906,2.93664
4.89249,5.8057,3.48516,3.68999,4.12112,3.98351,3.98638,3.46822,3.91105,2.52075
4.21079,4.37968,4.90048,4.55866,4.90501,3.89156,4.03114,3.45025,3.26262,4.36256
4.54344,3.93836,3.90296,3.31735,5.23924,4.008,4.59691,3.8714,3.29297,5.05666
4.45325,3.38145,3.70076,3.54153,5.64193,4.12772,5.02441,4.14496,3.69836,3.9594
4.91546,4.38087,2.25704,4.38729,3.08708,4.27851,4.76423,5.09157,5.17957,2.16818
4.17945,4.58416,5.23198,2.62871,4.1648,3.67541,3.75986,3.2673,3.93245,4.81688
2.95709,3.03939,3.52628,1.51123,5.73962,4.13013,4.58184,5.30719,1.24049,2.81335
3.45817,4.69301,3.58004,2.67764,5.06425,3.95727,3.9011,2.85498,4.86073,4.07722
5.90877,3.7989,2.72272,3.04808,5.13274,5.52066,4.68392,6.18042,3.92216,4.59805
5.52418,4.66748,3.44462,7.15608,4.44228,3.92989,2.88839,3.45909,3.30578,2.87375
3.75486,3.46252,2.82166,4.45314,4.92396,2.85537,3.45695,4.12673,5.30392,4.08171
4.92352,3.90776,3.03099,5.82116,5.04359,4.5165,6.08735,2.40092,2.3823,3.88534
3.73843,3.60653,5.53595,4.93103,2.52269,2.5064,5.88069,3.81081,3.54922,4.72024
3.84233,4.39484,4.95441,3.07698,4.53966,4.60559,3.0559,4.41391,2.48126,3.59768
4.95302,4.05577,2.2446,5.36792,4.82025,5.32743,4.41985,3.58035,4.33476,4.4524
2.80766,3.98458,4.45734,4.44313,4.18406,4.95291,4.72902,3.39227,3.61818,4.34635
2.65012,4.67105,3.16623,3.21298,4.21694,3.27449,4.0982,4.45095,3.11496,2.67535
3.87937,4.15201,3.71011,3.52458,4.08801,2.54859,3.43293,3.93768,3.55172,4.62228
4.10633,5.02032,4.09599,2.70586,5.76754,3.21217,4.4851,3.78645,5.48695,4.57663
4.77421,3.22043,4.36822,4.76039,4.54365,5.56803,3.01925,5.34249,3.30689,3.51056
3.79429,5.65867,3.21922,6.04676,4.22193,3.21576,5.40883,3.19991,3.62166,2.72466
4.03105,2.41156,3.58173,4.87472,4.80857,2.9416,3.66125,5.12902,5.13267,4.57482
4.83508,2.62109,3.91499,4.54808,3.29986,3.71944,5.66055,2.69782,5.39934,2.88014
4.81304,3.7734,2.73174,4.33386,2.51859,3.63336,3.69091,3.5892,5.10858,3.79924
4.332,3.27993,2.14104,4.18054,4.77066,3.54825,4.31213,2.89842,4.33007,4.81887
4.9419,2.89125,3.96937,3.71333,4.35314,5.16472,3.04905,5.08092,3.70744,3.13451
5.20209,3.58243,5.16657,4.97785,2.87252,3.10698,4.48635,5.22043,4.95187,3.64101
3.17414,4.64918,4.39889,3.80771,3.52817,5.05218,3.23346,3.72,5.24125,4.23688
2.29874,4.91766,4.93681,3.44558,4.42778,4.49305,4.85907,3.73302,5.50434,4.60668
5.97235,3.75724,5.28649,3.71114,3.20589,4.96844,3.43558,4.28731,3.92815,3.6474
3.31449,4.02032,3.64962,3.3607,4.56196,2.07015,3.86985,2.74728,4.65744,3.54763
2.27281,3.54926,4.34177,4.3666,2.81525,3.29951,4.00958,2.05611,3.52514,5.34891
3.86369,4.97368,4.05028,4.05208,4.00276,3.82998,4.09545,3.15598,5.8456,5.44018
4.47565,4.95779,4.37818,4.36997,4.4115,3.55752,4.38459,3.43059,4.02356,4.10818
5.00145,2.86101,4.50171,3.07762,4.90199,4.41979,3.56275,4.32745,5.31062,3.99992
4.89357,3.08929,3.84729,4.77411,4.83289,4.16787,3.24386,4.75705,3.73446,3.8268
4.95143,4.88804,3.14663,4.91714,2.8867,3.45896,4.00906,3.85515,4.18283,3.08193
2.25727,4.26307,3.27078,4.12214,4.96478,4.31881,1.52634,3.99118,6.36502,5.02152
4.25765,5.20465,4.82743,3.70475,5.98353,3.92365,3.94466,3.73944,3.3419,3.37696
5.23049,4.00864,2.70255,2.51118,3.79129,3.4126,3.54181,3.46743,2.8162,3.18686
2.78689,5.05526,3.44108,4.12584,4.92962,3.88788,2.32254,4.62457,3.4463,3.88527
4.57448,3.0224,4.34479,4.88646,4.00797,3.20661,3.94279,5.8111,4.28162,4.57688
4.08386,3.95405,5.31237,4.69025,3.64085,1.45091,5.33599,4.5651,5.58907,3.12945
4.96249,3.84349,3.8384,4.14188,3.59712,2.69042,4.999,5.94561,3.2574,2.85871
4.56224,4.06715,3.84068,4.86418,4.60412,3.91313,4.04662,3.21308,3.13349,4.25353
4.52674,2.61572,4.686,5.76726,3.28834,4.95043,3.57367,3.90754,3.21786,5.69929
3.50759,4.83781,6.28698,2.95964,4.02403,2.40415,5.1335,3.58854,3.57308,4.86227
4.55386,4.38631,5.0521,5.81918,6.2546,3.88458,3.36599,3.11033,3.11663,2.57813
3.64234,3.96468,4.61168,3.45249,2.09785,4.99586,5.06134,4.86618,3.59245,4.65775
3.49687,4.43937,5.62205,3.35179,3.27367,3.19549,4.56327,3.75945,5.10216,3.74637
3.98506,3.80356,4.92994,3.54841,4.52314,2.25804,4.30567,4.11866,4.07884,2.60209
4.63483,3.41237,3.38461,3.52767,4.92115,3.11051,4.468,4.4316,3.83435,3.1358
4.36483,5.6121,3.82539,4.19412,4.26476,3.92394,5.31218,2.88074,4.40316,4.41642
2.92792,3.3835,3.95058,4.094,2.92492,4.25525,2.8717,2.71871,4.20257,5.1695
2.76659,4.31217,3.56529,4.05004,2.26,4.08641,4.22336,4.547,5.04671,3.7623
3.47595,3.61069,2.75838,4.24091,4.32435,3.50881,4.13237,4.32912,6.25519,3.39952
4.00095,3.15377,3.75096,5.10549,4.97323,3.18352,2.37366,3.97274,4.35057,5.6456
4.71103,3.5248,3.53521,4.23449,3.44632,1.92485,2.7626,3.58531,2.1877,3.16778
5.59957,4.7874,4.17147,4.46421,3.37555,2.51047,3.57108,4.90999,1.69386,3.94556
4.58539,4.45133,3.55531,2.72496,4.11454,3.21736,4.07882,4.7872,4.20798,3.66143
3.45257,0.596977,2.19566,3.88749,3.90466,5.48004,4.01835,4.37976,3.72104,2.69272
4.07442,4.17354,4.55201,4.87582,6.26051,5.02799,2.89952,3.73157,4.45405,4.87773
5.14713,4.12468,3.41591,3.91942,5.30391,2.1491,5.33162,2.32919,4.40716,4.15472
3.26239,3.97269,3.89329,3.69503,5.97309,2.02905,3.126,2.00313,3.40184,4.08002
4.59671,4.06209,4.08275,4.36893,4.34189,4.89741,3.82726,3.41849,5.21578,3.97909
3.03946,5.14102,5.90349,4.79385,4.70034,4.32626,5.0686,6.72583,3.85313,4.29304
3.82512,2.97974,4.77295,4.23337,5.3907,5.26382,3.16926,4.92246,2.11297,3.42832
4.78762,5.41013,3.41417,3.32821,4.21354,5.96409,3.83265,3.69178,4.12251,5.16845
5.10941,4.42659,3.44875,4.12361,3.30764,1.89902,4.43518,2.77334,4.09986,3.9802
4.47797,4.41254,3.10471,4.83136,4.74604,3.25339,4.54564,6.15771,4.1275,3.97905
2.55369,3.94099,4.65965,5.62075,5.74233,4.81529,3.86826,4.16721,4.01902,3.70474
3.64497,3.28671,3.18047,3.97396,4.14012,5.18578,5.46916,4.58018,4.17045,4.3883
3.17895,3.44563,3.33899,4.09312,4.01467,2.9394,3.12497,3.03008,3.41388,4.9481
4.52811,4.72084,2.61198,3.72686,2.27923,2.74712,3.84747,4.6354,2.46029,4.43653
4.47028,5.4156,3.86611,3.05321,3.64861,3.49995,4.64684,5.67609,3.93348,4.15099
4.4128,4.37997,4.0832,4.33902,3.47502,4.19104,3.76353,5.6037,2.89746,3.33128
3.79463,5.53081,2.66416,5.45204,4.1863,3.73331,4.96312,3.21764,3.62498,4.44357
6.4673,4.77308,3.48944,4.36982,6.27396,3.59669,2.46756,3.31173,4.48807,5.77118
4.76647,4.61189,4.10959,3.57077,5.60159,4.32213,1.89136,4.63306,2.38,5.15827
3.31906,3.43328,3.35627,4.0517,3.18217,4.67814,4.53684,3.94992,5.49888,3.62527
4.36116,2.50453,4.41987,3.7382,3.66419,4.87272,3.69155,5.37809,1.42116,3.89896
4.66728,3.46069,4.14586,5.0641,3.44027,3.50919,3.46404,4.86094,4.64744,6.03194
4.39751,3.3186,3.27643,2.74091,3.03473,5.26303,4.45852,4.18997,5.5429,3.7879
3.90772,4.39912,3.18865,1.31076,4.96776,2.85431,3.34103,5.06402,2.94892,2.94905
2.56025,4.08491,6.38085,2.95043,1.84621,4.40142,3.10637,3.68433,4.42044,4.19457
4.02921,4.51974,4.01524,3.65236,3.65771,4.2651,3.67252,2.96735,5.43739,4.0853
5.56573,4.40944,3.66817,4.96721,3.97337,5.15898,3.55964,3.71255,2.25261,3.31588
4.11385,3.03817,4.33641,3.91144,5.2985,4.28073,5.60063,4.74516,3.62645,3.24823
5.41243,4.50958,4.36664,4.27472,5.2403,7.57158,4.65248,5.06423,3.02019,3.6068
3.76207,4.86204,2.61793,2.47917,3.60411,5.5163,2.57566,6.04588,5.9512,3.67099
2.55647,5.20867,3.88021,4.3513,4.67117,4.45446,4.72569,4.33471,4.23307,4.8688
3.75699,4.85057,3.35561,3.97724,4.0693,4.6155,4.87104,3.09455,3.61437,3.60814
5.13421,6.57188,5.20555,4.51259,4.77289,4.13655,2.39122,4.12812,4.0216,2.63481
4.71367,3.71945,4.70612,4.41106,2.01275,6.05649,3.06419,3.20191,2.95597,3.76687
3.33129,2.70508,4.20299,3.59438,6.66408,4.41631,4.37636,3.67618,4.8004,3.96634
3.76995,2.6611,4.95939,5.74726,4.4534,3.63235,4.30729,4.95604,3.485,5.54853
5.57149,3.4476,3.98884,3.9714,3.06325,3.27746,5.82559,5.21451,3.54702,4.79419
4.07342,3.96603,3.2932,3.15295,3.55652,3.34504,4.45939,3.55103,4.26175,3.51264
4.35479,4.18237,4.29111,3.10051,4.6403,4.48418,5.74939,4.02587,3.17579,3.78701
1.27781,4.29651,0.44591,2.74935,4.12005,3.52544,3.85242,3.80825,4.70164,3.22671
5.09434,3.30968,5.39839,5.01557,4.57155,4.3623,3.64708,3.91691,7.19045,3.60733
4.70359,5.40628,5.35757,2.78671,3.91498,4.04347,3.30641,3.61147,5.5831,3.60008
1.87744,7.39752,4.50261,3.58509,4.45471,4.4972,3.66067,2.99221,4.35378,5.46474
3.8195,2.6429,4.36094,3.45527,4.11192,6.28696,3.99987,5.42028,4.34142,4.17717
4.36147,6.01458,3.60291,5.44252,3.20437,4.05414,4.23846,3.70147,3.38574,5.88388
2.92579,4.91999,2.37032,2.35988,3.83884,2.7653,2.96237,4.48258,4.68574,4.77077
4.06051,3.32768,4.2296,3.54586,5.41607,3.98211,3.40934,4.4189,4.33913,4.12519
3.40105,2.66291,4.82742,4.14302,3.00855,4.64151,4.12812,3.89989,3.73883,3.90928
4.83976,3.70203,3.07222,5.64096,4.93508,3.20151,1.53492,5.07063,3.13355,3.44666
4.74964,6.16205,3.78029,4.7065,4.99297,4.39624,4.33892,3.82197,4.73228,3.73592
4.77955,4.00866,3.14193,3.71071,3.0456,3.97272,3.57795,2.90889,4.08053,3.52009
4.37296,3.51239,3.93495,4.6791,5.25679,4.09188,4.28598,4.04484,4.59901,4.18763
4.53552,5.05881,4.11299,4.50524,4.37222,2.95,2.73624,4.01561,3.55935,4.08377
4.62977,3.5368,3.903,4.89006,4.87208,4.0828,4.47257,3.85373,2.6003,3.86031
6.18437,5.31523,3.45782,4.14248,5.54332,4.97133,4.27103,4.40895,3.93182,3.1537
6.21409,4.4357,1.15213,3.88374,3.28825,4.83897,3.34612,3.68265,4.24397,4.41272
4.32282,4.97236,4.93632,2.69723,3.82243,3.51874,3.24719,3.57099,4.99004,3.91443
5.90528,3.65722,3.12028,5.37288,4.31578,4.48632,3.89547,4.66006,3.00717,6.16483
4.09082,4.73696,4.57412,2.6703,3.72332,2.42645,3.72546,3.46049,3.25954,4.49962
5.27905,3.31699,4.7574,4.72123,4.14427,3.42614,2.31614,2.82196,3.96074,3.88536
3.05097,4.8222,2.31491,4.3378,3.36755,2.05454,3.81545,4.16451,2.73443,2.12437
3.49578,3.85473,4.13489,3.88231,4.51996,3.40146,3.80288,3.08416,6.2623,5.37558
5.57909,3.75352,4.65403,3.03525,2.99937,3.59802,4.5229,2.91361,5.16817,4.24515
3.09715,3.59861,3.97949,3.64455,4.32474,5.4495,4.26209,5.62137,4.81137,5.5737
3.84462,5.8204,2.48318,4.02329,4.78927,4.01438,3.2174,4.70613,2.23006,3.82062
4.08224,3.40849,4.53633,4.82044,3.46859,4.01354,3.34864,4.22114,4.24164,3.082
4.28386,3.41263,3.10224,3.74575,5.02964,4.24837,4.90224,4.00255,3.55324,3.10443
3.72026,3.89829,4.23765,3.04037,3.11929,5.32053,5.28814,3.78902,3.76676,2.84668
4.93779,3.53189,2.84966,5.1398,4.22451,3.93513,3.59461,4.56768,3.92311,3.71019
5.38103,4.36099,3.75819,4.00251,5.27752,5.35724,5.62255,5.44189,4.98384,5.78475
4.5983,3.513,3.41118,3.37777,6.42323,2.59343,4.4173,4.87688,2.74961,4.27627
4.72378,4.41918,5.19278,3.75231,5.40398,3.73567,6.25896,4.25298,2.74618,3.81299
3.83001,3.24548,3.98887,2.76261,3.06785,3.70816,5.79676,4.8439,2.89946,4.78071
3.85241,4.99006,4.12219,3.41436,4.52424,2.95514,3.19671,4.93682,2.48791,4.93802
4.32954,3.38138,3.55912,3.80861,4.12145,4.03768,2.56143,4.64272,2.41029,2.66248
5.98902,5.69558,2.48251,4.12048,3.49918,3.0579,3.3177,4.91277,3.69694,2.77739
4.43298,4.7215,4.64885,4.56078,3.90306,4.6804,4.90879,4.08722,3.37004,1.85952
2.8001,4.76902,5.15983,3.05084,4.07377,4.84911,3.64474,4.01056,4.23464,2.95896
5.5,3.29888,1.11399,2.8624,4.90426,0.890481,3.2611,2.77928,6.17638,4.07512
3.16326,3.95786,6.33676,6.17808,4.63723,5.11429,2.87306,3.43782,5.18906,4.39966
3.0773,5.2688,2.11025,3.3421,4.03029,3.96688,4.03218,3.5687,3.47409,4.01194
4.52763,5.1086,3.272,2.85018,6.31752,3.78285,4.012,5.82667,3.42783,3.41067
3.37535,5.08491,4.15766,5.23615,4.55765,5.62006,4.3063,2.61899,3.22877,2.90475
2.74438,5.468,4.28787,3.5426,4.98917,3.44265,4.27554,4.2923,2.31894,4.40712
3.0478,4.22133,2.91596,4.47634,3.92913,2.76677,2.70117,4.4034,4.03056,2.86827
2.9987,3.5956,3.50095,4.65805,3.64474,4.92179,2.11923,3.59639,2.69723,5.63891
3.42714,4.18976,3.97118,4.29868,4.19543,5.53531,3.40423,5.44891,4.08768,3.98871
4.34856,3.77598,4.366,3.8916,4.5037,3.40446,4.57856,3.55189,4.34823,3.14109
3.78192,4.31826,5.34153,4.84706,4.41396,4.5559,4.60794,3.30051,4.30216,3.92668
2.91741,4.11297,6.03016,4.45058,2.69799,4.61954,4.66878,2.81293,5.43007,3.39168
