10
4.11993,4.13192,4.35204,5.00839,4.85984,5.58487,4.62407,3.95788,4.00751,5.22141
4.42892,4.26644,3.99201,4.22763,5.60585,4.72526,3.21344,4.21144,3.71003,2.2317
5.91575,3.56135,4.97713,3.19505,2.70957,3.29287,5.34678,4.76763,3.81092,6.22384
5.12002,4.20204,3.55685,4.59028,2.27108,3.98879,4.00493,3.88132,2.80244,2.43657
4.53142,5.196,3.37714,4.31813,4.46757,2.89475,4.6058,3.22079,3.75469,4.97395
4.31693,4.8592,4.58777,3.63809,5.51086,4.81249,4.12117,3.48402,4.22608,4.11176
3.42318,4.31975,5.21719,4.45139,4.05335,3.23743,4.25345,2.59843,3.72588,5.17493
3.7792,3.92559,5.42318,4.51233,2.97954,2.76601,4.90305,2.0698,4.01175,3.45958
4.26566,4.16975,5.75723,2.27413,4.83345,2.94286,4.77182,2.81182,3.60026,3.1417
6.06978,3.69874,4.01122,4.07064,3.64411,3.2947,1.36466,2.64464,3.68248,4.83845
4.95151,3.33408,3.48139,3.22545,4.43238,6.28366,2.77183,4.47043,3.57077,3.6992
4.36162,6.36564,4.42644,4.00629,3.14338,4.20797,3.10897,3.68966,4.40956,4.82171
3.31639,3.23269,3.46204,3.3651,2.45699,4.73539,5.02538,3.99,3.81731,5.73346
4.41462,4.38519,3.20821,4.87982,2.49773,2.89106,2.61474,1.70525,3.52227,4.95984
2.66395,3.86957,2.34838,3.85813,3.53983,4.12625,4.0358,3.53953,5.74222,2.48507
4.40488,4.66694,3.32956,5.39427,5.1759,2.41154,3.0507,3.33585,3.51688,3.67973
3.65799,3.72206,4.29416,4.22858,3.40056,2.73623,3.18119,3.99056,6.52713,6.02139
3.30041,4.13847,3.77025,3.47544,3.3773,5.0306,3.32525,3.59377,6.06852,4.21087
5.00253,4.2515,5.39665,5.04648,3.12642,5.59703,3.19886,3.85452,2.83616,2.37738
3.54482,3.52297,4.01277,4.66281,2.77003,6.36339,3.68078,4.007,2.68378,4.63878
4.21068,3.46981,3.44091,3.84623,3.95697,5.46729,4.30781,4.81841,3.44919,4.49072
3.62287,4.56325,3.48597,2.46328,4.51939,4.1631,2.87372,4.33112,4.74801,3.63682
3.64575,4.29196,5.30374,5.61401,4.06931,4.00914,4.29694,2.63993,4.0866,1.92308
3.48705,4.40378,3.76486,4.21768,4.28422,2.70773,2.56757,5.43319,2.87053,3.54902
3.83114,2.6707,3.56578,3.77514,4.92959,3.51123,3.70669,2.23086,5.34728,5.03313
2.10497,4.59132,4.76592,3.11481,2.60594,3.45749,3.06624,4.02207,4.18698,3.96587
3.35716,3.7425,3.61109,3.02951,5.02728,6.50844,4.58422,3.07731,3.42161,3.3312
3.11896,4.87109,4.68038,3.43279,4.1192,2.48307,4.36244,6.4733,3.60643,3.51459
3.27945,4.52793,3.6695,4.07523,3.53499,3.45928,4.37147,5.36092,4.89488,4.01157
3.44663,3.57625,5.14754,5.19886,4.0765,4.04458,3.84866,2.25044,5.34892,2.94905
5.00225,5.63908,2.89309,4.33127,3.96629,3.39254,3.06016,3.60836,5.88779,3.8133
5.94479,2.30937,4.73601,5.10582,3.02909,3.19166,3.16156,3.35582,4.13317,4.8591
2.8988,5.00916,4.66561,2.99911,3.66593,3.81289,3.01396,4.68987,4.94561,4.73945
3.67593,3.61457,4.77439,3.7684,2.6349,3.0711,2.7556,4.45598,2.13639,4.68585
4.41958,2.9642,3.50441,2.43393,4.12982,5.13652,2.31799,4.58282,5.25946,2.9707
2.5792,3.28709,4.18568,4.28919,5.39109,4.41627,2.97044,3.21413,3.77536,5.67075
4.66503,3.96934,5.01539,2.61533,3.87033,4.86309,4.15596,3.08714,4.0269,5.87182
4.52217,3.2142,5.23079,3.5593,3.20476,3.49473,5.56389,3.24183,4.2149,4.05717
4.67607,4.21885,5.33305,3.09987,3.3175,3.73463,4.48928,3.58361,5.24459,3.71041
3.19486,1.99681,4.11803,3.6891,4.34001,4.32011,3.97721,4.55547,3.75295,2.88489
4.22542,3.78938,2.77763,2.91342,3.39974,5.26941,4.06651,4.30377,3.30602,3.50961
3.53389,4.76961,3.46299,5.74457,2.30414,2.22645,3.56415,2.49774,5.20511,4.90654
4.53376,3.36128,2.84337,5.4372,5.13448,4.16563,3.17474,4.41117,3.26432,4.59943
3.42342,3.11236,4.28752,3.68389,4.7909,3.60296,4.78542,3.89689,4.44276,3.15909
3.89067,2.78299,3.9703,4.70701,1.68914,4.65878,4.22273,4.48529,3.02797,1.36619
4.65065,3.11245,5.78866,2.90435,2.59687,4.04245,3.63387,3.9695,3.81016,2.98155
4.09166,4.03519,5.37053,3.52272,3.70448,5.86005,2.90778,4.18072,5.90974,3.94594
4.57433,2.42915,5.5593,4.01308,4.87026,5.08733,2.79019,1.74482,3.92169,5.59558
6.93703,4.18871,2.18506,4.85365,2.68257,4.40839,4.12123,3.26716,3.65892,4.75845
2.45689,5.22181,3.72127,4.80937,4.94658,2.5295,3.94069,4.09289,3.90065,2.37329
5.56666,6.02174,5.17637,5.16822,4.68013,2.77152,4.64869,5.14511,3.47103,1.8593
3.76012,4.9412,3.66604,1.9581,5.76753,1.60539,4.12725,5.66466,5.3653,3.22306
3.98802,2.76915,4.29268,2.10706,3.91156,2.74877,2.71517,5.27561,2.15825,6.55723
4.71561,3.9532,5.07012,4.24293,6.49553,4.64665,3.28895,3.11642,2.96881,4.49703
4.17398,3.92305,3.6342,2.68747,4.51373,2.22566,3.68436,4.48513,4.91056,3.36996
4.38474,4.38762,4.58201,5.13781,4.45735,4.95403,3.2958,4.41272,4.98232,2.53451
5.81576,5.20415,4.31979,3.10146,3.4222,3.76658,2.98618,3.43676,5.61926,2.52816
4.4749,5.1451,5.13774,3.0464,6.22407,5.71213,3.55086,5.90053,4.33389,2.52286
4.41612,4.72463,3.6002,5.12954,2.60054,2.8357,4.42051,2.80909,3.24088,2.92901
3.29916,2.48072,2.57618,4.40899,2.99216,3.2746,5.05084,4.26422,3.64931,3.33535
3.38372,3.20784,3.22167,4.10224,3.18749,3.75249,5.64522,4.27262,4.60163,6.44283
3.58461,3.52228,3.29545,4.74972,2.1578,4.96682,3.63318,4.81356,3.34467,5.03314
2.74182,2.68801,3.3375,3.82291,4.62259,4.56558,6.3014,3.68327,4.3216,4.1373
3.89269,4.65429,2.87426,4.66365,4.03777,3.49386,4.10318,4.80254,5.73012,4.16927
4.35431,4.09763,3.32502,2.79595,3.65805,4.68909,5.16554,4.6164,3.47126,3.34635
2.88739,4.06518,3.25943,3.48452,3.2134,3.27227,4.9319,5.60879,4.15095,5.00676
5.69828,2.26905,5.02485,3.5631,2.82786,3.44179,4.319,2.1751,4.34193,6.79777
4.60816,3.80302,4.92669,4.61671,2.19267,4.45453,3.35529,2.69676,3.49257,5.40919
2.88384,3.43637,3.00749,5.05022,5.98909,3.52793,3.64541,4.47631,3.73995,3.17785
3.86693,3.99067,4.50723,4.40665,1.86959,4.71405,5.71059,4.9991,4.20453,5.19874
4.18165,2.9841,2.85519,4.21613,4.70441,4.77053,4.13837,3.17658,2.79787,4.99353
5.15784,3.92773,2.89035,3.86079,4.73254,3.90844,4.1438,3.76178,2.80425,3.56293
2.19783,4.27946,3.3216,4.3358,3.44374,4.83929,4.75568,2.98256,4.99642,4.08825
3.40008,6.55738,4.21993,3.35547,4.47068,3.77397,4.02318,3.2967,4.5571,1.64355
4.54135,3.0904,2.54751,3.34269,3.97948,3.8482,3.28369,2.81164,4.22895,4.63564
2.67728,5.72609,4.58603,3.89448,2.25829,5.67972,5.11591,5.22106,3.4455,2.95153
3.54122,3.37073,5.05737,2.98782,5.34135,2.39518,3.97996,3.99437,2.92391,4.19586
3.81962,4.70519,4.26513,2.57465,4.35124,4.04331,4.2117,5.16589,4.61835,5.29077
2.88651,3.68089,2.9723,4.11004,3.58981,3.11563,4.65866,4.28997,3.18871,3.89293
4.12875,2.57405,3.03562,5.3281,4.84751,4.18588,5.5341,3.69692,4.10356,4.73967
4.64049,4.41432,3.72013,4.90365,5.78743,1.25412,4.1843,3.46693,3.33943,5.12637
4.66209,3.64034,3.35783,3.59477,5.12793,4.74755,3.99043,3.09298,4.03837,3.91327
3.60699,3.47998,4.75039,3.61243,5.82189,4.66059,4.47033,3.70843,3.47893,2.6343
5.35107,2.54016,2.68677,3.85975,3.69937,4.14893,4.56069,4.15462,5.50961,4.40762
4.72334,3.64912,4.54576,5.80233,4.66286,3.19097,2.99245,3.14895,5.30396,4.36363
2.12118,4.64122,3.72302,5.49862,3.55478,3.56136,2.89105,3.59015,4.4897,4.49183
1.94562,5.403,3.40924,1.96866,3.11478,4.80286,4.33599,3.95006,4.39975,2.19989
2.7626,4.41291,4.15436,4.98363,4.00292,2.85363,4.84363,3.32935,2.74484,5.19855
2.52967,3.46418,5.20498,3.18434,3.11741,4.39796,4.06293,6.24183,4.08593,4.82652
5.18689,5.62492,4.22156,5.03391,5.22204,4.39634,5.74159,5.41767,3.82142,4.30419
2.80193,4.81017,4.36028,5.37198,5.1814,4.69948,3.44502,6.48289,4.00728,2.56687
2.81233,3.9542,5.2125,2.94749,3.01532,3.67519,4.43863,3.65539,4.1318,2.79742
5.4568,4.91351,2.15559,4.58787,4.83482,3.31012,4.78532,2.89076,2.81266,2.40669
3.67167,5.62743,3.10191,5.90218,5.22779,5.63674,5.35399,3.62978,4.79427,2.74983
4.78289,3.20722,3.65377,2.92194,4.98975,3.50015,4.2103,3.64097,4.08448,2.82231
3.81283,4.63939,3.89363,1.21819,4.91731,3.45967,4.0128,3.07485,3.03189,4.77528
5.28691,4.60926,3.86791,5.12401,4.00107,4.924,5.57151,4.31262,3.467,2.93925
3.84091,4.34293,3.53971,5.06129,3.41982,2.73633,6.09821,2.59461,2.80673,2.97169
3.8917,4.37507,3.63591,3.84048,3.49517,3.24454,2.2006,4.50626,4.51793,3.067
4.85854,3.80088,3.41878,4.23547,2.80061,6.49901,3.64742,3.80052,5.70557,4.48622
5.34992,3.15815,2.68526,3.64039,4.7354,5.18007,5.1932,2.35441,5.46595,3.38958
3.75559,4.60627,5.26831,4.84395,3.08173,5.51751,3.39844,4.20996,2.16197,2.68548
2.20748,1.75786,4.53257,3.90557,3.0316,5.14529,3.56328,3.9265,6.13963,4.14287
3.22472,4.02845,5.16619,4.67112,3.54331,2.97842,3.10371,2.39268,5.57717,4.28635
3.31713,3.30379,4.14795,3.79274,2.79705,6.26799,5.87731,4.54592,2.40618,3.45806
2.62389,2.56046,4.8688,3.91415,5.51836,3.69382,3.65339,3.96722,4.21755,4.52739
4.40741,2.52142,3.13491,3.22226,3.23973,4.79637,3.32754,3.16392,3.00959,4.98737
3.82366,4.91502,3.27298,2.56075,3.80515,3.12832,2.8301,3.70117,3.48424,4.45322
5.04487,4.92771,3.09633,3.35311,4.26967,3.93028,4.91949,5.0652,3.58151,3.28313
5.35361,3.99777,3.37528,4.03823,3.38299,3.92391,6.272,4.70755,5.51194,3.33215
2.68649,4.45205,2.59019,4.8415,3.85185,3.3224,4.15448,3.41895,3.77035,4.88197
2.67462,3.29897,2.72881,3.01631,3.91382,2.59643,3.70206,3.88488,4.48895,4.63853
1.45903,4.09529,3.60589,2.23881,5.60588,4.88901,4.73284,5.56505,3.71997,3.21568
4.96251,2.32253,3.74514,2.34635,3.83144,4.17703,6.13188,5.05186,4.52398,5.65043
3.15865,3.31452,4.44022,2.7285,3.80361,4.51026,3.42618,3.4932,4.8719,2.8865
3.91309,5.16537,3.05524,2.89925,3.96909,4.53614,3.73613,4.9604,5.23283,4.49932
5.19648,4.31851,4.49459,3.92214,4.37717,5.64047,3.09686,3.60786,1.47146,2.79023
3.16837,4.12259,3.88799,3.95368,5.42981,3.71603,3.46529,5.81664,4.38581,1.70577
5.58345,3.52021,4.62864,4.81306,4.69257,3.33222,4.22265,3.12932,3.59341,2.75521
3.23216,5.03029,2.54602,3.09548,5.47823,3.3147,4.69314,4.07044,4.72589,4.37828
6.0797,5.67417,4.41284,4.17415,5.00784,5.26611,2.5708,4.4556,3.74337,2.31955
6.50689,4.85617,3.54602,3.00293,4.83537,4.34594,4.38886,3.11213,2.50329,3.14496
4.42347,5.87542,4.37201,3.55421,4.37459,3.01633,5.07682,3.77295,5.88452,3.93683
3.07735,4.80904,3.46392,4.76748,4.35136,3.69266,4.35803,4.87415,2.69143,4.16669
3.2213,4.87789,2.5569,3.93088,3.02891,3.15796,2.20051,3.59196,3.87558,4.39564
4.35406,1.47627,4.29731,2.61466,5.63398,4.20819,5.0443,5.28062,5.47803,3.90547
4.6041,2.72921,2.9528,2.93635,3.48795,3.47973,2.8406,3.98126,6.40674,3.5979
4.34111,4.17407,5.47515,3.28835,3.54177,4.37161,4.07294,3.79155,2.67814,4.01517
4.27061,5.11877,3.26969,4.31146,3.43587,4.18598,6.19257,3.47327,5.83668,1.98651
3.80132,3.58844,2.4997,2.97726,4.78563,4.10891,3.547,4.97427,4.38868,3.28313
3.75154,2.24173,2.69938,4.07524,3.6101,3.23768,2.71337,4.2429,1.71003,3.50408
1.86369,4.14043,2.65772,2.30857,3.18752,4.3245,4.88099,5.65041,4.91765,3.89221
6.75667,2.69482,3.82141,5.14025,5.91394,4.10675,5.52091,2.00321,5.12373,3.50074
3.43062,4.99327,4.57124,2.49698,5.72122,3.05519,5.04537,4.56418,4.39245,3.64257
3.43118,4.8961,4.88971,2.83258,1.98946,3.59668,3.69031,6.02616,4.92143,3.26804
3.38995,4.0307,3.56883,3.65162,3.05781,3.48994,3.133,3.51357,4.27326,3.96581
3.58874,3.10588,3.75057,2.64914,3.03133,4.67043,2.7029,4.93816,4.71783,2.59871
3.53988,4.54372,3.34034,5.25578,3.20557,4.07726,5.60138,5.05582,2.6013,2.48088
2.56404,2.83789,2.28602,4.72983,3.70173,2.46881,5.48349,4.71839,5.2649,4.60349
5.67078,2.34976,4.71104,2.70842,2.11306,4.2539,3.42122,3.76931,4.04446,4.96673
3.73601,4.31636,4.64368,4.7117,3.08296,4.31818,3.86701,2.77192,3.69453,4.8226
4.48676,4.58438,3.38428,4.60627,4.83397,4.99517,6.15399,4.59752,2.54637,4.72081
4.16663,4.18336,3.98432,4.17926,5.94095,2.84146,3.53841,3.51202,5.14451,5.25648
4.02348,4.34394,4.29629,3.98183,4.97954,3.98139,2.92302,3.68226,2.56822,2.68368
4.23389,2.44868,5.33395,3.68677,2.85929,3.49681,1.90824,4.73264,4.95125,5.06777
3.70159,3.65125,4.21318,4.3864,2.54721,3.56311,3.88629,3.58998,4.0413,4.83876
2.29943,3.65253,3.29841,3.65907,2.93516,1.96036,5.50941,3.98317,3.95253,4.33211
2.93176,3.98484,4.40527,4.65743,5.69058,6.28908,4.13107,5.64718,1.6135,2.3092
5.20846,2.6101,4.25852,4.36838,3.61477,2.12316,4.72511,1.94434,4.38602,4.24996
3.81232,4.22922,5.45035,3.15708,1.40884,4.76453,3.07279,4.4726,4.71024,4.33537
3.46279,6.75071,4.0331,5.1005,5.13193,3.50648,4.38672,3.43062,5.35072,4.85608
4.38602,2.10327,2.13477,3.91994,4.38717,2.37449,2.32627,4.77976,3.10644,2.52171
3.41764,5.77519,3.52994,3.70849,3.39216,3.11419,5.35855,3.12399,5.09808,2.63027
3.95466,3.51402,3.03723,3.39158,4.72392,3.90287,4.22766,2.5553,3.07941,3.21056
3.29657,3.37262,5.53592,4.12716,4.18883,3.37485,3.19292,5.11599,5.01898,3.91882
4.2044,3.61569,3.85567,3.11041,3.66527,4.0658,3.42573,3.83496,2.88636,3.71375
5.11343,4.71119,3.83789,4.86117,2.32033,4.67447,2.63055,6.50341,3.60944,3.84254
6.5913,4.96606,3.94572,4.34659,2.58862,3.93929,6.14437,3.39389,5.94718,4.89661
3.94999,2.8918,4.2043,4.47193,2.82468,3.50234,2.2779,4.4112,3.71855,6.05069
4.22193,4.0685,4.33942,5.93036,5.31146,4.49762,4.00419,4.50087,2.63663,4.81863
2.97638,3.33582,4.34974,4.50306,2.98322,3.82597,2.88476,3.04414,4.81851,3.85387
5.88854,2.37364,6.06705,3.82349,3.66235,4.16743,3.67793,4.94471,3.90092,3.77469
3.89108,2.90254,4.17473,4.99719,4.70523,5.76265,4.92114,3.95157,3.0102,4.12112
4.0425,3.75199,3.64779,1.37402,3.69531,4.65587,4.34179,3.43744,3.79193,4.39137
3.0425,4.72008,5.82801,3.89414,4.2544,4.98442,4.65423,4.49462,3.52598,4.79652
2.83798,4.00897,4.54922,2.73624,4.45753,5.24866,3.7168,3.75214,4.16705,4.01555
2.08007,3.94178,4.16117,4.3271,5.9212,4.32042,4.12493,6.39731,4.01468,5.47445
2.10883,4.34183,3.30648,5.1159,3.18382,3.08853,4.07282,4.37495,3.92976,4.86745
4.22188,4.57342,2.7077,2.91721,1.95325,4.68466,4.94858,2.32921,4.00579,5.00992
4.40289,3.88334,4.13442,3.09744,5.06449,5.34817,3.11952,3.34735,3.52344,3.95764
3.26078,4.2926,3.26567,3.85646,4.78706,2.40772,4.1752,2.63316,4.26678,3.47367
3.55387,4.28375,3.62048,4.94067,2.69635,3.80341,3.30143,5.64041,2.88502,5.61007
2.88577,2.63105,3.80686,4.63485,3.96156,4.2117,3.15244,2.53526,3.07663,3.61312
3.14392,4.70112,4.27513,4.69258,3.80633,2.50561,4.55065,4.02211,4.74327,3.43761
3.8655,6.08044,5.75509,3.29001,5.61197,4.89407,4.23065,3.99047,6.12579,4.57661
4.60797,5.0935,3.49107,5.21774,2.75037,3.08628,2.70213,5.05961,2.74648,2.93953
4.23035,3.55919,2.83543,5.65847,3.63171,4.24651,6.20445,4.53258,3.25445,3.08571
4.05653,4.89729,2.44437,4.96398,4.48875,3.18619,2.93006,2.79268,3.96905,2.50131
3.76527,4.35467,3.85371,3.38099,3.56461,5.35695,4.24347,2.33779,2.92936,4.37772
2.01774,4.48758,3.13011,4.06132,4.29571,4.55176,3.48242,3.36083,4.29692,2.21906
4.3518,4.56793,3.66225,2.83292,4.16327,4.34027,4.80796,5.59599,4.72725,3.44717
3.1239,2.79489,4.36366,4.88021,2.99644,6.28158,4.0648,3.42553,4.53761,6.94363
3.70711,3.62715,3.86876,2.70421,3.75977,5.55268,3.93823,4.07903,3.33325,4.67565
4.93154,3.25111,5.90901,4.95718,3.67583,1.96163,3.78166,4.90868,3.10963,3.0743
4.80388,3.65975,2.37955,3.64224,2.70864,3.53359,4.36446,4.54463,3.80228,4.68962
3.98771,4.42816,4.78819,2.5007,3.16902,4.63892,5.86255,3.30474,4.46915,4.68456
3.61911,5.72667,4.83841,3.86974,3.3784,4.27316,5.29789,4.85526,4.00827,5.36694
2.57421,2.29758,3.96416,4.09031,4.27968,4.77828,3.65333,3.946,4.19044,4.2615
2.88096,3.04662,3.42301,4.15075,5.19117,4.80001,5.18635,4.40084,3.53184,4.26212
3.49987,5.92717,1.98544,3.85624,4.78566,4.39127,2.35768,3.23906,4.47708,4.34656
2.71693,4.79314,2.8991,4.13156,4.36473,3.59714,3.2219,4.79759,4.28382,4.48934
4.39517,4.65692,4.89532,3.18815,4.28548,4.68865,3.80508,3.97819,2.977,4.26766
4.1749,5.46149,3.82276,5.12981,3.6747,5.1086,5.14408,4.71315,4.27921,4.06749
4.08308,4.3511,3.02733,2.69247,4.98584,7.1669,2.56762,4.54151,4.38434,3.00622
3.60463,3.44278,3.05245,4.51515,4.66644,2.54907,2.702,5.28111,3.85774,4.59448
2.0583,3.94816,3.42508,6.35509,4.67874,3.83782,5.53696,3.93366,3.37531,1.26578
4.31808,3.99257,2.79102,4.45718,3.55997,3.21452,3.86529,4.1298,0.93379,4.0393
3.64079,5.75025,4.58609,4.327,5.68048,2.71343,7.04465,3.86458,4.48712,3.75371
6.07175,3.48477,3.98486,5.13943,6.43997,2.69263,3.6831,5.10615,5.23031,5.33133
3.98408,3.38117,2.49519,3.29929,3.13761,4.19334,5.6573,5.12637,4.64523,4.38033
5.98175,4.63494,4.25306,3.24333,1.89721,6.01253,2.38512,5.04537,3.41481,4.9112
3.5509,4.38663,3.73425,4.26875,4.49616,4.64739,4.20836,6.35351,4.46975,5.02457
4.91662,4.75527,4.84851,3.63453,4.75714,5.39532,2.72717,5.12869,3.36011,4.86961
2.68692,3.73378,2.28071,3.09597,5.72866,5.8422,3.92022,4.60711,5.26991,5.1392
4.5545,3.754,4.75559,5.0602,4.73975,3.92989,3.47567,2.22113,4.43978,4.23064
3.43374,4.67405,4.58347,3.66115,3.04038,3.72554,3.62789,3.59241,3.46911,5.26814
3.4052,3.60895,3.17949,2.73179,4.89963,5.27261,4.80237,4.94027,4.41814,3.2758
3.45697,2.82325,3.04216,3.88044,6.21226,4.16493,2.60915,3.74151,5.38467,5.23847
3.33574,3.39795,4.42911,3.24022,4.43306,4.0896,3.9277,4.96352,2.50859,4.53412
4.53003,2.21835,6.29345,-0.0490692,3.964,2.76268,3.93905,4.18767,4.98019,5.78662
2.15912,5.47644,4.92663,2.22432,3.50638,2.94201,3.85864,4.23131,4.08046,2.27157
3.79963,3.28482,3.55697,5.5818,3.26176,3.0467,3.98247,3.64856,4.00526,3.95582
4.55407,6.26526,2.91359,7.46316,4.44835,4.03719,3.76247,4.42431,5.58287,4.80492
3.27564,5.33647,4.06029,2.88423,5.13228,4.80772,5.07116,3.62405,3.61637,3.63714
3.74339,6.24689,4.23266,4.12441,3.68883,4.93904,2.97527,4.26171,3.73892,4.25669
4.51209,3.09251,2.52812,5.17599,4.1752,4.51657,2.12618,3.38843,3.0696,3.76776
2.7632,3.97399,3.59534,3.97045,4.08391,4.43263,5.47696,3.19941,3.25004,4.07106
1.7535,5.03045,4.18597,3.67033,3.83825,3.71904,3.33177,4.1957,5.17325,4.15014
4.37443,3.42686,2.55657,5.86741,2.46346,2.97085,2.87557,4.07012,3.27854,5.52941
5.4219,2.37673,2.48191,3.97967,3.93068,4.04282,5.0786,3.24063,2.35579,4.46963
3.28894,3.79677,2.57427,2.24702,5.38604,6.06593,4.41539,1.47748,2.76958,1.67954
4.65435,3.9854,2.01193,3.1476,2.62993,4.25903,4.31461,2.8514,4.82597,3.73582
2.04868,4.51737,4.95398,3.1292,4.28737,1.88056,3.16657,3.90649,4.04219,4.59534
4.52558,3.44874,4.07636,4.00229,4.88751,3.81779,4.3733,4.35877,2.84982,3.0339
3.2737,4.01206,3.2364,4.81992,3.77051,4.33641,5.22069,4.03789,3.03753,4.24971
4.45528,4.36219,3.15101,4.49135,2.07045,3.48271,3.77454,4.07958,3.43001,5.04684
2.23566,3.45104,3.32261,5.50246,5.27888,3.02377,3.91554,3.63566,4.54137,3.82607
2.4008,3.76219,3.50066,1.89989,3.83379,5.44649,5.15613,3.99612,4.97465,4.85623
4.10811,4.69551,4.86541,1.64988,3.06622,4.56787,5.58753,5.43617,4.23885,4.14605
2.67442,3.03629,3.64964,3.47416,4.0098,4.1814,4.098,3.41477,2.40818,3.3842
2.81685,5.5415,5.01555,4.41622,2.97432,5.60754,6.64579,3.7381,5.55804,5.64388
2.74923,4.80826,5.24059,4.49903,4.17028,4.32615,5.03027,3.38628,4.48129,4.43714
4.55377,4.3789,4.36873,5.78627,4.74078,4.14049,3.60439,2.73954,4.77116,3.8535
4.2905,3.74964,3.32017,4.14239,2.99471,3.82635,5.07337,4.42541,4.3579,4.33194
4.81807,4.83189,3.76326,4.4872,2.39647,4.25366,4.7756,3.20718,4.45724,4.2803
2.55001,3.05193,3.46677,2.70764,4.28554,2.09095,4.36056,3.9893,2.88761,3.14228
3.79651,5.71439,4.63374,3.00732,5.3887,3.14363,3.33544,3.67609,6.01829,6.46016
3.95703,4.9685,5.80264,4.38667,2.8556,3.68164,5.33645,3.01475,4.1315,3.26958
4.39347,2.82332,4.5876,4.39103,2.24085,3.34251,1.11898,5.72725,4.09698,2.61255
4.377,3.15259,4.85563,3.9232,3.81583,3.58674,4.79534,4.87913,3.39504,3.73305
3.46865,3.47009,4.30496,6.33672,4.99199,4.15547,3.20337,2.94853,5.61311,4.13303
2.89637,4.5137,4.40365,3.67474,4.55314,3.45158,4.84541,4.30844,3.27306,3.5195
2.79977,2.29935,3.69518,3.6935,3.4428,3.91336,4.10498,4.02908,5.77606,3.53823
3.13833,4.69401,2.47411,4.07329,2.45885,4.45201,4.47858,3.56806,4.50574,5.16788
3.78728,4.98244,4.55986,4.16081,4.11072,3.0835,4.77898,3.45579,4.27183,3.6299
4.77753,5.38856,3.13939,4.73614,5.14303,3.34533,3.57473,3.60032,4.2077,4.46829
5.02589,5.34696,4.65127,1.90309,4.41059,3.27708,3.51988,3.44396,4.44228,4.63251
3.24226,4.21214,4.50868,4.0155,4.89087,3.86533,3.56489,2.43288,6.10537,4.1427
6.08863,4.21806,4.7171,5.63231,4.26671,4.39421,5.42718,4.88988,5.79033,5.66117
5.10455,2.7242,1.74512,3.60193,3.7421,4.71679,4.00166,2.42457,5.23633,2.96519
5.30122,3.63538,3.37101,4.52168,3.03268,3.98758,4.37262,3.72136,3.76898,2.60642
4.80089,3.27589,2.73454,4.10363,3.67669,5.1491,3.70484,3.1954,3.51296,2.88896
4.32009,2.1015,3.43299,2.93263,3.5609,4.88394,4.68212,2.6396,5.04479,3.03704
3.26801,4.09816,5.17898,4.88371,4.48149,4.25589,5.26791,3.49285,5.0923,3.72517
3.06109,4.48486,5.96355,5.30064,5.66181,3.05658,4.09232,3.85173,3.99692,3.46844
4.97679,3.97029,5.47789,4.33151,5.03653,2.81707,3.92872,5.27789,3.06039,3.00772
2.57509,5.31442,4.64859,4.11258,5.10843,4.36074,3.46384,3.67859,2.54369,5.89414
3.73591,2.57094,3.45366,2.93155,4.68507,3.76103,4.3709,4.65785,5.33781,5.02472
4.86797,2.6351,3.95286,3.64097,2.22329,4.44518,4.99617,1.44458,3.89275,4.02211
4.70097,5.21376,4.45722,5.41527,4.4425,4.94321,2.2898,4.27607,0.599195,4.453
4.30947,3.66211,3.25378,5.11549,5.47462,4.95502,3.66169,4.80247,2.67943,4.05392
4.03907,3.58416,4.61976,3.03944,4.34427,4.24792,4.68837,2.70392,2.73728,0.967294
3.87834,3.60086,4.98724,4.50128,2.46428,3.57252,2.96187,2.54589,4.33938,3.81265
3.87942,2.46608,4.47499,4.15195,5.11922,2.68293,4.79385,2.87374,3.83807,4.73761
3.03133,5.88485,2.92863,3.3043,3.89854,2.27319,2.86646,4.26333,2.26779,3.58395
2.62518,3.54212,3.9253,3.689,4.6093,3.47951,2.11206,4.20461,3.95037,2.18222
4.36859,3.79589,3.38893,5.67917,4.00996,4.04709,4.18987,4.26007,4.27205,4.11038
4.92986,3.92873,5.26213,2.93973,4.30328,4.73783,3.1132,3.59413,3.42252,5.50745
3.69862,4.51025,3.00097,4.20182,4.37301,4.33611,2.29983,3.92336,3.55072,3.8612
2.66542,4.14362,4.03444,5.66242,5.03325,5.33545,2.51989,4.27509,4.33423,2.38045
5.63262,3.4408,3.72311,3.05017,3.92404,4.17316,4.36736,6.53894,5.44358,3.79024
3.62955,2.30166,3.77359,3.55958,3.63428,4.3652,3.4775,4.73458,2.2616,4.40457
2.96936,3.22099,4.37676,4.1476,3.595,3.8999,2.83258,3.7377,3.51092,4.18957
3.367,6.24045,2.50834,3.82492,1.96867,2.96001,2.86277,2.05119,3.56953,3.46388
4.51297,5.1777,4.08681,5.60566,3.97252,1.83582,3.17635,4.36195,3.28966,4.06637
4.53587,3.78393,4.03072,3.15326,4.5505,3.55239,4.97701,2.63505,3.15646,3.89218
2.93595,3.88095,3.1588,3.10351,3.27826,3.21083,3.10456,4.26034,4.61236,4.57242
3.32158,2.8466,3.73712,2.95093,5.30721,3.57631,5.53614,4.80941,2.94119,3.6377
4.2098,3.58289,4.76266,4.46332,6.64684,3.11362,4.4823,4.2582,4.04197,5.08929
1.86941,1.70144,3.84641,4.77709,4.07762,2.195,4.62412,1.92822,2.74634,3.87277
4.32685,2.64803,3.38206,3.87659,4.81011,3.70443,3.22994,5.10644,4.23136,3.55639
3.8307,2.65339,2.93453,3.17058,4.58258,1.70924,4.87097,2.53973,4.08568,5.25519
4.35204,3.40408,5.14313,5.34662,5.64284,5.14749,5.2852,3.12499,3.38404,5.72101
2.7917,4.29911,5.22673,2.37633,4.85095,4.281,4.3376,2.77434,4.90674,4.00466
5.56014,3.93217,3.52333,4.4487,3.79927,2.13042,4.37535,3.33943,3.92203,5.30306
4.3456,5.8769,4.29073,3.55719,5.02172,4.07002,3.48572,3.21367,5.29467,5.17417
2.87156,2.2377,2.78635,4.43502,5.22867,4.04878,4.61663,3.48156,3.76771,3.48016
2.46702,5.31798,3.74126,5.89332,3.95254,5.16375,4.33635,3.7737,6.00201,3.82404
4.25126,6.11067,3.72214,4.35069,4.80376,5.09646,4.05382,4.91466,5.19456,2.90362
4.2399,4.27012,4.03815,2.99937,5.12089,4.66051,3.49261,3.30012,3.49334,5.32395
3.6755,3.45226,4.4737,3.61643,4.85893,3.24809,2.74416,5.00482,3.857,4.54454
3.83469,3.45083,5.06978,4.1703,2.89144,6.19221,2.73231,4.74532,3.37167,3.52078
4.80816,4.05371,4.46084,4.93245,3.17385,2.81907,4.36831,2.82087,4.0548,4.98989
6.26383,3.58658,3.66925,4.2033,3.03079,2.39511,3.24232,4.02933,5.08173,3.78216
4.16645,4.74274,2.45207,3.40516,5.22192,2.97902,6.48189,4.77876,4.71276,4.79785
3.66494,4.68077,5.20954,3.60064,4.31092,3.02632,4.38642,4.67856,3.28172,3.48915
1.93877,6.07167,4.5237,3.05619,4.92111,4.23494,5.24744,5.73127,2.76661,5.49045
3.49429,5.96076,4.2391,2.9423,2.60674,4.48647,4.91843,3.29318,3.03101,4.22207
3.19553,2.85749,3.91733,5.7128,2.60568,3.95118,3.69022,2.97857,3.43858,3.61922
3.69072,3.3284,2.45056,3.41165,2.86826,4.23325,4.22431,3.94611,2.36341,1.73909
4.00536,4.22253,5.9927,5.6115,4.47526,3.76251,4.27396,2.87247,3.93163,5.57243
4.38443,4.10363,4.37282,4.5152,5.0378,5.87625,3.18815,5.14777,4.69001,3.02494
3.24207,4.67142,3.00374,4.82272,4.56915,3.27612,6.01335,5.16204,4.3819,2.85666
3.75067,6.96134,4.92124,3.54548,4.95965,3.97021,4.33234,3.33504,4.44373,3.71871
2.31327,3.24003,3.26326,5.05049,4.68671,6.13466,4.10841,4.42527,4.34703,5.42093
2.5401,3.6933,2.63406,4.29832,3.93618,4.75979,2.8868,5.02444,5.27122,3.33747
4.45196,5.1551,5.54065,2.36247,2.61559,1.97388,5.53261,5.09707,4.20701,2.86964
4.61283,1.77743,4.34488,3.4863,3.81285,3.76074,3.73608,4.74426,4.91231,2.99806
4.83366,3.87533,4.58518,3.29745,2.8677,2.17687,3.57093,4.61964,3.75196,6.12307
2.9348,4.26554,5.45924,4.02878,4.33487,5.66636,3.1287,2.38277,5.38523,3.78505
5.2951,4.4351,3.32866,4.49492,2.95237,4.34681,5.56149,3.09895,3.39404,5.22457
2.6225,5.16839,2.9074,3.53016,2.83746,2.88101,5.33137,4.54473,3.02898,5.70586
3.75522,3.81266,3.88528,4.62048,4.99075,3.51589,1.72024,4.47193,4.30799,6.25434
2.65568,4.77648,3.49736,4.40446,3.6451,3.45497,6.40562,4.66669,4.32445,3.78113
2.55633,4.47582,5.64273,2.69915,4.6061,4.24652,3.95676,3.22028,3.54105,3.51393
5.57459,3.05076,3.90763,3.52084,3.7019,3.85469,3.58453,4.4373,1.99931,4.70452
2.96931,2.61734,4.03774,3.30372,3.05745,5.74686,4.0626,2.31312,5.21581,5.80775
3.27354,2.29918,3.26683,4.04434,4.02934,2.79296,3.2727,3.74269,3.85304,4.89125
4.41434,5.05689,2.7324,4.53004,4.6508,2.29393,2.71592,2.68431,2.8015,5.74554
3.6149,4.25322,3.94538,4.04645,3.96297,4.7615,5.00904,4.7246,4.7446,3.79067
4.45025,3.22777,3.77091,3.34719,2.27903,4.07959,4.51746,3.20514,3.8529,3.50104
4.05473,4.36863,3.77025,3.73131,4.69665,4.39488,2.65624,3.57831,2.53258,3.84627
5.81675,5.44519,5.21701,3.60908,3.3819,3.97794,3.3761,4.43971,6.44645,3.08858
4.32812,6.04534,5.31688,4.68614,4.67813,2.61209,4.34512,2.99694,4.02543,5.13734
2.91774,5.00423,3.7808,3.86802,3.7557,2.53508,4.91713,4.01601,4.56445,2.77554
2.94493,3.40746,4.10914,3.16547,2.27685,4.89258,5.33243,2.35612,3.98871,5.16555
4.23914,4.13118,5.3008,4.09021,4.90677,5.11583,3.90359,4.54879,5.51589,3.89836
3.50075,3.38808,3.82671,4.28669,3.48918,5.99409,5.079,5.14039,3.96343,3.6794
4.0651,4.29846,4.35067,2.71847,1.9153,5.53903,4.37088,5.31011,4.50977,2.50721
2.33561,4.36469,3.68199,2.64664,5.47603,3.51534,1.53686,2.17954,4.01514,4.69402
3.25714,4.9077,4.2711,4.83476,4.8339,4.59009,6.53965,2.13469,4.01505,5.27217
4.05395,3.43263,5.34631,3.23472,5.16622,3.66373,5.02111,4.24402,2.09115,3.20102
3.2199,4.43613,4.63262,4.9394,3.38754,3.02585,3.98856,4.33345,5.26178,3.27483
5.80384,4.79381,5.4281,3.8353,3.7723,4.95407,3.35801,4.74491,3.30166,2.82766
4.9077,4.19871,2.71198,5.14783,5.51468,5.47555,3.51344,4.29683,4.00034,4.85545
3.99101,4.25704,4.46032,3.62074,4.35917,4.53147,3.72588,4.10861,3.92843,3.33179
4.73489,5.15849,3.89859,2.1684,2.82592,5.2194,4.21465,5.2586,3.6662,4.67638
3.39181,3.21979,4.39762,4.58776,2.83126,2.85789,4.07335,3.72391,4.77492,4.34563
3.5976,6.91344,3.67047,2.76812,4.8208,3.21112,2.24337,2.63119,4.41522,3.33144
3.2876,2.40952,4.06091,5.00102,3.65027,4.68505,3.83206,4.08591,4.24852,3.10099
4.48137,3.55364,4.54487,3.74565,4.72996,3.36924,4.52579,5.3203,2.17492,4.33464
5.44241,3.3333,3.38813,2.97475,2.39969,4.57912,5.38011,3.89675,5.71947,2.48103
4.41893,4.11852,3.35704,5.15908,4.87651,3.69782,3.39037,4.32298,3.1943,2.70684
3.5684,4.51526,4.27733,2.79008,3.41811,4.33016,2.25431,4.65626,4.34286,3.85751
4.50452,3.44255,3.62044,2.77042,3.75703,3.57037,4.1741,4.79654,4.86488,3.32132
4.97761,3.77905,4.6154,4.93176,4.07468,5.74701,4.67465,3.74714,3.49213,2.96538
3.4576,3.73092,3.27473,5.86192,5.27546,3.17271,4.49205,3.29795,4.94941,2.00434
3.48979,4.93041,3.54499,2.26093,3.66556,2.35652,3.29207,4.1392,4.52679,4.27284
3.64966,3.2423,4.78049,3.64747,3.86579,3.14326,2.21579,3.41833,3.97901,3.74449
4.18287,4.68015,4.53806,4.67674,3.66083,2.75115,3.42794,4.65262,1.10396,2.7082
5.06596,3.85161,4.23727,1.77671,5.02128,3.53872,5.27343,1.85795,3.1265,4.10305
3.45667,3.41174,3.36119,6.41961,3.26456,2.8281,5.05654,3.91992,2.42712,7.12508
4.89566,4.92412,4.22588,3.71795,5.53666,3.52632,3.96214,3.26329,4.9573,3.54728
3.44228,2.50505,3.27031,2.36561,4.11868,3.86662,4.50027,4.61113,3.81234,3.99692
3.60771,4.29829,4.47576,3.35211,6.17402,3.219,3.4071,4.46923,3.33266,3.63804
4.40009,2.08305,4.3077,3.17427,4.48058,3.19538,2.34997,4.1051,1.81133,3.60692
4.30857,3.5005,4.21191,2.81419,2.10679,4.05787,5.72228,5.537,4.30378,3.67861
5.08311,3.47157,2.84915,4.27941,4.57378,4.92559,5.56428,5.13232,4.81815,4.2939
3.13667,4.42494,5.27716,4.77523,3.71962,5.10105,3.26796,5.44979,2.88444,3.32801
4.06152,5.53887,2.96186,2.9332,4.51683,2.49112,4.19641,4.07084,5.00444,3.72156
2.46091,5.3646,3.60486,5.73365,4.74544,5.16984,4.02405,2.69887,3.76562,4.96595
4.49302,5.52964,4.7682,4.69995,4.14928,2.0093,4.19841,3.10832,2.52594,4.93505
4.18912,4.41879,3.26445,3.22966,4.22646,2.87599,2.97706,3.2665,2.30144,3.97007
2.63223,3.3635,3.55783,2.6003,3.54893,3.74615,5.17092,5.1727,3.06633,4.83103
3.16935,4.64471,4.75616,5.81405,3.87108,4.81764,4.17593,4.97985,3.39806,4.50469
3.48454,5.57536,3.68388,4.44023,5.86572,5.42142,4.9492,4.51459,3.37905,2.53784
4.15955,4.63881,3.68174,4.40306,3.61321,5.35584,3.17952,4.09046,3.70603,4.19536
1.83711,3.59372,3.36291,3.06722,4.40603,4.05621,5.02078,5.08196,3.9616,4.57392
3.75408,3.01666,3.47292,4.2649,3.0747,3.83231,4.0139,3.55007,2.36073,2.77997
5.01018,4.91837,3.51451,3.89654,2.55515,4.88301,3.91987,3.77242,5.93768,3.68968
5.17608,3.84974,1.19184,5.72373,4.51611,2.86643,5.65209,6.71012,4.37138,3.10508
4.4023,2.81526,4.37338,3.52067,3.15358,3.06259,4.96746,3.32203,3.15886,3.77881
4.33466,3.45514,3.91187,4.04131,4.87168,3.19513,3.08131,1.52242,6.30382,3.46613
3.70448,3.32994,1.65699,4.29265,2.62023,5.66471,3.27111,4.66709,4.82688,2.43339
3.25024,6.20972,2.99481,4.11661,3.88897,3.01855,4.02602,4.03173,2.93199,4.09614
2.94509,5.16472,4.37897,4.06675,5.61333,1.59046,4.73671,4.62444,3.8172,5.09776
3.05442,5.68356,4.21718,5.06053,2.48816,2.94558,5.06079,3.04383,3.46124,2.895
3.85467,4.39036,4.54185,3.44395,3.02629,5.06909,3.80653,2.59376,3.84859,3.92035
4.38905,2.29716,4.36502,4.15563,3.8667,5.40322,4.39177,4.79832,5.49646,2.25627
1.48582,4.78972,4.8953,3.37502,2.62552,4.2791,4.54823,3.99524,4.21628,5.29789
3.55961,2.59052,5.06553,5.03013,4.10406,2.61831,3.41512,4.23363,2.47023,5.34608
1.64277,3.59356,3.33712,2.86721,2.79281,3.74701,3.94748,2.97071,3.61871,4.45069
5.1763,4.45976,4.00629,4.69461,4.61684,2.97834,6.10372,4.63286,4.16148,1.87111
5.32136,4.33271,2.68379,4.78976,2.2941,4.16889,3.40058,2.98565,2.77357,4.39514
3.24757,2.84491,3.11001,5.33705,5.08135,4.24816,3.37538,4.76772,6.40977,2.77518
5.54458,4.11707,2.09299,4.23206,3.61059,4.50846,4.07335,4.7979,4.74703,4.22006
3.64046,2.94078,3.1952,3.59222,4.6476,5.52373,3.56208,5.93852,3.03365,3.00329
4.47031,2.55706,4.2315,4.21148,2.84572,2.86598,2.92097,4.1749,4.10238,1.31544
2.80305,3.27661,5.3381,6.11785,5.76184,3.42908,4.70589,3.635,4.96169,4.88898
4.62633,5.3947,4.13943,5.4515,3.15749,4.49357,4.89569,2.33587,3.91335,2.85533
4.68,5.32534,4.31225,4.29974,4.74543,4.29881,4.97136,1.76281,4.16391,3.10222
4.08095,3.75618,3.13013,3.7129,5.19624,4.47952,4.66637,2.93453,4.04935,2.75643
4.98531,4.64413,4.42893,3.94249,2.65644,3.53411,3.46056,2.5435,5.69359,5.94904
3.65153,3.94261,2.05925,4.28932,4.32273,2.35293,3.5192,4.06757,6.15739,4.23145
4.19897,4.58334,3.59993,4.02075,5.12262,4.51007,2.87866,2.83455,4.3381,3.73183
4.31721,3.55564,4.56105,1.85405,3.57484,3.77462,2.83271,4.52209,5.87418,4.05939
5.78297,3.78987,3.7058,3.66986,5.62645,4.4563,4.20559,5.33933,4.8433,1.77294
2.15557,3.02562,2.28753,3.41627,3.4087,3.72659,3.51425,3.51399,4.18404,2.14894
4.00923,5.33219,2.94492,3.85493,3.66505,3.4082,4.01651,4.17174,3.32694,4.57168
3.02346,4.05422,4.35327,2.90643,3.53548,2.92941,4.35438,5.23155,5.18764,1.59543
3.40575,3.53954,2.8899,5.3243,3.19174,3.79927,4.56328,2.03065,3.18077,4.54735
5.42441,2.74282,4.90836,4.53866,3.37297,3.46794,2.07101,2.85778,3.72772,5.2299
2.66192,3.60479,5.1941,3.95971,3.6148,4.42766,4.35992,5.09116,3.40358,5.00939
5.2314,3.49036,4.34714,5.396,4.18673,3.4111,3.68522,3.7629,5.58147,4.54002
3.68353,3.50396,2.99555,3.98097,3.50272,2.39914,5.10128,3.77197,4.52784,4.03236
3.04742,5.72777,3.97822,4.15624,2.96793,3.29114,5.58382,3.32336,4.65484,3.65519
5.79793,3.46952,4.69519,6.59437,4.85784,4.68947,3.24908,6.15936,4.36051,3.97401
3.80753,3.9587,3.53952,4.4327,4.36169,4.68009,3.25086,3.66339,5.03102,4.00005
3.5043,2.73153,4.30191,5.46231,3.2876,3.03111,2.15991,3.56141,3.3091,3.15968
2.38693,4.19292,5.33407,4.98209,3.82357,2.42999,3.70033,4.4123,4.84927,4.19539
5.91691,2.45555,2.92285,5.18829,4.0746,4.57644,3.12444,2.90998,3.55699,5.13022
4.76142,3.65726,4.25552,1.78972,3.25456,3.85078,5.25497,3.59817,4.1076,2.54532
2.41933,5.50934,5.54086,4.82461,3.20105,2.88252,4.47657,2.41285,5.20839,4.4113
3.71355,5.46525,4.4388,2.65437,3.71326,4.13113,1.66113,3.63383,3.3575,2.84462
2.98899,4.04509,3.82718,3.72168,4.58934,5.28832,2.394,4.44336,4.23358,4.19727
4.09944,3.19898,3.84848,3.21957,4.14374,3.75957,3.07856,3.54496,4.5727,3.4528
5.80811,4.65009,5.05232,4.42202,4.62943,5.10758,2.79691,4.48048,5.24064,4.40865
3.12854,4.45421,5.04922,3.95108,5.62872,2.96,2.64011,4.65693,4.37218,2.56794
3.02703,2.10948,2.84655,4.9118,2.32491,3.99918,3.98446,2.34307,3.93264,4.08971
3.45349,3.88829,1.03767,3.81307,4.35144,4.97646,5.23024,3.96516,4.20885,4.35976
2.92694,3.95218,4.63473,2.27843,4.6118,2.79368,3.11195,5.17133,4.51389,5.51213
3.42856,4.75344,3.15115,3.40528,2.58909,3.53543,4.55837,3.72467,4.95204,4.13145
4.31886,3.87394,4.17042,4.22861,2.98988,2.40873,4.19092,4.97094,4.35114,5.22976
3.13157,5.33057,3.29537,4.72344,3.07246,4.39482,4.2759,3.54239,3.07962,4.67262
3.47624,4.79656,4.72729,5.24921,2.83124,4.16214,3.6615,4.49753,6.11006,5.54865
3.01149,4.28127,4.00364,3.49596,4.76825,2.49515,4.68823,3.93409,4.56741,3.04734
4.03064,6.3384,4.8842,4.75101,5.01787,3.58853,4.48445,4.37769,2.20014,3.76116
4.10206,4.11681,3.99574,3.67184,4.08499,3.56171,3.10655,4.77676,4.56236,4.67486
3.62536,3.48173,3.95427,6.13625,4.26455,5.44577,3.11601,4.52801,4.9881,2.92293
4.83974,2.78703,3.80289,3.60321,5.33217,4.5748,4.76872,4.69691,2.84502,3.69569
2.55778,5.2961,5.24093,3.64079,4.8949,2.69397,4.32631,3.59879,2.79885,3.60192
3.44575,5.96878,3.59339,5.07049,3.62092,2.83756,4.53663,3.04364,3.63459,2.21299
3.47788,4.43259,5.1403,2.55332,3.24727,4.3294,4.46269,2.16186,5.81575,4.60228
2.55631,2.65104,5.02588,3.77392,5.15496,3.82882,4.37274,4.19807,3.99786,4.03713
3.9258,3.03841,5.27465,2.93775,2.99621,4.4274,2.49234,2.46639,4.21707,5.21837
5.31452,1.4221,3.80595,3.94292,4.02469,3.7813,4.64787,4.83721,5.18599,2.96874
2.85492,4.81659,3.95305,3.64118,4.54166,5.85239,3.00644,5.15348,3.23712,2.84808
3.74981,2.3353,2.96415,2.56606,3.72568,2.41172,4.46072,4.05641,3.3355,3.93569
3.37055,4.71538,4.34878,5.57142,6.23818,5.47846,2.83567,4.99296,4.16615,4.92487
5.67387,4.26464,3.8092,3.47549,3.78156,4.15729,4.63349,3.87616,5.66187,1.32479
4.28287,2.65313,4.75458,3.22166,4.34813,3.76921,5.73664,5.34865,4.94115,4.98654
5.1079,3.50319,3.96182,2.51825,3.21679,4.05195,3.80288,4.61833,2.99228,6.14591
1.95848,3.85918,3.4209,5.89935,3.6289,3.66499,5.17216,4.51177,2.65684,2.47448
3.85992,2.63925,2.11218,5.33071,5.42911,4.24358,3.73258,3.75603,4.70191,3.57199
4.23313,4.51552,3.32264,5.10854,3.57843,4.19351,1.83212,4.0519,2.87742,3.64207
3.73802,3.97255,4.72275,2.50778,3.19686,3.61545,6.0085,2.8775,4.47135,5.45568
3.37139,2.74483,3.81223,4.12294,6.25056,4.13596,2.61546,4.16401,5.74745,4.40256
4.4614,2.5592,3.12397,3.23812,5.6405,2.78542,6.55447,4.69476,4.95939,3.19852
5.67821,2.3791,3.66536,3.74247,4.94991,5.83996,4.50183,3.57808,3.69172,4.71652
2.31913,2.17369,4.45239,2.76441,4.80627,3.19128,3.63909,4.97985,3.44191,2.93982
5.58503,4.17831,4.2201,4.70911,6.98021,4.07377,4.74639,3.79134,4.69359,3.82493
3.42521,3.89861,3.56175,4.75617,3.23431,3.62338,4.4155,2.74827,3.23918,4.46332
3.73057,4.47247,4.082,4.06567,4.3658,3.48778,2.5884,4.6569,3.14939,2.49082
2.05226,6.19533,3.2976,3.81222,1.92392,4.12273,3.51926,3.40734,3.92695,4.8164
4.66808,6.58583,3.32485,2.72745,3.24568,4.87882,4.55719,4.26487,4.1487,3.88599
3.99705,2.2054,5.58685,2.20482,3.50524,4.53778,4.62084,3.21791,4.27732,4.02827
4.89351,2.88884,2.28113,5.21645,4.29166,3.7197,4.51641,4.91182,4.51858,4.58772
3.5313,3.29767,3.26713,4.23032,1.8512,4.94249,3.47454,3.73177,3.41306,4.06
5.17828,2.81714,3.49955,1.61813,4.5867,4.00698,4.10891,4.21748,3.14318,3.31517
4.08692,4.09067,3.33455,4.76376,3.01902,5.4407,5.68305,3.7893,4.87803,2.48771
3.71845,2.23045,4.25131,5.20375,4.03059,5.11378,5.04666,3.86586,5.04877,4.42939
2.89757,3.89897,5.29999,2.62471,3.97871,2.59407,3.60553,3.18532,3.48281,4.00687
2.84111,4.02378,3.4862,5.07479,2.18489,5.25325,4.26804,3.33345,5.13845,4.59749
4.28481,5.82772,3.13037,2.50681,4.56498,5.53598,2.89116,4.66481,4.72241,2.78887
3.73245,5.49793,4.8495,3.03234,3.78874,1.4022,4.92593,4.37084,4.80916,3.00144
6.0248,4.99744,3.02722,3.83708,4.72908,4.77808,5.71699,7.18389,3.68416,3.69022
3.07898,4.01052,3.28148,4.22709,2.75996,5.03486,4.25804,4.43308,3.20939,4.04302
3.39379,3.23328,3.33839,4.83072,4.60699,5.45632,3.9302,2.92489,4.25449,4.30305
4.46105,4.30974,2.24173,3.43441,3.65832,5.37,4.49781,2.68133,3.56826,3.90033
2.0222,3.60337,4.0836,2.00825,4.14764,4.65036,2.45292,3.297,4.69504,2.91191
1.37888,5.22371,3.77469,5.12366,2.85145,5.67699,4.69748,2.91045,3.38798,2.80249
4.48416,1.95438,3.4725,4.12472,2.99856,2.29482,5.09327,3.96436,4.7264,3.97579
3.87383,5.02904,1.63376,2.9045,4.19271,3.21748,2.91336,3.61853,3.84746,4.17951
4.28142,1.92044,5.64109,3.45608,1.99772,4.77691,4.52658,2.78882,4.36534,4.46708
2.59512,2.1455,4.77968,4.34841,2.85132,3.20523,3.53996,4.83367,2.98706,3.49892
3.13208,6.06622,3.11675,4.78615,5.26622,4.34404,4.20886,5.13674,3.48227,3.88174
4.22971,4.68024,4.84077,2.70432,3.92751,3.63381,3.79733,3.41318,3.3902,4.31744
5.21743,4.56192,3.7216,3.88849,3.4793,3.72879,2.48932,3.41648,4.53313,2.9916
4.83562,3.18565,4.30374,3.23516,3.36344,4.16574,4.02308,3.7677,5.54487,4.81919
2.86197,4.85402,4.91673,4.01321,3.94827,2.55969,4.34037,3.01048,5.19852,2.87662
4.33008,6.50314,3.67809,3.20757,2.63008,4.53887,3.86623,3.80175,4.93646,2.06126
2.68353,4.73707,6.25516,2.91431,2.76086,5.16607,2.84424,5.21024,3.91946,3.65217
3.72262,3.16151,3.79284,6.06713,2.57079,3.58891,3.69595,3.00499,3.13281,4.67691
3.50813,1.8597,4.92734,3.7721,4.54437,5.34768,4.63672,3.86682,5.15767,3.81476
6.18462,4.96418,3.14168,4.05921,4.86183,4.86678,5.04906,2.83513,1.43601,5.58761
4.09847,5.91694,5.40257,5.15614,4.77369,4.1783,3.74691,3.31389,3.34574,2.58124
3.35388,1.39056,3.01287,1.68243,4.59975,4.03279,5.51228,4.76318,5.39922,5.95826
6.20464,3.5312,2.06117,4.51707,4.02035,2.3796,4.07392,3.94234,3.44552,4.5584
6.36623,5.38873,3.90991,5.08398,4.9749,4.37165,4.22584,3.14886,4.9339,5.29746
2.65137,4.60867,2.57668,4.94432,4.03584,4.38837,3.63343,4.84201,4.66627,4.98935
3.91906,3.33133,4.48124,3.08169,4.86971,2.26638,3.28179,3.86152,2.9189,5.13597
3.0121,4.8563,4.01795,3.79586,3.25277,3.87543,3.34306,3.38187,4.43941,5.52488
3.26267,5.97513,4.18151,4.19909,3.11459,5.06533,3.18071,3.03263,1.88441,4.46842
3.25256,3.43674,2.80674,2.84875,2.81017,5.13079,4.6886,4.42007,2.69691,4.04212
2.85281,3.36091,2.73254,2.72327,6.2451,4.51683,3.54588,4.66349,4.25118,5.27688
3.96997,1.69108,4.89073,2.90711,5.00991,6.44081,3.32574,3.56008,4.77968,4.80552
3.93366,4.72969,4.79754,4.91544,4.06431,3.09285,4.99668,3.90985,4.52104,6.01655
5.42306,4.12766,4.10885,4.46947,3.33296,2.81872,4.14959,4.31764,4.62622,5.16737
3.72128,3.69778,3.41633,3.96794,4.55282,5.10614,3.07319,3.33441,3.50171,4.64736
4.33486,3.5552,3.28538,4.27951,4.56614,1.62119,3.28681,3.63627,3.94862,2.93566
5.03722,3.31924,4.27086,5.58805,5.27369,3.7742,2.24639,3.95684,4.09729,4.012
3.80171,3.73921,4.02775,4.62496,2.47035,5.66582,4.83886,5.58265,6.43323,2.69203
3.79762,2.73355,3.89592,5.8541,3.45469,4.05724,5.46914,4.80702,4.70956,3.9221
5.5236,4.97437,4.0587,3.26269,5.05285,2.64667,3.1194,3.42725,4.63515,4.47755
5.71082,3.98982,4.05207,4.43215,3.56415,4.22066,6.79821,2.79672,4.77937,4.30823
5.05839,2.52474,5.71084,3.18206,6.76991,4.83042,5.01419,3.49111,4.40984,4.00344
4.55825,4.58119,4.32431,3.95983,3.65488,3.69634,4.91532,4.73588,2.34187,5.47558
2.66375,3.94279,5.34283,4.04368,4.94859,6.16764,2.73322,3.99308,3.89495,3.6128
2.72164,3.20858,3.26751,5.39036,3.31323,4.18843,5.22055,2.51305,2.72467,3.92609
4.0732,3.0538,3.08052,1.92565,3.44982,3.95974,4.22766,3.86457,4.90128,5.01988
4.17626,3.42203,2.02265,3.6136,4.21129,4.81281,3.49285,5.23002,5.11156,3.62115
2.23533,3.82937,2.51468,3.4365,4.92089,4.4206,5.0687,4.31169,3.39638,4.41443
4.33484,5.05624,3.84025,5.08574,2.50034,4.01941,2.15987,2.32405,1.73045,3.63352
4.70701,5.80549,4.46151,4.68875,5.28591,2.90412,2.244,5.31309,2.77872,3.42129
3.98819,3.66726,3.66568,4.35547,4.67068,4.25471,2.14954,3.27424,2.90027,4.26793
4.8924,5.22242,2.47401,4.08648,3.43845,3.66892,4.4556,3.96052,4.2688,5.33519
3.93899,3.91238,3.41715,1.9757,3.7764,2.93511,4.64356,4.76222,3.92522,5.07524
3.50009,3.70284,5.05072,4.34207,2.8639,3.54863,2.98374,3.73624,5.42158,3.8202
3.34304,3.11691,5.23392,3.16856,3.02264,2.13316,4.76071,2.86708,3.3197,3.48663
4.4907,3.07725,4.74378,4.02281,3.37408,3.40244,5.99024,2.72374,4.89498,4.81501
3.13957,5.61678,2.67569,3.6108,6.31759,2.34174,3.98982,3.75632,4.06811,5.29022
4.0834,4.69917,3.93372,4.93251,5.04263,3.9897,3.54683,1.47138,5.36288,3.45261
2.46438,3.93742,3.37348,4.64474,4.53502,5.07501,3.57556,3.49644,1.61685,4.04303
3.66045,4.11997,4.29354,2.81804,4.76128,2.54515,3.78242,4.52309,2.43315,3.29481
4.57042,3.80082,3.90265,5.29763,3.59092,2.21429,4.39614,2.70975,4.16186,3.23102
3.45855,3.58865,6.513,4.53529,1.20421,4.4982,3.31409,3.86224,4.03959,4.85247
2.90116,3.28679,3.76507,4.08905,4.16224,3.52649,3.00219,1.98725,5.13412,4.40521
4.26975,3.86369,6.04022,3.53299,5.69294,1.5398,4.34563,4.56252,4.01471,4.16494
4.00767,2.94139,6.69106,6.00139,2.68514,1.59271,2.80994,4.66901,5.54923,2.74998
3.77743,4.66878,4.25169,2.70947,3.03004,2.75262,5.74866,4.43396,3.63385,4.86834
1.8968,2.55991,2.46567,3.71501,5.87583,4.11583,3.83658,4.32387,4.48548,5.4586
3.48801,6.11269,3.19045,2.84379,4.78466,2.53828,4.43385,2.76117,3.91047,2.95745
2.85522,3.61303,3.80076,2.78159,3.89784,5.21575,2.00074,5.27218,3.88212,5.61483
4.48581,3.47735,3.5886,3.37901,1.87314,4.20377,3.56828,4.15038,2.37923,4.30617
4.05459,4.96145,4.04207,2.4907,1.72927,2.08239,5.12108,4.96959,0.625679,4.26912
4.25207,5.68475,4.77137,3.55288,3.09037,3.12989,3.81373,3.58309,4.71881,4.55008
4.68429,3.52959,2.58302,3.435,4.14391,4.23256,3.29944,4.95107,5.21298,4.60379
4.24046,3.43608,2.24277,3.62159,2.96735,4.38196,3.85852,3.50458,3.56093,5.43889
4.20332,7.05608,3.46185,4.16991,3.93565,4.7487,3.05134,3.4383,3.49973,3.37663
4.73165,3.07807,3.57796,3.69127,5.3351,5.2766,3.60253,4.38209,3.06851,5.12349
5.45951,2.74975,2.73134,2.84091,4.70628,4.29028,4.1341,2.42221,3.67246,4.23495
3.81417,3.95562,5.32533,3.67693,3.963,3.85566,3.02218,4.94158,3.54825,5.82232
2.85067,5.25702,3.42935,2.26329,4.22822,4.84149,5.19,4.5162,4.8034,5.67708
3.75113,4.27989,3.53445,4.37405,4.3241,5.93849,4.27201,3.853,6.30142,5.41707
5.40022,4.15066,3.20108,3.17243,3.54401,5.0924,3.22313,3.53231,3.95653,4.5294
3.49322,3.80326,4.45981,3.49021,4.56254,3.46337,3.64401,3.65707,4.11478,3.91372
3.62599,3.73712,1.76765,3.27494,5.13535,3.3509,5.19363,4.26562,1.90064,4.46713
2.72716,1.20972,3.73251,3.36407,3.93925,3.76823,2.93842,3.71575,2.23323,4.93593
3.91547,3.59349,3.523,2.90484,5.92781,3.52522,2.5092,5.02293,5.71749,4.98471
2.93261,3.82115,1.95614,4.685,2.34715,4.87273,3.3671,6.2156,4.20141,4.02146
2.98098,5.83617,3.59898,5.10529,3.5012,4.0164,3.91471,2.84075,3.30991,4.11747
3.74445,3.59765,2.35132,5.52336,5.90428,3.5629,3.16688,3.38356,5.62936,3.80569
3.75858,2.35986,4.33139,2.58638,3.1617,5.21675,4.20843,2.59264,3.77292,5.30773
3.16829,4.80405,3.75692,3.33291,3.95795,3.79687,3.63416,4.47844,3.19519,2.31186
6.95146,4.79601,2.93944,2.91023,4.39749,2.77323,3.79131,5.27271,3.98226,1.65397
4.23655,3.43679,4.10723,3.28078,5.1232,3.09861,3.98799,3.91476,4.2965,4.39666
5.46444,4.79891,4.01257,4.67634,3.3193,4.24705,4.88172,2.45236,5.22684,3.76687
6.19938,3.64663,5.03436,2.79132,2.88363,3.0554,3.1296,3.03447,5.09186,3.18514
5.55209,3.57746,4.07289,3.59544,5.19591,5.63643,2.58217,5.44808,4.34106,2.61551
3.86203,4.0713,4.60415,2.91974,4.01273,2.37179,4.08793,3.24994,5.69946,4.79759
6.22884,5.03843,4.13774,4.46822,4.81183,3.3227,3.01803,4.13644,2.85235,3.08977
5.96639,2.21014,4.35968,4.39053,3.13385,2.35322,3.33561,4.32391,5.06027,2.49599
4.52161,4.15126,5.3689,2.69991,5.42647,3.30381,4.34068,4.91447,2.76452,2.09906
4.4663,3.8151,2.48342,4.43577,3.29023,5.38739,1.86674,1.81069,3.79024,5.79172
4.20144,3.39207,4.67732,4.02881,5.37697,2.04109,3.36621,3.92065,4.86768,5.91915
3.90032,3.73028,2.78695,4.8005,4.47779,4.43622,2.53003,2.9351,2.17282,2.68183
4.63653,2.88499,3.55216,4.57974,3.96673,4.27123,4.57202,3.90016,3.91166,5.16485
3.05217,3.14352,3.32962,4.23137,4.07808,3.43073,5.09244,5.44493,3.62286,4.32862
4.63112,3.80656,3.20498,3.0519,4.88696,2.27135,4.56203,5.17213,4.48201,4.93687
3.35722,2.73953,3.92971,3.08295,3.38564,5.30751,4.61895,4.45062,3.80735,4.80299
3.93945,5.80742,4.93376,6.30818,2.7343,3.65524,4.95312,3.54312,2.87953,5.42406
2.21478,4.41327,2.90582,4.29774,3.70464,1.88936,3.83893,4.69616,3.75915,3.82969
4.19801,3.4324,2.26519,3.96407,5.28331,6.03219,2.73979,3.04999,4.72329,3.02977
2.7565,3.75121,2.75313,3.0324,4.14579,5.3254,3.2064,3.33234,4.51909,3.93589
3.94578,5.35224,3.58941,5.34676,4.29528,3.60827,3.94846,5.14531,3.23698,2.93353
4.16888,3.38264,4.08925,3.47726,4.33187,4.33287,3.83218,2.92629,4.92153,4.01387
4.88414,2.10509,4.73555,3.73974,7.30469,3.78966,2.40933,3.1578,4.90874,4.77276
4.91721,4.08869,2.44099,3.881,2.69624,4.81135,4.25748,5.81022,2.25166,5.45246
4.48406,4.01671,1.83043,4.03605,4.58997,4.57467,3.80083,4.69078,3.88899,2.53406
3.36158,4.48371,4.02484,3.52236,3.35469,5.35159,1.96302,3.95791,3.15449,3.61374
3.56748,6.28621,4.88318,5.27807,4.81757,3.32346,5.82159,5.45774,3.21799,5.28978
4.4807,3.65843,5.98139,4.34788,5.64151,5.05331,4.48482,4.13758,3.7359,4.44149
3.50112,3.0692,4.22604,3.57267,3.6535,3.25527,3.84816,3.01317,5.2604,3.43162
3.79279,4.58614,5.21487,5.36409,3.26725,5.07473,3.41125,6.42277,4.3887,3.93449
4.74015,4.90334,5.32703,5.49771,4.01111,3.9324,4.165,4.3693,2.55638,2.56664
1.79656,4.44214,3.50808,2.70131,3.0696,3.13001,6.44577,3.15266,4.93876,4.34231
4.22557,3.43825,3.44346,4.52136,2.78591,4.59422,4.04283,4.84403,3.96474,4.3599
5.06525,5.3419,1.51566,6.19231,4.9292,3.66208,3.69435,4.39951,4.80049,5.11427
3.51665,1.67559,5.62582,2.74571,3.84574,3.83606,3.72787,2.90393,2.67793,4.58759
3.81666,5.03661,5.00748,4.86949,2.64576,2.41684,3.10026,3.84774,4.78157,6.57931
4.6226,3.5016,6.62615,3.29132,5.05928,3.45875,2.70881,3.68544,4.59083,3.89738
3.34529,3.0185,1.90681,3.88832,4.6647,3.1513,4.54082,4.01185,4.50086,2.11396
4.55936,3.93039,5.60556,3.37062,3.91028,4.47013,5.49081,4.62455,6.12586,2.40106
4.75089,3.23151,2.24021,3.75129,3.00825,3.84909,2.74563,2.06399,4.20728,3.77635
3.79874,4.0841,2.25797,3.52117,3.87073,2.34533,3.48933,5.44207,3.32962,2.58092
4.09649,4.82952,3.65175,3.13448,4.93636,4.32851,2.7293,4.47681,5.04901,2.53241
5.15867,1.93912,5.07204,3.73333,2.38965,4.98154,5.19363,3.86477,3.67885,4.66976
4.99838,4.68944,5.05072,4.92466,3.83036,3.5899,2.47902,4.69735,1.96921,4.65976
4.02814,4.76087,4.70876,4.72905,4.57817,4.41404,3.66717,4.24791,3.51026,2.60828
3.85736,2.74425,3.12629,3.89851,4.69422,4.37354,4.15216,5.48689,3.70513,3.64378
4.69595,4.24685,3.47212,2.98812,5.02594,4.67495,4.04867,5.16182,4.83171,3.22674
4.22318,3.09863,5.11242,5.05793,2.63895,4.58031,4.64267,4.65524,1.70048,3.77811
5.599,6.03493,4.66902,3.80999,6.09523,4.56621,5.53234,4.2747,3.31593,3.20434
6.17065,4.36244,3.49868,5.33044,3.38739,4.39258,4.77832,4.76759,2.42826,4.13316
3.86377,3.39747,3.08993,3.50658,5.31215,5.15037,5.34024,2.56316,3.75594,6.33863
4.93165,4.66455,3.92615,5.15669,4.56767,3.29111,2.9983,3.81166,3.25004,3.80538
4.06295,4.08302,3.62645,3.54881,4.34713,4.15674,2.77198,3.73915,3.96074,4.46837
3.69693,2.96063,4.30803,3.60641,5.27069,3.77403,2.19954,2.14305,5.04728,3.96816
4.10213,2.42249,4.04948,3.44976,4.61455,4.71959,6.07676,2.43421,3.10675,3.89228
3.13725,5.37712,2.66407,4.50971,3.89844,5.26915,3.4212,4.60544,3.00058,4.26856
3.57548,1.82071,6.16096,4.49821,4.09092,3.6109,5.26579,5.68566,4.97926,4.60484
5.70873,3.09661,4.06882,4.81774,3.88478,3.77325,4.13621,3.75405,4.10185,3.94629
3.78428,3.9781,4.34829,3.25919,3.89967,4.02813,4.37758,2.12199,2.74688,3.96049
4.76447,4.90703,3.2874,5.5884,4.64629,3.26702,5.06179,5.38824,5.5701,3.81721
5.12517,5.00944,4.27523,4.43599,3.73005,1.4906,2.85171,3.84802,3.59397,3.63727
3.08218,3.18647,6.29236,7.26606,4.54781,3.31334,6.09764,2.65197,4.16772,4.2477
2.27682,5.34245,2.21053,4.267,3.85726,4.25376,3.51744,2.92704,4.07425,3.98316
1.53479,5.01754,4.94491,4.37918,5.37596,5.55027,3.69243,3.69325,3.2911,4.4544
5.65494,5.79874,2.89576,4.67185,4.52082,3.90535,3.09196,5.39073,5.76058,5.39612
4.89477,4.75469,4.45559,3.5441,3.64066,2.86351,4.16977,4.76601,3.17531,3.93467
4.71607,3.97324,3.45327,3.21507,3.15773,1.32359,4.56218,4.26567,4.13797,4.99039
3.28984,2.84511,3.23271,2.4466,2.51551,2.68236,6.56397,5.28508,4.67138,5.00692
2.90787,4.0776,3.4267,5.87146,3.38178,3.9918,5.10707,3.23019,3.50166,3.78321
5.02363,3.35233,4.01797,4.04924,4.0482,4.75946,3.66441,4.53973,3.35801,2.83566
3.56804,4.27027,4.53241,4.62291,3.15505,5.05408,5.91291,4.30805,2.49171,4.03762
3.6972,3.98168,2.84792,2.08939,5.06927,3.90919,5.02621,3.05249,3.90815,5.20115
3.66613,5.15227,4.5756,3.62042,4.32877,3.35026,3.11553,4.47525,5.46507,4.19295
3.25105,7.08575,4.20258,3.54994,3.12532,2.82041,4.79766,2.45378,3.68811,5.21339
3.79727,3.37333,4.14001,1.36861,4.87429,4.64982,4.36606,3.49022,4.47067,4.10463
3.53924,3.19794,2.34483,4.46441,3.67261,5.90908,2.87679,4.82945,3.52105,3.99531
4.855,4.55816,4.98245,4.10638,4.04585,3.50329,2.76245,2.69471,3.94274,4.24118
2.0914,4.02259,1.46058,2.78394,3.56719,3.42861,2.47471,4.93977,4.2358,5.32889
5.28178,3.96753,4.0817,5.89913,3.91715,2.79761,4.12457,3.72309,4.45441,4.51059
4.49434,3.61891,4.61056,4.53637,6.07516,3.98666,3.57701,3.98591,4.19463,5.03764
3.53665,3.40088,4.89367,3.70376,4.58242,4.2151,3.99015,4.28412,4.74186,2.98233
2.7125,5.25877,3.87013,3.42274,6.24445,3.91887,5.11009,2.66053,4.55881,4.35288
3.62381,3.47274,4.21671,3.0498,2.73062,3.17614,6.41963,5.34355,3.83336,1.26096
3.54721,2.46768,4.38917,2.30163,3.38297,6.27787,5.75498,3.70531,5.68743,3.11904
2.65379,4.25238,3.68234,2.74903,4.67409,3.89536,0.645572,4.65626,3.08855,3.13943
5.20265,4.02985,2.9785,4.48532,3.39906,3.61839,3.03127,4.52878,4.80101,6.15157
3.47184,2.91377,4.44755,3.92176,6.5877,3.44893,4.86503,3.19456,4.95182,4.51057
3.48355,3.8946,4.02105,3.75679,2.62896,4.03507,3.14139,3.03507,4.70002,4.48669
4.60392,3.9881,2.23654,3.2477,4.25789,3.05552,3.34998,2.43163,3.3925,4.14779
4.60095,4.38676,4.4126,6.59375,2.98048,5.58026,3.01917,4.67813,3.83068,2.80149
4.1725,3.47192,4.773,3.63027,4.13037,4.81427,2.36777,3.21161,4.24516,5.22804
3.52548,3.16218,1.55239,4.16476,3.63584,3.74758,3.14277,3.45383,2.46032,4.34227
4.9648,5.36668,5.0732,4.10815,4.07131,4.63855,4.75444,3.50813,3.81525,2.62333
4.23067,3.47858,4.23703,6.56624,3.92367,4.6404,3.27461,3.0294,2.43671,4.97162
3.76301,5.33754,2.68535,1.46192,4.27911,6.22516,4.50801,5.18659,3.23306,4.64962
4.08596,4.50164,3.86679,3.96665,3.93491,2.30356,4.25658,4.41852,3.854,3.64917
3.74882,2.37297,4.52639,4.33858,4.3544,3.24942,4.42358,5.59959,4.27783,3.36089
5.72721,4.76504,3.66225,5.63333,4.3113,5.43793,4.13571,4.01923,4.67717,4.91195
3.30653,3.02049,5.36856,3.95264,4.43827,2.68988,4.41448,3.15317,3.25474,4.98008
5.58173,4.86503,5.80655,3.74337,2.64577,3.94691,3.91445,3.68795,4.51948,3.21627
2.90309,4.34514,3.72347,3.35805,3.94004,3.26919,3.20873,4.55527,2.721,3.14647
2.6739,4.94178,4.1964,3.99806,4.01899,3.70008,5.28426,4.7869,3.27595,3.23519
5.96672,5.18712,4.37456,3.634,3.05462,4.4121,3.57493,4.78799,3.66126,4.0353
4.53904,5.03141,4.58229,4.76742,5.94469,4.48711,4.76616,4.8162,3.33617,4.22884
3.25621,6.67312,4.10207,4.02647,5.02186,5.57451,5.68854,4.71849,1.98762,4.81666
4.85646,3.92135,2.22556,4.19079,3.48638,3.92676,3.2656,3.0467,5.14147,3.91172
4.17464,3.91552,4.4483,3.614,3.41947,4.21733,3.63169,3.96933,3.46404,5.35553
4.67816,2.89123,3.89613,5.69294,3.07917,3.96841,5.50844,2.67329,4.43041,3.6562
2.84868,4.24575,4.04374,4.82949,5.41744,3.42404,3.55933,5.43213,6.49117,5.01343
4.51706,6.25819,3.99356,4.19988,2.55879,3.93008,3.51643,4.67075,3.12382,3.35561
4.19658,4.62667,3.38813,4.30192,3.8057,2.54472,6.15632,2.3554,2.54051,3.6901
4.3251,6.80539,4.5782,4.3035,4.98879,4.34127,4.21622,3.84354,4.29733,2.60499
3.68307,4.32008,1.67416,5.22647,2.53936,3.09025,4.45822,2.94823,4.84635,4.14728
3.91094,4.42198,4.73948,3.47253,3.15792,5.87021,4.46397,4.47186,4.87022,4.67577
2.75175,3.69306,4.04293,3.53592,4.5591,5.53853,6.59344,4.2446,3.64352,4.89029
4.59958,5.27768,4.14098,3.40764,2.50065,3.34241,3.02231,4.04136,4.20702,4.15228
4.06126,2.8493,3.9321,2.65764,4.26564,6.90399,4.53495,5.78894,4.03343,5.37462
4.68693,4.24083,3.71152,3.84266,3.3461,4.00168,2.19519,6.37837,3.88644,4.97887
4.19391,3.91177,4.76184,3.71603,3.25584,1.85286,2.9688,5.25717,4.73654,4.72809
4.14976,2.70963,4.61346,3.62794,4.14511,3.21397,2.72353,4.71401,1.12356,3.36326
3.8598,3.77644,4.761,2.57547,4.66416,1.88428,5.17959,3.95042,4.67218,3.73889
4.98512,4.01195,4.0528,4.00338,4.53275,4.52391,5.32474,3.28772,5.11869,5.50382
3.05897,4.336,3.77826,2.47877,3.25853,5.61772,5.62737,4.33243,4.39275,4.32946
3.41491,3.12295,4.224,3.42353,4.90621,3.56572,2.67307,3.14576,5.08992,3.79125
4.16318,3.08426,3.95116,3.75893,3.95582,3.80542,3.23112,1.88727,3.78041,2.24187
4.50597,5.46772,5.53355,2.34419,3.97873,4.81219,5.42969,4.45596,3.27537,3.922
5.30294,2.97762,3.10306,4.45229,4.85918,3.39897,3.81134,4.40391,3.274,3.30106
4.84775,2.82524,3.60753,5.57109,3.19075,5.84466,4.45542,2.66917,4.42476,2.78604
3.19488,5.47119,1.37204,2.70514,3.08559,5.66645,2.51803,3.91839,2.35393,6.67885
4.42457,3.0051,4.93817,4.8046,4.23032,2.82294,3.68265,2.81285,2.76526,4.32463
3.32154,2.74211,5.0604,4.66812,3.56495,3.62692,2.47238,4.0898,5.85244,3.78467
3.47728,4.98125,4.13752,3.78759,3.88557,3.16708,3.91282,3.97009,5.67928,2.64803
4.12535,5.4775,3.69704,3.58028,2.92989,3.66857,3.58431,5.91706,3.88828,4.80508
3.26052,3.81304,2.30541,3.6742,2.75492,3.09752,5.49501,2.98907,4.98862,2.83996
2.87574,2.77365,2.86307,3.93436,4.12247,1.42081,3.49938,3.87159,3.40831,5.0178
3.7033,4.34754,5.28157,4.76641,2.43037,4.44342,5.28067,4.66322,4.23302,1.75149
2.78666,3.69993,4.27888,5.24779,3.41831,3.00817,3.35882,3.80093,3.72041,4.57699
3.57437,2.41599,3.91135,4.54156,5.97242,2.1057,4.90686,4.82293,3.57397,4.20734
5.12999,3.78877,3.48118,5.85538,4.91249,4.29155,4.68719,3.42571,3.94386,5.02034
4.05395,3.13999,3.76481,5.61916,5.05039,3.72089,3.81764,2.42569,2.85964,3.23831
4.46248,6.39614,3.17025,3.56231,3.40455,3.14071,3.24536,2.22904,4.30446,2.41278
4.17508,4.07639,4.19623,4.8703,3.02991,5.09831,4.00651,2.0548,3.80075,3.70723
3.22194,3.70245,3.01935,3.90474,3.69455,4.54348,4.73385,5.31554,4.55209,3.10189
3.1374,4.00261,2.49856,3.78594,5.32189,4.65748,3.95398,1.74545,4.73412,4.79145
3.97075,4.54532,5.15421,3.97225,5.92728,5.2382,4.49586,2.83824,3.23706,4.75658
4.5295,2.40028,2.11265,3.43407,2.7403,3.23027,6.58626,5.14531,4.17995,3.50423
3.46863,2.49968,3.9042,5.61163,4.00001,3.62889,3.96213,2.91381,3.81762,4.12426
3.70426,5.15741,3.4434,3.71403,5.06683,2.57607,2.91862,3.22505,3.53633,3.30493
4.29779,3.59887,5.43007,1.93371,4.69633,5.04454,3.78833,3.02368,4.42204,3.67989
3.13884,3.01209,3.54399,4.76906,3.54888,2.97123,3.3025,5.74684,4.20795,5.81171
3.16144,2.95614,4.31588,3.35929,4.24836,4.35265,4.21123,6.10491,1.24929,3.23302
3.13672,5.60694,4.04676,3.82681,4.50076,3.90467,4.23567,3.64805,3.57697,4.13199
3.20936,4.34508,3.46093,3.3756,3.92379,3.28846,5.52131,5.34766,3.02612,4.196
5.10912,2.61588,3.72774,1.05176,3.23042,4.52124,3.77042,4.1438,4.25359,4.28701
5.41893,4.4796,4.04399,3.75725,2.97093,4.35645,1.98158,2.30197,3.15102,3.25843
4.9765,3.15929,5.93608,3.87689,3.98997,3.39073,1.96438,4.5203,5.37727,4.37337
3.80065,3.46817,3.40461,4.67155,3.30489,3.28572,4.5991,4.65571,4.17497,3.84341
3.34083,2.3581,4.55531,4.0176,3.7768,4.13096,2.99313,4.82077,2.97485,5.68551
4.04221,3.78809,5.54594,4.11398,4.24062,4.16374,1.61214,3.54073,4.41575,4.63054
3.45446,3.20815,2.35315,4.3718,4.45411,2.93237,4.01273,2.95206,3.76954,3.35269
5.08797,6.15503,4.91936,4.82807,2.42595,6.31996,4.07117,4.32233,2.98592,5.34679
2.94807,5.2299,4.52104,3.33112,4.0697,6.20619,4.14425,4.45972,5.1312,2.88684
3.91874,3.2724,4.04869,6.04939,2.52642,4.60902,2.67326,4.76101,3.78571,3.66765
5.00969,3.50815,2.9101,4.94639,3.32357,4.06835,4.81934,4.31344,3.37508,3.05325
2.12366,3.7619,4.88971,4.33379,4.51626,4.13753,2.89914,4.63848,5.61841,3.81134
4.48441,2.75721,3.44887,4.18164,4.82022,4.9382,4.75858,4.1939,3.55979,3.75529
3.58718,3.44784,4.07393,4.48714,3.59364,1.59955,3.31119,4.77491,4.13035,5.31553
3.9273,5.79508,4.03429,2.91109,4.19702,4.31051,4.84782,3.74279,3.96473,3.40984
5.07525,2.86167,4.27254,3.06283,3.24265,1.84388,3.28703,3.94871,6.95709,4.5463
4.95048,4.77143,5.22439,3.7837,3.86865,4.22883,3.355,4.07256,2.71687,2.33132
5.27363,3.99911,4.65127,4.56852,1.80841,2.39616,3.86342,3.96369,3.75417,4.01329
3.6937,5.45198,4.70666,3.90182,3.53037,4.62399,4.25596,4.30955,3.17224,2.52523
4.73943,4.19997,5.14016,3.46061,3.15104,5.19659,5.6266,3.95406,4.31697,5.01653
4.12408,3.05193,3.6778,5.54202,3.36009,5.20125,5.19269,3.63104,6.02747,2.65436
4.32852,2.2641,3.76981,4.83104,2.17559,1.97752,1.65211,3.58129,3.37534,3.65468
4.76261,2.48565,3.32656,3.98686,2.94988,4.85718,2.03013,4.3405,4.78655,5.03937
4.61791,3.13847,5.70617,5.88232,5.1428,4.96029,4.28955,4.8434,4.40658,4.8366
3.69783,4.2194,3.31996,2.32208,4.63103,2.93365,3.85644,3.27464,4.12034,2.6939
4.08545,5.36064,3.07775,3.97245,5.86909,4.40984,3.45765,3.42559,4.33233,4.56287
4.54417,2.805,3.14447,4.43006,4.94847,4.0277,3.58435,3.39738,1.76539,4.20785
3.41252,4.09107,4.43352,4.35738,2.60432,3.37316,4.60813,3.84246,4.19306,3.63669
4.81491,3.58791,2.856,3.04048,5.42224,4.21065,4.44008,3.04829,3.68589,4.2036
3.91992,3.4004,4.37857,3.37835,5.32728,3.83471,4.46167,3.44954,6.10663,2.76482
6.04502,4.13623,4.00731,4.22298,3.23654,4.78597,3.03475,3.78138,4.74712,3.69816
4.0723,2.32657,4.22165,3.67943,4.22269,3.80954,5.37229,4.2489,3.91257,3.79832
3.92698,4.62293,3.35121,3.80739,5.32966,3.83348,3.39013,3.04582,2.96728,3.49698
2.29606,4.30989,2.56396,5.33458,5.54527,4.62438,4.71179,4.35659,4.0767,6.54725
3.56785,5.25054,4.94418,5.04953,4.30379,3.12615,3.43753,3.20624,3.74915,4.97117
5.44751,5.51194,4.68543,4.03879,3.65629,4.94239,1.24761,3.52018,2.29858,4.17502
5.10042,3.15292,3.26024,5.7537,4.04305,2.86055,4.96934,5.04831,4.43274,2.90061
3.33424,3.66296,3.23988,3.05111,6.48389,3.68623,2.0233,3.28519,4.68983,3.79772
2.65502,3.72438,5.00761,4.07442,3.80793,3.57111,5.77259,2.96918,4.4856,5.31976
1.93511,5.97369,4.63488,3.68055,5.17713,2.735,4.32848,4.86152,3.35872,2.21591
4.15444,4.65484,4.06358,1.65616,4.73136,6.06998,3.23099,6.02247,3.84795,4.78565
4.80753,5.09927,3.4798,3.6267,5.24581,5.05578,4.50546,6.14086,5.13789,4.20599
5.43207,4.04394,1.78468,5.94812,5.37158,4.31224,2.38561,0.992575,3.99135,3.38584
3.98316,3.91376,5.91028,5.48502,4.0336,4.69694,4.14493,4.32287,5.91499,3.96156
5.68166,4.77405,4.98201,4.32677,6.20802,4.447,4.2235,2.71922,4.70562,4.65183
2.70192,4.86442,2.59867,4.35268,5.54007,5.9232,4.79997,5.88643,3.78021,5.75841
3.2918,3.90641,4.50572,4.65747,3.29127,4.32271,3.44066,2.24594,5.19661,2.20932
4.14262,3.06648,4.70321,3.30188,2.21254,4.78362,3.41677,3.7862,4.24316,4.11548
3.90986,3.99501,4.13686,4.32546,5.11139,4.03371,4.2221,4.29097,4.32243,4.67836
3.96202,3.93896,5.88062,2.73529,4.13558,2.88656,4.23322,2.14544,3.74025,4.09661
3.64161,4.51125,3.10711,2.74215,2.88639,6.96775,3.03587,4.29552,3.65338,3.30364
4.89194,4.16397,2.6376,4.25978,3.48495,1.23131,2.62391,4.96563,5.23031,5.3435
3.59781,4.68507,3.24598,1.75617,4.21677,3.26871,3.96988,3.16836,3.07708,5.58112
4.54965,3.84855,2.30043,6.00282,3.42713,4.78269,4.48547,2.6762,4.9122,4.25764
3.00405,4.14441,1.2566,3.32324,3.78347,4.74909,4.08102,2.6931,2.34919,3.69742
3.3963,5.23034,4.88789,5.22653,3.83434,3.52109,4.57514,3.85213,4.42755,5.01055
4.35348,5.45844,4.70802,4.93188,4.87543,4.47163,3.6111,5.12935,3.73295,3.47858
4.34192,4.11469,4.18833,3.63866,4.15594,5.92629,5.58072,2.64386,5.51526,3.66946
4.45136,2.03139,5.30499,3.70211,3.5222,3.5471,3.9243,3.29387,5.20773,4.94416
4.2424,3.40756,4.40537,4.54204,3.51168,2.83626,3.62212,3.22995,3.12728,5.77121
2.38537,4.00788,4.8956,4.43412,4.4196,3.78786,4.05311,3.90139,2.5231,4.3841
3.84662,3.11101,4.04839,3.19353,5.89432,4.23458,6.14316,4.22962,4.36165,5.85956
3.43428,4.44107,2.71079,5.28152,4.69808,2.98039,4.35932,3.76208,4.73979,2.11941
5.7182,3.80485,1.59996,2.23187,3.08846,3.4753,5.34294,4.87553,4.39041,6.30582
2.58097,4.30712,5.68698,4.34153,4.57434,2.98024,1.87233,4.80883,3.66593,4.24343
4.02308,5.68632,4.56812,3.8069,5.46726,3.91452,3.06352,5.15482,2.9595,4.60684
3.50403,4.23881,5.26994,5.2777,3.75017,4.25084,4.34876,4.28745,3.56438,2.76908
6.96967,2.98273,4.73995,3.059,1.46798,3.95304,4.82333,3.43484,5.30946,3.42979
2.95985,3.34331,1.94119,4.32621,3.55934,4.50733,5.34848,3.70198,4.04539,4.2537
2.35243,3.87181,3.34509,4.48235,3.32821,3.75954,4.95796,3.71051,5.31178,3.54092
3.33238,3.38083,4.14847,5.6683,2.21769,4.75415,4.52264,3.69655,3.61714,3.14167
5.52212,5.2584,3.63692,1.90366,3.26215,3.55225,4.49814,3.00325,2.83747,3.96691
4.48138,4.3785,4.08041,4.42792,5.59884,3.01688,4.73666,4.10939,4.41328,5.46269
5.19265,4.58931,4.53206,3.26544,4.10544,2.64167,3.5654,3.52696,5.22436,3.71694
3.82063,4.42684,2.87985,3.49483,4.17554,4.62149,5.09406,3.5144,4.56195,4.54604
3.61703,2.34675,4.38446,4.3992,3.942,4.01049,5.26337,4.90194,4.3568,4.61829
4.26873,3.88151,2.81914,3.26137,3.29262,4.59453,4.21967,5.23109,3.48975,4.59499
4.80697,3.13592,4.74133,4.82279,3.43979,2.80471,4.45768,3.18548,3.85537,5.31448
2.88031,4.96733,3.19992,4.40598,3.78134,5.28105,1.75426,4.64047,2.26587,4.70777
2.4711,3.83245,5.48302,2.74321,4.99131,5.69822,3.18889,3.64466,4.32924,3.28739
3.23985,3.81095,4.34813,4.43573,2.87519,4.17596,3.89676,3.8216,4.71538,4.71902
5.64921,4.08336,5.89588,4.44142,3.83745,3.34905,3.54256,3.69862,4.07192,5.12286
4.27469,4.53455,2.9548,2.83288,2.40752,5.14521,3.50508,3.35951,4.1321,4.62268
4.15752,4.40854,2.97704,5.15071,4.54882,4.0807,3.33236,4.18349,4.44251,3.29106
3.08757,2.93875,3.96007,3.85134,4.5076,3.91887,3.79051,5.17806,2.22848,4.85279
1.74088,4.9134,5.4163,3.46158,3.4189,5.61349,3.78439,3.3029,4.25717,4.42637
3.99467,4.56975,3.37288,4.89609,5.66432,1.95197,5.55361,2.7348,4.2975,2.15881
5.07549,4.19272,3.883,2.90121,5.19565,4.15541,4.71322,3.20991,4.56943,4.12728
3.24378,2.86211,3.41758,3.41995,3.7489,2.91193,2.92124,4.02432,5.35179,5.31191
2.71327,5.74511,3.37839,3.57513,5.71491,3.959,4.10764,4.86153,1.48112,2.87825
2.8834,2.17146,4.71951,4.6595,3.86678,4.61781,3.73523,2.03681,4.4021,3.50397
3.15669,2.3607,2.70212,2.99603,3.74764,2.86965,5.07112,2.30727,2.99392,5.07177
3.28621,5.16446,2.32955,4.71878,3.77389,1.35068,4.04684,4.37599,3.86084,3.37429
1.45437,3.37883,5.40212,3.06285,3.96221,3.13241,3.66296,3.56924,3.81511,5.47254
2.97844,4.44617,3.3347,5.41362,4.31536,4.42665,4.82106,5.30383,1.54484,5.32431
2.94932,5.14104,4.45269,4.30539,4.80627,3.11476,3.02832,2.80572,5.7617,4.42133
3.38521,5.24328,4.8438,5.0105,5.03751,4.32126,5.51056,3.98616,3.09125,3.09745
5.29878,3.82555,4.64117,5.5034,4.17272,5.51215,4.45139,2.89952,1.65295,4.05177
3.27923,4.44669,4.7805,3.46134,4.04615,4.4905,3.97789,4.938,5.47467,4.25831
4.0381,2.41504,6.48528,3.3162,2.32389,6.47226,2.52444,4.52685,4.2757,3.70812
5.3799,2.52937,3.35227,1.97223,4.25598,4.49805,5.20397,5.59449,4.6208,1.95639
4.01177,5.07049,2.98639,3.55389,5.36979,6.40194,4.09168,5.13736,3.69314,3.62843
3.9834,3.98043,5.27201,2.28577,3.46334,3.10972,4.54707,3.62125,4.07897,3.48681
3.43689,2.75824,4.71218,2.11024,3.54229,4.0824,3.54346,1.4856,4.30129,3.69054
4.64509,3.21761,3.88274,4.19008,2.46472,3.77754,3.00318,3.56165,4.99527,3.24813
4.12695,5.40356,4.95649,3.16403,4.30933,5.95548,4.87957,4.00952,3.39592,3.82497
2.70246,5.83832,3.62111,2.71941,2.65507,3.68895,5.80573,3.82111,1.74806,5.41533
3.59115,4.33345,4.58112,6.75482,2.85431,3.45602,4.33859,5.70421,3.28964,4.50279
4.1926,4.4475,4.66483,5.14665,5.56881,3.23855,3.4078,3.8466,4.62387,4.37597
4.57794,3.66201,6.39763,2.57898,5.24423,3.85418,4.4717,3.6162,4.3599,3.14845
5.22599,4.1982,5.24838,3.19109,4.4267,4.42093,5.24854,5.4075,4.44532,2.87504
4.3823,4.25402,5.64637,3.24184,4.34165,4.34359,4.58841,3.52865,4.22707,4.48102
4.20927,2.65248,4.73179,3.31493,3.82991,2.97873,4.77109,4.18296,4.99582,4.17336
5.4816,3.12495,2.25737,5.01635,2.55464,3.03156,5.04012,4.84972,2.29268,4.71545
6.38147,5.18188,3.19372,4.34828,4.78175,5.22208,2.51362,2.01113,4.94001,2.97778
3.76234,3.80855,3.69347,2.26577,4.93171,2.65472,5.5616,5.89641,3.59511,4.09165
4.8813,5.20676,4.60178,4.11506,3.7082,5.04589,4.38268,3.01143,3.39869,4.29447
4.00573,3.17982,4.19636,4.42233,3.09904,5.72775,2.16055,4.28858,4.61286,2.47062
4.9701,4.47929,3.43943,5.19843,2.50717,5.75316,4.65122,3.53761,2.5858,4.14188
3.61682,4.08346,4.36367,2.3688,2.66369,2.57997,5.21612,2.49799,4.53272,3.75564
3.55802,2.63918,5.21431,3.84166,4.27778,2.40041,3.91466,4.27656,2.31909,1.3994
2.5823,4.28601,3.29598,3.91539,3.78486,3.69896,4.51523,4.35779,5.16425,2.72799
5.97879,3.58118,4.39436,5.70031,2.94126,3.46411,4.40607,2.79059,5.39683,5.39621
4.67142,4.38673,4.86628,4.25713,2.4376,3.91521,4.41988,4.45091,5.97573,4.28442
2.37772,4.02106,3.50334,3.61665,4.67373,2.91217,4.8989,2.73871,2.96123,3.65866
2.41293,2.82004,3.05373,3.42751,1.85045,3.90122,5.80829,3.8712,4.2339,2.80932
3.78847,5.35161,3.93948,4.20242,4.18817,5.09798,5.29919,5.32793,2.98462,4.74901
4.5115,4.37263,3.84695,3.97363,4.89805,4.07063,3.76749,5.266,3.09577,4.04622
3.76589,4.57718,3.07641,4.60538,3.46948,3.96955,4.86304,3.66166,3.571,3.56956
5.16624,5.04538,3.41028,3.14745,4.06822,3.10174,3.21765,4.09344,3.57714,2.52396
2.83969,3.11968,4.3623,3.48118,5.35397,4.15665,3.69834,5.67241,4.207,2.91795
3.43734,5.20972,4.41813,5.31668,3.86545,3.04016,3.41821,3.64818,3.35294,3.07409
3.81481,6.85801,3.88243,3.0683,4.25096,4.84364,4.91368,4.80888,6.04683,5.36015
1.39567,4.00745,4.89103,3.15448,2.73737,4.57818,2.88467,5.72444,2.10633,4.76377
3.17648,3.01379,4.73525,4.40869,3.65421,4.07809,3.51112,2.6614,4.48292,2.90504
3.84998,3.82295,3.82936,3.98039,3.55005,5.21278,1.49666,3.55406,2.55563,3.22031
3.92759,4.20099,4.38239,3.05416,5.63545,3.88169,4.26899,3.22586,2.57756,4.59668
4.40493,2.58401,4.00013,3.36178,4.41268,4.57731,2.50563,3.82278,5.02513,3.48455
4.71458,3.45726,2.45766,5.96675,3.852,4.82361,4.97239,3.1164,4.01456,3.20291
4.534,5.48106,3.134,4.92169,2.40304,3.84308,2.53447,5.05602,2.71945,2.81949
5.50232,2.01588,4.68821,4.11731,5.0856,3.153,2.28017,6.20528,5.05576,3.9535
3.03691,3.6018,5.15224,5.88731,4.11273,2.78428,2.95524,3.47689,3.55577,4.51011
5.5589,4.39408,3.85489,3.14874,4.34318,2.99462,5.14635,2.72613,5.18644,3.65024
7.00515,4.61115,4.08823,4.80691,4.50371,4.05895,5.39767,4.25549,3.29362,4.0731
4.75687,4.09953,3.45224,2.85906,4.31051,4.02876,2.79889,3.40213,5.17291,2.70244
3.35424,3.42494,5.59958,4.6546,3.56643,5.50477,3.50822,5.33768,3.79347,4.68158
6.65102,4.37449,4.31642,5.24567,5.33838,4.17708,2.45703,4.96792,4.61415,6.8334
4.50618,1.86044,3.6899,3.59723,5.33572,3.98291,3.75708,4.26029,4.47502,4.73267
3.18022,4.10303,4.67902,3.86213,3.36561,3.77632,3.86135,3.12618,4.32389,5.76366
4.83815,4.58088,2.90566,4.71948,4.82447,3.93246,4.58611,3.8442,2.12334,5.35574
4.02684,3.61635,4.02499,3.13837,3.37063,4.3834,3.07835,3.5908,3.04977,2.70216
1.66262,4.33362,3.53704,3.47989,6.1369,2.5882,3.95351,2.92509,4.36163,6.01824
7.04794,4.54642,4.52447,5.40408,5.08064,3.88855,4.1755,3.11524,1.58885,3.87794
3.92977,3.93749,3.23871,2.57595,2.52925,2.66744,3.54252,4.45447,4.23369,3.10241
2.45536,4.35034,4.95921,4.87145,2.6538,3.11755,4.60048,5.19063,2.54725,3.96006
3.34561,4.13679,3.27528,4.31268,3.02804,3.21322,4.58212,6.05054,3.01678,2.59634
3.28104,4.91207,3.53032,4.29368,5.33422,2.58103,2.92771,4.42031,3.66882,3.25449
4.11954,5.17287,5.57992,2.72854,4.59059,3.08766,5.1395,5.31386,3.53091,4.03557
4.79154,2.84823,2.67055,3.43597,2.76956,4.11469,4.19161,3.2038,4.33211,2.86892
2.21642,4.30832,2.54114,5.7384,4.40131,2.81143,3.89012,6.34615,6.04063,4.39505
5.04985,4.71735,3.00124,3.79319,4.87984,5.69488,3.50213,3.98635,3.37835,5.82371
3.96313,6.16742,3.38016,3.91749,3.54678,5.07568,1.99315,4.96541,4.67266,7.31654
5.15641,3.42706,5.09489,3.50345,4.42349,3.09117,3.09433,4.13728,4.48076,3.68772
5.21268,4.61159,2.81318,3.11734,4.04242,3.35214,4.08516,3.92869,4.43338,2.08673
4.40526,3.63196,3.82826,4.23811,4.64338,3.95164,5.73158,4.83648,3.11521,4.61605
4.45991,5.14557,5.18015,2.25807,4.05338,3.60167,3.38463,3.2128,4.37023,3.0262
3.07189,2.94947,2.14866,3.4189,4.79565,3.01142,4.61184,4.17971,5.49485,4.96107
2.9872,3.67814,3.24321,5.03881,4.28388,3.38078,4.28262,6.11828,2.65815,4.80333
4.99728,4.96409,3.53163,4.17724,4.02117,4.22883,4.16277,2.88324,4.23442,4.36782
6.04868,5.0292,2.96052,2.77679,4.13518,1.36887,2.9751,4.41326,4.80982,4.6155
3.59195,3.03319,3.81406,4.56093,5.24835,3.63797,4.95713,3.49945,3.41137,3.2156
4.2714,3.53912,4.36449,4.43454,4.30222,2.6901,2.96505,5.90027,4.46402,5.83127
1.68512,4.47359,2.81464,3.57863,3.80927,4.76434,3.44286,3.71937,2.62352,3.71438
3.11912,4.46838,3.65099,3.91961,4.50757,4.72056,4.10108,4.66897,3.82418,3.88694
2.2636,4.85804,6.0323,3.23959,5.38371,2.27918,4.12127,3.50869,4.34506,4.41217
4.66597,3.25827,4.33579,2.91893,3.56889,3.17175,4.67757,2.79556,4.26998,3.85859
2.75186,4.55104,2.6777,4.1868,5.11369,1.79138,4.76279,2.90495,4.75584,4.26628
4.40978,3.27465,5.35564,6.7174,3.49836,6.05233,4.36097,5.11189,1.35813,2.41332
4.07019,4.20023,3.66208,3.24959,3.50745,4.47854,5.48632,3.1112,5.55186,3.29605
5.07989,2.66729,3.6906,2.67736,3.52894,4.72412,4.34292,5.87055,5.146,4.95535
3.42762,5.10187,4.48994,5.71808,3.93527,2.70001,5.93045,2.69595,3.82642,3.57174
1.68621,3.76195,4.4353,4.86241,3.44837,5.39472,2.5561,3.69178,2.16902,3.14284
4.03933,3.68471,4.83588,2.95654,2.50449,2.55795,2.69666,4.38054,3.41007,4.82967
3.25831,5.65591,3.29908,5.09408,4.74876,2.82923,3.53964,3.98909,2.89979,4.22714
3.69836,4.89596,2.7757,5.18266,4.52365,3.44092,4.37403,6.32589,3.94259,3.91696
5.67959,4.55197,3.77093,4.22813,4.7875,3.86719,3.60925,4.00802,3.34784,3.77578
4.63626,5.15025,3.88215,4.07625,3.89466,4.41419,3.19453,3.92055,4.25242,3.5594
5.44686,2.58123,4.9464,4.81072,3.73095,4.40982,3.19202,3.73538,3.53821,4.21661
4.3453,3.32529,4.18028,4.89795,3.23159,3.27714,4.01045,3.0706,4.49664,2.04458
4.30707,3.91655,4.1013,3.87274,5.09554,5.21222,5.15043,3.20773,4.72874,3.79423
4.10466,5.262,4.05953,4.60684,3.07753,4.45252,5.35578,4.42011,4.83572,4.07277
2.3495,4.90725,3.75291,5.61319,3.2835,3.27758,4.91121,5.66362,4.37896,4.435
4.21769,0.395145,5.773,1.90298,4.9792,3.70575,4.7442,3.45655,3.87046,4.25325
3.93315,3.82077,4.25665,5.67425,3.69143,4.72252,2.82244,4.73138,2.18702,4.10212
4.36059,5.53025,5.38723,5.22102,2.73226,4.1683,5.34847,4.26355,3.95444,2.52326
5.27051,2.76651,3.764,5.70846,3.77452,4.96235,4.07591,4.88675,3.7661,3.75846
1.99219,3.5665,3.601,3.59592,2.72469,4.83581,4.42468,5.14947,2.93103,3.26795
4.08287,4.29842,2.47015,5.54795,3.29826,4.3098,4.71796,4.31725,5.1269,5.77116
3.77062,2.88788,5.08966,4.34161,4.96545,4.86671,5.48517,2.26156,3.00513,3.69976
3.91769,4.77975,3.96678,3.86191,2.91029,4.23892,3.62916,3.1238,3.47981,4.25729
3.8075,5.7285,4.15942,6.29032,2.8822,3.56121,4.13571,3.07269,2.88518,4.04239
5.20735,3.16619,6.68785,3.22639,4.6211,4.07689,3.34916,3.66747,2.05356,4.42676
3.90731,5.30226,2.61838,3.85754,2.88095,3.43216,5.117,3.74982,2.48786,4.62347
3.8936,4.80497,4.49788,2.93938,2.44842,5.52445,2.76621,3.16852,3.48116,3.10255
2.96942,2.06283,3.45451,3.25156,3.94453,3.24044,4.60557,5.52422,5.13738,3.94974
3.91721,4.64412,3.53185,3.4882,5.05539,4.68969,6.34799,5.47248,5.46114,4.09045
3.45699,4.89515,3.05391,4.21767,4.38445,3.60373,3.89733,3.81716,4.99943,4.28043
3.89392,7.05931,4.0612,1.03053,3.12024,3.20802,3.94291,4.44854,2.58163,4.44056
4.11972,4.38495,4.80595,5.29383,4.81418,4.47512,3.80927,3.24047,3.11002,2.30631
3.92233,5.37406,3.93328,5.69233,2.18519,3.10402,3.14217,3.73194,3.05521,3.8749
2.86825,4.97554,3.79389,3.46625,2.63444,3.90264,2.55049,4.28652,4.03358,2.05333
3.46949,5.74132,4.8487,3.44509,5.06484,2.68873,4.23236,3.9224,5.127,4.12689
5.06829,3.77168,3.75908,4.26328,3.38562,4.72079,4.15286,2.51314,3.68201,2.76338
5.36613,5.10279,4.89257,4.59097,4.69547,3.8626,5.82662,4.14687,4.29872,3.35306
5.16311,4.23965,4.82468,4.00454,4.35538,3.54048,4.70712,3.83824,4.45507,4.50632
3.78201,5.3241,4.54594,4.63036,3.87718,2.87862,4.46483,3.18476,3.72749,2.75299
3.64678,3.94534,5.69576,3.64434,3.91781,3.09368,4.05638,3.19002,3.56063,3.38604
4.40036,6.73927,4.27632,3.32518,4.20693,3.23477,3.75116,2.01086,3.47652,4.9907
2.55089,3.90301,5.49459,3.32535,4.41479,2.21417,4.28722,2.00954,4.9007,2.42625
5.58039,3.59527,5.36728,3.16891,4.34683,2.86831,4.46119,2.80623,5.10889,3.44497
2.26202,3.63696,2.29335,5.86775,2.353,4.96597,4.41511,3.9564,3.79977,2.89197
2.96083,3.68205,3.55385,5.39621,3.88064,3.69058,4.49443,3.44587,3.99232,5.28981
4.31444,4.01582,1.98625,5.56637,5.67463,4.40402,3.50303,3.33755,4.45417,3.72047
4.94753,4.18279,4.34231,3.5575,3.10523,3.91659,4.33013,5.176,4.54043,4.52365
4.52221,4.35354,3.54781,4.08491,4.50554,3.47709,2.80221,4.63971,3.98486,2.2593
2.31099,7.14289,2.99944,4.73805,4.77397,3.93948,4.1976,3.21195,3.81699,4.92301
5.14877,4.66469,3.9641,2.91642,4.77573,1.38869,3.06525,2.92909,3.65834,2.9017
4.12398,3.97996,3.29789,5.18812,3.11657,3.50058,3.67014,5.11992,4.23107,3.35315
4.85072,3.75069,3.99374,5.17085,4.13144,4.09236,5.06229,4.31462,3.62699,4.00323
4.63785,3.16372,4.46479,5.40074,5.50274,3.45344,4.76884,5.0384,3.02006,3.6226
4.27133,3.21147,2.42761,2.99098,3.93474,2.1824,4.46811,3.00697,3.99772,3.85652
4.47562,3.39289,3.11515,5.39058,3.98503,4.93606,4.52558,3.61414,4.11882,3.22981
2.57431,2.96684,3.29758,4.73482,4.12304,2.61526,2.90635,3.86853,2.73373,4.76417
2.84437,3.13052,3.03456,2.74222,3.29711,3.91816,4.62788,4.58305,3.28546,4.75763
1.91814,4.28719,2.76399,4.04741,4.18197,4.80873,6.37084,2.8691,3.21624,3.54055
5.32239,1.89793,3.79253,3.43617,4.39131,4.16073,2.044,4.34522,3.31775,5.10263
3.09084,4.22212,3.47387,4.12506,4.2837,4.37954,3.80037,2.99525,1.31091,5.24041
2.2666,4.96722,3.90183,4.45431,4.74097,4.81084,4.45257,4.02791,5.63703,5.04637
4.6391,3.74348,3.81709,3.38525,6.47649,4.23775,3.01903,2.03648,2.94427,4.77386
4.65077,2.40521,3.69059,2.67134,4.79501,3.31616,3.85392,5.48836,4.21002,3.35014
3.06259,4.99099,4.12346,4.19781,5.32948,4.06472,3.0248,3.01244,3.74025,3.57313
4.08541,4.67904,5.4694,2.73373,3.4092,4.02856,6.79365,4.92774,4.00494,3.54943
5.9732,5.43634,3.96873,3.46519,2.77493,3.69355,5.56279,5.01415,4.35645,4.43071
4.21726,4.34337,3.22055,4.32987,3.43815,5.26666,4.72908,3.47583,4.34013,4.77999
4.4116,3.53455,4.59579,3.5016,2.36561,5.29205,3.10538,3.03509,5.44082,3.69115
3.24121,5.21185,2.78823,4.99669,3.10617,4.65469,2.53927,5.84654,3.68254,3.38131
5.30917,4.38558,4.87348,3.44514,3.28784,4.87724,4.57968,5.39624,3.74153,3.07089
4.1361,2.53982,4.66738,4.43486,3.74068,4.44583,3.2557,5.2025,3.39194,4.16398
5.14233,2.89964,4.22834,4.40144,5.61463,2.91014,3.8593,4.29374,3.04622,4.50064
3.33874,4.71905,4.14519,2.86574,4.76953,4.988,4.25785,3.68433,3.64074,3.27065
3.10763,3.53488,4.17468,3.07029,3.76454,5.34318,2.63666,3.18761,4.84158,5.15079
3.01865,5.70237,6.0353,5.46818,3.93225,3.84568,4.53935,4.74885,4.48225,3.89288
4.02923,4.10409,3.59868,2.90319,4.50914,2.96606,5.3778,2.95685,4.76217,3.79396
4.15605,0.735547,4.08843,3.13883,5.85286,4.76837,4.06952,1.81652,4.78157,2.83002
3.67985,3.20469,2.42845,3.24078,3.49974,2.56997,3.61337,5.01688,3.85503,3.72889
2.5289,3.20628,3.33594,4.2579,4.54541,4.16289,4.17042,4.57381,3.13151,4.16872
4.38591,3.97608,3.50982,4.92876,6.48904,6.11543,3.22929,4.72987,4.37814,3.77136
4.31854,4.90023,1.231,5.6078,5.64679,4.00899,4.9007,2.3727,3.77655,3.07821
4.21715,4.64394,3.29518,3.30841,3.32838,2.13213,3.95173,4.04063,4.22809,3.76769
2.23823,3.40754,2.59623,4.11285,2.55869,4.62829,5.39292,2.46805,4.89359,4.51977
4.53739,4.02066,4.66181,4.99064,3.86857,5.39556,4.31556,3.89714,3.12886,3.90129
4.39647,4.7956,3.11135,3.7507,2.17535,4.28656,3.02026,4.58349,4.40802,3.12327
4.28334,4.44629,4.4809,4.00124,5.00804,2.86987,2.96941,2.27469,4.73304,4.29538
4.44567,5.88011,3.26933,5.09968,3.1131,3.08436,5.4837,4.0469,3.88913,5.36294
5.48069,3.77664,2.57083,3.76812,5.53271,2.78919,3.52095,4.7787,3.8867,5.2219
4.70648,3.28386,4.15994,4.77461,4.25575,3.56619,4.5254,1.86468,4.9155,4.20186
6.43901,5.03333,3.20718,2.89573,4.29326,5.2829,3.92354,4.37257,2.38202,5.66028
3.95669,4.55751,2.51411,5.48871,2.5972,4.30873,2.83852,4.75527,4.80432,3.31619
4.24905,3.89237,3.91676,2.03896,4.2657,4.25597,4.19656,5.29002,5.00522,4.99631
3.31253,2.83967,2.52248,4.48145,4.59721,3.28405,2.34303,4.43294,3.40544,2.77599
4.14332,4.90518,4.04175,3.83416,4.60041,2.31703,3.49157,4.71627,2.80879,2.24207
3.70502,2.0459,3.24589,3.72111,3.44341,4.05144,3.68483,5.04232,4.45941,4.43175
4.03723,3.54568,4.07328,4.8465,4.40993,2.37497,5.0089,3.45896,4.62876,4.92101
3.37549,4.94512,5.17427,2.34236,3.51495,4.34034,4.045,3.86931,3.56835,4.72188
4.3615,3.44268,4.30201,4.45493,4.07817,4.02891,4.23292,2.75341,4.72541,5.38945
4.59798,2.55694,3.8547,3.53412,3.76436,4.92547,5.45762,5.64633,5.94735,4.49538
5.6049,3.58826,3.16686,4.04927,4.84543,3.53662,3.98603,4.27451,4.26465,3.05461
2.39612,3.60519,3.70857,4.40116,3.57685,3.95252,3.49948,4.13739,5.17265,5.20105
4.86406,3.46519,5.20347,4.21768,3.84652,3.92417,3.94758,3.77951,4.72543,5.03197
4.21077,5.07022,3.84937,4.50517,3.66213,3.81543,5.5854,3.55704,5.43335,2.8843
4.92602,3.47483,4.77104,3.29685,3.52485,4.10638,4.76137,3.25387,5.52019,5.7839
3.49741,4.44832,2.55585,4.14052,3.61373,4.8015,6.3756,4.55618,5.90697,3.34343
2.93543,3.31996,2.07687,4.33247,5.12722,5.31291,3.2796,4.08738,4.55442,3.15723
4.61115,5.59525,4.82513,4.42008,4.18625,4.09145,4.24903,2.41617,4.20658,3.73715
6.31103,3.99096,3.55301,4.56098,2.00285,5.16167,3.20269,4.75705,4.0461,2.19556
3.54708,4.90663,5.32369,4.48088,4.6714,4.32064,5.11232,4.12758,3.74176,5.07308
3.93737,1.78709,4.04787,3.672,5.66386,2.93686,4.48118,3.31886,2.14671,4.64901
6.30719,3.75592,3.4435,4.74158,6.18477,4.59193,3.19419,2.86786,3.12699,4.00902
6.23511,4.6594,3.72774,4.55057,4.52757,5.07766,4.84757,3.18934,4.47974,4.62236
4.33452,5.31387,4.33076,4.99458,6.05393,2.43046,3.9248,2.90347,4.44108,5.43114
6.49551,5.04125,2.94475,5.18358,5.45017,4.41097,4.3007,3.83957,4.9038,3.10888
4.29292,3.9391,5.80701,4.12609,4.70751,1.81165,4.19192,3.1152,4.29624,4.16168
3.51515,5.57249,4.77704,2.43353,4.38721,4.21805,3.60808,4.95386,3.27265,3.22807
