10
1.30305,4.29946,4.89276,3.63896,2.55062,3.9052,4.33321,3.55465,3.36472,2.63155
2.58636,4.96423,2.24424,4.51954,4.71853,3.18153,3.76915,4.32978,4.68,3.44502
2.36737,4.25204,6.06626,3.45319,2.57999,4.08065,4.52794,4.35595,2.61889,3.54547
3.67234,3.84588,1.62534,4.38589,3.97835,2.21984,4.73024,3.63809,3.89744,4.46927
3.06332,4.03892,5.60843,3.71838,4.22155,4.15719,2.69308,4.18996,4.93495,2.95798
4.79246,5.2842,3.76414,4.07528,3.33053,2.69118,5.60554,3.89622,2.61562,3.98114
3.85609,2.44581,4.94154,3.68496,4.07668,3.86684,4.22764,2.41232,4.17809,4.04929
4.70821,5.05427,4.1508,5.00926,4.9087,3.04549,4.63161,2.65698,4.87541,3.96862
2.9587,4.3502,4.50475,2.46435,5.16257,3.7523,3.41026,3.57758,4.35362,4.29165
2.58871,3.9297,5.63827,3.67061,3.09786,5.68083,4.80491,4.6765,2.75767,4.45375
6.48563,4.65474,4.89273,3.71346,2.98755,3.09236,4.67487,3.97039,5.07531,4.72758
3.87542,4.58525,6.02017,3.3387,4.20204,2.36018,2.56529,3.49721,4.91441,4.62593
3.38611,5.05849,3.65444,2.60378,4.13526,2.972,1.50025,3.46142,4.71545,3.9149
3.76477,3.30499,3.34308,2.74612,3.20227,3.76473,3.40511,4.17038,2.8956,6.07404
5.29441,5.51213,3.81911,4.98612,4.56643,4.76765,3.18115,3.49001,2.46557,1.87938
5.1584,4.74163,4.44676,6.51201,4.19763,3.84508,3.74777,4.2278,2.98954,5.38744
3.45965,3.82266,4.25811,3.94036,1.91852,4.45049,4.10215,5.09494,5.79687,4.12758
4.31215,4.7753,4.13206,3.62868,5.55874,3.92098,2.50605,5.0074,3.65056,5.20059
5.55527,1.92195,4.3102,5.20887,4.13447,1.35805,3.29,3.08991,3.53334,3.24664
4.11051,3.24782,3.87629,4.49539,4.5246,3.73837,3.83733,4.17209,4.50535,4.60951
4.23447,2.1205,4.79963,4.47797,3.57139,3.90576,4.17724,2.76265,4.20875,4.40315
4.02832,3.41697,5.73973,5.03686,4.79098,4.57979,3.23282,1.84047,3.11903,5.49144
2.67329,4.8362,4.95304,3.20304,3.23971,4.44641,5.01113,3.13313,2.36736,4.74527
4.40155,4.10743,4.2576,5.55752,5.41269,4.90418,6.1131,5.04139,2.15371,4.74748
4.60091,6.07043,4.86426,3.56409,4.00193,3.73937,3.42875,3.61697,2.86785,2.38819
5.75855,5.25942,3.98804,4.53029,4.23557,4.65824,3.9029,3.81373,3.67543,4.25284
2.13064,5.56971,5.89818,4.54466,4.35144,3.28601,3.28023,4.91244,4.13889,4.70188
4.54886,4.99314,4.35199,3.08939,3.80928,5.19316,3.12254,3.43648,2.89695,4.33642
5.51176,3.95313,4.2559,4.19094,1.39646,3.6447,4.63442,2.41124,4.73828,3.49759
5.38589,3.63935,6.05149,4.1603,4.78749,4.34964,2.75595,2.67771,3.93865,3.30262
4.82566,2.99558,6.208,4.40502,3.24198,3.77638,3.88349,3.7915,3.80825,3.5997
3.78892,3.34064,4.92887,2.72042,3.29687,4.86818,4.48625,6.25158,3.70033,2.96696
4.41821,2.73286,5.00211,3.9579,4.67167,2.23588,5.02167,6.2035,5.16101,3.87176
4.87524,4.59659,5.57682,5.22391,2.98746,3.84499,5.18974,4.02415,5.38932,3.63584
4.39588,3.14078,2.21971,5.09139,3.87806,3.21904,5.57577,3.53676,4.24012,2.31532
4.32422,2.22782,3.09787,1.98484,3.4531,7.2814,4.08689,3.26257,3.76831,3.27529
3.53733,4.34831,3.2046,3.81816,4.16628,4.97217,5.46929,3.44032,5.87871,3.33503
5.14263,2.50703,5.38497,3.58649,4.68238,2.43376,3.62867,3.91305,3.40176,3.2636
5.29825,3.25568,4.41303,4.65025,5.49633,4.07772,5.86425,4.14099,3.58379,3.93074
3.78489,5.35442,3.26272,4.50605,3.75782,3.13188,3.71689,4.21729,2.4398,3.5284
4.19984,3.66039,4.09265,3.2938,3.00057,3.55069,3.24358,5.42841,3.91249,3.14669
4.36975,4.10685,4.74834,3.19493,4.08402,5.46294,3.59164,2.94151,4.63738,4.19794
3.16612,5.88118,4.62794,5.00853,5.10987,3.67346,3.3755,4.09809,3.59961,3.88288
3.42155,5.16432,4.2683,3.36477,5.01763,2.09014,3.78958,3.93856,3.35473,4.74671
3.55203,3.71444,3.47134,4.86356,3.36385,2.44394,4.19917,2.63258,2.11905,4.03873
4.13662,4.34245,1.94202,5.70504,3.9371,2.2683,2.69099,4.11123,4.93044,2.56719
3.81787,2.87328,5.31712,4.39357,5.49547,3.55468,4.41004,2.7427,4.31494,4.92679
2.65633,3.71691,4.47591,4.30342,2.59037,3.38949,4.91468,3.37241,3.28384,2.81655
2.97562,4.26458,3.05729,4.93269,3.93437,2.87186,5.28976,5.20917,0.664443,4.56876
5.61079,4.23399,4.54855,4.02049,4.09328,3.95843,2.95275,2.82686,3.81274,3.48598
4.37315,5.38222,3.6553,2.35583,2.92574,5.06422,4.76342,5.89227,2.79246,5.56873
3.53273,4.29223,5.1651,2.11672,4.51996,3.62511,3.5806,4.96885,2.80268,3.07683
3.58408,6.89431,3.28539,4.67429,3.05526,3.03952,5.45187,5.2664,4.75172,5.35822
3.74778,2.647,3.354,3.18366,3.83682,3.66653,2.41786,3.88353,3.28465,4.12069
4.0421,4.38044,5.79918,5.97156,4.99348,3.87494,4.42656,4.90782,5.40533,3.54392
5.22398,3.33615,5.42712,4.00815,3.42925,3.19705,4.39503,3.82958,3.57831,4.88058
4.67414,4.16408,4.45846,4.78354,2.84765,2.90031,4.1434,4.49629,4.68437,3.68796
4.90188,3.59871,4.39832,4.44915,4.27625,4.2533,4.27799,5.64885,5.43888,4.85496
3.74431,3.00162,4.52549,3.44382,1.6675,4.49001,3.57583,3.9308,5.57898,4.30293
4.56438,4.38541,4.90199,4.11561,3.41925,4.24529,4.91493,3.94331,2.97545,4.21156
4.91042,3.59069,4.94299,4.33793,3.44655,3.48396,2.82313,3.33716,4.04345,4.53018
4.47811,2.59564,4.68954,4.42193,1.95923,2.86605,5.46197,4.95795,3.49803,4.66063
4.01767,4.21895,2.61912,2.87269,3.77644,3.89759,3.05652,2.81246,4.38682,3.24575
3.42018,3.7468,3.84834,4.20054,3.84123,3.76474,3.24187,4.75189,4.4717,5.28456
4.44352,3.98983,4.92641,2.01371,4.24983,3.68208,4.26628,1.95219,3.11773,5.20159
3.39187,3.58912,4.05369,3.71423,4.09205,5.28615,4.61493,3.92392,4.76056,4.75038
3.86546,3.45498,4.76427,5.27094,5.26354,4.8156,4.02167,2.78287,2.32301,4.01609
5.84203,2.84019,3.53516,4.00262,4.61928,3.6409,2.71766,4.16623,3.95497,1.65288
4.18828,4.26096,3.18071,5.02067,2.95311,3.04214,3.68569,3.87016,3.03764,2.37605
3.0966,3.51528,3.84396,3.57502,2.86428,4.85914,4.73735,3.77731,2.76239,4.97009
3.2597,5.00331,5.70088,3.75071,3.48093,3.04628,4.51425,4.69166,4.34999,3.38792
4.27476,4.22893,2.53993,5.98881,4.76185,3.94142,4.34025,5.68455,3.66436,5.2901
4.27041,4.25236,5.47454,3.66047,2.42395,3.76939,3.50163,5.13824,4.36336,4.91678
3.15769,4.08609,4.03436,3.49301,4.35546,2.97026,5.03585,2.8931,5.42223,2.18087
4.18032,6.45705,3.60983,3.73371,4.40367,3.93356,4.16257,3.90786,1.82021,4.31425
1.40753,3.1389,3.84103,2.43246,5.30886,1.46653,2.75672,3.68772,4.51042,5.12191
3.96471,3.68652,4.15477,3.95268,2.6015,5.86961,6.31424,5.67027,3.7611,5.48464
5.73926,4.48705,5.58293,3.74274,4.00423,5.24768,4.20145,4.51874,2.93509,4.39549
2.9757,3.1361,5.42765,4.34695,4.14775,4.48251,3.26497,4.47984,4.54459,4.13272
4.88786,4.02735,4.10724,4.66729,2.92501,6.75245,4.18354,4.22525,5.1159,4.32088
3.08015,3.03006,2.77706,5.49829,4.00386,2.8617,2.62015,2.66184,3.13144,3.43384
4.16275,5.60458,5.45678,4.24378,3.35051,4.96154,3.1856,4.19997,4.68656,4.10394
2.12318,3.67974,4.55216,3.6412,3.99199,5.12443,4.48992,3.77648,5.41935,3.54527
5.23076,4.96642,4.35728,3.73378,1.69173,3.66272,4.08476,4.19788,5.02062,2.94659
3.32185,1.69821,3.7382,2.78227,3.01793,4.26701,3.75683,4.1092,4.67463,3.15765
4.10844,4.93337,4.43082,4.72824,2.71508,4.2058,4.15689,4.13147,5.27559,5.00482
5.74177,4.91999,3.26926,3.51886,4.6102,3.8552,2.51524,5.63199,3.55574,3.61215
3.66992,4.71695,4.22066,1.9289,5.40733,4.89501,3.67361,2.94214,4.45851,4.99162
4.59649,4.29602,5.01339,4.00497,4.93771,3.2283,6.36924,5.13612,4.43608,4.49588
5.40116,4.0812,3.75287,4.70781,3.92565,4.23542,4.7686,3.85239,1.67487,3.86332
3.97555,6.29639,3.46763,2.66306,4.75186,4.0558,4.9385,4.55784,3.71568,3.61584
3.90156,4.54564,5.2417,2.62823,3.76663,2.73973,3.97051,4.22949,4.41651,2.11054
3.06174,3.6779,3.53053,3.87391,3.74613,4.93312,4.32463,3.85251,2.90699,4.63006
4.73249,5.61387,3.79012,4.01353,3.10704,1.52126,4.20367,3.21042,4.89609,3.97437
4.08912,4.9808,2.90227,4.45647,3.95482,4.45857,4.4727,5.18281,4.86083,3.68837
3.37054,5.74192,4.84902,5.29752,3.33478,3.47189,2.91959,4.71588,4.583,2.91162
3.6777,2.97632,4.83401,4.78046,3.48018,5.0313,3.83989,5.69946,5.55054,5.15816
3.83084,3.43092,3.60868,5.39905,4.57978,4.65886,3.99723,4.41322,4.76421,4.42866
3.32152,4.26165,4.35604,4.30984,4.83847,5.44564,5.17661,3.93012,2.52961,4.7838
3.82606,2.49099,3.62357,3.61786,4.37064,4.62159,5.36749,2.76047,2.80906,3.33629
5.46174,4.76434,4.23286,4.82363,3.77976,4.13924,5.40077,3.17299,4.29515,5.52072
2.68702,4.51994,2.85105,4.32483,4.10806,3.97806,3.85788,3.78807,4.20469,4.5061
4.17477,4.64196,3.20156,4.9612,4.92393,5.38185,4.66904,3.97227,2.93062,4.16402
4.63298,3.86802,2.61745,4.01371,5.8856,2.55549,4.33867,4.41889,4.15903,3.94497
3.5344,3.21874,4.30854,2.5788,3.9901,4.82635,4.49485,3.688,4.36281,4.02417
2.11083,4.50714,2.48554,5.38567,5.12534,3.65976,4.23293,2.37475,4.05139,2.73852
3.93866,3.04917,4.73456,4.93984,4.78944,3.24623,4.03124,3.16207,2.97221,5.00356
3.73287,2.85223,6.28564,2.51511,2.85233,4.65297,4.08631,3.65553,1.82787,3.30852
2.85766,4.80903,3.73439,3.03504,4.00918,4.48023,2.95496,5.85477,1.81482,3.939
4.02017,4.99987,3.58919,2.83933,1.0268,5.83745,4.12525,4.09196,2.99852,2.56469
4.06794,4.47718,2.99524,4.46173,5.50079,4.8963,5.03218,2.85061,2.69433,3.48073
3.82445,4.18289,2.79201,3.75636,4.63348,2.66299,5.73641,4.64166,5.40097,5.53012
4.70678,3.64562,5.14648,3.29308,6.07085,3.61083,4.1631,6.29791,3.77388,4.53712
3.3532,5.08059,4.2693,4.95221,5.20321,4.53574,3.61107,5.82315,4.13639,4.48373
4.11704,3.05725,5.544,4.50098,4.19154,3.67588,1.8412,2.74234,4.11887,3.81648
3.99907,1.82751,3.48809,2.45517,3.18563,3.76636,4.84398,3.70733,4.95169,3.47996
2.90266,3.10713,5.12786,2.18748,2.47904,4.45714,6.33391,5.18152,5.17383,4.67487
2.2461,4.42874,2.21921,3.50624,3.66413,5.29382,3.71715,4.01773,3.60651,4.88667
3.50482,3.37938,3.93023,3.18033,4.37596,3.71006,4.56969,3.57831,4.39986,3.484
4.74678,3.84363,4.70546,2.53994,3.45407,3.88353,4.89013,5.76246,4.27818,6.01294
2.99262,4.62894,3.10454,5.39772,4.96076,3.78574,3.20281,6.56658,3.10541,5.27107
3.45392,3.36323,4.96161,3.63548,3.06674,3.85868,3.23516,5.63243,4.14551,4.12086
2.28427,4.31731,4.90091,2.72142,1.78987,3.83489,4.45417,4.56559,4.24202,5.98553
3.99937,4.0572,4.05926,4.11976,3.78409,1.62089,4.21662,5.35505,3.59506,4.33897
4.37404,4.29243,4.64379,3.69043,5.67052,4.67157,3.1804,1.52754,6.04535,5.55624
5.51782,2.92932,5.54216,3.55778,4.73105,4.3024,6.21111,3.7455,4.16203,4.8276
3.06497,5.13453,5.24828,5.33602,3.02772,4.58183,3.77222,5.77162,4.49257,3.86821
3.04922,3.86373,4.09028,3.74928,2.69067,0.89545,2.99772,3.12916,3.71774,4.57357
2.74431,1.96446,2.47283,3.2589,4.72167,3.63641,4.81271,2.27762,1.63568,4.07311
2.86291,4.6038,2.96004,4.04147,4.85517,4.61819,3.80446,6.20293,4.83271,3.7265
3.98118,4.7961,3.03918,4.54606,2.73625,3.04622,5.56067,4.06044,5.19213,3.59033
3.88664,4.45804,3.88243,4.3672,6.1248,2.8825,4.00133,5.02637,3.72692,3.32783
3.90911,1.84062,3.98626,2.76415,3.24387,4.09357,4.60344,4.52725,2.98113,3.43227
4.90165,3.53646,4.63931,4.88497,4.13869,4.64566,4.38587,3.98733,3.26458,5.15533
3.58528,3.83984,3.38068,2.86735,4.89026,3.05606,2.72679,0.955761,3.59772,4.08516
2.99747,3.40279,5.14559,5.68028,3.78816,4.94844,4.0381,3.72965,4.99894,4.07998
4.50404,2.39477,4.73288,2.21388,4.99124,3.59043,3.13827,5.51864,3.35914,3.9177
5.14071,4.12958,4.20624,3.36437,4.73633,4.80639,3.36248,3.28214,3.13656,3.17896
1.90803,4.07302,5.07323,4.59383,4.6314,6.84856,3.72414,2.62675,3.87063,2.00943
4.20512,3.00675,4.06912,1.79635,4.39696,2.89909,4.33594,5.44808,4.94665,3.69926
6.34769,3.60352,4.26833,4.28368,5.56737,3.9821,4.18511,4.09062,2.69747,1.95536
3.86687,4.66612,4.21968,4.29275,2.97279,4.59183,3.38849,3.64187,4.86381,6.14955
4.07301,4.5349,3.11043,0.87449,4.36883,3.56919,1.75049,4.66661,4.38526,2.45295
4.68982,4.47141,3.61979,2.69705,6.57792,5.97709,4.4825,4.73589,5.67427,5.11667
6.24982,4.26761,2.76227,4.86514,3.39113,3.8228,4.34277,4.98912,4.95078,4.08519
4.28053,4.75711,4.3777,4.3555,3.66294,3.35844,5.51873,3.83785,5.03217,2.60109
3.06382,4.42744,5.40617,3.58095,3.49196,4.01501,4.44574,3.47902,3.58391,4.18957
3.35565,4.99643,4.3215,3.46579,3.81113,3.38642,4.34642,4.35345,3.87249,1.70696
4.03294,3.42085,3.31078,4.10739,5.47018,4.77963,4.80762,4.95678,4.07155,4.08538
4.14508,3.81197,3.68512,3.25266,3.50619,3.35913,2.76186,3.85239,4.7982,4.24628
3.66387,2.28364,5.40348,2.3418,4.32091,2.91696,3.94788,4.49046,3.46631,3.31664
4.31027,4.19405,5.04095,3.73935,2.6199,3.70458,3.88174,4.43455,5.60084,3.38515
4.39904,4.19504,5.3814,3.23956,5.7822,4.85126,4.66983,3.32603,3.59181,4.3913
4.53986,3.25341,5.42633,4.29313,3.11598,2.58527,3.69881,4.06959,3.97431,3.42131
3.58012,6.36659,4.13356,4.13365,3.91417,3.9772,4.46208,1.93724,5.18577,2.7999
1.46343,6.1227,3.82319,3.86433,3.23659,5.02919,5.17581,3.90877,3.68365,3.61319
3.76953,3.78785,4.47435,4.55874,2.77367,2.78258,4.72283,3.822,4.76559,4.09383
1.0615,5.17765,4.34222,3.69382,4.86397,3.86087,4.43928,4.08769,4.08133,3.74531
4.55708,3.11485,2.70917,3.5813,3.56489,2.93405,3.22859,4.11566,4.68118,2.7507
2.81179,5.44868,4.11282,2.62983,5.51359,4.39859,6.5584,2.0594,6.60608,2.22906
3.86608,5.10267,3.17529,1.5728,3.43177,5.14899,1.73149,4.04592,5.50377,4.52325
2.82529,4.99539,3.32203,6.28518,3.635,4.64986,2.58689,3.79598,3.55343,5.00514
4.17856,3.85525,3.87041,4.48418,1.57217,5.00732,2.53417,3.98088,3.16746,3.85088
3.8231,4.03854,5.86371,5.12485,2.86174,3.12675,3.7075,3.81328,4.95872,2.19581
4.97537,3.93672,3.56175,3.25071,3.44538,4.96389,4.75992,3.85229,4.17574,4.35481
3.04842,4.15693,3.79077,4.03729,4.96016,4.40854,5.0268,2.8747,4.69009,5.24309
4.73086,4.24082,4.43984,3.46749,3.30914,2.12695,4.80521,4.63762,4.41578,3.71802
3.76167,4.78768,2.66917,3.66164,3.7101,4.89127,4.66642,3.48252,4.97783,4.60101
3.33114,3.51496,4.06104,3.89853,4.26699,1.03578,4.88837,2.01076,3.25515,4.92839
3.60135,3.2214,3.06634,3.67165,3.68385,3.94468,5.52473,5.71419,6.62974,3.89251
3.89562,3.2318,4.39396,3.67567,3.6473,1.04235,3.4231,4.53931,3.56268,3.18998
5.03248,3.27814,3.70707,3.92351,4.77803,3.94191,3.53781,3.33089,4.7568,4.52287
4.62183,3.97778,4.71786,5.10337,4.75828,5.3372,3.48162,3.88878,4.15353,5.08673
3.61909,4.27542,4.4098,4.45991,5.12153,5.01378,3.23476,2.68012,4.42422,4.12598
5.65275,4.40504,5.52931,4.88004,3.09931,3.71089,5.37934,3.63232,4.85114,3.02899
3.76649,4.22873,2.98177,5.03724,4.49673,4.06464,4.16679,4.62434,5.42381,6.09544
4.75134,5.00071,3.55887,2.44333,5.12021,1.29599,5.37877,3.59349,3.99329,0.849618
1.88422,4.31644,4.79236,2.79288,4.30129,4.7379,3.6598,5.61382,3.96828,4.32659
2.5766,4.77543,3.20407,2.94457,2.3654,6.42079,3.52451,4.55136,2.96268,4.91971
2.93714,3.82526,3.04353,5.24323,3.30125,2.97897,4.25245,3.69546,5.47356,4.1925
3.11499,4.23732,5.7834,5.08946,4.21181,2.00277,3.6495,4.11802,4.18206,2.63299
4.10127,2.78598,4.74478,4.71431,3.16084,2.91674,3.71189,4.65163,3.40409,3.81142
3.3947,2.84289,5.04417,2.99839,4.40542,3.9279,3.5105,6.24657,4.1077,4.09968
3.5438,5.49364,5.2192,3.94466,4.89797,3.37771,2.21673,5.85367,3.10553,4.57477
4.78317,4.42012,3.48063,5.11273,5.35299,5.65462,3.11816,3.29827,5.55018,3.6211
3.42604,4.31464,4.58319,3.66269,4.44042,3.23674,4.75097,5.70271,5.03755,4.42471
5.21626,4.57168,3.52006,2.96516,3.64226,4.60055,3.71583,2.45715,2.98619,3.24556
5.00427,4.94915,3.8617,4.46022,4.78079,4.09813,3.46602,3.66804,4.59155,2.04106
3.90869,2.6583,3.06002,2.92255,4.05301,3.57868,4.22073,4.1305,2.03202,3.66388
4.06454,2.57127,3.948,5.34749,4.08701,5.16982,3.53674,3.19485,3.502,4.10278
4.08029,5.69709,5.12897,4.00929,4.73117,3.55481,5.57664,4.37579,2.22545,6.1055
5.1255,4.44439,3.77797,5.36619,2.77935,3.00148,4.48262,5.3272,3.41706,2.69145
3.73835,5.04202,4.86223,3.29153,4.59012,3.41082,3.73317,3.48389,3.35675,3.52359
3.53726,5.20889,3.57275,4.05877,4.8419,4.11484,3.26725,3.98537,3.81082,3.6199
1.97966,4.67295,4.02988,3.93008,4.32393,3.32387,4.40406,2.77948,3.45874,3.99396
4.4908,4.12845,4.05871,3.69884,4.89011,4.32921,3.12021,3.90298,2.56995,2.77772
4.49054,4.09334,4.10766,5.11833,3.33091,4.46864,4.81203,3.84273,4.22385,4.36463
5.67429,1.62465,4.33168,2.89265,3.6017,3.61646,4.5017,4.53944,3.66525,5.48075
4.07804,4.60677,6.13838,4.0878,2.97827,5.43386,6.5005,5.37358,4.44477,3.63559
5.18133,3.09768,4.03581,4.3561,3.06365,3.94885,4.17549,4.71726,3.74556,4.99931
4.10657,4.93787,4.69544,3.50658,6.63755,5.54076,3.82922,4.32238,2.97887,3.75062
4.69606,3.24636,3.59817,3.90002,3.40683,4.27374,3.84183,4.05831,3.47321,3.10632
3.84375,4.85837,3.66495,2.0891,4.69022,5.08,3.62625,3.93889,4.68106,4.13402
4.90801,2.23747,2.77319,3.54722,4.09462,4.55084,2.48505,4.59434,4.02336,2.60176
3.64679,4.23528,3.66005,3.99662,3.26404,2.11123,3.50235,4.25451,4.17487,4.32206
4.73892,3.15596,4.74176,3.0562,3.65473,4.67262,4.13352,2.58729,4.88165,3.90528
2.60917,4.84252,4.29467,4.05645,3.87786,4.03045,4.09534,3.93569,3.4103,4.17566
5.61431,6.30408,5.67772,5.15049,3.14404,1.87042,2.86416,4.24248,3.08279,3.10802
4.96928,3.78437,2.9837,4.38643,5.24096,3.27018,5.00748,5.61868,4.41503,4.48592
3.85286,3.53871,4.1249,4.668,2.08345,3.69641,3.28508,3.65825,4.0155,5.1368
2.37109,5.38387,5.26572,1.55385,4.28347,3.47482,3.55595,5.46734,3.77586,5.47315
5.14015,2.78124,3.57522,5.4658,2.35422,5.67637,3.97534,3.59861,4.35562,4.48307
3.78522,5.40609,4.4229,4.59591,3.49303,4.56732,3.63664,3.32535,2.61102,3.31501
4.26269,2.62445,3.34214,4.00091,4.4372,3.78941,2.68637,3.36286,3.15568,5.92198
5.55135,4.67802,4.52071,5.10829,3.52282,3.22048,3.38825,1.27583,3.06656,2.435
4.71068,4.74543,6.01959,3.6149,4.04268,3.0908,3.93303,2.75774,4.2697,4.19112
4.37016,4.263,3.27839,3.71725,4.74885,3.35467,3.16227,3.41264,3.90563,4.7068
5.02616,3.53726,1.55504,4.71949,4.87661,2.01304,3.36651,5.35239,4.80319,4.06519
1.68909,4.28214,4.56172,4.44165,6.09292,4.6288,3.60809,3.72509,4.01594,3.66577
4.84977,2.51005,3.6191,4.33896,4.30799,3.18058,3.44137,4.00579,4.30049,5.34146
6.34817,4.21262,4.61006,5.28545,3.58198,3.44913,3.60184,2.55282,5.19198,4.86778
4.81599,5.21155,1.9095,4.09848,1.48078,2.86232,3.49985,3.50655,4.70977,3.55648
1.95532,2.43376,4.3745,3.18315,3.3951,3.92183,3.15724,3.88593,4.53063,2.14401
3.67271,3.19288,5.35973,4.33633,4.59911,6.43214,4.91888,5.01887,4.18823,3.2858
4.68589,4.61517,5.17027,3.02446,3.60786,3.41513,5.47186,3.02133,6.38909,3.15587
4.89619,4.23474,2.87684,4.04175,3.09117,5.39314,2.96778,2.44104,4.16545,4.5253
5.03486,2.42475,4.32087,3.81567,4.32483,1.83259,3.73099,4.617,1.97925,5.05751
6.00866,4.81873,4.62749,2.97017,2.60533,4.13602,4.63438,4.08542,3.61721,3.92861
4.25296,5.13161,3.42026,3.8822,4.68283,4.85593,3.36306,6.24141,5.65628,2.71644
6.19758,3.21842,3.78241,2.97236,3.61358,5.59469,4.92911,3.35805,5.68227,5.29412
3.6545,3.98836,3.4617,4.41918,3.40506,4.82069,2.34816,3.88862,6.69442,4.56543
4.56447,4.61369,2.97458,4.3916,3.72429,2.39971,4.5165,4.11341,3.51922,3.4682
4.29882,5.17944,4.63388,4.12197,4.80158,2.71764,5.68188,4.64377,5.65466,3.93908
5.36682,2.06126,3.66315,4.59792,3.50135,3.29998,4.55096,4.83037,3.63619,3.57664
3.09716,4.36332,5.18892,4.21248,4.14283,3.82424,5.05929,4.8873,6.35682,3.31998
3.94017,3.94161,2.99193,3.01853,6.4306,3.24581,3.86517,3.39136,3.06964,6.34521
2.52691,4.95698,6.06522,1.6155,3.28096,4.22947,5.18959,4.12277,3.07938,4.30885
3.54082,5.05741,5.12155,4.38531,4.594,3.36026,3.80528,3.40434,4.74846,4.27229
4.02318,3.2177,3.12494,5.18199,4.86655,2.77894,3.56478,5.15644,6.07114,2.50665
4.43092,4.33877,3.59906,4.03564,4.56731,5.20513,4.80968,3.56976,3.77243,3.31335
3.66491,3.04605,4.65186,3.32964,2.85468,3.44664,3.40402,3.97446,5.21406,3.48718
3.36473,4.12031,5.058,2.80931,4.7884,3.13926,2.14396,4.46174,5.63459,5.16019
3.71119,3.67827,4.74535,3.52981,4.70154,4.81385,5.58183,2.80292,2.76709,4.3651
5.63703,6.37129,4.49933,3.78588,4.1049,3.71158,3.67779,3.5518,4.61238,5.31783
2.96759,4.18803,3.98738,4.18783,4.96862,3.3891,5.82053,4.42481,3.13492,3.64593
5.50606,3.16526,2.92556,3.86672,4.0567,5.2502,5.48778,2.89794,4.4286,3.46593
3.51534,4.53367,4.7249,5.04806,3.54133,2.74281,3.67533,5.4687,2.12418,3.42939
5.53964,2.61513,3.12058,4.15385,5.88599,5.1034,4.7582,3.70555,2.10455,4.82669
3.41137,2.42543,2.60344,3.72873,3.51151,3.54431,3.50239,4.62908,3.40338,3.66059
4.87416,5.64439,4.55386,2.64194,3.62106,4.87237,1.47443,3.41022,2.67089,1.98337
4.98539,2.67778,4.37671,5.03629,2.06914,4.70858,2.80853,2.68023,3.21417,3.03512
4.79976,3.9089,2.25363,4.70044,3.86686,3.84974,3.0672,5.31265,3.73427,5.99433
4.0875,2.57657,3.35235,2.24997,3.74915,5.29018,3.12765,4.47284,4.69891,3.87204
5.04632,4.36537,3.94417,3.19528,3.93456,3.7965,3.48571,2.75349,2.99318,3.2495
2.29296,4.05967,3.8519,4.66898,4.23872,4.30582,4.6167,2.58579,4.7681,3.49464
3.16894,4.12654,3.65533,3.21032,1.92585,3.48452,4.91807,6.77961,3.43824,4.0028
3.77516,2.80823,4.38798,3.36748,4.16666,3.87362,4.35534,3.43053,3.8844,5.15454
5.27645,2.86406,4.29391,2.28248,5.61322,3.4873,2.98959,2.93309,3.41511,4.60276
4.63775,3.47145,2.6659,4.52337,4.2557,5.22571,3.69634,3.4718,4.52673,4.01322
4.02281,3.90354,1.55888,1.83983,5.18574,3.39782,4.52923,4.32846,4.53619,5.77918
3.2895,2.91272,2.89409,3.6166,3.1795,3.6981,2.44568,6.22356,3.27243,4.31535
4.80611,3.67585,1.71375,3.17851,4.62514,1.75337,5.48196,3.46465,2.954,4.40264
5.90889,4.32499,3.72369,3.24706,3.51324,3.11142,3.1161,4.29869,3.44957,2.19855
3.24186,2.72341,4.28952,4.41538,3.6094,3.96397,3.69761,2.56279,4.5355,4.39126
3.59626,2.87356,3.48855,4.0273,2.59207,5.36641,3.40339,5.26007,5.11481,3.45649
3.46736,3.19513,3.42693,2.65733,5.41762,3.45519,3.87183,5.92533,2.87997,4.99195
5.44321,3.27177,4.2064,2.70681,3.2032,2.96199,3.32822,2.80546,4.72469,3.69261
3.91878,4.34148,4.74651,4.21458,4.10662,2.94913,2.39983,4.6122,5.2595,3.68186
5.18453,3.32036,3.92085,2.88578,3.28429,3.64774,4.8645,4.17629,2.12924,3.22846
3.74969,5.5599,3.96881,3.29153,4.66842,4.97138,3.15864,4.36077,5.3488,3.34724
5.6281,5.85309,3.54225,5.14499,3.91117,5.13583,3.79217,5.44224,4.1974,4.16237
5.36394,2.96953,3.85845,2.61509,1.38993,3.76191,4.18257,2.55403,2.5102,3.74866
3.03103,3.0632,4.3013,2.67506,3.57615,4.87942,4.42429,4.27386,3.21997,4.37052
3.84145,1.63864,2.89257,4.33045,2.6115,3.60406,5.20468,5.52065,4.51619,4.66056
3.39087,5.50498,5.08582,3.31931,5.56781,3.45373,4.23015,3.4789,3.26738,3.63717
3.95288,3.80874,3.9382,3.40107,5.22364,5.09691,4.76948,5.16265,5.69608,4.77788
5.32092,5.08441,4.40653,4.25613,6.0504,3.71934,4.03703,4.62471,5.0371,4.78907
3.13096,2.37799,5.19724,3.53715,1.60779,4.66902,3.53089,4.71891,3.74265,4.7106
3.92776,5.17498,3.1592,3.26736,3.76317,3.89392,3.16259,4.22968,4.23907,4.96783
4.46679,4.4514,3.56182,4.42907,3.36224,3.34755,4.34553,3.83072,4.14385,3.86673
4.58092,5.63105,2.80309,3.95987,4.06116,4.91731,4.62566,3.2759,5.60482,5.92642
4.05584,4.4986,2.84134,2.86937,4.38398,3.60934,5.93536,3.86087,2.25138,4.68853
2.23114,3.12327,5.97465,2.53525,2.07465,4.11723,3.2852,4.76096,4.27154,3.60511
5.59365,4.97325,3.84105,2.5753,4.61586,3.80322,3.29041,2.52341,3.93145,5.79
2.57111,3.7786,2.0961,2.71387,3.3575,4.56409,4.556,4.334,4.40807,4.52974
4.70808,2.88499,4.24914,6.35714,6.16617,4.38821,4.17912,3.5319,4.21144,4.68467
3.54152,2.48248,3.24647,3.49771,3.59572,6.29299,2.68652,4.36841,4.28388,3.90682
2.39049,3.81383,4.05235,4.8509,4.26632,2.55389,4.48331,3.83112,4.63258,5.17523
4.4707,4.87613,2.38289,3.54663,2.72308,2.72535,3.34136,4.60665,3.192,5.11628
5.71859,4.26558,4.65492,4.17574,2.537,5.72835,3.56941,3.0686,3.21735,3.65436
4.36713,5.04066,4.65972,2.9141,3.33,5.5025,3.95548,4.79004,5.16059,4.0191
4.32143,5.11125,3.01209,3.19543,3.15411,3.59381,3.85163,4.68373,4.29594,3.46913
5.35268,4.31474,4.89805,4.15114,3.22317,2.28515,3.98571,3.35571,3.01064,3.86378
2.6139,2.08718,3.95926,3.02428,3.30325,3.52001,5.25342,4.07908,5.07529,3.52419
5.13105,2.45895,3.60032,3.66193,4.00827,3.56971,1.97048,2.72281,5.52077,4.65121
3.91858,4.16044,3.64893,1.62429,4.63506,4.39536,1.58034,5.78766,3.86745,4.34406
3.06771,4.02744,5.04917,3.93633,4.75648,4.15534,4.83245,3.55498,3.4243,3.81269
1.5353,4.10473,4.59652,5.76283,4.78235,3.55125,4.20945,4.75792,3.42928,6.11141
3.71407,3.27574,3.51598,3.5383,3.23832,3.84867,5.35393,4.63926,2.21971,3.88242
2.68251,4.53862,4.72977,3.17407,4.14698,3.89742,1.64299,2.44264,4.35485,3.80717
4.82968,2.6885,2.20859,2.89514,5.16997,4.62304,2.61931,4.00029,3.95369,5.41739
2.95822,5.73816,4.90257,3.6504,3.47209,3.00869,4.43713,3.63588,2.97663,2.41911
5.01287,5.11894,4.40859,1.7289,2.38705,5.40919,5.54776,5.47057,4.14011,4.07173
5.01756,5.01104,4.70264,5.04182,4.93399,3.64328,3.48501,2.72579,5.0081,4.47964
5.49236,3.49243,4.30991,3.51811,3.70612,3.33576,3.23426,4.62883,4.21705,4.73272
4.1195,4.11343,5.85558,2.39426,2.80993,3.36212,4.50096,3.40902,4.47703,4.52058
2.22124,3.8711,5.50844,5.78022,4.01744,3.43083,0.843466,4.73434,1.9613,5.66595
2.99638,4.18328,5.80946,2.48016,3.15984,3.39726,3.9552,3.11098,4.18505,4.24719
2.86968,4.4248,4.01842,3.03166,3.80671,5.55151,4.85183,4.41363,3.58014,3.7123
4.49576,5.08151,3.0421,3.55921,5.22473,3.7666,3.64266,3.46658,4.9523,4.2162
4.12331,4.4736,4.69921,5.06589,5.30636,3.41909,4.03991,3.58463,3.92475,3.36706
3.8614,5.57822,4.36836,4.95779,4.66012,4.40129,4.18284,3.28809,3.54114,4.99036
5.16122,3.37463,2.3652,4.21304,4.47708,3.26774,5.30125,5.49957,4.28713,3.44589
1.46144,5.35891,3.97111,4.1156,3.33476,4.6109,5.18514,4.19653,1.751,3.76768
5.69617,4.05162,2.79274,3.73194,4.35103,2.47014,3.29345,4.37288,3.93203,1.72564
3.09409,4.75975,4.16367,3.37731,3.87431,4.16965,5.22845,2.6968,3.64655,3.96754
4.20919,5.13077,3.23942,3.18483,3.54334,3.12429,4.23227,5.25206,3.04012,3.58934
4.17078,4.23244,2.85579,4.2437,4.61615,3.3543,4.06317,3.5503,4.38374,3.76775
3.48067,4.27236,4.10122,5.14426,5.2075,2.04224,4.62675,2.28201,3.43993,3.36493
3.66808,2.44147,3.44409,4.8051,5.72845,3.55789,4.46168,1.93527,5.00454,4.72012
4.00873,2.45553,4.12304,4.674,4.34243,2.8659,3.86135,3.70129,3.47861,4.99155
3.93298,3.9848,2.98616,3.65766,2.69871,3.56261,2.67007,4.0307,5.75796,5.76822
4.26212,6.11573,4.79663,4.03444,5.89683,4.88647,4.9333,2.485,3.47223,3.8728
3.90458,5.2708,5.04709,4.47325,3.43855,3.39603,3.89533,5.00746,4.69259,5.38848
4.92252,5.17537,3.35439,6.50343,3.62986,5.03216,2.7622,4.77448,4.50713,5.68799
1.88409,3.65605,5.25071,2.74141,2.05797,3.87976,3.60503,4.36547,5.59467,4.41782
3.52053,3.01146,2.69222,4.72977,3.73849,4.34452,5.47085,4.16702,3.66291,5.14179
3.73607,3.49955,4.35639,3.44487,5.57258,4.0613,3.47756,1.99485,2.90244,3.58654
3.95603,1.07289,3.51293,2.8725,4.15779,3.33029,3.86859,4.67983,5.34723,3.79426
5.08393,3.12814,3.20414,5.22384,6.12852,1.79396,4.80208,3.18216,3.44992,2.69393
5.77458,2.99655,3.36958,2.68801,4.58975,4.54094,2.71162,4.76761,2.92812,3.12781
3.09882,5.20048,3.02211,3.4617,3.11462,4.48029,4.09333,4.58139,4.14761,3.90204
3.04998,3.8366,3.29653,2.30696,2.51242,4.15295,2.74241,5.31863,2.81318,5.2284
4.85098,4.68621,4.6999,4.77379,4.15047,4.07307,4.61417,4.09805,3.32838,3.39482
2.79514,3.55323,4.80762,3.32023,6.7693,3.25537,4.95616,3.68639,4.75845,4.68374
5.5849,3.64732,3.10087,5.26521,4.88,4.86274,3.52512,5.10059,4.24537,2.42835
5.44958,2.70849,4.16104,4.23922,2.87699,4.01205,4.01529,3.91544,3.40153,3.05037
2.97738,4.32053,4.64894,4.53941,3.50805,3.988,4.16009,5.28378,5.54977,4.85644
3.56789,4.72653,3.75942,3.72559,4.43681,5.75937,5.05726,3.57925,4.8481,3.88197
4.25289,4.18661,4.42403,2.69444,4.59731,3.01496,2.51337,4.29962,5.20677,4.54607
4.94289,3.77703,3.5243,3.33904,4.26855,3.92641,4.42824,4.83184,4.63231,2.77015
3.42991,4.81872,2.99474,4.75803,2.78951,3.04446,4.89097,5.25772,4.92388,3.81808
4.84714,5.49475,6.61653,4.48551,4.30287,4.38735,5.95307,3.13042,2.94352,3.42777
2.92613,3.63086,3.20713,3.57731,2.73089,2.80774,3.70252,5.06736,5.16298,3.43725
4.16096,2.99906,2.99453,4.70067,3.6033,3.98009,4.04638,2.29707,1.98826,0.503031
4.66443,0.423726,3.3875,2.15519,2.51458,4.0587,4.63824,3.82151,4.05471,4.12049
3.62124,2.41375,4.58036,4.19963,3.87072,4.07111,4.50799,5.15079,4.23972,4.5421
3.96013,5.15354,5.44135,4.27785,3.43081,3.65704,5.02445,4.53364,4.34474,3.2795
3.1355,3.86489,3.87532,3.28498,2.9468,4.32414,3.38736,4.10368,4.67203,3.45603
3.88491,5.37214,2.21461,1.5718,4.13808,2.15137,3.90296,3.67534,4.43505,4.87125
4.49183,4.13813,3.74685,4.37217,4.14674,1.90399,3.83886,2.86698,4.34825,5.39385
4.76497,3.31174,5.15468,3.80586,2.32952,4.15778,4.16614,5.26759,4.64553,3.77599
3.74396,3.17288,4.57459,3.05868,3.49577,3.79278,3.924,4.54346,3.08582,4.08945
2.86541,3.68416,5.39274,4.46279,4.16255,4.51121,3.28296,4.7422,4.20153,3.46896
2.75634,3.40366,5.94895,3.59309,3.74495,5.73501,5.25103,4.12689,3.26381,4.13145
4.27012,4.76906,4.58103,3.63803,3.92249,4.12068,3.81314,4.08409,2.31775,4.82477
5.23305,5.00666,2.97637,5.02039,6.21272,4.0176,3.94518,4.76588,4.08771,4.27586
4.77205,5.1273,3.63091,3.79284,2.66585,6.3884,3.79428,2.27741,1.66259,3.88376
5.40576,3.16821,5.48416,4.41185,3.12385,3.58767,4.09264,2.6558,6.25712,2.70781
4.74368,3.90315,4.7412,4.68536,4.60754,2.51887,4.42408,4.75576,4.65971,3.46953
3.18089,3.40535,4.96963,4.07026,4.81006,5.5775,2.3854,6.01555,3.12749,4.07438
3.43671,3.40813,2.61995,4.38183,3.50957,2.82765,5.61775,5.21585,2.12149,1.86042
4.67174,4.01381,4.99806,4.35919,4.45772,2.21854,2.70846,3.78081,2.59825,4.96447
2.75356,4.09543,5.34426,3.0012,3.31538,4.3736,4.0586,3.15373,4.19229,5.48078
2.69022,5.5834,4.88973,3.5474,4.7175,2.74974,3.13206,4.41774,5.08529,6.62599
4.11349,3.38501,1.37452,3.03083,3.65585,4.27706,3.84834,4.00125,4.514,5.50731
3.61682,4.94999,3.35512,5.79088,2.55001,4.78398,4.50778,1.65865,4.05449,5.93383
2.6059,3.97607,3.07908,4.54178,4.43756,3.5302,3.89278,4.93971,2.66851,4.46846
4.60108,3.18231,2.97424,4.33083,4.13424,3.36044,3.73583,4.97127,3.51805,2.76822
6.30283,4.27366,2.53862,4.94831,3.6587,4.28666,4.89021,3.25465,4.59737,6.27087
3.19725,2.75287,3.0891,2.35375,4.46258,4.27114,2.8932,5.21471,4.32644,3.10703
2.66007,4.43837,4.12959,3.53773,3.90311,3.34645,4.64887,2.29692,2.8484,3.09538
3.62239,5.72144,3.19822,5.33485,4.11861,3.86087,4.52068,3.96325,3.78343,3.72223
4.60116,5.74362,4.74658,3.622,3.68961,4.86945,3.22746,0.959444,4.62801,3.82027
3.36056,3.1634,2.20664,3.69999,2.66894,1.83255,4.73358,4.73351,3.43948,4.45286
3.54104,4.87865,2.73415,1.8552,3.44494,4.56084,4.95285,4.10197,3.96106,4.85552
3.06219,5.06666,2.05799,3.4664,4.74598,3.95706,3.89031,2.64769,2.93326,3.64189
4.61502,4.32028,4.26823,4.09897,5.17416,3.29813,5.7235,3.45901,2.38361,2.32151
3.20765,5.69853,3.97997,3.94212,2.20884,3.94107,2.91741,5.06418,4.52521,2.7029
2.57749,3.19632,3.85335,3.35531,3.61743,2.81491,3.68896,4.77939,5.18557,4.08829
4.41475,5.51558,4.22973,2.66578,5.20614,4.27113,6.2285,3.69071,5.01095,3.37816
3.01554,3.05145,2.78124,4.17142,2.45307,3.92653,3.60195,3.80254,1.94633,3.5641
3.79335,5.52006,3.17819,3.09384,3.06539,4.41159,5.74831,3.60522,3.28417,4.2265
4.92106,3.18255,4.22,5.38666,3.41685,2.9281,3.46749,2.12431,5.33754,5.29276
5.50789,1.76436,3.64178,3.52125,3.81413,4.89542,3.88939,3.20393,4.65737,3.37106
4.36646,4.42475,2.98512,4.66926,5.70797,5.05367,6.09487,3.83389,5.12471,4.39092
4.10481,4.18773,5.88483,2.94674,2.10687,3.35161,4.1907,4.85935,3.95558,4.81651
4.10473,4.41694,4.19442,4.49145,5.01286,4.28016,2.61724,4.21006,4.38968,3.21108
5.98097,3.82702,3.14491,3.95203,3.20438,3.9399,5.51197,1.7743,4.77882,5.38491
2.9838,5.33577,4.31736,4.28933,5.55892,4.75397,4.09894,4.58705,4.55039,5.07411
4.5914,5.29495,5.15958,1.42916,3.90388,4.05791,3.16986,5.2005,5.32874,4.36766
4.2163,1.31582,3.53423,4.84682,2.60268,4.54134,2.57089,2.70025,5.3325,4.45918
2.90043,5.31197,2.22829,3.6625,5.16009,3.66965,4.27276,1.947,3.67816,4.76474
4.17972,3.2997,3.54986,5.06487,4.77712,3.11785,3.1773,3.7362,5.82197,4.43723
3.92509,3.53185,5.06067,4.49027,3.66812,3.90052,4.45658,1.98441,5.07454,4.72143
4.43741,5.42216,3.31542,4.89658,5.03745,2.62767,4.66613,3.01156,2.90943,4.58288
4.65273,4.41578,3.92895,3.24646,2.39502,4.31256,2.58189,3.22041,4.39283,3.8024
5.40605,3.66222,3.76243,2.18043,3.40342,5.57437,5.14889,4.45231,1.9941,3.08547
3.19843,3.59341,3.80219,4.34803,3.73439,5.30863,3.34319,4.95039,3.98506,5.53937
3.60195,6.19303,3.53545,5.1671,4.44744,4.87292,4.11513,5.31588,5.39885,3.09451
2.63415,4.45553,4.21637,3.87786,3.58959,3.97022,1.55744,3.90125,3.85701,5.33213
4.25226,4.38594,3.33792,3.09706,2.93459,3.10854,2.80163,5.01303,3.95078,3.07658
3.6192,5.13148,4.33,4.63759,3.77679,3.60184,4.99842,2.90727,4.3508,4.60755
3.29517,3.34224,4.85869,4.03339,2.29255,3.81397,2.57508,3.64907,3.47314,5.18034
3.85791,4.22431,4.32441,4.8196,4.1975,5.65476,3.2425,3.88516,5.91156,4.91846
3.52153,3.2337,3.1031,4.07056,2.15645,2.48845,3.71664,3.67179,5.6245,4.3093
3.11753,2.00322,3.22265,3.32761,3.51564,3.2161,5.93565,2.45811,4.08393,6.14089
6.7949,3.27772,4.79368,5.00284,3.37988,4.40577,3.27037,4.62727,6.20777,4.79586
3.63686,5.15634,4.63856,3.74791,5.33053,2.86331,2.66011,4.07946,4.42893,4.73915
4.96394,4.44089,2.93547,4.67051,5.82317,4.03932,4.15735,4.20946,4.07024,4.91022
3.54881,3.26095,4.70092,3.95184,4.96021,2.8784,3.54955,4.1912,1.97279,3.01665
5.59574,3.4652,3.22279,3.80297,4.98247,4.45246,3.15693,4.76671,4.09103,5.26361
5.34462,4.38184,5.31371,6.61025,3.95267,3.4265,6.12592,3.65007,4.31002,3.38606
4.81029,4.85709,3.84838,4.41104,3.0305,4.21188,3.25765,5.36572,4.12821,5.1939
3.79705,3.31452,3.35531,3.52354,3.24541,3.3797,5.53417,4.72519,3.9639,4.38213
4.02349,3.45744,4.2208,5.09385,4.68253,4.39032,5.18893,4.17621,5.16227,5.3139
2.95452,4.6451,5.22862,5.00321,3.45322,5.08903,2.66876,5.75033,3.02137,4.89421
4.90098,2.63625,5.13652,2.3765,4.20306,4.48979,3.80412,2.59595,5.79715,3.72851
3.13304,5.85395,4.17285,5.11645,3.04183,2.85886,3.81735,5.82282,3.07507,4.3069
5.30293,2.98324,3.12076,3.81527,5.43836,4.74477,3.15154,3.86495,3.34744,2.96317
2.7647,4.19683,3.07283,3.67046,3.58737,3.74776,4.04988,5.29752,3.248,2.62985
4.12472,3.71576,4.85196,3.76311,4.5761,4.41246,3.5838,4.15239,3.74348,4.22355
3.01357,4.99574,3.41211,3.6856,3.57505,5.11776,4.98324,3.72596,3.72846,5.9129
3.36533,4.80316,4.08157,2.82472,3.12255,3.65479,4.14032,3.92315,4.82188,4.26275
4.40286,4.14327,4.57792,2.11523,2.72439,6.73311,3.67603,3.61071,3.45131,5.53128
3.81812,3.52061,2.34378,3.28772,6.28759,5.23042,4.07635,4.35751,5.63106,4.49296
4.44062,3.23327,3.83046,4.32741,3.90845,3.14609,2.37599,7.07247,3.64073,5.88015
3.89068,5.07213,4.21018,4.85708,5.48363,4.53364,2.93448,4.57916,2.89537,5.20585
4.49347,3.61551,2.68935,5.596,4.74883,3.97514,4.82389,3.66662,4.8097,5.20963
2.279,3.42926,3.32852,4.35344,3.10586,3.12914,5.47967,1.31686,1.74784,3.69298
3.68209,2.49426,3.43331,4.81248,3.40576,4.60111,2.9323,4.10245,1.93146,3.54713
2.02484,2.58684,4.44176,6.0496,2.80951,5.00706,5.51974,2.84614,4.74926,2.41392
3.79989,4.35723,3.54273,2.59967,3.63433,4.64293,5.25455,4.27998,3.7277,4.65844
4.49571,5.05183,3.55388,4.68648,4.69337,3.53398,4.30871,3.39238,3.71727,1.05901
2.60609,3.81367,3.84941,4.62625,5.42535,5.33709,4.7548,3.89782,3.13254,7.00023
3.83414,4.40902,4.24012,3.94692,4.65678,3.98549,4.1628,4.43185,4.67387,2.71427
6.20622,1.68865,1.85037,4.54798,2.99736,6.38903,3.97304,4.83301,3.50515,3.0588
3.41536,4.64872,4.69685,6.07823,3.90381,4.67866,3.60452,3.05915,3.75448,4.0626
2.74821,3.97517,3.53007,3.36802,4.92131,4.3057,5.41301,4.83929,4.07709,4.16518
5.33649,3.83014,4.43255,3.78476,4.54575,4.23718,5.30496,5.14226,4.14123,4.40036
3.57208,3.6523,4.41894,3.89872,5.11133,2.3937,0.992269,3.48934,2.61719,4.47767
3.02522,4.53975,4.47321,4.79321,5.7032,3.40941,5.56404,3.03436,4.01017,5.8494
6.78505,4.37803,5.54169,3.97813,4.78548,4.85682,2.18267,3.76156,6.26549,3.99757
5.55324,4.37056,5.38825,4.5621,4.70592,3.10117,3.81903,5.09422,4.14985,3.85635
5.69961,3.53063,4.98482,3.50215,3.68579,4.02259,3.66675,3.37288,4.01581,4.28751
6.33515,5.18054,3.03093,3.44256,3.00059,4.21725,4.52156,4.62987,4.61412,5.60488
2.73892,5.67253,3.2549,2.98714,3.86405,5.18423,4.05033,5.35376,2.44592,3.57607
5.75311,4.78164,2.80856,3.54361,3.51715,1.16713,4.41939,2.95231,3.44551,3.20424
3.46192,4.85148,3.47787,4.84964,5.16681,3.92939,2.82922,3.9208,4.6526,1.96574
2.69277,2.04802,4.41648,4.21763,4.10554,3.12256,3.34585,5.04822,4.94347,4.53286
3.6869,3.97099,6.06305,3.12018,4.22262,2.93657,3.02399,1.94585,3.49172,5.38903
4.39196,1.5909,3.3254,4.49112,4.358,3.82421,4.99996,4.60569,3.35754,4.53452
4.99804,4.12494,2.85073,3.93156,4.84984,4.60607,3.58906,4.64034,3.95204,4.7646
3.63132,5.16456,5.74665,2.59299,3.57052,3.2856,4.32721,2.72451,4.56037,4.90307
3.71567,5.08467,4.88511,3.68228,5.39135,3.55224,3.51316,6.54155,3.02969,6.27931
3.88143,5.19003,4.33445,4.39508,3.96751,3.15169,3.3388,3.7133,2.42908,2.58287
4.20151,4.14417,3.19152,2.74222,4.56039,3.74475,4.77089,2.37306,4.64919,4.73804
3.57661,4.32957,4.09363,3.75522,5.1856,3.54089,4.2504,5.5193,4.85774,3.72316
3.39918,1.89328,3.6133,3.40908,5.12124,4.65316,3.23187,4.87874,3.32471,3.28722
3.5681,3.22473,3.46746,3.65648,3.25932,3.75546,5.35652,2.38295,5.56406,3.71846
3.48972,3.58917,4.6764,3.53157,2.87812,6.01317,4.37765,3.77648,3.08164,4.92613
5.46409,6.01843,3.96187,4.4809,3.40331,5.15435,4.85338,4.70987,4.30198,3.79207
3.50863,4.47045,3.53601,5.23731,4.32461,2.35852,3.80152,5.0851,3.64689,4.99137
1.81085,6.48555,4.43483,3.20791,5.77874,3.08052,4.17332,4.63082,3.58939,4.0146
7.38308,4.41534,3.53193,2.84034,2.86717,4.37119,4.48589,4.93183,4.19689,3.65749
1.91661,3.48368,3.86186,4.40832,4.64657,3.85947,4.82126,2.86249,4.40892,4.68815
3.17222,5.03515,5.54525,3.89058,4.47306,5.39025,2.88084,3.7577,2.67294,5.7738
3.93501,3.09625,5.59924,5.04042,3.55044,4.65984,3.79815,1.91616,1.88213,4.05152
5.79648,4.33829,3.55337,4.92314,3.14624,5.16044,2.56354,3.40277,2.48465,4.65543
3.13094,2.70138,3.40085,1.95197,6.08823,4.73028,3.18028,1.78005,4.61475,6.0422
3.99762,3.06284,4.63048,3.78127,3.76566,4.6571,3.54927,3.31407,3.21639,4.67003
2.35071,5.31352,4.32958,5.49889,4.14748,4.61031,5.06283,2.77607,4.88254,3.97255
4.81835,2.07719,3.60582,4.00017,4.43886,4.64797,3.02358,2.17672,4.799,3.45786
3.39764,3.43215,2.46959,3.95884,4.58905,2.12751,4.57008,5.37461,4.21296,4.27707
4.64963,2.70344,4.76412,3.30168,4.66878,4.2093,3.17017,4.12275,3.60679,3.06346
2.33694,4.3574,4.27991,4.29831,4.42233,3.16265,4.7713,4.25441,4.45035,2.96793
4.30651,2.79381,2.48624,3.60583,5.04887,2.08282,3.28603,4.92659,4.33638,4.87187
4.54056,3.57018,4.52433,3.42291,2.50188,4.07472,3.47544,3.95927,2.85563,2.94399
3.7072,3.47429,4.38869,1.44296,2.79531,3.66653,3.42728,2.90446,4.3809,3.49091
5.30489,3.81834,6.33727,4.85162,2.70633,4.43966,3.98471,4.17753,5.32938,2.81062
5.07852,4.32802,3.32883,4.11085,5.85097,3.17128,5.68923,3.77889,3.84144,3.22689
3.4005,2.85667,5.49276,4.74709,3.8335,2.00759,3.09235,4.46983,3.60523,3.48719
4.33804,2.63677,3.08662,6.54156,4.28012,5.1463,4.19295,3.46482,3.28854,4.96784
4.45934,3.57322,1.29617,4.0246,4.74845,4.35798,2.58603,4.78542,5.82729,3.13993
3.13634,3.11062,3.40027,2.24579,2.95849,4.62776,3.31733,3.42171,3.05152,3.00816
5.47586,3.7906,4.10278,4.9973,3.69522,3.32643,3.57606,2.13004,5.09788,2.8998
3.38891,4.78826,3.15213,3.31498,4.34485,4.72622,4.2752,4.03806,5.42789,6.8628
3.42028,6.16189,5.80145,2.79322,2.91799,2.77317,3.15952,2.48282,3.43245,4.23406
7.54539,3.31688,3.38087,4.50179,4.63329,4.37719,3.44577,4.12771,3.98794,3.28288
2.98773,3.56611,4.93557,3.7615,3.4502,4.72478,3.95419,3.67475,2.70272,5.52435
3.53099,4.17279,4.28719,4.70227,4.2506,4.64291,5.43936,2.7275,2.83566,4.39285
5.98882,5.53954,5.35085,1.28056,5.10621,3.36565,5.05296,4.16534,2.56595,4.22042
5.29826,2.9362,2.77012,3.35496,6.47271,2.87121,5.27169,5.93095,3.91328,3.45795
2.63955,3.58834,3.69718,4.52572,4.50951,3.12119,3.15007,5.03548,4.31649,1.05249
3.89326,3.22179,5.3915,4.75719,2.42927,4.76529,3.1543,4.89277,3.59089,4.9651
3.57977,3.92844,3.34258,3.88677,4.68786,4.05867,4.78157,2.5254,3.30202,3.88904
2.62445,2.98832,4.29733,4.59726,3.59377,2.98053,2.09174,5.14257,2.21129,4.95804
6.23038,3.71686,3.20113,7.13455,4.51857,4.49798,2.98595,6.03387,5.54016,4.35563
4.77334,2.08634,2.88066,3.3996,3.75217,3.71748,2.13063,2.50584,2.29617,4.17825
5.31911,2.73818,3.45782,4.16701,3.48096,3.30281,4.02022,5.18252,2.66041,3.67769
3.4815,2.08544,4.92357,2.14987,5.05802,4.42853,4.74467,3.36419,2.35925,2.19446
4.52659,5.80939,4.84465,3.85295,2.86724,3.06958,2.96701,2.59983,5.79511,4.16134
4.58398,4.05919,5.34852,3.34911,3.16597,3.92656,4.99416,5.19054,5.19159,2.84432
3.28858,4.29439,4.98049,4.54979,4.27998,4.62099,2.32581,3.16375,3.73227,5.04431
3.29007,3.36463,3.89018,1.50096,3.56706,3.67528,3.08009,3.80883,4.4389,3.88932
4.91217,4.90451,4.2577,2.66795,3.86752,2.49185,5.70184,2.01901,3.5279,3.38344
4.60111,3.16945,1.51615,4.39845,2.15908,4.46759,4.28356,2.30854,2.62735,4.25001
3.28452,1.75223,4.19967,4.75067,4.53998,5.00864,4.89193,3.6739,4.65544,4.7927
3.66326,4.98037,3.1,3.05397,3.25159,4.32134,4.77301,4.242,5.32671,2.55809
4.30361,2.97039,4.31346,2.76701,6.03478,3.19689,3.47267,3.98514,3.41564,5.99061
4.87414,2.69377,4.15832,3.74189,5.09408,2.60138,4.76688,2.08781,4.67203,4.38746
5.29257,3.31025,3.4821,6.73281,3.13903,4.52161,5.0147,3.6799,3.0453,2.99616
3.18565,5.45233,4.11781,3.84544,3.44818,4.62152,5.31787,6.74981,6.28976,4.38353
4.17464,3.33376,3.00258,4.64926,1.43105,4.23901,3.72762,3.06201,4.88828,3.60983
3.41739,4.18975,2.56829,5.33019,4.70613,3.37091,4.79611,4.16389,5.51499,4.07685
4.55946,4.5203,4.41972,6.18226,4.49584,4.54097,4.38378,2.7782,3.65475,4.47384
4.38462,4.59694,3.42224,4.00314,4.34031,3.55688,4.36631,4.63269,5.21465,5.04919
3.7396,5.33853,4.47923,4.28599,4.4942,5.45844,3.34438,4.37344,3.7707,3.42999
2.1431,4.88523,3.90236,4.11682,3.57771,3.71448,4.8419,5.21965,2.21164,3.60119
4.39752,2.66106,4.44378,3.29513,5.03233,4.46237,4.63822,4.5625,1.74374,3.16736
3.58692,2.23977,5.61058,5.32058,5.34279,5.49557,2.92338,4.11553,3.10036,4.93225
3.23928,5.43239,4.2255,4.26743,4.62617,3.61105,4.35838,4.4005,3.56082,3.67555
3.70092,3.40295,3.62487,4.38847,2.90422,4.15085,5.99093,2.24126,3.69665,4.28085
4.45747,4.04525,2.05049,3.92752,4.2407,2.8357,5.45193,4.90306,4.64405,3.55164
4.07989,3.14594,5.18574,3.70018,5.97073,3.42229,2.7453,3.6576,3.09425,3.66649
5.22105,5.26985,5.39841,6.42541,4.19423,3.81294,6.22373,4.94551,5.78333,3.05844
3.85485,4.02871,2.8262,4.76103,5.15665,4.12441,2.5892,5.09143,2.95503,4.75556
3.19527,2.59053,2.45207,5.38106,3.82997,3.30053,3.90499,5.13857,3.2054,2.71065
3.50616,3.46414,4.49554,3.44104,3.24224,2.70001,3.93585,4.90473,4.53216,4.35465
5.327,3.46414,3.14259,4.27784,3.42933,4.12248,4.7876,4.78557,3.31308,4.74025
4.81795,4.30699,3.40223,4.61507,4.63784,4.18444,5.82187,3.8056,5.28028,3.49964
4.20682,4.1681,2.87143,4.76588,3.34323,4.38977,3.02726,2.68748,3.34926,4.70369
3.93721,4.19652,4.67778,3.75582,4.20862,4.55934,6.09225,4.09755,2.8619,4.2003
6.38764,3.31721,5.58054,5.45413,3.68564,4.32043,4.11796,4.34515,4.91193,2.67178
3.8183,3.37362,4.86938,2.87582,4.00598,4.28457,4.40105,3.42401,4.99011,4.23283
3.64433,4.98253,4.9198,4.02981,5.42569,3.08671,2.83534,4.39298,3.88967,5.03712
3.10168,3.20311,4.83608,4.4502,4.61665,4.08695,3.8295,2.9347,3.54412,4.04066
6.10305,4.56945,4.78118,4.9865,3.83767,5.75834,2.64906,5.68259,3.96351,3.01301
3.0076,4.92724,3.25833,3.31007,3.89348,4.61991,4.6634,2.6598,4.85218,4.50469
3.03236,4.14894,4.98915,5.52718,2.78802,4.23113,3.68946,4.77987,3.10663,2.28292
3.44022,4.34582,3.37466,2.9135,4.94615,4.10092,5.88671,2.64578,4.74891,5.57549
3.65218,3.83197,5.73056,5.17479,2.43904,4.48327,3.87869,3.97061,4.86311,1.51501
4.58652,2.60985,2.97926,3.35011,3.6608,3.29652,3.79344,4.98061,4.12733,5.24081
4.90833,5.06399,4.38372,3.90235,4.8155,6.02314,5.14099,4.55187,3.02606,3.36276
5.86287,4.06592,3.14233,3.83985,3.48024,2.72214,4.01969,6.5965,4.19809,3.05575
5.07224,3.91353,5.71177,2.92705,3.01988,4.85616,4.02172,5.26454,3.16535,4.81022
3.17055,5.35393,5.21783,4.07443,5.0865,3.55524,4.94038,3.84822,5.76899,3.16069
3.47414,2.08291,4.98334,3.15248,2.79718,2.0433,4.04445,3.96528,3.86763,4.01221
3.73353,2.21616,4.92759,3.4028,4.81893,3.97017,4.22524,3.69813,3.68348,3.71526
3.41937,4.35512,6.00421,4.08697,4.90373,2.05925,6.05771,4.06754,3.43106,3.73935
5.07655,5.36442,3.3584,4.73088,3.48178,3.79574,3.94323,4.72927,4.51278,4.60865
4.05641,6.14738,2.96504,5.55699,4.96003,3.86805,4.69802,2.22815,5.02261,3.79017
4.11851,3.55678,5.09739,5.58335,4.41277,4.43792,3.69201,4.65235,5.66621,4.59845
3.18358,2.56839,2.96087,5.06282,3.74875,4.30021,3.02242,5.18566,3.48264,2.6255
4.33536,6.92577,3.77413,2.74514,4.15574,5.00195,2.13758,3.46544,2.63676,2.52402
3.16894,4.36688,2.73489,4.94651,5.03822,3.96811,2.89219,4.32982,4.21825,5.19321
4.65522,3.73885,3.96463,4.23416,5.63428,4.30554,4.92859,5.28377,4.98649,3.93157
4.95968,2.83475,2.7684,3.00676,3.51725,4.21865,3.29003,3.82469,5.04513,4.71232
3.54228,3.55165,3.37758,4.97905,3.40452,5.30436,4.17979,3.80773,3.97468,3.14569
4.81931,3.02837,4.04047,4.28626,2.33294,4.25406,3.8761,5.75755,3.13796,3.62362
3.55321,4.02706,4.06313,3.42206,5.66475,3.79463,4.00466,6.21962,2.627,4.65227
3.93251,4.41234,4.19578,4.12015,4.27017,5.2441,3.13151,3.09039,3.34365,3.01873
4.41205,3.77796,4.3824,4.83233,3.01207,3.96461,5.19074,3.43552,4.63636,2.50926
4.00457,2.06316,6.251,3.68315,4.10479,5.44816,3.13343,5.26299,2.80194,4.74659
3.27915,3.54539,5.14824,3.10045,4.68707,5.60697,4.47678,4.16971,3.16533,5.05473
4.39024,3.51065,3.48116,4.76534,2.91169,5.05016,3.97401,2.14383,1.36691,3.50317
3.23157,3.95255,3.75108,2.90978,4.91382,4.60967,3.3035,4.68619,3.47533,3.67878
3.73337,4.33795,5.24717,3.44898,1.8877,3.0627,3.66848,3.04897,4.12823,2.89809
3.02093,3.76972,3.29445,6.11478,5.80188,3.75122,4.12962,2.36616,4.94433,3.7865
5.42299,5.90957,5.32259,4.03453,4.87216,3.92044,2.95318,4.19175,2.3897,4.77594
3.05842,4.25215,4.31694,6.29862,3.48413,3.0122,3.95269,3.43369,3.74711,4.50785
3.15315,4.27603,3.87475,3.10241,4.35372,5.19867,4.0276,4.10082,5.74166,4.75553
2.95108,4.58728,3.62604,2.96031,4.1007,2.8426,2.98518,4.52657,5.08758,3.32614
3.67569,2.20221,4.17804,5.01392,3.89207,4.87583,4.54554,1.12961,2.25259,4.10297
3.94681,6.34417,5.28125,4.1727,3.352,4.61658,5.29188,6.10159,3.39933,3.86759
2.69627,3.56506,3.59975,5.07536,4.35096,4.25224,5.16132,4.28105,5.39494,3.14219
3.60751,4.41461,3.54562,5.88782,2.64117,5.137,2.92717,2.84219,3.394,4.92499
4.91737,3.40549,3.783,5.10621,4.00232,3.12762,5.76383,2.64539,3.39057,5.49485
4.97415,4.15693,3.44844,3.51089,3.03034,4.4086,3.95322,3.37091,3.40165,6.77854
4.23266,2.59535,3.00219,4.11708,4.054,3.98741,2.97907,3.4761,1.1847,2.38811
3.20472,4.84725,4.31242,3.72605,4.59102,4.3353,3.29557,5.47867,1.61304,3.34232
4.38562,4.43139,3.16716,4.34577,3.50512,3.93875,4.64679,4.40357,3.48404,3.29434
2.95831,3.82447,3.33343,3.81951,3.62424,4.41678,3.58522,3.75386,5.44412,5.44983
4.18154,2.71178,1.84717,6.81547,3.12136,4.76492,4.41149,4.35824,4.89351,3.80866
3.56488,4.20801,4.92097,5.23184,5.14291,1.63782,4.14671,3.97387,4.75934,4.1849
3.68446,3.83523,4.04678,4.153,3.24919,4.85384,3.13604,1.5059,2.42908,4.54987
2.88495,2.54008,4.88799,3.90609,3.20043,3.97991,3.2269,4.56418,4.46805,4.53286
3.79768,4.09216,4.55376,5.44391,2.87865,4.51527,2.58382,4.67054,5.53446,4.26035
5.06556,2.17462,4.61854,2.90617,3.52906,3.1229,5.40119,3.14967,5.96868,3.56203
3.05911,3.66907,2.18438,3.0356,4.95192,3.63369,4.11063,1.56841,3.33014,3.72239
3.46212,4.16084,4.6764,1.5479,2.72592,3.77753,5.80389,3.47408,5.04701,4.50219
3.39025,4.83388,3.66559,5.87506,3.23987,3.47673,4.90161,4.20384,4.77933,2.9745
2.22419,3.8007,4.3087,4.61407,2.83514,5.02078,3.79234,3.04817,4.30422,4.25451
3.29831,4.66181,4.47032,4.16425,2.93247,4.24447,3.96945,3.35248,4.4234,3.32252
1.85097,4.12676,3.15441,3.0318,3.90181,3.93038,2.539,5.74447,5.47938,1.80155
1.52194,4.57488,3.23644,2.92644,3.41638,4.59563,5.89182,3.68406,6.92208,2.3425
4.63535,3.28449,4.55846,4.24108,5.908,5.69054,3.99193,4.7529,4.1722,3.11891
4.86587,3.51052,5.49072,4.2783,3.22348,4.35908,2.96114,4.68039,5.06438,4.96172
4.5014,3.46086,3.55631,3.67248,1.31376,6.09983,3.55965,3.72032,4.57174,4.10996
3.41902,5.54691,2.63626,3.20157,4.043,4.46492,3.53041,4.5335,3.35643,4.62029
5.14289,3.63766,4.79872,4.32713,2.67876,3.07542,3.83366,4.77371,3.55555,3.11631
3.27553,2.83488,3.87381,3.49135,4.08378,2.19873,2.30268,3.9226,2.99177,2.80419
5.47223,2.85232,3.0068,4.11204,5.35592,2.65807,5.17409,4.37345,4.44155,4.0206
3.27108,4.0066,3.28343,2.54374,2.18579,2.05197,3.00866,2.94503,4.71516,4.81611
5.56897,5.23706,5.82447,3.82191,2.51745,4.72269,4.06946,5.77906,3.78492,4.57189
4.74445,5.07679,3.97009,5.49427,2.61105,4.82318,3.54848,3.09859,4.19728,4.76598
5.16528,3.83831,4.08003,3.16744,3.89316,3.75846,2.31221,3.3975,2.41548,4.30701
2.13182,2.86112,3.23353,5.71684,4.4048,4.42404,3.62218,2.74474,2.24324,5.70232
1.08911,2.8311,4.57081,3.65289,4.34899,5.16505,5.48632,4.51194,4.33756,4.40238
4.46477,3.3606,5.28076,2.41461,4.70913,4.76634,2.08922,6.56437,3.65485,4.93654
4.12652,4.1992,4.39438,4.04404,3.92189,4.21914,5.11699,3.69532,5.07353,3.87587
4.1018,5.065,2.20088,3.82976,5.10543,3.86941,5.50959,5.01717,4.83669,3.75378
2.15419,3.69118,3.63917,3.88298,3.6532,4.02184,2.56366,5.61966,2.6282,3.87013
1.93615,2.51581,4.48839,4.56974,3.2304,1.70385,4.79945,4.28881,3.1425,3.6204
2.34389,3.90665,3.3376,3.20467,3.43823,5.45951,4.03808,4.34124,3.63836,5.46325
3.72889,3.51054,4.85893,4.43001,1.73961,4.07659,4.80624,3.89209,4.41333,2.65418
1.91899,3.92745,3.07822,4.29123,4.36909,3.86572,4.35606,5.31632,4.1793,3.7604
5.09851,3.21753,3.6855,3.50729,2.25926,3.25862,4.29791,3.19897,5.73193,3.21922
3.22404,2.41848,1.94569,3.35539,4.39938,3.93797,3.61308,2.52957,5.627,3.49432
4.24929,5.61983,3.3042,4.14494,4.73955,4.56419,3.7743,4.54719,3.88341,3.55141
5.14058,3.96527,4.67655,5.89195,3.99915,4.94454,5.33312,4.30595,5.22457,4.84823
4.73036,2.77472,2.48327,3.39776,3.55371,3.6788,2.62404,4.26982,4.47795,4.22877
2.88891,4.47318,4.76687,3.47623,3.45832,5.13747,6.02303,2.2761,4.26729,2.53623
5.27095,2.95525,4.43796,3.92397,5.84969,4.66646,3.59591,4.67499,5.04497,3.54193
4.48443,3.5482,5.35516,4.34451,3.5427,3.69753,3.41943,2.23085,3.15098,4.1272
3.15944,4.64477,3.67387,4.32478,4.2452,3.89336,5.15134,4.54128,4.56475,5.03676
4.55739,5.49871,4.27711,3.74262,2.00151,3.85637,2.66062,1.98439,4.78406,1.98136
4.24836,3.67214,4.63344,2.24658,2.08557,4.30566,2.21,5.36741,4.89521,4.07498
3.68726,4.6392,4.919,3.59412,5.06,2.9782,2.28988,3.78732,4.73605,4.11618
3.60565,4.00327,2.72128,3.98562,3.82019,4.38136,3.41142,3.62681,4.87393,4.43231
3.00277,2.30174,3.04137,4.58833,2.14528,6.0975,3.90615,2.74278,4.314,4.03039
5.59189,2.39144,2.67343,3.17734,2.58011,2.65544,2.60105,2.82044,5.08543,4.42569
3.75866,3.84522,3.21089,3.60297,3.45487,4.31865,4.87247,5.4744,6.54115,1.70058
5.73854,4.3686,4.66515,4.07088,6.31739,3.40736,4.02474,4.70121,2.69617,4.08658
6.21876,4.46386,3.25248,3.36343,3.78747,2.99593,3.906,3.4324,2.99119,4.25802
4.34812,3.04425,4.46943,3.52993,4.83024,4.26634,3.19884,3.16616,3.18913,4.27352
4.35771,4.26919,3.83702,5.3825,3.588,3.10883,6.23366,4.00609,2.97571,4.40349
4.42369,4.69687,4.21202,3.19437,5.39557,2.93653,4.08851,2.20277,3.53412,3.16354
4.91788,3.3335,4.7242,3.75186,4.21433,3.65794,3.58365,4.26346,4.7188,5.01275
3.07979,4.03828,3.31536,3.75137,4.71326,3.91737,4.05017,3.84931,4.36017,3.34648
4.90377,3.00702,3.57353,5.19646,5.04801,3.88765,5.69473,4.07637,5.68797,3.96367
4.06128,3.45204,3.62311,2.99477,3.10996,4.51754,2.59161,3.83888,4.05752,4.7726
4.61895,4.40633,4.46643,5.98165,4.84269,3.46718,3.92667,5.20587,3.49701,2.85873
3.41934,3.15737,5.93129,5.0913,3.9285,2.62301,4.28568,4.3874,4.05972,2.52422
2.03778,3.94503,4.79595,3.96002,4.74397,3.50662,2.59615,2.34972,4.50991,4.83616
5.83038,3.24876,3.78924,3.39751,2.05645,3.37004,5.73669,4.24916,2.92245,4.66667
4.03079,4.89473,2.95091,4.37547,5.05088,3.97604,4.30329,3.97583,2.97622,3.56061
4.70768,2.53439,2.43198,2.75513,5.10334,3.30008,4.38407,3.83574,3.93944,4.75009
4.69456,3.85056,4.25168,3.56844,4.39234,5.36188,2.42641,3.09805,4.8677,6.35197
4.76146,2.83097,3.56879,4.39834,3.44485,3.47037,2.27487,6.0494,3.31081,4.41929
5.20914,5.12497,4.4514,3.89632,2.59867,2.88933,4.20174,4.72966,3.94792,3.98566
5.60189,3.63805,5.24584,4.30523,4.01779,4.11659,3.57618,6.64856,4.6065,2.99424
3.00806,5.08603,1.66995,4.21771,5.19843,5.60092,2.92151,2.39574,5.73556,2.88417
4.08519,5.56823,4.53589,3.37235,3.72363,4.32003,1.58947,5.12894,3.67253,4.35937
3.46216,4.92052,4.09278,2.6577,4.1913,2.77753,3.41803,4.55705,2.96651,4.92271
3.32381,5.62614,4.12925,3.89179,3.75785,5.0094,4.29584,4.38587,4.0122,5.47435
4.0198,4.14788,5.04074,5.35939,5.47122,4.90433,3.98309,5.74433,3.05714,4.53172
4.55208,5.26648,4.84731,2.77917,4.0122,2.6986,3.11159,4.64067,4.85096,4.60271
4.73836,4.63588,3.76975,5.16176,4.38381,4.96402,3.51481,4.10684,4.39273,4.80544
3.57501,3.47644,3.57098,4.0443,7.40255,3.64728,3.00525,2.8559,4.47535,5.17942
3.8709,4.50273,4.82238,4.32905,4.72565,3.26562,4.05838,4.31735,3.19276,2.1677
3.02631,2.45552,4.02148,3.37047,4.53728,5.14736,3.56858,5.48613,4.28859,4.51872
4.66429,3.55431,3.64027,3.34913,4.10389,3.48212,4.07947,4.22023,4.80386,4.01306
4.06258,6.22585,4.47904,3.07981,4.86795,3.82256,4.57017,4.02263,2.46753,4.93396
4.91004,3.47258,3.1263,3.38725,4.00967,4.76396,5.11396,5.49146,3.65861,2.4301
4.538,6.60799,3.53444,5.637,4.38508,2.29115,3.92965,4.39153,5.25575,5.13321
4.34779,4.45328,3.14221,4.16526,4.84763,4.76733,4.0699,3.29647,3.71983,3.56953
2.56208,4.91233,5.79682,4.0132,4.14634,3.18831,3.6095,4.75821,3.5926,5.48401
2.73642,3.27385,2.80142,3.63421,3.92639,4.13794,4.29566,3.25292,2.74546,3.9822
4.75837,4.82279,4.12384,4.29472,4.2437,2.63581,3.44567,1.85521,3.30894,4.74412
2.68875,3.32328,3.53782,6.79881,5.4829,4.97478,5.50285,3.88553,3.98951,4.97807
6.98709,4.49673,3.39563,2.4372,5.65082,2.7787,5.14387,4.33932,4.9829,3.77928
3.5276,3.87557,5.09576,4.15067,2.49169,4.00185,4.56531,4.84785,3.12819,3.6159
4.16226,2.9438,2.94475,4.91882,2.89501,3.3264,2.39913,5.87143,3.22705,5.09826
3.48743,4.40429,2.95715,3.2553,4.95461,5.95098,3.78016,3.80407,4.74992,4.1827
3.79811,4.0733,2.42957,4.49891,4.85929,1.99146,3.66756,3.8267,4.73775,3.40896
3.62884,3.96332,3.10581,2.24048,5.59993,5.06975,5.62074,4.1282,2.52141,4.08906
3.48263,3.87073,4.11793,4.28719,4.56249,4.26228,4.5131,2.73059,4.20203,2.66781
3.64923,4.72094,2.19958,4.97849,5.32489,4.20482,4.80976,3.5978,3.8064,4.84598
2.63934,4.6013,3.64025,2.72085,6.00646,5.17497,3.01202,3.30408,2.37779,3.4525
3.6376,3.73176,6.0339,4.03732,2.87985,3.01955,4.90933,3.55415,5.1747,4.18548
3.24351,2.45383,3.47989,3.13601,4.70058,3.29601,2.67263,4.11498,3.98072,4.8123
4.01028,3.89758,4.62533,3.08604,2.6758,4.97369,5.07564,3.68489,5.28953,3.53731
3.43845,2.0452,4.39686,2.15927,3.06901,3.25122,2.62581,3.64926,4.27853,3.99248
4.98333,5.42938,3.8357,4.52018,3.36491,1.9826,2.27196,2.90527,6.57047,2.7275
4.85297,3.70392,3.75964,4.66026,3.59155,3.89654,5.435,3.76345,3.23452,3.91158
3.43251,3.13081,3.59503,3.90287,2.45645,4.69863,3.7937,4.62036,5.88114,5.1957
6.44935,3.79804,5.27371,2.69161,4.23874,4.19036,2.1075,4.17086,3.53881,1.7139
2.73136,3.0697,5.1759,3.53666,3.2795,3.16504,1.30001,4.786,5.56502,5.71005
3.5886,3.72612,3.99862,2.40765,4.66209,3.28554,3.72465,5.39696,4.57564,4.34245
3.57673,3.47033,4.38346,4.73343,4.90831,3.47993,5.00737,3.27143,3.96273,4.28129
3.76595,5.05844,2.30979,3.96234,2.78013,3.11367,4.24252,4.04127,3.33277,4.99694
5.01012,3.51441,3.73209,3.85166,4.86455,3.97805,4.92944,3.91408,3.7329,3.95643
1.03939,3.4804,3.58391,4.77713,5.05856,4.27642,4.76696,4.43212,1.8875,5.1558
4.80411,2.43543,3.7747,4.81861,5.16387,4.77612,6.49761,4.59684,4.00134,4.44782
2.38509,3.99979,2.95184,3.96493,3.6201,3.31856,4.14451,4.5115,4.41693,3.78563
3.96107,3.83609,3.83017,5.64236,4.44982,3.61931,5.7584,4.34008,3.15681,4.78189
5.41567,5.48556,4.81992,4.63303,3.48402,4.88474,3.70814,4.70045,3.75685,4.1503
3.98181,3.93066,2.97729,3.3642,3.92931,4.39203,5.41979,3.20491,3.24998,4.29043
1.07804,3.2062,3.4764,1.68147,3.61925,3.32892,3.86613,4.03428,4.97208,4.96317
4.533,5.05091,5.09589,4.35259,3.94852,3.63148,4.55165,5.15949,4.30284,2.01614
3.68817,3.57833,4.34147,5.11595,3.6348,4.52572,4.28717,5.02122,4.13318,2.28385
7.1556,4.6808,4.61054,4.50819,3.1389,3.43154,2.60002,3.81818,4.58827,4.76625
5.49508,5.20353,4.44758,2.9154,3.87502,5.31781,3.39588,4.02228,4.34744,4.10478
2.92789,5.46958,4.06611,3.25968,2.11972,4.3267,4.95576,2.66477,4.56749,3.23426
3.79293,3.53019,3.7638,3.64532,3.64808,3.26574,5.91038,4.15294,4.56371,1.24466
5.46115,4.32806,3.75705,4.27407,4.71596,6.9041,3.43715,3.43545,4.62338,3.38965
3.32872,4.37347,2.98199,4.16203,3.38533,3.76591,6.39064,3.47526,3.22197,3.6417
7.13205,4.17843,3.21117,5.4624,4.43561,1.11147,3.32591,3.85585,5.17919,2.64558
5.78597,2.52155,3.69109,4.15443,3.20501,3.8638,4.09421,4.56727,4.02051,3.62224
2.1943,4.98435,4.80156,4.47512,3.59488,5.41721,2.51074,5.50089,3.89485,4.25639
4.33451,4.36755,4.86525,2.68702,4.0698,2.72559,3.71263,2.76426,4.33832,2.70972
4.215,2.53574,4.62765,4.04307,3.8252,5.09995,2.17902,4.7925,3.8849,4.89323
3.31889,4.97097,4.00798,3.61815,3.44433,3.69654,2.4943,6.07546,3.83755,2.01197
3.85941,5.36408,5.59246,4.26969,5.03614,4.20888,3.34322,4.84676,3.30873,2.74673
2.53086,3.96986,3.10605,2.82437,2.21659,3.81671,4.34189,1.88156,3.97021,3.35662
3.98793,4.23097,2.98842,6.06699,1.2245,4.01578,3.80849,3.34876,4.22509,4.93683
3.39487,4.12938,4.63644,4.5252,2.9324,2.97237,4.43602,5.30731,3.25617,4.37231
6.26767,2.80063,2.91124,3.63112,4.74727,3.1515,4.97807,3.77838,3.79291,3.09713
4.79374,4.73329,5.07132,4.44851,2.53467,4.55565,5.2553,3.20844,5.55265,6.4616
3.19237,4.49372,1.65699,4.84394,4.48741,4.63915,3.06799,2.57173,5.57225,4.44136
5.06176,3.90753,3.63832,3.99664,4.17784,3.96704,4.22549,4.77142,4.45741,3.98729
3.41998,5.67864,4.66301,4.95529,4.19334,3.29137,2.88315,3.12268,4.13199,4.67281
4.26334,4.41344,3.53396,3.71338,4.03742,3.16235,4.2991,4.15664,3.97337,3.5828
4.11416,4.38444,5.33063,3.42445,3.7151,5.08879,2.91827,3.5249,4.27148,4.74155
4.26779,2.69112,3.54403,4.55534,4.67496,2.44146,4.26449,4.50669,3.58409,2.37053
5.41337,3.66407,3.50475,5.44365,3.58553,3.13049,3.6417,2.25744,2.87519,4.17805
5.8384,2.41047,3.38581,4.49606,5.1044,5.68647,4.96501,4.67683,4.84714,3.88791
4.95546,5.27035,3.38487,2.22419,5.54914,4.34574,4.98851,4.10586,5.57205,5.79889
3.01718,2.73541,3.53741,2.77982,2.72144,2.65665,4.09795,4.6386,4.73153,3.66746
3.2289,4.36933,3.85454,3.24309,2.11984,2.52108,4.12714,6.02755,4.73836,4.15095
5.12726,4.43551,4.27563,3.96984,4.04101,3.11535,2.96409,4.87323,4.46272,6.68567
2.44307,4.98164,4.76355,2.76394,4.49837,5.01393,4.00652,3.63006,6.05847,4.66653
3.18879,5.24564,4.08948,4.63913,4.04421,3.28688,3.73779,3.11677,4.60656,6.00847
3.797,3.85406,5.111,3.87704,5.03909,4.89981,4.63745,3.3524,5.01559,5.16078
4.47376,1.90688,5.151,4.35987,5.78258,2.72575,3.02863,4.23681,2.74017,3.82319
3.84148,4.57849,3.16951,4.58234,6.93262,4.12995,3.17105,4.79558,4.33923,2.13297
4.31597,4.38643,3.75405,3.38518,3.16546,6.81976,3.98225,3.622,4.89801,4.96186
3.65443,5.53056,3.77543,3.88273,2.66401,4.12902,4.73853,4.24582,4.4642,3.12036
4.13285,3.28663,4.88082,4.32622,3.20069,4.14168,4.27584,3.70162,4.17241,4.81342
4.52857,3.75349,5.08512,3.07122,4.8013,4.08839,3.73884,3.75554,5.21322,5.18029
3.82095,2.97534,4.13327,4.18406,4.43818,3.10645,3.43753,2.88275,2.17122,4.20793
3.67495,4.10541,2.83766,3.83342,4.59157,4.51331,3.90711,4.00553,3.58971,4.99494
3.91164,2.79974,4.42523,4.17328,4.12783,2.86306,5.446,4.50875,4.07223,4.75672
4.91598,2.35231,5.35114,3.69117,4.76772,5.04575,4.04118,4.37908,4.94783,3.56795
1.81083,3.94466,3.68214,3.19504,4.71859,5.13569,5.21941,3.61961,2.9494,3.93985
3.21255,4.66571,5.17336,3.40469,5.01852,3.70337,4.37864,2.33296,4.7531,3.76131
4.30604,2.60896,2.95052,3.2641,5.42311,3.36531,4.23978,3.87757,3.41027,3.27704
3.29561,3.90011,2.97718,4.46513,1.89347,5.00779,3.81477,3.86067,3.72564,4.57162
3.31272,6.33001,2.34379,4.6457,4.21449,2.90703,2.69077,4.78735,4.33746,4.65722
4.66996,4.06331,3.56451,4.90165,4.06233,6.21399,4.22372,5.61306,5.70271,2.86881
2.85456,3.17982,5.67713,4.20511,3.15059,3.74016,4.02631,4.26375,3.61823,2.91978
3.8412,4.50174,5.13849,5.24743,5.83958,2.63618,2.74674,2.8,5.83194,4.84489
3.75345,4.41841,3.50202,3.64486,4.21492,4.61939,2.30346,3.74465,1.54513,3.14206
3.76825,5.04167,4.01973,6.04026,3.30521,4.30254,3.75995,4.40522,4.75165,3.00861
3.58863,1.97927,4.20529,3.47221,4.01994,4.37488,2.52323,4.90162,4.05051,3.64402
4.58638,4.15529,3.96258,4.02027,5.44879,4.67472,5.45189,3.36104,3.68994,5.01526
5.66696,4.61179,4.21295,4.16043,3.41687,3.62366,3.94092,4.9497,2.58154,3.34265
4.74884,4.60153,4.33887,4.726,3.1602,3.56552,3.08134,4.03329,3.60073,3.38779
3.54401,3.40411,3.34532,4.27665,4.27337,4.85426,3.4407,3.10494,5.43311,3.30722
4.91073,3.68431,4.64659,3.00697,4.50353,1.96733,2.64913,4.62251,4.36036,3.33922
4.28466,4.5922,7.25179,3.31335,2.47933,3.7954,2.92288,6.61795,2.76597,4.09667
4.32966,4.21954,5.07021,4.12182,3.32831,4.62877,5.23824,4.59302,2.75472,3.67516
4.40427,4.02393,2.3084,3.91219,5.79605,2.78128,4.62715,1.42538,2.4817,2.8134
3.88979,4.9683,2.8899,5.46785,4.91475,4.60697,3.84578,2.74022,2.5548,3.8368
6.24307,4.64982,3.14846,4.43527,4.0031,5.33143,4.01986,4.3069,4.65162,5.07713
3.13344,5.54992,3.90519,4.31032,4.5427,4.98379,5.83902,2.51478,3.06927,4.40471
1.50286,3.03232,4.44951,2.75383,3.10798,5.34789,3.85694,3.89158,6.00174,3.28986
4.75528,4.77205,5.06768,3.19402,1.69901,3.26843,5.82569,4.90624,4.5541,3.38914
2.71426,3.73558,3.94395,3.98787,3.34594,3.84029,4.57973,4.28542,5.64424,3.23956
3.87707,4.09361,5.95833,4.28655,2.1119,5.4001,2.91908,3.61458,4.14913,4.12627
3.6233,1.86808,4.76989,3.85331,4.91033,2.79477,4.32557,3.62099,3.9988,1.92401
3.61022,4.99179,4.21352,2.96044,2.02088,2.97094,3.47141,3.96231,5.76217,2.96628
3.1926,5.13379,5.27181,2.53712,1.67998,4.88932,3.82835,3.03373,3.72238,4.52453
4.52486,4.48953,4.45335,4.28708,3.22185,4.02582,5.3974,5.3227,4.44306,3.16658
3.12112,3.41763,4.47142,4.13977,2.9241,4.27984,5.65161,4.65823,5.08263,2.89307
4.97287,4.4608,3.11601,2.91729,2.51823,5.23598,2.4032,4.42583,4.73594,6.99065
3.52483,5.92703,4.88225,5.08444,2.94145,3.97679,3.58205,4.24076,4.12655,4.27437
4.03175,4.89634,3.22159,3.17267,2.16362,3.33126,4.94166,6.09288,3.72327,3.87352
3.98957,2.94177,3.45022,3.21301,5.81594,5.99533,4.09946,4.0498,3.19128,5.09126
2.41063,4.27207,3.51804,4.64802,4.25867,3.84643,4.02012,4.49262,4.01668,3.94314
4.27782,3.8116,3.59785,4.35109,6.54552,2.97614,5.86207,3.2014,2.43656,4.27895
4.0432,3.73023,4.28922,3.97428,2.20184,2.289,4.28103,2.53419,2.89053,5.04689
4.71834,4.60615,3.6002,2.33913,4.46594,5.48823,5.05855,4.68377,3.55999,5.16688
1.14611,2.11641,3.93664,3.52592,1.51044,1.72654,3.45215,3.32477,5.4894,3.05336
2.96971,4.42983,3.91327,3.53221,4.28855,3.55045,3.92739,5.0897,3.40344,3.82966
4.07173,3.53533,4.10059,4.37385,3.37694,3.72248,4.90599,2.74825,5.07718,2.67084
5.1561,5.38599,4.54787,3.52794,5.79236,2.92716,2.57013,3.53858,4.33644,3.46722
4.33692,2.32147,3.77356,2.71335,5.20089,3.66334,4.0418,3.41579,4.01954,4.39681
4.36263,4.55201,1.55806,3.25086,5.01322,3.19434,3.67763,3.83022,4.72551,2.71249
4.5969,4.25881,4.16197,2.6597,3.84226,2.93702,5.25641,5.06991,3.92,3.26363
4.78017,3.54409,4.71206,3.22415,3.90394,5.11518,4.04428,1.19831,6.25583,3.2462
4.95889,5.20713,1.96493,3.99607,3.00743,3.35801,3.85611,4.8434,4.2056,3.25002
4.57963,4.46537,4.13128,2.56366,4.02655,4.57602,2.58321,3.82636,3.54224,3.97054
2.82058,4.49473,5.88262,4.62586,3.441,4.99169,5.06667,1.60647,4.04636,2.80932
4.09593,3.51409,3.9672,2.41747,3.37519,3.569,3.52541,3.85351,4.1372,4.68146
3.36948,2.90447,3.92798,4.53254,5.15093,5.36254,3.90401,2.48553,5.03521,5.27201
3.67168,2.94725,3.79277,5.93062,4.0665,4.26422,4.85708,4.43674,3.85898,3.0158
3.1891,3.74603,2.91005,3.77109,4.3599,3.14751,3.53257,2.89784,4.28953,2.6626
3.61247,3.05516,2.66599,4.3665,3.49684,4.97348,3.24285,3.14373,4.41024,5.97211
5.7486,4.77476,3.73545,6.71314,5.85956,3.45303,3.99384,3.1008,3.15888,4.61744
4.00229,3.83593,6.30088,3.27098,3.00136,3.9379,2.86912,2.52506,4.0004,4.1419
5.48869,3.46912,5.48089,2.49503,5.85765,4.87255,1.95007,3.81211,1.20772,4.35654
5.41564,4.25864,3.42251,2.40796,3.08012,5.51057,4.10263,3.62065,3.36998,3.20621
5.91049,3.02583,3.72279,5.2203,5.20207,4.60986,3.18277,6.3152,3.94709,4.62822
6.05461,4.82733,4.80339,5.75578,5.11912,2.83386,3.97888,4.65175,4.49664,5.45077
2.45078,3.72203,3.47414,5.79766,4.25082,4.1639,2.52852,6.09739,2.97863,2.27856
5.45692,5.24525,4.37213,3.95016,5.1505,3.9125,3.96925,3.57185,3.83897,3.95173
3.95285,5.48924,3.04308,3.58049,3.70222,5.51317,3.89242,5.06715,4.71432,6.23242
1.88153,4.25602,4.93723,3.90958,4.4233,4.16503,4.84867,5.17142,5.10469,3.5067
3.92149,4.61681,3.57246,2.14921,4.73841,4.29315,4.39646,2.80181,4.87854,3.58061
4.73667,5.45693,3.67059,3.82381,4.69903,4.35574,4.34438,3.18717,3.48315,4.85153
2.09059,6.64974,3.65242,5.7174,3.25225,5.03465,4.88892,4.14509,3.75584,3.88896
3.74284,4.99087,5.20755,5.81162,3.80364,4.25548,4.43675,1.53145,3.28503,3.87716
5.30306,4.83315,3.952,3.68913,3.84587,3.28852,5.06891,3.28802,3.34078,4.06213
3.93932,5.33145,4.18864,4.89881,3.39969,4.51974,1.49112,5.30162,3.49987,4.76963
3.93659,3.67286,1.45834,4.53021,5.53474,4.14043,3.19481,4.04116,4.36142,3.70479
4.53845,3.08027,4.10917,5.41695,4.6818,3.22545,4.426,3.56425,4.45114,4.06802
4.61475,4.08073,4.02225,3.8776,5.46172,3.57204,4.62809,4.27675,2.52768,4.02369
2.51858,3.47113,3.45305,3.25966,2.54069,2.20292,3.4249,5.3816,6.2527,3.5959
3.4159,3.59499,4.05568,2.92993,4.12611,3.53751,4.35351,3.40873,2.92387,4.8578
3.40537,4.35197,4.68781,4.89171,4.93333,3.87823,5.97094,3.11561,2.55187,4.38347
2.15518,3.43242,3.73118,4.98528,5.41915,3.73835,2.49056,3.04582,4.11257,3.44992
3.48354,5.62952,5.82578,2.20625,4.84511,3.91536,4.41531,4.02969,2.53791,3.62759
3.25461,4.71939,3.04831,3.54812,4.51824,4.77283,2.82325,3.39218,4.78832,3.23838
4.22155,4.86652,3.50507,2.70098,4.46888,4.13748,2.983,4.58195,4.79964,4.01492
2.68785,4.76565,3.88146,3.59674,3.88943,5.47702,4.45876,4.47587,2.22451,5.399
4.63868,3.73059,2.11828,5.6378,4.04234,3.87733,3.21047,4.54626,4.8861,3.37486
5.26404,2.20512,4.52432,4.65325,1.68655,4.77129,3.5323,4.97502,1.51408,2.68596
3.50322,3.90157,5.49085,4.13358,2.82876,2.18603,5.61876,4.31537,3.30665,3.42493
4.16205,5.73022,2.36399,3.62008,3.11309,3.2682,3.05728,2.68526,4.9439,3.13561
3.88146,5.65619,2.63869,3.28308,4.89854,4.28419,2.53975,4.45833,3.97891,5.49521
4.35899,5.19488,4.13161,4.48362,1.46072,3.86109,4.83995,2.95779,5.91382,3.12881
1.30017,3.17877,4.3808,4.79816,3.5031,3.12813,3.5739,5.73533,4.24493,4.29236
2.76135,3.79041,4.35191,3.8881,3.914,2.72744,3.17229,2.69641,5.97518,4.37657
4.9127,4.05112,3.81888,2.41293,3.88053,2.48269,3.62659,4.74142,3.47212,3.42404
2.92051,3.756,4.33982,4.33516,4.13899,4.40233,6.49119,5.16285,4.25804,3.39105
4.68159,5.06708,3.65381,4.37118,3.37444,3.9179,3.34613,3.32613,4.20785,5.71403
3.52993,5.28241,3.72771,4.20652,3.30489,2.14416,3.62694,4.38592,5.53315,3.82243
5.37047,4.17216,2.69595,2.97227,3.33128,4.45926,4.16368,3.60813,3.22847,3.95727
2.80975,4.08011,4.38649,5.21836,3.67434,4.38216,4.22183,2.67924,2.68318,5.92347
3.90599,3.8736,4.04021,3.15249,6.35094,4.90066,2.48045,3.36125,5.01214,3.64999
2.98136,4.86878,4.59501,4.60328,4.68723,4.04011,5.99682,2.39768,5.77554,4.01472
5.7784,4.38689,5.77727,5.21374,4.07488,4.56733,3.04284,5.14614,3.8392,4.23223
4.05131,4.30101,3.94473,2.76237,4.18716,6.57829,5.01709,3.21493,2.4886,3.81374
3.19079,3.40336,4.78597,4.43257,2.25078,4.20361,4.88211,4.31147,4.70601,4.96425
1.34631,3.7647,4.06897,2.93143,4.03948,4.2884,3.72389,4.82505,4.95665,5.21627
4.34313,5.25505,2.77816,4.36072,3.31907,4.51266,3.68835,2.99615,4.01532,3.48555
3.32305,2.91638,3.31896,4.03309,3.22398,4.59478,4.20215,5.55989,3.8743,4.3084
4.03624,3.81264,3.36016,3.14362,4.44474,2.90195,3.51357,5.81234,5.65641,2.53893
4.48246,5.85807,3.66215,3.36648,3.70654,3.60722,6.62577,3.30462,4.30353,3.42605
3.20214,2.72533,3.5149,3.64954,4.17722,4.44349,2.58132,4.2178,4.61883,3.43236
2.8773,2.74916,2.37727,2.91051,3.62635,3.46815,5.12215,5.24593,4.72164,5.42533
4.76892,3.5594,2.8134,5.09124,2.98287,4.48501,3.75299,3.64988,3.25891,6.31809
3.89698,2.20171,5.5494,3.50742,2.97835,4.31795,4.25894,4.68008,1.22846,4.30915
4.7897,3.70526,4.12117,3.70783,5.44185,3.90228,2.82195,4.30633,5.19455,3.95398
3.15256,3.30813,3.03203,3.65803,3.39954,2.89229,3.5077,2.71205,1.97256,3.94844
4.56085,3.39674,4.05926,4.16421,5.41096,5.26477,5.90972,3.31854,4.30316,6.36897
3.65912,4.52952,3.40021,3.38825,5.48254,4.88806,3.66979,3.56925,3.36391,2.98041
2.79587,5.02533,4.85998,3.15885,3.68766,5.17208,4.1261,2.87791,3.61208,5.80705
4.20048,3.20114,3.70552,4.42501,4.95808,3.96293,2.89554,3.77901,4.37634,3.94678
3.36464,4.24036,4.08169,5.19526,3.9213,2.82959,4.95506,4.61609,2.91037,4.57435
4.36967,4.74677,3.10549,5.44943,3.89731,4.84114,4.50054,2.13865,6.538,4.43563
1.40848,3.79202,1.52655,4.44004,4.94113,5.65797,3.20564,3.91819,4.50523,3.2919
4.83117,3.18359,3.40956,4.7083,4.29684,3.92108,4.85502,5.10342,4.39096,3.72068
4.95321,5.83587,6.01178,2.77803,3.39944,3.59986,3.38628,4.97749,3.64954,6.47851
2.59204,4.70096,4.37091,4.61361,4.97594,4.35008,4.46248,2.91764,4.18446,3.81896
3.1138,4.31751,4.97621,3.83864,4.22872,4.09049,4.66086,5.88676,4.88931,1.99456
4.52734,3.3497,3.4868,4.87881,3.0017,4.41364,3.97934,5.09449,3.80806,4.09164
4.43939,5.07749,2.2486,4.34097,5.45353,2.9197,4.07321,4.08213,3.30039,5.63594
6.04817,4.83374,5.78973,2.40946,4.77063,4.03041,1.66294,4.11174,3.21181,5.20137
4.78519,5.86637,3.29033,4.35689,3.68059,2.52046,3.43517,5.11888,4.06078,4.70487
5.50689,3.85166,4.67671,4.58092,4.66448,3.10538,3.70632,4.86654,4.47936,4.45938
2.6625,5.81399,4.57849,4.76245,4.55021,3.91959,3.63543,3.37654,6.55812,3.06098
4.38931,3.25591,4.16295,4.96618,4.88013,4.43164,5.32343,3.35419,3.73474,4.5588
4.86214,3.74057,4.9881,1.46057,3.50821,3.22859,1.5434,3.35151,2.55253,3.71328
3.99024,4.68467,3.39199,3.54748,4.30934,4.18401,2.34657,3.91822,2.79227,4.99548
3.5117,4.65018,6.00239,1.86214,2.88899,3.3167,1.8889,5.21539,5.3355,5.61737
3.90354,2.84938,4.29352,4.83573,3.80385,4.51558,5.81538,5.5605,2.53143,4.22896
3.53031,2.85706,3.85394,3.63562,3.62295,3.38034,2.17284,2.9277,3.41432,3.32018
4.21162,2.98527,4.64975,3.85704,3.96672,4.50393,1.90871,4.45984,3.49455,2.82937
4.39826,4.4119,4.24335,4.39778,3.37388,4.7124,4.09787,5.26106,2.8175,4.02282
3.07283,2.62043,3.57691,6.21209,2.13482,5.28391,6.11595,3.51144,4.13482,2.19214
4.3678,4.55658,4.3403,4.89833,2.58895,3.03445,3.95045,5.36416,4.44163,3.28003
4.08405,3.30205,2.3307,3.89163,6.34893,5.12279,3.23738,2.59832,5.16247,5.00511
4.00958,2.87568,6.20448,4.17324,4.22716,2.97245,4.71804,4.31015,3.36278,5.00769
6.32714,5.60318,4.28676,5.19035,4.14538,2.87919,2.96851,3.88757,5.01762,3.5987
3.95816,3.11524,3.97779,3.78566,3.70595,4.98276,5.15737,4.43257,4.14811,3.35831
4.61139,4.60483,7.09835,3.81747,4.42506,5.63673,4.67978,2.10878,2.69355,1.98876
6.20318,5.55762,5.17711,3.76851,3.44433,3.64327,3.71952,4.91031,6.65479,2.43177
3.56103,3.58567,3.61271,4.09851,4.91517,6.072,5.55152,3.44689,4.65911,3.48711
2.48328,3.52594,3.5931,3.41511,4.65553,5.10988,4.14707,3.73456,3.7573,6.00096
4.8277,3.31851,2.70074,5.59312,5.60345,5.02195,4.54453,4.56555,4.29806,2.90681
4.85438,4.20422,2.54306,4.1812,3.99754,6.10299,3.69999,4.99212,3.71426,4.38562
2.92859,3.80586,5.23422,5.25833,4.51383,1.85306,4.71848,3.55807,4.05336,3.87659
4.46162,2.95862,4.16947,4.36343,3.24502,3.69743,3.99369,3.12027,5.90446,3.43005
2.99084,3.22158,3.12445,4.42891,3.47415,4.03522,4.37219,4.07508,4.28366,3.2176
5.44421,3.21442,2.48972,3.59524,2.72121,3.18815,5.39439,5.00682,3.65702,5.96132
3.41601,4.08633,5.23737,2.24022,3.45156,5.76791,3.70042,4.15569,3.08852,3.67822
4.84558,4.21119,2.31567,3.59692,4.48584,5.14366,6.21427,3.84316,3.23451,3.17317
2.95373,5.49094,5.98807,3.62728,2.59673,2.64453,3.41136,0.354845,4.59234,4.37239
5.07559,4.18347,3.78178,4.82178,2.70859,3.49033,3.6154,5.44219,6.72238,2.44765
2.71157,5.34002,3.78165,5.52027,4.26273,5.39965,3.86884,4.2748,3.43992,4.63333
3.17159,5.24799,2.96995,3.44273,5.80363,5.61395,2.66371,5.11726,4.49296,4.96873
4.25688,3.32518,4.8233,3.83508,2.74477,3.15094,6.39676,3.36134,4.36456,3.38785
3.1935,3.31249,4.46491,3.54113,2.05977,3.33291,4.25565,1.70907,2.36458,2.21457
2.15859,3.07545,4.42714,5.12417,4.12707,3.60706,6.22491,5.31526,3.949,3.16631
3.84128,3.42212,5.42278,4.12125,2.88478,4.53198,4.03675,3.63881,3.72594,2.97531
2.88616,3.4271,3.97734,2.8722,3.56177,3.85112,3.20673,4.74674,2.86081,2.98622
3.56153,3.38369,3.82477,4.1894,3.44954,3.44775,3.96617,3.08875,4.96591,4.3662
4.36267,2.61043,2.39209,4.36481,3.89354,4.48777,6.20152,4.57663,2.02612,3.42226
4.15788,3.9199,5.13936,5.09171,4.25519,3.08972,2.72807,4.60439,4.03606,3.43604
4.6142,3.40509,3.3948,4.6032,2.86299,3.90773,3.43615,3.8032,5.62353,4.6142
3.24847,4.10057,3.02504,3.03223,3.72442,3.73062,3.50578,2.96607,4.50086,4.23194
4.6236,4.2218,2.43999,3.87114,3.86737,5.42967,2.56777,1.7497,3.87198,4.48042
4.77843,3.26615,6.27542,5.13296,2.56272,3.82805,4.87714,3.86749,4.44813,3.15785
4.05753,3.52325,2.93089,3.22181,3.8525,3.63276,4.16438,2.64487,4.37116,2.89437
5.27887,3.13345,4.43048,3.27135,2.42842,3.91421,3.34573,4.09635,3.5048,3.31018
3.30962,4.32802,2.96493,4.34743,4.0208,2.46673,3.44066,4.42388,2.533,2.75709
5.09121,4.99104,5.28555,5.51159,4.34608,3.283,3.5281,4.29315,4.70406,4.33615
3.90689,6.23583,3.14914,4.42857,4.46156,1.85291,4.41125,4.88219,6.44758,5.30426
3.86839,3.86531,3.71463,5.21087,3.18922,4.79154,4.05028,2.80601,4.20993,2.90882
3.34438,4.4035,4.37642,4.28889,3.94768,3.64666,4.41809,1.65436,3.74758,3.02345
5.37762,3.47386,4.27793,4.84284,5.24777,5.1368,2.46403,1.78381,3.85621,4.78724
2.96887,4.29563,3.87012,4.01223,3.83145,2.52071,3.90369,2.97664,3.48112,4.01375
3.78066,3.56021,4.18238,3.43645,3.06489,4.8127,3.34378,4.11495,3.4037,2.4976
4.66075,4.89245,2.36994,2.55681,4.7083,3.8102,3.95515,5.3553,4.65738,2.91067
5.38369,4.09871,3.1645,3.71261,4.46663,3.67514,4.11923,3.11293,3.3931,4.49835
4.5166,4.52859,1.33947,5.28466,4.34453,2.87471,4.58584,3.49929,3.36739,4.84825
4.77329,2.70014,3.59038,3.22104,2.01313,4.08826,4.4294,3.78286,5.05559,1.92069
3.43983,4.68911,3.95345,2.74637,4.25979,5.60689,4.50987,4.10935,5.01035,6.19365
3.67569,5.36307,3.86143,4.46597,4.02678,5.07811,5.57303,4.64755,4.54721,5.0842
3.25072,5.66001,4.29071,4.48262,1.67026,3.29451,4.58374,3.12646,3.21661,3.9502
3.9259,4.17151,2.7005,4.90221,3.28553,3.42511,4.0056,4.68157,3.635,3.37487
4.45256,6.40841,3.24174,2.81553,3.22487,2.58255,3.35425,4.22797,4.61122,3.49974
2.15749,4.52363,3.51084,5.02203,2.64938,2.18765,4.51247,4.08256,3.29599,4.86414
4.22824,2.98687,4.26648,3.70271,3.24733,3.95896,4.37302,1.75737,3.24589,5.48724
4.25361,2.19972,4.08555,5.54374,2.36186,3.96098,4.0347,4.62313,3.45887,3.95111
3.96687,3.10373,5.59771,6.00744,4.96901,3.45641,4.34236,3.68033,4.8394,3.92404
4.50436,4.54751,3.40636,3.40382,4.03842,2.75637,4.29775,4.96066,3.21943,3.93149
3.74214,3.79707,2.69864,3.77761,4.27554,4.81695,4.38349,4.39356,4.38345,2.11385
2.83288,2.83272,4.08675,5.24367,3.68426,5.58713,4.43377,4.91071,3.98863,2.77041
3.8957,4.4503,4.02532,5.84822,5.14261,4.4275,3.86292,4.88746,4.39518,4.58965
4.09474,4.08912,2.86547,3.29486,3.80711,1.65376,3.83026,4.04882,3.27553,5.50393
3.8149,2.09262,3.65824,3.28564,5.21561,3.98188,4.56036,3.26001,4.18967,1.92932
3.89222,3.99783,3.2169,4.32744,3.84697,4.66717,3.33503,4.73969,3.41862,4.4432
3.54178,4.19839,2.66101,3.18162,3.98688,4.42985,3.55012,4.50781,4.29047,4.02494
5.78053,4.21272,6.72989,3.61895,3.33914,3.75571,5.0662,2.95218,3.82343,3.95787
3.95486,3.20697,3.7122,4.10487,2.76039,4.27775,4.20492,2.07069,3.92126,2.47809
4.16416,4.07737,3.44665,4.03673,4.65758,4.10768,3.52008,2.76836,3.05979,4.76
3.41325,6.01794,3.95041,3.6976,3.31032,4.63425,4.41368,3.70484,4.81636,4.65552
2.98033,3.91773,3.24104,4.93824,4.5387,3.5663,2.45418,4.11709,4.18818,4.97404
4.85336,2.71984,4.91637,4.07111,4.73552,2.53825,4.115,3.76406,2.79325,4.40286
2.88393,3.7163,3.78934,3.21684,3.37746,2.71395,4.02691,2.9275,4.80816,3.13679
3.13145,3.78431,5.78749,3.90427,5.38561,4.71321,4.44532,4.813,3.83713,3.30626
4.54425,5.01637,4.79641,3.631,4.55098,4.58501,2.87752,4.14047,4.56685,4.51718
3.76313,2.71401,2.69051,3.21918,5.21827,3.48782,4.75102,3.56508,4.05978,4.96551
5.64993,3.52167,5.43861,3.06309,6.06617,4.51917,4.06097,3.54635,4.18776,4.87151
2.88323,3.27925,3.41238,4.72571,3.82649,3.02924,3.35603,4.64741,1.93795,4.51435
4.78004,3.4719,3.86754,2.26461,4.10779,5.11941,3.71913,4.12918,3.91532,3.46929
7.10119,4.80568,4.59303,4.80138,3.14004,2.6821,4.13283,1.72843,4.04255,3.73051
1.73717,3.09048,4.93442,3.91677,4.17206,3.10557,3.82952,4.19822,3.58527,3.66315
3.39704,3.34738,3.43759,4.00823,3.80631,5.98071,5.62379,2.23676,3.94777,2.93508
5.21116,3.19513,3.49675,4.47495,4.82391,6.59101,2.96579,4.56547,3.69821,3.09422
4.15569,3.93589,3.35394,4.1336,4.53531,4.03455,1.84415,5.42873,3.51912,4.83573
2.52067,3.76486,5.79754,4.38345,2.32753,4.41689,4.80105,4.53822,4.43545,4.82898
4.78045,4.67005,3.14318,2.74626,2.58107,4.30178,4.0082,4.2201,4.95652,2.28856
3.84433,4.62456,5.4948,3.52551,4.17273,3.69484,2.93319,3.84776,3.83394,3.20502
5.29926,4.68394,4.01486,4.72784,5.47044,4.76637,1.98854,5.03864,3.72604,1.62021
4.28109,4.4899,4.26558,4.30852,3.02498,4.27421,3.30775,3.38963,3.04362,3.89197
3.26667,3.98848,4.63051,3.14642,3.60713,6.0411,3.83877,2.78272,5.38856,5.88048
6.68976,5.08233,2.23625,3.15286,3.2236,3.89103,4.42051,2.57725,4.56923,3.5217
2.49746,3.36223,4.79583,3.69192,5.90986,4.7587,4.81016,4.31138,4.32341,3.82468
5.70492,4.0965,4.21888,4.18481,4.01387,4.79497,4.36881,1.98288,3.04564,5.22029
4.6923,2.59639,3.31543,4.13053,5.11013,4.10932,4.69172,4.52465,4.19737,3.73569
4.55911,3.39101,3.29626,3.13365,4.98772,3.59919,4.71838,4.32504,4.69925,2.92619
4.81992,2.72129,5.94031,5.09297,4.33163,4.3811,2.5961,4.52467,2.67394,3.68951
4.44843,5.0545,3.1739,5.31524,4.16746,2.47265,3.11378,4.7571,3.80991,5.4816
3.10617,3.36768,2.98189,2.40519,3.65953,4.15778,5.19261,5.62366,3.70431,3.09302
3.27243,3.74403,3.35438,3.87811,4.45528,2.94413,3.2265,3.9917,3.18452,4.55917
4.49324,5.04845,4.1768,5.91967,4.00687,4.92879,5.57481,4.50813,2.63739,4.13109
2.39902,4.73654,4.88449,3.81228,3.70954,3.91313,3.36846,3.64574,3.53012,6.57353
2.40278,3.47015,4.03437,3.66576,3.73852,3.44082,5.62659,3.8395,4.45345,4.11397
5.71835,3.75471,4.16408,4.57718,3.01129,5.41764,4.66737,5.51348,4.78169,4.55097
3.85731,3.75542,4.32126,2.77144,5.53687,3.41176,5.53408,5.68043,3.382,2.88425
2.33916,3.60232,5.28281,2.58641,4.42448,1.82204,0.599813,2.71807,4.24442,4.99979
2.49224,4.64471,3.6329,3.27816,4.08319,5.22379,5.08454,4.40948,4.0061,5.48654
5.44514,5.06959,4.64327,3.54183,3.08181,3.27371,4.57018,3.83656,4.95046,2.26594
6.39854,1.89568,3.84054,4.08758,3.33612,3.54248,4.53341,5.59714,2.79446,3.36614
1.9233,3.77275,4.75392,4.38478,3.80092,3.3086,3.67559,2.5242,4.79857,5.35626
2.71201,2.59477,3.51528,4.58088,3.12904,5.55426,4.75447,5.19558,2.36856,4.39236
3.17999,2.63742,5.31942,3.91033,1.9944,4.06852,3.4615,5.45226,2.70326,3.87605
3.04144,4.29297,2.34138,4.45334,3.61721,2.42463,4.64717,4.37295,6.02704,3.21653
3.80199,4.55309,5.19767,4.58026,3.44865,4.54688,4.77443,3.42191,3.89639,3.50316
2.90516,4.24262,6.44218,2.86264,2.35369,5.46539,3.53217,3.54649,3.78895,4.36999
3.06292,4.57826,5.79343,4.95021,4.26301,5.85119,4.67296,2.86202,2.55637,2.61901
5.81671,3.32662,4.09226,4.15639,5.65238,3.84617,2.4046,4.67195,2.9618,3.45901
4.25256,4.38546,2.94831,4.80775,4.54369,3.4821,4.74745,3.62571,4.10052,4.37447
2.88471,4.23176,4.035,4.02983,3.77999,4.06339,4.98606,3.85428,4.81575,4.25616
3.86485,6.61978,4.19173,5.41853,3.10967,3.89555,3.67872,2.11747,3.8833,4.22451
