10
4.79916,4.84098,3.29148,3.57987,4.41328,4.18384,4.60714,1.73877,2.57918,2.47656
3.01361,4.12534,3.37624,3.44378,4.39859,5.23365,4.09396,4.34329,2.58692,5.96212
4.45264,5.33376,4.34147,3.47833,2.70799,3.34886,5.28168,3.26468,3.54604,4.06753
1.63455,4.50155,2.38149,2.3345,6.44919,3.13962,3.67669,4.42342,4.51576,3.44695
5.07768,4.52352,3.76059,4.29492,3.50504,3.10087,5.53879,2.14191,2.57229,3.26389
2.58945,4.58578,3.8846,5.34268,3.62651,4.2787,3.37188,4.93054,3.42767,4.42769
5.98881,3.8179,3.89528,4.56546,4.54572,4.04314,4.21532,5.37698,5.65766,3.32319
4.66056,4.34768,2.76645,4.52558,3.74197,3.16965,3.36452,3.42379,3.00182,3.10844
4.0887,5.03419,2.90206,2.92064,3.86779,4.7969,5.35469,3.60235,4.45485,3.41082
4.8457,4.3616,3.41142,4.12386,4.07283,2.81109,3.78249,3.18892,6.76671,2.99816
2.03514,3.3024,2.98044,3.95617,3.26,2.59191,3.42816,2.49915,4.50403,4.04193
5.17201,4.08719,5.78817,2.93047,5.51994,4.1922,4.72039,5.2927,4.77603,4.97305
4.60808,5.27263,5.10865,1.30591,3.1018,3.63026,3.40822,3.83888,1.47844,4.23281
4.00395,2.47989,3.46851,3.8424,3.22937,4.15497,5.66994,4.40276,3.32084,2.95097
4.6036,3.4683,5.17763,4.60408,4.08115,4.58124,2.64798,2.89826,3.24993,4.76042
4.42223,3.24644,3.37981,5.25581,2.66266,6.01827,3.76097,3.61186,4.79637,3.10888
4.78289,2.19808,4.01832,3.76947,7.09738,2.79166,3.43133,4.36427,3.3066,3.3187
2.14208,4.32368,3.31769,3.14098,4.33877,3.52182,2.9212,3.85768,2.78253,5.31687
4.84542,5.01059,2.78618,3.3598,4.7422,4.58675,3.51927,3.47704,4.55875,2.94483
2.37619,2.96824,2.49679,5.21839,3.16357,3.20347,3.15614,5.04483,4.47056,3.33794
3.76228,3.80601,6.89926,4.4451,3.9541,3.31278,4.74528,5.7176,5.05683,2.72987
6.11748,2.49023,3.9845,3.40161,4.04322,3.80222,4.28683,3.43538,4.95394,3.36295
4.73546,5.52239,2.94878,3.36483,3.6039,4.83909,2.89251,3.83424,3.48998,4.62154
3.96117,3.78924,3.60597,3.96015,5.54623,4.43388,3.42063,3.93914,3.77724,4.49961
2.89162,3.918,3.22636,4.75098,5.30201,4.68782,3.07656,4.06661,6.32736,5.00953
2.02784,4.51884,3.40563,3.66081,4.58135,4.22563,5.11291,5.8073,2.45563,2.33833
5.00947,3.22531,5.25564,3.49422,3.84939,2.72363,3.85957,3.38026,4.26765,3.56961
3.95548,4.44431,6.98554,4.99837,4.81225,2.93657,2.6507,3.61199,4.38533,4.88148
3.68282,4.98553,3.89184,4.50697,4.68784,2.99153,3.53726,3.36354,3.78613,5.28967
3.99787,4.71485,3.99503,5.09983,3.39529,3.53674,2.59694,4.48997,5.49141,5.368
5.3694,2.29758,2.63975,4.64525,2.71835,1.71439,4.09245,4.7594,3.45746,5.31172
4.46308,3.80882,4.17848,3.53391,2.89543,4.84604,3.80656,4.5697,5.41249,3.58175
6.27224,3.52785,3.61072,3.86894,5.71878,3.70045,3.91145,2.91569,5.05387,5.36316
3.27526,4.3555,4.72281,3.44893,4.95188,4.31076,5.13834,3.86963,3.14915,4.34951
2.0905,4.02688,2.56099,4.79943,3.60232,3.09759,3.69203,1.25361,4.31033,4.62289
4.02085,4.6172,3.71336,3.37285,2.82238,4.72011,5.3124,4.79592,1.46419,3.23521
3.01585,4.50358,6.27784,2.4682,4.82583,4.91474,3.96795,5.82008,2.60925,4.25364
3.15481,3.16154,3.53958,4.44153,3.88816,3.83543,5.23793,5.15252,4.26321,2.9718
3.18302,3.82305,3.10839,0.583759,2.95689,4.49064,2.89798,5.14284,5.55113,3.90976
5.60075,5.53293,2.67586,3.90164,3.95601,4.71432,3.04932,3.61745,3.62071,5.87995
4.88707,3.9209,3.48735,4.43626,4.17457,4.99626,5.26609,2.93124,2.94459,4.57533
4.53063,3.26986,4.50832,4.06237,3.84268,4.91809,6.16222,4.50399,4.59779,2.29574
4.53802,2.72296,2.75997,4.12425,3.70976,3.59754,3.34057,3.05479,6.22983,4.46218
3.92866,3.72865,2.62296,2.50774,4.94586,2.98007,4.73071,3.53851,2.12718,3.54175
5.73685,3.35448,4.93341,2.23245,2.80471,3.3498,3.9716,4.6022,3.63408,2.82107
4.01442,3.97784,2.5615,4.7997,6.01297,4.13124,3.33253,4.31464,4.41467,4.09937
3.15642,5.02647,3.76374,4.6065,5.38687,3.57883,3.69039,3.73637,3.94009,5.1904
4.18456,3.52391,4.11256,1.65258,3.9096,3.29231,4.10364,4.60415,2.57179,2.04058
3.62167,4.48901,5.06354,6.01658,4.47156,3.83847,3.14726,4.65758,4.74758,4.35946
2.96097,4.63873,4.27087,3.55799,3.30586,3.76326,3.74275,5.66379,5.86649,3.73607
3.48689,4.20802,4.50408,4.81029,3.57846,3.41751,4.43351,3.11369,4.16035,3.52161
3.01669,3.38684,4.08176,5.3126,5.15396,4.3755,4.18706,3.83389,3.77918,3.14467
3.75749,4.49853,3.25908,2.98305,3.70563,3.53395,3.26297,4.10524,2.15656,2.7816
3.83256,2.48737,3.6482,2.8262,3.93935,3.09611,3.01685,4.79096,3.02963,3.99648
3.64181,5.06874,5.39674,3.8603,2.66242,3.25615,4.10082,3.35176,4.56935,3.39132
4.01165,4.34681,2.64475,3.67451,3.51274,3.35361,3.34657,3.17058,5.54808,2.65632
2.55202,2.95357,5.53713,5.07705,4.14396,3.89536,5.99336,4.11068,3.24261,3.12326
3.62165,3.53428,4.62163,4.67816,5.02285,5.25449,4.83748,3.57237,4.58248,4.95706
3.21219,5.49659,3.16602,3.95166,4.39995,3.70526,5.31462,2.88376,5.25168,4.98136
3.91168,3.89224,4.69723,4.36258,3.74575,4.07088,4.70426,5.0638,3.64654,6.03948
4.56276,3.47108,5.00838,4.5007,2.8428,2.68013,2.21571,3.97999,3.97841,5.0499
2.14483,2.67027,3.3024,3.67772,3.31906,5.6009,4.41756,4.61915,2.73658,3.73079
5.52948,3.50786,4.45986,4.35082,4.95059,2.90578,3.98042,4.55957,4.7395,4.65788
4.3522,1.95459,3.4856,2.08329,1.86594,3.63534,3.27945,3.7551,3.67621,3.901
4.87664,3.37105,3.9223,3.73895,3.35563,3.38495,5.69905,4.11273,4.10601,3.04427
4.35553,2.97046,3.37871,5.08176,4.00367,2.53076,3.53978,3.93144,3.90559,4.14059
3.82933,4.72148,2.77879,3.29195,3.59794,3.65779,3.78095,5.04863,4.75886,3.46737
4.23577,2.59276,4.76236,3.81877,5.19195,5.63815,2.55524,3.65283,2.54876,3.90894
3.81836,3.09201,3.17076,4.27466,5.01607,3.55694,4.0982,4.13857,2.27957,2.74058
3.29725,3.09852,4.93577,5.33184,4.06696,4.46215,4.18414,3.66452,3.70965,4.09199
4.719,3.78264,4.60257,4.58913,1.7882,3.33176,3.86993,3.14806,4.6593,3.15042
4.40889,4.76728,2.20084,4.55516,5.22268,4.13368,5.2518,1.88181,2.14548,3.83842
4.91701,3.37004,4.3693,2.61067,4.06304,4.90305,4.79402,3.15016,5.23512,2.73654
2.10732,4.71586,4.96818,2.86815,3.177,3.20531,3.98254,4.15396,3.32943,4.66648
3.88796,3.28603,3.91017,4.98756,3.34749,3.75379,4.83839,3.19478,2.82656,5.09726
5.333,3.13658,4.38342,4.93618,4.97208,2.63271,2.39414,4.06667,3.98928,3.60194
4.29718,1.41681,5.0344,5.16529,4.19842,4.74713,3.8769,4.39591,4.51095,3.71867
4.7993,3.51152,5.21323,4.60051,4.77378,4.05845,2.60858,5.41442,3.35712,5.31181
5.11126,3.46728,3.66385,5.57641,3.91232,3.8778,1.81607,3.32335,3.35106,4.21393
3.67187,5.05111,3.14127,3.75771,3.84304,6.14474,4.87319,1.9734,3.12226,3.36471
4.91268,2.64513,5.21751,1.75616,4.43061,5.54914,4.02764,3.53356,5.91548,4.2879
3.57917,4.84992,3.45208,4.63995,4.43732,4.20009,2.24405,2.05372,3.56253,2.73901
4.07647,3.20768,5.1318,2.09269,4.43222,3.86141,4.87422,4.53688,3.86274,3.94666
5.51818,4.36514,5.3174,3.08922,3.76106,4.60999,3.80587,4.55255,3.69386,3.87201
4.45743,3.1449,3.93286,5.08361,4.08957,4.849,4.02951,3.22157,3.31061,5.55431
3.98287,3.55122,4.26533,4.18747,4.4104,3.2026,3.56682,2.02379,3.8028,3.57815
3.33951,4.53504,6.14353,5.14617,3.82324,2.42063,6.09952,6.40715,5.79535,5.51454
3.32641,4.04342,4.91356,5.4637,2.79645,4.67146,4.488,4.10012,4.44598,4.62503
3.74821,3.40783,3.61432,3.56096,5.97743,3.97553,7.06587,2.70472,3.86363,4.70822
4.61344,4.81169,2.99093,4.9235,4.98987,4.47057,4.56095,4.50619,4.74164,5.09597
3.1957,3.81459,2.72503,3.78475,5.48829,4.04724,3.75074,3.52866,4.00615,3.93868
6.40077,4.27109,3.63471,4.52366,5.60373,4.59361,3.85683,6.56785,3.353,4.62415
3.09107,3.47162,5.16747,3.41492,5.42897,4.81206,4.4001,2.99975,5.38748,4.36445
0.503095,3.21093,3.60816,4.54192,5.02144,3.7979,5.9034,4.50567,5.50248,3.2883
4.18582,4.0275,3.27921,3.34877,3.23084,5.11479,4.74797,5.07474,4.77568,3.67944
5.89411,5.82104,4.79265,4.12281,5.46195,3.51479,3.39677,3.17206,2.53747,2.591
4.3034,4.86148,3.79855,2.6168,4.5354,4.03776,4.13688,4.49445,5.76479,5.3734
4.99717,3.33019,4.54563,2.64831,4.09413,3.66865,5.645,4.09059,3.52644,6.29373
4.05457,4.43758,4.05955,2.34882,3.9355,3.72998,5.16575,4.95943,3.81867,3.34632
2.79167,4.76846,4.43497,3.32099,6.26902,5.48416,2.9199,4.87173,4.29192,4.2832
3.68238,4.75467,4.21043,3.32299,5.77396,3.4429,5.0719,2.64724,4.19988,3.96163
6.46744,4.059,6.39083,4.29453,3.40364,4.39488,5.22378,4.01209,3.79492,6.62652
4.66423,4.78186,3.28013,4.06333,3.32818,2.98379,3.62343,3.64985,3.20951,4.4109
2.47632,4.75274,5.09223,3.56111,1.96694,4.45454,4.95771,3.5463,4.29311,4.955
6.14042,5.97025,5.23596,2.75394,3.42857,4.81544,4.00595,3.52908,4.71801,3.08026
3.94385,3.58336,5.39403,4.6622,2.14664,3.19474,2.42128,2.54692,3.89434,2.65054
3.72598,4.46116,4.23128,4.05994,3.30355,4.63186,3.44639,4.83838,3.01958,3.68608
5.30479,1.84242,4.89264,3.79283,2.99096,5.06046,3.49525,4.64895,5.35702,3.20493
5.31039,5.55103,4.49966,4.98981,3.03096,4.13203,3.38382,4.46476,3.0032,3.12298
4.5171,3.13162,4.47459,3.37319,4.10659,1.98936,2.91537,4.1494,3.49864,5.10308
2.96563,4.98174,4.54273,4.50033,6.59909,5.02133,4.27948,3.63825,4.56649,2.98842
4.61272,3.35392,4.60499,4.22351,1.9611,4.1687,4.70255,4.63887,3.67701,2.76797
2.56848,3.40769,4.87638,3.25342,3.34557,4.54052,4.99532,2.82474,5.01663,3.54016
4.80246,5.24268,4.21462,4.47856,4.70379,3.36589,4.54152,3.80538,3.56472,4.50578
2.38053,2.48393,4.68348,3.5822,5.75709,3.80185,3.77014,4.65355,3.68068,4.26252
3.01286,2.43593,3.03728,3.69244,5.25814,5.37383,4.63061,4.81612,4.33491,1.9293
5.78792,3.89679,2.9259,3.76018,3.92177,3.97475,4.49032,3.35051,3.41944,4.15086
3.08099,3.8409,4.64539,4.5906,4.26681,3.75942,2.71295,4.86669,4.16397,3.54731
3.29593,3.95286,2.44876,4.83064,2.90108,3.12329,3.91868,5.37594,3.05075,3.86017
4.67865,3.42347,4.08908,3.22695,3.18677,2.99647,1.72317,5.53363,4.50454,3.7396
3.03043,3.72031,4.44509,4.0888,3.99137,2.16842,3.76606,2.48669,4.15866,4.37339
3.67551,4.29733,4.87189,4.048,3.26092,3.42469,3.09487,3.89365,3.8775,2.8791
4.53069,2.94504,3.42249,5.38368,4.84193,3.12811,5.64109,2.42646,4.38412,3.92762
3.57576,3.31383,4.16829,3.25989,2.81029,3.77034,3.76507,5.02438,4.02598,4.58094
4.83293,3.38976,5.54885,4.886,4.84983,4.2821,3.69311,4.48037,2.47936,4.93907
5.27781,2.1824,3.05687,5.28779,5.4819,3.66259,4.70248,4.67591,2.62636,3.47871
2.7847,4.37792,4.18533,1.53476,5.4992,4.47564,8.08393,4.76431,5.2626,4.20656
3.51776,5.33401,4.91472,4.23804,4.13473,4.92293,5.94586,2.0056,3.8597,3.97576
4.22034,4.17982,2.78415,5.478,4.07282,3.04871,3.5176,6.1817,3.90466,5.3119
4.5135,3.08611,3.84138,3.71548,4.41584,3.90948,3.39045,5.60705,4.9891,4.33629
2.25288,6.06217,4.33062,4.50411,3.64851,3.6188,3.49579,5.41605,3.75998,4.55338
4.29241,4.63773,3.53744,2.72164,3.89706,5.37143,4.57542,4.44308,3.98031,4.5055
3.52172,2.6594,1.28206,5.13111,3.19991,4.23487,3.17084,4.27326,5.41367,3.45894
3.95638,1.33026,4.44208,4.67389,5.61846,4.29749,4.60515,5.12991,3.78794,3.20409
5.16819,2.92939,5.32767,3.30251,3.37008,4.37945,4.84733,3.91441,5.62455,3.2339
2.89145,1.38013,2.75669,4.16544,4.2487,5.17927,1.95078,3.71184,3.26673,5.46304
3.00055,4.63684,3.65203,4.19584,3.96107,4.90421,2.49039,4.12015,3.92716,5.45299
3.80034,3.46464,3.20513,5.75878,2.21474,2.26575,3.11634,5.89907,4.69482,3.82427
3.73212,2.99412,5.54413,4.60724,2.93111,3.66487,3.52694,4.64102,3.65172,3.90123
5.11085,2.61801,5.08395,3.40436,4.01117,5.50993,3.86386,2.94185,6.36633,3.96306
3.59172,4.7449,4.11401,4.24943,2.96903,4.01207,5.48047,3.21725,3.50883,2.48322
3.09404,3.87111,5.89829,4.59473,2.97643,2.98801,4.39412,2.99543,4.79788,2.71207
5.24208,4.78303,4.02005,3.17038,4.07997,5.46036,4.07746,5.05223,3.61694,5.28879
3.46503,4.61431,4.25947,3.27439,5.28185,3.89483,4.88151,4.98422,4.08032,5.59218
3.19444,3.12935,2.70213,4.33068,3.70774,3.2749,5.51194,2.58151,3.66877,4.92235
3.31689,5.86827,3.45001,3.40039,4.59981,4.50944,3.24656,4.27377,3.10181,4.59623
3.795,5.28277,4.85283,3.49659,2.88236,4.42169,2.83221,4.08926,0.778243,3.69397
3.71293,3.4134,4.28097,5.99204,4.37501,4.50386,5.72691,3.33909,4.76955,4.50925
4.07365,4.72728,3.5897,5.04343,4.38031,4.13775,4.80251,3.55811,4.41871,4.86009
3.56576,4.63973,3.56191,4.38987,4.27718,5.30119,5.36005,3.72497,4.6148,6.28922
3.81827,4.063,3.99514,5.68789,3.74952,3.67203,2.36147,3.59556,3.60572,3.89144
3.93045,3.09594,3.92237,2.92399,4.93158,3.78761,5.87255,6.50411,2.8394,6.12158
4.81348,2.07501,1.75091,3.66671,3.59213,3.99903,5.50787,4.89222,3.54386,3.70788
4.867,4.60031,5.04026,2.06819,5.33181,3.266,5.0634,4.89717,3.13306,2.94803
3.67835,2.82961,4.519,3.65964,3.02712,4.2199,4.89639,4.82321,3.54462,3.10908
4.66572,4.3218,5.84908,3.24402,4.346,3.54009,4.4903,3.33157,5.36261,4.75484
0.777686,2.20625,3.08001,2.82559,4.62308,3.70869,4.46923,4.70259,3.56583,3.59324
5.10274,3.79367,3.95832,5.06093,4.89381,4.90102,4.54259,4.26705,3.56135,5.12664
4.51578,4.68168,5.21297,3.01918,2.85875,4.70353,3.86324,4.2388,2.54631,5.27644
3.87717,5.21197,2.98813,4.66137,4.69024,4.72905,4.02456,3.1183,3.79025,3.2744
4.99135,3.23585,5.33124,2.53671,4.79224,4.11409,5.29803,4.35182,3.55291,4.44667
5.15309,5.12102,2.77475,4.9092,3.36101,5.26769,4.04869,4.63654,2.87968,2.83961
4.26566,3.99668,4.95189,3.89249,1.52228,4.97157,3.21645,4.45513,3.61998,2.53707
5.42407,3.57496,4.1328,4.17488,3.54741,3.47421,2.95545,3.20193,5.56288,5.749
3.47183,3.55849,5.07522,6.00486,3.95842,3.81265,2.3787,2.36148,2.06046,5.32886
3.87874,4.65546,3.27714,4.63507,2.09142,3.04335,4.04692,3.33086,5.65062,3.34703
4.26586,0.241986,3.27338,4.18512,4.21233,4.94217,4.22313,3.71638,4.50932,2.64015
5.94881,5.78671,3.48768,4.73543,5.06696,4.30922,3.62262,2.27221,5.16997,3.94765
3.99691,4.94159,4.93009,5.72566,2.79932,3.30036,3.37073,2.74143,4.17857,4.13004
3.21172,0.985747,4.57541,5.61004,4.13844,2.52315,4.09714,4.98629,4.01559,2.89321
3.20947,2.42103,5.69216,4.85828,3.05794,5.3547,3.96074,4.69107,4.67077,5.17856
4.29758,4.71657,3.53257,3.9109,4.54237,4.32703,4.77251,4.85227,3.43567,4.68153
3.41704,5.37333,5.24353,4.63992,2.91981,4.63263,4.13215,5.46289,5.37162,5.20788
3.49639,4.88228,4.08014,5.12407,3.85446,3.68996,2.83559,3.84339,5.51758,2.25274
4.43517,4.05249,3.98078,4.89988,4.58697,4.02418,5.17513,3.92898,3.64715,3.95757
4.42964,2.80564,3.39866,4.50032,2.75073,3.98967,4.84096,1.62111,4.52687,4.36529
5.09429,4.19041,3.03977,3.29117,4.92106,4.09122,3.20466,3.67803,3.16505,4.03832
2.60323,5.93185,4.83973,5.48784,4.2128,4.16715,3.04001,2.10567,5.04733,5.32982
4.82861,3.9318,5.21706,5.68627,3.77781,5.53314,3.47795,6.06234,3.6775,4.79113
3.73404,5.05169,4.42881,4.08069,2.19313,4.45714,3.78188,2.17831,4.68845,3.27565
2.71018,5.6505,3.4311,1.77979,4.91583,2.4074,3.25021,3.31324,3.31462,4.30419
3.23854,3.37837,3.96259,4.11308,2.40094,4.06296,4.36976,4.33136,3.46529,1.81932
5.08207,4.58548,4.21066,3.01713,5.05789,4.81739,4.08983,3.19665,5.17377,4.72846
4.05501,4.44158,0.869597,1.50038,3.05128,3.34625,5.79404,5.1412,4.20733,4.92019
2.19214,4.37967,3.53202,3.79867,3.99826,2.66243,3.37022,3.87846,4.39518,3.15569
4.09801,5.11885,4.81867,5.67417,4.14405,2.10776,3.76538,3.45848,3.98744,2.75528
4.64602,3.95193,2.94187,4.58138,4.49889,3.7569,2.90986,3.78711,3.51052,4.78889
5.01658,4.65584,1.85715,4.50672,4.52151,2.6983,5.7039,2.49032,4.59456,2.89856
2.86894,2.63658,4.12569,3.48023,3.89331,4.58093,2.6941,3.64278,4.66903,2.86039
4.72913,3.35799,4.683,4.38934,2.96347,5.45451,4.71606,6.56052,4.71265,3.8781
3.52479,3.11407,3.13925,3.71773,3.26914,4.23624,3.63715,4.86988,3.41046,3.1827
4.38638,4.09604,2.68875,4.028,2.46594,3.76656,5.54782,5.31074,3.33881,5.15805
3.81356,3.01041,5.48531,2.97693,3.39804,4.05032,3.20242,5.94671,3.32054,4.88541
4.47761,1.85224,4.31461,5.02013,4.16639,4.40557,3.71357,6.11909,3.19937,4.47241
1.58827,3.87722,2.68743,3.72423,2.91515,3.4214,6.08601,4.9846,5.75699,5.12794
2.91894,2.13389,5.19112,4.89498,4.61874,2.75417,3.45052,4.20539,4.75129,2.56653
3.51207,4.05574,4.63042,2.88699,4.42142,4.12446,4.74308,3.85722,4.49041,3.67967
4.06141,3.75333,4.00499,5.29911,3.81621,3.56424,3.70391,3.42828,4.38707,4.38834
4.37566,3.92847,5.43409,3.7169,5.07763,3.92505,2.68454,2.43894,3.79565,2.92319
4.96443,3.60295,4.96846,3.75236,3.81561,4.27957,2.63603,3.89558,4.47292,2.42862
4.61162,3.93436,4.13666,4.93414,3.21987,4.05613,4.14547,2.66626,3.32719,3.25854
4.22776,4.51548,5.02502,4.1223,4.15614,2.52988,3.24517,3.59396,3.66866,3.61965
3.22045,5.7177,3.0032,4.5317,3.06579,5.76249,5.73094,4.43381,3.63287,5.68814
4.08118,3.24348,3.93718,2.81768,3.31617,3.83612,1.83323,5.0572,4.63102,4.09711
5.11824,5.50333,4.70275,2.63606,4.08178,4.16782,4.07885,4.04393,3.27317,4.14119
3.81394,3.09965,2.24995,4.87193,3.87941,3.68885,4.47948,4.59799,3.52554,4.53313
4.58301,3.02515,2.35209,4.51272,3.19529,2.37689,4.32704,2.83581,4.26825,5.43552
4.46142,3.36304,4.045,4.65904,4.47437,3.40599,4.84315,3.03734,3.80854,2.75494
3.81605,4.62079,2.64611,4.42034,4.57167,5.16657,4.67227,2.93936,3.89823,3.61637
4.54103,5.56485,3.05101,3.58749,3.18042,3.66046,4.28351,7.28159,3.31298,4.01733
4.19618,5.27463,6.1256,2.20528,2.49935,4.00083,3.28788,4.15587,3.56194,3.46598
4.19257,3.65346,6.61242,4.48425,3.37442,5.37883,3.46929,3.08571,6.07256,3.77738
5.35138,3.98262,4.29456,4.2235,4.40444,3.79129,3.95612,2.82465,3.93997,2.88666
5.15725,3.49642,4.97974,2.16804,2.40954,4.0067,3.66434,4.05598,4.16688,4.25099
2.54033,5.01695,4.59405,5.34458,4.05531,2.94656,4.31587,3.70632,3.10473,2.52406
2.53774,1.20155,5.58999,3.69732,3.74587,4.06165,3.636,4.28433,4.13189,3.85023
3.78275,3.15589,3.1865,2.773,4.09059,3.76603,4.68017,2.35857,4.3583,4.02497
3.94535,2.94627,3.72277,5.40956,3.71692,4.32723,3.73618,3.60525,4.43201,3.77539
3.14491,5.14229,4.05232,4.11422,5.47942,4.99121,4.14246,2.80683,3.30933,4.27687
4.66189,3.16561,2.21636,3.31389,4.33145,3.02818,4.41188,4.39844,2.04466,4.93688
3.54551,4.11867,4.60957,3.42975,4.04111,3.21389,3.98505,3.45816,3.37456,3.63063
4.98439,4.25255,3.92464,2.95019,4.6139,5.67781,4.91789,4.66954,3.4688,4.7609
4.26249,2.66229,5.24,4.50877,2.67334,3.33498,4.93459,4.09076,6.7889,2.76609
5.1871,3.37313,4.19716,3.59196,3.26074,5.35149,3.0988,4.29291,4.2901,5.48659
5.75832,2.94794,3.91409,3.19166,4.14081,4.11964,4.17251,5.71958,4.32338,3.38288
3.54959,3.89218,3.53782,3.5787,3.06344,3.45573,4.22762,4.17548,2.99083,5.20082
3.08002,3.28493,4.39599,5.77333,5.59043,3.37359,3.41408,4.49641,5.02745,3.15021
4.15117,4.55382,4.85978,3.00074,4.75767,3.64566,1.18136,4.43356,4.14488,5.74282
4.44597,4.23001,4.45369,1.56496,3.37639,4.43837,5.27262,5.19845,2.68727,2.82651
4.05363,5.38029,3.77895,3.0937,3.1066,3.59818,3.03735,3.76416,4.54281,3.41811
3.86224,7.04565,4.43799,5.3255,4.48714,2.81329,3.68329,3.31624,3.69557,3.05937
3.40391,3.08108,3.2149,3.48958,4.0624,3.94002,3.22207,4.51821,5.32228,5.12127
3.49976,4.4173,4.43642,4.2333,3.538,3.52099,4.39064,5.1923,4.9207,4.32743
3.44308,3.65777,3.44947,5.2208,3.87704,4.19985,4.07956,3.95339,5.18923,3.3788
3.74662,2.78685,4.62743,5.07134,3.05378,3.75099,6.00806,4.60265,3.38631,2.27533
4.14344,2.58331,4.68834,3.16733,4.97015,4.68281,4.31061,4.77749,6.01973,4.79173
4.68184,2.28521,2.89591,4.86218,3.30296,2.30956,4.17719,4.71149,4.74386,2.61572
4.56628,1.75186,3.83028,2.64972,5.23493,4.74838,5.46594,5.67465,4.40905,3.52406
2.99202,3.1397,5.98602,5.3064,5.38624,4.60847,5.72248,4.81585,5.16439,4.70743
4.75544,5.06002,4.21396,3.18237,2.28223,4.71672,5.47223,5.34857,4.92491,1.98632
4.24797,4.38342,2.84133,4.58371,3.22102,3.27281,4.82357,2.62304,2.85371,3.78155
3.3231,5.21466,4.33762,4.39481,4.27563,3.19463,5.49961,4.1661,4.51205,5.68514
3.17989,4.61252,3.2452,4.50392,5.57071,2.45841,2.29859,4.54432,4.65518,3.73379
6.22324,4.96604,4.20385,4.01737,3.28862,4.1447,4.02909,3.0039,2.91039,4.58381
5.08884,2.47155,4.92852,3.52636,5.42995,4.11549,5.40132,3.34681,5.50041,4.33059
5.72283,2.97474,3.59519,2.9849,2.46491,4.2662,4.3736,3.57566,2.59147,2.751
4.8053,4.33415,5.00431,3.36811,4.90572,4.49116,5.95637,4.75994,4.34362,4.37535
3.48079,4.6833,2.66613,3.71664,4.57376,4.39069,1.30286,4.44607,1.85056,4.05927
3.86322,3.30157,4.16788,3.95204,4.95119,5.20432,3.75433,6.60258,5.49065,4.72004
4.85943,4.94684,5.56751,3.86801,3.99349,4.50247,2.47771,3.87124,4.3043,4.32589
3.25746,4.27159,4.9564,3.06229,2.94923,3.13463,4.68095,4.13562,5.40918,4.36964
3.88657,4.25791,3.86988,3.38154,4.15402,4.07618,3.96351,5.32823,1.67554,5.13766
3.0379,4.35981,4.51425,5.64134,4.75103,4.36229,4.18605,4.76656,2.54198,3.39271
2.40358,2.96751,4.45932,3.50314,3.03216,5.02238,2.39732,2.79103,4.41812,6.28613
5.34168,5.23258,3.86116,3.90121,2.57777,5.04688,3.30895,4.07363,4.43778,3.68527
5.00732,3.98104,4.67246,4.4656,3.23701,3.67646,4.18261,4.99497,3.12721,5.27121
3.84717,2.69986,3.48204,3.77363,3.15058,4.74984,3.95778,5.45441,5.05326,4.03509
4.32345,3.90699,4.21237,3.44817,4.39169,3.78316,2.11924,2.96969,3.79737,3.23265
3.51582,4.95358,4.46604,4.74168,3.97437,3.49135,4.88452,4.51262,3.26372,4.56329
5.47645,4.55039,4.57366,4.69582,3.74607,4.68913,4.7793,4.46213,4.90269,6.23183
6.02618,5.39072,3.59664,3.82155,5.44359,3.7897,5.03753,2.9997,3.90029,5.00294
4.02984,3.25264,2.79774,3.51122,5.7921,3.22034,4.04865,3.34946,4.48187,3.53367
3.98256,4.36207,4.35911,4.23373,5.87441,2.79747,3.94401,2.94434,4.82132,3.80128
2.64282,4.04812,4.99954,2.42694,4.33958,3.70613,5.09582,4.46922,5.48457,5.44504
3.36217,4.14811,2.79604,3.97366,3.35775,2.73177,2.16441,4.20815,3.54861,4.57976
3.4405,2.7496,3.49078,3.71149,4.73003,3.68092,3.73534,3.73702,5.73449,2.81436
1.75166,4.45404,4.74043,1.23178,2.09369,4.50535,4.42388,2.71893,5.38633,1.72571
3.70422,4.76099,4.98688,4.19117,4.09391,4.12015,4.35876,4.4429,4.90209,4.60607
3.32818,3.00299,4.87803,4.435,5.60722,2.65526,4.36096,2.97649,3.45736,5.45301
4.81164,4.40701,4.16776,3.13277,2.29537,4.97613,3.04674,3.30926,4.77939,5.25724
4.34878,3.97259,6.01746,3.78576,4.03108,2.85244,1.10828,3.70646,4.30438,4.52558
3.46097,5.52892,3.50242,2.91568,4.5048,2.93236,7.06988,3.59456,4.56966,4.82158
4.26787,2.64366,2.56685,3.81524,3.57706,5.36553,3.31246,4.77014,4.51101,2.84169
3.39968,3.83492,4.96885,5.79954,5.57102,3.62881,3.94536,3.33598,4.89568,5.16627
3.35939,3.57863,5.28232,2.88407,4.01737,2.87737,5.0781,5.63652,4.48389,5.192
3.12534,4.42795,4.73195,4.25709,3.40926,4.54355,2.27859,5.11569,3.64739,4.22303
2.4505,4.92273,4.45939,3.8997,5.04601,4.42667,5.66271,3.76074,5.50387,3.37932
5.12914,2.50914,4.33399,3.00406,4.73377,3.55954,4.74895,3.78836,3.8882,4.23362
3.05602,4.60021,5.52224,3.45887,5.46571,2.90019,4.6186,3.29566,1.73511,4.00069
3.83905,3.94798,4.23889,5.08169,5.77272,6.30658,3.56025,4.43341,4.1615,0.494928
3.1493,3.07798,2.91401,5.78604,3.77626,3.95326,3.32656,6.0485,4.36892,3.5008
4.50615,4.41545,3.06231,3.67548,3.55924,4.87593,2.66882,3.5503,4.67974,6.56439
4.70566,4.00853,3.7551,4.49719,4.58038,4.36892,3.96708,3.69797,4.07293,5.17166
3.67519,3.34814,4.89994,3.19531,4.65558,4.69342,2.46009,4.59311,4.81524,5.51166
3.44881,3.02121,3.83791,3.57773,4.34421,4.50087,3.84129,3.76535,1.75964,4.59101
4.31913,4.19866,4.44112,3.9492,3.38927,5.11085,3.31534,3.49404,2.54339,3.85082
2.73921,6.00066,4.53981,2.82213,4.46889,4.72695,4.00422,1.6328,4.94748,5.38399
5.17754,5.88468,4.09676,3.24283,4.13698,2.95519,5.44928,2.99003,3.41057,2.95291
4.33086,2.53314,3.33686,4.32588,4.89283,5.7083,5.17255,3.9776,3.35114,3.80166
3.21663,4.52465,3.44837,4.99991,4.80992,5.97225,2.26271,5.78466,6.17064,5.13131
3.34986,3.89017,4.91565,5.4626,2.78388,2.68379,4.10229,3.17632,4.49697,2.9379
3.99111,4.54978,4.54482,3.78248,5.48106,4.78278,3.14944,2.84284,3.36785,4.28967
4.47864,2.35282,4.04497,3.94498,2.27578,3.85381,4.75955,4.0464,3.86503,4.20884
5.02628,5.4687,5.80543,3.05886,5.22546,5.25085,4.4576,4.10878,4.25154,3.14902
3.8601,3.83369,3.87256,5.32403,5.43067,4.60659,2.80343,3.62425,3.24606,3.75693
4.20033,4.47979,5.81296,4.41532,4.93591,3.88268,4.09414,2.31764,2.71237,4.27808
5.73554,3.77885,3.36852,3.68958,4.02864,4.63116,5.01466,2.84386,3.52486,4.67475
4.24862,2.9863,5.17592,1.15909,1.91728,2.28417,2.92842,4.42999,3.51335,5.0903
2.46291,1.5517,4.69229,3.93202,6.20656,4.79142,4.78472,4.97747,4.243,3.26243
2.44274,5.50781,6.12325,2.90832,3.43402,4.20384,4.35423,4.80086,5.34337,4.76945
2.7095,4.53924,3.48705,2.17018,6.27452,4.11659,5.27498,3.85171,4.52913,4.04818
4.54056,4.59648,3.46058,4.36685,4.8368,3.32463,3.7237,2.7968,4.15974,5.39277
4.70925,4.32501,2.56175,2.82683,2.2682,4.72163,3.26312,3.79182,4.84593,4.94755
2.51167,4.10078,4.15132,2.42678,3.74029,3.49986,5.38819,2.02188,4.78824,3.14772
3.7567,3.55686,5.31072,3.89088,4.02868,4.8347,1.99123,3.77546,4.15427,4.47608
4.08369,4.42072,3.35206,5.81571,3.81264,5.68061,2.54096,2.96467,4.18017,4.31082
5.74167,2.84847,2.98481,4.19958,3.40784,4.82633,3.80789,2.75606,3.13075,3.4147
4.61874,4.60264,4.03208,3.72729,3.71286,3.94577,3.75134,4.83922,2.88356,3.15728
3.52747,4.5284,3.00469,5.94111,4.12855,3.42408,3.05513,1.75598,5.2172,4.38084
3.05131,3.41687,3.49132,4.14848,4.76293,3.76712,2.61236,3.73817,3.75946,5.40442
4.13942,3.58628,5.36535,3.78612,2.68161,1.78993,5.8119,2.79493,2.6555,4.84097
4.87531,4.94747,2.31576,3.71884,3.00257,2.95861,3.39867,4.28538,4.23697,4.32843
3.12407,3.83934,3.53299,3.96894,4.16956,4.18656,3.01902,2.07583,5.90821,4.73074
1.85022,3.14796,2.99474,4.44381,4.06196,1.53596,4.51993,2.90094,5.62247,2.69076
4.20291,3.81,2.89071,6.34129,3.98109,3.72495,3.45395,3.07973,3.49957,3.33506
4.02586,3.44771,2.47645,3.52667,4.20394,2.64294,4.26661,3.66807,2.51275,4.62148
3.67381,4.83465,4.33116,4.38774,2.96725,4.20519,3.1478,3.59865,3.24319,3.95558
5.14139,3.58058,3.67749,3.34819,3.58275,4.51536,4.64633,3.08041,3.34478,1.4957
5.91898,4.08295,2.00456,4.22966,5.66486,3.46436,3.02906,4.36118,3.95856,5.01688
4.85267,3.90134,4.72375,4.91414,3.96214,5.32079,4.9789,5.90216,4.82279,3.72648
4.32204,4.25484,4.45386,2.72744,3.12221,3.07884,5.43495,2.14652,3.06286,3.39271
2.6315,5.22615,4.12474,4.60641,4.17001,4.58547,2.89822,4.20632,4.86677,3.31313
4.39231,3.1117,5.32199,4.56396,4.10644,2.27012,5.51012,4.69035,4.1205,2.20321
6.42058,4.03587,5.27449,4.10862,4.62485,3.51738,5.07115,5.08437,3.7272,2.66232
1.73913,3.92896,2.74116,4.35538,3.24158,5.6498,3.94889,3.60513,4.73253,3.8057
2.81164,4.98149,2.84537,3.48057,4.88698,4.66932,4.8564,5.42607,4.60511,1.64865
3.67268,2.32063,5.90644,4.30174,3.25859,2.24394,3.76309,3.72144,4.57808,5.20669
2.40904,3.66884,3.52028,5.04649,2.60249,7.00865,3.85429,3.15041,4.60386,5.42333
3.06482,4.80296,3.92229,2.77696,4.54457,4.36462,3.32531,3.32746,4.08384,2.78194
5.46022,3.27918,3.44716,4.71171,3.8982,6.07085,4.78875,5.61165,5.86166,3.29889
3.334,3.40485,6.33545,2.59139,2.26932,3.96942,4.59305,3.64025,5.22857,3.22053
1.91138,4.54905,3.45567,4.54107,4.23748,4.75645,4.9661,4.05702,4.01375,3.43629
3.32266,3.30671,7.12165,3.09874,3.38949,3.49925,3.19222,3.66723,3.7807,3.69364
3.63644,4.72459,2.54067,3.28213,4.18431,4.25129,5.42239,4.43269,2.60663,3.16328
3.22941,3.04818,3.90505,4.42386,2.98141,2.59666,4.83869,2.65797,2.35157,3.98637
3.72896,5.09086,3.07549,2.32031,4.3408,4.44621,5.41583,3.93197,4.92435,4.28977
4.36025,2.78965,5.83955,4.29918,4.30463,4.23982,2.74287,6.31367,4.09487,3.93001
4.74264,5.20774,4.24607,4.99721,4.10353,3.68076,4.3519,3.74241,4.21988,3.63156
3.66596,4.81482,3.72732,4.12092,3.7346,3.08896,4.13633,2.7533,3.60162,5.48804
3.82331,4.44551,4.77274,3.84313,2.91965,3.05726,4.10819,4.00865,4.337,2.69502
4.38251,4.48022,3.26251,5.20817,3.64705,5.21742,4.48566,3.94924,4.99966,3.58228
3.3382,3.99228,3.95943,2.57234,5.40264,4.81542,3.49601,3.40398,3.61129,4.65183
2.70818,3.52543,3.79464,4.92022,3.46812,3.96056,2.67611,4.86245,5.06814,4.30998
3.99072,5.2053,3.64747,2.86486,4.97992,4.70554,4.67047,3.16796,2.10595,4.12533
5.26915,3.84148,3.45762,2.55493,5.1885,3.94097,4.14757,3.44159,4.12261,5.74925
3.22347,2.31435,3.98271,5.27759,3.94909,2.66508,3.47032,3.57847,4.09342,6.47129
3.83885,2.94023,4.25509,3.93182,4.2789,3.4901,4.15337,6.21587,4.64345,3.31874
3.48807,3.43724,4.37045,5.31649,5.13583,3.33427,6.01482,4.02519,3.66835,3.65052
1.31113,5.24377,5.1928,3.77564,4.90705,4.19375,4.1993,4.76263,3.83361,2.65282
3.11104,2.67389,6.06066,2.73956,2.99775,3.66707,3.19038,3.17842,5.04793,3.34041
5.56582,4.73594,6.29266,3.52747,4.70272,3.88087,3.75403,5.42855,4.16893,4.89453
4.33781,3.96943,4.12811,2.79154,4.54413,4.42243,5.44045,4.30172,3.82475,4.79099
4.20687,4.40798,3.92964,5.1528,3.41558,5.4706,3.84582,3.808,3.20876,4.54688
5.79009,4.23463,3.72459,4.56781,3.19654,3.11402,4.67824,4.94262,3.72493,4.30838
3.23113,5.06229,4.14845,1.50227,4.76898,4.06343,4.63631,3.75498,3.1898,4.47605
3.52382,3.60108,5.19768,3.61128,5.58633,4.60111,3.34584,3.47304,4.20964,3.00158
3.72523,3.07846,5.13691,4.62768,4.40213,3.64625,3.3296,4.60543,4.03628,3.28195
4.58791,4.31228,4.62642,4.00313,1.22163,3.17776,3.39512,2.43061,3.0641,5.32267
5.4029,3.08744,5.03465,3.17864,3.4474,5.22595,5.12191,3.50837,5.2035,3.05089
5.80595,3.07267,3.68058,2.70058,5.16753,4.26969,3.71048,5.66262,4.73859,3.08066
3.34107,3.89565,5.32603,5.13988,4.41199,1.5066,2.56731,3.53253,4.83173,4.06543
2.97941,4.91678,4.35987,2.78895,4.18345,3.35391,5.71906,4.67422,4.39368,4.32312
4.23172,3.0929,5.15912,3.79895,3.14516,3.66962,4.55588,3.92299,3.7179,4.8453
3.96042,4.80529,3.89745,4.43071,3.53998,2.92757,4.03306,3.66978,4.62113,5.4654
7.06952,2.05226,3.66334,3.80768,4.67316,4.03244,4.52395,3.93104,5.09413,4.86714
5.51611,4.84604,3.8301,4.07345,3.11232,3.07084,6.40062,5.80507,5.04244,4.52794
2.33631,4.06279,4.41216,3.78955,3.78,4.71843,5.57199,5.44708,5.46863,4.66041
5.40077,3.8895,1.72315,5.35999,3.53349,2.32319,3.96937,3.64975,3.8536,3.91568
2.95819,4.56247,5.2878,4.8271,3.94102,4.38711,4.16508,2.55974,3.74362,2.07489
5.71861,2.97687,4.58016,3.7586,3.49572,3.33632,2.75823,2.99228,6.76794,4.40972
4.46585,4.69032,3.52813,3.4977,4.52284,4.37479,5.23851,3.68015,2.27886,3.16311
3.07449,4.08684,4.57359,2.85613,5.76194,3.2134,5.59112,3.88001,3.81108,3.63843
4.70305,4.64488,5.39608,5.46069,2.62576,4.43383,4.37386,4.95363,4.61768,4.58967
3.82459,5.04871,5.27664,3.26805,4.37609,4.66248,2.3232,4.66812,3.16722,3.75377
4.02228,4.24845,3.36463,2.1876,4.41609,3.61698,4.68547,5.13898,5.32437,3.52292
4.93118,3.91805,4.72444,3.3393,1.78541,4.31929,5.50241,3.62202,2.4326,5.19032
3.69541,5.58998,3.75281,4.4038,3.35719,4.9299,3.70114,3.2863,2.62025,4.43651
5.61048,3.69557,4.19296,3.33349,3.42145,3.27786,4.971,3.15013,4.95246,5.07988
2.44429,4.54162,4.13816,3.809,2.36787,3.42152,3.10445,4.22355,4.29379,3.49841
3.48612,2.66266,5.04168,4.69592,4.05651,5.05756,3.89368,4.53815,3.11366,4.81844
4.05142,2.71645,4.03075,4.12827,4.35521,4.69818,2.51128,4.56561,3.16955,3.51127
4.13475,4.86627,4.20374,3.90801,4.96263,4.83372,4.51237,5.54069,3.80049,3.86836
3.30788,5.46554,4.67232,3.67681,3.56843,3.26211,3.88578,4.45939,2.39855,4.16919
3.44798,2.37368,4.39764,6.669,4.85373,4.32389,4.94631,3.27615,5.13057,2.16121
4.38055,3.70917,3.48371,5.04398,4.24386,3.61644,5.27016,4.84622,3.78325,4.69543
6.1935,5.24804,4.96567,5.71286,5.16534,4.31971,4.23711,4.07556,2.0526,3.61426
3.63428,5.10193,4.89683,0.269648,4.78864,4.80602,2.60496,2.35994,4.90848,4.36393
4.15859,5.22454,4.04143,3.69952,5.09602,2.98597,4.23817,2.18526,3.75342,4.52513
4.34491,4.49761,5.33834,6.0541,3.93987,3.56333,4.56171,4.79676,4.00544,4.03171
4.91748,4.82829,4.39147,4.45314,3.39178,3.4428,5.00702,4.16494,4.41092,4.22169
4.20975,4.59385,3.48136,4.35966,4.91096,3.19273,4.06272,3.19783,3.39135,3.78069
3.30468,3.68555,4.988,5.89332,3.66234,3.16903,2.80344,4.86578,4.73485,3.84083
3.4445,4.70269,4.14778,3.87188,3.28281,3.44027,2.61594,3.88538,4.19825,2.09574
1.99685,5.89607,2.57965,3.14868,3.39294,2.92211,5.1687,4.54293,4.46091,3.73406
4.7128,4.08299,3.36548,2.32558,4.41922,1.61676,3.77277,4.35834,2.61727,4.37005
3.57341,3.80125,3.44763,4.13138,1.76801,4.76324,3.19425,3.55464,3.54435,3.21818
4.78865,4.54421,4.16981,3.23207,4.15709,3.52585,5.05136,2.66689,2.88845,4.81795
2.82325,4.39188,3.77793,3.21332,5.07264,4.06702,5.24744,5.17188,3.92762,4.07145
2.84621,4.87829,3.89017,3.96312,5.02694,4.08314,5.82921,3.88377,2.41424,2.43915
2.60729,3.27349,3.85006,3.51288,5.41728,5.94761,4.01964,2.42262,4.77823,4.47215
4.2218,4.10902,3.67975,5.90123,2.30288,3.16397,3.81617,4.06075,4.98523,5.90092
4.40568,2.95123,3.8201,4.8756,3.54777,4.268,5.6048,5.33619,4.08699,3.533
3.80491,1.02641,2.13323,3.47793,3.52311,2.83965,2.66259,4.03949,3.66006,4.60173
4.81222,4.20121,5.93739,5.98674,3.36024,0.907308,3.33063,4.71499,3.07234,5.31297
5.17396,5.06483,3.52456,3.76603,4.18576,2.62726,3.13088,4.27321,2.74111,2.81221
4.82965,4.95337,4.55464,4.85156,4.56019,3.29922,3.62894,4.2528,3.97937,3.26189
4.70986,5.43015,4.88839,4.07098,4.55368,3.11226,4.18815,2.53862,3.16257,3.44638
3.91557,4.47994,3.08076,4.78906,5.27841,3.59198,4.33724,3.65353,5.17032,5.14278
1.65401,4.57895,3.25152,5.97271,4.29353,4.19944,3.95915,3.76988,4.95443,4.59747
3.1441,4.70535,4.84066,3.31515,5.12992,3.9433,3.34421,4.4244,5.66767,5.06094
2.22477,3.50498,5.69795,3.02712,3.4636,4.24318,3.0813,2.98695,3.29567,3.44939
3.26773,4.96435,3.77147,2.33665,4.64857,3.81022,4.71144,4.42231,3.87733,5.14822
3.6883,3.09131,3.8206,4.17555,4.55952,4.82216,2.76854,6.26914,4.49141,3.82974
4.99093,5.79818,4.55104,5.2455,3.43892,3.4421,3.89698,4.16828,4.5534,3.2229
5.38892,3.06657,5.21076,5.07275,5.75189,3.30308,2.37627,4.46088,2.66357,3.76001
4.80502,4.57054,2.17683,4.19805,2.51234,4.1007,2.63358,2.3898,4.87708,2.63722
4.46476,3.50556,4.30405,3.87507,5.44435,5.63188,4.04359,4.10091,3.72309,3.75507
4.66853,4.02406,4.1087,4.74131,3.9838,4.35077,3.37491,4.80422,5.36798,4.12514
3.63297,3.62039,5.86185,3.32801,3.76243,2.39318,4.72793,4.40651,4.78232,3.95202
4.33812,4.15733,4.1065,3.37328,3.91114,3.80702,3.84107,4.02246,2.70559,4.38471
4.74102,3.85492,4.88059,3.80636,4.88526,3.95734,3.5671,3.54945,5.22649,3.14547
3.64433,4.17746,3.17999,3.62701,3.13083,4.3091,5.45447,3.96429,4.09311,4.42164
2.85938,4.93387,5.04738,4.77812,3.46688,5.59221,3.52743,4.95608,3.97206,4.74808
3.0439,4.37986,3.45209,4.12233,5.068,4.16594,3.85206,4.56305,3.90867,3.40803
4.21319,2.81239,4.03348,4.30909,4.65153,4.45601,3.77294,4.81789,4.2635,3.67729
3.05712,3.18751,4.10384,3.31581,2.56778,3.33053,4.4973,4.39126,3.6329,2.95717
2.98543,4.44031,6.01479,3.91951,4.98685,3.84657,4.40021,4.1132,4.4347,3.42589
4.71509,2.95725,2.78651,5.61453,4.4473,4.75183,2.47254,4.01801,3.94377,1.82212
2.10633,3.3556,3.71226,3.28398,2.70487,4.10544,3.90364,4.16253,3.84099,3.37684
2.83351,4.35076,4.66353,3.29561,3.82282,3.46262,2.59025,4.30532,4.62861,3.15272
3.49138,5.26894,4.14777,3.92655,4.98981,3.54428,4.94997,3.57223,3.44049,3.04077
3.37758,4.8482,3.09853,3.32862,3.96748,3.70501,3.07935,5.46748,2.44212,4.16963
4.94096,4.09753,5.33295,4.00674,3.96018,3.77009,4.03585,3.38412,4.51545,5.9557
2.93684,5.62228,4.15827,4.85697,2.7702,3.26146,5.7135,4.76778,4.30587,4.29943
4.10437,4.84342,3.68021,4.40282,4.24555,3.70691,2.95793,3.52176,4.41161,3.91698
4.16114,3.54236,3.40963,3.02116,3.23064,4.83809,3.78664,4.67424,5.51293,3.3903
3.46884,4.75552,4.84233,3.99411,3.88755,3.76988,3.71706,2.69761,4.0908,3.41411
4.92752,4.01865,2.98869,4.13783,4.78274,3.85811,3.89353,3.29297,3.19283,3.95902
3.05463,5.14162,5.39779,5.17313,3.71313,3.37457,3.9508,2.86546,4.92286,4.11187
5.75315,3.43007,2.90914,4.1146,4.22615,5.29729,3.75679,3.89711,3.8599,4.80968
5.18116,2.0472,4.86128,4.11601,4.31986,3.14138,3.90695,5.00469,1.77279,3.55375
4.94946,3.97072,3.16531,3.15363,2.2734,5.1222,4.56258,3.60505,3.57483,3.66896
3.15617,4.73236,2.83381,4.43636,4.10571,4.19009,4.53298,3.40845,4.00764,5.18892
4.35329,4.54375,3.88938,6.34408,4.02373,6.13239,5.88881,3.59615,5.34711,4.43954
4.02267,2.04903,4.61975,4.70597,4.85658,5.15862,3.96355,3.17085,4.79858,4.94179
4.29644,3.81171,5.94385,4.53924,4.04452,2.05244,2.74885,2.73156,5.14377,3.72835
2.09325,3.26024,3.81241,3.86062,5.21029,3.49973,4.83901,4.50892,4.90184,4.75281
5.30271,4.15163,2.88959,2.55995,3.6234,5.01638,2.05612,3.62356,2.99547,5.00637
3.40191,5.01279,4.16934,4.65996,4.82327,4.29057,5.49676,4.43155,4.86014,3.46449
2.95369,4.09965,2.53476,2.1131,4.30307,3.57578,4.0218,6.62895,3.38506,4.65282
4.32756,3.70946,3.65076,2.75749,3.61467,4.01408,5.69991,4.45645,4.80455,3.14676
5.39981,4.60944,4.48305,4.12462,4.95093,3.39887,4.0502,3.11008,3.93,4.61199
4.4778,3.60523,3.35875,3.73382,3.1687,4.96776,3.60026,3.86504,5.21429,2.68078
3.74644,4.75276,3.06965,4.34851,5.05526,3.17107,4.40063,2.76507,3.51681,2.75798
3.61586,4.76425,3.44474,2.92143,2.44714,2.53558,4.55757,5.79505,3.01845,4.05781
4.33294,3.40033,5.20588,3.93743,5.65271,6.04511,1.28799,3.73379,3.82826,4.4257
4.41835,4.67544,3.97058,4.37901,3.89807,2.41273,4.9181,4.7124,3.46695,3.61969
4.69976,3.17789,4.06446,4.13123,2.77925,4.02953,5.11618,3.26689,5.01107,4.11736
4.63081,4.40863,5.10221,4.99214,4.16452,4.54049,2.95608,3.09958,4.21398,3.78474
4.62466,3.55609,3.97426,5.1371,4.90586,5.44709,3.93133,3.69306,5.00297,3.9272
2.99599,3.53287,2.75265,3.54009,3.77486,2.13181,3.34879,4.1374,1.10386,5.82104
4.38223,5.27489,6.33397,3.44187,2.46105,2.8103,3.28064,4.37606,1.75247,3.25325
3.58539,4.14078,3.8966,5.05375,3.94663,2.05044,4.52402,2.30315,4.18423,5.62299
4.83466,5.12603,5.20897,2.07794,5.00371,3.24153,4.47802,4.56925,3.91321,3.77486
3.977,3.97639,4.07399,4.12862,4.53129,4.09462,4.70534,5.2421,4.89141,4.72987
2.89114,4.33692,4.26986,3.8406,3.15881,2.69568,3.27855,4.51597,4.70021,4.00798
2.73093,4.68962,4.02152,4.20269,4.95585,5.28963,6.41411,4.08799,5.50934,3.42419
4.69215,5.54336,3.18781,3.21998,4.8761,4.33395,4.54962,4.85619,4.09889,4.91925
4.39649,3.57532,3.69998,4.81443,3.75758,3.61821,2.62242,4.09269,3.59404,4.00053
5.60488,1.971,4.63208,2.7226,4.96082,4.56154,5.10697,4.16289,4.96759,6.33406
2.60678,3.68457,2.50786,4.69611,4.57618,3.57023,5.36715,3.20002,3.59215,3.99077
4.12164,4.73968,4.76664,3.52182,3.62124,4.41502,3.36863,5.14098,2.39634,3.12555
4.9795,4.03099,3.67839,4.89088,6.04933,4.18963,3.93186,3.31006,4.5881,4.09592
2.64474,3.62062,4.90255,3.18593,3.40697,4.5945,4.39287,3.42402,4.09221,1.44991
5.39321,2.48859,4.09629,4.41367,2.95328,3.70595,6.4086,4.15026,1.18374,3.34829
5.41175,4.97367,4.028,3.96159,4.54981,4.50333,4.08357,2.39578,5.02116,4.54526
4.02774,3.14148,3.75696,3.00629,6.20599,4.2241,3.60588,4.47754,4.01907,5.82044
4.95752,2.2723,5.40998,2.03397,5.18092,5.46637,2.73171,3.28696,2.92116,1.18962
3.66604,2.69031,4.14422,4.53028,3.42264,3.47055,6.0102,4.61017,3.73718,3.90241
3.2702,4.96242,3.11805,2.92646,5.16618,3.66411,2.8373,3.24734,5.19672,3.55561
4.14606,3.34497,3.79417,1.65478,4.50692,2.38863,4.19555,4.16611,2.8945,3.56229
2.79507,2.41169,4.6789,3.78572,3.24574,4.57665,4.56609,4.04486,2.14622,3.62513
3.85938,4.64405,4.2158,3.91881,1.98211,2.349,4.45666,3.5932,3.85635,3.94403
3.62888,3.93695,4.77493,4.2988,4.93903,5.57409,3.83258,3.40291,4.84277,4.69973
3.54366,3.7144,3.03894,6.02472,4.24627,3.39525,4.40513,3.39936,4.96769,4.39896
5.20764,3.88249,2.88757,3.99129,2.92887,4.27918,3.11304,3.82139,4.46643,3.02935
2.84109,1.2822,3.95902,3.89771,2.58794,4.86643,5.82203,5.4998,4.26118,4.35777
3.88799,2.72497,2.86934,3.75906,4.58485,4.4208,3.54184,3.13724,4.3377,4.87373
1.94904,5.45695,2.08715,2.22607,2.54242,2.47901,4.68892,4.6625,4.34839,3.15358
5.00663,4.03475,3.76602,4.58047,2.67619,3.78442,4.8415,3.11741,4.33966,4.93129
3.47784,3.0119,4.65239,2.64855,3.27778,4.66215,3.84359,3.15576,4.09987,4.59076
5.20088,4.28757,3.95977,3.94006,3.23461,2.47718,3.64572,3.95502,4.25649,3.73859
2.9819,6.21345,4.91545,3.69994,3.49319,3.73364,4.29233,3.49966,2.73793,5.00146
3.56883,1.85782,5.81094,5.38459,2.88267,3.78417,3.78224,3.80304,4.05003,3.53875
3.13332,4.74693,3.8673,3.10402,4.58768,4.75595,3.98407,3.54679,2.76183,4.31576
2.30013,4.61529,3.46865,4.42826,3.84506,3.75718,4.39939,5.66827,4.89553,4.78454
3.11592,4.28033,3.74341,1.70016,5.31783,3.88721,3.17839,4.05103,3.51461,6.18199
3.64995,3.62702,1.56853,4.12911,3.95183,3.92312,2.5306,3.14877,4.60256,3.80372
1.33698,5.13967,3.41064,4.587,5.61206,3.12717,3.31559,1.08993,4.48113,3.79729
4.16494,2.20281,3.85773,3.56154,5.33266,3.1526,2.6667,2.55624,3.34238,5.38348
3.69933,4.72317,4.49597,4.42082,4.61273,3.47835,4.09525,3.38401,3.67463,3.99402
3.87584,5.79597,4.50239,5.65229,4.77355,3.74105,4.50915,3.05755,2.63834,3.87214
6.30998,2.97294,4.23946,5.07859,3.69646,4.24204,5.43689,5.3718,3.66426,3.40116
4.68543,3.29759,3.25201,4.10561,5.67861,3.30763,4.23073,4.85898,3.93148,2.97762
3.81317,4.95131,2.79748,5.28127,5.39601,5.13124,5.30999,4.47102,3.40221,3.01223
3.31523,3.2003,4.60373,3.75436,2.38095,3.7016,5.97159,5.1375,3.86912,2.70735
5.62259,6.28036,3.21816,3.02898,5.46764,4.56251,5.1033,3.36919,2.77863,5.50527
4.93619,2.33996,6.06177,4.24006,6.00622,3.37934,3.18287,4.9392,4.76765,4.21818
4.12841,3.5981,5.07158,2.75361,3.78267,3.86808,3.67366,4.0882,3.745,4.50645
4.83125,3.95233,3.28826,4.14815,4.88549,3.45462,5.7332,5.19332,5.15936,2.65247
4.00047,2.99006,3.92842,4.05702,3.35192,3.66467,4.61048,4.57185,5.90624,3.64273
4.32004,3.21308,1.77692,3.05164,3.65699,4.11652,5.48313,3.06746,3.00215,3.54811
3.57923,2.00798,3.31827,4.85325,2.69791,5.04245,4.08035,3.66235,6.47997,4.38614
3.51719,2.51806,4.47522,4.24327,3.57251,5.72087,4.47649,3.94934,4.81746,4.16132
2.43137,3.5412,3.2923,4.98335,3.55541,5.3591,4.82777,5.69411,4.07569,4.33321
4.13796,3.8522,3.94768,3.88635,2.62224,3.30161,4.39571,4.23472,1.2899,4.99041
1.52935,3.38149,3.82593,3.82843,3.85835,4.78529,3.97615,2.4847,4.39337,4.24529
3.60099,2.58503,4.67517,3.51635,3.1388,4.20952,4.02706,5.14943,5.92544,4.30745
3.40343,3.30454,4.04423,3.05434,5.52724,4.43774,2.60625,5.80979,5.15329,5.30287
5.04683,3.12017,3.83484,4.08541,3.23902,2.94219,5.41261,4.25311,3.73503,4.64525
4.9107,4.45709,2.79339,4.38755,2.38595,3.37973,4.31808,1.98365,4.75329,3.98338
4.88439,2.75157,4.409,3.54334,3.11712,2.96146,5.15674,3.98448,4.8613,3.01981
5.45068,3.72122,4.25546,2.46748,4.47077,4.52959,7.00569,4.4591,3.31227,4.84184
4.86986,3.02319,5.1866,3.90563,5.50631,2.20249,3.90996,5.76095,3.85312,3.95475
2.47893,3.26124,3.4108,3.76762,6.62469,3.97599,3.98146,4.41063,5.31071,3.78309
4.98206,5.70663,4.52844,4.02944,3.60077,3.87047,4.80825,5.82234,4.69199,4.31844
3.78863,4.50436,3.97383,5.6272,3.86499,3.24939,2.75007,4.7628,5.54881,3.9508
2.81973,3.95125,4.55964,5.23432,6.74032,1.38031,3.59878,2.72624,4.46943,4.20759
3.53717,4.77544,2.84614,4.81895,3.68242,4.86959,4.96549,3.58816,3.05977,3.70439
3.06488,4.00098,5.4063,4.3327,3.5189,4.36304,3.28362,3.70659,3.74949,4.6559
4.4972,3.37804,1.99904,2.12496,2.83479,4.23544,3.56323,2.54106,3.29788,4.45647
2.45831,5.22428,3.86625,3.34298,4.45928,6.14777,4.43274,4.31359,6.39269,2.40154
4.47794,4.90321,3.82177,3.89831,5.25961,4.11047,3.35816,2.91467,4.35246,3.05511
4.25059,5.55483,4.49532,3.26893,3.466,2.88816,5.43419,3.63134,3.90193,4.70125
2.1561,3.90224,4.8473,3.98453,4.9673,3.24319,2.67261,4.50477,5.53114,3.9491
4.83969,1.94064,2.71695,3.63488,4.34419,4.13644,3.92889,2.34602,3.92911,5.68065
3.72975,4.56987,4.49218,4.9166,3.76071,2.9711,4.73341,5.96411,3.97884,3.26753
3.35229,5.19186,5.01347,3.52297,4.16911,3.40368,3.43572,3.93259,3.16952,2.51774
4.5543,3.36742,4.48822,4.73186,6.17916,4.00322,4.30116,4.35619,2.56778,4.58934
4.20661,4.58642,4.88864,4.26847,4.30919,3.90881,4.0681,4.23492,3.20284,3.389
5.51615,5.13257,4.91528,4.08328,4.69699,5.66235,2.60216,2.16421,5.40528,4.11368
3.84386,5.0237,5.24343,4.05762,2.83991,3.57521,3.04421,5.84654,4.22279,3.9728
2.62065,3.40801,3.1263,4.30911,4.52354,2.48506,5.21057,5.38348,4.20096,3.44846
3.21564,4.02376,4.1438,4.14281,3.52369,4.26718,3.51553,3.77907,3.41273,3.08207
2.63773,5.06751,2.80843,3.50941,4.4427,4.41158,3.90213,3.30217,2.53962,5.74889
3.42573,3.24126,4.68922,2.69167,3.61501,4.27355,3.85525,3.96601,3.47174,4.31158
2.22404,3.28591,4.52041,4.06491,5.07175,5.18492,4.16836,6.1751,4.47881,5.35088
3.82292,2.94478,3.71406,3.67418,2.32944,5.10813,2.78311,3.9022,4.30064,2.60287
3.54118,3.85167,4.29754,3.86887,5.0272,5.58419,5.54226,2.57824,4.00225,3.5171
4.01426,2.48676,4.22574,4.2754,5.86181,4.01726,4.16436,4.0272,1.59086,5.13536
4.08853,6.38973,3.05887,3.83109,4.68256,4.45516,2.90491,5.98365,4.78693,4.08097
3.56,4.40438,5.41053,4.279,3.18902,4.63478,3.88086,4.59675,4.03624,4.18104
4.14178,4.75896,3.88262,4.00428,3.70639,3.76909,3.75028,3.91097,2.57244,3.30095
3.52446,4.67948,3.50199,4.95446,4.03406,4.46043,5.6695,5.16904,3.49992,2.30589
3.62035,3.7216,3.55552,5.17413,3.59449,5.48862,4.57211,5.24148,2.90805,2.63889
2.62136,4.24383,2.7909,2.22054,4.28538,3.59284,1.39237,3.02995,2.45991,2.86761
3.13136,4.2504,4.28642,3.74057,5.37972,3.68848,2.56393,5.35266,1.61019,5.28018
4.76481,4.26881,3.39635,3.60909,3.87627,3.06264,2.65684,3.77027,4.43619,3.65682
4.37939,4.21713,3.2589,3.46433,4.30372,4.90129,5.18321,3.20183,5.13163,1.95204
4.44777,3.84826,3.38326,2.86021,3.16762,4.22069,4.39279,5.12925,4.21017,5.77271
4.93309,5.00079,5.16619,5.19114,3.33181,3.54083,4.78569,3.9632,3.32323,5.75905
3.50445,4.95073,4.22223,3.40023,3.43274,3.02132,3.09268,2.70578,3.79877,4.8944
4.50541,4.85414,6.05094,5.6628,5.78611,4.06799,5.39871,3.20812,3.4992,3.22838
3.73198,2.58701,5.23639,4.43021,2.72549,4.23092,2.20005,2.83848,4.69189,3.47859
3.78767,3.30495,3.34903,4.81106,3.15847,4.854,2.83958,3.3715,5.22847,5.26191
2.65653,2.8812,4.12217,3.74567,5.24782,4.3875,4.63903,4.18865,3.4693,3.76095
4.58258,4.58114,2.67413,2.61496,6.17084,3.97715,5.45658,4.54625,4.16363,5.26906
2.31376,5.17269,4.58623,5.21808,3.54407,5.03491,5.53917,1.43281,3.81333,4.00977
3.4209,4.20365,4.69648,3.56988,4.30655,4.74206,3.68013,4.00292,5.25508,4.20122
2.51974,3.60661,3.45261,4.3802,6.45466,3.41948,2.90335,2.78957,4.02304,3.56934
3.69864,3.6152,5.06743,4.23695,3.99415,3.60015,3.2889,3.1214,3.97915,3.50267
4.04448,3.14385,2.52217,4.25627,5.07162,2.83384,3.01062,3.59563,3.50448,4.10782
4.23025,5.91715,4.58993,3.64469,4.41224,2.6331,5.5102,3.51364,3.45195,3.7119
3.15934,3.93463,5.17381,6.15752,5.40278,4.79072,4.23595,1.98233,3.59716,3.05131
4.25134,4.03844,4.196,4.83918,3.70081,3.84165,3.63911,4.38594,2.16632,3.16294
5.17719,3.99459,4.67014,2.71837,3.24423,1.73608,3.66919,3.38451,4.55996,5.10976
4.09317,1.64403,5.44458,3.61927,3.80931,4.86808,4.05616,3.80981,5.39338,3.80667
5.61231,3.20828,6.05301,4.60294,3.81955,2.80753,3.14808,3.35996,4.48793,4.01066
3.12204,2.87744,2.13106,3.3076,4.29837,4.24484,3.75774,4.35744,4.08822,4.69891
4.54335,5.19616,3.51869,5.17369,4.43196,5.48723,4.27412,2.1132,4.57908,3.33823
4.95711,4.11744,3.33161,2.6095,3.82614,1.19461,3.00823,5.00082,2.8788,3.09686
4.59835,3.86578,2.54854,2.14594,3.93477,4.93759,4.87673,5.17985,4.23247,3.26305
3.88472,4.83789,4.82223,4.21915,3.8781,2.39655,4.09152,3.94733,4.29693,3.9778
3.5848,3.85261,2.52414,3.79169,5.58124,1.79542,2.80935,4.06991,4.54935,4.66378
3.78852,5.72859,4.44925,4.07151,3.18655,2.62673,3.14906,4.54594,3.95173,2.8685
3.96501,2.69051,3.88085,4.11401,4.01962,3.80691,3.61511,4.36745,4.23408,4.55916
3.81737,5.66577,2.79069,5.7686,4.39664,5.37191,5.56788,3.29457,5.64126,3.75449
3.80087,5.23755,4.69022,3.35833,3.56888,4.06914,4.44912,4.98973,3.7609,4.65726
4.73949,2.64312,4.90783,5.6429,4.35472,3.02067,3.81403,5.57373,3.52417,3.94852
3.79513,5.0477,4.32991,3.52419,3.13126,2.63085,3.60614,3.28524,5.50733,3.27638
3.41729,4.70448,3.68727,3.90267,4.63073,3.96032,3.09461,3.08019,2.86608,4.15958
5.35092,4.78878,2.28049,4.0502,5.13963,3.53834,4.02071,3.91566,3.99855,3.16025
4.38983,2.89494,6.56721,1.53169,4.52713,3.91041,3.04234,3.91523,3.65005,3.56467
5.1251,3.96412,3.24136,4.66182,5.26374,4.25976,2.67753,4.73634,5.37692,4.58492
5.09814,4.2929,4.11259,3.04989,3.45626,3.82988,4.18559,4.29685,6.18485,4.2243
2.85801,3.56023,4.69708,5.46282,3.26117,6.28495,3.9588,4.85402,5.02201,5.04357
4.42813,3.21351,4.192,3.67573,4.90686,3.09917,3.15577,5.53876,1.77115,3.41743
5.17397,4.86518,5.07737,4.19438,2.23878,5.01379,5.21432,3.97013,4.49617,4.82864
4.30258,4.37199,3.37875,3.31084,3.33656,2.10912,3.91307,4.24406,4.61162,3.81327
5.06526,1.85654,3.53397,2.46362,3.92312,4.36963,4.37742,3.83905,4.00961,3.71103
4.04921,5.43449,4.6677,3.19873,5.22975,2.95395,4.50124,3.58974,4.04482,2.52472
4.57726,4.52495,2.96973,3.51439,3.79369,3.37361,1.91142,3.44511,2.17141,4.09491
4.80436,4.42662,2.14432,4.44732,3.99484,2.11807,2.65444,4.43054,5.44478,4.49338
3.90865,3.37772,4.72973,4.72415,3.36561,3.65098,3.63848,4.40938,4.09424,2.31214
4.995,4.87857,4.88246,2.99259,3.18844,3.47681,4.40084,5.98634,4.77242,3.68672
4.25812,2.93254,2.55409,3.50807,2.87422,3.5554,2.85206,3.44389,4.05082,4.12349
3.50577,4.43526,3.03716,1.09267,4.71539,2.77926,4.45632,4.48876,3.37759,3.3098
3.20438,4.21196,4.74534,3.82277,5.19086,4.70204,4.31772,3.07821,3.71592,2.96672
3.40697,3.8257,3.39947,5.51664,4.89245,2.85022,3.44172,4.69784,4.0732,3.92265
3.96437,4.47351,4.03894,2.85991,4.44651,2.54721,4.63704,4.18051,3.25517,2.89459
6.47273,5.08614,5.01652,4.99414,3.53639,4.44081,4.46858,2.43119,3.82675,4.09655
4.4454,4.94644,3.46416,4.43031,1.53516,4.9605,6.00181,3.45101,2.40419,2.88786
4.22907,3.4171,5.35284,3.85182,3.02147,5.09824,3.36949,3.24876,3.46768,5.1555
2.70547,4.54133,4.58252,3.9181,2.58473,4.15596,2.62845,4.1567,6.04651,4.29579
3.58219,4.42739,3.10327,4.08167,4.49215,4.05006,4.54063,3.67756,4.57198,3.02581
5.00504,4.98414,3.42977,4.46791,4.80844,5.25004,5.80149,3.80002,3.2133,4.45938
3.37761,4.19631,3.84598,3.91404,5.10044,3.28875,4.12183,4.72121,5.24956,3.37989
3.96383,3.88457,4.55012,3.59042,5.47277,3.58702,3.31694,4.62211,3.40787,2.47541
3.02709,4.27464,4.54675,2.5482,4.35125,5.16167,4.23407,3.79862,3.34019,2.25605
3.54858,3.34555,4.68272,3.02927,3.29079,6.40888,2.155,4.6559,5.12218,2.93897
3.62284,3.44476,2.91768,4.72013,2.84412,7.81216,5.03805,2.82955,4.8783,3.24319
3.01923,4.67267,3.92505,3.02734,1.54214,3.09325,5.47888,3.01994,4.09707,4.53655
4.6131,3.5639,3.64223,3.67256,4.56205,5.99595,4.48721,4.0164,4.23943,5.93418
2.7674,2.32622,3.8592,3.47478,2.90606,4.56056,6.00648,4.16052,4.42234,4.84181
3.83332,5.05725,4.80807,4.52146,5.03455,3.84658,3.302,4.23361,4.54159,3.20568
4.82038,3.59399,2.74779,4.79154,4.31508,2.40196,2.88942,3.87752,4.15354,5.87149
3.64948,3.13979,3.7608,5.51847,4.28783,5.27211,2.26191,3.48671,2.40295,3.75979
5.04576,5.93266,3.53975,5.52852,2.89742,4.37211,3.27097,4.65422,4.69691,4.91314
7.10996,2.76007,5.04102,2.56696,4.9834,3.95091,3.78931,4.67089,4.78144,5.72731
3.06515,4.67602,3.8575,4.71429,4.60805,5.37263,4.62265,4.80321,4.27916,4.802
5.15766,2.63455,4.8537,4.9158,4.47207,3.21464,3.71283,3.66793,5.43312,3.89525
5.51373,3.23967,3.85764,4.2386,3.1205,4.03183,3.32208,4.7898,3.9606,4.65664
3.71825,3.40033,1.95708,4.29039,3.76277,3.35844,4.99621,3.1864,2.86539,4.5197
3.79055,3.3477,5.44185,5.28641,4.68376,3.08176,3.88543,4.06247,3.76685,5.23811
3.03446,3.68124,2.32203,2.25464,4.97526,3.902,4.07649,3.59988,3.16337,4.80363
2.88609,5.33081,3.23737,4.14925,2.99539,3.09967,4.91451,3.35939,2.9455,2.46292
4.4226,3.70687,5.80868,5.36316,3.07692,4.29373,3.54063,2.0058,4.04203,3.66986
4.22489,3.04677,6.57257,4.55372,4.97836,4.10162,4.85872,3.64744,4.85529,4.52291
4.30321,3.69,3.21908,3.79748,3.93587,3.23703,3.49859,3.76192,4.266,3.38764
4.8729,6.02676,4.7598,4.00355,3.15565,3.73861,4.88463,3.22934,3.05122,3.74567
3.82295,3.98596,3.55595,4.025,4.91339,3.62011,5.33856,2.42652,3.29733,3.4507
3.36253,3.32508,3.55066,5.6466,1.30256,4.38152,4.42978,4.28294,3.44607,5.11778
3.51955,3.56751,4.27543,4.07766,2.57163,6.15632,4.59213,3.72827,3.60068,5.12403
4.26061,4.13931,3.9271,4.17462,4.9284,3.18386,4.28614,4.15499,4.06311,4.5932
5.63096,4.84313,3.10422,3.74671,4.33016,4.11976,5.11879,4.94257,2.12119,4.19853
5.32749,3.96933,2.9489,2.43903,4.10431,4.58196,2.94789,2.71016,4.1182,4.26926
3.64208,4.92874,5.1824,3.72749,6.19408,3.69054,3.96616,3.56161,4.63184,5.32069
4.03996,3.38666,2.75291,2.75522,3.78279,5.76812,1.79159,2.67112,4.89201,3.69376
4.71195,4.70412,3.75099,3.73517,4.32346,4.20123,3.69874,3.16536,3.30586,4.21494
4.83326,3.54447,3.67694,4.09987,5.053,3.49576,4.99447,5.30517,4.4411,5.04628
3.43881,4.06625,4.04902,4.03472,2.45722,4.44193,2.74468,1.86399,3.37036,3.15746
4.20896,6.35286,2.54027,2.52972,4.50679,3.98661,3.61879,3.6037,3.08797,2.18385
5.04641,2.8105,4.50073,3.3762,3.08716,2.44597,4.28931,3.5082,5.10003,2.1243
3.61998,3.46864,3.33065,5.3151,2.04857,2.0102,3.07221,3.09379,5.37854,2.73836
4.28518,4.48273,3.89818,3.84686,3.54987,3.0297,4.17857,5.68782,5.06095,5.06173
4.95506,4.24354,3.94539,2.31297,2.71642,3.17625,2.3712,4.73675,5.77445,3.26155
3.51264,3.16006,2.43825,3.13635,5.54891,4.70936,3.68151,3.64506,3.98763,3.17494
3.50494,4.63509,4.114,3.65422,5.2511,3.21303,4.40042,3.87426,3.1845,2.89434
2.55023,2.66558,5.30184,2.1134,3.40242,4.85678,4.33988,4.83636,5.15361,3.71261
4.15214,4.24424,5.26028,3.90374,4.60114,3.01989,3.95635,4.34745,3.64481,4.30667
4.20908,3.93245,4.86197,3.91505,3.4984,5.43615,4.17225,4.56788,3.92035,5.74784
5.34887,3.53786,3.54365,5.04989,1.77906,3.5338,4.13107,2.39097,3.80774,4.16666
5.38903,4.03659,4.16615,4.56757,2.95848,3.35134,5.17333,3.00762,2.41121,4.42483
5.6027,4.85451,2.69836,1.99154,4.1854,2.94289,2.68984,5.40257,5.40973,4.32919
3.81696,5.12912,4.18923,3.89753,2.54746,3.42583,5.21783,4.07681,2.98545,4.36047
3.74521,3.98611,3.00446,2.93918,5.65941,3.30806,5.24695,3.70383,4.65265,3.22283
5.41244,2.64528,3.6896,3.17629,4.22562,3.58811,4.36258,4.0345,3.91765,3.8659
3.82422,5.78,3.42558,2.12437,3.4269,4.10422,2.59318,3.16987,5.28995,5.84449
4.60124,4.19538,4.18467,3.61966,4.11796,3.23983,4.2696,4.24365,4.44054,3.06325
4.12762,5.34512,4.79884,5.10505,5.19906,2.97128,4.85258,4.5133,4.8592,4.1611
1.97067,4.83149,3.34486,5.15275,4.26266,4.08855,5.27429,5.38308,3.71595,3.35966
5.89024,4.81014,3.55297,5.22411,3.42135,3.58874,3.54625,2.41021,5.08311,4.06119
2.61496,3.57393,4.15195,5.74504,5.43744,2.375,1.58698,5.14277,5.72974,5.75194
5.74293,4.93935,4.05669,2.50517,4.83796,3.11701,3.93926,3.1284,2.74596,2.66461
4.05159,5.46325,3.83908,6.04162,4.39336,5.16925,3.94534,2.29621,4.72459,4.60228
4.54596,4.262,5.38842,4.30071,3.07617,1.98135,5.72944,1.32475,5.02259,3.13913
3.55104,2.37086,2.84634,3.50183,3.37891,3.23087,4.00515,5.03056,3.86825,4.22496
3.53769,3.40211,3.69075,5.28172,2.25052,4.36492,4.59379,3.73829,4.37076,5.63389
6.06461,4.10426,2.88276,4.336,4.00436,3.98056,3.06633,2.66882,5.17174,3.7061
3.96771,5.09341,3.663,3.23987,4.59641,4.74066,3.2489,4.67838,3.87778,2.77258
4.47264,4.67034,3.78239,3.80601,3.24544,3.68507,4.61026,3.8012,4.94302,2.83534
4.49049,3.73242,5.12364,4.14565,4.38356,4.76723,3.76337,3.54982,3.16534,4.12456
5.16409,3.3732,2.95055,4.97064,5.02532,3.29471,4.09355,4.28627,1.9703,5.54539
2.73696,1.79728,3.8765,3.78401,3.3911,3.70589,2.78409,4.14959,6.19034,5.75419
4.42938,6.30099,4.03479,3.69828,4.20986,4.28217,4.10365,5.27867,3.40146,3.78795
5.34081,3.8791,7.23268,2.92155,4.50296,4.76035,3.01656,4.24534,2.89574,2.91626
5.22411,4.68281,3.42561,5.08378,5.55164,5.44781,3.17683,5.50489,3.62589,3.23796
2.83199,4.39052,5.71086,4.64553,2.28938,2.64523,4.40939,3.15157,4.26789,2.65337
4.29032,2.68138,4.00138,2.6001,4.59114,4.10527,2.94173,4.59013,4.38253,6.08746
2.32189,4.64906,5.12624,5.13075,4.4498,4.76024,2.63038,2.63242,4.84334,5.34983
4.32952,2.92854,2.1828,3.48184,2.73636,3.44261,2.65377,5.86062,4.48759,4.3296
4.43403,2.554,1.56768,5.02835,4.64897,5.78109,4.86543,5.99668,4.28786,3.9021
3.43787,4.26826,4.16916,2.84294,5.72403,4.21809,4.47455,4.57106,3.23096,3.47192
2.75629,4.97849,3.25191,2.70421,3.87264,5.20631,2.93322,5.54928,4.65082,3.57339
3.04886,5.05227,4.03826,2.96209,4.41232,3.47723,5.14671,3.90806,4.77739,4.77818
2.1194,4.69351,4.08794,5.76864,6.59749,5.78129,5.55392,2.80092,5.01188,5.20197
4.67288,4.82003,3.96291,4.56306,3.99492,4.17496,5.4831,4.06248,3.53766,4.87129
3.1741,5.76153,3.50543,3.90917,3.84013,3.7306,3.70638,4.08464,3.38757,5.22411
5.52108,3.11766,4.02469,3.45456,4.8497,5.64204,4.61224,4.94547,5.36766,3.57779
3.80907,4.21098,3.58775,3.95305,6.06355,4.96973,5.3919,1.88418,3.47742,4.70731
3.75586,4.12678,1.76992,3.41888,5.07049,2.96358,4.50732,5.72002,2.62366,3.76993
3.20456,4.35344,6.41989,4.14649,3.30293,4.54664,5.6816,4.45538,2.9664,6.52752
3.65481,3.37982,3.72697,2.8033,4.01415,4.18048,3.10054,3.34955,5.44968,4.26411
5.4112,4.29086,3.72489,5.39948,2.05525,4.96828,3.04162,4.72759,4.06653,4.48874
5.69145,4.86768,3.03264,4.70344,3.42964,4.63109,3.72949,2.64927,2.49874,2.84178
4.09916,2.67854,5.76721,3.9294,3.56276,3.6006,4.51836,3.97199,2.35827,4.3704
4.79302,3.83312,3.46125,3.87502,2.85954,3.34229,3.14356,5.02277,4.25596,1.99341
5.02492,2.58461,3.83254,3.63606,4.59641,4.97535,3.10672,4.04015,4.20026,2.79636
4.78812,2.42949,4.71104,3.5876,2.81936,4.01345,4.21466,3.62367,2.97025,1.89524
5.36682,4.3687,4.52066,4.22104,4.75102,2.9543,5.14732,1.86035,5.1046,4.28744
3.82465,4.86746,3.62998,4.04802,3.39517,4.22694,5.57309,3.39575,5.16457,1.84129
4.75016,5.42988,2.98097,4.02552,3.71416,4.95143,2.6398,3.63383,4.39474,5.34751
4.63806,3.76613,3.36206,4.04566,4.4712,2.95335,3.9573,3.57508,4.84096,2.05886
5.35038,3.31345,3.94612,3.68523,4.29469,3.2173,3.32672,2.81455,3.78934,5.88664
3.69961,4.95872,3.58558,3.95061,3.50694,5.06223,4.45413,3.06896,3.49607,4.75147
4.10532,3.53631,3.15862,3.53633,2.79284,3.01306,4.92159,4.5286,5.39598,4.2785
4.52085,3.68801,4.37867,3.26346,2.67771,3.45844,5.48562,4.00046,3.34602,3.75493
3.95136,4.64512,5.40823,3.16776,4.21513,7.23306,2.37401,5.02156,3.96591,5.87735
3.53584,3.18879,3.51918,3.82095,3.66545,4.75977,3.30303,4.35981,2.75814,4.64362
5.27997,2.08357,2.56178,3.6927,3.17976,5.03707,5.60353,3.76231,4.07503,5.3049
4.63131,5.08083,4.13915,4.32657,4.48282,4.55187,5.45728,3.27527,4.61141,3.72593
4.69422,5.67606,4.65169,3.9505,3.58691,4.86105,4.10849,3.64402,2.50433,3.48949
4.64384,4.24849,4.83666,3.55129,3.2573,4.88297,3.70594,4.94992,4.10146,4.9409
4.21039,2.78149,3.46347,3.26022,2.78989,3.08347,3.06756,6.23522,4.36763,2.08743
4.8672,3.43741,3.02496,3.78889,3.77581,3.45881,3.25111,3.35279,2.76358,3.96514
3.50618,3.36385,5.32133,3.03988,1.75865,4.52477,4.95102,2.99058,3.8721,4.50294
3.59303,4.67998,3.04402,5.39338,5.28377,2.41368,4.84868,2.84899,1.3111,3.37044
2.93184,2.49876,3.73746,3.55536,4.46466,5.21292,4.28793,2.96912,3.68466,4.6861
4.48976,4.45886,3.75112,4.99346,4.48579,4.08193,4.9102,2.1589,4.5656,4.02076
3.46883,4.73263,5.2256,2.14575,5.92254,4.6204,5.19467,3.71932,4.19094,3.13874
5.31486,6.39108,4.33382,5.97329,5.74729,2.30381,5.05405,3.06453,4.22001,4.6048
3.38997,4.53314,2.61188,2.53184,2.92304,3.99047,4.61037,2.78119,3.24465,4.19377
4.4351,3.41322,4.3867,2.62445,3.24691,3.80938,3.7258,4.28758,2.31497,3.38538
2.49446,4.98205,4.3283,3.19164,5.38041,4.25748,5.19662,3.34911,3.16205,4.08316
4.6149,3.40738,4.33563,4.33592,5.06906,3.00555,3.86407,4.32128,4.27325,2.52523
4.3747,3.85605,3.95236,4.47527,2.43905,3.81299,3.29051,3.23018,4.51831,4.97033
2.4559,3.37196,4.45306,3.2948,4.33148,3.85341,3.27723,4.61056,4.63303,3.38405
4.25382,2.99976,5.39229,2.74842,4.66225,3.99303,4.5624,4.06314,4.06686,5.06641
5.92401,4.96739,3.52411,4.18772,5.98797,1.64931,3.71297,3.67271,5.5353,4.83837
4.46135,3.79267,2.75343,3.75667,4.87165,3.64123,2.0059,4.64818,2.35418,4.14268
4.68684,5.09064,4.59433,3.34633,5.24197,2.86437,4.42233,6.71357,3.9618,3.04031
3.91463,3.91578,3.71542,5.03592,3.52091,3.82423,5.01462,4.03172,4.92652,4.18596
4.80354,5.62827,4.80774,3.97126,4.47184,4.24982,4.93458,3.84858,4.63302,4.68345
3.90461,3.82982,5.82683,3.63552,4.46991,2.39144,3.31966,4.86321,2.09539,4.98273
5.1577,3.85387,4.50147,2.85168,3.74289,3.43185,4.89861,5.02065,5.11375,3.39564
3.93222,4.82285,1.5435,4.56352,5.9818,1.53004,2.74221,4.24643,3.76456,4.43365
3.26402,5.62066,4.71723,4.99077,3.07758,2.08073,3.4892,4.31576,4.25838,2.78046
4.60225,2.671,5.24168,4.8916,3.15165,4.77178,1.92507,4.22503,3.76894,3.05583
3.88104,3.27259,3.81289,4.87106,4.55126,3.12009,3.79353,2.79473,3.09876,3.52116
2.66106,4.74809,4.88988,5.99763,3.91727,6.15682,5.32031,4.20188,3.61464,3.64267
3.3338,4.12128,4.66694,3.21289,2.38373,3.28392,1.8335,5.42151,3.54582,3.9894
4.97885,4.38488,4.58998,4.39191,4.84393,3.66895,5.03632,5.68831,4.97463,2.76558
3.96913,3.75159,4.68377,3.91888,2.35764,4.56266,4.18267,5.078,4.86661,2.82635
3.29351,4.20335,3.70873,3.10929,3.77919,5.10395,3.98479,1.96663,3.64951,4.96033
5.13722,4.57241,4.00771,2.85117,4.80466,5.3067,4.10711,3.70359,5.43587,3.36614
3.04584,4.00279,2.63915,5.59742,3.06888,5.31271,5.11672,3.91186,4.9014,4.08121
5.12995,3.48669,4.60471,3.81759,4.05246,2.67498,3.82972,3.34623,3.57027,4.45314
3.29866,5.49471,5.37006,2.80639,3.31455,2.7766,5.64955,6.00705,3.82609,4.0415
3.4649,4.41701,2.60021,2.94282,1.69081,2.78597,2.50194,2.56657,3.18625,3.40624
3.05683,3.57865,4.74094,3.80693,5.21479,5.68412,4.61324,2.63197,3.21733,4.93391
5.08771,2.71204,3.65251,4.32332,4.74723,3.68823,3.88839,3.77491,2.89539,4.48239
3.82726,3.53827,3.69749,5.26879,4.79723,3.7341,3.86109,4.19293,3.58149,5.02131
3.93468,3.37059,3.86865,3.79817,4.35953,3.03095,4.52011,2.99266,4.95103,4.57219
4.19332,2.27938,3.47071,3.47791,2.30483,5.35244,2.00797,5.68188,4.81787,3.90163
4.48422,3.84392,4.10186,4.21051,3.47462,4.62732,4.03683,3.89385,5.5559,4.99316
4.90481,4.84089,1.51548,4.68069,4.63843,1.82643,3.87789,3.94334,4.72788,4.171
4.44117,5.91654,4.45144,4.08457,2.6875,4.93195,4.31095,4.05055,4.85282,5.20465
2.08325,4.36802,3.22587,2.71021,3.35741,4.82506,3.26942,3.26722,2.60006,5.04161
2.93843,4.22519,4.00259,6.4008,4.54454,3.50911,4.07425,2.42296,3.81983,4.35701
2.72507,3.05719,5.50972,4.76271,3.44127,4.4638,4.37998,4.66974,4.48483,4.19575
2.73596,3.76443,3.33183,4.73569,3.14749,5.27189,2.96911,4.1692,3.07115,3.88914
3.5834,3.97628,4.94598,4.40846,3.32316,3.44821,3.99655,2.69779,3.28726,3.89279
1.94692,4.13884,3.69162,4.73786,4.07796,2.6712,3.03597,4.51341,3.55877,2.97219
4.89162,4.13184,5.62133,4.8035,6.41922,3.35665,4.42994,3.85847,4.31994,3.83512
3.95034,2.78872,4.67031,3.46592,5.04514,4.15432,3.89267,3.40642,3.54576,4.06833
4.45179,2.45588,3.04685,6.27529,4.06963,4.13297,3.71613,2.77492,3.14007,3.31178
4.50832,2.58177,4.88918,2.47872,3.7164,2.34112,4.67124,5.1814,2.81697,7.87289
2.9681,3.27929,3.77454,4.00301,3.59066,2.90551,5.89364,4.39134,4.03472,3.66234
3.84951,4.73428,5.63407,4.18407,2.08816,4.4238,3.80706,3.13179,3.26741,3.6644
2.80271,2.95613,3.69771,2.37629,3.55536,2.99627,4.26971,3.3903,5.26244,3.84486
2.73155,4.0598,4.48328,3.85523,4.38992,3.0617,4.50259,4.49384,4.6547,4.40557
3.44272,2.86017,4.20424,4.33615,4.31465,4.87437,4.07469,4.65027,4.25166,4.09962
3.01666,3.57375,3.6348,3.44202,4.37679,2.54876,2.54724,3.20196,4.06989,4.5802
4.06946,5.71952,4.50706,3.81012,4.56111,3.52922,4.23192,4.03192,4.86713,3.69504
2.17231,5.39015,4.82156,5.41757,4.82314,4.17378,2.96504,2.30999,5.45591,4.34533
3.89132,3.04506,3.49417,3.71748,2.87155,3.73857,5.24999,4.31934,2.97068,6.04145
4.73777,5.39103,2.38086,0.495368,4.15869,4.44118,3.51024,2.72443,5.06829,3.23719
3.69152,2.57333,2.97868,4.67426,4.62645,4.26746,3.75247,5.40102,3.67091,3.59172
4.82755,4.51702,2.87214,2.83382,4.0757,5.13212,4.85964,4.05806,4.67766,3.22572
4.28805,2.8864,3.16745,4.56027,5.37446,3.84253,5.78252,4.14564,5.3105,3.47445
5.8335,4.07544,4.12566,3.74886,3.21887,4.52677,2.94618,3.82354,2.13221,3.28697
3.10515,4.26222,1.74764,3.18178,3.12233,4.51015,3.75552,5.38761,3.09874,3.25544
3.20859,3.60476,4.97563,3.03546,4.48969,4.2663,5.82972,4.20314,2.44003,4.47529
4.82196,5.91671,1.64628,4.24721,5.02194,4.00283,4.25784,1.28537,4.00829,4.24318
3.91162,4.32695,5.49068,4.05667,4.19116,4.82405,3.9954,3.58415,4.91268,4.19114
2.48885,1.59513,3.26311,3.85238,3.34944,2.40023,2.84131,5.02216,3.95758,5.01113
3.90908,4.09086,3.59086,5.24685,5.87009,3.94319,3.0066,1.99233,4.86772,4.2966
4.43797,2.44109,3.31478,4.8637,3.97689,4.30124,5.79376,2.09747,3.43193,2.95931
4.07886,3.1724,3.62961,3.43391,3.61813,2.85488,5.33246,3.23563,3.51479,4.17619
4.57592,3.46166,3.63146,4.57376,4.77343,5.17647,3.23942,4.23397,4.04769,3.69702
4.34085,3.64859,4.47022,3.43372,4.98749,4.88914,3.83865,3.29065,2.67507,4.77624
1.40183,5.349,3.89468,4.9221,3.55592,2.76707,4.03949,4.23429,4.13011,5.71329
4.9131,2.84374,6.80287,3.6431,1.32068,4.82093,3.92606,2.10853,4.99209,3.95656
4.41001,4.3635,3.30922,5.33341,2.63168,3.6556,1.90649,4.53457,4.59638,3.66017
3.64298,3.84314,4.42999,3.20772,5.11902,4.71454,3.9324,3.69249,4.98804,5.40968
2.31521,5.1328,3.3159,3.10119,3.40068,5.64357,3.25076,3.06543,2.75897,3.13541
2.50301,4.90875,3.07741,3.23496,1.79824,3.64546,3.9538,3.66275,2.9711,4.30283
4.04744,4.08867,4.93387,4.0966,4.55257,3.73865,4.21926,4.43594,3.85282,3.88461
4.89338,2.86113,4.94169,3.36509,4.7021,3.80026,4.43991,3.14581,1.0843,3.7322
5.23434,3.56484,4.64117,3.38622,3.12562,5.09032,5.34596,3.45373,3.51846,5.27292
3.09438,2.96228,3.65106,3.18739,3.60023,5.80955,2.45429,4.05476,2.95483,4.70459
2.23695,3.13472,2.8789,3.81556,6.63205,4.64591,4.05318,2.32438,4.27633,4.00527
5.44008,4.00369,3.76753,5.49523,2.99445,4.51768,2.85665,4.34181,4.48042,4.01927
2.55744,4.39932,4.20878,3.86327,3.6421,4.19832,5.48949,4.17656,2.38309,4.88914
2.22206,4.6061,4.29102,4.20104,4.05961,3.189,3.83051,3.68518,3.31275,5.11511
4.21096,4.51203,3.36082,4.75679,4.51838,4.32827,3.48539,5.08256,2.70648,3.30526
2.88331,3.73806,5.36552,4.34068,4.94175,4.12216,3.2567,5.72999,3.28904,3.71116
2.70638,3.83802,2.47161,3.23781,4.15381,2.23211,3.42871,5.96393,3.01807,5.0063
4.21865,2.83181,4.60598,5.28848,3.59042,3.95912,4.70919,3.89913,4.50647,4.6713
4.18565,5.51549,-0.340003,3.06501,4.17598,5.15742,3.43235,3.23904,4.69043,1.5863
4.53934,4.37846,5.38503,5.24233,2.23562,2.82381,2.94164,4.08875,3.72965,4.57241
3.38529,3.1244,4.11979,3.37852,4.55199,3.3298,4.67645,4.3699,3.81764,2.81427
3.51263,3.00508,4.07593,3.23468,3.62085,4.23253,5.10871,4.16226,2.46628,3.41674
3.57863,5.41659,4.10823,4.7943,4.79955,3.86938,4.72428,3.82186,5.67046,4.95063
3.58124,2.70591,4.4177,5.42309,4.10606,3.53529,7.16479,3.03978,3.36931,3.0211
5.04606,4.97613,4.28388,3.64011,5.55472,3.52982,3.7082,1.97213,4.13874,3.66395
3.32191,3.66128,3.77868,4.34686,3.58023,5.82076,4.27227,4.78864,3.43813,6.29735
2.94847,3.85424,2.95199,5.74282,2.26989,5.57192,4.4297,3.8594,2.34004,4.93754
4.11886,3.83249,3.62281,3.78006,6.49653,4.54381,3.84399,4.36958,3.69729,3.09889
3.43808,3.45329,6.39361,2.38276,2.52153,3.76084,2.80517,5.60289,4.15499,3.47458
4.14625,3.19251,4.45254,4.59949,4.11871,3.14151,4.2181,3.41705,4.29038,5.33086
5.89072,5.01662,4.84871,4.05309,3.85509,3.43234,4.13351,5.08031,4.25729,3.82974
3.94857,4.31215,4.82372,5.93345,4.40843,3.58739,3.56189,3.54634,3.46198,3.89695
2.89718,3.64395,5.01908,4.90224,4.24353,3.45633,4.31684,5.40935,5.41468,3.49584
5.12549,3.06147,5.33908,4.20494,4.70621,3.26731,3.46617,6.10286,2.51381,2.67995
4.26328,3.99366,2.49355,4.83579,3.08997,3.68763,4.07587,4.49447,5.2151,4.66106
3.83534,4.04654,4.94376,3.86751,4.65687,4.4233,4.63855,2.97368,4.77471,3.61368
5.89281,4.36177,3.91856,4.11829,3.63439,4.15027,3.67698,3.2821,3.56997,3.18213
1.33622,5.25366,4.69591,5.73016,3.8663,2.40098,4.53206,3.76995,6.41182,3.37061
2.15393,4.8602,4.13224,5.35363,4.56852,4.62129,4.36074,5.20407,2.57715,5.03628
3.63131,3.48827,3.10519,2.94332,2.83812,3.88903,4.89006,3.22296,4.04028,5.30497
3.55383,3.9826,5.63413,5.26052,3.79906,3.52439,2.17768,3.2581,2.18338,2.73894
3.50046,4.28837,4.73558,5.16295,3.86752,2.54078,1.53974,5.92159,3.87408,4.31842
6.51526,4.76461,4.39472,5.28012,3.71994,4.05861,2.48891,3.0851,5.55018,3.28559
2.26483,3.79655,3.36376,4.10518,3.92962,4.84484,4.12689,3.99136,2.58978,3.7317
4.07147,2.10705,4.70651,3.3555,2.21674,4.43905,4.39371,2.44907,5.21682,5.13027
5.73271,4.68074,4.0798,5.1228,2.93063,5.15148,3.49736,2.83453,3.52048,3.15004
3.89173,2.76351,4.97312,3.74634,3.1009,2.41862,3.90324,3.8488,3.27698,3.68899
4.31983,6.90845,3.05389,2.21913,4.94402,4.00717,3.2709,3.03337,3.33033,5.09589
4.08083,4.37349,4.348,4.0438,3.7873,3.87616,5.60222,3.59739,5.13446,4.41235
3.1325,4.14596,4.86205,2.07953,4.11847,3.80441,4.51015,5.28539,3.17912,1.86865
3.76922,5.32547,2.54554,4.72785,4.71615,3.53008,4.36994,5.27282,3.79847,3.5057
2.45666,5.0537,3.41701,2.83772,3.14391,4.89614,5.12581,5.1478,4.21884,3.40127
2.69928,3.39215,4.64151,4.1716,3.54966,5.61038,3.88225,5.98533,5.30342,6.04683
4.67141,4.29912,3.68559,5.12838,3.05321,4.99216,3.28592,5.76968,4.26443,3.78824
3.41173,2.56511,5.18354,4.47742,2.4484,2.39769,4.93936,4.22414,4.79048,3.45638
3.87285,3.25812,5.46357,3.12757,5.13826,4.70282,4.26702,4.04723,4.65025,5.70189
4.82522,5.73955,1.96571,3.32513,3.41635,5.97476,4.06123,2.33246,5.13709,4.83786
4.31979,5.7599,4.1576,1.95526,2.01509,3.72157,3.37782,3.1646,3.22291,4.22208
5.35203,4.85119,3.56026,5.16205,4.6356,3.78388,1.6634,4.39267,5.29708,2.68711
4.31653,2.30602,2.9319,2.9579,3.42223,3.04919,4.27177,2.48852,4.57709,3.78588
2.43923,1.45692,2.17877,4.70029,3.51904,2.64129,3.07528,3.27116,3.57103,5.01584
5.48211,2.75953,4.44367,3.00164,4.01041,4.89588,3.60119,6.04609,3.29712,4.85568
3.75455,4.22834,3.20656,5.38283,3.47788,3.98442,3.97668,3.42512,3.09682,4.15211
4.5789,4.72255,4.41071,5.28928,4.91764,4.71189,4.20314,3.97925,2.53402,3.06182
3.83026,3.41905,2.29574,4.61156,4.77175,4.05389,3.7795,3.56923,3.48681,4.44298
5.45723,3.87786,3.42493,5.88612,4.21395,3.44328,3.07302,3.74087,3.01259,2.24221
3.288,3.97188,2.96353,2.71616,4.22716,4.43135,4.95247,2.48412,3.66961,3.50716
6.32127,3.8223,4.38346,4.65614,4.72075,3.20986,2.56827,2.68707,5.32542,4.85229
2.96615,4.25425,5.28662,4.06632,3.15089,4.34984,3.22123,3.12651,3.34247,2.34388
4.09827,5.84186,5.52933,4.03647,4.24808,3.83288,2.16608,3.26861,3.95796,3.61184
4.48004,4.12918,3.63499,4.30912,2.4324,4.64758,4.33912,5.28164,4.13873,3.98169
5.32209,3.89608,3.22236,3.63275,0.949973,3.11495,2.74575,4.25768,3.14889,3.68409
4.44484,4.48458,4.21887,3.39542,4.67064,3.00002,2.33209,2.27662,5.2937,5.29964
1.06738,5.34881,4.99242,2.26289,2.77328,4.06427,2.80026,3.80632,2.16789,3.54486
3.96359,3.61732,5.02629,3.42763,4.30693,3.47654,3.4415,4.00357,4.61993,4.81386
3.50435,5.6131,2.64291,2.68089,4.96103,3.57895,5.51084,4.43857,4.08606,2.68505
4.22323,4.84799,5.24609,3.4392,4.84246,5.5972,3.3933,3.9903,5.13803,1.81957
3.04454,3.84318,4.22756,3.77498,1.58513,2.73378,5.49919,6.10054,4.7096,6.03588
5.3232,5.29104,3.80143,5.05353,3.09994,2.93967,5.35055,5.82249,3.99933,3.17788
3.66442,3.89724,5.02974,4.27328,4.67274,5.27683,3.69036,3.49921,4.42481,3.75766
4.03603,4.44951,4.4174,3.5557,4.3295,3.651,3.78787,4.5806,3.22688,4.84936
6.05826,3.93598,5.09365,3.98912,4.0933,4.12694,4.41768,4.99865,4.88324,5.12872
5.82797,3.39311,2.58966,3.03462,2.36246,5.05714,4.06798,2.46683,5.03294,5.489
3.64443,4.48301,3.56826,2.68841,3.80338,4.21054,3.1809,4.90367,4.88955,4.81705
3.50601,3.57647,3.85994,4.22521,5.14051,5.53882,5.14213,4.37378,3.99104,2.24567
3.18608,4.10961,4.67901,2.2607,4.31531,2.941,4.65501,5.59902,5.06087,3.97086
4.12836,5.75864,4.27959,4.04346,3.80111,3.89944,4.77491,3.70168,5.72926,3.99979
3.33764,4.87945,4.149,3.93961,5.29623,5.0701,4.42409,4.37578,5.03333,4.44019
5.25987,4.00018,4.59682,3.29741,4.96329,3.44507,3.87409,3.89358,6.03198,4.77989
4.13844,3.49215,3.43107,5.44238,3.21121,4.51386,5.07556,3.61956,4.70161,3.39037
3.01843,5.01994,2.4954,4.33915,3.99121,5.51811,4.41832,3.74273,3.23016,4.52679
3.97837,6.41414,3.51308,2.79523,4.24975,3.66338,4.19593,4.696,5.25994,4.35042
5.24236,5.34183,3.74253,3.54938,1.82967,3.01326,4.68468,5.04506,5.1263,3.96053
4.08282,4.42972,4.13524,3.50589,4.39195,6.09942,5.03339,3.2536,3.06553,4.45144
5.71589,3.64578,4.44183,4.64026,5.52094,4.24248,3.75278,2.42468,2.99422,2.37162
2.48723,3.90218,3.77973,3.46655,3.35869,4.5622,3.9256,4.75379,2.8683,4.3063
3.17045,4.38076,2.80121,3.70083,3.18221,4.12715,2.8509,2.71144,4.0648,3.2397
5.32722,4.59529,2.96658,3.89214,4.14094,4.12467,6.51005,5.39421,3.89608,5.45015
4.45666,4.06489,5.86414,3.2876,4.62637,5.8763,3.19206,6.60796,6.57809,4.80183
3.37957,3.42791,4.15466,4.60843,3.47811,4.0574,4.36897,3.32046,3.22992,3.95705
3.42149,3.91527,3.85372,3.63895,2.24442,4.90189,5.19259,5.21397,5.94132,4.8445
4.05975,3.63158,5.03343,4.05859,3.22764,2.8936,2.0934,3.95438,4.37452,3.34535
3.87209,4.33868,3.88181,4.49719,4.25641,3.63868,4.49504,3.4034,4.22738,4.53592
4.40397,3.55791,4.39814,4.45734,1.79294,3.43703,4.36433,5.5666,4.24321,4.44838
5.35457,3.97196,4.41602,3.39194,4.65067,5.20225,4.25082,3.50385,3.94093,2.88638
3.80221,3.85561,3.98501,3.19444,3.40234,4.73364,3.46057,3.66707,4.02527,3.51713
4.71805,3.15547,5.47001,4.30784,3.40435,4.38351,2.19168,4.69512,2.31014,3.23465
3.34896,2.86748,6.00446,3.96406,4.18965,3.18298,5.7759,2.34322,3.44925,3.85262
3.50905,5.83904,3.82308,4.72579,5.205,3.32201,1.91319,3.39914,3.43296,4.42089
5.46192,3.94787,3.88449,6.97726,4.90457,3.27568,4.51279,2.47156,3.88128,4.36936
4.21967,3.99577,4.85601,4.18245,5.83476,4.87191,4.41796,4.61291,3.71424,3.88104
5.1921,4.72513,1.41658,4.83314,3.40414,3.89682,5.27958,5.235,3.32719,5.73799
3.89402,3.59462,2.13199,3.44285,5.10556,5.90624,1.51267,3.57766,4.52229,2.82247
2.2097,3.7766,5.74491,5.54761,4.49787,4.68788,3.78016,4.50466,5.03863,3.32091
4.5667,3.31324,4.01419,4.15625,2.93315,2.50425,6.53099,4.636,2.33731,3.56907
4.31532,4.32642,3.46701,5.61373,4.5835,5.09655,1.99546,3.76932,3.16071,3.96889
5.81625,2.87441,4.11746,5.07609,3.79269,3.50883,2.31488,1.69443,3.87489,4.94465
3.05834,3.08638,4.91454,3.08732,4.94549,4.67481,4.08391,5.23345,3.75348,4.94832
3.64192,3.72281,4.62073,4.63707,4.97747,3.57075,3.14747,4.98132,3.21089,3.22714
6.00743,4.23584,3.04412,4.49613,5.2182,3.02037,4.23268,4.07898,3.30878,4.60236
4.71667,3.42983,3.93575,4.45483,5.42086,2.99631,3.1914,3.66031,3.84827,3.42836
3.83195,2.44776,3.38634,5.23338,3.72076,5.29002,5.34773,4.62537,3.11486,3.30423
4.46082,3.56018,5.13906,4.06995,3.71373,4.26164,3.86836,2.94593,4.76794,6.0297
4.05553,3.34787,6.23129,4.68807,3.73893,4.63192,3.0863,4.49049,4.98393,3.66062
4.89826,2.96401,4.19768,4.83834,4.08891,4.39409,4.71229,3.98034,5.7977,4.17813
3.76528,3.48398,3.892,4.90112,3.72244,3.005,4.11434,4.10232,2.92697,4.23212
4.19807,4.00357,3.99044,5.13433,4.84546,3.03649,5.82536,5.35222,4.48235,4.97525
3.54191,3.0033,4.53707,5.41069,5.20759,4.26686,3.56903,4.96314,2.56396,3.73484
3.6816,4.18046,4.01416,5.16724,4.01568,3.57126,3.63434,5.3347,3.60812,4.94144
3.20996,4.63728,3.62217,3.94904,4.65971,4.05158,3.49692,3.63203,5.21365,2.87227
2.40198,2.94932,3.17563,4.2338,3.57467,3.88909,2.82008,5.08868,4.32616,3.11185
3.23144,4.37647,2.55163,4.21405,3.84689,4.36871,3.79302,3.39503,3.5949,3.50151
3.65158,1.97095,2.84121,3.02456,2.40283,4.51473,3.15457,2.41295,5.47572,5.51323
5.43751,3.9192,4.65865,4.40384,2.10285,3.329,1.13566,3.49739,3.11537,4.27069
3.75829,3.52632,5.04158,3.26887,4.56365,4.11068,3.80266,3.88573,3.38723,4.70519
4.40499,3.23383,2.64526,5.02934,3.58711,3.77166,3.235,4.14262,4.07416,3.37876
3.69606,4.07915,5.54275,5.10209,3.51346,4.45531,4.63654,4.17608,2.51183,3.39633
4.46301,4.75214,2.51384,3.33279,3.88217,5.63288,3.68787,5.60907,2.87251,4.117
5.55421,3.42491,2.3712,3.53037,5.60924,1.73179,3.47369,3.24141,3.13015,4.15309
2.93941,5.65647,5.78066,4.92746,4.12752,4.92116,5.40033,3.32941,3.33302,4.08991
3.01527,3.62488,4.66175,2.93619,2.53771,4.7388,4.97585,4.81795,3.19377,3.46835
4.33532,2.55005,4.82451,3.5364,3.24969,6.44947,7.4609,4.06682,3.81914,3.31347
4.28767,3.08052,3.53579,2.75195,3.51907,3.21562,3.03282,5.39409,3.89483,2.44631
5.15681,2.34626,3.99245,3.96771,3.59154,4.03474,3.5449,5.22942,3.07688,2.97789
5.14501,5.1658,3.74242,4.18844,3.37411,4.76356,2.74295,3.54772,3.3789,4.50591
3.7646,4.05036,4.58401,4.36286,4.64192,3.76396,4.09812,4.02546,3.51029,4.90349
4.15335,4.63274,3.94702,3.94912,3.36971,3.55144,3.30998,3.7378,3.9079,3.85238
3.72847,4.78717,4.51871,3.68912,4.48108,6.93734,4.16573,2.91109,5.49103,2.58602
2.38202,3.00333,5.35213,3.3691,3.129,4.76851,4.3802,5.76057,4.58964,3.46966
4.26827,3.90134,3.80538,3.09678,6.86621,5.11552,3.65677,5.70531,4.36408,4.14818
4.80402,2.88767,4.35849,3.68197,4.55727,5.00928,3.56402,4.23858,2.2682,3.86472
3.30621,3.35276,4.69534,5.20315,3.59643,4.67094,5.04634,4.69284,2.78441,3.89276
3.84689,3.52711,4.44629,5.36236,5.25818,2.08738,2.65209,5.64143,3.71143,2.16491
4.43045,5.9792,4.26478,2.53929,3.52754,3.05699,4.12938,5.27275,4.26885,3.8811
4.34396,4.93265,5.10277,5.23628,3.22293,2.58099,4.87005,2.53805,4.33046,3.69511
3.85539,3.68106,5.25693,3.87524,2.39132,3.25259,3.26671,3.4428,5.16331,4.3049
4.19781,4.75199,4.37079,4.12773,4.53145,4.4604,3.1675,5.06758,1.40699,4.3715
4.82105,4.01729,5.52126,5.54283,4.96627,3.62276,3.49235,2.94991,3.80141,3.46879
6.11425,4.60147,4.61254,1.51271,4.19388,6.77119,3.64742,2.04126,4.14073,3.44266
2.85239,4.84968,5.04117,4.08722,3.94315,4.37622,5.1024,4.24432,6.88388,3.13518
4.50465,4.97037,3.25092,3.06607,3.83382,5.54327,4.37334,3.64788,4.18794,3.41287
4.76347,2.7984,3.00796,3.59324,4.70941,4.6814,5.09706,4.17975,4.91935,4.56944
5.47265,4.70405,3.76278,4.81731,4.25099,3.79946,3.94835,4.53784,2.3337,1.65318
3.29886,3.99389,5.36716,3.017,3.37371,6.45121,4.31365,4.92588,4.11924,4.48237
5.84204,5.313,5.43312,5.60478,3.482,3.01952,2.58251,2.73992,2.20215,4.46324
4.13792,5.26843,2.3333,3.25,4.07236,4.19857,3.30202,3.77462,5.02229,2.99684
3.3891,3.64966,3.96196,4.68573,4.15379,3.82548,4.60376,3.78793,3.90767,3.94404
4.77891,3.93492,5.18589,4.84217,4.89073,5.23069,3.76305,4.21929,3.58681,3.79671
4.388,4.15725,4.83554,3.72059,7.16491,3.79575,4.50856,2.43702,3.05139,2.52841
3.25667,4.07702,4.33832,3.17321,3.77631,4.16937,2.66168,3.842,4.25181,4.07767
2.85808,3.30942,4.22607,3.64489,4.65053,3.46466,5.98758,5.4804,3.30954,3.97799
5.19996,3.27695,5.12943,3.57581,4.1732,4.16041,4.43846,5.51632,5.65927,3.11919
3.28175,2.84636,3.47348,3.18362,3.61724,4.34907,5.57544,4.222,3.72184,5.13994
4.63061,4.25502,3.68426,3.43234,5.17267,5.37344,4.3339,3.54559,1.67409,6.63941
3.88535,2.95207,5.36632,4.39102,4.60491,4.09643,2.52167,3.59663,3.95583,5.56164
2.95335,4.80616,4.34271,4.44072,5.11862,5.16413,3.54245,3.26958,2.88348,4.00933
1.94008,4.53891,2.68305,4.69908,3.82649,3.57723,5.61643,5.70196,4.17793,3.39987
3.86938,3.81102,3.86858,2.23041,4.48225,6.70837,3.89391,5.83529,2.94402,3.73976
2.76297,5.42743,3.03014,3.64201,2.75439,5.2077,4.56066,4.78192,4.72797,5.8237
5.75667,4.05879,3.74395,4.37919,3.81347,2.44997,4.4193,3.75241,4.46972,4.57973
3.11874,3.75778,4.59688,4.37255,3.78974,3.59006,2.67,4.1671,3.94057,2.59314
4.3428,2.70624,4.75976,4.01453,3.55941,4.01309,3.98247,3.19261,4.4541,2.72469
4.28202,2.59866,2.88489,3.72059,3.37793,1.84779,4.14576,4.37384,4.14615,4.88717
4.14381,3.97926,3.76493,3.47863,4.40217,3.45609,3.49497,6.08057,5.00158,3.63179
4.72747,3.51195,4.12911,5.39167,5.54114,3.79941,2.86066,4.7106,3.00209,3.72436
5.737,4.31051,5.1076,4.74225,3.76927,3.40978,5.46936,4.85747,4.46901,3.43524
6.40296,3.84335,3.73589,4.75509,3.04194,4.12636,3.74831,4.51281,4.73089,3.13097
2.49287,4.82306,4.80442,3.03458,4.07599,4.03192,3.15357,4.62296,4.70209,4.2899
5.3761,2.58794,3.10829,2.16917,2.94732,2.85777,4.26539,2.38304,3.74093,2.26335
3.37012,5.17032,3.54224,4.04937,2.96743,5.07889,4.34704,4.88159,3.09945,7.36669
4.58388,5.04527,2.2091,3.89194,4.74274,3.02547,5.19961,4.56304,2.83873,5.04588
5.32637,3.86529,4.0655,4.39798,3.83366,3.61464,4.61048,3.04366,2.53452,2.79669
3.01304,4.78883,4.18313,1.40554,3.737,5.39929,4.12569,5.57255,4.76427,5.74715
3.55415,4.29724,6.43852,3.90241,4.27288,5.49305,4.51073,3.87641,2.4702,4.8712
4.58613,4.65398,3.39454,5.86723,3.74794,5.24363,3.92378,6.16285,3.239,4.95629
3.70253,4.48284,4.05501,4.2382,5.4672,4.66811,4.23448,2.84627,3.01846,3.78721
4.81178,6.88477,4.86058,4.50473,3.47412,3.58775,3.27701,2.89145,2.7374,3.99077
2.51402,4.09136,4.38662,3.7801,4.79841,3.32702,4.94945,3.1752,5.05778,2.96597
2.50554,2.31942,3.80439,5.47045,5.55529,4.90674,5.35427,3.72612,3.84367,2.39256
