10
4.06736,4.61598,4.40896,5.68286,0.834033,3.12494,2.06185,4.93389,2.4948,4.7815
5.00467,3.11617,4.75309,4.67718,2.25081,4.52575,3.02179,4.49363,3.97117,2.10572
5.12389,4.82954,5.45078,3.61778,4.87397,3.72906,3.38542,3.76429,3.98965,5.34056
3.11793,5.20184,2.37801,4.63577,1.8632,3.47317,3.79875,3.76109,5.30313,2.36437
4.099,2.31846,4.60583,5.0453,2.97279,0.865983,5.30941,3.03831,3.91291,5.33852
2.13857,5.23371,4.2144,4.39969,5.23754,4.13937,4.50534,4.61376,3.94802,4.15625
4.42679,2.8549,2.67381,4.42304,4.84181,2.42502,4.47447,3.69307,3.96036,2.69879
4.20165,2.28927,4.68084,5.2849,3.73796,5.73389,3.23979,5.10335,5.32291,2.47671
3.10873,3.59472,3.82988,3.62509,2.63315,3.93221,2.93884,5.05954,2.62465,4.54445
3.24367,3.05788,4.63698,3.85054,3.85418,3.00391,3.3185,4.54546,1.18275,3.78351
4.65743,4.90327,2.33533,3.94202,3.92334,4.75504,4.45983,4.58702,2.97916,3.6226
4.15062,4.10488,3.95565,5.24657,1.06519,5.32903,4.44373,3.72571,3.30673,4.30495
4.02934,2.90647,3.08261,4.7757,2.70351,3.00793,5.34934,4.04042,3.75435,2.69602
4.03498,3.736,3.14163,3.91904,5.07764,3.50373,4.76095,2.57603,2.03391,5.92311
4.68001,5.62002,2.85415,4.87149,3.44309,5.10712,4.54401,3.11851,4.94368,4.98032
3.89273,3.46865,4.67834,4.82477,5.24281,2.78739,4.3363,2.87243,3.11206,4.49994
3.52336,3.00482,4.62238,3.05732,4.99698,2.9805,4.04025,1.88087,3.70599,4.9273
2.32536,3.8011,4.27127,2.97196,5.11061,3.8068,3.31866,3.52004,4.141,1.95466
3.3418,4.00449,1.71557,4.14454,2.97907,3.39719,2.38388,3.71249,3.68133,0.388722
3.09947,4.29303,4.12078,5.00887,3.99623,2.62485,3.95314,3.69014,3.17909,2.7029
3.97069,3.24514,4.1385,2.96675,3.49908,3.79375,3.47242,3.35325,3.25759,5.01076
4.1746,3.26689,2.92632,4.83214,2.72416,5.48057,4.60512,4.19992,4.33752,6.1415
3.43074,2.93402,4.29161,4.65484,3.83161,3.06548,4.33455,4.59044,5.17893,4.40389
2.43139,3.58468,3.72321,5.76444,3.30944,3.96973,4.45278,4.97702,2.98024,4.51109
4.62021,3.4639,3.43278,3.10326,4.66864,3.35797,2.87358,4.74105,2.91722,2.97503
5.20285,3.55372,4.53482,4.45449,2.28328,2.35875,5.59169,2.57679,3.14854,4.59142
3.47319,5.51783,4.53696,3.72189,4.39236,1.77868,5.19968,3.82701,4.49022,3.46276
4.43161,2.68703,5.61056,4.18178,4.42256,4.70866,5.73972,5.14924,3.78629,4.9995
1.10017,3.68169,2.52436,3.36974,3.8569,5.63047,3.55477,4.94438,3.40942,2.48812
4.13473,2.79043,3.19182,3.49364,4.63059,3.93036,5.20029,4.72051,4.09374,5.59924
3.99365,5.38779,1.9201,4.46024,2.59869,3.93588,4.61789,3.25139,2.69961,1.01591
3.80536,5.48462,6.52098,4.26272,5.49251,4.47975,2.93884,2.9334,3.84664,5.06506
3.51731,4.12331,2.81767,4.21527,4.67671,2.92612,5.41585,5.43563,2.84905,3.97694
4.63376,4.45793,2.9158,3.60343,6.54674,4.2774,3.62785,3.85187,3.17224,3.94141
4.78007,4.83366,4.65588,3.93997,5.15285,4.96118,4.02719,2.18787,4.04603,5.08203
3.52425,5.88213,3.4724,3.93346,5.29202,3.11499,5.17755,4.85691,3.54068,2.60285
3.79379,7.00464,2.27634,4.28665,5.24641,3.97122,4.91402,3.2674,3.77018,2.9932
3.61068,4.53688,5.06543,4.39727,4.29882,3.54065,3.28109,3.89599,4.85764,3.4617
5.00929,4.51763,5.87561,3.61287,2.58386,3.63574,3.32926,3.75622,5.03874,6.28156
5.41827,1.9113,3.63574,3.28228,5.36219,1.8824,4.58628,1.62903,5.70669,3.02624
4.31023,3.70755,3.44012,5.1545,4.58695,3.61058,3.92866,6.1684,5.21649,2.28836
5.18334,4.74494,3.11395,3.3331,2.71051,3.57033,1.78233,3.3976,3.36483,4.47057
2.88402,3.85554,4.5339,3.18371,3.64672,5.23904,4.34133,5.74602,3.41784,4.04802
4.38298,3.26492,4.17344,3.06018,3.89352,3.84735,3.21075,4.43267,3.36035,5.00862
2.90435,5.9723,3.74519,2.54,3.42131,3.59745,4.00313,1.68129,4.2771,4.55521
4.73417,4.92401,3.51356,1.72942,4.03743,5.35026,4.56018,3.89614,4.1935,3.76818
4.97339,2.7737,5.01221,3.91236,3.43757,3.25613,3.33291,3.65182,2.80627,4.41355
4.72076,3.46452,3.24366,2.5706,3.15316,5.52225,4.27602,3.25671,1.93608,3.36397
4.27934,5.21749,3.45449,4.22777,3.88273,3.53781,4.00773,4.43519,2.76776,3.91077
3.20984,2.31573,4.53948,3.51849,4.39812,2.94393,5.36065,3.1722,4.02233,4.40204
5.41567,5.65484,3.94535,4.71249,1.75061,3.69288,4.91051,6.17294,2.61727,5.21542
4.72547,5.26408,3.64516,3.85342,5.18697,3.67155,5.76021,4.02147,4.41082,3.91239
2.82091,5.81925,4.21391,3.38268,3.95184,4.83802,3.62736,2.93904,4.88549,3.76656
2.40589,3.93616,5.46827,5.02165,6.29502,4.69444,5.94719,3.96193,2.20096,4.15874
3.49486,4.27499,4.54303,4.63905,4.42851,5.52457,2.92761,3.86752,2.83621,4.37394
3.72341,4.52278,2.69706,4.83475,4.88813,2.15244,3.7706,4.13754,5.13278,3.52768
3.1404,2.5838,4.58767,5.10218,4.5176,4.86453,5.00063,3.93424,3.35255,4.87424
4.1184,4.46212,6.03309,2.45267,2.0111,1.18211,2.82569,2.49897,5.01946,4.27847
4.66246,3.62123,1.85728,2.37189,4.04928,4.67989,3.28897,3.39693,4.12286,3.24673
4.61748,3.45357,4.71904,4.19765,4.1671,4.00797,4.0763,5.1318,4.85068,5.49259
3.21887,4.64784,4.3448,3.45429,5.06019,4.0494,4.57282,3.61168,4.50995,4.06461
4.5747,4.02966,3.2636,3.65673,4.40481,3.27457,4.73718,4.77093,3.57275,3.30334
4.24798,5.8884,5.50107,2.64483,4.5012,4.19296,4.1742,2.33038,2.99896,4.67931
4.7917,5.49168,4.13081,3.51779,3.82475,4.28868,2.98536,3.95829,3.82349,4.23411
3.98271,4.90759,3.7876,3.30433,2.7909,5.11166,4.08621,4.22037,4.89534,1.70451
4.03334,5.15549,4.01831,2.10003,3.98352,4.46904,4.88489,2.46234,2.16677,5.18284
4.35124,4.96332,3.31911,4.81647,5.84746,4.82439,3.56988,4.07385,4.8055,2.89018
3.36059,0.782895,5.2157,4.10392,2.91251,2.65038,4.65918,3.38822,5.61221,2.99896
3.75099,5.91299,4.49722,4.12074,4.14952,3.23857,3.01232,3.52871,2.72866,3.82302
4.6713,2.70567,4.42213,6.27705,3.01814,3.54679,3.23767,4.65838,4.15558,4.75006
3.71267,3.21574,3.34676,3.48927,2.70862,4.4439,3.90792,4.57149,3.13597,4.36803
3.73791,1.65828,2.54806,3.67445,4.60269,3.21815,3.64546,3.84987,3.69122,2.90794
5.23968,3.11829,3.17477,2.71422,4.15409,4.64251,5.95415,5.74482,2.89671,3.19339
3.55066,2.54895,3.79398,4.29195,6.67849,4.89353,3.40852,2.90161,2.86933,4.83029
4.20445,3.65952,4.57798,1.31861,3.0735,5.24776,1.44604,4.22542,3.16624,3.73779
5.18971,5.57063,3.82692,4.79661,3.91349,4.31338,5.41466,3.97318,4.74518,5.35891
4.21764,4.91697,4.84542,4.19679,3.67312,4.33055,4.79448,3.39061,5.07277,3.92899
4.85122,5.07366,2.91943,4.75257,4.5935,4.72556,3.58204,4.81606,3.92799,3.80264
4.00372,4.82535,5.58995,3.21697,2.34561,3.45507,4.20821,3.0813,4.7336,4.3648
3.90265,5.89201,5.54613,3.25448,2.74818,3.83442,3.39442,4.14528,4.53187,6.1897
4.81083,5.4199,3.81194,4.10495,4.96685,4.49163,4.40762,5.02357,3.65919,5.227
5.79147,4.51824,4.6672,4.0721,3.47669,6.15524,3.83382,1.82404,2.35476,3.3198
4.24519,5.49826,2.35372,4.71091,3.60968,2.38026,5.0642,3.3496,3.51178,5.58538
5.45916,3.58787,5.6392,4.56802,4.17686,3.01739,3.45685,4.08358,3.52799,4.34406
4.28766,2.74311,6.00634,3.08458,2.84186,4.60863,3.79586,2.26738,4.74512,3.65206
4.6954,2.46643,2.24416,4.00099,5.74939,3.96891,3.3641,4.36701,4.13043,3.28508
3.83348,3.79884,2.86959,5.25566,4.54927,4.64952,4.02362,4.06069,4.46234,3.76331
1.71328,5.63628,3.51884,5.55541,2.29994,4.68577,4.69455,5.00019,6.55521,3.78234
3.29176,5.75293,3.09141,4.47488,4.37449,4.38807,3.36589,4.46728,3.39559,4.65121
3.8041,3.79204,4.01598,5.15617,4.17889,6.61622,4.812,5.98432,3.38813,2.87775
3.97675,4.72278,3.49921,4.17604,4.05871,3.80807,6.45067,5.38785,5.35164,5.75127
4.57737,4.25844,3.24985,3.13237,3.44403,5.70809,5.21669,4.46877,3.1577,4.50766
2.89642,6.9082,2.89759,4.15105,4.86959,2.99111,3.08357,4.20842,3.86956,3.61946
2.92248,3.26057,4.6694,4.06858,1.94287,4.51761,5.28746,3.54519,2.10128,5.38101
2.67011,4.65124,2.64649,3.46425,5.5671,4.69348,3.92155,5.632,5.28343,4.94213
3.08433,3.61815,4.70124,3.3952,6.11126,3.43227,2.80007,3.45069,4.80108,4.30239
1.37336,3.02607,4.33439,3.90027,4.45796,4.32713,4.81873,3.45189,4.14364,4.83193
3.80049,3.15742,5.47696,4.06137,3.58308,5.85784,3.62906,5.16987,2.53428,2.63753
3.22949,4.17277,3.57219,3.78209,4.06533,3.96927,2.76514,5.1965,3.56681,2.57683
2.95852,3.12097,4.55958,1.95266,4.24303,4.63528,4.54606,3.97889,4.71277,4.3416
3.9939,4.38163,4.84745,2.57216,4.22675,3.99433,5.90575,3.57219,5.41803,4.33877
4.176,4.65163,5.02005,5.4243,1.9317,5.79487,3.24728,2.93188,4.11335,3.32335
4.24694,4.94423,2.75839,4.51822,3.37384,2.66567,3.93992,4.45722,3.27378,3.22675
5.06242,4.31975,5.4137,4.60057,2.97968,4.11933,3.47568,5.0744,4.42489,3.45224
3.01177,5.14679,3.60956,3.61699,2.87564,3.05749,3.0961,4.68748,4.81954,4.98735
4.90011,3.15667,1.58493,4.97551,4.32655,4.12073,4.57449,4.55133,3.46922,3.70754
4.74424,2.69237,3.16394,2.97585,2.97261,4.49215,2.66355,2.93009,5.08746,3.85876
1.62761,4.60744,2.49709,4.57455,3.23038,4.88488,4.41448,5.17146,4.88793,5.73973
3.6223,3.21414,4.77496,4.92366,3.10264,4.04989,2.05185,3.61774,5.52741,2.17812
3.30107,3.89031,4.0427,3.90975,4.59725,6.08998,4.59747,5.63282,2.83335,2.43358
4.1059,2.8859,3.81574,5.38052,5.29499,3.62615,3.50186,3.54021,4.04725,4.21742
5.37307,4.80421,3.33069,4.60073,4.84202,3.77432,4.43884,3.12943,5.19629,4.63672
3.50873,2.94001,3.37973,4.73866,3.9624,6.33034,2.58093,3.64583,3.50414,1.16108
4.41542,2.67168,5.13553,3.61055,3.29612,3.21863,4.90549,3.08812,3.36406,4.08083
2.30364,5.28082,5.0327,4.543,3.71761,2.31763,4.64727,3.48843,2.74936,3.05107
3.38464,4.80507,1.95381,3.83215,3.05264,4.61354,4.97881,5.2949,4.79265,4.99553
3.77903,2.8017,3.44351,3.88256,1.98041,3.8973,4.31692,4.72821,3.62356,4.40313
4.52339,2.47408,4.73316,2.99967,3.27371,5.28082,3.94301,4.11139,4.88345,3.45598
2.66482,3.5827,3.97062,4.3323,3.44268,2.15589,2.7577,5.23752,4.40926,4.24457
2.97624,2.83563,2.83552,2.95344,3.84741,3.0423,3.6698,3.30774,3.96583,4.29375
2.4624,2.44144,5.45981,2.96993,3.4033,5.63126,4.93234,3.83468,3.87994,5.03155
5.37956,3.82401,5.62421,4.08363,4.2681,3.98592,2.87298,4.50002,3.95892,3.60469
3.43871,4.29086,4.9271,3.01263,5.12895,1.96668,2.18026,3.17912,3.81177,4.40714
5.50071,3.88758,5.34542,4.45389,2.98433,3.62206,1.76251,3.71123,3.49079,4.67015
5.45917,4.97896,4.25133,2.59868,3.28422,4.92846,3.18914,3.60331,4.50454,3.14955
4.07934,3.99672,4.41349,3.35002,2.96685,4.83637,3.84301,3.17705,4.38777,3.91555
3.55838,5.87642,5.69296,5.64385,5.62762,3.36543,5.14899,4.39716,4.77761,3.52771
3.40128,5.17827,4.21269,4.69823,5.79681,5.06865,3.87853,4.55098,3.85938,3.37497
4.41394,4.37165,2.41329,1.68249,4.47046,4.64498,5.29885,2.32968,4.09532,4.22363
3.73804,4.64397,3.80922,3.50762,3.47092,4.40156,4.1396,4.1818,3.46177,4.3591
2.75913,3.82396,3.76984,3.58803,4.83443,5.64261,3.12086,5.06689,1.45402,4.93216
3.43873,5.48351,2.5336,4.06871,6.61307,3.51484,2.40198,4.34829,5.38577,3.35985
4.53485,4.82118,4.27658,2.8736,4.19322,3.84803,1.87979,4.05591,4.63699,3.44495
4.7182,4.30236,2.99252,4.63082,3.95492,4.16865,5.13088,2.62945,4.00821,3.57628
3.62678,4.0091,3.72918,2.86807,4.62672,4.20799,5.15403,3.40598,2.86774,4.52286
5.57201,3.86982,4.91758,5.35864,3.65634,4.04881,7.00956,5.18637,4.6678,4.49514
4.50362,3.22818,2.45315,3.21819,3.01444,6.59464,3.76442,5.36393,4.19115,4.95679
3.3331,3.51166,5.16644,5.58043,2.34491,3.91949,3.79365,3.82751,3.34982,2.72177
1.87204,3.64789,5.01281,3.41777,6.24953,4.76559,3.19461,2.25957,3.78971,5.22249
3.59531,2.32744,4.39175,1.68739,2.83637,3.84969,5.41426,1.90308,3.96016,3.82525
4.03733,4.2938,5.64405,3.57052,4.17431,4.9549,3.70505,3.86741,3.44234,4.69545
3.68955,6.18851,3.13996,4.1288,4.9961,3.21966,2.45008,3.22408,5.48511,2.63128
5.49024,3.29621,4.18255,3.40477,3.32889,4.28827,3.88439,2.32473,4.79857,4.32446
3.61119,3.91534,4.35328,3.20961,4.54833,4.56763,3.26596,6.0033,3.98189,4.09409
5.34998,2.27166,5.19471,3.31602,2.866,4.51394,4.68313,3.43454,5.1904,4.87528
2.91226,3.18893,2.78553,4.03153,4.76798,4.42778,2.61128,4.25074,3.40697,3.43975
4.8694,4.526,3.6668,3.79278,3.71378,3.03271,2.87701,3.40212,3.41592,2.97671
4.7289,3.0643,3.43236,5.17458,4.035,2.82771,3.53551,2.98262,5.1646,2.38449
3.08285,3.74222,4.6627,3.28616,4.55262,3.12092,4.87566,2.23089,4.02467,6.28038
4.23072,4.33395,4.59395,5.96885,3.2822,3.03448,2.31633,4.49775,4.14677,5.38615
3.57276,4.52778,3.69682,4.86108,4.11879,4.35869,4.22798,3.53135,5.11845,3.47202
3.95969,5.58042,3.16,2.6141,2.96332,4.93108,5.54535,3.86726,4.69971,2.48772
4.32173,4.15718,5.73738,4.97087,3.38449,4.12476,4.06406,6.40901,4.79185,2.2182
4.09988,4.10154,3.16071,3.00382,5.3738,2.71037,0.946366,5.54439,4.04757,4.93373
6.37946,4.64792,4.08659,3.26336,4.45916,4.82608,3.05663,5.43073,3.71709,3.05769
4.54347,3.82427,2.51143,3.40461,3.30332,4.66064,3.49032,3.58685,4.39766,1.6596
3.29235,2.33185,5.74026,4.18264,2.99628,5.53358,3.44889,5.0108,4.25082,2.22925
2.86265,3.94445,3.27711,1.769,1.95274,4.07356,2.23232,3.55981,3.55992,3.52008
2.98503,5.64476,4.01563,3.20324,5.14978,4.52993,5.40948,4.008,4.01115,4.34787
3.70249,3.22534,5.76427,2.97757,3.45923,4.59168,3.66009,4.61315,4.65548,3.45372
1.97621,5.3761,3.8522,2.95237,3.59518,3.55066,4.38325,4.00464,3.34743,1.41011
4.21746,4.98926,2.73618,3.75128,3.405,5.42883,4.37789,2.63092,2.38015,5.25057
3.02642,2.86997,3.74138,4.92163,4.26039,2.99053,4.39117,2.36356,4.47032,2.77828
3.90655,3.31824,3.37996,3.34987,5.33687,2.55525,5.04902,3.67635,4.20351,3.11141
3.30539,4.34339,3.15058,6.01676,3.08503,2.94694,4.712,4.76686,3.94975,4.02762
5.43595,5.07227,3.96121,4.07716,4.52791,3.80915,4.39699,3.05745,3.37175,3.18679
3.12386,1.2702,5.13167,4.07448,3.14626,2.91995,2.46731,3.24521,4.83171,4.39701
3.51466,4.88149,3.54083,5.27031,4.17179,4.00487,3.84428,4.08102,2.95647,2.83221
3.30741,3.20192,4.77061,3.21168,4.16669,4.49527,4.28143,3.91017,3.13356,4.03326
4.47874,3.6271,4.58334,5.77745,4.11086,4.81562,3.01492,5.27238,5.24965,4.40787
4.29873,4.15337,4.78456,3.36438,5.41395,4.94553,5.27282,4.78468,4.40209,4.40297
4.76413,4.2361,4.00467,3.59957,2.22595,2.67186,2.51937,5.48064,4.24804,4.33153
4.96835,4.00406,5.96367,3.79678,1.66909,5.08872,5.51768,3.06726,4.29658,2.91281
2.73182,3.03989,4.31248,4.1544,4.55206,3.90638,2.7528,4.14192,2.6265,4.73651
3.9086,3.83899,2.50204,4.00519,4.43084,4.01257,3.26011,5.47135,5.27192,3.58789
3.8236,4.92322,3.9322,3.63656,4.29374,5.10377,4.78327,4.01169,4.11535,5.49589
4.2782,4.55666,2.57334,4.61742,5.57471,3.33357,3.06147,3.15819,4.38592,4.89246
4.98574,2.83607,3.17596,2.30279,3.05935,3.9334,3.97649,2.82913,4.37072,3.54895
5.34894,3.95535,3.70404,4.38441,6.02303,3.04705,4.98837,3.17647,4.17466,6.88592
2.36848,5.06536,1.95383,4.95428,3.54573,3.36255,3.74771,4.74242,3.11843,4.69555
2.79935,5.53372,3.97811,5.20383,3.41938,4.25086,4.39918,3.88924,3.97712,2.89138
3.49057,4.45754,2.6557,2.75422,5.73847,3.35761,2.70328,4.75498,3.53353,3.07741
3.60071,3.75497,5.07339,2.70555,3.43542,4.73092,4.94074,4.69234,2.98634,2.81523
4.8927,3.50334,5.35488,3.50234,3.0722,3.26738,4.40352,3.36716,4.49717,2.82502
2.58131,2.604,2.61053,3.17879,5.06198,5.21399,3.55726,3.801,3.8404,4.82806
3.0419,4.75625,5.21071,3.59876,4.4572,3.38978,1.92241,3.81703,3.74718,4.30331
3.57841,2.75006,3.4336,4.18755,2.46641,1.87844,4.71369,4.93978,5.121,3.52031
3.6156,2.12221,3.85866,4.42605,6.02572,4.96468,4.00402,3.37272,5.41985,4.3372
4.53007,4.10846,5.42671,2.67008,4.05028,5.65594,3.59768,4.54006,4.54652,4.6102
5.83906,2.9339,4.56483,5.20559,4.39286,3.52296,4.8867,4.16688,5.24271,4.96779
3.42894,4.1669,4.48437,3.98591,3.69165,3.16176,5.20626,6.08801,4.24335,3.94662
4.61109,4.003,5.41746,3.75236,3.87889,2.83079,4.07126,4.61792,5.56801,2.68473
5.55872,3.93027,1.99555,3.27977,3.0502,1.24845,4.76964,2.46259,6.13275,6.41672
3.61442,1.65006,4.24061,3.23672,5.8467,4.74673,1.80837,5.26223,3.80051,4.10782
2.4266,4.42919,3.87099,5.07114,5.12274,4.28355,4.57543,4.97198,3.7904,5.55783
4.40707,3.06196,2.28772,4.33798,2.21741,3.72289,3.87,2.88502,6.41834,4.61284
4.22174,3.39381,3.42328,4.40438,4.40141,2.88418,3.94903,3.20988,2.03869,3.36994
2.42418,3.6626,3.88103,2.29132,3.8791,4.48076,6.28047,4.00865,3.69551,6.01626
5.0248,3.76714,4.54182,3.93444,4.35233,4.55583,4.77878,2.32609,3.20243,3.98443
5.60702,2.79458,3.22221,3.78729,3.39158,3.04675,4.67833,4.37934,2.37991,3.39379
3.07624,4.55923,3.7071,4.1053,3.99125,4.0472,4.45056,5.26401,4.34866,3.62459
5.83049,3.23666,4.31716,4.27686,4.58513,3.96008,3.79151,2.77172,4.93402,3.58732
4.43945,5.76012,5.16527,4.44466,5.39484,5.03399,4.00363,3.6786,5.44877,3.98776
2.21693,3.77218,3.83336,4.18555,3.87261,3.23965,4.61174,4.17196,3.75152,2.7261
2.35155,3.58069,2.22442,4.64786,2.989,5.75056,3.87838,3.53639,2.1821,2.60225
4.75093,3.81369,4.81961,4.15423,3.84262,4.76427,4.6135,4.32346,3.27456,4.46224
3.60844,4.86603,4.39277,5.4217,4.14739,3.17995,4.48131,2.97272,5.05957,4.16384
4.00222,2.84155,5.07309,4.68345,2.14282,5.97674,4.97105,3.71691,4.58621,3.7058
5.60531,6.63998,3.83993,4.79312,4.00814,2.46194,4.09062,4.72415,2.26838,1.61585
3.48426,4.26451,4.51008,4.29934,4.02697,4.99619,4.09557,4.52189,4.91294,4.66922
3.2447,2.8119,3.37696,4.40024,4.29839,5.54912,3.2384,5.01251,3.30373,3.33532
4.4438,2.83072,4.16068,2.6409,4.70714,4.45319,2.77252,4.43467,5.83737,3.70871
3.26719,3.09833,3.69438,5.07133,4.77336,3.6185,3.63396,3.53571,2.39438,4.40926
6.8451,2.71015,4.7797,3.42913,4.74519,3.68735,5.09553,2.10519,4.27799,2.72271
5.39305,4.12742,3.91797,4.45283,5.41799,5.16262,4.65558,4.55172,2.33488,4.92586
4.87407,2.90926,4.45397,4.16779,4.39577,4.30643,4.98739,3.696,4.9873,3.82578
4.7252,3.62392,5.57726,4.44612,2.46431,3.69407,4.37736,7.09837,5.74682,3.73996
4.90704,5.49475,1.82909,3.67352,1.67505,2.64203,5.71568,4.59731,3.99462,3.24667
5.44882,3.94975,2.87114,5.13515,4.77178,3.03367,4.3978,3.79333,4.63968,4.78033
3.61589,6.3853,3.77801,5.66162,4.54896,2.55971,2.51238,2.05467,5.04461,5.19136
3.74543,7.05174,3.45371,3.97308,3.23933,4.47642,3.91319,2.75454,4.61485,3.2541
3.2471,4.70634,3.05225,5.33882,4.14064,4.19398,4.45401,4.31464,5.05447,3.03974
3.65905,4.68071,1.91783,3.3567,2.77779,3.79845,2.83075,5.32158,5.16911,5.32707
2.81144,2.73917,5.51469,5.70992,3.86502,3.48275,3.24721,3.46897,5.00008,4.15304
2.89867,4.40726,1.17311,3.38285,3.75651,3.6586,2.66822,5.2578,3.04837,4.79356
4.065,4.15858,3.28176,2.47833,3.73818,2.7222,5.20753,2.94967,3.17777,2.28611
1.80521,2.93358,3.67841,4.87511,3.99209,4.05344,4.13068,4.20775,3.59968,5.98083
3.01583,5.21412,6.02156,2.49945,6.06716,3.87628,5.12202,3.93632,2.62918,5.29268
2.73508,3.12727,3.86754,4.7315,4.93493,3.44587,4.99379,2.96563,3.90294,3.73474
4.10401,3.77182,5.55195,4.52764,5.11381,5.09767,2.93085,3.65889,4.44751,3.86996
3.91356,4.11213,3.97324,4.35637,3.09794,3.95167,4.10786,2.0523,4.41534,3.29409
2.12977,4.78409,3.50819,2.82187,2.61618,3.34683,4.32904,3.60076,3.97146,2.00355
2.36157,2.7444,4.48441,3.16323,3.78076,3.10615,5.33416,3.6138,4.5504,3.33995
3.82338,2.91582,3.88999,3.32147,2.76539,4.02562,3.15998,4.25021,4.43546,4.54216
2.98017,3.59641,4.00531,3.39453,4.51384,3.01757,5.77431,3.242,3.5425,3.57059
5.0708,3.56795,3.11405,3.21805,1.88941,3.23298,2.25717,4.4949,3.22645,2.58673
3.40084,4.78645,2.81222,3.71044,4.47955,4.16448,4.38688,3.47515,6.88504,4.91216
4.85394,4.92339,4.16205,4.79363,4.57452,3.6964,4.41449,6.17771,4.44359,3.72338
4.29499,3.50407,4.66051,4.48016,4.5405,3.62437,4.43719,2.95605,5.41469,4.55568
3.06124,4.77697,5.27447,3.41593,4.07598,4.63033,4.95993,3.2474,5.07068,4.00855
5.71125,3.99625,4.08763,3.59828,2.9736,4.31093,5.17067,4.17887,1.70258,3.68305
4.8182,2.89129,4.11986,3.23206,3.24653,3.41777,4.43828,4.61147,3.28459,4.79926
3.03359,5.04006,4.05962,4.71286,4.41758,4.36032,4.36504,3.68918,3.57058,3.01705
3.27265,1.3714,3.58283,5.99591,6.16754,2.20529,4.39379,3.15129,3.82328,4.76329
3.8539,3.50915,4.06522,6.10903,3.26984,4.00476,3.35584,5.14475,4.82868,3.76745
5.92402,3.05491,4.08314,4.97794,2.37488,1.88219,3.84087,2.31161,1.86316,3.94937
3.77407,4.54202,5.1199,4.26041,2.9478,4.01403,4.20032,4.7397,4.1189,3.48204
3.20278,2.73734,5.5154,4.11119,6.33237,2.64135,3.37967,3.65905,4.65788,4.48105
2.89174,2.6586,3.44178,3.16869,4.25716,3.27516,3.17183,4.52468,3.49908,3.56834
2.90049,4.27539,4.66072,3.96308,4.68192,5.21484,3.98514,3.91041,4.7647,4.6868
2.66072,2.78576,3.67422,4.84757,4.72128,4.67135,4.42561,4.77053,4.48521,4.46265
4.52581,4.73253,1.64804,3.34669,4.12974,4.80075,3.81032,2.57058,5.09489,2.85484
3.38174,4.85193,4.74283,4.99083,3.91941,3.69368,3.86803,3.83803,3.94893,3.11659
3.36452,2.98983,3.60349,2.63904,3.69721,5.48342,4.33769,3.6683,0.989544,5.58521
2.99324,4.03205,4.06561,3.85238,2.71199,5.08769,3.80692,3.71122,2.75142,6.86989
6.00349,2.71202,2.45943,5.97016,4.19712,4.2391,2.55395,2.908,2.85254,3.79346
5.45601,4.17013,3.83573,4.74882,4.71487,3.80484,4.79266,2.8934,4.00246,4.53493
4.2423,4.94509,3.63726,4.92111,4.27574,3.00957,3.93761,5.27035,3.75484,5.21585
4.52107,4.74883,4.6983,2.98454,4.11678,2.43079,3.84117,3.78992,4.51572,4.5851
3.7084,5.41602,4.44989,4.28543,3.90832,5.22725,4.62681,5.54104,3.94618,4.51165
3.72494,5.23239,3.90469,2.19217,3.29408,3.94101,3.82353,3.54464,2.05739,3.5925
4.9221,5.81788,6.09788,4.72032,2.86485,6.13508,4.54643,4.73461,3.06735,3.66043
3.54985,4.78702,2.97759,5.37571,4.9683,3.19555,3.24645,5.62007,3.6443,1.82763
3.89411,5.15277,4.40837,3.59652,5.14496,3.03877,4.27738,5.81008,5.18164,4.7978
2.98188,4.10128,2.8289,2.17326,4.92373,4.58932,3.04583,3.30217,3.58788,4.75606
3.90165,3.97079,3.80828,2.04444,3.06767,3.89029,3.40754,4.31432,5.29998,2.76845
5.0103,3.61143,4.52346,5.45096,3.86312,3.61589,3.60843,3.57438,1.86839,4.93601
3.99326,4.7817,5.67077,2.0963,5.1975,4.39407,3.54769,4.72517,3.43763,5.95185
3.88238,4.87496,4.62178,3.75714,4.42469,4.23619,3.95432,5.06378,3.66272,3.48079
4.56511,3.57622,4.41701,5.20734,4.95567,6.11331,4.06881,5.18354,3.3543,2.81889
3.1081,3.97178,5.34713,4.64602,4.42722,4.43052,3.22695,3.11413,5.01745,5.74656
4.5525,2.5091,4.06149,2.87513,4.12058,3.57338,5.0872,5.04002,5.65042,4.05497
3.0171,4.89162,2.95667,3.17157,3.73745,2.56256,2.3551,3.37726,3.99955,4.23503
3.12566,3.58641,3.64858,4.67315,3.05954,3.87335,3.97165,4.31448,4.41642,3.54098
4.9334,4.50672,4.85948,4.23787,2.80385,4.08521,1.19891,3.80261,2.8288,4.6578
3.48161,3.78845,4.53533,4.46134,3.75577,4.13198,5.13796,4.29478,4.26092,2.87972
3.03702,3.44205,3.6325,4.59298,4.08829,4.99868,2.80373,3.34826,4.15591,3.80792
2.82509,4.13263,4.96866,2.90114,1.19425,2.51855,4.66081,4.18287,4.80223,4.22768
2.98684,4.5102,5.43545,2.84683,4.9357,4.60826,1.97698,5.39429,4.13646,3.87242
2.69116,4.18692,2.4008,1.66988,2.20031,3.60299,3.51972,4.90282,6.10537,3.38496
4.0896,3.80321,4.71489,3.44466,5.24943,4.25238,3.3993,4.99171,3.3568,4.14457
4.47051,4.18115,3.4193,2.61404,5.36579,4.18159,3.35566,2.34533,4.06206,3.02334
3.76516,3.48835,4.52388,2.92251,3.648,5.10462,4.66179,5.6253,3.52405,4.17849
3.68422,6.11484,4.26883,2.40983,4.8239,5.41586,3.68535,4.65377,4.28975,4.51235
2.75398,3.59403,4.325,4.01021,3.29411,2.92299,3.97632,4.01652,3.20799,4.19565
4.03344,4.56535,5.13473,5.87976,3.19284,4.20001,5.51776,3.78636,1.88323,5.09769
5.40928,5.08706,2.81247,6.09877,3.34715,3.99418,4.41218,4.59056,6.19186,3.44011
3.15528,3.34441,4.35043,6.58234,4.09223,5.00047,3.90392,3.3649,4.40619,3.99318
3.10367,3.07244,1.58614,4.6602,3.30275,4.60022,3.85805,3.22848,2.90656,4.29352
3.21366,3.91322,4.39514,2.90765,3.315,5.00146,5.31065,3.97404,4.44282,3.42599
3.67189,5.58087,3.54751,4.29127,3.34928,2.89611,4.23853,3.22253,5.67927,5.26866
3.58138,5.65226,4.68764,3.61489,4.95482,4.85534,4.94115,3.47594,3.80467,5.89502
4.18713,3.74577,5.06014,3.76948,3.80037,3.2644,3.87563,4.89555,3.81712,3.66154
3.75042,2.53864,4.36783,3.65017,4.29873,1.20125,5.95716,3.51274,6.10411,2.60049
4.53302,5.22019,4.40787,3.33415,3.97695,3.06552,4.69787,2.9036,2.84148,2.6272
5.15295,4.21074,4.24103,1.73001,2.66378,3.99029,3.34131,5.23898,4.27579,3.03643
2.83782,5.06813,3.68075,3.2964,2.79033,5.7297,2.71684,2.45606,3.36981,2.41415
4.78867,3.74431,5.14455,4.59899,5.71392,3.01763,3.85366,5.25957,4.09241,5.67693
4.6413,4.63442,5.84766,2.75863,4.11131,2.85574,5.059,6.50358,3.36156,2.76013
3.06669,3.89697,3.35172,5.34374,3.97775,4.23703,3.42823,4.67926,5.08959,2.27989
3.13988,3.46819,6.24345,4.2788,5.85498,3.68127,3.77906,4.64766,3.36617,2.95285
3.78852,2.52628,4.16948,4.31977,3.37215,2.73277,4.85701,4.39492,4.61613,4.61392
3.77606,4.26127,2.41971,3.98059,3.07916,3.5564,4.50241,3.99131,3.60519,3.93891
4.5967,2.75474,2.90536,3.69531,4.74682,3.3636,4.13515,4.05578,4.35984,3.26071
3.42534,4.89234,3.40842,3.91533,5.5984,4.07263,3.70219,3.56034,4.39893,4.4015
3.10283,3.20177,4.79191,4.88079,3.21804,3.96751,4.92885,3.59219,4.56572,4.27182
4.43708,2.81921,4.07798,4.5316,4.70226,2.81689,3.73219,5.4628,2.62544,1.96377
3.9723,2.78533,3.22469,3.09625,3.01253,4.61011,3.11141,3.83164,4.92727,4.0045
4.76253,4.86119,5.51187,4.16608,5.00897,4.294,4.16603,3.5916,4.18248,3.69846
3.06878,3.43732,4.47155,4.70679,5.35274,3.58362,3.74917,3.48897,4.30164,4.32457
5.13342,4.59362,4.73392,4.75555,3.3803,2.95365,4.62713,4.20828,4.25691,3.79206
4.17093,4.47244,3.93187,4.48773,5.39709,4.01358,5.10424,4.03255,2.91952,5.15723
3.34844,4.13515,5.37469,2.41793,4.58882,4.53882,5.95249,3.75737,4.92139,3.60196
3.07414,3.822,3.31154,5.117,3.12978,2.68179,3.52379,3.89851,5.73987,4.4313
4.41995,5.25721,3.43209,4.41613,2.62092,4.45496,3.68189,3.54376,3.71602,5.63699
2.14541,3.99253,1.83561,4.76584,4.42595,3.52985,3.47735,3.20879,4.45812,5.28911
4.83243,5.53983,3.91149,3.49715,3.69377,3.24061,4.66025,5.68769,3.30306,4.30374
4.30196,3.7129,2.60293,4.37939,2.69975,2.93253,3.2556,4.65026,5.06972,4.56645
5.35421,2.30604,3.785,3.4037,2.96009,4.48867,5.27947,2.39295,3.07491,3.30651
4.80009,3.9505,4.59954,5.37183,4.19351,2.73468,5.1326,3.26701,2.97872,5.86373
2.6915,5.81811,4.20472,4.42766,4.00675,3.50169,4.31552,2.93056,4.95333,6.47602
5.73131,3.66115,4.15336,4.46294,2.73464,5.05498,2.66314,5.06465,3.78042,4.60023
4.25428,3.4366,2.47968,2.72168,4.13716,3.586,5.03159,5.12987,3.80802,5.54037
3.11471,4.77745,3.25401,4.29547,4.27739,4.06609,5.30125,4.45309,4.74841,3.4984
4.14914,3.95995,2.49257,3.02339,6.67856,4.28207,3.49884,3.47188,3.50744,3.40802
5.13071,5.25786,4.99381,5.81259,4.10849,5.26795,4.97224,4.54083,3.29356,4.31284
5.28131,3.69411,5.05927,3.363,3.8888,3.84898,3.8298,4.50385,4.16224,3.40195
5.52203,3.55433,3.07377,3.99884,2.70868,2.42121,5.26555,3.47583,3.41012,4.35921
3.65034,4.17348,2.054,2.65926,4.85412,2.87117,3.70234,4.93723,5.25656,4.5533
3.18748,5.00232,1.94188,5.89274,1.45174,4.98549,4.54295,2.30678,3.06519,3.7094
5.76553,2.54516,4.3749,3.75036,4.17098,3.2958,2.92911,3.79919,5.19195,4.00655
3.50778,4.27994,2.98811,4.74351,2.77101,4.48503,4.00961,2.8526,3.81458,2.43383
4.50971,2.6645,3.9877,3.35561,3.1027,2.96965,4.82069,5.17001,3.72104,3.84286
3.63505,4.00884,4.51646,4.37714,5.59258,3.64885,3.69447,4.59062,2.59984,5.41767
2.54154,4.59856,4.02208,3.53696,4.34857,3.72314,2.78869,3.72215,4.19112,2.59495
3.81882,4.06409,3.21528,2.40219,3.45219,4.84271,3.58739,3.17442,4.71074,3.69854
2.73296,3.49569,3.05297,5.64364,2.68425,2.86859,4.88795,4.13638,5.12094,4.0889
2.66651,4.18858,3.28641,5.71476,3.13221,4.59021,4.03622,3.16795,3.4735,4.40402
4.57301,4.4608,3.45718,4.05945,2.93176,2.81366,3.30056,2.35931,5.93077,4.70981
6.39972,3.83734,3.45617,4.59207,4.77911,4.34261,3.54837,4.11484,5.02078,3.64465
2.90055,4.311,3.86641,6.01583,3.79427,4.11659,2.26752,4.00152,4.10523,5.83455
4.47961,4.6948,3.51882,3.69278,4.6479,3.2171,3.95949,3.07193,3.63031,3.52238
3.80004,4.14478,3.55382,4.7872,4.29895,2.50933,2.99703,5.31909,4.3508,5.26667
3.43548,3.54732,5.3303,4.29106,5.30983,2.99031,2.7623,1.82614,4.81631,3.41414
3.14466,5.31329,4.86987,5.70261,4.07957,4.76901,2.19095,4.27508,3.75899,5.49794
4.91256,3.91219,3.18755,5.39275,5.33574,4.91821,4.06549,3.72783,3.96241,5.18405
3.99126,4.12088,3.24086,3.78215,4.55423,4.14374,5.12436,3.14906,3.51258,4.80678
3.1171,3.13612,3.9559,3.46215,3.1587,4.6076,2.95672,2.80335,5.14739,3.58745
4.52509,2.74492,4.53697,5.31484,2.2671,5.18672,2.41223,2.7357,3.56607,4.18851
4.53914,3.39975,4.13743,2.27696,4.21745,3.57935,5.55747,5.48733,4.61678,4.85865
5.01863,2.86727,5.24643,3.09367,2.27986,4.70079,3.4179,4.83534,4.8879,3.19958
4.52602,4.42195,4.47211,6.28817,5.36013,3.83791,5.31689,2.30553,5.65507,3.92425
4.4551,3.27954,4.19739,2.67753,4.08751,3.89291,2.85729,4.844,4.32394,3.16732
5.57089,3.33874,2.25936,3.36213,5.30068,4.36654,3.12235,3.78866,5.32834,5.41554
4.04919,4.29126,4.02122,1.91398,2.33885,3.19505,3.71303,3.80738,5.67443,3.40022
4.63807,5.75523,3.43905,3.92221,3.815,5.39515,4.30438,4.60495,3.31347,4.06296
4.00158,3.92686,4.24785,3.43207,4.10896,5.37036,4.49433,3.25872,5.6484,5.94203
5.73017,4.59642,4.24584,3.27397,4.85848,4.82735,6.49569,4.4515,2.90119,3.98511
2.73533,4.07325,2.6293,5.46733,4.79055,4.66033,6.75261,3.19049,4.32774,4.09093
3.8263,4.58289,4.74321,3.96245,4.29955,4.39081,5.22603,4.719,4.19358,3.90624
4.03279,3.07648,3.87204,5.82816,4.50704,3.52201,5.19939,3.00809,3.38495,5.219
3.90717,3.87415,3.38597,4.20384,3.89898,3.94443,1.8745,4.50191,1.79559,5.02827
4.73005,4.55293,4.04252,4.4042,1.28107,3.48905,5.40454,3.57506,4.28728,2.87351
2.90086,5.27795,5.67649,3.14014,3.50591,4.61948,6.38257,4.18916,3.92279,4.821
6.32054,4.97684,4.54196,3.15221,3.6463,3.59312,3.99859,6.85013,2.67537,3.31045
4.26983,4.12906,3.80109,3.29354,4.56326,5.3168,3.55238,5.61076,3.76177,3.89454
2.89188,3.69028,3.94529,5.12885,2.61214,4.38938,4.15107,5.31778,4.29931,2.77178
3.73347,3.92658,5.72656,3.34699,3.31742,4.04221,4.5887,4.66159,5.05087,3.6854
4.20912,2.60709,3.36883,3.59357,4.95655,5.33425,4.14388,4.22171,4.36538,4.31445
4.1046,3.03105,3.80335,4.49839,3.85253,5.00856,3.85444,1.96719,4.22881,5.87082
3.80551,4.61695,4.67584,3.21237,5.01923,3.71598,3.29359,5.56757,3.02407,4.03693
3.65286,4.16118,5.82702,3.78279,5.73346,3.97035,3.89895,4.98166,4.60312,1.13198
4.54622,3.49859,2.51944,4.42034,2.27601,0.914473,4.41424,4.12663,3.86092,3.67636
4.04462,4.54574,3.48261,3.89284,4.84623,3.94316,3.90895,5.58779,4.56612,3.63687
4.91223,5.19943,5.21727,6.83578,4.64644,4.32632,3.92683,3.81725,2.61466,2.49105
4.49675,5.42459,4.50363,3.67634,5.09995,4.81059,3.92921,4.1978,3.02011,5.44569
3.5851,4.49013,5.52228,4.29689,2.91497,2.37288,5.36366,4.45757,4.56339,4.29732
4.46747,2.67558,4.49189,4.23959,3.74442,5.55517,3.91677,4.85507,3.53934,3.62993
5.24815,4.64339,3.51121,3.30238,3.5476,3.7355,4.94845,4.35139,5.34391,3.63896
5.36566,4.25494,3.15247,4.2466,2.62325,4.06344,3.44472,3.5916,5.19243,3.91676
2.60766,6.32114,4.6104,4.61375,3.79261,5.27482,4.80648,4.48572,5.86853,3.61294
5.30228,3.84216,3.06707,3.37456,4.56675,2.34602,4.46477,2.23086,4.6017,4.25231
3.36571,4.19485,3.62799,2.68758,3.81007,2.28774,2.90793,4.55212,4.44776,4.65102
4.1275,3.66666,5.30507,3.56162,4.39227,5.10696,1.96342,3.19703,4.791,2.85659
4.05559,3.69492,5.55691,4.34169,4.53385,4.53785,4.22985,3.42854,1.62998,2.09988
3.37281,4.32625,4.14362,3.25949,3.57141,4.57241,4.65058,2.79197,2.4178,4.78865
4.12357,5.33736,4.4361,4.17798,4.59878,1.61951,4.21911,3.68275,2.82815,2.22805
4.15335,4.35463,4.58608,2.89597,5.14132,3.6824,5.86291,5.24089,4.95653,3.59552
5.36655,3.90134,3.72619,3.70124,3.006,3.13847,3.03949,4.7337,4.1609,4.54793
3.57669,1.69693,6.414,4.2763,3.52637,2.58333,3.79569,3.64149,5.85509,2.61109
3.4635,2.97578,1.83438,3.47639,4.94965,4.36357,3.03656,3.60919,5.32951,4.0713
3.72292,4.58519,2.05744,4.14395,4.48325,3.57738,5.78314,3.33873,5.75124,5.51387
4.08207,2.8776,3.79488,3.9363,5.14227,4.2871,3.31545,5.92138,4.2113,3.24018
2.94848,3.62185,5.18227,5.43013,5.37434,5.77901,3.18666,2.70823,2.54401,4.28936
2.99789,3.97158,3.24544,1.24622,3.9375,3.93301,3.85991,4.21745,4.06166,4.15975
3.08193,5.47852,4.28802,4.02531,3.37963,6.33822,4.60212,5.65659,4.28646,4.50273
4.68959,4.13705,4.18061,3.45151,5.57067,5.34604,5.49815,4.23806,3.05866,2.63533
2.85088,4.92855,4.13806,3.8585,3.80704,3.44076,4.11338,3.04441,4.56261,2.32428
4.83501,4.57958,3.55428,3.46099,5.23188,2.61097,5.33148,5.20258,5.77384,4.10633
4.6257,3.78565,3.77116,4.05885,3.12731,2.9624,4.67628,4.09248,5.34724,3.64648
5.84629,4.35406,3.88585,4.07911,4.654,4.18201,3.81677,5.0822,4.68953,4.12776
4.01172,3.55982,5.73415,2.63166,2.73563,2.17419,4.33176,4.80806,3.70292,1.94176
4.28481,4.53662,4.32363,2.94756,5.15086,3.24305,4.24436,3.07893,3.21065,4.58278
4.18278,3.96139,3.56504,4.20066,5.41982,3.84585,4.98149,2.07613,5.20463,3.97858
4.3713,6.27113,4.12936,3.68892,5.26808,3.47745,4.12168,2.64043,3.44236,3.6157
5.28161,3.80273,3.94595,4.42986,5.04157,5.09706,2.85874,2.58534,4.64702,2.08809
3.47115,4.02149,6.3006,3.59086,2.93209,3.40834,3.1325,2.77336,3.49758,3.79404
5.37726,3.19686,3.62325,3.19681,3.3037,3.12728,3.54453,4.39344,3.22753,3.52705
3.99347,5.47361,2.29911,3.35772,4.3945,4.89946,6.19184,5.44048,4.56732,4.35508
6.81716,3.68596,4.13809,3.68192,4.78631,2.08922,1.10224,1.93776,6.24733,4.87008
5.77126,4.79176,4.46822,3.73613,3.26742,4.5665,5.34786,4.33115,3.96444,1.93083
4.45308,4.51885,4.29229,4.89139,3.93278,3.05858,3.09721,4.07399,3.87897,4.00729
3.24876,4.939,2.49926,2.99916,2.98749,6.02835,4.76746,3.88374,3.79764,5.89589
4.61276,5.33041,3.98846,3.9613,4.34152,5.24192,2.77375,4.52475,4.87208,3.68231
4.13823,4.77125,5.12709,4.17499,4.40472,2.99833,2.92681,5.7474,3.36974,3.03969
4.27182,4.09052,3.42728,4.68681,3.46442,2.55796,5.22648,4.44319,2.91869,4.96885
4.04997,2.19074,5.76064,5.03803,3.87798,4.52063,5.32198,5.70097,3.56938,4.71069
2.91731,3.17399,3.50344,3.11408,3.33457,4.61654,3.47978,3.33739,4.06595,3.82394
5.01472,3.2519,2.94025,4.78443,5.10823,3.91258,4.23853,3.24469,2.50345,5.97769
3.01177,4.89805,3.33196,4.2227,4.19406,4.70357,5.57879,3.63371,3.67116,1.33558
5.78021,3.94633,3.81397,3.98282,2.60729,3.63962,3.27022,3.14531,5.30993,3.72733
4.8285,4.49013,4.11245,3.5229,4.0284,1.65147,3.61902,4.60078,3.03443,4.53989
3.23923,4.01336,0.963654,4.14867,3.24527,4.36888,3.522,4.80265,2.10116,4.51957
3.28609,2.87429,4.26086,3.69792,4.89754,5.11054,2.57279,2.00636,3.78937,4.51534
4.87642,3.32278,3.08998,3.9114,5.75334,4.62231,3.47024,6.06826,4.79835,4.30166
5.55389,3.2973,5.1622,2.71262,4.22837,3.65496,3.88909,4.86765,2.4453,4.52242
4.16801,4.22297,3.71068,4.0866,4.8068,3.67333,6.0631,3.64408,4.38837,3.26264
4.57433,2.29012,3.14936,3.56305,3.80579,4.54392,5.90707,2.97559,2.82999,2.42869
5.12636,3.44274,6.40081,4.58048,2.45702,3.58638,4.85416,4.65776,4.01083,3.68022
2.21775,3.92536,3.11834,3.09936,3.90484,3.59487,4.39012,4.59721,4.60778,2.79795
2.2039,4.52764,4.94592,3.56978,2.50752,5.23195,4.48788,5.06189,3.94758,3.32452
3.21717,4.38526,2.45593,4.35878,4.37029,3.1773,3.64019,3.12593,2.75335,4.52932
3.37888,3.79658,2.56317,5.2666,3.86636,4.84864,4.96024,4.42431,3.81948,5.39124
4.50015,4.2253,5.56621,4.7363,4.43861,3.45671,4.87365,3.7578,4.80218,3.61744
3.31375,2.37132,3.00095,3.67771,2.60574,4.87624,3.51633,4.53427,4.66201,4.2415
3.62511,3.55653,3.91701,4.1873,3.67909,4.31768,2.46228,3.55381,4.7593,4.51347
5.00158,4.2501,3.52902,5.13959,4.24553,3.59792,5.86582,4.37252,4.13218,5.97394
3.50189,3.8081,3.27097,2.58827,4.57226,4.52051,4.08561,4.44393,2.03341,5.36924
4.21492,4.6595,3.70587,5.65682,3.14111,4.24281,3.57657,4.406,5.20036,4.65505
2.77808,5.35256,2.90196,1.68286,4.18588,2.89879,1.98746,3.54773,3.58919,2.97679
1.66878,4.86045,1.64766,5.61135,5.25989,4.35496,3.8552,3.60848,4.0139,3.68634
2.25304,2.46239,3.6408,4.35881,6.08837,4.5851,3.47618,4.13122,4.11499,3.99106
5.01301,4.11973,4.12696,5.21049,5.78505,3.21296,4.07383,3.5323,3.7763,2.70453
4.63765,5.32589,4.60448,3.75207,4.87764,2.80366,3.19581,4.29811,3.54232,4.31498
3.86694,5.12542,4.56102,2.04183,5.06783,3.84314,3.97394,3.29776,4.32517,2.82497
3.1275,5.31045,3.68589,3.12157,4.06708,3.5963,4.73696,4.67497,4.39328,3.81166
3.14407,2.96125,4.41322,5.17582,3.4175,3.96335,5.76611,5.08856,5.22831,2.86083
4.44246,4.78621,3.84536,4.38678,3.3304,5.61856,4.5774,4.6716,2.58153,3.27446
4.70717,4.60184,4.38437,3.40668,3.84758,2.87076,2.98346,3.99607,3.55777,6.98569
3.99547,3.493,2.19929,3.39013,3.92438,2.05722,6.23932,4.01549,3.20408,5.11053
2.46951,4.77966,1.60284,3.18642,5.70234,5.23794,2.8082,1.97141,3.41895,5.83721
3.96191,3.98942,3.59861,4.52225,5.04069,4.16992,4.52831,4.19575,6.94791,3.64934
5.49207,6.44695,3.94579,4.92471,3.95775,4.98695,4.20026,2.41853,3.88016,3.47068
4.39847,2.8318,3.52059,3.51962,3.42325,4.34512,5.66475,4.81548,4.31173,3.83153
3.75346,4.08756,3.81106,4.63342,4.62984,3.8326,2.96919,2.63147,2.89303,3.42397
3.46459,3.84349,3.35894,4.27573,2.01642,5.57502,4.52724,2.54378,4.10047,2.64355
5.65714,3.67387,4.19927,1.9699,4.6667,3.68416,3.70921,3.52561,4.72521,4.1333
2.10483,4.02731,4.06207,3.3448,5.7045,4.50125,3.55434,4.73736,3.75159,6.29031
4.65011,5.4976,3.82573,4.16274,4.19521,3.84874,4.15856,5.46584,4.83288,4.63702
4.07559,4.06949,5.48493,4.64503,4.14729,3.49829,4.31745,3.4171,2.33986,4.06279
4.16305,2.79824,2.80878,5.13617,2.57656,3.71979,4.58167,5.5409,2.44467,3.46654
6.37853,4.19927,4.85704,4.0911,4.17403,4.80704,3.68451,4.06008,5.02647,3.14235
2.95706,5.49288,4.63512,4.484,2.70979,3.71428,2.23479,4.33987,3.57875,3.5354
7.21897,4.85636,2.85988,2.25727,3.68894,3.80487,4.48486,4.7905,2.40209,2.99271
2.07669,2.50909,3.66732,4.89172,3.93732,5.34294,3.49336,3.20004,5.16546,1.95298
3.41413,3.68318,6.14124,2.53459,5.83329,2.58645,3.50004,4.3579,2.32428,4.49398
3.50997,5.05283,5.32138,4.14909,5.26309,3.70571,3.13448,4.60659,4.98855,4.54238
4.15476,3.89181,3.92815,4.066,4.43093,2.74548,2.6638,3.43611,4.2066,4.39936
3.47317,3.6394,3.369,4.32612,3.26708,4.01972,4.53113,3.89074,3.05848,4.43966
4.8468,2.94711,5.61199,4.05266,4.11429,4.62518,3.68617,2.46821,6.24446,4.14536
3.01663,6.06271,3.62046,3.69566,3.16888,4.34184,4.0666,3.312,2.65523,3.77774
3.0486,3.29641,4.96425,4.29326,4.17341,4.59923,3.15138,5.9398,3.71606,3.81137
2.44827,3.81437,4.68245,3.29615,3.74679,2.80626,5.21821,4.35812,3.50934,5.24099
3.63199,4.80696,4.1337,5.00218,3.20116,5.27429,2.53729,4.0123,3.80111,2.73107
4.229,3.85898,4.91936,2.81716,4.27181,7.2802,4.11259,5.16381,2.92011,3.27447
3.88288,3.12262,4.7657,4.1521,4.96332,3.19648,3.51603,4.31648,5.2978,3.36325
4.88629,3.59968,3.66672,4.14443,5.06742,5.3879,5.11701,2.48941,3.99492,3.81505
4.22991,1.98287,6.09981,2.95185,3.66822,4.19856,2.78706,4.8224,4.85661,3.74671
3.88887,6.1879,3.15778,4.76467,2.56278,4.59174,5.82941,4.38117,4.83448,2.93398
4.61921,4.71616,4.44196,3.74506,5.49611,5.92392,4.34601,4.28105,5.26307,4.47949
1.876,3.67594,2.4339,4.50095,3.42871,2.55928,4.5228,5.01216,3.31189,2.20486
3.4547,5.39952,3.02243,3.58565,2.05227,3.45536,4.20317,5.11063,3.80383,4.77274
4.57508,2.6305,4.71413,5.78146,5.85615,4.53712,4.97183,3.08142,4.72312,3.83662
4.24387,2.70286,3.72516,3.95835,4.92849,3.43022,5.11649,4.46189,3.0476,3.44829
4.93764,5.17111,3.21933,3.6026,3.75753,2.96797,3.97243,2.98068,4.7833,3.16756
4.98533,3.49329,5.04692,4.38977,3.49726,3.99381,3.49178,5.9495,3.58146,3.17133
3.53302,3.30495,4.11183,3.07175,6.39723,3.33425,4.01107,6.08121,4.26659,3.98017
4.47563,3.5496,3.90047,3.59282,6.08955,4.04732,4.0779,3.00062,2.18664,3.35224
3.93676,4.75195,2.98351,2.73052,3.46542,2.97758,3.46175,4.2127,3.33345,2.15914
3.43135,3.01835,3.4325,2.96003,5.69845,4.01775,2.86296,3.53534,3.59951,3.54149
3.00372,3.67653,4.68364,4.89986,4.36337,3.5508,2.95548,3.8416,2.30537,5.00032
3.8527,3.90771,2.63653,4.45667,2.12578,4.72965,5.07486,2.47373,6.02233,3.1926
4.73648,3.99491,2.67535,5.57839,4.14333,3.93686,4.46899,4.0091,5.28263,1.88337
4.892,4.49611,3.55324,3.54532,5.97639,5.39337,4.20125,3.4188,4.42866,3.53528
2.92569,3.55632,3.94488,3.71173,6.60024,3.79748,4.30675,3.3329,4.5789,4.09596
4.91204,4.92328,4.09318,2.88615,2.12715,2.66706,3.79444,3.50592,2.76077,3.51255
4.73538,3.91002,3.95821,5.47419,4.70338,4.80743,4.44095,4.20113,4.35605,5.51333
3.18103,4.50631,5.29417,4.58327,3.98689,5.55243,4.97687,3.24,2.62413,3.59929
3.67617,4.33225,4.9299,5.27382,2.16708,2.69074,3.17972,4.46155,5.71671,3.25269
4.80751,5.46482,4.44922,4.83137,3.18972,2.39592,1.30796,3.97395,4.0298,4.973
3.45551,2.16595,4.34553,4.08772,4.22046,4.9078,4.24204,3.67131,2.11538,3.42412
4.22972,3.69565,3.23634,4.57137,5.58439,2.23698,1.67139,3.83387,3.39506,3.30303
3.65243,4.59474,4.86265,4.6048,2.18417,3.06279,2.75228,5.00324,3.1592,1.59237
4.88819,3.74142,5.22897,3.28983,4.0769,3.09479,3.94994,4.73758,4.58313,3.42684
4.82673,3.71993,3.71457,3.5693,4.43474,4.94893,3.89375,3.60155,2.10495,4.31957
3.53639,3.28266,4.41868,1.73982,3.59522,3.98543,2.08399,5.09104,5.67595,3.84411
4.4627,4.95864,3.39924,3.69034,4.38519,1.97621,2.16956,4.49265,4.14725,2.01699
2.77636,4.44979,3.65813,3.12385,3.90077,4.46069,4.87094,1.45071,4.45185,4.06087
3.86142,3.61483,4.45789,3.28856,3.49989,4.12801,3.05828,4.95604,2.95145,3.36595
4.19576,6.14121,5.5685,3.21811,4.08197,3.24434,2.44943,3.61848,5.46822,5.07557
4.93858,2.22853,2.86857,4.00218,4.17212,4.98381,5.43357,3.27137,3.19187,4.09066
4.19567,6.11371,3.14747,4.73088,2.1787,3.8786,3.23873,4.83871,1.9804,3.42652
4.68657,2.89165,2.42381,4.53186,5.43531,3.10401,3.8742,6.25252,4.68034,4.25912
3.66625,5.81611,2.51932,4.11598,3.58235,4.81637,2.92876,5.29036,2.14135,5.89527
0.733135,4.38895,3.58951,3.52617,3.25022,3.41296,4.35776,4.18052,3.0707,3.87291
3.57397,2.26506,6.14819,4.48082,3.10842,4.74465,3.9236,4.13933,3.57641,5.40404
3.53855,2.95997,3.79083,3.60646,3.88527,4.29732,2.02798,3.04445,4.48665,6.15497
4.11306,3.83395,2.29409,2.74116,4.40793,4.35243,4.10867,3.8642,3.79565,2.4073
4.39664,3.96205,3.7909,5.05595,3.43191,3.21477,5.12292,3.34748,0.868722,4.94087
3.7258,3.20389,5.10222,2.67452,4.04068,3.93032,4.13014,4.54449,3.87059,3.36768
4.7631,4.24853,3.91549,4.52279,3.8221,4.55026,4.60594,4.96922,3.63019,4.68761
2.29885,4.88624,2.77562,2.9877,4.32126,5.45587,4.53867,2.09581,4.78498,5.06869
5.01145,4.38197,3.27152,3.53787,4.26309,5.86166,3.90521,4.16571,3.99798,4.75042
4.58523,4.45932,4.12466,3.38006,2.78045,3.75013,3.56097,3.91439,3.89255,3.53831
5.55464,3.21836,3.20369,5.12849,2.5536,4.08317,4.69737,3.56738,5.47525,3.28174
1.83661,4.23385,4.11377,3.31641,3.08316,2.64762,3.25176,3.4147,3.39639,5.35125
3.57614,1.2738,4.6233,4.12908,5.62133,3.44702,3.26267,4.22785,3.6031,1.92935
4.6695,3.28286,4.49499,3.37041,5.47561,3.15826,2.65621,3.9303,4.20578,4.42698
2.06284,4.67324,5.46446,3.74637,4.82947,4.19732,4.91807,7.51113,4.51652,4.999
3.99329,3.06392,2.84145,2.08577,3.73716,3.02476,3.78625,3.78936,4.05808,3.20764
3.85595,4.24401,4.71611,3.10857,7.31079,5.83811,4.65304,4.44886,2.4827,5.14173
5.17467,3.31196,4.93964,3.83877,4.17443,4.40869,3.68135,4.21244,3.78353,3.89908
3.81001,3.8579,3.37196,3.48652,5.05345,4.52668,3.68204,3.78828,6.90747,2.62803
2.23849,3.84266,3.01988,2.88486,5.23592,2.27489,4.0591,3.27569,3.39705,5.06534
3.30758,4.81615,4.03236,4.27981,3.45688,1.20994,3.60795,4.69418,5.30108,4.53711
4.03218,3.20824,4.19901,4.52991,3.95644,5.64696,3.72394,5.80945,3.59584,2.24164
4.96298,3.21235,4.60348,4.42029,3.34036,5.57876,3.23808,3.53769,3.66295,3.32011
3.78353,2.35396,4.58691,2.96206,3.14378,4.49189,4.17887,4.54252,4.29841,6.01164
3.13918,5.15211,4.96099,4.00564,4.35842,3.77988,3.99888,2.15181,3.58346,4.62352
4.64281,3.41478,4.02541,5.80738,4.34632,3.419,4.01584,4.88436,3.95061,4.13319
4.51958,4.30378,3.9076,2.69925,2.98056,5.66193,2.66009,4.99186,3.60047,4.1215
4.0453,5.26529,4.81311,5.02679,4.52262,3.09138,3.75747,5.19434,3.43318,3.31267
4.2822,5.67824,5.0129,4.07168,3.58166,3.31118,3.12215,4.91932,4.04262,5.98975
2.4877,2.02519,3.55092,2.32651,4.53609,5.19291,4.36498,4.67824,5.34007,2.97584
3.6143,4.73444,3.75472,4.0308,4.36219,2.75528,4.18366,5.06248,4.52037,3.90439
4.02153,5.33012,3.49678,3.09692,5.74508,3.56289,5.09827,3.07114,5.04698,4.35674
3.63075,4.01813,4.17137,3.4858,4.68099,2.83349,3.11287,3.69525,2.65092,2.94928
4.18691,4.50114,4.24355,2.34277,3.65954,4.03327,4.14272,5.33621,5.35799,3.59064
2.10781,3.74259,4.71566,3.71909,2.97493,3.51179,3.89368,4.53308,3.14388,3.46138
2.89956,4.2151,3.87888,4.24791,4.47164,4.09151,4.21975,3.20586,3.87099,3.10196
2.86755,3.84707,2.19326,4.73383,2.04213,3.29156,4.11986,4.25735,4.56446,3.0805
2.50409,5.08657,3.06911,3.30618,4.94721,3.60909,2.3509,2.40525,3.48877,3.64277
4.98379,4.7778,5.97801,6.09257,4.71522,4.82233,3.83072,4.52627,3.05376,3.65003
4.43478,5.54032,2.68074,4.29697,4.569,4.35315,3.16445,4.76277,3.82705,4.454
5.7294,5.55813,2.9495,2.99933,4.66745,5.48534,2.89839,3.69893,3.7289,5.04166
5.1055,4.52112,4.05229,3.36093,3.80781,4.05192,4.55462,2.05304,3.96998,3.83315
3.46317,5.14008,6.24433,4.50243,3.99923,5.14127,3.9295,2.53799,4.61112,4.19644
3.19054,3.81097,4.80925,4.50146,6.13976,5.32634,4.19527,3.61541,2.8386,4.34185
2.29984,3.20295,4.33805,2.93142,2.96702,4.2072,3.24618,4.7261,3.76343,5.22721
3.97206,4.45788,3.75473,3.91489,3.97484,4.89703,4.64263,5.81381,4.16231,4.23086
3.62336,4.51361,2.7608,4.24986,2.21871,2.44468,3.10379,2.97788,3.59111,4.55154
3.72362,5.20153,5.53782,3.15843,5.12689,3.5852,3.94492,5.8109,4.84455,4.39688
3.25735,3.26194,4.41307,5.12169,3.91708,3.77042,5.92826,3.58697,3.16654,3.73383
3.60462,4.34592,3.91591,3.73558,4.48053,3.39168,2.39176,5.64549,3.82093,4.76932
3.44016,5.01731,4.18763,4.47073,5.03622,3.10283,3.78244,4.03566,3.63617,4.12722
2.98718,2.40385,4.75701,5.44247,2.32095,4.18123,5.38922,2.23994,3.09491,2.71293
4.77336,4.59857,3.74386,4.53163,4.74247,4.0859,2.34073,3.23268,3.66261,5.43599
3.68948,4.59288,4.88629,3.74738,4.02069,3.93205,3.7809,4.17682,4.09258,3.71104
4.62964,3.64951,4.09354,3.88253,3.148,4.40142,4.99255,4.21615,3.61366,4.30536
3.88154,3.89758,3.10896,4.94787,5.42277,2.60336,3.91246,4.01463,5.48531,3.85133
4.32206,3.80318,4.11765,2.70982,5.81904,2.48602,4.4446,3.93661,2.06167,5.53354
4.66225,3.0913,4.88113,5.47219,2.89164,3.22171,3.79589,3.21928,4.95412,4.09946
4.96708,4.40141,4.90401,3.81861,3.5282,4.7986,5.45753,5.17976,2.33945,4.47099
3.37971,3.93605,4.93798,5.00851,5.20539,3.14275,4.78797,7.03653,4.27183,4.39569
2.56789,2.62005,3.98347,4.91963,3.92927,5.11148,4.58353,3.74141,3.46681,3.99661
3.68785,3.62484,5.14287,4.38618,3.01895,3.15633,3.13368,3.69357,3.63646,2.99972
2.78099,4.11662,3.07912,2.32072,3.0385,3.27136,4.38951,3.44274,4.60415,2.52691
1.91075,3.86697,3.58366,5.70809,4.97874,2.40928,4.05707,4.87132,3.70888,2.31587
2.83179,3.54922,3.51342,3.95101,3.8442,3.07917,4.0373,4.80675,4.38046,4.58578
4.36417,3.19892,3.91608,4.20935,2.97007,4.9473,3.4536,3.5416,3.97857,3.94513
5.55135,5.02118,4.83821,4.50133,2.17714,2.51065,2.75855,4.05711,3.73806,4.26023
3.91994,3.43721,3.92701,3.11763,5.13799,3.55863,3.98607,4.313,3.34,3.0338
4.46385,3.93932,4.3915,5.20902,2.88588,2.39982,5.16235,4.52476,2.41661,3.45026
4.33,5.16612,4.54947,4.75252,3.75628,5.07495,7.80851,4.91015,3.51401,5.51939
5.20616,3.55848,4.5605,5.0374,4.98625,3.41562,3.69791,4.17307,5.21952,3.28603
3.32583,4.92702,1.67788,2.99303,2.26061,4.17555,4.50116,2.95464,4.78011,4.82816
3.1898,2.5195,3.09485,3.7341,4.55675,3.983,4.14896,4.39715,4.33189,4.67502
4.29205,4.47854,3.53092,2.72424,4.38156,3.82563,4.56713,4.20009,4.07364,3.61396
2.3271,3.85386,4.45191,4.71326,2.96993,3.80677,3.28734,3.10584,4.9583,1.41378
5.24118,2.79016,4.60257,5.33379,2.54673,4.56316,3.14245,2.89887,4.74181,5.11954
3.3021,4.28227,2.76746,3.52204,4.62951,3.69988,3.65552,4.64703,3.65242,4.38577
4.06536,4.97024,5.43376,4.02975,5.94373,4.28905,4.59346,5.05534,3.82218,4.38541
2.57549,4.81055,4.71137,4.35242,3.44838,2.87412,3.5923,3.97395,3.17724,3.83344
4.47148,3.41443,3.43402,2.77751,3.14189,3.24761,4.95152,5.23325,3.04161,4.38084
6.07212,2.91697,2.64617,3.61002,4.39752,3.57563,3.42672,4.68484,5.19503,5.26818
2.8952,3.96928,2.77537,3.32806,0.564427,3.23354,3.48357,3.87066,3.27009,4.64583
4.28244,4.85317,5.4842,4.17804,4.39418,4.80348,3.82477,4.62196,5.10929,3.9188
3.11477,4.13063,5.46394,4.32061,3.23872,4.05873,4.41862,2.74254,3.81977,3.67955
4.2576,2.89801,2.46629,3.04893,3.65957,5.05301,5.37755,4.11751,4.54238,4.36875
4.25105,4.77005,2.70766,2.86638,4.54155,4.49408,4.90101,5.90269,1.8072,4.66058
3.63588,5.02567,4.49806,4.31057,5.16807,3.51937,5.38599,3.23374,3.11436,3.752
2.6365,4.11633,4.66203,5.78642,2.69261,5.09418,4.94264,2.4734,3.64788,4.98917
2.7045,4.56381,5.30462,4.12785,3.7306,5.27899,3.10748,4.10188,5.4521,2.61029
2.84043,3.011,3.89071,4.13363,3.23761,3.414,3.4179,3.42174,3.20963,3.39452
4.75012,5.0776,4.75968,2.28385,4.01348,6.00481,4.87113,4.29808,5.91737,4.05252
4.36825,2.02856,5.55015,3.43562,4.19338,3.75917,1.77363,4.60324,5.38974,3.58027
4.02187,4.34573,3.15712,4.14468,5.06814,3.50966,5.20457,3.89202,3.46268,4.15477
4.32644,4.07072,2.92289,3.21354,3.44947,4.60464,3.69727,4.5202,4.30459,2.81764
3.85816,2.53138,3.59856,3.33354,3.13045,3.15355,4.27403,4.25083,2.18303,4.95518
3.9376,4.97583,3.90756,2.85305,3.98002,2.65276,4.10576,5.31902,3.64593,4.30162
4.31358,4.82676,2.5489,3.90588,2.98222,2.6277,4.97129,3.90434,4.66832,2.88685
4.76133,4.40863,4.06851,2.79809,4.32237,3.00587,4.3257,5.4036,4.80002,3.61155
3.31255,4.24713,3.42577,5.00188,3.28644,4.80462,4.62442,3.15895,3.40583,4.35017
2.96227,5.12598,3.69024,4.28231,3.87993,4.04373,4.57078,3.92038,4.24234,5.99522
2.01314,3.06205,4.23353,4.25404,4.39962,4.75609,4.66181,2.64976,4.75917,4.10856
4.75829,3.98388,4.96107,4.74114,4.90328,6.13643,3.8269,4.65705,4.41118,3.12865
4.23557,5.06661,4.75652,3.6227,3.32276,6.44911,3.82831,5.07097,3.59121,4.54364
4.01571,3.39976,3.83234,4.12004,5.56101,4.05581,5.25246,3.73681,3.10757,2.60074
6.35455,3.87146,5.22201,4.78719,3.29652,3.97505,4.8534,5.71205,4.09404,4.00263
4.42188,4.70069,3.12,5.26459,3.12922,2.93176,4.67355,3.57715,4.06315,3.47342
5.14094,5.09015,3.57571,4.55565,4.61276,4.48534,4.05543,4.74067,2.18926,3.04421
4.82606,5.1157,2.76824,4.72369,5.0238,4.56508,5.37707,4.22106,2.49984,4.5476
3.32869,2.34078,2.90697,3.01639,4.46003,3.86897,4.19394,3.7495,2.19131,3.35356
5.17396,4.31599,5.66234,6.15783,4.48421,4.28658,4.53504,5.4959,3.9563,3.89075
3.5874,5.08501,3.1788,3.48729,2.45257,2.68745,3.35187,3.89069,2.80803,3.41967
4.34433,4.69093,3.79338,4.33911,3.04785,2.99795,5.55103,3.32488,3.88765,3.98613
3.02862,5.9687,2.52415,4.03566,4.9817,4.63262,3.63717,3.53546,3.67112,3.18273
3.71722,5.2388,4.7681,3.09787,4.37679,3.24589,5.9321,4.32879,3.27402,4.70635
2.58927,4.71065,3.25518,3.17528,4.61171,3.23637,4.45995,2.61028,2.65352,5.88748
2.00007,6.32256,3.06979,5.75663,3.76897,5.23222,5.26942,2.69942,3.12845,3.64206
4.68234,3.05657,3.89658,3.35056,4.30287,4.58637,3.35316,4.07419,4.0837,4.75774
2.33554,3.03875,4.14896,4.86604,4.66419,4.7665,4.54182,3.49512,4.28814,3.64264
4.23852,3.54743,3.78596,3.30145,4.03763,3.91765,4.51354,3.97578,2.43732,1.88592
3.36913,3.57535,5.025,2.39723,3.37199,2.47281,4.47002,2.30718,2.00224,3.10082
4.48144,4.30028,4.53054,3.62893,4.03983,3.52408,4.65667,5.51946,2.80079,4.3114
4.05898,3.25885,5.0326,4.45874,4.09482,4.84318,4.35584,3.70659,3.86992,2.58927
2.86596,4.1538,4.75971,2.05844,3.53084,2.94532,3.94132,3.40916,4.30859,5.26461
4.55485,4.13539,4.44059,4.76094,3.28059,4.83937,1.49956,1.76798,3.46226,5.06377
4.93532,5.06294,3.18298,4.27484,3.51941,4.15589,3.65435,3.55587,2.87293,2.34399
3.20952,3.81669,4.57726,3.54905,3.85792,4.27393,3.89774,2.55533,3.78684,3.81266
3.70056,4.68757,4.51549,6.77534,3.60304,4.1925,2.79265,4.09032,3.79268,3.55598
3.49693,5.18858,3.21316,3.52536,4.50976,4.83635,2.12387,2.74944,6.21169,4.92049
3.9947,4.23453,4.02791,4.64429,4.24082,3.8685,2.21874,2.18928,3.37555,3.78256
3.64051,4.86541,3.47717,3.48234,4.34124,4.067,6.20045,4.56235,3.59733,3.56405
4.69004,2.66262,3.25255,3.51502,5.95513,4.63927,5.03675,3.48814,4.57185,5.48687
2.83062,4.96921,4.63464,5.57695,4.97613,2.62153,3.20383,5.54633,5.32719,4.59116
5.41138,5.37608,3.155,3.56276,3.54277,4.68072,3.70852,3.30045,3.74311,3.91389
4.83012,4.42702,3.54829,5.38649,4.89746,3.92279,4.4082,3.06995,4.15173,2.38769
5.7614,2.68819,4.45775,5.60644,2.61403,4.92369,3.6301,2.71988,2.99558,3.67954
5.09182,3.81771,3.74674,3.33296,3.76697,4.0129,3.0293,2.47162,4.95654,5.29685
2.71037,3.59565,5.25264,3.3957,4.40453,4.58347,3.23538,5.06456,4.21212,2.48951
4.1937,3.28121,2.26943,4.3816,3.99127,5.71054,3.01533,4.68367,3.72821,5.63356
3.28799,4.26359,4.68111,4.77695,3.31709,4.17328,2.8738,5.32014,2.67712,5.24639
3.40821,3.92875,3.37708,4.19769,2.69941,3.21259,5.88491,2.43146,5.59401,6.01761
3.85876,3.16493,4.3916,3.42693,4.40949,3.16742,4.64752,5.18603,3.86926,5.48478
3.67452,6.11796,1.84016,4.67068,4.56092,3.18083,3.82101,3.48852,3.90254,5.17206
4.68782,3.02728,3.47304,4.22471,2.68281,3.21288,3.42822,4.67847,3.52312,5.46655
3.40327,3.95823,2.95022,3.25186,4.72973,3.83695,3.47672,3.78599,4.97303,0.832288
2.55945,1.98092,4.5442,4.31629,4.64789,3.71757,4.07872,3.69339,2.90152,3.06212
4.34708,3.63663,3.78738,4.06375,5.10115,4.55307,3.34158,5.12921,2.93037,5.1652
4.0346,3.80041,4.8829,3.19512,4.19176,2.38262,4.82045,3.50531,5.65393,5.03559
5.11672,3.81816,2.82553,3.46904,3.6427,5.33998,3.99378,4.29584,3.72403,4.06973
4.60357,4.57581,3.92284,4.6937,5.37819,3.52046,4.25466,4.32593,5.81373,3.35548
4.89213,3.4798,4.29976,3.23039,4.42744,2.78703,3.00727,4.08538,3.85017,5.14502
3.53815,4.6454,4.23232,5.88883,5.44416,2.20663,3.74021,4.53525,4.3812,4.6369
3.42358,4.86569,5.41741,3.33992,3.24384,4.03845,2.82574,2.92352,3.67695,2.59183
4.38895,4.12284,3.51639,5.37775,3.26572,4.85011,2.84986,2.9543,4.37677,3.5339
4.37717,3.26169,1.84599,4.09274,4.50185,4.15101,3.77975,2.94348,2.92985,3.71808
3.68244,2.17625,3.63172,4.15629,3.08793,5.05575,4.50016,3.80831,4.66263,5.08115
4.26599,4.58239,3.16104,2.38982,4.83404,3.3468,2.61223,3.14765,2.89368,2.83738
3.39206,3.17089,5.03223,2.31772,1.9271,2.88411,2.92333,3.12671,2.46643,3.91035
3.30637,5.03063,4.58433,3.47523,3.84651,3.45255,3.23099,5.63203,2.70322,4.92611
4.78103,4.42038,5.25707,5.43867,4.31697,4.16348,2.95285,4.7668,2.972,3.82286
3.83163,4.88929,4.948,4.23659,4.30491,5.18159,4.64499,5.27419,3.92496,2.32405
3.47878,3.40601,3.74598,4.74157,4.13759,4.02267,2.65345,3.06172,4.29415,3.95048
3.23853,4.4204,3.04379,5.65963,5.68765,3.99132,4.25422,3.87558,1.40326,5.65958
6.20282,3.89593,4.81076,2.76582,5.14669,2.75051,3.20348,4.93614,3.79914,3.72808
6.03372,4.79953,4.45979,5.02414,3.07961,3.05619,4.59369,5.7016,5.99592,3.79629
2.91476,3.18412,3.9147,4.89698,4.40775,3.22596,5.05421,3.81603,5.38181,5.6284
6.23825,3.95808,4.7571,3.3702,5.18177,5.30927,3.41582,5.78332,3.28186,4.14781
4.61736,4.38443,4.21506,4.75814,3.70018,4.55018,4.24013,3.11585,3.63183,4.94106
4.66332,3.87416,3.76774,4.76261,4.34031,3.74558,3.83875,4.17198,3.46352,2.58959
5.22236,5.23845,4.79904,4.01757,1.9223,5.06454,3.93073,4.34234,3.13079,3.11629
3.46119,3.62679,5.26039,4.02232,5.0493,5.41575,3.6176,3.6581,4.94469,4.09174
1.70016,4.36504,4.00858,5.57608,4.67152,3.87962,4.21634,4.96187,4.70142,4.2082
5.42377,5.82242,5.19148,5.11193,3.30266,3.42166,5.64253,3.79878,1.8885,3.31372
2.87348,3.61735,3.56921,4.35105,4.31491,4.55253,4.32248,3.74089,4.02242,3.84721
2.80185,5.38179,5.55327,4.73759,3.97084,4.04536,4.26507,3.79113,4.12227,3.68782
3.0375,5.41951,4.14439,3.13478,3.03044,4.24567,3.96573,3.68234,4.36313,3.40656
3.53969,3.29413,4.76161,4.16891,3.06124,4.50623,3.77659,4.14011,2.91238,5.05921
2.48449,2.77427,4.81307,4.54369,4.88546,3.24834,3.66496,3.42666,4.19495,5.12179
2.51986,5.75568,3.84431,2.3392,4.86895,4.09997,4.49123,3.30286,3.10068,4.0582
4.1164,3.25208,3.83367,3.56494,4.03975,5.09187,3.63551,5.32279,3.99433,3.89426
4.05891,4.64113,4.53438,4.21994,4.19605,3.39421,3.55755,2.37778,2.43345,5.18925
4.7656,3.11579,5.0995,3.00892,4.24997,2.86407,3.06031,4.4935,5.36256,3.71939
4.44988,5.1585,4.11155,3.72939,5.5689,3.1608,4.09499,4.04125,3.51858,4.06169
3.6695,4.09062,3.43679,5.72792,3.2492,1.83284,4.98489,4.71693,5.35039,4.10902
3.55501,3.90765,4.14728,1.72139,4.77598,4.27472,2.47833,4.22167,4.33502,4.39327
3.59871,3.25892,3.77556,2.73427,4.6288,5.49722,2.25582,3.77835,3.38916,3.17155
2.78628,4.52211,5.69923,3.61185,4.78734,4.12362,2.55093,4.09196,4.58978,4.96778
6.04217,3.49937,2.77501,3.7347,2.97434,2.92961,4.50047,3.67255,3.87247,3.9247
3.49143,7.27351,4.62149,3.71118,4.96045,5.1996,4.77604,2.91312,4.6834,2.6109
4.62505,3.99475,5.81978,6.57154,2.39005,3.89198,5.18418,4.11858,2.70456,5.94574
3.73762,4.0004,5.27348,4.16078,4.37729,3.78489,5.31231,2.6215,4.83947,5.30191
3.77688,3.9762,2.19556,4.10993,3.22983,3.96849,3.28902,2.93847,3.63825,3.41939
5.69701,5.10032,3.51702,3.98603,3.90985,4.99088,3.5554,4.77387,4.39503,4.89142
2.96248,5.64078,4.29589,4.96574,2.12027,3.14388,5.09692,3.90694,4.14307,3.03421
2.99861,4.22682,1.59539,4.04466,3.17924,4.45068,4.63452,3.32948,3.60683,4.05959
2.97465,4.84811,4.23652,5.11519,4.70529,4.03833,5.48732,4.14649,5.08909,5.597
2.97,5.0253,5.36376,3.73546,3.8396,3.1373,3.91678,5.12477,5.03698,5.38566
4.1161,5.5938,2.33571,3.01145,4.25958,4.75696,4.58216,3.82382,3.55646,3.97904
2.45372,5.02678,5.58079,4.9237,4.14358,4.79139,3.06333,4.30925,3.66616,3.12719
2.15526,3.82076,3.91822,3.36463,4.12064,2.33954,4.19912,2.59477,3.89601,3.79237
3.19386,3.16769,3.73494,4.61844,2.47068,3.86472,2.48582,4.43186,2.78129,4.22102
4.29733,3.43033,3.92435,2.15014,5.10807,5.14392,4.43837,4.16022,4.27057,4.08442
2.48166,2.30827,1.76254,5.00463,5.17094,5.5371,3.7357,4.28755,3.62386,4.14062
2.71571,3.99967,3.99663,4.05553,4.43833,4.01113,3.72399,2.14976,4.11062,2.83802
2.79936,2.75399,4.32286,3.85474,4.21553,4.00707,4.43024,3.99819,3.4121,3.916
4.33044,7.15748,3.91373,4.60923,3.68352,4.61434,3.87109,3.04882,4.16046,3.22035
2.97329,5.03793,4.15448,2.22747,3.73317,3.16305,4.67237,4.34712,4.07997,2.83949
3.91433,3.30135,3.47439,5.34852,3.33363,2.98174,6.28768,3.30876,3.10858,4.09706
4.35954,4.9643,5.41854,4.35258,2.71101,2.80083,3.12982,3.51991,3.68794,5.35184
4.26954,4.34705,4.6226,1.94403,4.01219,3.20343,3.66737,3.28701,3.68769,3.8015
3.01639,3.65433,2.00929,4.14823,5.6463,5.01569,3.39321,4.81392,3.04674,4.57873
3.62386,2.1425,2.8624,3.49819,5.64752,3.8241,5.05641,3.45353,2.26652,5.55548
2.25406,3.59386,4.3495,4.85802,4.88142,4.07221,2.3851,2.85004,3.83622,1.65527
2.29682,3.46141,3.26701,3.77587,2.71563,3.35128,4.16462,4.30119,2.75292,2.08498
4.4929,4.40979,4.01941,2.98234,3.97343,4.67004,1.90637,3.87308,2.74443,5.83572
5.87566,4.0842,3.61026,5.49715,4.28774,3.87784,4.95637,4.55275,4.34511,3.03349
4.78157,2.94128,4.89235,3.58672,4.90082,5.13709,4.74514,3.47389,3.87455,4.55399
5.53907,3.66647,3.85988,3.51317,1.86401,4.49637,5.90049,3.79741,3.40951,3.24072
4.08907,3.93796,2.86685,3.31276,4.03199,4.20137,3.5146,3.5648,3.86829,3.06329
4.69404,2.87864,5.2559,4.3002,4.44824,2.6283,3.90261,6.01231,3.39867,4.25487
6.19986,4.44265,3.21775,4.06907,2.10581,6.26699,2.59695,5.8497,4.30766,4.36554
6.67187,5.41542,3.95235,3.54753,3.97924,3.98236,2.21969,3.27106,5.30745,3.3561
3.57377,3.48243,4.14157,5.15788,4.14666,2.89647,4.40272,3.92236,3.25124,3.96837
4.85531,4.73229,4.92749,2.87328,3.14969,3.89749,3.07577,2.55441,4.69448,3.13367
3.50999,3.02968,4.4964,3.95272,2.58366,2.82356,4.526,2.48101,3.99069,4.82223
3.48823,3.39819,5.09176,4.11179,4.54431,4.226,2.88981,3.29427,3.47224,3.55904
3.73469,5.20483,4.49527,4.00764,4.83794,4.67641,2.87083,3.98589,3.95664,4.3428
3.39054,3.59947,2.88942,3.65087,5.94938,4.98265,4.07756,3.11838,5.40187,4.77977
3.79549,5.27221,4.47784,3.79194,4.78256,3.84823,3.45004,3.1867,3.2282,4.01811
4.90438,4.22763,3.59115,3.9956,1.84073,5.28233,4.34301,2.77768,2.88774,3.89109
4.55157,3.33814,4.25811,6.88758,3.137,2.95857,3.41093,3.69818,2.91418,4.23762
2.84466,5.43219,4.0935,5.29837,4.72765,2.74731,3.10929,6.86596,4.44265,5.864
2.94137,4.2796,6.1439,2.58386,4.87101,2.60181,5.55397,2.17791,0.0176253,3.70532
3.02066,3.23395,4.26214,5.22746,6.40364,4.44373,3.12188,4.67475,4.63273,4.07803
6.21947,4.47901,4.5114,3.2687,3.63042,2.97257,2.97463,3.17458,2.8348,4.04301
3.82651,4.06698,3.45616,2.7228,3.8166,2.75336,2.13497,3.89338,5.63319,3.65258
3.12363,4.49626,2.57446,3.66476,1.90665,4.30664,3.90464,4.98003,5.10772,4.98648
3.24214,4.50405,3.53474,5.47234,4.43082,4.4473,2.39279,5.35132,4.65229,4.45541
4.62378,4.51887,3.67445,4.25172,2.42217,3.00978,3.62679,3.91964,2.68826,3.46914
3.67572,3.42286,3.87496,5.094,3.19691,4.72392,4.56707,4.56707,4.7181,3.98097
4.23665,5.69364,4.5555,3.88186,4.43419,4.76955,3.86447,1.75774,6.34019,5.6568
3.9311,2.29239,3.98498,3.80396,3.12615,5.20798,4.49522,4.9023,3.89748,5.70353
4.17199,4.09861,2.8835,4.7657,4.19134,4.27341,3.5041,4.56663,4.05904,2.69841
3.33377,2.86173,3.71992,3.12121,4.33362,6.82877,2.39639,2.52062,4.26836,2.56022
4.70646,3.88625,5.24838,2.79833,3.30972,2.94049,5.62066,2.36789,4.32014,4.60647
3.4918,2.98257,3.98156,4.80589,5.5863,3.68653,3.70574,3.97531,4.54822,5.43605
3.52184,4.13671,2.33762,4.57911,4.96162,5.07329,5.57307,4.866,4.66649,4.31758
2.96971,3.42305,2.29438,3.43297,3.15584,4.42103,5.52708,2.86029,4.86759,3.48219
4.98068,2.96402,4.94982,2.29292,4.10907,2.15594,4.76323,4.16923,4.15509,3.3924
4.19753,3.74299,2.79545,3.58695,3.80634,4.22643,5.66525,2.66528,4.13948,2.76754
4.68675,2.22768,4.60255,2.53576,4.02665,3.3402,3.56904,3.6847,2.51828,2.96159
3.19604,4.74446,3.3327,4.06948,3.38655,4.94996,5.62564,3.30101,1.60495,4.2676
4.39176,2.8608,4.28726,2.48802,3.61291,4.94114,4.03031,3.49578,4.73368,4.15643
3.78197,3.75211,3.03521,2.0708,3.71878,6.16122,3.73725,4.86587,3.10682,5.0718
3.30288,3.54818,3.45428,5.22289,4.61845,3.93214,4.37786,2.97716,3.90223,4.08755
3.74598,4.16413,4.01261,4.81772,4.03383,4.64227,4.52962,2.96581,5.17853,3.50193
3.92976,2.68728,3.6118,4.25646,4.57055,2.75282,1.62943,4.24645,3.60414,4.27952
3.38209,3.42393,2.39902,1.98602,2.9368,3.61653,4.68827,3.46582,3.33965,2.63153
3.0989,4.55759,4.07507,4.45576,4.38088,4.02262,4.85733,4.95891,5.19444,4.45656
2.90448,4.82104,5.36341,3.40965,2.41206,5.35354,2.93022,3.31065,5.24615,2.98916
4.53696,4.45886,3.95808,3.90338,3.82145,3.10247,3.11808,4.62652,3.77484,3.23386
3.16676,4.49395,4.22129,3.97363,3.96442,4.96634,4.33295,4.98981,3.45511,3.92165
4.18508,3.5376,4.84685,3.6979,3.98341,6.08827,4.48563,2.26602,6.27555,3.08254
4.60859,5.24378,3.62249,4.66678,4.2466,3.92993,2.08805,4.78977,3.57966,4.49851
3.53407,3.47621,4.63873,1.8127,4.31851,3.15993,4.11721,4.20133,4.79953,4.0827
5.24877,3.74511,3.91437,2.45039,4.13762,3.78255,5.61633,2.87143,4.42097,2.67753
3.92923,3.04037,4.41571,4.78981,3.41086,3.54075,3.21961,2.90908,3.73138,4.83604
4.71262,4.4057,4.10769,4.82161,3.59445,4.68569,2.26172,4.65237,3.64567,5.48907
3.578,4.58974,3.81228,6.37363,4.11726,2.83682,5.0882,3.08714,3.34953,3.76259
3.31556,4.26892,4.18307,2.47448,2.51279,3.05444,4.79287,2.45182,3.42696,4.38547
5.72012,4.26722,4.27198,5.38833,4.84832,3.75686,6.68183,4.24474,3.08022,3.28598
5.05262,4.37787,5.32614,3.55239,2.45768,4.89716,3.70953,3.86762,3.37037,3.29155
4.36145,5.081,3.36695,3.35271,2.79831,3.43959,4.40782,4.33001,4.09951,4.30657
3.77144,4.22234,3.80242,3.25355,4.55109,3.54578,3.12568,3.94657,2.34958,3.19818
3.17753,2.81243,5.08972,4.0088,2.54129,3.51618,3.94012,5.13633,3.72316,4.23869
3.44628,5.11709,4.07721,4.78056,3.9349,3.82417,2.39353,3.01781,2.20866,3.52137
1.23742,3.12652,3.08268,4.71941,4.72151,3.39218,2.26829,3.62798,4.74287,4.28511
3.8199,6.22218,3.0353,1.91201,3.68126,3.90805,4.21967,4.14216,4.25951,4.21577
2.85572,3.60726,3.46367,4.50736,3.51535,2.5599,3.92051,4.53409,4.18473,4.66135
6.26467,5.37146,4.51753,4.23882,4.3943,1.93078,4.30013,1.68468,2.51619,4.07379
4.49255,2.38444,4.29367,4.40748,4.97396,5.08489,3.57703,3.01374,4.32016,3.76813
4.51844,4.46247,4.26776,2.47971,4.43905,4.01754,3.18569,3.94302,4.28734,3.50866
4.02362,5.6401,3.76626,4.9459,3.85999,5.01859,4.42232,3.97342,3.34417,4.40045
2.41727,2.31229,4.13911,1.59625,4.19011,4.90246,3.65697,4.732,3.86733,5.36104
2.87325,4.80614,6.42129,3.36654,3.15051,4.61318,1.77543,4.83506,5.21888,2.84611
4.15465,4.93741,2.29937,4.95305,5.33368,1.86542,3.71124,4.67979,3.84658,3.84575
3.75071,3.18178,2.76517,4.24448,5.17197,4.29083,4.73178,4.08062,6.50897,4.57213
4.07456,4.76873,4.48186,3.87722,4.36456,4.41106,4.15713,4.94913,3.55452,3.97983
5.75208,4.37019,5.10941,4.81806,4.49911,2.06815,3.08864,4.45583,3.96588,5.13962
3.73344,3.37415,3.87295,6.27503,2.89881,3.69701,5.44171,3.17548,5.29044,3.35693
4.19008,5.63887,3.55973,4.4542,4.58438,4.33708,3.91498,4.66056,4.25206,4.38392
4.74554,4.25201,4.03625,4.31878,5.60299,4.17991,3.43968,4.78423,3.87503,3.55106
4.983,3.89737,3.02328,5.55807,5.12163,3.40391,3.82335,4.27036,3.81091,4.11632
3.73337,2.728,3.09705,5.08711,1.60119,5.73199,5.0004,5.11929,3.79417,4.46621
3.4458,4.87662,3.58375,3.18303,1.76081,3.18103,3.62344,3.78802,4.20848,5.10214
3.50728,4.85993,4.86028,4.48041,3.56759,2.36989,2.71632,4.40848,2.1366,4.96818
3.80682,3.03772,6.07267,2.6438,5.10445,3.3413,4.23488,5.23252,3.58366,2.93394
4.11687,4.80662,4.30419,2.79283,4.36462,4.00827,0.961905,3.08683,2.18387,4.71863
4.84125,3.77853,2.34221,4.01488,4.25429,3.73285,4.39166,5.39314,2.79115,3.83055
3.88449,4.26927,4.16453,3.80403,1.90013,3.46909,3.15353,3.95051,4.1061,3.58817
2.86158,3.53421,4.16602,2.42605,4.69923,3.23463,4.76423,3.88039,4.91195,3.35427
3.11799,4.4554,3.58306,4.53426,3.67755,3.46318,3.50706,4.09299,4.36295,1.68489
4.58433,3.13409,3.95202,4.05845,5.18068,4.33257,2.70839,4.13876,3.99569,5.06694
3.05363,3.70966,2.43802,3.02512,4.88966,4.93621,5.26536,4.15456,3.39087,3.36608
3.54204,3.65762,4.10052,5.08083,3.68874,3.04056,5.13254,2.60898,3.84997,4.5768
2.80218,1.91852,4.13583,4.78162,3.41436,4.14645,5.24917,3.5328,4.54986,3.68333
3.81136,4.97854,2.86486,4.57885,4.43367,5.18052,6.13336,3.07871,4.64069,4.0045
3.12631,3.19785,4.1869,4.3591,3.70398,4.74982,3.80622,3.92241,3.95957,5.15783
5.17797,3.2474,2.83779,4.3763,2.64713,5.78195,3.84593,3.72557,3.12479,4.95154
4.0355,3.96137,5.38253,4.52177,3.82436,5.67443,4.56328,2.95259,4.62555,2.78531
3.91974,2.53974,4.33029,3.4155,3.02432,5.75168,4.45381,5.08238,3.98178,5.31856
5.6237,1.84417,3.92366,3.03459,4.505,4.87067,6.73946,3.66436,3.60461,4.39934
4.10055,2.02184,4.59285,3.18428,3.90085,2.30281,4.70574,3.22648,3.59761,4.07241
3.66557,5.03953,3.69861,4.87132,4.39294,3.92328,4.41299,4.00877,4.86758,3.79812
5.04426,2.96334,4.04967,3.62465,1.89279,4.36906,3.80638,4.31403,3.26567,4.0438
3.59131,5.5221,2.64184,4.70915,2.29981,3.75172,3.09078,2.31291,3.48463,2.86631
4.41424,3.69764,3.22693,5.52668,5.88374,3.97251,3.12011,4.1261,3.23303,5.46107
3.62965,4.66777,4.82389,3.28246,4.61387,4.56835,2.06273,3.27068,4.37781,2.80244
3.87009,4.49563,4.57609,4.12093,5.00482,2.79194,5.05737,3.55337,2.36171,2.3239
3.4624,4.11026,4.30165,4.69175,2.72441,4.68636,4.64645,3.04023,2.20746,3.07899
3.469,3.38695,4.02547,4.49981,3.2819,4.61454,4.83237,3.88366,4.34571,4.40459
3.87186,3.424,3.08349,5.52635,5.0886,3.42904,4.46151,3.98594,3.52444,5.51733
4.63756,2.12814,3.09878,3.84487,4.72707,5.2835,3.87256,3.29989,3.26284,5.55819
6.03597,5.69817,5.89434,3.83881,3.25174,5.48515,3.66089,2.77936,4.66304,5.55334
2.78008,4.05064,3.87743,3.79164,4.10263,4.90052,3.51098,3.21235,2.12415,5.5163
3.38976,3.63896,6.67488,4.40128,4.00863,5.03402,6.05565,3.34293,4.08308,4.49466
3.1387,4.42071,3.78082,2.10744,5.36706,3.21128,4.21312,3.78937,2.96398,4.97632
4.70949,2.99764,3.41547,3.71561,4.38419,3.81637,2.46832,4.99553,4.35521,6.19348
5.19862,3.40482,3.88625,5.77439,2.9899,3.38474,3.13242,1.54895,3.94112,5.03231
2.37834,4.42396,4.40554,3.63122,3.49061,4.63497,2.47307,5.17589,2.18928,3.29417
2.30209,5.94291,3.84202,3.17404,2.65341,3.43881,3.63274,2.82218,4.30373,4.05749
4.16319,5.33588,4.3988,3.60829,1.7247,4.76415,2.72389,2.67955,3.05743,4.40094
3.1005,2.50588,4.11998,2.80042,5.77442,5.39299,4.22491,4.08569,3.24576,3.62177
3.82511,4.20332,5.09256,4.17624,3.62357,4.3364,4.56428,5.15199,3.22737,1.59719
4.32142,5.17437,3.42136,2.5777,3.99524,3.23917,2.44255,4.61989,5.41021,3.43498
5.05676,3.38299,5.09793,2.94033,4.35754,3.54511,5.14423,5.40911,4.82851,3.89895
5.49114,2.53222,3.84359,4.24334,4.43075,2.99643,4.1394,4.5783,3.7612,4.1461
4.07652,4.28312,2.06145,5.70807,2.571,4.52437,4.42314,4.21555,3.70498,5.37337
4.2042,4.81776,6.01813,4.664,3.13691,5.8831,3.98512,2.70582,3.36803,4.09861
3.05989,4.401,4.42128,3.77186,4.8912,3.52792,3.21009,3.80585,2.77781,3.94269
3.48639,5.0227,3.56162,4.4355,5.01981,5.02088,3.60911,4.88579,1.85781,3.65069
4.2229,2.73625,4.42003,3.83919,5.36527,5.58174,3.56266,4.77886,4.33673,3.06731
4.72662,4.09264,2.72199,4.96299,3.06037,5.17988,2.49239,3.49224,4.67945,2.54956
5.34841,2.08844,5.17815,3.16987,3.04036,3.53576,3.7514,4.10371,4.14306,3.63679
4.76756,3.12141,3.58694,5.31475,1.78565,4.28462,4.56542,4.20247,5.09108,3.39651
5.32336,4.09985,4.36106,4.67149,4.39448,4.28779,4.43323,4.20123,5.55716,3.35346
1.75659,2.81931,2.93015,2.10015,3.10336,4.82187,2.83763,4.44345,3.36097,4.69559
4.3625,3.64566,6.12873,5.33967,3.0927,2.81812,3.50275,4.55122,3.36372,5.18692
3.97471,5.19488,4.40547,2.21454,4.14817,4.662,5.66576,5.24664,4.95104,2.37249
5.64395,4.63485,3.23061,5.25721,4.29493,4.55448,4.77602,2.90407,5.31403,4.28707
4.6236,4.79769,3.25238,4.21715,3.77081,4.04476,2.62858,4.21527,3.84329,5.47818
3.30308,4.00415,3.13068,4.60596,3.65351,7.1026,5.02149,4.20088,3.71147,4.02104
2.9203,5.1418,3.21193,3.96386,3.56616,4.12051,4.15466,3.25558,4.51229,3.67525
4.11952,5.46421,3.97197,4.37907,4.26541,5.20849,4.90365,3.97867,3.04457,2.4441
4.41037,3.48654,4.0956,3.55856,3.33083,3.86264,1.43954,4.62163,3.26317,5.06341
5.09562,3.87224,4.57681,5.29929,4.96624,3.37773,5.8844,3.73086,5.31506,4.05345
5.29153,4.32983,4.31197,4.97363,5.14231,5.11675,5.21055,4.85263,3.50257,4.60977
3.30876,4.85991,3.34773,1.46676,4.69954,4.17035,3.49582,5.78231,2.47502,2.61701
3.15437,5.82544,4.20104,5.82788,1.4205,2.64623,2.85355,3.85876,5.63466,5.78563
2.57812,2.85016,4.25715,5.54689,2.95418,6.49635,3.5751,3.42896,2.9358,3.64298
3.08533,5.10518,4.08572,3.43412,2.42817,3.01668,4.56161,4.91372,2.46894,5.36854
2.47183,3.30769,5.22104,4.72546,3.4011,3.63839,3.98977,3.40495,4.61472,4.92263
5.15229,5.08811,3.8769,3.9658,3.13819,5.90133,3.56605,4.26814,5.17024,3.85254
4.40008,2.04459,4.45835,4.12469,4.68996,3.08835,4.81108,4.13838,4.26735,4.05274
2.01516,5.20516,3.39954,3.24906,3.69746,3.59841,4.0933,2.96159,4.68696,3.26293
3.70798,5.65047,3.48391,3.98058,4.80463,4.69934,3.89561,3.5236,2.70675,3.43317
5.71915,3.5664,3.48481,4.37496,4.22594,5.75482,4.06766,3.6027,2.30364,4.01991
2.52267,4.32911,3.44175,2.40175,3.74912,4.83273,2.56859,3.22728,5.49092,4.10262
2.55133,4.90381,5.2326,5.09352,4.60538,3.55485,4.11743,5.41275,3.72481,3.23005
2.7442,4.53575,3.09665,6.769,2.63356,4.14428,3.68553,6.0985,4.67505,3.21258
5.38666,3.45934,3.67347,3.98633,4.26921,3.80152,5.14774,3.76025,3.34748,4.27415
2.90761,4.55707,3.08329,3.99416,3.95421,4.25786,3.37261,4.28173,4.15644,4.22079
4.24616,4.32516,2.54545,3.29108,4.95054,4.15175,4.50927,2.63351,4.72069,3.57234
4.61603,3.80787,4.76054,4.47329,3.13658,2.51249,5.38899,3.97123,4.1362,4.36254
4.61304,2.65456,4.84132,2.93804,4.42254,4.98736,3.35054,4.45583,2.4079,5.02762
4.11058,2.8549,2.92954,3.05704,4.02282,3.20564,4.14752,3.5935,2.04171,2.9674
3.58436,3.22267,5.96373,4.33903,3.94626,4.7745,2.69152,3.78772,3.67724,4.25747
2.38906,3.55264,4.77869,3.64861,3.41812,1.80716,5.18988,3.68759,5.19446,3.73684
3.30711,4.916,4.28225,1.76226,4.30681,2.32221,4.9945,4.12135,4.10178,3.68254
4.09764,4.66689,3.45506,3.75252,6.08547,3.08559,3.42976,4.02445,3.84215,4.54923
2.17766,5.09392,4.31367,6.15073,4.39834,2.84033,4.55036,3.55924,6.30402,3.55883
3.73576,3.51969,5.9217,6.48745,4.54524,3.59847,5.25861,3.71542,4.20675,4.73806
3.01253,4.19626,3.71853,5.37278,3.03388,4.03499,3.39667,3.53485,4.62187,3.44357
4.21109,5.8725,3.10085,3.53123,2.86173,2.12283,2.35314,3.21393,4.16062,4.56
4.37251,4.23652,3.02246,3.23921,4.75406,5.85766,3.43679,4.03661,5.01763,4.34875
2.86813,3.13699,4.71465,4.11817,4.50564,5.40108,4.09864,4.48455,4.9612,1.8672
4.54842,1.71784,4.54995,3.33934,4.95924,5.80409,3.74575,5.6971,3.74654,3.01407
4.46891,2.52306,5.35895,3.92225,3.63338,4.43159,2.46013,2.80119,4.06357,4.87659
3.47359,3.03776,6.05929,4.53183,4.75614,2.2253,3.98564,5.52091,3.79309,4.6166
5.61994,3.86241,3.43118,2.55448,4.50121,5.33426,3.86114,4.41247,4.60382,5.58812
4.62156,3.01362,4.32316,3.18816,5.39255,5.02032,4.76997,3.45408,3.65249,2.90445
4.76502,2.87185,4.03872,4.98267,4.35113,3.75486,2.70507,3.87308,4.50783,5.44721
6.02523,4.09009,3.86221,4.53112,5.04004,3.71221,3.14373,3.30256,3.03911,4.68995
4.03708,3.04179,4.22937,4.46952,4.5112,2.25481,4.01265,4.10373,4.90434,5.17289
4.72894,3.40475,3.74399,2.66797,3.90279,2.58126,1.97535,5.70928,5.05519,5.30379
5.61647,1.88532,3.93341,1.97314,3.09438,3.71707,3.59368,5.8065,3.80038,3.36034
2.63003,4.07578,3.99232,5.30243,4.12123,4.05127,5.18724,4.23992,4.96773,4.20469
3.90059,4.00653,4.2741,5.13601,5.19745,3.02441,5.50988,4.70747,4.47842,3.64537
3.57789,3.34111,4.05443,4.5798,5.27158,5.87658,2.88498,4.341,1.89609,2.16579
3.44993,4.23736,4.65424,4.07945,4.58238,3.67385,4.96029,4.78965,5.51388,3.21832
5.13694,2.86949,5.2016,4.36111,5.29986,4.09955,3.69129,3.18724,3.88869,2.86408
5.04254,4.14804,2.89045,3.0023,4.76718,5.1836,3.01417,4.39145,4.39135,3.87409
4.44834,2.37108,4.65977,4.35067,3.84744,5.20286,4.85453,3.76614,3.65164,4.06249
4.07181,3.34987,2.9665,3.31893,3.96442,3.3398,3.70469,5.74877,4.04763,4.91234
4.48129,3.07613,4.87329,4.25331,3.02588,5.58973,4.3065,3.51033,3.99455,4.69256
4.17954,3.32679,2.81927,3.06667,3.89483,2.46248,4.85563,3.59095,3.04367,4.56369
3.05071,3.53204,3.25356,2.86682,5.49563,4.76967,6.19025,6.60256,3.43827,4.39232
2.83395,4.77262,3.02221,2.97905,1.93432,4.71975,4.20075,4.01541,3.74895,3.61676
3.78937,3.98591,4.35832,3.51674,2.98089,4.13814,4.27968,3.46117,2.15411,2.75696
3.44583,4.03739,2.36693,4.96685,4.56092,2.99651,2.21606,3.80504,2.60463,4.06204
3.96265,4.10484,5.15514,3.67951,3.53967,5.16733,3.70839,5.34261,1.80884,3.12714
2.09392,4.01624,2.9472,3.44922,4.44881,3.44736,4.77217,4.55605,3.05207,5.0606
2.62932,2.28708,3.69427,4.60843,4.1631,3.02115,4.14752,3.86035,3.74791,3.06234
3.62371,2.92287,1.86377,3.94354,3.48193,3.28224,4.43221,6.38761,5.70577,4.90546
4.32085,3.26452,4.81347,4.91165,4.73449,4.55401,2.71759,3.91721,5.29658,3.24139
2.02644,3.05572,2.41637,3.09823,3.75837,2.80388,2.77757,6.52122,4.26908,4.59957
2.00181,3.79484,3.85558,4.59518,3.37093,4.37791,5.20495,3.5163,4.34764,6.56309
3.05432,2.48065,3.35672,4.49293,3.85751,4.40883,3.64644,2.77949,3.67574,4.36895
3.78703,2.62441,4.39731,5.81235,4.04959,3.72372,4.79244,3.95545,5.37128,2.60779
3.39487,2.68093,5.26789,3.68183,4.60576,3.46965,4.92232,3.85663,3.0931,2.94519
4.68,4.15135,4.45807,5.21024,2.64769,3.67915,4.53678,4.21526,4.25344,3.95583
4.98222,3.47907,4.01724,5.11971,5.58519,5.00353,5.11569,4.37299,5.87328,5.14503
4.08941,4.47451,5.19417,4.13343,3.81595,3.91749,3.90023,4.67743,1.25843,5.03152
4.363,5.55882,3.82143,4.04227,5.92277,4.01317,3.91317,5.75756,4.91441,4.09836
4.59553,3.55008,1.88675,4.09288,4.90196,4.66969,4.39286,2.24751,6.31113,4.01051
4.76363,3.10182,4.33713,3.05549,5.04357,4.74051,4.50843,3.6784,2.78055,2.44347
4.09386,2.41115,3.70762,2.59215,5.3255,5.21136,4.15514,5.09626,5.14725,3.76584
3.50171,5.7755,4.04367,3.41939,3.90409,3.53791,4.94793,2.89989,4.84327,5.36171
4.19409,2.41623,3.68609,3.55123,4.13417,4.1111,3.4659,3.75779,5.01801,4.13159
3.53358,5.05839,4.73387,4.64483,4.94195,5.64566,4.38592,2.85685,4.20485,5.45861
4.3971,4.28051,4.20152,5.04807,3.95095,5.18137,4.26308,4.47853,2.4233,4.86783
3.74784,6.19672,3.45279,0.99298,4.91711,4.6827,3.29281,2.54696,3.37803,2.53852
5.07291,4.62771,4.92948,5.23737,4.17167,3.47072,3.65919,5.26028,3.483,5.37924
2.21708,4.75448,4.26009,2.88035,2.542,5.37707,4.85045,1.99962,2.95248,3.91305
3.20406,3.64676,3.38119,3.2261,4.30934,4.92855,3.4737,2.31431,4.73108,5.38943
4.33891,3.98087,4.43424,3.87137,3.06346,3.87585,3.33832,4.1335,2.95131,4.29247
4.17986,4.33379,2.52824,2.56442,5.05261,5.04071,2.98196,4.51364,3.25581,4.13626
4.23385,4.16151,4.22159,3.6222,2.69662,2.80035,3.55721,3.25156,6.54136,4.28921
3.90032,5.6518,3.3713,5.73538,3.48024,4.81316,4.21952,4.1906,4.2204,4.39653
4.76873,3.82444,3.5288,4.55339,3.37377,4.51955,3.67476,1.99663,4.00587,3.86557
3.566,4.07607,3.39974,3.34465,4.60245,5.36082,3.58244,2.65107,4.94573,4.39638
4.10084,4.86288,3.27426,3.64173,2.95034,3.32491,2.11706,2.61924,4.42725,3.47867
2.32675,4.57502,4.13942,3.07988,0.931083,4.32264,3.84294,2.80855,4.72084,3.219
2.58443,4.25333,3.9012,2.40026,5.77792,5.07873,2.38546,3.83278,6.18002,3.56649
4.08809,3.56219,6.13595,3.58402,3.38325,4.31885,3.89131,3.85123,2.66751,3.99475
2.46258,5.63014,2.92818,4.0952,4.03672,3.06484,4.33262,5.31265,3.03987,3.68592
5.04858,3.0016,4.23389,3.96013,4.4075,4.28456,2.60096,1.88547,4.09364,3.76757
5.18088,4.40596,5.26327,5.20797,1.73216,3.00363,4.49579,3.33648,2.34189,4.81054
3.29977,3.49673,5.33864,5.36313,2.96465,4.17767,3.51163,6.37061,5.16319,3.37504
4.60292,3.75168,3.87812,3.11025,2.09254,3.76445,3.30624,3.27259,3.08407,1.87773
2.08825,4.7095,2.15322,4.46309,5.54077,3.65296,4.45262,5.52455,3.8877,4.46365
4.22586,4.11945,3.58955,4.24754,3.75892,4.63238,5.71995,2.87969,4.51033,2.03681
2.50494,4.85525,4.11136,4.70004,4.67996,4.80836,4.62208,4.01137,4.62797,5.35997
3.26868,3.17795,3.00976,3.83965,4.6183,4.41935,3.47375,4.52198,3.1857,3.71161
4.59877,3.12393,4.063,3.3728,3.87594,5.2755,2.20382,2.63153,3.75535,3.70828
3.81262,4.30958,3.97876,3.33176,4.0391,4.4836,5.95166,4.61123,5.11487,1.65937
4.46975,5.03229,4.24524,3.99232,3.5966,4.72598,2.72563,4.02386,4.31188,2.89583
4.75554,2.48462,3.26212,2.30574,3.48337,3.08781,5.88367,5.07826,3.72089,3.64102
5.04706,7.46814,3.63601,4.17794,4.79032,4.52576,2.48865,3.38455,2.54753,4.09136
5.77105,4.39739,3.35861,4.05562,1.22517,3.4056,4.84319,4.9788,4.55081,4.98962
3.55073,3.6396,4.4316,4.27982,4.62563,3.11179,4.07011,4.45847,4.32837,3.04525
3.36104,5.23249,4.69025,6.08493,4.39167,3.7775,4.22185,4.46313,2.37893,3.84325
3.55286,5.06296,4.1649,2.08802,2.90214,4.20774,5.91311,3.98587,3.35189,3.81948
3.51895,3.26826,3.83006,2.96717,4.65324,3.38192,1.52924,3.80123,6.32551,3.86459
5.97256,2.98374,5.12372,2.7776,4.41774,5.75157,3.90619,3.20962,3.32183,1.98548
5.22345,5.06784,3.94058,2.51539,3.13957,3.2131,4.3553,4.44835,4.18381,3.69519
5.03074,4.86671,3.8084,0.858764,4.68718,3.27088,4.63254,5.80362,4.50097,5.89609
4.1524,5.13335,3.73569,4.96384,2.19744,4.93108,5.4939,4.43144,3.28579,4.38575
5.39094,3.42232,3.72768,3.22088,3.67359,3.25231,4.21635,2.13362,3.70464,3.06619
5.5207,3.93984,4.58122,4.62329,3.868,3.28098,4.03174,4.53595,5.02938,4.34619
5.06177,4.80802,4.06969,4.50826,4.81461,3.99929,4.73057,2.74142,3.74839,3.8712
6.32244,2.24194,4.10141,3.14723,3.09487,3.46691,3.23354,4.18584,3.41152,2.39673
3.10066,3.294,5.05954,5.12352,2.67849,3.46015,5.12534,4.23261,4.91517,4.31217
3.92016,3.7146,3.6668,4.19552,5.07155,5.76956,3.9417,4.1853,3.00742,4.60413
3.28195,3.27517,3.59209,4.62654,2.02666,2.92074,3.31166,2.69912,5.00398,5.15913
3.41994,3.83739,4.31287,3.65402,3.24343,4.85821,2.02914,5.19976,3.41534,5.15479
4.82714,2.67161,4.377,2.65916,2.27676,4.58907,3.44633,4.68022,4.97795,5.07963
3.99412,4.10787,3.22582,3.62457,5.16031,2.20964,3.68694,4.61206,2.13412,4.10136
4.71151,3.07697,2.45666,5.33104,3.65881,1.27007,3.57806,3.06568,3.12152,5.31892
4.22035,4.16028,4.55086,5.89922,5.57571,4.36096,3.18772,3.43815,4.06605,4.14475
4.44223,3.10981,3.40099,2.93774,4.03086,2.64817,4.58408,3.41625,4.21307,2.73004
4.89058,4.00338,5.63864,1.83229,5.07682,3.60443,5.29799,3.52377,2.95527,3.91973
3.56517,3.88656,3.13703,2.4917,3.9746,5.26535,3.80099,4.20639,2.53981,2.95217
2.18795,5.02463,5.9266,3.63258,5.22679,5.6385,4.25734,4.09919,4.08238,4.82786
4.78179,2.6116,3.61885,3.01748,3.1549,4.77797,3.54189,4.60619,3.85033,5.19553
5.52175,5.10741,3.6823,3.68097,3.42235,0.872373,4.72502,4.45704,3.83307,3.88723
3.40126,4.54314,3.18741,3.35012,4.94248,3.63876,3.56675,4.91692,4.79998,2.28687
