10
2.77421,4.88054,2.99167,4.74361,4.7358,4.07939,4.83687,5.43494,3.40521,3.35791
3.22394,2.77229,4.10871,4.4782,3.88094,3.12514,3.33348,4.44256,3.58944,4.64747
3.241,3.28731,5.4929,4.61525,1.5605,2.75596,3.43656,5.24058,4.97947,5.18505
3.83952,4.94285,3.34367,3.71505,3.29456,1.67446,3.61038,4.29921,3.63765,4.99085
3.02491,4.71386,3.13217,3.09164,3.18317,3.89706,3.17676,4.10616,4.0394,3.92141
4.29193,6.10854,4.93447,4.77607,4.08448,4.24441,4.34011,3.26046,4.23357,4.48029
2.75213,5.06055,3.84306,3.10587,2.69666,2.32267,2.64098,5.12992,3.93591,4.03685
4.79541,3.63575,3.19408,2.75009,4.57391,2.79826,4.06807,4.429,5.93872,4.86281
5.01656,4.95079,3.52094,3.39615,4.23633,2.51951,3.12036,4.21781,3.21915,3.84804
3.29367,3.07712,2.79671,5.65378,3.05408,3.24502,4.24935,5.19532,3.57635,5.00984
5.88254,4.05393,3.94957,3.81791,3.79693,3.19301,4.72771,3.67931,3.36503,7.25415
5.4984,2.88769,2.01692,3.12134,4.40597,4.28044,5.52284,4.3785,3.81357,4.08623
5.0857,4.87165,3.64832,5.30367,5.57921,4.63508,3.31697,3.5887,4.28241,2.93575
2.17112,2.59997,2.08769,5.01388,3.83846,2.32072,4.29282,5.41956,4.75811,4.04263
2.34483,4.13489,4.90594,1.82858,3.6502,3.88347,3.50864,3.73224,3.02033,4.03498
3.77247,4.46464,4.11015,4.34964,4.46076,3.19959,4.53839,2.23585,5.05746,5.60873
3.34573,3.07143,4.96886,3.49117,3.34984,3.87561,1.11133,4.45628,5.27375,4.75753
3.63594,4.19318,2.74165,2.91602,2.97178,3.58505,3.60391,3.03687,4.85095,5.3269
5.29928,4.8068,2.42692,5.8637,2.5196,2.27639,3.30293,4.73587,4.18083,4.32687
3.45815,3.71662,3.18611,3.5122,2.36326,3.86592,3.4649,5.48707,2.74833,2.80174
3.97648,2.8769,4.27918,3.86096,4.58835,3.18507,4.65131,4.87825,3.75971,3.71773
1.71416,3.13929,4.66118,4.69953,4.583,3.37424,4.98801,4.13665,3.05491,3.76934
3.74536,3.30427,4.78698,3.89479,4.55119,3.1055,3.31573,4.51172,2.30743,4.47937
4.00022,3.87945,4.03219,2.25772,5.84392,6.22609,5.85405,3.33427,5.29404,6.28365
3.61858,4.02857,1.33095,4.93866,3.414,4.99366,2.56903,2.91375,4.03137,3.69404
2.68096,3.49108,4.22651,3.70883,2.57669,4.98787,3.05138,3.07812,4.76815,4.35603
4.16604,5.75048,3.79036,4.11985,3.15207,4.70599,1.91691,4.79189,4.61484,2.54392
2.47485,3.45486,4.4411,4.37001,4.40953,3.32126,4.3541,4.12797,2.8589,4.9588
2.66858,2.24429,4.09411,4.54126,5.38495,2.86985,3.87604,3.43116,2.99759,3.17689
3.01124,2.45401,4.80264,4.36682,2.49678,4.141,5.32835,4.07494,3.45756,3.94163
4.06693,3.78946,6.05382,3.09815,3.4296,3.46607,2.10335,5.25776,4.34344,5.43863
3.67998,3.83582,3.1271,4.43995,3.55737,3.35228,4.55531,4.20451,1.90316,3.67906
2.74702,3.9283,3.23697,3.82824,5.45427,3.61539,3.33062,2.88157,4.24454,4.97969
5.62668,3.80688,4.62798,5.57404,4.25682,4.02587,4.91525,4.97929,3.60515,1.74243
5.67525,4.70872,3.38539,4.71781,3.9779,3.26825,2.89259,3.16943,3.42489,4.47448
3.44171,4.8756,4.02714,4.02755,3.40159,3.99222,3.7025,2.70559,3.54535,2.52663
3.82096,6.35859,4.66444,3.31947,3.92458,3.04336,4.33789,3.54108,2.40044,1.66674
5.07619,2.29511,4.6782,3.50395,4.5914,3.19431,4.4875,3.31803,5.68831,3.84021
3.78613,4.58792,4.35856,2.86637,2.70899,2.90656,4.5839,4.47659,4.06942,4.18045
4.14643,2.62103,5.18282,4.12896,3.39778,3.93418,4.27389,3.44709,2.46147,4.41205
3.25506,2.68244,3.64861,4.40633,4.27203,6.0833,6.04246,5.1161,2.72616,5.29159
4.79879,3.82515,2.86865,3.31172,4.33907,3.65081,3.32008,5.87989,4.03152,4.7262
2.43096,5.56458,5.34288,1.96665,3.8204,4.67149,2.31933,4.7261,4.29815,3.04569
3.35936,4.51826,3.14893,3.77777,3.84342,5.44322,3.72398,2.86131,4.27845,5.32955
2.34447,4.47183,3.0749,4.04309,4.22171,4.14571,2.80681,4.43297,5.69077,5.14877
5.13068,4.6119,4.55505,4.02206,3.38605,3.90959,2.88931,3.20988,6.10645,3.20916
3.58758,4.20446,3.11794,4.47332,6.65727,4.62585,3.89134,3.53234,2.79386,3.52513
4.60614,3.21496,3.85736,4.32568,3.70263,5.41931,5.56573,3.57292,4.07928,2.87267
4.50108,6.07744,4.32187,5.17146,2.51037,3.5264,2.98837,4.96495,2.93964,3.09876
5.31734,3.35943,5.28309,4.46351,3.59809,2.8711,4.04317,4.91783,2.29122,4.75431
3.8188,2.929,3.29091,4.94233,4.42814,5.68791,4.15542,4.596,3.83716,4.99029
3.50918,5.1651,5.75437,2.60463,2.98807,3.57453,5.01559,3.64007,4.93876,3.58708
4.54115,4.36369,4.08218,4.34639,4.22306,3.44751,3.83907,4.44309,2.98576,2.52182
2.03506,3.08513,6.20412,4.6701,3.19402,6.95253,5.84546,2.40729,5.15065,3.98603
5.54747,3.82687,4.64158,3.39409,3.926,4.37529,2.22181,4.97884,5.79406,3.774
4.59489,5.18629,3.01865,4.15963,2.76371,2.73639,3.12609,5.08825,3.07785,4.6444
4.58885,3.6503,4.4074,2.78346,4.16307,3.70175,4.63818,4.44491,4.83493,3.74445
2.39045,3.676,5.86488,3.79005,3.09686,4.7757,4.70396,4.59668,4.60713,3.60215
4.2792,2.92207,3.74362,4.69684,3.91962,4.20943,3.53714,5.68589,4.08178,3.97577
3.26904,5.13043,5.90516,3.66901,3.56202,3.645,3.2342,3.77261,1.0425,4.42462
4.17125,3.75631,4.83221,3.37992,4.24478,4.28598,5.4978,3.15259,3.13881,3.95493
4.98148,5.26373,3.42195,4.71917,4.15505,5.51298,3.65826,3.50806,1.52447,2.90614
1.93506,4.21504,2.78577,3.12914,3.5058,5.63382,3.55096,4.47439,2.7931,3.5571
5.57289,2.89328,4.16075,3.59013,4.17575,2.45896,3.51482,5.87594,4.5425,3.86929
3.71988,3.72364,2.89684,5.07857,3.43978,4.72904,4.31681,3.07917,4.95365,4.32257
6.46437,4.38212,3.10115,4.67455,4.61832,6.37686,3.66512,4.83078,5.3147,4.52957
2.35719,4.05734,3.98799,4.31338,2.65292,3.94992,1.78588,2.99524,3.57584,4.9318
3.2814,4.74007,2.37116,3.70306,3.6735,3.63888,4.34863,3.54135,3.77757,3.82062
5.19838,3.88736,4.93809,4.63149,7.52584,3.12749,4.93627,6.40968,2.85868,4.20352
3.80411,4.9582,4.14355,4.69374,4.31552,5.30555,3.3071,3.51622,5.40139,3.00014
3.24803,4.42873,2.29763,4.20517,2.44679,4.99763,4.10657,4.40336,5.4812,4.76656
4.30295,5.17086,3.28142,3.0202,4.19766,2.59699,5.03197,4.83116,4.19687,4.24978
4.46074,3.73482,2.90717,2.99302,3.65394,4.37934,5.15218,5.07262,4.83308,5.08935
3.87226,4.66873,5.69782,3.52698,4.73749,3.56546,3.41058,6.29513,3.27819,3.85325
4.01554,5.18114,3.89335,4.54151,5.06274,3.49218,3.56254,3.96125,3.79822,2.87238
5.49424,3.70579,2.91043,4.16444,3.78146,4.2376,4.85039,3.65275,4.13815,3.23451
3.31416,4.04676,4.34792,2.92079,5.83336,2.62336,3.05597,2.99819,4.46897,5.22762
5.07288,4.17004,4.67788,3.95667,3.62636,3.63962,3.64878,5.41057,2.38052,2.49622
3.70953,0.320246,4.32312,3.94558,2.74467,2.99872,4.57853,4.55351,3.88331,5.4505
4.52915,4.53102,4.32724,5.27054,2.72401,4.77918,0.895234,4.88446,4.87523,4.57295
5.0078,2.94244,2.50051,3.49857,3.64366,4.56902,3.30415,5.0074,3.93511,4.03341
3.57267,4.3834,3.57978,3.89476,4.85357,3.83492,3.78322,3.49398,3.8712,4.25513
4.14119,2.72959,3.24647,3.31357,5.03263,4.24264,5.60612,4.38726,4.12868,4.83226
5.43436,4.39516,2.04114,2.84148,2.94974,2.00896,4.19524,5.24626,4.41063,3.16057
4.24397,4.30979,2.99565,2.91708,3.83258,2.77432,3.62348,5.38173,4.59223,4.45904
2.50053,2.62419,3.73422,6.02385,3.0891,3.32139,3.33169,3.54911,6.51988,4.97821
3.21815,3.26635,3.20432,3.4763,4.46739,4.39429,3.81785,3.39812,3.69966,3.13417
3.89699,4.37205,2.08423,1.94274,5.7413,3.09311,3.23787,2.68849,5.71563,3.97353
3.20757,4.48487,5.53165,5.00913,5.48985,2.81707,3.9428,4.29641,2.95862,3.67185
2.55236,4.59759,4.33416,4.37079,3.82553,5.01012,3.18898,3.20261,2.99122,4.17595
2.62188,2.73808,2.8795,5.25419,3.95899,3.18128,3.80742,3.83846,4.68875,5.26149
3.7023,4.25264,3.61677,3.80237,3.63401,4.85251,3.7288,4.52589,4.34485,3.05911
3.25901,4.00065,4.7913,3.72267,3.63281,2.78374,5.13121,4.3635,3.75693,3.72832
2.90244,5.58069,4.33326,3.56205,3.95197,4.33616,4.87447,2.9403,3.10123,1.66568
2.44572,3.44985,5.43069,4.61089,3.50887,2.96846,3.76134,2.80931,3.19029,3.23657
4.44218,4.06592,2.97774,2.42989,1.87854,2.92099,4.64864,2.90444,4.02448,4.23419
3.34053,2.70589,3.17489,2.74072,3.68099,2.65126,5.74608,3.37006,3.21653,3.62655
5.02188,2.61781,3.4392,4.729,5.25151,4.87519,3.35095,4.61051,5.20173,3.71326
3.73763,3.46179,3.24423,3.30284,3.62347,2.12476,4.4492,5.31427,4.55994,1.06289
3.78628,3.14469,2.24036,4.90135,3.7098,5.43402,2.72169,5.24354,3.86009,3.42454
2.87993,2.98579,6.62167,4.00387,3.89989,3.81792,4.05251,2.98694,3.76403,3.77849
7.18822,4.12361,3.96596,5.16966,3.80627,4.95073,3.11674,3.5328,3.53685,4.41321
3.68549,2.30792,3.61992,3.32084,4.21021,3.18296,3.19027,2.34117,3.94895,2.37961
3.21923,4.02338,4.3624,5.75345,1.96198,4.30175,3.49602,4.16133,3.22097,3.70437
4.42595,3.5057,4.00854,4.10467,1.9202,3.85623,1.73374,4.19631,4.4746,4.64433
4.2679,5.3381,4.94736,5.86511,3.39721,3.91914,3.67027,3.8772,3.93812,4.09896
4.51164,3.97855,4.11816,4.50576,4.98813,2.43627,4.98725,2.71528,3.27014,4.17345
4.9281,6.5457,4.29857,3.24907,2.87458,5.58544,4.10313,3.91974,2.53989,5.06517
6.52149,5.03708,4.47942,3.61183,3.19845,3.48043,4.08864,4.58648,3.86463,5.29295
4.40017,5.58936,4.83638,4.96127,3.43142,3.60718,4.02583,3.63114,5.118,2.94237
3.54271,4.73123,4.25058,2.67969,3.83595,5.46637,2.68405,4.59227,2.77791,4.17677
3.00794,4.87138,2.92781,4.25493,4.18697,4.50643,3.60891,5.71725,2.68441,3.41105
5.58572,3.88204,4.53403,4.58608,3.92877,3.33596,3.70533,3.20851,2.20253,3.79142
5.0758,4.07726,3.82899,4.86825,3.66431,4.51909,5.45748,4.29739,3.97001,3.71907
6.09214,4.51756,3.65688,4.02859,3.04889,2.08304,3.30124,3.58734,3.60018,1.77378
4.51833,4.86011,3.50193,5.1569,3.84024,4.51725,5.81152,3.73228,2.92283,3.87201
3.10282,4.44686,3.21859,3.12923,4.89319,4.75208,2.94655,2.6748,5.96844,4.18617
5.73405,3.47682,3.33079,4.98798,5.12228,4.15635,4.39733,5.51465,3.15833,5.99841
2.48091,3.71779,5.90695,2.83647,3.99816,5.02711,4.2665,4.85183,2.64302,4.67331
4.16333,2.49179,4.00494,5.31611,2.65223,6.34953,2.92819,2.27499,4.51055,5.91822
4.52301,3.95682,4.89857,3.67247,1.74659,3.54644,5.17205,4.94135,2.45371,4.35574
3.67606,5.6163,4.89861,5.86745,3.35615,4.42198,2.78792,2.53948,4.06404,3.20242
3.98054,4.4361,3.72161,5.69479,5.09803,2.85128,4.02143,5.92618,3.38249,4.3301
2.74317,5.00198,2.81689,2.9648,4.04387,4.00884,4.31652,2.76362,3.07513,3.6437
3.7261,6.18587,4.34451,3.4544,4.60573,3.37087,4.97436,3.65926,4.58758,4.04648
4.92384,4.60656,2.55371,5.83606,2.95989,5.44598,3.61559,3.40763,3.9002,4.05208
4.02399,3.27967,5.30122,3.2421,5.04475,4.22954,3.09052,5.11261,5.57865,4.56147
7.23306,4.0353,3.28544,3.69226,2.70355,3.77159,3.5984,2.67659,4.92677,3.57549
3.89444,3.60372,3.29542,2.02799,3.96977,4.35117,5.16384,3.85469,4.00076,3.2523
2.55458,4.34278,5.5849,3.27343,2.0815,4.16525,3.15715,3.68966,2.94527,3.73411
4.40958,2.85137,5.55324,3.81911,4.049,1.65579,3.09616,3.00693,3.08693,3.34012
3.68423,5.42255,3.62231,6.44845,3.60111,4.17282,5.25573,3.2266,3.71955,3.82321
3.01418,4.51873,4.42826,3.611,4.66247,5.19928,5.03305,3.72445,4.7619,3.54727
5.69242,2.91203,4.96232,6.29455,4.84233,6.5037,4.43769,3.70898,4.27132,3.38086
3.29729,4.77419,3.42404,4.6566,2.85349,4.69247,2.81283,2.93647,2.50061,3.37808
3.82621,4.91043,3.86139,3.56265,2.57737,4.98352,2.03435,4.58605,4.5973,5.98504
3.55117,4.03546,5.72124,3.94522,6.09404,3.0747,2.20927,4.03778,3.91496,2.61276
3.4045,3.33774,3.50782,2.73309,4.42899,4.38875,5.19544,4.13375,4.13862,4.07904
4.55912,2.97396,4.54389,4.99402,4.42243,4.64396,2.17402,3.00405,4.94262,4.95187
3.99266,4.37507,5.3788,3.17398,3.40902,4.38682,4.29835,4.14613,3.47178,3.07147
5.25496,3.23807,3.32425,3.5368,2.76007,3.37388,4.57599,3.93603,4.23238,4.80621
3.84637,3.33308,4.53471,4.64164,3.75914,5.31545,3.98434,4.9175,4.76276,4.47749
6.12386,4.24861,5.48536,5.62518,4.25479,3.05689,4.3885,2.44177,3.63566,2.80391
4.42909,3.33182,1.46372,4.43112,4.00085,5.0629,4.60519,4.47595,4.35049,3.93107
4.75557,2.65358,2.69699,4.43699,4.53126,4.70569,4.38262,4.59518,5.48992,3.40087
4.33137,4.60738,3.94582,3.61025,2.00074,5.17846,4.18055,4.09137,3.56,2.88247
3.81851,3.14849,2.6538,3.3077,3.71886,3.82909,3.73315,5.4662,4.84485,3.41123
4.95652,4.50861,5.13521,4.14929,2.75349,3.5562,3.90261,4.57653,3.36131,3.56806
4.61306,4.1914,3.29217,5.57866,4.50814,2.67978,3.77944,4.31364,3.50795,1.65869
5.21414,3.81874,4.16694,4.5131,4.60613,4.62716,4.62159,3.96104,3.64908,4.52343
4.3659,5.16566,4.48285,2.47968,3.49239,4.43213,4.38538,3.694,3.34447,2.44926
3.67957,5.21524,5.29936,5.09303,2.75974,5.42663,4.10111,4.97102,4.39197,5.63943
4.55403,3.6913,5.18779,4.71932,3.95627,4.02624,3.80961,2.30865,6.99373,4.15397
3.19245,3.43952,6.16871,4.55686,2.83891,4.17724,4.73818,3.10911,3.50734,5.03266
4.93332,4.07004,3.43534,4.61638,4.61714,4.65985,3.93831,4.60481,3.90319,2.13946
3.40918,3.45747,4.16107,3.80264,2.5385,2.84439,2.51784,2.77114,5.18064,3.30738
4.24039,4.14903,4.26871,4.29541,4.64251,5.71025,5.04328,3.59268,5.83438,4.41237
4.90536,2.506,2.01915,3.55516,3.28031,2.21177,3.98806,3.88281,4.13171,4.67824
2.15072,2.06258,7.62762,2.70417,4.15606,3.43673,4.33409,6.00185,3.52318,4.19132
3.84959,5.10207,5.63476,6.48176,3.83906,3.20034,2.8411,3.96275,3.39058,1.72832
3.78467,3.16496,3.80925,5.04089,4.17034,2.56819,3.06089,4.04694,3.67619,3.91475
3.99805,3.32342,4.30785,4.34956,4.23308,4.54751,1.73395,3.15376,2.95791,4.39436
3.4371,4.9865,4.83942,3.98966,5.45529,2.89312,4.62738,4.30544,4.67408,5.11866
3.2962,2.80839,3.68861,3.95337,2.79016,4.50385,4.05061,3.89384,5.37609,3.28308
2.96514,4.21647,5.07843,3.93125,4.16137,4.22422,4.02885,4.09122,3.81186,4.30296
1.90404,3.49342,6.22585,4.43463,4.18257,4.43817,2.8575,4.23253,2.93228,4.8367
4.3918,3.68609,5.18321,4.22373,3.96165,4.79574,3.30584,4.20412,4.26227,5.16547
4.0784,3.45747,3.20095,4.15583,4.56741,3.90795,3.89134,4.57452,5.42318,2.09772
4.31916,5.01079,4.72547,3.02243,3.57058,2.72168,3.46839,5.29214,5.28678,6.11038
3.93512,5.01638,3.8041,4.14136,4.62218,2.86419,4.31391,4.08246,4.611,4.60966
5.81529,4.52729,5.25207,5.45274,2.86498,3.89079,5.05951,3.68915,5.30592,5.3934
3.0568,3.38944,4.69787,4.75053,2.83866,4.16203,4.18519,4.95771,2.77246,2.85476
3.64467,4.1064,3.38596,3.96384,4.19026,4.18987,3.60777,1.87656,5.85213,5.15542
2.63029,2.87204,3.33548,1.96338,5.13662,5.66375,4.36035,4.84441,3.00397,2.95983
4.28611,5.78604,4.67728,2.45215,3.14973,3.30353,2.70301,5.32148,4.92671,3.76118
4.85945,4.6634,5.66426,5.73154,3.28151,3.905,3.47426,2.94823,3.84981,3.8476
4.45103,3.48114,4.77316,2.98062,4.2055,4.40836,5.40907,4.3286,3.80844,3.75535
4.00639,4.15265,4.69363,4.53845,4.22675,4.78653,5.07424,4.43272,4.39125,3.95547
3.06747,3.40677,3.15139,3.61862,2.57091,3.88893,4.62025,4.05492,3.08444,3.49626
3.40797,2.65586,3.6083,4.39287,3.37406,2.88033,4.05384,4.95814,2.08275,5.92061
4.37314,3.19429,4.2077,3.88257,4.1813,4.39292,5.63077,3.73646,5.32666,4.33821
3.90657,3.20428,3.27326,4.21482,4.84721,3.41342,4.18724,3.37623,5.98854,4.14002
3.49218,2.18239,4.91731,4.5679,5.10874,2.94449,4.23798,2.77934,5.51992,5.03212
3.65329,3.21831,3.70312,4.6814,5.20971,3.79453,4.45582,4.93729,3.47953,4.48256
4.40383,3.35353,4.02911,6.30758,4.63972,3.83776,4.25226,3.01594,4.8896,1.97363
1.80006,3.9086,4.5524,5.45599,4.57312,2.82005,2.88985,2.31187,1.68423,4.39857
3.31648,4.78246,4.64627,4.29592,4.50306,2.55622,4.68237,4.26545,4.48735,1.81602
3.19621,4.5047,5.45155,3.05393,3.49923,3.05813,3.31612,3.38267,4.97633,4.11364
4.68765,5.44431,4.92365,2.85781,4.2457,4.80577,5.72548,5.11001,2.3469,3.08795
3.71352,3.33656,3.08831,4.14002,3.76074,3.28802,5.19075,3.6976,2.58648,3.20137
2.0118,3.02138,2.59532,4.93895,3.2803,4.35836,5.0317,2.56659,5.21206,5.39603
4.35852,4.88613,3.4609,5.12854,3.70198,5.3507,4.94853,5.17995,4.42439,3.85532
3.58627,4.18266,4.27923,3.8023,5.46352,2.23266,3.52424,4.05073,4.16713,4.3781
5.05912,3.33319,4.01954,3.6995,3.64763,4.74172,4.87248,3.95906,2.95944,2.45956
3.90875,2.14757,3.32436,2.19664,3.91501,2.01973,3.93444,3.87983,4.16404,2.28723
3.79879,2.78419,4.21193,4.03479,5.97592,4.10452,6.15126,5.9952,5.0259,4.59445
4.82003,4.11418,3.89081,4.94088,3.7805,3.82895,3.26069,3.97984,4.59273,2.16681
3.16782,6.65613,2.65912,4.48972,2.91547,3.02666,4.03534,6.75305,2.35532,2.44109
4.38332,3.80775,4.22455,4.11773,4.01618,2.91852,3.85871,3.95943,4.78891,4.23184
3.76759,4.56952,3.46042,2.78601,3.3794,5.31653,3.91573,5.02258,3.76654,5.60462
4.46654,3.91001,4.03066,3.59041,3.19364,4.30765,5.30246,3.81776,4.68014,5.08552
4.11204,3.85705,3.55555,3.86817,3.40558,5.8206,3.7029,4.6071,4.04543,2.90682
4.38177,5.75922,4.01491,3.95216,2.52331,3.51577,3.54555,5.3937,4.40492,4.33785
2.5115,5.05581,3.19905,4.19409,3.84914,3.70396,4.54047,5.98099,4.75058,2.69123
4.61021,4.40342,3.35262,3.81568,4.77307,4.93121,4.21785,4.13622,3.82963,3.59578
3.63863,5.14795,3.86915,3.08083,4.40855,3.43284,3.05595,3.92492,3.07607,5.6182
4.00164,3.81626,4.58344,4.31805,5.17554,5.23032,2.58569,4.14861,4.18591,4.34623
3.97488,4.04529,2.97467,3.4834,5.32865,4.42491,3.93682,4.42504,3.88735,2.60557
3.89561,5.71355,3.8043,3.32874,2.5997,3.34672,4.64117,4.00777,2.67032,4.98325
5.33645,3.49826,5.93505,4.29379,4.37023,4.31865,3.41575,2.93073,4.31172,5.73962
4.00444,4.17177,5.41775,3.20211,5.09611,4.30345,2.75228,5.72749,4.68139,4.27954
4.23642,3.20667,4.13059,6.35621,4.49505,2.7087,2.91359,4.96875,5.02995,5.05132
3.01366,2.86505,4.00088,5.01058,5.10882,4.41914,4.33332,1.96556,4.75041,3.64211
4.0417,2.93199,4.36757,3.89792,4.42475,2.96527,4.45028,3.76803,4.72165,3.35579
5.5127,2.14591,3.90991,4.63783,2.7604,3.47266,2.83183,2.36216,3.50614,4.83074
4.17741,3.93763,4.84869,5.33148,3.34377,3.00584,3.53702,3.24562,3.71265,5.40109
5.53434,3.72183,2.15648,3.90831,4.09576,2.79942,3.159,5.89214,4.05259,3.81452
4.20564,3.4422,4.12564,4.9637,1.59872,3.46719,3.7546,4.32571,3.42008,3.82
3.6904,4.29912,3.79898,3.58544,3.44294,3.99138,3.09433,5.08743,3.38128,5.19186
4.61675,3.83377,2.11724,2.36279,3.80307,2.67286,3.3304,3.88113,4.48252,5.65927
4.41462,3.5297,5.25956,2.91788,4.06385,4.5891,2.51746,4.99301,3.31763,4.89315
4.92512,3.99933,3.26743,2.49002,3.72865,4.01178,4.61741,2.38582,4.91896,4.33975
5.42692,4.17347,3.8048,4.84169,4.78942,4.39699,4.68544,3.45621,2.83901,3.17722
4.47128,1.86477,4.24584,3.78315,4.24288,5.86665,3.87535,5.59567,5.00847,4.87858
5.13232,3.25431,4.93166,4.52517,4.03961,4.19446,3.33245,4.45031,4.12677,5.05871
2.47924,2.81804,4.37848,1.15756,4.86623,2.58966,2.73775,2.19219,3.63408,4.90164
3.88763,4.14762,4.11524,5.93632,4.47334,2.5359,6.17853,2.88776,4.07126,4.17332
2.68348,3.5684,6.68849,3.02515,3.43151,2.46983,4.19004,5.2833,3.83094,2.6878
4.12354,3.55771,3.34054,4.47299,3.93902,4.54177,4.6906,4.57933,3.79239,5.889
5.37608,4.33791,3.90792,5.59676,4.54976,5.83909,3.34065,5.11347,2.16528,3.49476
1.15196,2.32615,4.64977,4.31056,4.75167,3.06951,3.93459,4.16643,3.96137,4.54261
3.20119,4.54836,4.67483,5.14785,4.21092,3.82303,3.85245,3.89295,3.36198,3.57999
6.10167,2.83929,3.99947,3.4679,2.54889,2.48922,3.80897,3.12232,3.31061,3.71615
4.192,3.36829,2.49422,3.04236,5.33959,4.77732,6.14043,5.24505,4.65518,3.71372
4.99992,3.33068,3.57951,3.70725,4.19062,3.23899,2.61157,6.19809,2.54283,3.86351
4.62392,4.61552,4.11851,2.79242,4.02951,4.53383,6.55407,3.21819,3.57511,2.4607
5.74938,4.43106,3.51605,3.80679,3.05341,3.40999,4.65057,2.73673,4.83082,5.01901
3.79494,3.82107,4.53528,3.51678,5.4848,3.95928,3.77098,4.1988,3.61706,4.46585
4.16731,4.05268,3.94729,3.9564,3.42561,3.26057,4.5709,4.24336,5.18234,3.48383
4.92021,1.90102,5.16536,4.13199,2.10591,4.80273,4.04727,5.24197,6.4444,4.91822
3.81558,3.35119,5.50302,4.55754,0.365281,4.52721,3.01469,4.59517,3.67842,2.51499
4.7983,2.74142,5.02293,4.76479,3.79234,4.24149,4.06699,4.16248,3.70414,3.27146
4.94619,4.18253,2.88611,5.52948,3.53328,4.04473,3.20749,5.03836,4.76774,3.44112
4.52352,3.29425,4.08504,3.18797,6.14144,3.40913,2.59163,5.37929,4.55023,3.76736
4.00408,3.95066,4.18867,2.12775,2.57112,4.80624,3.3979,3.86148,4.02578,3.48696
3.48806,4.97651,3.95603,4.85612,4.71094,5.3905,3.73634,4.37922,4.67905,3.18205
3.54541,2.95729,4.74018,3.65349,4.09516,4.76202,1.01069,4.20362,5.11578,4.66802
6.05135,4.22584,3.09325,3.67023,5.47079,6.07382,5.69332,3.9301,4.49425,2.82146
4.0671,2.96299,3.20313,4.98997,2.8266,5.31307,4.05636,3.81131,4.70476,4.86653
3.71924,2.6283,4.05789,3.67703,3.29764,4.18439,4.68375,5.28928,4.07191,3.979
4.38714,5.63006,4.55402,5.80823,3.27194,2.59723,5.24056,4.39407,3.80041,5.04037
3.05451,4.729,2.28374,3.27609,2.88403,3.09917,2.56281,4.04361,3.92866,5.73127
3.81944,3.15573,3.97227,2.36823,2.62072,1.97196,4.79814,2.84874,4.00205,4.49158
4.40429,3.43552,4.24528,3.78037,3.31591,3.78708,3.37581,3.42473,4.61579,2.95844
3.96058,4.06218,6.65043,2.92115,2.80802,4.1291,3.52914,4.02566,2.8697,4.28534
4.02213,2.46867,4.23448,4.06228,4.80156,5.16219,2.26731,3.00744,4.06854,4.89092
4.77193,3.75943,2.65702,3.62113,-0.0380398,5.1241,4.01881,4.65456,3.28545,4.73053
3.42016,4.58972,3.04709,3.6732,4.35086,4.78205,3.60794,3.13981,4.05917,4.13523
4.0695,3.90309,5.27112,5.39211,4.71572,4.76107,3.02591,4.15447,4.56461,5.58441
4.29744,4.16238,3.90169,5.06514,5.679,3.27838,3.92244,4.1279,5.23704,4.32888
5.69713,4.98561,2.9429,4.66192,2.32732,2.92559,3.89795,4.89972,3.5022,5.55789
5.13467,4.86353,2.91361,4.46758,4.87678,2.63647,3.68267,5.06622,2.1172,4.34056
5.11731,4.87169,2.20871,4.61388,4.90849,3.27544,5.20416,3.57087,5.6522,4.02631
4.25297,3.4329,2.92222,2.81014,3.48278,5.04656,3.28843,4.21625,4.87713,4.34664
5.95291,2.55974,3.45608,4.85536,5.17943,3.71791,3.80108,3.34289,4.07313,2.97147
3.80095,2.40244,5.07451,3.5241,3.98625,5.4212,4.05108,2.95769,2.20009,4.86574
3.53777,4.74888,4.00295,2.91872,3.5055,4.32679,5.0136,3.71054,2.50699,3.59401
4.09206,3.25533,4.62823,3.01667,4.15474,3.53084,1.63482,2.16373,2.81651,4.98009
3.5427,2.79995,1.96841,4.1834,2.80294,3.21152,4.3293,3.68229,5.22894,3.75476
5.40641,4.02283,3.81719,3.34014,4.92364,4.24614,5.41372,3.44081,5.07042,5.47719
4.51335,1.90517,3.94058,4.85963,5.2212,3.47048,2.76829,4.92267,5.21298,4.86038
4.37701,5.05478,4.51226,3.56367,3.91709,4.13914,3.7909,3.72264,5.53241,3.58156
2.66592,4.07817,4.76431,3.83385,4.32121,2.42443,3.11066,5.00194,4.44486,3.74994
3.02093,2.08908,3.19107,4.35145,4.24669,2.76486,3.7806,4.9278,2.65045,2.48896
2.9,2.78333,4.27457,3.9123,3.92911,5.12161,5.19572,3.20343,3.47006,5.18229
6.69032,4.5466,2.45561,2.89817,4.4806,4.86645,4.78366,4.15291,3.36833,4.95012
3.80711,4.68198,3.88772,4.89842,4.35393,5.03079,3.9711,3.97846,4.89488,3.33987
4.82618,4.03948,4.35986,4.32297,4.73794,3.94827,3.87148,2.76653,2.93953,3.95525
3.49468,5.13215,4.66723,1.60014,5.59097,5.2826,4.99456,3.82497,5.31063,3.9737
2.90936,4.18914,2.11908,4.96179,4.32815,4.91242,4.118,5.15718,1.8521,2.33059
4.01339,3.17155,3.83036,4.00394,4.10954,3.96417,2.84343,4.06881,4.47443,3.32319
4.20446,5.4121,4.4095,3.71526,3.54313,2.45046,3.34366,5.57943,5.31116,3.64888
4.77562,2.66121,2.83207,3.61429,5.08366,2.79057,3.53914,4.14705,4.97359,4.60103
3.12736,3.60088,5.87701,2.76956,4.70272,3.40198,4.02953,3.56197,5.32232,3.81715
3.41969,4.98842,4.34208,3.51574,4.98353,5.22628,4.51389,3.54123,4.80515,4.61043
4.22637,3.58569,3.35882,3.30606,5.59641,1.76708,4.60906,3.54624,4.28576,4.60927
3.18095,6.44012,4.32645,3.32019,4.71115,3.2116,3.65826,3.69746,3.43871,3.76605
3.85121,4.43186,3.3925,1.0435,2.99376,2.27144,6.33149,5.95935,2.67549,5.01976
3.93032,5.41317,5.67561,2.91936,6.24231,4.80094,2.74751,3.64936,2.61118,4.08672
3.78295,3.47086,4.3546,4.3804,5.68808,3.9033,5.07343,6.14424,4.51785,3.04567
3.49089,3.53412,3.91102,2.67038,3.30265,4.6834,4.3111,3.85375,2.87302,5.37526
4.63832,2.75554,4.46297,4.59034,2.45712,2.95838,4.50955,3.04361,4.46414,3.37968
2.96654,3.68742,3.91607,3.05621,3.33817,5.85372,4.89554,4.06926,1.75492,3.77013
3.18319,4.08825,3.58917,4.91641,4.73735,4.63899,2.9144,3.48683,2.15708,3.80285
4.33307,6.17127,3.47835,4.74385,4.59289,4.02689,4.08605,5.06645,2.18959,3.58168
2.83015,4.96578,6.18594,5.41804,2.06383,4.01507,2.55663,3.3879,3.63203,4.09088
4.0552,2.51187,3.62445,4.57729,4.20558,3.52732,3.18952,4.11793,3.43945,4.25543
4.90157,4.47563,4.08846,3.37026,3.92914,2.69322,2.75898,2.93016,2.60959,1.81873
3.40424,1.9159,2.89265,5.44446,3.13284,3.66561,3.95735,3.52032,2.62253,4.72278
4.48799,3.51614,4.34793,4.85864,2.00074,5.303,3.82846,2.96821,5.0792,3.22245
4.48397,2.95715,4.05397,3.31821,4.66375,3.53994,3.40834,5.09237,4.94478,2.78421
4.35351,3.63299,3.7422,5.77705,5.24996,2.86887,3.65413,6.07644,3.45167,4.8151
5.54544,4.90674,5.23296,4.15331,3.51922,4.02598,3.1994,5.74003,1.8311,4.84461
2.07359,5.6638,2.74041,3.83525,3.97561,4.50834,4.67917,3.76921,3.51048,4.33912
6.42334,4.93977,5.59058,4.68446,4.59056,2.67961,5.17186,5.44233,4.22063,5.26213
4.19664,4.05401,2.33353,5.27546,3.03064,4.24015,3.43755,2.70917,2.53111,4.491
4.03309,3.31859,3.46329,4.84436,4.24212,5.28926,3.06309,3.02707,3.07628,3.31819
3.24181,5.20963,3.42564,5.85692,2.91826,5.59264,4.16356,5.71894,3.81084,3.44447
3.93841,3.4873,5.88787,3.64072,4.67098,5.00641,3.97245,5.4951,2.69863,3.97405
4.01059,3.60824,4.98245,3.55945,3.17809,3.92401,3.22454,4.98123,3.8304,1.99479
4.86808,2.79284,5.37546,3.76636,3.95683,4.03518,3.84955,3.70507,4.49929,3.29165
1.91542,3.26092,3.73362,4.63593,5.36892,5.87869,4.22674,4.33736,1.98508,4.21978
4.43662,3.4696,3.1098,3.60077,4.38809,3.4343,3.35007,2.99505,4.11593,4.91206
3.85213,3.58702,4.70914,4.84151,4.5331,3.32228,3.47673,3.29569,3.80942,4.44407
5.84007,3.6592,5.05743,5.11722,2.92938,4.60585,2.73762,4.42312,3.73745,3.56984
2.6935,3.92286,2.94282,4.08959,4.60872,3.21977,5.46008,4.09223,4.68683,4.24863
4.7874,4.99541,3.15654,2.59523,5.71729,3.09095,4.63935,5.20213,3.89902,4.27152
4.57649,3.55589,4.1967,5.12776,5.43875,3.68597,3.48521,5.81932,3.20855,3.74456
3.18681,1.97141,4.4448,4.92568,2.82305,3.88517,3.90676,4.03106,5.21314,4.82329
4.29906,3.2476,4.198,4.57874,4.44605,5.68917,3.79601,3.48062,3.85481,4.6906
2.7327,2.94402,5.75299,4.41925,4.27249,4.91414,4.30977,1.46254,4.30686,3.85523
1.03595,4.69133,2.36362,4.64157,3.74018,4.44711,3.90349,3.66233,3.14462,3.10534
2.49232,3.13974,3.23346,1.95766,2.40201,4.36788,5.96201,4.07907,3.27297,3.73736
4.70175,4.76328,3.25461,4.62679,3.91613,2.30868,5.91693,3.04059,4.12566,4.19775
5.25256,6.01984,3.55189,5.47403,3.47188,3.97413,3.56864,3.57605,4.44997,4.68531
4.31162,3.93622,2.31009,1.56483,4.28056,3.50144,5.75292,5.71654,3.46979,6.05109
2.26327,3.22668,3.06727,5.44316,3.11133,3.30949,5.2199,3.35507,2.70861,2.58132
4.77693,3.60844,1.60157,3.67116,3.86968,1.66185,4.19831,4.29975,5.31484,5.12097
3.04486,3.77818,3.42835,3.41015,3.77095,5.55471,4.44393,3.06682,5.38302,3.19471
3.46417,3.13427,4.78793,5.30949,2.11525,3.69358,2.55773,3.62095,5.0134,3.79521
3.92219,4.15385,3.91083,3.87047,3.73875,3.98435,4.00553,3.76019,3.78676,3.2721
2.50592,4.65304,3.9491,3.1856,4.65694,4.15373,6.34211,4.51526,5.38939,4.46361
4.74721,4.01745,2.95864,4.32367,5.37424,2.64247,2.73441,4.34438,4.44209,3.63458
2.72868,2.75107,4.97642,4.3617,5.03145,4.58123,4.14274,4.1328,3.82331,2.71556
2.89401,5.26952,4.71049,3.80466,3.47125,4.16543,3.32954,4.29459,1.98266,3.0171
2.89592,3.87101,4.81652,2.59264,4.55223,3.40734,2.58346,3.99441,2.94991,5.48984
3.81204,5.52984,3.06974,3.47251,5.0632,4.94723,4.42213,3.16225,4.6063,5.24516
4.83282,3.74286,5.73546,4.29598,2.67053,3.73936,5.25396,4.18897,2.88402,1.70001
3.67125,5.01173,3.75931,5.38045,2.84155,3.98068,4.03538,2.89545,3.53397,3.37725
3.98587,4.77626,2.32148,3.96791,2.08173,3.66254,5.01814,2.76181,3.39285,4.20192
3.86755,4.80339,5.7369,3.07999,5.43044,4.59878,4.9159,2.64917,4.58708,4.05577
3.97794,3.50416,3.99869,2.61551,4.78401,3.93212,3.99466,3.79584,5.65895,4.3208
3.25682,5.49445,3.8226,4.41327,5.56164,3.25867,4.52415,5.55353,3.385,3.44057
3.58157,4.45949,2.05181,5.7117,4.39071,4.14221,6.06018,4.53745,4.25114,3.16791
3.48134,3.30364,4.7802,2.731,6.64429,5.05352,3.99731,4.06842,4.79508,4.02811
4.35116,5.01826,4.65413,4.64353,4.15826,4.07326,3.2897,3.63849,5.79897,1.29315
3.0918,2.53607,4.87261,6.53358,2.71271,4.71068,3.86452,2.75818,0.4216,4.85229
2.38442,4.97844,4.70175,4.22047,3.01171,2.04286,3.33435,2.77474,4.22772,3.49937
4.34552,5.8607,4.90246,2.4888,4.15709,3.38177,3.79049,3.47155,2.59289,4.59049
4.70466,4.16302,2.32241,3.32745,3.59942,4.75673,3.80351,5.17352,4.3356,2.32686
4.50969,3.66018,4.55937,5.20611,3.73776,3.15747,3.71465,2.84228,4.03522,3.95385
4.25316,4.29799,4.40456,3.40476,2.97959,5.06965,3.37337,3.81941,3.11053,3.8924
4.25248,2.6035,3.86219,2.88117,3.80218,3.48908,5.65932,1.91105,5.26193,4.39579
4.65276,4.28569,2.36826,4.48503,3.80738,4.75341,3.49417,3.64941,3.3553,4.38727
3.03147,3.66363,4.70587,4.50767,4.59926,4.57901,4.87406,3.3862,4.72549,4.01507
4.29116,6.15337,2.39678,5.28132,3.07716,3.09593,4.60503,5.02805,4.02136,4.85621
4.65177,3.56326,3.61751,3.4342,5.49955,3.95831,4.85007,5.32825,3.90881,2.98236
3.51784,3.67067,5.2042,4.47031,4.3021,6.54043,3.04739,3.54329,5.48853,2.67478
4.24656,2.80469,2.60131,4.21787,4.65173,4.38893,3.47996,3.98926,3.75857,4.59801
3.54417,4.24254,3.05814,3.30424,4.3024,3.53707,4.64038,4.97934,4.72399,4.27483
3.54231,4.44979,3.88357,4.26657,3.81551,3.69998,4.21002,4.31613,3.89559,2.71515
3.5033,4.48017,3.34934,3.55939,3.94183,4.18435,5.16375,3.27966,5.68102,3.30668
3.10047,3.41437,2.24987,4.24259,3.09657,1.59975,6.02037,3.1337,3.16176,4.50093
4.24634,5.4884,3.35803,3.99532,1.39431,3.86717,2.757,2.91485,4.87725,1.42782
5.38285,5.82057,5.3924,6.56732,6.13081,3.45024,4.62558,3.85674,1.94058,4.82109
4.34929,5.56779,4.16728,3.68437,3.17761,3.82309,4.29212,3.24495,3.80049,4.13791
3.33471,2.70455,3.06678,3.99471,1.84726,3.18506,2.95715,3.54548,4.06227,2.92148
3.97029,3.91061,2.6945,5.14205,4.87609,5.1143,4.36162,3.445,4.53628,3.10167
5.43653,4.82707,4.13585,4.57087,2.66196,3.846,3.46493,2.91692,5.7646,5.1728
4.85509,4.42676,3.77228,3.85909,5.51638,3.71569,4.07501,4.09863,6.26539,3.92701
3.86291,5.2373,5.25793,3.41645,1.97492,2.66672,1.84297,2.24398,7.46379,4.77351
5.34321,5.43082,5.52656,4.30353,3.35551,4.76006,4.22987,3.3888,2.47267,3.66913
4.92794,2.0707,3.02567,5.52664,3.54585,3.71252,3.02321,4.04363,3.66069,5.07379
4.03139,4.75036,5.03933,5.01749,3.14061,4.54327,4.05155,3.11231,5.28943,2.09599
4.50663,4.43681,2.38049,3.73094,3.38937,3.4114,4.34257,3.70401,5.78623,4.19837
3.91124,6.57392,2.66114,4.46295,4.82568,3.07082,4.26166,2.29262,4.24288,3.29973
4.40359,5.49928,4.96586,4.69397,3.04969,3.98995,2.77164,3.70334,4.09727,3.39341
4.51689,3.98025,2.76281,3.64551,4.41597,2.86244,4.28794,5.34726,4.68031,6.77463
4.97185,3.82229,2.67709,4.72355,3.83768,2.70507,4.65495,2.03665,5.99151,3.58416
4.96637,5.22394,4.13394,3.05183,4.16364,3.97403,3.17736,3.35723,3.9547,4.37995
3.98684,4.30499,3.08446,6.29424,3.3843,3.62349,4.27287,5.47313,2.88533,3.60619
2.86455,4.89813,4.93233,4.65049,2.54638,1.63329,4.46342,4.58575,3.64501,4.41082
3.60375,2.76954,4.57868,2.88572,4.46926,2.32181,4.13806,5.40691,3.06739,1.84954
3.797,3.60161,3.1443,3.8554,3.46151,5.83379,4.60132,5.01293,3.42995,4.60204
3.22439,3.33867,4.20262,3.35772,2.55722,5.24382,3.00969,4.99526,4.24193,3.13765
2.63668,5.03025,3.00711,4.69793,3.25725,3.70241,5.82903,3.87838,4.45846,5.5051
4.54485,3.40976,3.82656,5.18384,2.42012,4.09052,3.88803,5.1199,1.38395,2.35742
4.75859,3.92142,4.24421,3.49602,5.07919,4.38945,4.33855,2.15287,4.50621,3.06178
4.44292,3.56543,3.649,2.64389,4.74314,3.86875,6.26614,2.45353,4.14768,4.8655
4.23901,3.10578,5.46923,4.69232,3.92566,3.85353,4.77731,3.18632,5.029,3.76613
3.52265,2.91803,4.01941,4.3886,4.40478,3.75897,3.20473,3.96133,3.55617,4.15163
3.37104,3.89846,4.85429,2.88657,4.88562,1.99431,4.32167,5.16499,3.14256,1.98103
3.33883,5.34409,3.7772,3.59681,4.60985,3.56119,5.33658,5.00738,1.4418,4.27382
1.68256,3.98082,3.76915,4.90513,2.71791,3.2817,3.37717,5.38542,4.62516,3.85094
4.36638,3.45853,3.56612,3.9712,3.88652,3.65026,6.2478,3.88238,3.23664,4.6108
3.55197,1.4945,3.47573,3.06052,2.46207,3.7318,4.067,5.87723,4.74744,3.64738
4.71936,4.28269,3.01589,3.83735,5.19997,4.21702,4.93971,3.52577,2.48005,4.9227
3.87876,5.15265,4.40954,5.23807,2.82733,4.88644,4.24071,3.7236,6.32389,5.55621
5.36072,4.10706,3.70755,4.99208,4.43487,4.06918,4.40924,5.221,3.29886,4.41161
4.54655,3.99388,4.70418,4.73517,3.71408,4.2464,3.51318,4.32314,3.93006,4.63118
6.6229,3.86516,4.64982,4.31898,2.79081,3.62379,4.61771,2.63566,3.28854,4.62629
4.64633,4.30393,3.83805,3.45935,4.09084,5.17458,4.76283,5.64599,4.49815,4.48496
2.39649,4.75404,3.80286,2.97987,3.74128,3.27786,6.08647,4.69219,2.73519,2.70587
4.10286,5.61101,3.37684,4.32796,5.32396,5.24029,4.95377,2.83512,4.56953,3.46546
3.41563,4.67772,5.69427,2.55631,3.88542,3.36504,2.58812,4.16859,4.32125,3.08525
4.1411,3.96841,3.46782,3.63203,5.04632,4.95021,5.26846,4.02444,2.7856,3.29197
5.01297,3.06442,1.63007,4.23767,2.15286,2.09389,2.5329,2.65791,5.14959,4.21073
3.16619,2.82692,3.08418,2.41534,4.85591,4.62483,1.9003,4.46917,3.41545,4.4925
3.55227,3.95625,2.66063,4.40698,4.45356,3.35461,4.33813,4.27929,3.47216,3.76329
3.18814,4.11958,3.87438,7.07009,4.01372,4.0918,1.6102,3.57259,2.10156,1.80457
3.54384,5.60245,3.75671,3.60799,3.64324,3.81402,4.58241,4.76748,4.1934,4.68482
2.63269,4.61691,4.84401,5.12394,2.48363,3.07404,2.87881,4.02486,6.08138,3.02561
4.30462,5.05588,4.5715,3.88105,4.24709,6.00085,5.16443,3.38234,1.43083,4.98775
3.91778,4.40753,4.52794,2.8838,2.9026,1.48108,4.39519,5.42308,3.18055,4.36392
2.70543,4.37641,3.36985,4.62648,4.55646,4.06235,3.547,5.66206,4.21139,3.38884
2.98437,5.8217,2.72559,5.32516,3.88929,4.79848,1.81689,4.84089,3.27573,3.0356
3.48872,3.76193,3.63726,3.07403,3.58078,3.41391,3.75599,4.74519,3.48459,5.65464
3.10162,2.72512,5.73455,5.29938,3.18269,3.89694,3.85329,3.87531,3.29247,4.21322
2.19962,6.07949,2.69427,3.55926,3.7481,4.72204,5.00114,2.69586,2.65832,3.43904
2.84885,4.47929,4.90839,2.39669,3.7658,3.44774,4.34044,4.36187,2.8743,3.87875
4.86969,1.82414,4.65171,3.76607,2.19394,5.19257,3.88804,4.25425,4.0713,3.98211
3.77436,4.73848,3.4865,5.76518,3.2621,2.05775,4.37133,3.12291,5.14488,5.64124
3.52888,4.41507,3.20358,4.14748,3.65354,6.2412,3.3031,4.99367,5.27632,4.82891
4.48901,3.88475,5.78391,3.68679,2.89993,2.47735,2.65861,5.20262,4.06593,4.84145
4.69974,3.95884,3.04472,2.52674,3.48126,4.12251,4.89498,4.55518,5.90879,2.78188
4.65584,2.9131,6.18433,3.64795,5.54588,5.07601,4.87914,3.7429,4.26581,3.96631
2.98971,3.85918,3.49955,4.58551,4.81374,2.2714,4.07928,3.22842,3.20508,3.85263
4.98271,4.60123,2.47938,2.27458,3.18694,4.52652,2.76231,4.92847,3.36957,5.14483
3.15377,5.35655,4.91144,5.45571,3.60713,3.29831,4.14124,4.8289,5.07607,3.49413
4.15208,4.13337,4.33291,3.26352,5.18833,2.22982,4.58324,3.69079,3.90351,2.20685
3.31653,2.14457,4.58788,3.20248,3.11004,5.00805,4.00489,3.22331,4.33734,3.30721
3.38933,3.87666,5.53721,3.23486,4.52298,2.71942,4.85433,5.29878,3.42429,5.4631
2.11877,3.70625,2.33444,3.27199,5.11267,3.91386,2.75523,3.73209,2.57059,3.05261
4.51824,3.57337,4.20664,3.665,3.26401,2.52638,4.44213,3.30924,1.7687,2.31495
5.36672,3.58476,2.83339,3.23305,2.38334,5.77234,5.24366,3.92517,3.11271,4.30189
3.51318,3.00894,5.943,3.1662,1.98372,5.65253,3.66917,4.34246,4.80946,3.6434
3.29308,3.3194,2.78892,5.02815,5.05628,4.48983,2.87511,3.01004,3.74081,2.85123
4.23989,2.91466,4.31549,3.4621,4.53251,3.91543,3.72709,3.09051,6.22029,5.48456
2.6835,2.50871,5.20303,4.16981,5.75609,4.59637,5.17158,4.37056,5.26739,4.65613
6.06586,3.99123,3.90676,5.45232,1.61561,4.4679,3.19097,5.23089,3.91285,1.66522
4.21941,5.34568,3.90433,4.53176,4.46457,4.15961,2.28101,4.43422,4.73399,4.77582
7.08111,2.42593,3.98681,4.70597,3.38406,3.281,4.16872,4.3158,4.28815,2.98582
3.95207,2.50228,4.50061,4.05008,2.4445,5.00874,4.83777,3.76034,5.08833,4.31703
1.97214,5.05632,3.78657,4.59802,3.72557,5.73033,5.11302,3.41242,3.10158,3.60966
2.69998,3.82429,3.25257,4.41814,1.91581,4.64176,7.05582,4.47386,3.43848,4.7871
2.51322,5.92302,3.94685,2.97087,4.11063,6.20914,3.69855,2.90378,4.37897,3.25949
2.46928,3.93231,3.56595,5.42236,4.46443,3.37962,3.64276,4.57562,3.64076,3.67598
4.83483,4.1297,1.90787,5.01246,3.8657,3.80148,3.30556,3.41774,5.06134,4.32439
5.51547,2.61714,3.52856,2.54301,3.27797,3.79141,4.3761,4.87295,3.88434,5.07585
4.56163,3.59397,2.17442,4.14211,4.15272,4.24409,3.92113,3.2416,2.7705,3.19449
5.98974,5.04824,3.76216,2.6863,5.42036,3.16125,4.18554,3.90808,3.7162,4.87761
5.18993,4.22018,4.38525,2.07694,3.75174,3.74477,4.14456,4.32828,3.97307,3.92851
4.27576,4.22145,2.21826,5.07967,2.81585,3.35108,3.79315,4.01589,5.95654,3.96432
4.39999,3.89566,3.60845,3.74678,3.91884,2.80917,6.24452,4.32465,3.10323,4.54545
3.38187,3.25976,5.15892,5.59687,3.02384,3.67835,3.39626,2.37257,3.16006,4.81413
5.56924,4.22516,2.94425,3.24015,3.88911,1.80375,5.91791,4.70553,3.30107,5.31033
3.91313,6.04241,3.20517,4.58468,4.848,3.39955,5.07523,5.05911,5.49526,3.49814
3.66402,4.23091,2.62133,3.69467,4.21268,5.18399,4.81203,2.40716,2.51918,3.86272
6.03973,4.96427,3.43491,4.08113,4.65539,3.75435,3.74181,1.95423,4.56397,3.3077
1.87416,3.78653,5.46312,3.77763,4.38789,5.11284,4.233,4.46578,3.50576,3.0832
4.13327,3.97564,5.19759,5.45427,5.33786,3.43776,3.87636,4.06756,5.47931,3.62545
4.70128,4.5355,3.46594,2.5062,4.27178,4.23041,4.20519,2.39213,5.06858,5.33559
4.46674,6.20137,3.45906,3.94843,4.48014,3.87662,3.14775,4.77818,4.41326,4.53393
2.91475,4.06387,5.45597,4.32245,4.39143,5.03022,3.43481,3.87329,4.52827,4.99715
4.09014,6.3531,4.37647,4.73166,4.08775,3.70419,3.86093,2.69312,2.42296,2.03734
2.78327,3.58932,4.89612,6.68649,2.87372,5.43455,2.35916,4.23693,4.85676,4.3893
5.04433,4.67491,5.32453,5.83565,4.15279,4.15139,4.4222,5.45982,4.07397,3.77435
3.96044,5.7114,5.5733,3.26936,2.45578,5.12436,5.55002,3.63229,2.07657,4.06827
4.60906,4.69679,3.46897,4.04013,4.39945,3.10568,3.48401,4.26262,2.61001,3.89925
6.04676,5.67053,2.82729,2.78072,3.81219,4.8791,5.13134,5.28591,3.71406,5.74181
4.06,5.49979,4.98781,4.23289,4.26949,2.56409,4.3924,3.32,3.45345,4.28564
3.97614,3.36458,0.998156,3.1282,5.26446,3.75194,3.81278,3.9241,3.91325,3.99844
4.29389,3.96829,3.84003,5.2947,2.42469,3.94742,3.57415,3.76938,2.12376,2.65979
5.44774,4.82934,4.5885,2.99443,4.70233,4.16494,2.89726,3.94631,4.11722,6.19251
4.44931,3.99946,4.52907,4.24226,4.31707,1.95615,4.86415,3.32105,4.1909,5.34248
4.37498,3.952,4.84593,4.39731,2.49597,3.39086,2.11952,3.48595,4.35326,4.29295
4.19881,3.8305,3.99707,3.85251,3.32402,3.55173,4.54295,5.18704,4.17844,2.83561
6.62222,3.83193,4.14779,3.64625,4.9597,2.58742,4.69891,3.14789,2.85264,1.7746
4.58252,3.13186,2.70677,4.33442,5.3444,4.39659,4.4965,3.66898,4.28106,4.34946
3.25993,4.30581,3.73891,4.26247,4.96339,2.62236,3.10149,4.01263,3.20563,2.57309
3.51388,5.71244,3.92211,4.45021,3.39348,3.82111,3.28795,4.26327,4.12813,3.48339
6.48625,3.5173,5.29297,2.98948,2.18443,1.82443,4.1752,2.88543,4.59945,4.74239
4.78793,3.89241,5.74013,5.69447,5.39191,6.21105,4.50251,4.1485,2.58645,2.20047
1.93795,6.01371,3.50224,3.65631,5.35033,2.65586,5.27172,4.64628,4.9238,4.64807
1.67818,3.08376,3.26798,2.74025,3.11883,4.92773,3.41434,4.45854,4.46144,3.21425
5.02663,5.60216,4.39006,2.42303,4.45199,3.66794,4.90068,4.03993,3.07962,4.16472
3.9773,4.36478,3.0764,4.12145,5.88052,3.62409,2.16294,3.09348,4.59104,3.632
5.42557,3.81782,5.40342,4.10734,3.53372,3.51081,4.43967,5.19684,5.92218,4.92718
3.68654,2.26415,5.20974,4.57015,3.7034,3.48765,2.80592,2.94842,4.45457,4.61669
5.12404,4.04349,3.76978,3.12969,3.17569,4.04137,4.20342,2.84856,4.72776,2.62665
3.54693,4.23778,3.44941,4.38055,3.86826,2.70808,3.84392,2.01338,2.17551,5.38476
4.1293,5.37965,3.51569,4.42655,3.68504,2.60407,3.66859,3.35242,3.17465,4.5729
3.18877,3.4657,3.22339,4.42801,3.76167,4.76957,5.56131,3.4375,3.3203,4.4081
3.10406,3.49707,3.88764,2.45664,5.05811,2.4533,3.52453,4.5505,4.3616,3.54399
3.6746,4.67131,5.22311,4.70842,4.36227,3.28651,3.94442,5.51331,4.48111,4.513
4.90529,4.03098,4.78706,4.81588,4.76128,4.60204,4.388,4.17095,3.22793,2.88933
3.75001,3.03267,5.88115,4.90798,4.07699,4.39958,3.49786,3.9154,3.27215,3.65866
4.76147,3.61224,4.78882,4.67041,4.61673,2.46224,4.97242,4.6607,2.96014,4.66566
3.56718,5.33698,5.09543,2.2098,4.65541,3.83821,4.20745,2.97837,4.01914,3.17661
4.06108,2.99756,4.89435,5.10102,4.66626,4.07342,3.45766,3.8851,4.12663,4.19065
3.92285,4.9341,4.8759,4.20547,5.94361,4.54769,4.53648,2.43311,4.36304,5.3221
4.29696,5.05572,4.18887,4.44279,4.54135,5.21736,2.55801,5.30878,4.79122,4.91344
4.90781,3.7342,5.68398,4.1895,4.69444,2.98727,3.2162,4.93663,5.06172,5.41803
3.71828,4.20572,3.36728,5.52458,4.09591,4.73654,3.48714,3.9759,4.89111,5.39581
3.30971,4.97731,3.19768,1.94801,4.52923,4.2894,3.46925,4.81238,4.52717,3.83562
3.50344,4.42543,5.03996,4.12252,4.06601,2.99099,4.77137,3.98893,4.92781,3.243
4.64288,2.96973,4.11553,6.25698,2.79823,2.53665,2.48264,2.74007,2.60483,5.18427
4.16601,4.53622,1.86346,3.37846,3.55868,2.97116,2.01152,5.36589,4.35323,4.87359
4.11743,4.26172,4.76009,3.22351,5.87907,4.24688,3.59105,3.58719,2.37646,3.41324
4.01963,4.84256,4.26953,4.36489,4.21385,3.04323,4.21652,3.25895,2.62913,3.33456
4.06301,3.71696,5.08058,2.56118,3.37014,2.08872,3.322,6.04147,5.46513,4.92647
4.92848,5.48134,4.72273,4.5604,5.0037,5.21561,4.26433,4.38093,3.0894,4.07458
2.80969,5.39002,3.07848,5.07603,3.39321,5.09456,4.22261,2.28105,6.6247,3.48557
5.16476,5.05376,3.72775,3.73784,4.7205,2.99457,4.8835,5.39508,3.51289,3.96019
1.51415,3.10772,3.0061,1.50434,3.36382,4.22169,3.07984,4.42127,3.23161,4.53564
5.17397,2.62184,3.22397,3.53538,4.79885,3.43681,2.34738,3.88767,3.71301,3.99359
6.4072,3.82961,3.48199,2.98758,5.94612,4.52863,3.88115,5.27378,4.51069,4.93772
4.96835,3.88519,3.64406,3.68686,3.7204,3.05726,4.53185,4.70863,4.86343,3.87185
3.93302,3.57133,4.20264,4.04979,4.99376,4.37171,2.9807,3.72341,3.43689,5.11919
3.20633,3.86612,3.66686,4.10341,3.23824,2.43256,4.53142,5.26418,4.33914,4.92461
3.1843,4.67125,3.76563,3.6403,2.59813,2.921,4.88691,4.9189,4.43325,5.18759
5.21383,3.92539,5.69058,5.00551,2.40847,3.41127,2.61059,3.02165,5.09047,4.54229
2.92439,3.02588,4.1401,4.17871,2.98,3.63468,6.39258,3.83111,6.08778,5.30216
5.27471,1.89408,3.13835,4.72597,4.61874,3.99036,3.77268,3.55203,4.77135,5.61398
2.81087,3.98861,4.64896,2.88949,2.202,6.01707,4.61504,3.42944,2.85141,4.85111
4.85017,4.25838,3.28398,4.18773,2.77149,2.42196,3.67195,3.18346,6.05753,3.23928
4.31034,5.32597,6.38107,4.24215,3.72582,3.1853,2.75361,3.6733,4.47597,5.62121
4.11405,4.36833,3.80364,4.44248,3.66063,3.66269,4.91214,3.0208,2.95604,2.93751
4.56091,3.73806,4.09924,5.162,4.89391,4.1245,6.05412,3.70378,3.89143,2.23691
5.07173,3.44941,4.12384,1.80551,4.97143,3.49537,4.27443,5.06915,5.82646,5.28239
5.17297,2.76273,2.91947,5.23464,1.66266,7.16871,3.59237,3.61295,3.88275,3.82586
3.53198,3.71558,3.54292,3.46758,6.87122,4.55993,3.01855,3.77096,4.51272,4.7969
3.72925,2.90354,1.67662,4.81962,2.86297,5.52374,4.20319,3.72991,2.02888,3.17094
5.92336,4.54073,5.23435,4.55291,5.44243,4.45487,4.07902,3.68623,2.72021,4.6693
3.73808,3.25847,1.67139,4.60657,4.67481,4.29677,4.7287,3.97213,3.88599,5.18453
5.0569,3.50099,5.21909,3.12999,3.92543,3.95073,3.6875,2.64097,4.56201,3.47809
1.29841,3.69636,3.83854,3.82798,3.53931,5.48492,4.08528,4.72284,2.20675,4.81483
3.7912,4.00654,3.84886,5.1552,4.4685,3.67643,4.40411,3.92574,2.11867,4.15645
3.58579,3.15254,4.75758,4.4159,3.31549,4.50628,3.33097,5.45296,3.3683,2.83224
4.84538,3.87174,4.51403,5.76384,3.79261,2.18584,3.95175,4.32933,3.82027,4.12444
4.29444,3.25716,4.70679,4.33865,4.52387,3.48077,3.17218,3.84453,2.10225,4.29494
4.64205,3.50811,4.72102,4.31694,4.25116,4.42771,4.18751,3.26243,2.3963,4.10576
3.83505,4.07925,3.71894,4.15802,3.24849,5.61783,2.87757,3.74073,2.83751,3.90846
1.5275,2.68387,3.29249,5.53442,2.80555,4.61642,6.59388,4.28442,5.39513,3.43978
4.21541,4.03263,3.07619,5.74863,4.02463,4.72133,4.25717,3.84686,4.24107,3.42866
3.96038,3.46676,2.8557,3.57077,4.23504,4.34845,5.20973,4.51352,3.36328,4.0833
4.62271,5.38071,2.32634,4.24163,3.508,4.16569,1.78655,5.87183,4.31929,4.13528
4.03633,2.81717,6.17658,4.25695,2.96429,3.63793,5.477,2.00615,5.36729,3.47798
3.49329,4.25915,2.86287,3.22802,5.80464,2.05807,3.28129,3.68392,5.46324,4.30305
2.99069,4.04989,3.55512,3.5767,4.24556,3.84456,3.54315,5.56418,4.31215,3.5169
2.94738,3.29678,5.58469,3.85843,4.47272,5.32741,2.59207,3.94049,3.92757,4.8442
4.68967,2.78891,4.02845,4.7266,2.16195,3.43292,4.81574,2.16169,4.67473,2.7719
3.541,3.4333,4.36887,5.28014,5.74734,3.49772,3.80499,2.9301,7.15635,4.72592
4.24221,4.72809,3.90015,4.1828,3.80232,5.199,3.66616,5.03569,5.76912,3.09874
3.8623,4.62688,4.52802,3.97577,3.17607,3.62966,2.94376,3.39137,3.62011,3.58018
4.62181,4.38549,3.79511,4.35983,2.05435,4.81649,3.35955,3.36272,4.39957,2.16507
4.08719,2.75708,3.09271,3.65898,3.88882,2.54971,4.65524,3.26447,5.75568,2.99958
2.05047,4.49021,5.73541,3.08456,4.61119,4.06139,2.84202,3.58108,2.68537,1.90782
3.86978,2.96194,3.99707,5.84763,4.23493,3.29696,5.29398,3.19495,3.40684,3.63201
3.50455,5.3828,3.81119,5.63107,3.59793,3.79083,4.22583,3.77663,3.94109,3.83899
3.32052,2.23051,3.16741,4.24826,2.90321,3.97746,2.92079,3.81909,2.11919,3.59175
3.61675,3.71333,2.60549,3.38266,4.34119,5.12967,4.41,5.75619,4.5367,4.48381
4.9249,3.3108,3.47534,3.58182,3.81564,4.21915,3.11225,3.52433,4.09324,3.53428
4.24613,5.53403,4.0725,4.54263,3.53767,4.04473,1.85361,3.94708,3.67247,2.85833
2.15627,3.61348,3.03089,4.27966,5.70874,4.0601,2.95826,4.99517,2.96208,4.83133
3.99051,5.00091,4.71859,3.43171,4.26769,4.76009,5.22173,4.38927,2.90123,2.98943
4.99896,4.31029,3.60212,3.73235,5.6654,4.86334,3.46637,2.90918,5.18785,3.86043
3.29817,3.20841,3.19187,3.09251,4.0681,3.9716,1.88935,5.41824,3.18381,3.15845
4.25814,4.42293,3.93582,3.21618,3.53392,5.15466,4.15747,3.41331,2.36056,2.89695
4.36162,4.50623,3.28788,5.36272,3.64365,4.39111,3.36656,2.485,2.88927,4.55436
6.19348,3.297,3.85863,4.74562,4.06004,4.37779,3.37675,4.02473,4.01068,3.12398
3.40805,4.80226,4.85818,3.40664,4.0073,3.92683,3.5619,4.4655,2.94731,4.15719
5.09466,4.96459,1.65428,4.34517,4.8343,5.44359,3.73724,2.95274,3.31048,4.32535
4.86495,4.69816,3.26045,3.8218,3.94258,3.47402,4.63177,2.18304,3.29106,3.93919
4.71762,3.31984,4.22698,2.12261,4.25975,3.84961,3.20373,4.71862,2.34324,3.60881
3.19116,4.68365,5.25511,6.10797,3.93854,4.67458,2.88287,3.5597,2.94257,4.52751
2.25394,4.37627,5.47226,4.73615,2.66171,5.64305,4.93248,3.88973,5.45594,5.56388
3.5766,5.89261,3.43277,4.37071,4.63843,3.2958,3.72753,3.66672,4.73337,1.57933
4.26651,4.32222,5.12112,4.01207,3.69302,4.15438,3.1987,4.66777,4.46273,5.42307
4.03991,2.41145,5.43554,2.88246,4.39385,3.056,2.50118,4.78976,2.31804,2.56231
5.41105,1.37337,2.92725,3.44694,4.08977,4.31867,3.52735,2.62222,3.45752,3.49607
5.73114,4.16716,3.15108,5.52537,2.821,4.06124,4.31286,3.10651,4.79442,3.59148
4.09057,3.99177,3.31441,4.48915,4.46285,3.27421,3.7068,5.19154,3.69329,3.08295
2.75807,5.09416,2.01591,4.3565,4.09347,3.43885,3.28722,3.96553,3.6352,2.0231
5.16341,2.56558,5.46816,3.72171,4.90711,5.01407,5.2306,3.2254,4.58124,4.68993
4.55002,4.10183,3.33284,5.47312,4.51963,4.51893,4.06045,4.11343,3.03946,3.62534
4.75127,5.62416,3.0849,4.72629,3.78199,2.73627,3.97723,3.61155,4.58576,4.08568
1.64698,3.514,3.31749,3.63087,1.96782,3.03312,5.20584,2.24518,4.04966,4.5866
3.65357,2.26407,3.86375,3.8538,3.80246,4.50597,4.8091,3.62898,6.61764,2.67485
2.08367,3.91057,4.17721,1.23978,3.70089,4.3056,4.24958,1.2518,3.56756,3.20078
5.15743,4.49929,5.10972,4.37903,5.03869,0.884067,0.851598,2.23915,3.98524,2.65155
2.63038,4.02024,4.18288,4.03543,5.04932,4.81441,4.46992,3.64738,2.43091,3.99067
2.89394,4.17941,2.2262,2.79218,4.96201,3.97209,3.31467,4.20559,5.02963,6.07897
3.79633,2.3473,3.68464,3.73092,2.5737,3.92927,3.34906,4.14617,3.98438,4.14974
2.49243,4.02132,3.64827,5.08018,4.24546,4.5671,3.93908,2.55131,2.58582,3.79286
5.12622,6.11329,4.1172,2.45746,3.88394,3.36349,2.42355,3.4759,3.73482,3.79988
6.23528,3.29128,4.07643,4.606,4.57922,4.3884,3.97757,4.21714,3.62752,5.49248
4.62512,4.1645,2.39083,5.46574,4.00288,2.81229,4.62891,3.61897,3.21062,4.68888
2.45877,5.2806,2.76022,5.95084,4.44906,3.8493,4.9562,3.89206,3.74021,3.58421
3.05591,5.77259,4.03308,4.31084,3.84242,5.55006,4.19939,4.35003,4.1229,4.14545
4.89432,3.16151,5.14635,4.06627,4.39834,3.48064,4.08307,4.50306,3.383,3.95802
3.52897,2.69356,4.34526,4.29354,4.159,4.23984,3.10961,3.27372,3.51721,3.44284
5.80563,4.84185,3.05833,5.06124,3.22628,3.26944,3.08197,4.08681,5.01638,3.79739
4.05547,4.77028,3.57572,3.11677,4.6826,2.44761,4.20953,2.13479,5.68293,1.93636
3.26941,3.45765,5.17553,5.73734,2.71956,4.21336,4.46758,4.12944,4.89133,7.14032
3.658,4.47138,3.36167,4.32821,5.88493,2.97556,2.7748,4.82727,2.25196,3.7995
2.36231,4.21244,3.96506,3.65291,5.58179,4.34439,3.5504,3.2517,4.43862,1.84837
3.89194,4.00191,3.87446,4.0648,4.41787,3.72356,2.87429,3.20058,4.01847,4.49763
4.05618,4.89799,2.94168,4.31787,4.07392,5.18125,4.36423,4.55835,3.01152,4.40302
3.98556,3.65355,3.52111,3.62755,3.8393,4.15424,2.64658,3.98811,4.71179,3.4563
2.77552,3.00985,5.6941,4.20007,3.14045,2.56075,6.40306,5.34623,3.8851,4.54787
3.75642,3.26585,4.39718,4.62587,2.99286,3.13635,3.48783,2.86778,3.08589,4.88247
3.81562,3.86649,4.14733,3.16419,3.35191,3.51095,6.2751,4.85495,3.73608,2.84045
5.44563,3.92775,3.82854,3.93866,2.002,3.99115,2.16162,4.05269,2.57673,3.87964
5.01184,2.72828,3.58893,2.76922,2.75764,3.17734,3.06887,3.85033,2.08264,3.26365
3.64935,4.12409,3.08537,4.05075,3.48506,3.15936,4.68184,3.88294,4.45892,4.93056
4.60961,4.81523,4.76473,3.79014,5.7511,2.44448,3.22026,1.93662,5.36297,3.22729
4.29702,4.89992,4.53255,3.16961,5.50467,3.08063,4.7848,5.69131,2.59767,5.14019
4.78165,4.37714,5.22758,4.02924,4.40604,2.76255,4.14115,4.83189,4.28913,4.26494
3.76357,5.83342,5.88448,5.46138,4.77024,4.21335,3.6518,1.65184,3.76875,6.12484
4.49112,4.76528,4.2083,3.83802,3.21388,4.20005,5.43446,4.43217,2.85079,4.01956
2.51357,4.67968,2.80665,4.59055,4.16052,5.15361,3.82168,2.43959,4.36728,4.44446
4.04958,4.38042,3.94593,5.17759,5.47545,4.61654,1.92199,4.54633,4.13576,4.01396
5.19523,2.35627,3.52798,3.64679,3.89547,3.84528,2.23094,4.38398,5.82157,4.34773
4.562,3.52393,2.1664,5.48846,4.05539,4.65411,4.64988,3.3045,4.22455,4.66597
5.08001,5.12008,5.06897,4.1748,4.11991,5.50988,6.5166,3.44673,4.71635,4.09846
2.5311,4.46013,4.94919,3.9234,2.93106,4.68602,4.6977,6.75418,5.02908,1.9634
3.62852,2.84772,4.79958,2.90317,3.02606,3.89122,5.23271,3.29407,4.47873,3.22567
5.3239,5.64901,5.14087,6.02108,4.0859,4.01275,4.79556,5.66498,3.54991,4.12609
4.10133,1.94708,2.41954,6.83941,3.16244,4.71393,2.30696,4.16887,3.84218,3.89989
2.73126,5.04097,4.45441,3.08207,3.93135,3.75156,4.2522,5.83465,3.87332,4.14395
3.49547,3.61148,3.41411,5.97558,4.30722,2.91215,3.25634,4.45698,3.44004,4.05994
4.57945,4.53418,3.49413,2.00529,3.27409,3.41134,3.63275,4.37841,4.43362,3.85077
4.33012,6.09029,1.9252,4.19801,2.78655,3.51367,3.34944,3.28807,3.53628,5.55208
2.84195,3.52934,4.81158,1.99521,5.54787,5.39588,4.25721,4.78117,4.31328,4.657
5.25676,3.19499,3.44319,4.77568,3.62722,2.70183,4.68263,5.42615,6.1295,5.21632
4.2313,4.06335,4.26676,5.40784,4.10089,2.36218,3.21891,4.74471,2.85342,4.26373
4.47822,4.83967,3.61878,3.64637,5.79741,2.08987,3.12231,3.49592,4.74742,4.86333
4.4059,4.44369,2.73862,3.56904,4.02392,3.88378,4.19353,5.33384,4.29094,4.49539
4.88623,4.24107,3.65589,3.12456,5.03306,5.12973,3.37848,3.50187,3.94713,5.93436
4.91017,2.63146,2.64387,4.31125,3.38064,3.03619,3.30629,4.7992,6.57529,3.57117
4.43225,3.4183,3.42492,3.56371,4.08837,4.31954,4.72564,2.71417,4.00444,4.80609
3.77954,3.44922,3.50423,4.66312,5.65885,4.85678,4.94298,3.28778,4.00708,2.96539
2.9526,4.6995,4.59853,2.83586,2.33083,2.4883,1.63347,3.37252,2.14862,3.1565
3.26147,2.74934,3.20898,3.82626,4.83633,3.49514,5.26384,2.98636,3.02611,4.26076
3.63603,3.99772,4.30016,3.24702,4.06643,1.14205,4.12418,4.00564,5.23535,5.82227
3.19961,2.76244,4.59549,5.60957,3.50635,4.95372,2.5048,4.6285,3.3487,2.64395
4.64243,4.71287,3.63423,3.64264,4.93805,4.74261,5.36978,3.7626,3.15851,3.45979
4.17834,4.70613,3.97463,4.38482,1.88715,4.76151,5.77374,4.56681,3.81586,3.24202
3.43763,3.79289,3.18779,4.9267,5.56608,4.60914,4.74312,5.00967,2.921,3.0173
4.61382,4.27078,3.89777,3.67392,1.75574,4.08011,3.08728,4.29956,2.23636,5.48988
3.94812,3.70187,4.87554,3.93945,4.17429,3.35541,3.14842,3.42192,2.83305,4.79764
4.90122,3.25991,3.59283,3.79573,4.52955,3.63172,3.64166,4.90496,3.3645,4.20982
2.63906,3.0246,4.2336,5.17279,3.35686,3.074,3.4006,3.50256,3.01729,2.38458
4.7515,4.71537,3.52911,3.94109,3.59748,5.16239,3.43132,1.87418,5.14168,4.46042
3.50249,3.99146,4.18116,4.78034,4.67473,4.17342,3.79842,5.53574,2.80394,5.03915
4.86415,3.30815,4.10156,5.45083,4.23542,5.52238,5.27035,3.12329,4.19302,3.93432
4.89088,3.96082,3.56572,2.74293,3.96622,3.41021,3.9505,3.31165,4.14134,3.51927
3.13974,3.50564,3.25629,4.52617,4.47918,1.81802,3.88404,4.03107,3.88079,4.00043
5.98409,3.77591,6.1036,3.24565,3.54974,4.89337,2.70032,3.68937,2.16099,4.02848
6.56743,3.77406,3.00136,3.27975,5.12839,3.82835,3.18342,3.02795,2.48325,4.24748
3.40712,2.90291,4.71347,3.38972,4.28045,5.03528,4.83192,3.05896,5.23664,2.97094
3.94738,3.62067,5.41105,3.44667,4.05485,3.35329,4.02321,5.17015,3.86814,4.27353
6.33077,5.57751,3.95971,4.51414,3.59118,3.70334,5.89236,4.1641,2.75497,4.20705
3.16408,3.30004,2.99765,3.69595,3.89284,4.18275,4.64819,5.6878,2.91315,3.96176
1.62605,4.75363,4.80123,3.5054,4.03188,4.04839,4.4758,3.31858,3.42137,3.77753
4.5113,2.87635,3.36647,6.6745,3.17731,4.00018,4.52882,5.03557,4.04768,3.00196
4.51175,2.59281,5.00143,3.25766,4.38057,3.32525,2.84517,6.63032,3.32582,2.01649
4.0695,2.47674,3.85738,5.31103,4.24589,3.30802,4.30427,4.35623,4.31883,4.95168
5.89645,4.9944,5.02901,4.23032,5.31635,4.46368,3.34468,4.14214,3.73455,3.19574
2.68129,3.55597,5.14109,3.93182,5.42378,2.88308,3.86185,5.34553,4.36252,5.10253
3.67658,4.18927,4.17004,3.74854,4.16959,2.99948,3.25756,4.45107,4.63984,2.89526
3.24622,5.76802,4.8104,4.12091,3.17637,5.50838,4.25226,5.61029,4.38581,4.63984
5.71149,5.95097,4.97169,4.31322,4.85852,4.17233,3.92682,3.07645,2.92875,3.08502
4.70842,2.53598,4.49604,3.98505,6.62666,3.3622,4.05694,3.41648,5.34153,4.92654
4.57813,3.23236,1.55275,4.56809,2.05284,3.26777,3.70873,2.6666,6.38143,4.25606
5.90647,3.64127,1.50415,3.75729,2.04604,3.48269,3.36919,3.70146,4.85606,5.96508
4.16456,3.01935,3.94213,5.66284,3.57512,5.45404,4.2578,6.00758,4.62728,4.34506
2.03897,3.20418,4.9794,2.49219,3.65998,5.65803,4.76959,3.81928,3.41909,1.77324
3.78119,5.19396,4.33733,3.69483,3.6814,2.92448,2.27637,4.33848,5.62919,4.76506
4.01753,4.29069,3.30655,4.68716,3.99231,3.18906,5.63295,3.68483,4.78911,3.73149
4.20005,3.31393,2.45109,3.98422,3.10762,4.78392,3.40574,4.34534,5.39481,2.67056
3.03033,3.84907,3.73211,4.61799,6.21776,5.15476,3.77828,3.31218,2.5805,5.97097
3.55135,3.18136,1.46484,2.6078,4.12346,5.18788,4.68933,2.81056,4.71436,3.06552
3.20509,4.6846,4.65342,4.59208,3.34212,4.06994,3.73832,4.63183,2.55085,2.64335
2.32384,2.67938,3.19647,4.6662,3.34529,3.0146,3.72816,2.86259,3.48732,5.51761
3.76642,4.29163,1.39051,4.1407,4.10435,3.04936,5.6684,3.23632,3.47414,3.80642
2.78692,3.99906,3.20627,5.10894,2.69532,3.85918,3.28102,4.66033,3.16133,4.014
5.75093,4.76746,4.37995,5.33986,4.91909,4.81795,4.2751,5.03244,4.18294,3.49906
3.44526,5.39015,3.43992,4.68483,4.23064,4.23505,4.43583,3.56087,3.61503,4.97493
4.18586,1.7907,4.69861,3.58338,3.53693,2.83462,4.75022,3.18184,3.05652,1.66531
3.94592,3.93793,4.05414,3.8587,4.02334,4.09797,6.20374,3.84974,4.62836,5.78998
1.51623,3.82302,4.34941,5.554,3.89535,3.55906,3.15106,3.03969,3.69604,5.32577
3.37424,2.89309,4.76619,5.13508,2.72626,2.4098,0.446373,4.33999,4.26635,4.39952
4.72568,2.54788,1.68673,3.215,4.11676,4.26543,3.35093,3.65211,3.08439,4.31807
3.84822,3.96353,4.21818,4.82375,3.50968,5.69252,4.53548,4.47764,2.87127,4.04889
3.6402,3.80637,5.37367,3.73392,5.58275,4.63448,4.89355,3.47512,4.72218,4.12081
3.69789,3.7573,5.48859,5.06778,3.81086,3.50748,3.64848,4.03804,4.69958,3.49824
3.51049,4.38286,3.97211,5.24439,4.32671,3.05584,4.24291,2.55288,3.21088,5.36003
4.33398,3.68692,4.3085,3.53371,3.62587,3.39244,4.84721,4.45052,4.23333,4.58069
2.8059,3.41787,1.87607,3.88459,3.62747,4.74456,5.9162,3.75507,2.60884,4.91969
6.8472,3.21676,3.52962,3.59606,5.06171,4.75988,3.62237,3.54041,4.06553,3.61092
5.03468,3.00839,4.31977,4.30342,4.87219,3.93554,5.69376,2.91155,5.50216,3.06674
3.60703,2.89049,2.98317,3.44697,2.32391,4.70241,1.71009,4.134,4.35239,4.43311
5.60187,5.77957,6.13644,3.92575,5.67268,5.25179,4.7078,5.95171,4.17982,5.42369
2.30085,6.07875,3.82833,4.38542,4.82001,3.01865,3.3291,3.89,3.91163,1.13427
2.73912,2.86892,4.26498,4.88754,3.65164,4.11822,5.91865,4.63841,3.60446,3.81986
3.05448,4.04266,4.6105,3.66441,4.13212,4.28716,2.91479,4.7446,4.72619,4.4542
4.89906,4.54313,3.824,3.46435,3.58068,3.78345,3.94679,5.89834,3.57556,3.84676
4.48951,4.27882,4.19908,4.07188,2.97185,4.5957,3.78925,3.8189,3.63855,5.02717
4.02062,3.79667,2.97562,4.07187,5.63435,3.39008,4.52105,4.7246,4.90384,3.52628
4.12289,3.66427,4.30102,3.9362,2.33911,4.34357,5.18819,3.87492,4.16119,3.82747
4.68433,4.31822,3.46489,5.2083,3.93419,3.96314,3.56222,3.62323,3.88964,4.22842
4.31455,5.78557,2.67626,3.73464,4.29668,4.98012,4.24297,4.29446,4.34524,4.34088
2.96533,3.60854,2.79901,3.90242,4.16692,3.68864,2.27287,2.27143,2.46589,4.60831
4.4697,5.1048,5.13226,4.23561,4.25204,1.62566,4.01017,4.26298,4.47212,4.27634
4.97982,4.06719,4.34729,5.08571,3.9975,4.90933,2.96994,4.76844,3.24169,2.87088
5.15531,4.39343,5.18086,3.71254,3.38706,4.96531,3.03852,5.07731,5.13739,4.23063
3.49352,3.24326,3.76014,5.15696,3.9558,3.25079,6.32289,1.47363,2.40373,2.47878
2.71487,2.25414,1.27561,4.25762,4.98629,3.13986,3.37585,4.52217,3.3025,3.65189
4.71611,4.55571,3.75253,5.44268,2.36784,5.58505,3.93466,4.49568,3.40782,4.2875
4.2887,4.96792,5.27504,5.28027,6.13457,4.3189,4.38285,5.21754,5.1072,2.50181
2.58933,2.90778,4.0868,4.44527,4.44723,3.85044,3.32966,2.9342,3.87413,3.91977
4.05924,2.78007,5.04812,4.8666,3.02083,3.23405,3.40107,4.64302,7.50208,5.61222
4.20624,2.81287,4.66863,4.84045,4.42136,4.43918,3.77888,3.94671,3.07004,4.67148
2.69706,3.7608,2.63215,3.53056,2.74843,4.20007,3.70515,5.38699,1.35551,5.23361
5.22761,5.11747,4.11039,3.67496,6.77832,5.69516,3.45731,3.22596,2.65001,4.34963
5.5693,5.23894,5.04057,4.0121,3.03558,2.88919,4.98909,4.21884,6.68535,6.49678
2.78346,3.64673,4.945,2.49095,4.88727,4.47801,5.46553,3.29208,4.25602,2.44901
5.3632,4.38062,3.82102,4.14749,4.1667,4.54148,3.63364,3.96732,4.38305,3.54215
3.88295,2.67018,3.82458,4.6976,4.48224,4.12693,2.6247,2.58337,5.01583,3.12717
3.24131,3.86325,3.73187,5.4708,4.15272,3.46927,4.56748,4.55698,2.57337,3.00631
5.49582,3.51978,3.723,3.82035,3.03641,3.57714,3.80743,5.61986,2.70515,3.01147
5.1872,5.59163,3.27327,4.90636,1.49729,2.23607,4.14161,4.16581,4.03272,4.11406
3.07521,2.96848,4.53818,3.28751,5.78299,4.45869,3.15354,3.2328,3.26276,3.89019
4.1617,4.47492,1.71298,3.12864,3.78236,3.26172,4.26321,3.96495,1.97423,5.10855
4.13319,4.65314,3.17094,4.11131,4.50987,4.87994,2.39985,1.22998,4.203,4.8852
4.25286,5.08889,4.96361,5.87828,5.45675,4.29553,3.99551,3.82298,3.47238,3.82018
2.95376,3.51614,5.33653,3.89318,4.03914,4.10274,4.69327,3.79358,3.65273,4.49459
4.86357,4.26219,4.26323,3.65464,4.16178,3.20398,2.65992,4.2098,4.09626,3.7198
4.7032,4.27108,4.19246,6.13335,3.22147,3.51797,3.66755,3.43659,4.42291,2.18229
4.17458,5.73765,4.34712,5.20842,2.65661,3.66202,3.94358,3.85838,3.81935,3.42276
5.09527,4.44942,3.58558,3.82862,3.11718,3.35181,3.6143,4.85155,4.57461,4.23009
4.3791,5.98775,3.53744,4.02945,2.96908,4.60706,4.5229,2.56447,3.57197,4.62362
5.46654,2.74262,3.89964,6.80099,5.54768,4.96259,6.18912,3.86336,4.33504,4.78171
4.87255,4.7564,3.40691,5.9031,3.00305,4.18155,3.42367,3.24945,3.36288,3.90745
4.00949,3.58994,4.15336,3.53405,4.55897,3.58811,5.3658,4.69534,2.97483,3.88571
4.98696,3.7364,2.1099,3.0172,3.47931,2.66483,3.91435,4.0217,3.35347,2.39485
4.77262,4.50645,4.17247,3.13331,4.07046,3.51026,4.87322,1.97497,3.30737,3.0952
3.29384,4.19413,4.90584,2.77767,3.71825,4.03705,3.82964,4.78722,4.50749,3.63339
4.14175,4.0843,3.64545,3.93814,3.67486,3.59719,4.83005,3.14991,4.88038,3.47184
4.07713,5.16903,3.64773,4.67745,2.9051,4.52626,3.57727,4.85987,3.30558,2.88652
2.91258,3.65759,5.97005,3.20226,2.95033,2.81202,3.4418,6.02187,4.29361,2.63878
4.068,4.71493,3.40351,4.15001,4.93816,3.01573,4.95551,2.90406,4.64985,5.18284
2.58856,6.36656,3.12679,4.84171,2.3445,3.93649,2.4848,4.18759,5.51265,2.37023
3.2259,3.8925,3.3405,3.63262,4.00008,3.05588,4.89432,4.64425,4.29944,3.13964
3.5862,3.04301,3.77323,2.84957,4.92481,5.14491,2.67493,4.37341,4.95431,2.63976
3.88522,3.90103,3.9567,2.51324,4.57205,3.36121,3.84932,4.57016,3.91701,4.99002
1.80964,5.33572,2.90795,3.15648,4.09561,2.95975,4.27856,4.51206,5.78097,3.93693
4.71438,3.38785,5.07156,5.06611,4.1284,5.21989,4.06446,3.41852,4.57706,4.04993
2.58686,3.87,1.04496,4.01764,5.2879,4.93461,4.3766,3.40305,4.28677,3.72891
2.70425,2.48259,1.09638,3.95589,5.46532,3.6063,4.14494,4.48271,7.00744,3.80307
1.99867,4.489,1.95475,4.75597,4.29857,5.07702,2.98558,4.21191,3.67821,3.96427
4.3365,5.40832,4.77751,3.70956,4.45385,4.68148,4.13388,5.86848,5.1503,4.98132
4.86338,6.06979,4.27372,4.69993,2.8216,4.82349,4.78223,4.60398,4.22654,5.62709
3.47717,4.00135,4.2111,4.89497,4.10207,3.83958,5.22672,4.61372,4.62677,5.25852
0.594441,5.42293,4.9604,4.38889,3.92408,4.39199,3.09666,3.05995,3.04275,2.52068
3.92734,3.44946,3.90643,4.66385,2.68888,3.77028,4.33124,2.46962,4.33433,3.90229
3.04623,3.59359,2.87987,4.7967,4.95601,3.71314,4.55109,4.11226,3.00721,4.42861
4.06653,3.59543,3.68035,3.38579,5.77068,4.1668,4.24217,5.60848,4.16438,5.59255
2.72898,4.45546,5.30793,4.51369,2.63007,3.64725,4.50957,3.53953,3.63444,3.23043
3.74059,3.64627,2.49866,2.93396,3.35102,5.07527,4.74059,3.65055,2.45456,4.23054
4.70755,3.33278,4.42461,3.58126,3.71303,4.14249,4.23723,3.32601,4.92602,3.10533
2.5128,3.64524,2.25269,4.60881,3.24634,3.92931,4.18597,4.31069,5.66556,4.67686
3.88418,4.37157,4.16728,5.24155,6.78658,3.1211,2.93127,3.45881,4.30879,4.3702
5.15836,3.71535,3.26091,4.21889,1.7937,5.59682,6.15237,3.0464,4.61092,4.33378
4.18364,5.67787,3.27194,2.14257,5.13716,3.42814,4.11206,2.34529,3.37546,4.89888
2.82715,3.22836,3.24659,3.64966,5.64925,4.87616,5.68001,3.66322,3.07961,2.30224
4.76839,3.56141,5.27759,4.28951,5.18544,4.2266,3.66324,3.61981,2.69348,1.93595
4.1435,4.41802,4.63516,5.08993,2.75511,5.28314,4.05664,3.79682,2.59857,3.92822
4.68466,5.18459,4.80471,2.89826,4.76061,3.66608,3.01424,3.51451,4.94619,3.97584
4.2705,4.04412,5.76359,4.42895,3.61295,5.04674,5.13278,4.52424,4.04455,3.35666
5.34684,4.93007,4.44123,3.74564,2.66249,3.97736,3.57241,3.61485,4.01812,4.72522
3.26742,2.18667,3.63801,4.46522,3.53803,2.00999,3.49969,4.39899,4.94002,4.16269
2.80307,4.70947,5.21406,1.64799,4.05329,3.57193,5.36251,4.45994,5.39144,4.43508
6.4927,2.31473,3.24842,4.02561,4.50906,4.95702,4.39732,3.76488,3.66328,5.53822
5.0977,4.59644,3.38629,3.91596,3.70995,5.21312,4.95316,3.60398,4.94485,3.052
2.96411,4.31061,5.31091,3.76352,5.14924,4.92804,3.25532,3.95294,3.31502,3.42423
3.97978,5.46138,5.20989,4.07192,4.15227,3.85723,3.66152,3.56558,4.42426,3.3715
4.17622,5.20995,3.82677,4.66603,2.84765,4.59053,4.73334,5.04899,4.16036,4.29866
4.77742,3.37988,3.36141,2.8534,3.91197,4.07102,3.65951,4.60679,3.22578,4.96934
2.69017,4.14028,2.13843,6.03568,4.6519,3.52455,4.91611,3.38517,1.75269,4.20002
3.46656,3.40622,4.06258,3.46223,4.08685,4.08479,4.30613,4.78175,4.07714,3.99168
3.40779,2.64231,3.51431,4.41465,3.0234,3.73105,3.93674,2.04457,7.0691,4.30912
3.85997,4.8093,4.18468,1.89352,4.3164,4.66719,2.55945,3.83431,4.04654,3.38424
2.36078,3.78658,4.5363,4.21114,3.29763,4.03864,3.45934,3.37529,4.03924,2.72857
4.4439,3.76996,4.06266,4.98379,4.58347,6.24993,1.68582,3.88299,2.53279,4.54597
2.7716,1.57197,3.81915,3.50513,3.26661,3.68093,3.26415,6.61582,2.97901,4.70007
4.89404,1.98235,3.5274,4.99243,4.00729,4.86535,2.34069,3.89787,4.01396,4.09637
2.0498,4.42829,4.22446,4.03471,4.20671,2.45244,2.95636,3.11517,5.45777,2.96812
5.34277,2.28354,3.96253,2.49332,4.97947,3.8622,3.04405,4.13002,2.2677,3.26318
4.04865,3.6429,5.76877,5.37708,4.13704,3.84966,2.91029,5.64896,3.48578,3.63734
4.94866,4.11507,4.15292,3.44862,3.02086,3.13589,4.39947,6.01655,5.10638,3.45073
2.73524,1.77709,4.54081,4.66233,4.04129,3.71616,3.8024,4.80297,3.65286,2.62596
5.02284,4.50453,3.52519,4.29777,3.29971,5.69853,3.21845,5.13941,2.55937,3.36779
6.10493,4.67916,4.528,4.68285,5.53992,4.13258,2.67684,3.228,3.99672,3.2086
4.66186,3.59313,1.68782,4.24823,6.3752,4.12717,2.7492,4.12802,1.98736,2.64074
5.06633,4.2599,4.40319,1.53595,5.1289,4.13603,3.86155,4.14585,3.66203,4.96281
4.96758,4.773,2.52562,2.65294,4.3908,2.23099,3.73212,2.95857,6.33877,5.46966
4.36866,3.31945,5.05189,5.39201,6.38428,3.49516,3.71934,4.11999,3.22759,3.73139
6.19074,3.68349,4.40321,4.92006,2.888,2.99556,4.37588,4.95769,2.36683,4.64546
3.96612,3.95379,4.09879,4.23912,3.11688,4.58699,3.31176,4.61548,4.60165,4.43036
4.10895,5.75847,2.63243,4.41259,3.52009,3.88479,3.41022,4.78635,3.30244,4.88307
4.88305,3.47356,2.07841,4.78753,4.44652,3.85268,4.20761,4.53258,5.81529,3.63773
3.87623,3.33556,4.20753,3.15956,4.13162,3.79811,3.57594,3.43989,3.66865,4.55802
3.46813,5.65001,4.56918,4.83927,4.42828,3.29514,2.6764,4.91344,3.51443,4.50811
4.72451,3.31017,3.61358,4.6746,5.3296,2.77766,5.93687,3.99036,5.19451,5.38345
4.53956,3.65164,4.36301,3.13865,5.35215,5.98863,3.94417,2.69434,4.00249,2.72755
3.1293,3.32671,2.80682,4.26965,3.86633,4.14885,3.49896,4.03705,5.62339,3.25544
3.13366,2.39495,2.9825,4.18148,3.49188,3.69807,4.14545,3.77025,3.10307,3.20847
3.38689,4.89947,3.47118,3.3041,3.90116,3.19656,5.32016,4.40277,3.40211,3.21149
5.44909,3.52655,4.89765,2.84197,2.45813,2.51408,3.1208,3.79526,4.20411,3.68922
3.07816,4.83058,3.24871,4.71915,3.49068,4.80657,5.13816,3.31604,3.95471,5.27068
3.03832,3.75305,5.85303,5.14994,3.94835,4.56888,4.03604,5.13851,4.60365,4.42747
3.50209,4.46082,2.5362,3.33391,5.58308,4.62094,4.79052,3.20033,3.7164,2.28494
1.48347,3.21499,4.81893,4.07805,2.13534,3.26967,4.06225,4.11329,4.19318,3.63324
3.70022,5.17957,3.83684,3.94034,2.93187,4.43424,6.08842,3.2833,4.543,5.60821
3.79614,3.75366,3.36293,1.09936,4.07807,3.52379,2.87287,3.71787,4.02749,4.35617
3.47937,3.47023,3.14699,4.34075,3.14874,4.28049,3.60753,4.90152,6.03336,5.29758
4.36956,2.65871,1.71946,3.92973,2.21023,1.9947,2.68344,4.41477,2.80773,2.69122
4.41218,5.49834,2.09943,4.58319,3.86819,1.9528,5.3436,3.36337,3.80295,4.32742
4.60495,3.50384,2.11287,2.24343,5.89019,3.96707,4.94831,3.72493,4.02243,3.63092
3.42934,4.93837,4.04574,4.10187,5.74902,2.4334,3.26205,4.32972,3.58263,2.19494
4.28012,3.98093,3.07131,2.90989,5.07836,3.36611,3.76036,4.15958,4.54864,4.36578
5.62039,3.76896,3.79875,3.56797,5.65358,3.74301,2.88801,6.47127,4.22696,3.70116
4.14809,4.35636,4.78692,4.61278,4.49147,3.4527,4.02022,5.18265,4.08842,1.25222
2.26115,3.55646,5.03349,3.42811,3.32485,3.55322,4.01296,5.50457,5.078,3.44917
3.5818,4.67399,5.56892,2.92583,4.35357,2.81002,4.70828,3.89433,6.20376,4.37295
3.87662,3.80463,3.25707,3.84368,4.10334,3.48204,4.53201,1.40781,4.24511,3.74441
2.23664,4.52912,4.3298,5.06461,4.74298,5.58427,2.90554,3.97953,3.64403,4.8912
4.01135,3.76934,5.47473,4.50481,3.56619,4.31588,4.07976,2.27278,2.88208,2.71722
2.50731,2.78518,5.13511,6.11196,4.4963,2.92603,4.62859,4.29752,3.89755,3.69594
5.29648,3.83416,4.38772,3.80701,3.05251,6.15158,4.27025,3.74349,4.02008,4.86797
4.12808,4.33168,4.68907,4.20755,5.48822,5.71773,4.77166,4.64936,4.3114,2.76384
4.91424,2.7717,2.26483,5.40817,4.83394,4.69588,3.32893,5.77733,4.15546,3.92975
4.53179,6.53202,2.94636,3.97119,4.08827,3.6326,4.58764,3.73678,3.3439,4.15871
4.74648,3.31728,5.29457,3.40754,4.38356,4.0706,3.83201,4.37284,4.31103,3.8487
2.03597,4.45651,3.91794,3.74082,6.24753,2.80707,4.89192,2.00575,3.68034,3.34438
4.26894,3.98241,4.07878,4.06526,3.12442,3.69276,3.09891,4.39319,5.03177,3.51391
3.94779,4.0245,4.15481,3.5974,2.81751,4.24442,4.94638,5.37763,3.4235,3.87308
5.0367,4.34541,5.24626,3.7308,3.16823,3.43724,4.04149,5.40722,4.22766,3.86939
3.95298,4.13127,2.80379,2.35398,3.87705,4.99573,3.89724,4.09369,3.30759,3.10011
3.47932,4.22449,2.92007,6.82352,2.89863,2.32284,4.15751,6.32743,6.40134,3.27621
4.82429,4.25586,5.04998,3.92733,3.05579,4.94076,2.34762,5.4514,4.89819,3.24435
2.25785,4.4818,3.3412,3.83666,3.67783,4.24705,4.13349,5.71212,5.71788,2.51991
6.71899,5.74683,4.04142,6.21031,5.21435,4.88516,1.89,5.05,5.48568,3.69435
2.7814,3.90186,4.53509,3.15612,3.91936,5.13907,5.76461,4.62374,4.50753,5.45952
5.19891,3.76655,1.48814,3.01998,5.32564,4.88656,2.82887,4.59338,5.25777,3.29792
3.35951,3.65837,5.4964,4.67888,4.6951,3.07331,2.56089,4.99267,3.32872,5.64486
3.70723,2.67523,2.47653,3.09493,2.86148,5.03869,5.27149,4.69603,2.00141,0.753677
5.75031,5.35299,3.60463,6.04762,4.78053,3.51662,3.61064,2.86021,4.28075,4.8848
3.61653,5.80448,4.0189,4.56903,4.59197,4.07247,3.49189,3.14006,4.44712,5.22622
3.84544,3.61138,3.4785,4.7638,4.48008,4.15223,5.01378,2.92667,3.77556,4.67896
3.31448,4.52534,5.15408,3.67075,3.26185,5.75627,3.80584,3.99403,2.57214,4.12047
4.11829,3.69885,2.69319,5.1955,4.48752,3.44494,5.1703,4.65955,1.95293,2.41887
4.07894,2.0742,2.8653,4.13813,3.98181,3.20587,4.96896,4.20884,5.18795,4.48005
3.38364,1.79156,6.0692,5.5999,4.70119,4.71125,3.44092,3.96571,4.99174,3.70141
2.99871,4.99276,4.81315,4.30262,3.91202,3.49685,4.14312,3.1598,3.70169,3.48407
4.13046,4.55247,2.82501,4.15708,2.30145,5.03589,3.24703,4.33408,5.32903,2.51816
3.244,2.47639,4.51277,5.13378,3.43796,4.64919,3.31762,3.8843,4.15497,4.48414
2.96034,3.64905,3.15265,3.37853,3.02105,5.79803,3.65042,3.47862,4.18662,4.09771
2.99575,4.91872,3.87775,4.42073,2.94185,2.87413,4.49956,3.44337,5.18332,2.32535
4.28258,4.03263,5.72806,3.61315,3.65701,4.13938,3.90647,6.08738,4.07815,2.75989
4.91765,3.49872,3.24617,4.60407,5.67833,2.52198,3.3045,3.53064,5.30166,5.02759
5.35107,3.1782,3.25026,4.73542,2.88841,4.59075,4.32661,3.4835,3.93114,3.88321
4.42894,4.60753,4.73883,2.68019,4.90956,3.13209,2.99516,3.4696,4.23177,3.99633
6.01308,4.55522,4.86703,3.46959,3.86918,2.32396,5.65923,4.98808,4.36121,4.02177
4.04136,2.67705,3.49983,3.28321,5.1706,5.31678,3.08411,5.00746,4.65831,4.69838
3.2375,4.00611,4.11104,5.12396,4.44915,3.37908,2.91802,4.11309,3.89691,4.99308
3.4799,3.45353,2.77419,4.27355,2.27368,3.68895,2.68628,3.2041,3.19707,6.14324
5.71088,2.47208,2.58064,2.73719,4.07138,3.78552,3.68078,5.7533,4.02088,4.89432
5.09666,4.53789,2.46602,4.56482,5.23637,3.51949,4.74027,5.06222,3.74056,3.4055
4.87399,3.8791,1.8056,4.15496,5.42327,2.96058,4.55226,2.47829,5.66935,3.12477
4.3543,4.40016,4.92543,3.83646,4.52196,4.29131,2.25691,4.79683,3.26012,3.5118
3.86532,3.9415,1.70153,5.27712,2.85588,5.26996,2.72675,3.89521,2.66296,4.68946
2.78544,2.71466,4.22349,3.46186,4.25147,3.58899,4.19094,2.71196,2.72387,3.9451
3.61588,4.21514,5.01134,4.0315,4.97152,2.80427,4.98257,3.28433,3.24951,3.78055
4.53045,3.83122,5.53402,4.54108,1.90912,3.62455,2.49821,3.17562,4.2143,5.37227
2.72827,2.86365,3.76271,3.46177,3.56844,4.27365,2.59253,4.79744,3.70039,4.2636
5.29323,3.06769,4.30976,4.67461,3.12996,4.02112,4.53535,3.71421,4.17982,2.997
4.31569,4.80053,4.68917,3.8908,3.50309,4.19515,4.05864,5.65186,3.00772,2.53418
3.93423,3.52238,2.87161,3.76575,2.52893,1.91758,2.46047,4.9145,5.38239,3.69498
3.164,4.70849,4.44576,3.36114,3.15278,3.47188,3.06208,4.29084,4.04909,3.21416
4.37305,3.24509,3.94782,5.20602,5.92754,4.42431,5.40342,5.65341,3.69949,5.53609
3.9653,5.43542,3.90098,5.33214,4.56745,2.26478,3.28746,1.97883,4.31069,4.37029
3.25395,3.89408,4.54953,3.23169,4.38117,4.15504,3.81437,6.16119,2.79914,4.52821
5.25301,1.5414,3.70478,5.42571,2.92222,4.08952,3.8918,5.63864,3.59485,4.44015
3.17004,4.48547,5.36645,4.02716,4.31424,2.35228,2.62931,4.77195,5.33341,3.94038
3.60561,3.8323,3.99038,3.05547,5.01414,4.72364,4.36207,4.22499,4.17229,3.74426
4.35492,2.98721,5.471,3.31249,3.35446,5.79187,3.87319,3.64732,4.62053,5.02357
4.01274,3.89081,3.94261,4.67115,5.973,3.09224,4.82522,4.46799,4.81893,3.84221
3.77655,3.07001,3.73775,2.75975,4.31792,4.01309,3.63199,4.89179,3.75443,4.32009
4.82053,3.25445,3.80094,6.14929,3.82989,4.71203,5.59208,4.23798,4.09693,6.60204
3.12351,2.37276,2.40838,4.836,2.77738,4.54886,1.34746,1.72824,2.98838,2.74778
4.4833,3.56093,4.15713,3.61848,4.80209,4.74249,2.87421,3.9893,1.92508,1.93952
5.08337,2.71707,3.14938,2.47271,4.66429,5.3233,4.08966,3.95103,2.72198,3.26433
3.55831,4.45252,6.57179,4.54844,3.42456,4.24097,3.39737,3.05917,2.56234,3.81852
5.77933,2.83011,3.91662,5.06632,1.92254,1.18731,2.96744,3.44844,4.12248,5.10501
2.03296,4.77244,5.0282,5.1291,3.55243,2.7987,5.51059,3.5944,3.42734,4.3147
6.34077,4.627,3.39396,4.64917,3.17049,5.26742,4.08172,3.41597,2.42527,4.24847
3.20009,4.26678,4.89242,2.94215,4.31387,3.02488,3.15851,4.27411,4.32879,3.1874
5.01052,3.92082,2.39913,5.00091,1.46231,3.41561,4.32127,2.57297,5.06588,2.39511
1.71652,3.01602,6.10218,4.60106,3.1523,4.7364,4.17156,3.56345,3.52364,4.23665
3.15419,3.66772,4.04632,3.74293,3.57171,3.57484,4.38383,4.64324,4.39537,4.85943
2.00091,4.28627,4.13116,1.13031,5.17445,3.80396,4.10452,4.1181,2.9255,4.01592
5.88557,3.7871,3.36813,3.00384,5.29047,4.19495,4.53638,3.2789,5.21023,2.69186
3.78593,3.84838,4.29963,3.33357,5.02913,4.63259,3.145,4.60449,2.589,4.05215
2.63052,4.27548,4.71096,3.7323,4.90693,4.88865,3.0023,5.92129,4.00092,3.73913
3.0285,2.52433,3.06217,3.4604,3.5881,5.52788,4.36711,3.03247,3.72946,5.39895
4.97694,3.86715,5.99288,3.60489,2.75892,3.04232,4.37016,4.54323,4.52545,4.6093
6.95717,4.70137,2.81395,5.54161,4.97771,5.49753,3.411,4.11157,4.07496,4.27521
4.04251,3.07936,6.48593,2.98687,4.32643,2.72637,2.45254,3.74124,3.81825,4.72961
4.35123,5.05744,3.53847,3.75062,4.38411,4.91114,3.19865,2.97804,2.45068,2.8592
3.29539,3.74659,2.61907,4.77962,4.09417,3.70046,3.0789,4.50615,3.53021,4.88269
3.79046,4.8492,3.36954,4.1149,5.06352,5.0582,1.69847,3.27285,3.83488,4.86131
3.3645,3.65419,3.50293,1.49757,4.34516,3.15607,3.96975,3.11172,3.3171,5.17995
3.96428,3.10701,3.23937,3.6883,3.75428,4.85837,4.62575,4.18155,4.35526,3.33528
1.74162,5.87694,4.46206,5.46469,4.18063,6.17644,4.48078,3.66678,6.78486,3.88366
3.01131,4.11742,3.77389,4.45309,3.42728,4.67406,4.72344,2.17367,5.99541,4.60872
3.87617,4.90332,4.68843,3.83237,4.36298,3.76139,5.28746,3.98726,4.00536,2.76721
4.98316,4.61227,5.55064,5.10171,2.94981,3.82309,3.6588,4.77092,3.52242,4.65163
4.43006,4.67095,5.07161,2.7829,4.37078,3.84366,2.88775,3.24693,3.94492,2.42209
2.96261,3.1443,2.92503,4.05023,3.58982,3.30291,2.34988,3.50022,3.07073,3.60773
4.32372,4.17763,6.81976,4.5375,2.31934,3.954,4.11472,4.36378,3.52463,4.0468
5.56242,4.00933,2.97774,4.3975,3.68183,3.79186,2.97741,3.859,2.91416,3.0562
4.89211,4.78733,4.66702,2.94235,3.83501,4.82989,4.66984,3.20859,4.92984,3.52647
4.26662,4.08658,3.88736,5.41842,1.93518,4.09327,3.06422,2.37731,3.8003,3.85137
2.8601,4.53943,3.67949,3.96539,4.78579,4.11428,4.20281,6.10681,4.15681,3.84784
3.89789,3.50541,4.42779,3.64593,4.26124,4.13537,3.26154,4.71457,1.38903,5.28298
3.97204,2.21556,5.16534,4.52019,5.00328,5.68536,3.64265,3.83675,4.85659,4.47788
5.77635,5.79854,4.581,6.382,3.65698,3.03189,3.13042,3.34384,4.10447,4.09399
4.48028,4.22575,4.05996,3.41184,2.98552,4.56965,3.84088,3.95281,3.88414,5.09267
4.42809,4.38294,4.83369,4.81168,2.69264,3.71729,3.7378,3.26693,2.07521,3.5681
1.79034,5.00462,2.45141,4.07026,4.08249,3.54752,3.07754,2.28597,4.30865,5.1455
4.26949,2.17064,3.43041,4.23199,3.60776,3.83413,1.81712,5.18511,4.85597,4.74507
5.88568,3.75915,3.35669,4.92117,5.7152,3.57048,4.83812,3.28643,4.1769,4.53605
2.3951,3.58001,4.90833,4.9849,2.57841,5.31721,3.66013,4.47649,3.72688,3.85328
3.23342,2.78786,3.9708,4.32744,3.60826,3.53341,4.10383,5.35761,3.23076,3.25509
4.36123,3.68798,3.64884,4.04151,2.78789,4.27894,2.99912,4.05724,3.02449,3.12043
3.52062,3.63843,5.16127,4.3162,5.84862,3.53125,2.63092,3.48523,3.82043,4.35466
2.75074,3.85011,4.38539,3.88299,3.89737,4.70319,3.90136,3.73941,2.15014,5.68856
3.99806,4.54091,6.18254,2.69399,4.62095,4.46921,5.52965,4.3334,4.44688,4.09863
4.4521,3.73214,2.93383,4.7836,2.91909,4.68703,3.43379,5.61159,2.95643,3.77559
5.58081,3.78678,5.38587,3.96477,4.05823,5.34018,4.00416,3.96319,4.25385,4.9041
2.32688,5.77035,3.3142,2.27612,2.70856,4.2813,4.68158,4.13447,4.0665,4.40052
5.72044,4.97405,7.44695,3.77716,6.88219,3.47666,3.3185,3.29657,4.4915,4.2738
3.08769,2.56638,4.07492,4.35896,4.42949,5.11002,3.36946,3.2504,4.2241,4.11575
2.97597,3.00067,3.29277,5.15598,4.14879,4.25458,4.30654,4.05418,4.8039,3.42166
0.767602,2.48082,5.4283,4.7626,4.63116,4.2746,5.24442,5.94643,3.91076,5.50057
3.0483,5.49504,3.86079,4.16391,2.5129,5.30848,2.83515,2.80934,2.53019,5.00469
5.02924,3.25592,5.27568,3.82445,3.13659,2.85115,3.47601,3.41658,4.22228,3.63768
5.02433,2.72316,3.37094,4.25486,5.75083,3.93423,3.90643,4.22088,2.97077,4.4955
4.33901,3.99537,3.58513,4.34363,3.11695,4.56188,4.31106,4.30383,3.69215,5.91599
5.6694,3.82191,4.23227,4.28115,5.00643,3.68203,3.27916,5.56402,4.47598,4.14836
3.50808,3.38918,4.99596,4.86447,4.96073,3.98297,5.40844,5.05561,4.93903,3.99492
6.18538,3.51708,4.36615,4.10847,3.72203,3.99425,3.22625,4.78644,5.25538,3.88756
3.96398,5.64575,2.74011,3.95486,3.25175,4.88851,2.22202,4.52574,4.44825,3.79295
3.80866,4.72484,4.20276,6.05485,4.88976,4.5531,3.24273,4.09844,4.7171,4.68566
1.97077,4.30186,5.53102,4.00201,3.61588,2.53863,5.13658,4.11269,2.92864,3.89425
3.16723,3.77765,5.32442,2.87109,2.76148,4.32993,5.67364,4.43439,2.99736,6.22576
5.39855,4.58699,4.34696,5.14863,6.75296,3.55438,2.04922,3.4065,4.51721,3.41819
4.60091,2.83717,3.84179,3.18796,4.53393,5.68258,4.32532,3.8901,3.31423,4.61213
3.7376,4.69618,5.17561,4.133,4.05794,4.07005,3.75876,4.65714,3.84733,3.7444
4.77104,5.06714,1.00842,4.42222,4.8326,5.23823,3.49387,2.04775,2.08592,3.85059
4.30782,5.00582,4.66662,3.23597,4.69793,3.74737,5.01376,2.42936,3.99495,4.53074
4.59074,3.21387,3.85341,5.62716,4.47038,4.06077,2.34393,3.52916,4.17118,4.7726
1.9948,2.08148,3.2938,3.40393,5.05894,4.37855,4.58834,3.68406,5.01383,3.53071
2.57269,4.73544,6.62295,4.3163,4.13437,5.05805,2.67439,4.71371,4.97003,3.04212
3.00819,2.67479,3.42149,3.08263,2.9725,4.73375,4.34686,2.88528,4.11654,3.95441
3.28849,2.30946,5.59348,4.12105,2.9009,5.0188,3.27707,4.12311,2.68614,2.69711
4.01655,3.83399,3.7643,4.44393,3.09907,5.15742,4.27762,3.12282,3.1315,3.35154
4.33034,4.64759,2.72599,4.16284,4.22184,2.2971,5.43318,4.16779,4.16799,5.23624
3.14047,2.53513,5.99055,3.76231,2.59486,4.37769,3.21953,3.14755,3.63718,4.24339
3.948,4.2561,4.61778,4.62933,3.22123,5.04246,1.22322,2.46199,4.60689,4.44694
4.98677,4.16993,3.78234,3.73029,5.06981,4.14617,4.73434,6.23813,2.98362,7.26276
3.88774,2.92541,4.08812,2.26559,5.5435,3.38198,2.89305,5.1382,3.00832,5.10078
4.38738,3.37727,5.18099,5.37028,2.87882,4.74877,3.2726,4.8407,3.5319,5.15627
2.72731,3.85965,5.29975,3.15217,3.04835,5.26116,4.2554,5.47959,4.58301,6.37809
1.82221,3.15956,3.50218,4.3755,3.06557,3.42685,3.11958,5.68518,3.75306,4.17581
2.02255,2.88658,5.24169,3.257,3.34956,4.2514,3.45078,4.43367,5.28818,3.30145
4.82202,5.49556,3.54429,3.42708,4.41576,1.61862,3.89738,3.85,4.33088,2.3376
2.80458,3.20956,4.01029,3.74418,4.85673,4.95264,4.97428,1.4568,2.85297,5.20309
4.01714,4.85271,3.9819,3.22406,3.2527,2.7635,4.41863,3.42244,3.75436,4.53138
3.66895,3.75947,2.01018,5.4163,3.49687,3.97995,4.18462,6.53428,4.7807,1.96168
3.8764,3.94601,3.77689,5.06681,2.8879,3.67792,4.86733,3.48286,3.87988,3.16242
4.98369,4.06888,4.257,3.37475,3.63933,5.83661,4.98275,2.79119,2.93808,3.61673
3.18053,5.14813,2.94591,5.62718,5.63648,4.12614,5.11686,3.45548,4.15857,4.62789
2.71774,4.31864,4.90019,3.65931,5.54259,3.79483,4.85801,4.8477,5.02963,6.47011
4.90512,4.25551,3.81568,3.95864,4.89923,4.6464,3.51399,3.83073,4.29531,2.63691
4.67911,3.30596,1.74796,4.07493,3.39605,4.72329,3.6078,3.42943,4.41075,1.54913
