10
4.38493,3.82002,3.97691,3.47017,4.40585,4.36981,3.34284,2.0435,3.44339,4.54005
4.46385,3.60913,3.75547,4.23361,3.80621,4.95446,4.85805,3.60414,4.44116,6.00386
3.68486,3.34667,4.09647,3.90306,4.61745,3.93449,3.90065,6.03,2.23735,4.60725
4.1273,3.62679,4.89988,3.36901,2.67631,4.2206,5.5541,2.55429,5.25087,4.61531
3.80442,4.05149,4.8908,5.37623,5.44744,5.05644,4.52783,4.01792,3.34052,4.94281
4.16755,2.92405,3.28458,4.58186,4.29953,2.1801,4.14386,3.38149,3.59131,5.07245
3.49128,4.33044,5.44774,3.76331,3.16399,2.77784,4.49504,3.83464,3.49456,5.13448
4.86775,3.05873,5.3464,4.9623,4.18912,3.88914,2.74241,3.02894,3.76953,5.09521
3.57947,3.99571,2.73362,4.84942,4.1391,4.36241,3.95164,5.25164,4.3343,3.54325
3.36223,5.40648,3.28878,4.03491,3.23926,3.64117,3.50965,2.89171,3.1089,3.52606
2.1516,3.96578,3.73668,2.88673,3.75845,2.47045,3.57853,4.43136,3.80114,4.58599
4.58707,4.35352,4.27702,5.1422,3.71262,3.3126,3.61153,3.58867,4.14884,2.44787
3.40797,5.04164,2.41609,3.08656,4.11162,2.66704,2.87647,5.19482,4.28367,2.01868
3.50259,5.14471,4.41019,3.93832,2.75108,4.30782,4.51787,4.82345,4.47418,2.98589
5.17334,4.17668,3.32451,4.11413,2.71775,4.85587,2.15613,4.59168,4.0979,2.2489
3.86729,4.70615,3.30682,4.28147,5.45634,3.52822,2.05963,3.77561,5.82042,2.59179
5.11025,4.39749,3.86744,4.56408,3.35744,3.87563,4.43823,3.94872,5.22194,5.01977
5.34659,2.36958,4.56538,5.43026,4.43319,3.3257,3.05589,3.86588,4.26642,4.42004
4.16145,1.83773,4.19865,5.12975,3.72856,1.83594,3.73041,3.17516,4.26972,2.76567
3.56185,4.23826,3.83837,3.65338,4.74785,5.93711,4.74876,4.44689,5.17361,4.18197
3.53015,3.4447,4.67717,4.9544,3.51528,4.53071,3.77499,5.48648,3.85957,3.22919
4.46215,3.32111,5.214,3.95582,3.64146,3.56108,4.62302,4.85192,3.76019,3.31493
4.30975,5.87205,3.29667,4.7073,4.87178,2.37449,4.43783,4.65869,5.54873,4.68658
3.10429,2.62551,3.55702,5.10512,4.6999,3.89422,3.68208,5.98238,3.21389,4.57825
5.24882,3.18719,6.17074,2.99093,4.06994,3.50575,5.5133,3.66132,4.48975,1.76836
3.33487,3.38931,3.619,3.72791,3.45424,3.14716,3.17873,3.14575,1.67765,4.45776
3.62953,4.69393,3.1696,3.79866,4.57532,3.44622,2.65999,2.54766,2.80884,3.21146
5.22472,4.49076,3.71038,3.76832,5.72437,5.06784,4.04676,5.8927,4.79304,4.85663
5.53221,3.97819,4.06019,4.39545,3.30777,4.30796,2.573,5.26274,3.31291,4.84528
3.38078,3.25247,3.22373,5.74359,4.14004,4.5641,4.29468,2.81317,4.06338,3.68454
4.12759,4.38695,2.96667,1.39435,5.23133,3.70912,3.36461,6.18024,3.06104,3.67576
4.25348,3.9508,4.90248,2.50247,4.73725,3.96922,4.81261,3.24049,4.70525,2.62662
4.84689,5.18552,2.88314,4.86719,4.23139,4.03195,3.42551,5.49514,2.90867,3.85144
2.86751,4.22603,5.31001,4.01119,3.96047,3.72455,4.28186,2.40883,5.47057,2.9537
4.42108,3.01181,3.31967,4.80054,5.188,4.06106,2.82559,2.6412,3.3827,4.83217
3.69921,4.8527,3.88496,3.45396,4.67705,2.47761,3.737,5.2301,1.01164,5.36883
5.28613,5.54789,5.01387,4.98508,3.71617,3.55301,4.61793,4.76792,3.80154,5.57993
3.98327,5.592,4.72567,4.66621,4.24561,5.51499,5.54422,5.0013,3.79222,2.96109
3.31064,4.20527,1.45919,4.26362,4.45526,4.15411,4.42037,5.9182,3.69369,3.67781
3.33075,3.2203,4.75697,3.39561,4.18516,3.14105,3.79721,2.36124,4.63548,3.91403
3.27734,5.29524,3.10532,4.1781,3.59255,2.21689,4.71252,4.59639,3.52894,5.09102
4.61276,3.71767,3.30268,4.8894,4.68442,4.49169,4.6035,4.35782,2.7866,3.96477
2.43944,4.62939,4.64751,3.17116,2.84144,4.85704,4.10903,5.46766,3.14614,4.69448
4.28334,2.9977,3.70218,4.04793,2.92755,3.76394,3.7362,4.03835,3.94168,4.09674
3.23551,2.04011,4.78972,3.22881,4.31619,3.98442,4.6596,5.0793,4.00367,3.47246
3.19823,4.84997,4.90732,4.64073,3.65492,5.17066,4.07342,3.79535,4.33901,4.49438
4.45414,4.08831,3.36451,4.97766,5.04476,5.28551,5.31825,2.72361,4.00716,4.8607
4.44689,4.80573,3.05769,5.32614,2.84062,3.77312,4.67656,3.51198,5.3767,5.40964
4.14071,2.18023,5.308,4.747,4.39639,5.15612,6.12615,4.31459,3.00925,5.2744
5.73934,4.92987,5.35416,3.86701,2.28383,5.46567,3.03425,4.40725,5.29044,4.33812
4.48585,4.3229,4.41907,4.06442,3.70948,4.84175,2.29957,2.85412,3.75996,4.44103
2.10276,4.31438,4.09737,4.38257,2.5263,4.48927,3.53418,4.15394,2.10649,4.05566
4.95284,4.57638,3.9602,4.78789,2.71157,5.54598,3.99341,5.33415,4.47562,4.04245
3.93819,2.11848,3.5701,2.98805,3.28728,4.49051,3.75105,2.62236,4.48507,3.37067
3.61813,6.0505,6.1754,2.50017,4.94801,2.95,4.14172,3.14823,5.13453,3.85729
4.775,2.66644,2.84215,3.8492,4.58277,2.68883,2.99609,4.63862,3.11718,5.67764
4.29554,4.85289,2.17739,4.7238,4.33778,2.28169,3.92908,4.39271,2.64008,3.62625
4.30611,4.20154,4.36279,2.03978,1.25998,4.78289,3.65115,5.27981,4.03936,2.94862
2.14694,5.06446,3.11292,3.24883,4.41014,4.06009,3.38092,2.94242,5.10914,4.13876
4.51921,4.50382,5.73065,4.27299,3.131,2.81044,3.72517,2.86355,3.57735,3.30452
3.60366,3.77878,3.19952,4.73873,4.06082,4.91605,2.34425,5.29321,1.92371,3.55633
4.78081,4.00046,3.48688,4.62338,1.4833,3.49694,3.83199,3.90118,2.80848,1.91679
2.97331,4.70808,5.62464,5.09477,2.65,4.85782,5.12878,2.12554,3.45694,3.22181
2.29361,3.27552,4.53499,3.32761,4.55231,4.12013,2.4401,6.2841,4.02455,3.4908
5.7474,3.15238,4.4537,6.78735,4.81451,4.1136,4.40819,6.45054,3.77983,3.88845
2.43984,3.7442,4.29394,3.12596,3.43567,5.72841,6.6426,4.9295,3.77544,5.77145
4.04985,3.10767,5.77443,4.48254,5.22573,5.76599,4.01923,3.51427,5.29129,4.09566
1.16347,3.91386,4.22364,2.90038,3.19258,5.86864,4.9407,3.92308,6.18453,4.96025
4.41895,4.15201,4.02864,3.30536,2.8165,1.93616,3.94582,4.89793,4.581,3.4848
2.35069,3.90202,5.78279,4.3832,3.55662,2.92062,4.0016,4.01029,4.85129,3.43429
3.5208,4.10773,2.69559,4.40216,3.68271,5.08199,5.54582,4.15795,3.87566,6.20824
2.65288,3.72452,1.85348,5.73284,4.00971,5.01574,4.58059,3.25431,3.04049,3.77148
4.64867,1.72501,3.84017,2.63403,3.50663,3.1968,4.66546,4.18487,3.48274,3.90787
2.67447,4.39242,2.60293,3.51918,2.05731,4.37695,3.16572,5.72395,3.34827,3.90428
5.7609,6.46854,4.98708,3.28182,2.49342,4.39123,4.04079,4.36048,4.22001,3.25317
4.26795,3.05593,3.22048,3.62304,4.61051,2.99525,3.79077,2.70445,4.40522,3.89778
3.417,3.06102,4.75368,3.38953,2.8101,2.83721,3.99894,3.48136,5.13057,3.49403
4.03619,2.97455,3.8791,4.36135,5.11957,2.94609,2.33066,3.37827,4.59435,4.41062
5.60097,5.40309,4.18349,5.55817,5.34894,4.99214,2.89168,3.5711,2.2967,4.14772
4.23308,2.56737,4.66407,4.2846,3.85675,3.41994,4.05725,4.03116,2.7686,4.83538
3.35379,6.94116,5.02709,3.6742,2.11084,4.43613,3.97287,3.48812,3.56441,3.41153
3.52435,4.35523,3.07933,3.58483,5.25369,5.00601,3.16874,2.11938,3.45777,2.68938
2.65648,5.12155,4.18642,3.84864,4.22203,3.04615,2.73514,2.47504,4.11407,4.16638
6.07747,2.38504,3.3787,3.06484,3.90509,3.26255,4.35307,1.97893,4.17138,5.8854
3.27947,4.36927,2.21096,2.17485,3.75364,4.79901,5.2767,3.3177,3.41295,2.27497
3.14136,3.22302,3.71833,5.06611,3.34363,4.20713,3.79442,0.672827,3.90155,6.03107
4.10393,3.80102,3.25943,3.41339,5.55,3.2973,3.59125,5.17473,2.84625,3.70726
4.44763,5.72843,2.7188,4.2455,5.36004,4.06796,4.35868,3.72267,3.85733,5.59371
3.18297,4.02428,4.1629,3.00993,4.69279,5.10799,2.17795,4.13928,5.16595,4.54755
4.02394,3.7721,4.54829,2.56678,1.94272,2.34713,4.60887,3.57676,4.29066,5.08019
3.31881,3.11483,3.5689,4.86611,4.75286,3.73323,3.87157,2.79364,4.49451,4.40561
4.9342,4.22104,3.83165,3.64708,5.06347,4.6105,5.27821,3.92629,4.41515,4.12056
6.03781,4.73491,5.23461,3.84362,4.35836,4.23167,2.81503,3.22195,3.26789,4.25067
3.88083,4.72614,4.97606,3.34813,2.17433,5.86745,3.05398,3.87867,1.31785,4.69874
3.33295,4.60179,5.2769,4.34787,4.46367,3.65798,5.81492,2.77446,3.09941,3.62498
3.09434,5.0201,3.28212,3.93211,3.10969,3.93262,3.15158,6.70535,3.7896,4.46583
3.9316,2.71949,6.68518,4.5468,4.37691,3.44055,5.07904,4.10207,3.82386,3.87126
2.2135,3.25891,3.36647,5.29109,3.844,3.11577,2.79416,3.62488,4.30818,3.21224
4.73603,2.76585,4.58058,4.91548,4.39962,4.38692,4.61399,4.9731,3.93058,3.80854
4.46126,3.97977,2.30938,4.5657,3.06694,2.6566,3.57765,4.29339,6.36083,2.23112
4.01347,5.18442,4.27899,4.76096,4.73131,5.12557,3.94508,2.74112,6.8453,3.54984
3.17995,3.09211,4.18869,5.51105,3.84765,3.23909,4.23476,5.24065,2.95136,5.01592
4.43599,1.92611,3.92297,2.22824,4.38229,4.74922,4.1629,4.36332,4.08749,3.54793
2.40098,4.42793,3.54633,2.68013,4.06416,5.13668,4.85205,5.02444,5.18148,4.83068
3.25666,4.02493,3.39602,4.67946,3.33272,5.89754,5.60315,2.30029,2.97735,3.28138
4.67372,2.62223,4.64946,3.83933,4.40238,3.60586,3.66183,4.98851,3.73164,2.75032
3.84261,3.95748,3.32738,1.14798,3.826,4.80255,6.04453,5.24714,4.46892,3.47765
5.43621,5.16686,4.66346,2.0927,2.29817,3.60244,2.07395,4.09973,4.46146,4.16226
4.73089,5.78953,3.4521,4.32632,4.55295,4.1815,4.09941,3.2845,4.42125,3.53474
5.52366,3.62299,2.92637,4.33767,4.08773,2.76887,1.66795,3.04295,2.95946,3.1089
5.58234,3.54706,3.36923,3.42913,4.70714,4.70012,3.13337,3.94438,2.61986,4.20021
3.72009,3.56436,5.7116,3.781,3.12719,3.80419,2.26476,4.07458,3.29727,4.83698
3.85128,4.88256,5.45737,3.59496,3.35645,4.12639,4.6645,2.75056,5.14858,2.38986
4.31681,5.87347,3.56139,2.29483,4.48338,4.60205,3.18241,3.92043,4.13623,3.85725
4.01894,4.42856,3.65983,3.20915,5.40842,4.20665,5.68965,4.2111,4.69918,3.88448
2.13278,3.68705,4.48812,3.73214,2.71822,4.85058,4.71957,4.544,5.00709,5.89328
4.25872,3.64993,4.37275,3.8237,4.64219,5.04168,2.70623,1.64873,4.19647,3.50667
4.74568,4.70339,3.31785,2.93353,5.05085,2.52099,4.23524,3.45309,2.1576,3.96847
3.76886,4.47668,2.82057,5.09444,5.42862,4.88345,6.03585,3.02843,2.59608,3.15278
2.60372,4.37106,4.96844,2.96284,3.00591,4.51412,3.65415,3.95264,2.39974,4.29697
4.64557,5.2987,3.50534,5.26762,4.69762,3.8175,3.61194,5.05534,2.52017,4.09015
5.1982,3.24852,4.28143,5.02013,5.68464,4.03791,2.28601,5.33079,4.19056,3.18206
4.89855,2.0445,2.14135,3.91602,4.067,4.26859,5.50996,4.985,3.69316,3.47537
2.84048,4.8795,4.95649,3.63206,4.10861,5.66391,2.86656,3.71516,3.86653,5.21856
5.31616,3.41597,3.81143,4.13266,4.85215,3.72555,4.24216,4.93734,3.61502,4.30002
3.91715,5.75853,3.76228,4.59625,2.32693,5.49736,2.81308,3.72153,3.65675,4.53189
4.77441,3.72668,3.4269,2.14002,4.41634,2.2947,3.11418,4.16152,4.27347,3.1135
3.79327,2.13021,3.77848,4.9915,3.28896,3.958,2.81647,4.57784,3.28175,3.46639
3.73732,4.83528,5.19792,3.5872,5.5382,2.76831,3.13278,4.09647,3.58074,4.64689
4.79592,7.5405,4.59839,4.30837,2.99225,2.17777,5.05138,3.50315,4.52784,2.39957
2.97004,5.54095,2.25469,2.00849,3.20987,3.16969,5.69541,4.38845,5.10613,2.68512
4.72466,4.58325,4.99907,4.87856,4.17804,5.53354,3.19459,3.99954,3.73561,3.93931
4.53055,3.02819,4.84424,4.90741,3.97512,4.13245,5.04376,3.91767,5.84684,3.05901
4.32277,4.40223,4.503,4.28819,3.12275,3.58297,3.56661,3.43887,4.26669,5.35991
4.08788,2.80061,3.27643,4.33283,2.62157,2.6293,2.97283,4.16162,5.57681,5.12937
3.39811,1.43493,3.82937,3.46787,2.79675,3.14935,3.57287,2.94513,4.24823,5.4164
5.91654,4.44921,5.07627,4.26224,3.35686,3.30914,3.52785,4.36285,4.70114,2.80285
3.40341,4.64382,4.42919,3.6806,3.91719,4.8373,4.47598,3.69754,3.08283,3.18866
4.48165,5.42343,3.70338,4.5379,3.72021,6.1369,4.13699,3.98033,4.72147,4.03338
3.28004,5.65873,3.0155,3.15429,3.62092,3.81801,3.85644,3.67789,4.21218,5.68094
4.07671,3.13444,4.86669,3.33244,5.00558,2.11002,4.17584,3.62385,5.07195,4.39844
4.34501,2.86879,4.78875,4.56805,5.34803,3.38044,3.40647,4.58283,5.0872,3.51535
3.11309,4.63266,4.73402,3.33761,4.08021,3.8478,2.84171,1.304,5.01746,2.43619
3.43626,3.42819,5.71346,3.54292,3.69291,3.26822,3.78865,4.09803,3.95468,3.02989
2.6693,4.33191,3.545,4.74443,4.04859,5.72917,1.9002,3.13909,4.56879,4.61606
6.09768,4.01022,3.28747,3.26268,4.65379,3.48827,3.86448,3.27153,3.4234,2.92238
5.60063,2.6194,4.29998,4.41531,3.83797,3.65888,3.11331,3.42998,1.878,4.92052
2.5979,3.80717,3.62968,4.07438,6.255,2.62123,5.01217,4.47282,4.71156,5.68828
3.84685,2.59725,5.0293,4.38569,4.47275,3.19753,4.08584,5.08112,3.74702,3.51387
3.53687,4.17139,5.33942,5.65684,3.06929,3.96576,2.98986,4.72033,2.80763,4.8158
4.53017,4.53219,4.06016,4.85246,4.14489,5.25173,2.56161,2.53305,2.58483,5.28175
3.03015,5.17509,4.83036,1.12963,3.46322,4.83728,5.22825,4.3151,2.88514,4.25438
4.30245,4.6736,2.40925,4.10011,2.84183,4.66462,3.80669,4.71106,4.422,4.62597
3.19138,4.60442,5.14282,3.53892,2.92375,4.13561,3.85476,4.82715,3.15963,3.35014
4.31003,3.62439,3.94755,2.26965,0.931899,4.96595,5.66086,4.59252,4.52367,3.96925
4.48245,4.29011,4.16312,4.14202,2.3864,1.77764,4.97139,4.4384,6.29609,5.38851
3.95167,4.79299,4.53042,3.00841,4.79866,5.17031,5.45634,5.35437,3.64983,4.52671
5.47311,5.10049,5.5479,2.75804,3.54394,1.97203,3.79333,3.82309,4.75416,4.03271
3.17173,2.70833,3.87236,1.38726,3.58396,5.50785,4.59577,4.59613,2.84067,5.46436
4.9662,4.11713,5.78453,3.26967,2.73574,6.12894,2.96563,2.63488,5.44903,2.03883
6.06073,4.85904,3.55775,3.50573,2.28169,4.48649,4.07795,3.4074,2.87233,3.47635
3.75503,3.69154,3.6918,5.6494,5.16246,4.96995,3.35694,3.36922,3.30455,4.27327
4.47022,2.97213,4.76043,3.12513,3.74399,4.56579,3.91248,3.35168,3.29194,3.64241
2.63726,4.4649,5.44198,3.56999,1.8489,4.17569,6.3194,5.07534,3.41842,3.48366
5.80972,4.09886,3.57801,3.67809,2.73632,2.5836,4.98138,6.31502,4.19946,3.65957
2.92726,5.49928,3.42532,4.04719,4.69022,5.39397,1.72232,4.39726,4.32702,4.02427
3.90176,4.05264,4.01153,5.54156,2.3208,4.9516,4.16466,3.99498,4.64949,3.9876
3.57105,3.29782,3.17987,4.67564,4.44637,3.00393,4.04573,3.53988,4.32783,3.60973
2.12565,4.3242,3.46909,3.22949,3.40453,4.46033,5.23153,4.61295,4.79226,6.62124
2.15908,4.78442,4.32807,3.91192,3.41438,5.1021,3.97756,3.3076,5.48242,3.20613
2.72701,4.24265,4.79377,3.88851,2.05645,3.04305,5.76341,4.65125,4.7219,3.74506
5.11121,2.77451,4.15404,3.74721,3.89304,2.51453,4.24649,4.33138,4.79931,3.72746
4.48632,3.03296,3.6274,3.62961,3.42096,3.50704,4.38374,5.62982,5.88388,4.11542
3.96097,3.51279,4.09711,2.93347,2.64322,4.89836,4.24124,4.6142,2.32225,4.03064
3.94279,4.46472,3.84785,4.01225,4.75269,6.16967,3.49983,3.65566,4.06255,4.10355
5.42275,3.3719,5.52658,2.87752,3.61752,4.90321,2.98274,2.42449,4.63058,3.80518
4.77008,2.52507,4.06179,4.31039,3.63877,2.67834,3.09892,4.32639,4.93962,4.8555
4.01507,3.9655,3.1225,5.38107,4.26405,3.29845,2.74843,4.94017,4.15504,3.51961
3.0611,3.54792,4.93661,2.2035,3.9136,1.1634,3.53194,2.86451,3.83679,5.30185
3.86618,3.13118,4.29782,3.50351,4.44405,3.2114,3.50821,3.72158,5.13285,2.1477
4.23225,3.47436,2.56235,2.06101,4.80743,5.92005,4.58754,3.93216,5.60053,2.75812
6.55024,3.52462,5.0533,2.28812,4.8585,3.8851,5.30328,5.46205,4.71905,3.37811
4.22653,2.42487,3.55303,2.9852,3.08322,4.79239,5.28008,5.75184,5.03417,4.09247
4.76174,2.30981,3.78262,3.47676,2.14821,4.01631,3.61333,5.4262,3.7942,3.30625
4.55752,3.33806,3.70081,4.11689,4.67268,4.95588,6.23628,3.92594,4.13525,4.00954
2.25528,3.22968,3.31807,3.85937,3.4854,4.35295,4.23542,3.15468,3.78954,2.75831
3.86125,3.82326,2.56644,3.12592,5.17109,4.81332,4.02651,4.11293,4.61098,4.29411
5.10364,3.80681,2.48727,4.03391,4.89836,3.22487,3.02606,5.69015,6.09611,4.73658
5.63451,4.56943,3.13041,4.93482,4.27294,4.23313,5.75452,3.64477,3.44264,3.32045
4.66954,4.31746,5.32539,1.95935,4.27232,3.50623,3.37046,4.05213,4.05336,4.21461
3.87601,4.31636,2.84504,3.72507,2.80208,5.15287,3.93971,4.98704,2.71174,3.26795
4.15435,3.38908,3.9788,3.19394,3.62241,4.329,2.81645,2.9398,5.08316,4.37363
3.73604,4.85566,4.20927,3.0186,4.7597,5.3807,5.63767,4.35974,4.51468,3.5405
4.92042,3.64274,5.6583,4.75678,4.22997,3.29265,1.43744,4.28271,3.63153,3.78509
3.54979,4.84719,3.92847,4.61511,3.71119,5.47739,4.79294,5.95738,5.10989,5.07486
2.37553,3.64436,3.05748,3.83699,4.85607,3.49273,3.93394,3.7194,3.12863,4.51618
5.6314,4.07716,3.35288,6.15848,3.72012,2.97437,4.53121,3.45747,3.10926,4.46196
3.88918,3.12794,5.09395,3.33294,4.2179,4.54959,2.49884,3.79605,3.93493,3.43782
4.30427,4.47154,3.17348,4.77841,2.9581,5.15121,3.39744,4.13262,4.00356,4.31232
2.29036,5.63497,3.41324,4.76894,5.83463,1.72297,4.73942,3.54797,3.93067,2.20396
4.07293,5.31827,2.11048,3.76915,3.56946,5.76421,4.99788,2.79526,3.86529,4.54595
2.97949,2.79658,5.39425,1.8089,3.2536,4.75453,2.77672,5.41756,3.81318,4.15263
4.8674,4.07022,5.02033,4.3876,4.0429,4.39829,5.03132,5.08602,1.75479,3.68405
5.09878,3.62711,3.52146,3.98447,3.45975,3.74242,3.26155,5.2174,2.95839,5.46355
4.71115,3.65097,4.2619,2.43714,4.84174,3.8141,5.02047,4.46799,3.64,4.50758
4.04611,3.05311,4.19221,2.14241,2.84887,3.42075,4.67127,4.3301,3.78469,3.20807
3.63792,5.74978,4.83633,4.89774,4.77246,5.03828,1.41073,3.60515,4.39088,4.7385
4.49641,4.47634,3.22332,3.69094,4.44357,4.38625,3.51724,1.59308,3.57905,2.52364
4.95207,4.44036,5.83809,3.29584,4.49417,5.04857,4.86598,3.38104,3.54831,4.09872
4.78177,3.31924,3.71375,4.38633,2.42827,3.91139,6.40681,2.79516,3.31859,4.21352
4.2418,5.37153,3.14157,2.7866,2.68365,2.83488,4.3749,4.69019,5.40149,3.61986
5.11598,2.86301,5.21916,4.27231,2.12267,3.90333,4.83007,4.68597,3.46109,3.25957
3.87322,3.10114,2.51372,3.92812,1.33482,4.80386,4.57434,3.80458,4.96117,3.308
3.10433,4.67255,4.68229,4.60561,6.15242,3.03855,5.20121,3.90089,3.42355,4.1457
3.12867,6.15178,5.67158,3.8042,4.15589,4.89402,3.65509,4.60894,6.9226,2.81183
4.46882,5.2496,4.99206,5.00555,3.21519,4.96014,4.26093,4.75848,4.74016,5.09805
3.21612,3.77053,5.30025,4.13459,3.46729,4.82638,4.66463,2.70517,4.38206,3.05631
4.54411,5.1276,3.80829,4.21396,6.83474,3.20128,4.72356,3.61221,5.02694,4.6357
2.41955,4.14051,3.43831,4.59867,3.45286,4.13987,3.88535,4.63257,3.3158,4.69088
5.51912,3.21215,3.7834,2.35421,3.93221,2.83859,3.58394,4.58154,4.70189,4.0397
2.42069,3.43218,4.73063,4.30611,4.30983,5.44922,3.599,5.02586,3.74808,4.10186
2.8373,3.58019,5.13682,3.84441,5.96478,3.46125,4.36812,3.23405,4.62065,4.90163
3.08906,3.27558,4.6387,3.40331,3.19268,4.12561,3.01808,3.01785,2.54576,4.6552
4.86121,3.52673,3.7992,4.36676,3.66425,3.90759,3.45912,4.84277,4.95168,4.29734
3.62998,4.21746,2.02219,3.02207,2.79493,4.42949,3.00279,2.52415,2.79967,5.84403
2.84307,2.72005,3.7941,5.71293,3.87207,3.70759,3.45074,4.63822,3.7067,4.50175
3.48695,6.02282,4.32978,2.77459,3.76958,2.98672,5.72533,4.59428,3.3579,2.46194
4.39133,4.2702,3.98008,3.27627,4.34851,5.83722,4.57354,4.10874,3.99395,3.65738
2.98932,3.73273,4.10377,6.06206,3.56604,3.87399,5.56028,2.73808,4.37797,4.22783
2.63751,4.10063,5.86103,5.51743,2.84955,3.94097,3.71637,4.30829,3.93753,5.19605
2.592,4.21231,4.93074,4.01619,2.57354,3.18706,3.3141,3.41302,4.15453,5.09023
4.30898,4.6709,4.01423,3.76601,5.46069,3.60765,5.07763,4.0585,4.76262,4.06193
3.54643,4.95518,3.66138,3.02619,6.07387,4.41808,4.77263,2.92833,3.05423,3.65377
4.33974,3.56369,3.05043,4.76412,3.07946,1.96268,3.96926,6.65056,2.44163,4.8224
3.57279,4.99465,5.76521,4.77069,2.19677,2.00079,1.51346,4.99578,2.93406,5.30101
5.00755,4.94498,5.12863,3.7971,4.43354,4.43679,4.76235,3.45531,4.44079,3.97579
5.36174,3.65533,3.76762,4.21891,4.10357,3.24499,3.85607,2.84961,5.73417,4.85383
3.30266,2.34484,4.48193,3.25708,3.21748,6.27345,5.1024,3.84639,4.18392,3.97481
4.473,4.58172,1.84857,4.31007,4.39421,3.34083,4.80386,2.81678,2.67678,5.23002
4.71438,5.13083,3.61067,4.21524,4.43695,4.01123,3.36683,4.67155,4.63444,4.35357
4.52763,4.98595,4.20251,4.1545,3.8686,4.46413,2.73405,2.27763,3.31219,2.68316
3.39099,3.24492,4.74215,5.36581,4.62283,2.16106,3.79518,4.05736,2.65633,5.36706
3.79568,2.57256,4.37662,4.33127,4.42903,4.0355,5.22402,4.06621,6.13107,2.22331
3.13082,3.64012,3.14156,4.6429,4.73776,4.12843,3.33651,3.28035,5.69583,3.41657
3.70569,2.57927,3.49164,3.23616,3.61126,4.96761,4.89676,4.77612,5.43557,3.19669
4.75913,3.18278,4.27012,4.80489,4.09842,2.45825,4.13717,4.91344,3.94114,3.2851
3.87237,5.21381,4.29562,3.2123,2.41779,4.3155,4.75022,4.06377,2.41633,4.56523
4.53411,3.65376,3.31206,5.11301,3.48023,4.00556,3.40123,5.72283,3.61866,2.78233
2.54461,3.89389,4.66996,2.28356,4.20549,3.94871,4.95521,4.71628,3.33631,3.78451
3.05559,5.00023,4.12093,3.38819,2.69842,3.29261,4.34201,4.35372,3.92422,4.00478
5.62473,3.61646,3.89071,3.73159,3.62898,2.54543,3.06495,3.11031,3.47674,4.06756
4.09073,3.73029,5.05414,4.4519,4.59305,3.80229,4.12139,3.41004,3.88185,3.79742
3.70746,4.33764,2.44406,4.44176,5.05418,2.97227,3.06245,4.29563,3.60704,5.11284
1.98002,4.16497,4.11532,2.32278,4.15495,4.12676,2.8934,5.8412,3.41764,3.31663
4.88728,4.69979,3.39216,4.59503,4.54092,4.11309,1.01601,4.11396,3.4147,4.69962
3.8046,4.87519,2.98166,6.07413,3.71797,3.73549,2.7318,5.94149,3.06074,2.5268
4.27877,4.23207,5.42902,3.79292,5.23975,5.02948,4.36717,4.07036,5.0721,4.90717
3.14818,4.15811,3.35967,4.33361,4.61759,3.32295,3.6226,2.41888,2.22702,3.69005
2.95898,3.7429,4.08288,3.22839,3.37767,3.24958,3.4942,3.4354,4.03553,4.12824
4.17677,4.13399,5.58128,2.35978,4.43266,4.37402,2.57904,3.15392,4.67118,4.68524
1.69376,3.18187,3.65978,5.13642,3.75323,4.13954,2.75445,3.74756,4.61103,6.571
4.88101,3.41323,3.91642,3.50897,3.53009,3.91515,5.86954,4.00485,2.88649,2.91149
4.5437,4.05739,3.67088,5.22221,2.65784,2.67491,4.22131,4.48449,3.54943,4.46782
4.10665,4.56411,5.07717,5.20368,5.45468,5.44546,3.88477,3.91409,3.95825,4.41208
4.72391,4.58587,5.54553,4.38752,5.20562,4.52058,3.84256,4.33588,4.4576,1.48951
5.23817,1.51662,5.0952,3.51392,3.6653,4.417,4.32814,3.31387,6.09372,5.77539
5.65578,5.26965,4.4821,2.5443,3.22179,5.27833,3.87901,3.96645,4.49218,3.59294
4.3685,3.1702,3.61088,4.48788,3.31758,3.91979,2.96778,4.36373,3.53531,3.38905
5.12123,4.11247,4.49441,4.51955,3.42401,3.52271,5.28013,4.39061,4.66005,4.12009
3.73977,3.37486,2.62873,4.46991,6.0025,5.00857,4.88949,3.47772,3.33012,3.49128
4.58337,3.92499,3.1633,5.18991,4.63019,4.62268,5.77992,4.60918,3.3886,5.01293
3.95801,3.03627,4.67623,3.8283,4.29065,4.88661,3.46648,5.56706,4.41544,4.18714
4.77875,4.28501,5.24058,4.9587,3.87099,3.51546,3.75498,4.57994,1.74683,3.01297
5.15288,5.06811,2.18043,3.93861,3.55367,3.99735,4.24976,2.76715,3.08645,5.22051
2.83408,4.33569,4.61265,2.87545,4.50844,3.03933,4.36516,3.61342,4.19372,2.48242
2.31832,2.60264,3.84937,5.30064,1.88822,4.6718,4.62576,5.21985,2.81316,4.13127
4.52623,4.96633,4.47621,4.91143,3.61029,3.60183,4.89817,5.0912,4.67047,4.57352
5.88358,5.03027,2.41603,2.6917,3.21075,4.66914,3.2155,3.46741,3.49266,4.74831
2.68048,4.61886,4.38977,4.43107,3.06342,3.34376,2.66373,2.83266,2.5242,3.8338
4.6723,4.69204,4.32106,3.85971,3.97848,4.06937,4.26487,4.49685,4.92495,6.21482
4.0617,5.6298,4.34189,4.16915,5.93269,3.31686,5.76101,4.91608,2.34643,4.44856
3.5892,5.93981,3.4512,4.75268,3.45587,3.09315,3.92802,4.60981,4.26029,2.38319
3.51659,4.79218,4.85411,4.57455,4.5981,3.76744,4.11046,6.14934,3.02484,4.67911
3.8576,4.83308,4.8686,3.28516,1.87859,4.73993,6.19775,6.08234,6.31601,3.94854
2.10638,4.55839,4.10733,3.86867,1.10764,3.52467,4.23234,3.74775,4.20461,3.29632
3.80235,5.33314,2.20075,3.7566,3.41595,4.21323,4.58025,4.6976,4.92642,3.09295
1.93792,3.22674,4.22823,5.31928,3.15402,5.29795,3.91488,3.39838,4.27746,4.95475
3.05611,3.52306,3.45889,2.11219,5.07555,4.28501,5.23562,3.02959,2.90559,4.96251
3.0992,4.00963,4.78216,4.45211,3.04839,5.92858,4.23307,4.49485,4.75005,4.7707
3.56207,2.37701,3.18274,2.52898,5.07061,3.06477,4.06442,3.06516,5.09273,6.10024
3.11712,2.27403,2.32852,3.54538,3.84038,3.91898,3.85091,4.99515,5.1449,3.15504
6.69342,4.61143,2.1469,3.46148,4.32744,4.24561,4.83418,4.17836,5.52554,4.53154
3.76277,4.27023,3.48451,3.78774,3.22763,3.16757,4.74255,4.05968,3.63583,3.90958
4.60142,4.02338,1.88018,3.69893,3.39022,3.07761,3.43265,3.62107,4.36116,3.73608
2.77439,3.88987,1.54893,6.18048,2.33157,4.85601,4.76583,2.26807,2.71944,3.67234
4.12808,4.42362,4.76687,4.50852,4.16388,4.60013,3.36359,4.10808,3.64308,3.90648
3.5646,4.0928,4.13954,4.97836,3.73355,1.95334,1.67509,3.40035,3.30914,4.65973
4.28401,4.18706,5.71873,3.97559,3.02106,4.85459,6.97373,3.03411,3.31249,4.86783
4.5316,4.3251,5.09255,4.54713,3.73705,2.42417,4.06735,4.32627,3.63681,1.52335
3.17136,3.96195,3.22821,3.90775,3.54298,4.46491,3.53863,4.94109,3.11602,3.43995
3.16996,5.14553,3.76736,2.42182,3.34566,4.71419,3.46725,5.02425,5.17524,3.82935
1.3362,4.34449,3.17469,3.62374,2.08029,6.487,3.7701,3.72141,4.42833,3.67699
4.44556,4.70899,4.41425,2.95659,3.99971,3.82187,3.03803,4.94412,4.90671,4.23935
2.45374,5.38487,3.02185,4.58987,3.86314,2.90544,4.40383,2.61481,4.31774,3.0147
3.59503,2.84173,5.39077,2.94047,3.35313,3.51076,5.18063,4.68485,3.70641,3.01742
4.17671,3.69707,5.1405,4.15551,3.98751,4.64559,3.75869,3.62396,1.72736,5.09259
5.29788,4.75924,2.90238,4.35975,5.84514,5.12967,2.65389,4.53359,2.71793,1.90064
2.87241,4.53778,3.13658,4.59791,2.71074,3.7005,4.93781,4.68217,3.39848,3.86787
3.6049,3.39629,4.53483,3.92388,4.53266,4.92785,3.08183,2.57967,5.09139,5.69666
3.56954,5.57665,4.01241,4.67326,4.70873,3.74912,4.75745,3.75512,3.87495,3.20241
4.28321,3.1295,3.56747,5.76016,5.28712,3.22361,3.74736,3.45069,3.75338,5.3495
3.03495,4.31734,4.75803,3.47867,4.06261,3.96017,2.60808,2.6172,3.04974,3.54491
6.48171,2.04594,3.7873,4.85447,2.82366,3.86827,4.71747,5.03764,1.92399,3.5877
5.68115,3.64523,4.88237,8.10352,3.45992,3.46251,3.11786,5.77042,5.18168,3.47635
2.63915,3.72632,5.86694,5.04301,4.33296,5.59013,4.18111,4.67072,2.43425,3.88399
5.41811,4.61926,4.28025,4.6346,4.02212,3.45701,3.1654,4.9763,5.50081,5.69148
3.62824,4.78164,3.27042,3.14822,3.07834,3.74861,3.36933,3.08176,3.49413,5.44002
3.73121,3.38109,2.83171,5.20714,4.16653,3.80644,3.7347,3.3204,4.65986,5.4369
2.929,2.79131,3.70375,5.14891,5.20895,4.13579,5.00094,3.28873,5.59579,5.6042
4.93079,4.02729,4.03136,3.08923,2.51473,3.78239,4.90726,5.40619,5.7992,3.1538
2.84717,3.54137,4.3428,2.79143,1.66906,4.78032,5.3007,5.38958,3.85184,4.42142
4.12835,4.418,3.95533,4.64486,3.57973,4.40489,6.17734,2.28407,2.92638,2.82114
4.17631,4.85945,3.42674,3.51848,3.23122,5.86915,4.90777,2.21153,3.76599,5.83395
4.18991,3.12191,4.3879,2.6215,2.96315,3.87276,3.1707,2.54708,5.33189,4.40967
4.2607,3.30675,3.09813,2.42969,6.8202,5.91112,4.21091,4.24941,5.09965,5.09675
7.12444,2.64541,3.66032,5.0985,4.43217,4.04208,4.27616,3.05782,3.22213,3.55104
4.31953,4.21816,4.61208,3.62684,3.65528,4.74144,4.56877,3.70418,2.80557,4.88587
5.33537,4.34148,2.96627,3.56772,4.98101,4.09852,3.45147,2.62869,4.97568,4.76907
5.6388,1.4215,2.87512,3.78011,5.46204,2.96477,3.0794,5.11008,3.69221,3.84704
4.74661,4.3469,3.5549,3.79122,2.86268,5.26376,2.96546,3.83969,3.11401,7.1719
3.43043,4.83055,5.08358,4.50122,3.09161,4.25217,3.47903,4.56331,3.5987,5.95541
2.62875,3.59816,3.80347,5.57725,3.33624,2.21011,3.70667,4.82254,3.36837,5.01227
4.29199,4.49514,3.8525,4.87015,5.37142,4.80313,5.49796,2.76128,4.92172,4.07594
5.04606,2.40681,4.51321,3.39309,5.43161,4.3785,5.21294,3.89744,4.46364,2.6205
2.53503,3.89836,3.23626,2.72009,4.5601,5.09229,3.10481,3.36039,4.97872,3.7874
3.37528,5.06857,5.12799,2.63859,5.71385,2.75378,3.192,3.66216,5.13546,2.57393
4.5657,4.98519,4.20024,3.21606,4.37872,3.68346,2.99909,4.62212,2.42912,4.85722
4.42629,4.87386,3.33731,1.95033,2.6867,4.97561,5.00693,2.42193,4.81519,4.29461
3.10249,4.89191,4.79704,1.17151,3.02996,3.40461,3.99877,3.96378,3.62491,4.4517
3.25388,4.3969,4.47578,2.91524,5.31706,3.23178,3.16653,5.25271,4.91212,5.01172
3.90667,3.12485,5.80817,5.21352,4.85577,3.3861,4.43367,4.43706,2.70822,4.81946
4.99695,3.12588,5.24691,4.0124,3.56484,4.25331,4.51998,4.05055,4.03742,1.27833
2.86033,5.86917,4.52996,5.24742,4.09077,3.95577,3.30867,5.00866,4.48411,3.15784
2.93812,4.59197,3.46526,4.05369,4.49732,4.84515,3.16193,4.2107,3.63059,4.92697
1.44973,4.0117,3.37795,4.52267,3.94834,3.80957,4.53324,4.82886,3.34253,2.28836
4.68865,4.88895,4.26247,5.67736,5.11679,4.65185,3.91956,3.14757,5.39114,4.05432
3.16956,3.84682,4.36593,2.05321,3.54958,5.17697,1.21831,2.59882,2.45613,5.17343
5.05886,3.04582,4.24059,6.60775,7.91098,6.2732,4.40483,5.54835,4.19525,3.13508
4.98399,3.72577,4.9471,2.43131,5.78699,4.51282,3.31618,3.9796,4.4722,4.18765
0.716274,4.41412,1.89409,2.63976,2.69161,4.54686,3.84743,3.2687,2.32318,3.13082
3.81207,5.47797,5.24089,1.93248,4.42945,4.54441,2.63589,4.90766,4.00249,2.94262
6.76543,3.86626,5.01701,3.07954,5.60544,2.82005,4.0445,4.1578,4.18797,3.77598
4.01102,3.88244,4.13649,3.28241,5.08161,4.25452,3.61087,5.16982,4.65981,5.47449
3.48103,4.15171,3.1241,4.04742,2.83936,4.52503,2.46155,6.29828,3.43232,1.84611
3.28753,4.10908,2.63308,4.3339,4.66669,5.4736,4.30253,4.11724,2.71944,1.8952
4.29564,5.53266,5.61163,5.78677,3.49681,4.36342,4.61661,2.85253,3.83875,5.88614
3.24847,4.41831,3.54204,3.8367,4.15191,3.49539,3.11532,2.39188,4.01549,4.03023
5.39914,3.84378,5.23101,3.38268,4.34095,3.64628,3.13795,4.56455,3.80622,1.81209
3.63771,3.45422,4.5813,4.41577,5.08635,5.36442,4.68717,5.61464,5.63699,2.84306
3.5174,3.8055,3.81562,4.95397,1.53311,3.68717,5.81249,3.82978,4.73884,4.73035
3.63286,3.54635,3.95574,3.10405,6.40415,4.45272,4.30046,2.04568,2.50191,3.48025
3.6148,3.75044,3.99764,2.80858,4.5198,3.94937,2.36109,4.12461,6.15876,4.41778
5.33504,4.66508,5.77583,4.48387,3.43095,3.80064,3.46825,5.86333,4.66679,4.91364
3.42544,3.0037,3.48084,4.75547,5.90005,5.45704,4.06718,4.07641,3.57961,3.29308
3.64118,3.74979,3.96151,4.88015,3.51101,3.36326,4.55237,3.49875,3.80208,4.60793
3.88225,3.34887,4.04603,1.65121,2.24724,4.76655,3.82172,4.38078,4.36283,5.00705
3.26192,5.99748,4.4688,3.52789,3.11287,4.86839,4.33292,3.56646,6.27369,3.42694
4.56462,4.84405,2.14837,2.99342,3.55397,5.08405,4.32057,4.48342,5.14187,4.75908
3.8377,4.06073,1.69038,2.56287,3.1602,2.86024,3.04734,3.33357,3.71914,4.11723
3.90449,2.60303,3.119,4.1996,4.89913,4.56792,4.27399,4.07795,3.50929,3.65609
2.03574,4.88546,5.11648,4.14565,3.84411,4.32248,2.90081,4.29339,4.36492,3.69316
2.94813,5.62134,4.02543,3.64941,2.99216,3.0155,5.58349,4.01557,3.78288,3.71037
3.16178,3.67107,5.3756,2.7352,5.16852,3.26752,3.74203,3.62861,4.29289,4.78667
4.4163,5.894,3.16745,3.34173,2.98879,3.63098,6.18201,2.81696,3.67421,6.15757
4.50203,5.2831,4.08682,5.5279,3.49541,5.58405,3.47577,4.74231,5.70804,4.75083
4.22108,3.40271,3.07082,4.75743,2.95117,1.55187,4.15822,2.33177,3.59497,4.95828
3.96212,5.22123,4.4044,5.3668,3.80057,4.85018,2.15316,3.51578,2.09985,4.74239
5.28497,5.30528,3.53674,4.44228,4.19571,4.2359,4.33334,5.52227,2.68609,5.19791
4.52265,2.92911,5.25338,3.92011,3.63417,5.92206,4.09242,5.55754,4.04946,2.99684
1.3632,1.48295,3.71401,4.27712,3.15426,3.1851,4.55003,3.90041,2.5441,3.38347
2.26434,3.63037,4.54614,5.32148,4.78116,3.24349,3.16891,3.41448,3.78298,4.12496
3.01032,1.98342,3.81185,2.53305,4.18259,3.03138,3.65219,4.41189,4.74313,2.80491
4.98561,4.95463,3.25542,3.3221,1.82372,4.68296,4.49137,2.59628,4.70102,5.25004
3.42613,4.53278,3.78823,3.72474,5.59439,4.39855,4.14828,2.18734,4.60256,3.72806
6.31407,5.65893,3.509,3.8702,2.8757,2.88735,3.75058,2.31643,4.45578,4.04148
4.82559,4.13398,4.08347,3.62035,5.3866,3.83652,2.9155,3.72714,4.92778,4.76805
2.93563,2.92623,3.79339,5.2864,5.09759,3.69765,4.11827,3.2204,4.00359,5.01487
4.27349,3.43444,3.60883,4.37639,2.35035,3.82956,4.69459,2.44258,6.3151,3.11714
2.25444,3.35439,4.02123,4.42603,5.60152,3.33536,5.11248,4.26263,2.17697,2.52141
3.08762,2.90234,5.28507,2.56405,4.12773,3.49767,3.76236,5.23727,5.37603,5.64452
3.95493,4.66411,5.55308,4.58413,3.54324,2.94258,3.43946,3.28391,4.42767,4.15593
4.34656,5.32008,3.68557,5.55016,4.35756,3.85901,1.94745,3.65046,1.29456,3.56806
3.75476,4.90718,2.64898,4.16357,4.29733,4.37015,4.67158,4.05865,2.09464,2.50786
3.73222,3.61754,1.37769,4.67334,3.4292,4.37245,2.8733,4.45911,3.20054,3.95511
3.23215,3.22867,3.171,3.60566,5.53777,3.6566,3.44968,3.5846,4.47489,4.52112
5.91899,3.45624,5.7034,3.20307,3.01179,4.45557,3.68335,3.2828,3.40126,3.46895
3.56042,6.04045,4.51772,5.30334,3.05158,4.74348,3.86319,1.96521,3.91389,4.43331
3.41676,4.57927,4.87182,4.07164,3.04928,1.71355,3.22077,2.93451,2.28475,3.65139
3.52888,3.88765,3.85315,4.49813,4.33262,3.50738,2.52445,1.95338,3.63861,5.60321
3.85515,5.34272,5.04877,5.34911,3.53264,3.06965,4.17792,4.70318,4.09686,4.53036
3.12607,5.08063,3.74811,4.93512,5.00083,4.62975,3.07482,3.32224,5.02628,3.17711
4.57472,2.83797,6.6959,2.9792,5.10632,2.97528,3.99865,4.72908,4.60406,4.0846
3.6972,4.3324,2.4623,5.06675,4.199,4.07152,3.93134,4.24223,4.57986,2.3659
5.82543,2.60805,1.80652,3.86681,4.72277,3.76837,5.60027,3.39367,1.97788,5.53791
2.59819,3.86622,4.4187,5.04645,3.77014,3.95107,3.009,3.28922,8.09987,3.53292
4.2444,2.18631,5.52492,5.70089,3.1749,5.04504,4.8466,3.11272,3.95798,3.74177
4.59625,2.82279,4.07168,2.62408,4.47006,3.39936,4.19287,3.41837,2.99865,4.91841
4.70935,4.82174,3.45407,2.60262,4.74403,3.81885,4.21664,3.69127,4.622,6.25478
3.89644,4.18575,3.81691,3.84837,2.88367,3.61293,3.57492,4.31783,4.64695,4.32547
4.75407,3.48056,3.42758,4.1583,5.26352,3.11674,3.80412,4.7222,4.80054,4.96894
2.6321,5.33724,4.01493,3.10463,4.94485,4.0489,4.12966,5.16659,4.5017,3.86033
2.19767,2.15778,3.70627,5.58779,3.94147,4.18873,2.65911,2.98672,4.61193,4.59436
5.37558,3.02488,2.99991,4.45397,3.91943,2.42133,1.91054,4.37556,5.73357,5.118
3.51957,4.97029,3.42866,3.27691,3.17353,3.47418,4.4012,3.22316,3.13265,6.14798
3.36282,3.64636,2.16421,3.89457,2.58832,4.34291,2.66369,4.16747,3.39861,4.46973
3.97077,4.36735,4.41046,3.66334,3.80195,5.31448,6.20591,4.69109,2.76201,5.02045
4.99646,2.73149,5.06628,3.43597,3.10576,4.85669,3.73057,3.50826,2.85585,4.72144
2.82716,4.30825,4.36505,3.7436,4.80391,4.31554,5.07969,4.8006,2.3673,5.47637
5.22135,4.0682,4.19892,3.78925,5.22739,4.21097,6.10633,3.69247,4.62519,3.662
4.39101,2.62001,4.19844,3.66751,3.52588,4.11136,4.31112,3.94421,5.81001,5.2283
1.14925,2.70293,4.82558,4.54322,4.69089,5.61376,3.38112,5.57658,4.6522,4.47707
3.07203,5.26446,4.68417,4.48774,5.26455,3.87396,5.32548,3.01319,3.6512,3.27535
4.6538,5.41927,4.45557,2.77244,3.06398,5.01487,3.61928,5.5825,3.17018,3.70676
4.51611,2.40929,6.69322,4.21644,5.58463,4.50151,4.20023,5.82538,4.60893,5.05189
4.30847,2.9358,4.79134,4.50452,5.51156,5.28615,4.46348,2.9098,1.61271,5.45897
4.71878,4.13796,2.8703,3.40537,2.19088,4.29456,4.04747,6.02995,3.1385,3.52244
5.61087,4.42945,3.6859,5.86255,4.59802,4.77756,4.50785,5.0717,3.65126,3.67926
4.62639,3.66732,3.56338,3.92265,4.49674,3.62525,3.35646,3.09663,4.46198,3.99597
5.71782,3.53665,4.46756,4.07362,3.78196,3.68985,4.68699,4.33864,2.32549,3.5528
4.29067,3.09129,5.7764,3.54048,4.60511,4.24123,2.9328,4.02925,3.48148,3.1849
1.79784,4.2884,2.70588,3.17746,3.30445,4.23879,4.79511,3.74401,3.25816,4.89236
2.75408,5.18546,3.18896,2.9782,5.04087,3.96191,6.52146,5.20131,4.47341,3.5486
3.59942,4.07894,2.79227,5.15081,2.73617,4.38863,3.0257,4.25084,4.37273,6.10911
3.92842,3.99753,3.66144,5.95027,2.46803,4.25666,1.22336,4.56502,6.18073,3.41875
2.9214,3.64355,4.15351,2.83398,3.38337,3.01088,5.57544,4.8835,2.74381,4.35432
3.92003,5.23809,3.62206,4.15032,3.88282,4.76677,2.53068,1.43743,5.21537,3.7832
4.67937,3.66175,3.30007,3.91418,2.80936,1.47674,5.79081,3.87265,3.96222,3.60076
5.26812,4.66637,3.40518,3.99466,5.68668,4.11507,5.17672,4.03475,4.56149,3.30752
4.79954,3.70466,5.15602,4.7418,2.48948,6.84313,3.23851,2.92475,3.22215,5.64349
4.02021,4.59862,3.85191,3.47825,6.13408,3.72647,3.81234,2.85461,4.22052,2.57951
2.33206,2.79514,7.03095,5.19878,3.40419,4.89598,3.67608,4.32056,4.19322,4.39536
3.27956,4.13265,5.16106,3.92139,2.08479,3.41565,4.95064,6.20967,2.59583,3.76405
2.33384,3.88731,4.94995,2.81557,5.13272,3.81427,3.79144,4.11357,4.97297,2.29362
5.01935,4.27882,5.71345,3.11382,4.6346,4.39381,4.4518,2.57326,3.54516,4.47008
3.96247,4.12276,3.59003,6.41857,4.4878,3.42187,4.44923,3.79807,4.33663,4.65755
3.80548,3.74833,3.68574,4.21802,3.37649,4.87606,4.09184,5.76123,3.83755,4.0463
3.35864,4.34777,2.72139,3.15339,2.90067,4.82889,4.52372,4.10074,3.3052,4.05392
3.09528,4.10854,4.00848,3.20415,3.50861,3.66303,2.9196,2.94932,2.64662,4.51405
3.3056,3.29365,4.56831,4.84445,3.76813,2.34012,3.41226,2.3981,3.83835,3.75339
4.59971,3.86258,4.20429,3.25067,5.22747,4.55256,3.26725,4.95986,4.41885,5.36695
3.79446,3.95898,3.57053,5.24576,5.04045,4.18622,4.54424,6.3208,4.44213,2.00099
2.01544,3.81703,3.86729,3.54406,4.96235,3.91237,5.44508,4.13703,4.66405,2.93616
2.80205,2.97529,4.46951,5.18843,2.70794,4.16466,3.14254,3.47825,3.38229,3.72624
3.46735,4.0803,4.55767,6.34257,4.88167,5.198,4.99333,3.42826,3.11789,2.7642
2.89018,4.90349,3.69572,3.16605,5.48229,3.54956,5.04217,5.25021,3.32127,4.12132
3.18737,5.68978,3.87728,2.5756,3.42004,3.64294,5.55578,4.49104,3.10598,4.85765
4.02256,2.84394,3.8607,3.55083,2.4242,3.12401,2.53863,3.43742,1.96455,3.65606
3.9273,5.2908,2.26725,4.21241,5.13942,3.97825,3.72223,3.63715,4.4684,3.53633
6.13902,2.93001,3.71981,4.07616,1.97523,2.13442,3.48385,4.99329,4.04182,5.37879
4.66998,4.94188,3.54415,2.5811,3.80272,6.00387,4.38815,5.67652,5.96704,3.71457
4.97991,3.65879,3.00116,5.58545,3.30664,4.31757,3.49537,2.93021,3.15084,3.96943
5.00453,4.09261,1.8215,4.05301,3.48816,5.12521,4.8292,2.59776,3.40127,2.83297
5.11219,3.82195,3.38713,3.7246,4.46392,2.69899,4.05099,4.45183,4.3637,4.65106
3.03078,2.40322,3.00338,3.32505,5.61378,2.53177,5.32029,3.32461,4.67088,2.73876
4.89682,3.94649,4.30723,3.48574,2.09988,5.13485,3.32535,3.99749,4.01531,3.83552
4.02364,4.47517,2.93488,2.77389,2.5657,4.97924,2.05398,5.23438,4.88003,5.76922
0.786376,5.38562,3.87881,3.94128,2.682,4.84736,3.31585,3.41497,5.77974,5.61441
4.45512,4.2199,6.58839,4.01124,5.51123,1.19934,6.3309,3.8903,4.79842,3.99344
3.91932,2.46904,5.1115,4.39403,2.4705,1.96961,4.21602,4.87244,5.30864,3.28081
3.6624,3.49533,4.94016,4.39133,4.49338,3.85535,5.68141,4.57874,5.13572,3.7596
3.51155,6.37049,4.47009,4.27442,3.81606,2.4267,2.8712,2.98597,3.37368,5.3058
3.09436,2.71108,1.90147,5.59251,4.01841,5.08068,3.943,4.2569,4.44199,4.03498
3.61233,2.36591,2.05105,3.74052,3.25271,6.19501,3.11111,3.38017,5.1247,2.96594
5.29822,4.09364,3.22123,2.65448,5.31285,4.24767,5.17916,3.32523,3.90241,3.8338
4.58657,4.99565,3.42287,3.96974,4.97092,4.29152,3.36227,4.21081,3.6323,4.41294
3.34811,3.27594,4.33805,4.3556,4.95566,5.59395,5.79157,3.43603,4.89665,4.50625
4.61522,4.51703,3.18595,3.87742,4.71164,4.34853,2.67291,5.02147,2.87617,3.58408
5.18295,5.91342,1.9125,4.17762,4.94815,3.95752,3.06522,4.74427,3.16065,3.71497
4.286,4.43405,4.58982,4.19274,4.36696,2.45978,4.93873,3.66626,4.85018,4.81359
4.28688,2.80554,5.47036,6.22586,4.72095,5.39921,4.71266,2.29748,4.75805,3.95336
3.18168,3.00626,2.76357,7.01667,4.41785,4.72528,3.45857,3.9534,5.0331,2.88838
4.2891,3.96496,4.2251,3.6211,5.55618,2.51606,3.36312,4.16379,3.54891,3.73398
4.56153,3.33149,4.38411,3.75277,3.5136,4.90091,5.37584,4.33694,4.4868,4.09759
4.10583,4.45444,3.70202,3.87825,4.01978,4.70807,5.11278,5.2675,4.19641,4.7872
4.18681,4.23889,3.61777,4.6608,4.78856,4.10678,4.09699,4.32226,6.20418,3.69219
2.70033,4.85856,4.23604,4.52055,2.1163,6.51168,3.72352,2.92318,3.66094,3.14628
4.76681,2.96433,5.73571,3.63582,4.55161,4.63791,5.70031,3.11056,5.39158,3.21161
3.88196,3.89713,2.89073,6.68377,5.83349,3.73959,5.34089,3.23449,3.70464,3.04876
3.7457,6.0181,3.51146,5.3377,2.90804,4.87754,4.45552,4.27864,6.02616,3.49517
2.71576,3.93431,4.56548,3.22918,2.90576,4.25972,2.81366,3.21015,3.10176,3.66704
2.49152,4.88542,4.5569,4.62814,2.49345,6.86826,4.18366,4.10398,2.82807,3.43607
2.89742,5.48135,2.81384,3.19349,4.61872,4.05052,4.87219,3.99592,3.36729,5.13293
5.08086,4.41437,4.59788,3.22957,4.65404,3.97461,3.73906,4.40534,5.11603,5.56737
4.56559,4.09098,5.31577,4.50881,4.91158,4.55086,4.91632,4.43253,4.81322,4.01263
6.08063,3.36623,2.62742,2.51623,3.73492,4.77564,4.06806,3.249,4.70736,4.45952
5.15603,2.79567,5.84554,2.0074,4.36543,3.38165,2.75408,3.02029,4.76589,4.19734
4.53511,5.06461,4.10961,4.60274,3.63799,6.72826,4.87527,3.85966,4.94682,4.26463
4.44418,5.76399,3.87447,3.44394,4.64766,3.5114,4.85011,4.6367,4.06607,3.8253
4.79652,2.25775,4.24548,2.4685,3.44555,3.96955,3.44467,2.60479,3.52084,4.37596
3.11162,4.2266,4.47143,4.64186,3.88515,4.58154,2.69129,4.81846,4.47023,5.22185
5.03823,5.37357,5.45575,3.69423,2.35883,6.22215,2.38237,4.88491,2.69883,2.24299
4.33272,4.3656,5.43217,3.15957,3.86956,2.96031,4.24719,4.35503,4.27197,3.37999
2.17314,4.51475,2.90186,6.17586,4.90792,3.29964,3.91894,3.32346,3.05952,4.85554
3.32604,4.21669,5.96919,3.04382,4.64727,3.43004,3.67517,3.1589,4.45379,4.83159
4.22591,3.94892,4.05444,4.50252,5.34294,5.8189,4.14506,5.12326,3.54537,5.23195
3.80654,3.44167,5.15237,3.92862,4.85886,2.78954,3.93311,3.42701,3.56753,2.33506
4.97051,4.34533,2.89621,3.57375,3.04222,3.73843,5.67578,3.13489,4.9858,2.51616
3.51902,2.03306,4.839,4.0437,4.12428,3.57226,4.35231,1.9248,5.04478,4.97624
4.77761,1.73035,4.82608,3.34694,3.91182,4.34655,2.51191,6.17184,3.40016,6.32852
4.29197,5.09398,2.30102,4.74546,4.54099,3.19548,3.00752,3.53231,3.04897,3.92309
2.80691,5.08102,3.9783,4.84169,2.27767,2.0285,3.87932,6.47708,6.06423,5.06457
4.76292,4.89862,5.44702,4.63615,4.28027,3.73485,4.81844,4.65637,3.9474,4.34141
1.33182,3.24603,3.41021,5.21351,4.36644,3.75092,5.92999,3.34729,4.00329,4.34351
5.0638,3.91918,1.67052,2.48654,4.86797,4.33644,5.78505,4.67495,4.94532,2.43066
3.92929,2.22208,4.38565,3.90617,4.72549,4.12702,3.03612,5.097,4.22679,4.08993
4.67676,3.51672,3.646,2.72383,6.04002,2.71761,4.97546,2.89358,3.95229,4.58322
3.36967,3.0344,6.14646,2.97371,2.91421,4.41113,2.69239,2.66302,3.35169,6.55861
2.57511,2.63734,3.38562,3.77653,2.86466,1.64022,4.09721,5.01697,5.2255,5.68086
2.63186,5.3704,2.06906,3.05492,3.366,4.04836,0.359837,2.86787,1.88683,3.58442
3.0282,3.0551,5.40243,4.65636,2.00233,3.93363,3.33139,4.43504,4.28657,3.73177
6.62058,3.61214,5.83976,3.07819,4.09445,4.14714,3.91853,3.96129,6.35747,4.03299
5.63053,4.64842,2.95617,3.52689,4.9047,3.19481,6.13737,3.25999,4.35506,4.16175
3.94638,5.29985,5.92353,4.91622,2.86753,4.47512,4.31983,2.88375,4.46002,5.12876
4.91449,3.05461,0.977652,4.10744,5.12679,5.07827,3.2032,5.03453,4.08791,4.84596
4.11735,4.98759,5.66912,5.10355,5.20453,2.82865,4.20006,3.58376,4.87565,5.73719
3.13151,4.0837,5.21564,3.27777,4.41059,3.03131,3.52635,3.90933,4.92296,6.21795
4.96296,4.19377,2.74415,4.12983,1.40155,4.42449,4.38723,4.53308,3.90986,5.38697
3.09889,3.54891,2.47938,4.63689,5.01766,5.15035,5.11481,4.39354,3.23595,2.45913
4.87128,3.00301,6.86084,3.52492,3.69783,3.56735,3.36428,3.95926,4.55403,2.51633
4.19829,4.5806,4.39858,4.52644,3.10982,4.87753,3.68111,3.12853,2.65278,3.17246
3.74759,5.35814,5.79809,4.98301,6.0166,5.17048,5.12718,3.9609,5.21946,5.3146
3.75236,4.40957,3.86445,2.90028,2.88798,4.30209,4.12675,4.65183,4.56232,2.79742
3.80667,4.88805,4.5991,3.30256,1.7996,3.38746,4.75501,4.59691,4.77449,3.16756
4.20562,3.09843,5.42656,3.5253,3.79424,5.04681,6.61289,6.00466,4.6195,4.47567
4.96651,3.96078,3.60231,5.44839,5.73315,3.15568,4.70888,4.49445,3.92561,4.65609
3.11129,3.25519,4.55341,5.13089,4.67908,2.65069,5.7092,2.98406,3.44529,3.53672
4.13678,4.75571,3.28458,3.93404,3.19834,4.19145,2.91232,4.47906,5.36818,2.90085
2.96176,4.05914,4.41047,4.04888,3.06889,3.33591,3.00104,4.86063,5.62697,4.22497
4.71938,3.71605,5.29647,2.7818,4.09677,3.79711,3.47348,4.88036,3.59121,4.71276
3.17789,3.18448,5.44824,3.49058,3.49431,4.18573,3.58767,5.52604,1.71663,2.91351
6.04685,4.3109,3.6936,4.55343,4.23049,3.81882,3.93951,3.79932,4.47723,5.02497
3.71609,2.62895,4.04374,3.82662,4.68323,1.69743,1.94864,3.5061,3.33011,3.8969
3.59297,5.03202,2.63042,4.34925,2.67716,4.86794,2.63643,3.86382,3.46524,4.1435
4.32236,5.3199,3.76866,4.40011,4.03401,3.26822,2.73817,4.85742,4.4351,4.56858
5.19827,4.55791,5.86917,3.73803,2.98589,5.37376,3.13901,2.65929,4.52633,4.7532
3.07619,3.95768,2.97289,5.04821,1.74711,2.79776,3.92093,5.64613,4.34994,4.36462
4.32475,2.64993,2.11171,4.35459,3.14478,5.16813,5.44238,5.29905,2.53485,5.50186
3.52074,4.39287,5.1271,2.64826,5.64197,4.29656,2.266,4.19679,4.60641,4.23627
5.81288,4.07152,5.89661,4.19527,4.96739,5.87896,3.50541,4.4654,3.7425,4.11083
6.16398,3.58752,4.48605,4.56344,3.49201,5.21561,3.4266,4.93041,2.80426,5.2913
2.85775,4.45628,5.64633,3.73311,3.13817,4.57359,3.5245,5.07065,3.09833,4.59012
5.69291,4.46498,3.69328,4.20199,4.26238,5.85272,3.41229,5.62045,4.80551,2.22863
4.58013,2.9775,3.46641,3.96302,4.85385,3.50263,4.04285,5.14463,4.47667,4.32943
5.11881,2.55903,3.19458,3.9818,5.32779,4.27732,2.71242,7.03665,4.21179,2.56707
2.64628,3.90535,2.83583,3.44582,2.2515,4.30869,4.55332,2.60221,5.06816,4.15029
3.85472,2.85174,3.41702,3.3009,2.12739,3.76407,3.52904,2.64973,2.22802,4.8335
3.92164,3.43293,3.26398,4.19482,3.75153,3.78968,5.13265,4.82122,3.96054,5.61398
3.96355,2.84952,5.53377,4.33732,5.26858,3.11209,4.80818,5.03505,4.49918,3.58565
4.76353,5.02679,1.1586,4.54671,3.89552,3.63558,5.53503,3.27976,3.21698,4.12553
4.21676,5.50507,4.1871,4.15558,4.50453,6.07884,3.14539,4.59185,1.45258,4.21967
2.81003,3.49063,2.4281,4.0891,2.77375,1.97472,4.74342,5.16459,3.68343,4.29418
3.15526,2.82598,3.2165,4.02588,3.31811,4.98128,2.87331,4.94748,4.07571,4.35233
3.71015,5.18803,4.30487,3.74676,2.6928,5.03568,3.40981,3.97574,4.14626,4.24698
3.73735,3.68285,3.12405,3.9113,4.22396,4.55769,3.58084,4.32399,3.14851,4.72767
3.44578,3.3952,4.02731,4.44568,3.31023,2.68615,5.18129,5.12263,6.01859,2.01504
4.67903,3.18314,3.8184,2.56974,3.37086,0.901922,4.62135,3.96959,3.80245,4.2967
3.01784,4.04428,4.79182,4.06375,4.11796,4.79147,1.35428,3.0387,3.58379,3.79546
4.21344,4.84089,2.41811,3.69074,4.1429,4.85175,3.98755,5.09102,3.4278,6.83663
3.99637,4.2873,2.02173,5.07367,2.38302,3.46849,4.52366,3.98496,3.76975,3.9431
5.16601,4.70906,5.29983,3.59989,4.4071,5.10155,3.34306,4.56602,3.19401,3.82342
3.35356,4.68076,3.56896,4.30583,3.30055,6.42578,4.19808,3.88578,3.01823,3.40649
2.84055,4.17866,3.69537,3.92517,3.27798,4.19779,5.50601,4.11368,2.7458,5.23649
3.96813,4.99479,4.919,3.25637,5.933,3.89308,3.98474,3.44678,3.26786,3.57741
5.27679,2.57924,4.90219,5.93006,5.21393,5.49032,2.80411,2.55269,2.79151,2.81778
1.82976,2.82283,5.34151,2.71657,3.37214,4.45415,2.58798,4.14533,3.01543,4.42065
3.95229,3.57668,4.12317,4.83661,4.31208,3.34261,4.6914,3.67074,3.03177,1.21865
5.34799,4.21004,5.28726,3.51261,5.28909,3.14912,3.89829,3.57567,5.61733,4.20688
3.55333,5.61089,3.26635,4.05393,4.82567,3.99221,4.22292,3.44496,4.35816,4.42381
4.10371,3.60745,3.60125,4.98174,5.20213,4.33725,3.68734,2.91205,2.60341,2.8517
2.42903,2.37542,4.51325,5.10338,3.20398,5.29285,4.85909,5.01097,4.76403,4.21765
3.82334,4.63849,2.86041,4.80815,4.9842,5.31044,3.62759,2.59215,4.67915,5.23817
3.81712,5.78436,4.08754,4.92284,3.72536,3.60315,4.19539,6.36926,4.335,2.99282
2.24252,4.69367,4.15322,3.1263,3.41946,1.95934,2.38851,5.00505,2.58932,4.93899
2.8702,4.40374,5.27969,3.54925,4.04783,4.27103,2.94248,5.41218,4.61838,3.73156
3.86838,3.55101,3.03249,3.00137,2.70823,4.19018,3.77751,3.00117,4.05279,4.00609
3.83574,2.99842,3.72615,2.77277,2.77458,4.22036,4.11258,2.98528,2.98689,2.43173
4.71639,3.30433,2.9737,3.755,5.35065,4.63926,3.71216,3.50505,4.55835,3.81088
2.33234,5.00701,3.7,4.14769,2.65448,2.18451,3.96321,4.79559,3.07321,5.3186
2.93234,2.98304,3.0295,4.74002,4.02445,5.25588,6.09121,2.62336,5.53687,4.42834
4.25512,3.11989,4.03989,4.33756,4.05496,2.7717,3.88297,3.85487,3.89172,3.86566
4.66566,5.35281,4.63731,3.54331,3.62045,6.02893,2.5548,2.91414,3.97961,4.7031
1.52431,5.2175,4.72735,3.60537,3.31441,5.17843,2.83392,4.84614,3.4002,4.63906
1.31338,5.01992,3.28371,2.84677,5.15135,4.02341,4.70858,3.90969,5.01698,3.97884
4.21388,4.59243,4.56343,1.75315,3.61872,4.74735,3.75791,2.59728,4.09092,4.88361
6.07867,4.66626,3.27195,3.75114,1.48,4.60775,4.12347,3.10218,3.38541,3.23625
4.12804,3.59953,2.80246,3.55145,4.1323,4.89897,4.74309,5.21049,3.33628,4.02185
3.14919,7.02465,3.63362,3.20724,4.16107,4.6863,5.41649,4.21943,1.61464,4.59334
1.99023,3.97092,4.81379,5.92311,2.03711,3.75407,4.16399,3.95275,4.27051,3.29589
3.44486,6.27522,3.99625,4.59586,4.22152,2.84938,3.92062,2.59382,5.67978,4.5888
4.36373,2.22195,4.58404,3.80798,4.31898,5.22274,5.6582,4.11994,5.80796,3.14583
3.75255,3.82695,3.43509,3.10902,3.17388,3.81028,3.2782,4.76202,4.28096,4.52063
6.01273,3.7739,2.8498,4.41095,3.95197,2.52807,4.82379,3.06384,2.29344,4.58918
3.2532,1.7426,4.78232,3.80493,4.27514,4.16031,5.06722,4.12286,2.31221,4.67532
4.16567,4.03875,3.63767,3.54568,1.9453,3.74099,3.21829,3.28672,2.63751,3.50467
3.55196,4.46958,3.3494,5.97159,4.17722,3.01293,4.92641,3.91413,2.99852,4.70566
4.28712,2.82176,4.93416,3.07326,3.26461,4.29052,4.06589,4.47733,4.59425,3.11871
5.3693,3.84205,5.16426,4.22372,2.99902,3.92648,2.76016,3.57665,4.95056,2.45852
3.55291,2.07154,5.4498,1.39763,3.33593,3.30445,3.39305,2.36697,3.81366,3.48305
2.54278,4.01406,4.2576,5.21975,3.28679,3.92665,3.55488,4.80398,3.96966,3.17044
2.59904,5.44807,4.79765,4.50287,2.71861,5.62825,5.08786,3.91602,5.03108,3.40508
3.10733,4.72462,4.54905,2.6849,4.23697,3.48799,3.66461,5.00996,5.31067,2.85782
3.80768,4.99449,4.30407,3.27013,2.97043,2.91183,4.01385,2.99733,4.49889,4.12797
4.18543,2.74849,3.93292,3.44582,3.37233,4.47227,3.68388,4.19858,5.10218,5.2586
3.51034,3.95836,3.10033,3.36569,6.61788,6.64465,5.13725,3.28756,3.91057,4.33101
3.33355,5.97465,3.73967,2.55589,4.65478,5.22189,4.28635,3.34296,4.08147,3.6121
5.00375,7.03389,2.15491,4.75252,5.47512,4.47466,5.30412,3.82974,4.68467,4.25844
5.70382,1.45715,4.72866,4.94916,4.16836,3.2811,4.36094,5.15103,2.29066,3.51883
2.69657,3.80306,3.68391,3.50575,2.70218,3.37102,3.28585,3.54479,4.74335,4.9574
3.50898,4.8184,3.72194,3.58122,3.70482,3.59067,2.93422,5.22567,4.30658,5.6193
2.23667,3.55333,2.40337,3.53335,3.51588,3.18808,2.39045,3.52974,5.23114,2.93679
4.0364,3.30675,4.42217,4.47097,4.14601,3.4858,4.15118,2.70112,5.19679,4.11461
3.5452,3.95522,3.87298,3.72481,4.11167,6.80997,4.99872,4.1323,3.82146,4.39749
4.79563,4.23214,4.17219,2.10009,5.09082,4.50327,4.05487,5.02221,4.48425,4.8608
2.79909,4.78906,3.9619,3.13637,4.15398,2.69815,3.78854,3.78094,4.40699,2.28628
4.56327,3.45427,4.63736,5.35856,4.10444,4.98381,3.09838,4.03455,5.76399,2.74832
4.45482,5.3067,2.8671,3.87559,3.24967,4.86329,3.6421,3.68588,2.08052,4.91293
5.91625,5.6749,3.43356,4.20537,3.63773,2.5967,5.69973,3.13436,3.53863,3.83908
3.8525,4.38847,5.20655,3.96588,4.89762,4.38149,3.96678,5.64756,4.58459,3.59098
4.47294,4.64157,3.87029,2.41931,3.75476,3.58137,3.59966,3.43069,3.6258,4.60436
3.25998,2.40707,3.82263,3.08744,4.28984,4.3485,3.39848,3.62684,5.26354,5.80417
4.07879,4.8174,4.14306,4.62525,3.94337,4.11936,2.2808,5.12289,4.24816,3.84857
4.85365,4.962,4.23765,3.05615,3.34017,4.87486,4.37557,2.97145,4.92297,3.31952
2.5814,3.84383,3.2199,3.56299,2.88052,4.52192,4.39621,4.3705,2.52356,4.88463
2.65663,6.05127,4.62718,4.16827,3.94614,3.18302,2.62712,3.33942,3.42446,5.2222
4.69814,4.12477,3.76753,2.88069,4.64061,2.89368,4.94825,5.1384,5.05537,4.14712
3.46541,4.29751,4.70762,6.09371,4.43608,4.52649,5.11358,4.76585,4.82429,2.22326
3.58189,4.16131,2.14475,5.14074,4.3256,4.20148,3.67097,3.55122,4.75552,1.61081
3.67742,2.0809,3.10949,3.21101,4.07546,2.61533,3.60288,2.25724,4.77172,4.59186
3.73147,5.35515,4.66062,5.01441,4.60994,2.60793,3.90878,3.19508,3.36662,5.4612
3.74716,3.57852,4.53083,4.99919,1.92271,5.12207,5.1937,2.45894,3.02058,4.09124
3.24139,3.62199,4.87393,3.38748,3.91593,3.62986,4.34038,1.72492,2.57728,5.50267
4.92122,4.60871,5.89913,3.77972,4.34004,5.42942,3.89864,3.89162,4.77421,2.83349
4.48663,3.2857,3.63878,3.63823,5.92833,4.4862,4.52468,3.5135,4.4023,5.33417
3.93052,4.939,4.32166,4.51921,3.86151,3.75443,5.71921,4.10126,4.604,4.99108
4.37924,3.08601,4.47311,4.2231,3.68544,3.22974,3.80628,3.47991,4.05107,3.15367
4.12654,4.01301,5.11829,4.52403,3.90639,4.2894,3.65581,2.82889,3.84169,5.35771
3.27788,3.73315,2.65426,4.5498,3.95802,5.39443,3.74812,1.82732,3.44858,4.0788
3.38263,5.53277,5.2595,4.45316,3.64802,4.09837,1.88765,3.01059,5.3669,3.21388
5.4582,3.35991,3.34409,4.62049,4.76901,3.7632,4.27979,3.15579,4.22538,3.79447
3.40055,5.72735,4.06624,1.81915,4.81817,4.90217,4.97224,3.28949,4.33244,5.14866
4.11473,4.88441,2.58065,4.34939,3.62298,1.12719,4.73913,2.59627,3.69554,4.3352
4.00797,3.14493,4.65939,4.32062,3.66806,3.33152,4.30233,5.09586,3.2453,3.19244
4.50204,3.15817,4.23858,2.98613,3.3841,4.44944,4.54018,3.5946,4.25786,3.34519
3.58779,3.51296,4.09054,4.05947,3.22225,3.3237,4.82225,3.3669,4.82059,3.93277
4.71795,4.01734,4.81986,5.99475,5.74408,4.02943,2.83749,3.26778,5.58021,4.04908
3.74151,3.91436,4.5821,3.1351,1.49384,4.99967,3.95862,3.61202,3.75199,4.29743
3.62806,2.66533,4.5685,2.89103,5.11824,5.28008,3.08059,4.45979,3.21444,4.67122
3.67039,4.14527,4.08146,3.02189,5.2959,7.06268,3.74805,3.77777,5.32057,2.92701
4.99052,4.02991,5.37791,5.30731,3.54152,3.66553,5.46751,3.06165,4.28849,3.59941
2.97613,3.9236,4.77745,1.34355,4.86758,3.4728,4.67184,3.94898,3.21859,4.81707
2.23367,3.51399,3.44947,3.99783,3.97372,2.93106,2.70541,4.30768,4.04435,4.77971
2.83078,3.72463,3.79879,3.07033,4.66527,3.45126,2.03253,4.22772,4.33665,2.86627
4.49312,4.97195,4.09688,4.25363,3.28484,4.36051,3.32345,2.99641,4.36913,3.37032
4.17306,3.76937,3.86066,3.26481,4.08934,4.67914,5.05816,5.22124,3.94833,4.50184
4.83415,2.10589,3.42773,3.24632,2.60813,4.16726,6.14521,5.36132,4.52582,2.84268
2.4833,4.82813,3.47073,6.90467,3.11995,5.20655,4.40154,3.64152,4.88319,5.11762
3.87702,4.82156,5.95707,4.39341,4.68078,3.48317,4.63882,4.14458,4.49413,2.94814
5.95749,5.14307,4.39684,2.81706,4.67111,4.71974,2.76173,4.52951,4.57725,2.29416
2.92893,4.0893,5.32142,3.03727,4.03057,3.62783,3.89427,1.96668,4.42537,3.8026
4.2735,5.3844,3.98586,4.21051,4.74874,4.14852,2.83779,4.34199,6.11247,4.72774
3.1975,3.51426,4.74669,6.97995,4.62719,4.38706,5.28509,5.17072,5.76546,3.31153
3.10846,4.45383,3.78226,5.10764,3.63878,3.68393,3.30871,4.45409,4.65331,4.40046
4.54471,3.03813,5.98531,5.4332,3.56968,2.73093,4.12066,4.77306,4.69805,3.79137
5.74663,4.03817,4.06537,3.29197,4.51513,4.36637,5.11229,3.32697,2.97557,3.36078
3.21183,3.64211,3.98614,4.71407,4.76781,3.16629,4.50028,4.00943,3.41051,4.11853
3.73557,3.20503,3.73658,4.18929,5.13508,2.63179,4.70031,3.49794,3.50584,2.67206
3.70617,4.21043,4.46458,3.1659,3.22403,3.83809,3.20253,3.49284,4.55508,4.74581
4.62352,2.14739,5.27577,4.69066,4.94783,4.30221,6.3192,5.18106,3.88288,4.39182
3.9979,3.17624,4.43904,2.50918,3.12866,4.30379,4.06383,3.15078,5.38517,5.18372
4.87483,3.88984,6.01376,2.96936,2.69767,5.16825,5.32663,2.97796,4.16614,5.5364
2.44524,4.76662,2.99843,3.50312,0.645418,5.64552,3.75736,3.54013,3.75351,3.7216
3.87199,3.90666,6.02136,5.00094,4.42079,4.77684,2.96328,4.66603,4.24615,3.2048
4.60879,3.63326,4.12264,5.34791,4.81294,3.63173,3.87993,3.76763,3.80028,3.47205
4.2529,4.30302,3.11792,3.94815,4.58402,4.34644,5.52231,2.84518,4.30154,3.98174
3.80934,3.39245,3.6449,3.64712,3.53492,3.5621,3.13469,3.60509,5.03886,5.55349
5.3036,3.95557,5.40351,4.90364,5.51275,2.75731,2.15509,3.97029,3.17554,4.98196
2.35624,3.03146,3.53736,4.69705,3.48275,5.2166,5.13298,3.49857,3.89355,3.71278
3.82751,4.13352,2.49434,3.6979,3.53904,4.34232,3.8,4.0764,2.86127,3.78134
2.17994,4.18531,4.11841,3.15006,1.88368,3.71128,4.66836,3.44265,3.36656,4.02941
2.89752,3.48069,5.54876,4.29244,4.1373,5.42913,3.83062,4.88197,3.88207,4.55275
3.85337,3.00182,3.17221,3.13876,3.51917,3.76169,4.00391,2.41153,3.36485,5.11135
5.1621,5.59285,2.006,4.26888,4.66176,5.4041,2.02602,5.252,3.41451,4.71921
2.57152,2.62713,5.51138,3.68631,1.76622,3.31818,3.55794,4.5951,5.23853,3.76148
2.18102,3.22977,4.92477,3.16618,2.15693,5.284,3.51372,3.45092,5.15949,3.28721
4.12424,5.27963,4.42118,2.96716,4.87811,2.80959,3.98492,5.64596,4.68947,3.24659
3.53055,6.28254,3.90414,4.46393,4.26794,2.8102,3.27832,3.38897,3.12715,4.42398
2.65312,5.2065,3.60678,2.8621,2.32735,4.66727,4.51735,5.762,4.32833,5.1233
4.19942,4.96847,4.34196,4.65521,3.91564,3.62493,3.6944,3.32549,4.82001,6.24777
4.95512,4.40477,3.93622,5.0542,2.75021,4.35524,3.41284,3.88571,4.29244,1.69198
3.22549,3.90127,2.61044,4.30397,3.95461,4.32794,3.99892,4.42228,4.40673,4.83293
4.75835,3.11045,4.55908,2.93505,3.00217,2.70743,5.07773,3.17348,5.34376,4.63252
3.98012,4.60699,5.40498,3.6013,4.23248,3.09386,5.84738,3.86379,4.72241,3.25392
4.77138,5.30642,2.71972,5.20584,3.63706,3.07106,4.03995,4.38065,4.2223,5.52884
4.51072,4.89418,2.87973,5.03451,3.94033,2.01327,3.81023,3.72926,4.10036,4.32095
3.59989,4.72105,4.52848,4.66881,3.10759,3.6474,2.66233,3.72541,4.2933,4.64675
1.99467,4.08357,3.08171,5.06291,3.3655,3.76887,4.77911,2.59067,4.28824,4.65309
4.36177,3.87542,4.43157,4.83946,4.70111,4.29301,3.3306,6.30679,4.88761,2.7224
3.80649,4.20828,2.51805,3.57019,4.43663,4.23401,3.07521,1.58561,5.31696,3.14203
3.48651,3.44177,3.79974,5.72944,2.73456,3.91979,3.26186,4.71515,4.26916,3.59258
4.75372,4.88045,5.92788,5.16529,3.51779,4.01769,6.16123,3.45321,4.45664,4.18964
4.25489,3.76705,3.82157,3.12424,2.61006,3.91382,3.76179,2.76327,4.20932,3.28424
3.26458,4.73305,5.30976,3.70862,3.90486,5.00279,4.23586,5.0961,6.06236,5.25409
3.78546,6.24878,4.09502,3.69315,3.8255,5.12519,3.73561,3.22659,4.07085,2.79859
5.73519,4.64933,4.64248,5.68554,3.67682,4.75531,5.2896,2.19358,5.61736,6.71581
3.89978,5.92411,3.68039,1.89968,3.9649,4.5387,4.29385,1.51239,4.71337,3.8619
3.26037,3.40617,4.18321,4.55045,4.39014,5.44986,3.91103,4.92592,3.75886,2.85336
3.78332,3.59364,5.57384,7.72433,3.29789,4.94492,4.02134,5.75257,2.57357,4.83945
2.53671,1.79615,4.79882,4.43887,3.3839,3.48383,4.23285,4.93339,3.88379,4.60383
4.69368,4.70224,3.73027,5.25325,3.45405,4.24853,2.55777,4.03967,3.8999,4.32709
3.13834,4.85198,3.85521,4.76441,3.52628,2.044,4.01652,5.16583,3.66186,3.05268
3.94035,4.72598,2.44952,5.0673,4.13982,3.52198,4.31541,2.12455,6.0966,4.50248
3.66088,3.75313,3.49142,4.16953,4.0832,4.5106,2.19227,6.05995,3.44985,3.26111
3.67043,5.13646,4.07884,3.66116,3.35669,3.53137,5.82498,5.50234,4.31152,4.48148
3.11641,2.52484,3.28573,3.26827,1.8611,4.99821,4.27202,4.39022,5.06638,4.94704
4.77,3.37025,2.5469,3.28115,4.3382,3.78807,4.5481,3.48122,5.10368,3.92221
3.80797,2.886,5.39576,4.5323,3.80219,4.75853,3.34307,3.83374,4.54816,5.79951
5.51996,2.58087,5.90263,4.70791,2.37898,4.44997,2.96453,3.77454,3.01771,3.28648
3.74323,4.68481,4.81402,2.14458,5.59976,3.19069,3.06524,3.23301,3.96579,4.10655
4.90886,5.07224,4.27724,4.21331,2.83024,3.27052,4.81779,4.61229,3.62265,1.93594
3.64165,3.41476,4.50331,4.73522,3.25911,3.37924,3.6412,3.59804,4.4354,4.15168
5.04084,4.74871,3.5648,3.18972,2.60478,3.51056,4.1555,4.58065,2.12288,3.5939
5.46715,4.41506,5.12504,3.74073,4.85766,4.06608,2.55795,4.66016,4.07057,3.82872
3.88749,4.51247,4.92662,4.59054,3.84933,4.89484,3.91585,5.63648,3.39234,5.43175
4.18296,5.29318,3.8779,4.91474,5.06231,4.88806,3.5406,4.06363,4.08278,5.91065
3.1821,5.47106,3.32414,2.23038,3.51693,2.93786,4.13588,2.11405,2.3025,3.69614
5.30937,4.67389,4.05587,4.25137,3.70916,5.09337,4.16567,2.45833,3.47824,2.21836
4.47662,3.38667,2.36535,3.30261,3.73132,4.21655,3.31136,3.83247,4.36625,2.80477
5.58619,5.79694,3.67914,4.85118,2.34517,4.88635,4.00169,6.25951,3.40756,2.95535
5.67579,2.92195,3.73739,5.52883,4.73946,4.20049,4.19434,3.55742,5.23707,4.92922
5.22212,4.90238,5.03548,2.80992,3.21403,4.71524,4.25781,2.60478,4.15853,3.85452
3.78047,4.6836,4.20361,3.22462,3.40232,4.06656,4.6517,3.90119,3.84237,3.70865
2.43351,4.75697,4.05949,2.34752,4.67433,4.2779,3.97083,5.35775,4.45541,3.19686
3.98722,4.29791,3.45288,5.21055,3.69102,2.7531,3.98982,3.25122,4.0994,2.15376
2.69643,3.85333,3.10848,4.80367,4.39889,2.81375,3.64272,4.15364,2.75465,3.40736
3.09019,5.80499,4.16368,3.82209,2.94023,3.39258,5.07261,4.03209,3.40649,4.48709
3.09758,5.55169,4.07369,5.21806,3.66551,4.67236,4.57284,4.85058,3.63105,4.38249
4.33328,4.50522,2.73676,3.48561,2.67487,2.31541,5.13573,3.89129,2.93301,5.67767
3.63421,4.51673,4.19588,3.81976,4.42838,3.73765,3.71144,3.81725,4.79068,4.21149
4.28724,1.96927,2.6321,3.99622,3.50482,4.05164,3.69764,4.08128,3.64927,4.67909
2.76958,3.83009,4.39268,5.22271,2.68095,4.95218,5.97841,2.73355,2.43259,3.93078
3.67432,3.61996,4.28737,4.05543,3.82446,4.26487,3.71771,1.87799,2.66938,3.25886
3.81666,4.85257,2.73565,4.11077,3.86767,3.4589,5.06746,3.75914,2.31923,3.6357
3.92451,4.58334,3.95575,3.81441,3.70573,3.26993,5.34334,4.68441,3.53601,4.21625
2.81141,5.33379,4.71622,3.77676,4.30591,3.98699,4.78832,4.84065,4.96154,4.01764
3.68035,5.0767,2.53415,3.91844,3.25455,4.04723,1.67848,4.49975,4.12515,4.16975
2.71721,4.3416,4.32455,5.88276,3.70012,3.46099,5.59291,4.17498,4.7568,4.87621
3.89842,4.32284,3.46305,2.14724,4.39465,5.53637,5.90001,3.31989,6.20018,4.12559
4.8129,4.08237,5.5319,3.86459,5.37693,3.4003,4.74345,5.05099,3.39081,5.87046
3.41897,3.65584,4.96109,5.07531,3.92399,4.19001,5.46629,4.43265,4.57126,4.2149
5.98753,3.69117,4.18589,2.6874,3.76697,4.5336,3.20405,4.48012,5.35142,2.34136
3.69685,4.66162,2.28022,3.33483,6.57673,3.99214,2.94601,2.30293,4.75921,4.16106
3.41714,4.14937,4.5459,5,4.44316,2.85805,3.87088,2.05585,4.58202,3.48037
4.60631,4.0196,5.58226,4.19112,6.68773,4.44608,4.62598,2.87114,4.14502,3.58576
3.67373,3.67632,3.31352,4.48058,5.82148,3.36411,5.33117,4.09279,3.93229,2.85224
3.10499,5.25901,4.06651,4.97522,4.2415,4.7433,3.53376,3.34683,3.56105,2.61616
4.17791,4.28731,4.52878,3.85706,1.5962,3.24933,5.10003,2.71301,3.0577,3.23198
3.40524,3.03049,3.71533,4.84548,6.16413,3.50351,4.85979,4.10056,3.02878,4.67438
5.54091,5.98982,3.68099,3.44043,4.63102,4.0827,3.01603,4.92755,3.64273,3.28574
3.8864,4.2682,3.88643,3.31064,4.62039,2.77379,4.54691,5.06108,3.74826,4.15261
3.96681,3.30161,4.07529,3.89857,2.84996,4.28677,2.36716,3.96083,4.00393,3.19154
3.99793,3.98828,5.26768,3.08658,3.5863,4.94747,3.5679,5.96537,4.02746,2.00489
3.75558,3.66848,4.80977,5.12046,3.80736,4.14702,3.11978,5.67505,4.88733,3.92674
4.63864,5.15453,4.81915,4.59026,3.01707,3.4294,4.50464,3.38092,3.31451,4.5318
3.49892,3.71091,5.04265,2.43661,2.7974,3.31525,4.36279,2.43312,4.50366,4.94419
6.17525,3.80467,3.34246,4.42302,2.68834,4.03645,3.99816,6.10454,2.83257,1.87104
4.64591,3.95943,4.37734,4.10492,1.85594,2.849,2.92829,5.67387,4.33274,3.28766
3.12561,3.83138,6.10828,2.27995,5.4506,5.7771,4.16565,4.17948,3.94282,3.29968
3.11542,4.17403,3.65942,1.72616,4.13158,0.529379,4.04872,3.7719,5.52994,3.68535
3.62385,5.09234,3.37543,4.26853,3.53908,4.11345,3.51708,5.61908,3.18838,4.01185
5.7655,3.84709,5.45405,3.87095,6.10808,3.94582,3.69744,1.78454,3.95102,3.5186
5.03492,2.67643,4.31201,4.69048,4.40908,3.42798,3.16429,4.12124,3.63731,4.60155
4.76378,5.04818,3.51072,4.36953,3.17576,4.55052,4.25912,3.42878,4.23043,4.13953
3.38224,3.70942,5.80497,5.40232,4.56287,5.08938,4.57978,5.20314,3.50794,4.52104
3.29657,3.72584,5.70321,3.37089,3.80425,3.85776,5.01613,5.48848,5.46686,4.62982
2.44319,5.27722,5.60748,2.48548,3.22439,2.46596,3.83259,3.38305,1.87727,3.81381
3.18622,5.03359,5.3714,5.60023,4.61909,3.74948,4.76103,4.57901,3.67592,3.42009
4.19741,4.85431,3.12371,4.2015,5.26905,5.31383,4.26119,3.77826,3.91326,4.59193
5.16747,4.2116,3.63163,1.96222,2.75221,3.84711,4.55999,3.4027,3.07914,4.08847
3.31358,5.11952,3.5771,4.77316,5.03803,4.44106,3.78492,3.22323,3.23502,3.22052
4.96267,4.30915,4.54823,6.05487,4.17992,3.37633,4.3877,4.19047,5.57046,2.73924
3.89672,4.90666,3.94428,1.18076,3.28963,4.05745,3.37343,2.21871,3.07793,3.91139
4.25967,4.7673,2.65512,4.18743,3.87737,4.93075,3.17189,3.17337,6.29198,4.82627
4.01002,3.80951,3.56307,3.10362,5.61155,4.11749,5.91784,4.9392,5.35987,2.6286
3.80725,3.95866,3.31725,4.24239,3.99046,3.4248,3.60689,2.23145,3.42859,3.32114
4.7837,5.97772,4.23462,4.62425,3.2668,5.29833,2.1077,3.05939,3.09982,4.7937
3.98209,4.32742,3.89025,4.3549,3.41615,2.94763,4.53127,5.52561,4.70515,3.47797
4.367,6.87033,4.40462,4.49635,3.41219,4.46388,3.17014,4.18726,4.69547,3.34494
2.61558,4.40838,5.68887,3.86185,6.82886,3.58024,4.13137,2.67983,3.88498,3.46036
4.9151,4.01925,3.39484,6.44663,2.43865,4.85396,3.47925,3.85689,1.96787,2.82686
3.12656,4.61666,2.8285,4.52897,5.14705,3.21486,3.44244,4.17722,3.43741,4.50405
3.47416,2.96609,3.05917,2.82759,4.93547,4.45935,4.43346,3.1615,3.95822,3.02283
4.38623,3.35188,3.73253,7.09406,3.89138,3.36762,2.47675,3.11272,3.62505,4.32016
3.38363,4.88417,3.9821,4.85077,3.52346,5.00712,3.27608,6.76192,3.62765,4.67378
4.8334,2.97517,2.89471,3.85459,4.17866,4.83046,3.45049,3.38273,5.14397,6.8537
5.88663,5.63704,3.29418,3.95681,4.82945,4.42498,6.24017,3.14947,2.42692,3.87625
4.95156,3.67728,2.67029,3.05462,3.50232,4.64965,3.23092,5.41062,4.65119,5.29292
3.68723,4.82964,4.34602,4.08182,5.19722,5.02358,3.67649,3.77365,3.92727,3.0487
4.24766,4.5708,3.78515,1.71494,4.94009,5.75246,3.73037,3.56035,3.99092,4.10937
3.5151,4.06262,4.3253,5.84639,3.07989,4.05936,6.51062,4.8252,4.1195,3.53723
3.37292,4.7592,3.3716,4.70301,3.2465,4.88552,3.57362,4.9378,3.22704,3.68714
5.36274,3.83329,5.03314,2.93616,3.25357,4.84526,2.51182,4.65783,5.52245,4.54904
3.38293,2.41052,4.28201,3.86917,3.57385,4.88476,4.09721,3.8636,4.21478,4.82336
3.61404,5.45213,4.84153,4.30115,3.89494,2.13802,2.70471,3.93827,2.87918,4.0077
4.70783,0.961893,6.03799,3.29694,2.131,5.36402,6.15795,4.67583,6.09379,4.33721
3.19784,3.50543,6.39316,3.1991,3.62526,3.44586,2.88365,3.00299,2.59571,3.37928
2.33958,4.36438,3.6268,3.46488,3.44917,3.64875,4.87125,3.66739,3.7498,2.86918
5.88906,2.51724,4.21785,4.56393,4.99272,2.90876,2.10828,3.80426,4.28152,5.41622
5.1986,4.45988,4.03409,2.21865,2.95855,4.64984,4.0003,3.69422,3.44292,5.45132
5.4709,2.34478,4.2437,2.37363,2.02965,2.66773,4.9797,3.4694,5.15602,4.7356
2.51447,4.43707,3.90174,4.38372,5.42965,3.33178,3.0349,2.8236,5.0416,5.80726
4.53794,3.07239,3.624,4.98337,3.65905,6.37177,2.46143,3.87587,3.13437,2.76682
4.79712,4.53212,4.07083,3.45641,4.65103,5.24536,2.42399,4.42766,4.06636,4.48381
4.374,4.28347,3.91154,2.39162,4.72778,4.41139,4.04036,4.45274,3.95587,3.8467
5.60413,4.8183,3.64578,2.62513,2.31816,2.12514,3.55156,2.78651,5.451,2.01223
4.07194,4.40761,4.59415,3.46501,4.95646,3.93893,3.06978,4.99321,4.32257,4.84565
4.69965,3.78741,6.54587,3.7227,4.22748,3.19301,3.46489,4.48323,5.14767,2.63678
6.48825,3.16649,3.28681,4.57112,3.27992,3.49873,3.76714,4.23533,3.31765,5.26194
4.11452,2.58045,5.25709,2.16304,5.53214,6.03718,3.9337,3.26022,2.72956,4.00326
5.69409,3.13231,4.07818,1.71998,4.83621,4.64562,3.08153,4.86784,3.24886,4.48384
2.96883,5.33098,4.51995,3.93698,1.38024,3.89451,3.1386,2.73436,4.67982,2.50059
4.67939,3.49463,2.97203,5.11521,6.09308,3.22781,2.95647,2.73001,3.17304,4.87948
4.21286,3.79407,3.52909,4.46766,5.52002,2.61241,3.55215,3.99901,4.04283,2.68968
3.33987,4.32339,4.36996,4.80553,2.65901,3.43753,6.47363,2.87898,4.07215,3.47139
3.35908,3.0252,5.87705,4.09589,3.58273,4.26734,3.14036,4.21566,4.02973,3.44126
4.21617,4.17201,3.49359,5.72103,3.79394,2.95683,3.2756,4.74419,4.48824,4.09909
2.34083,2.87522,5.31524,4.56346,3.63752,4.26766,4.72476,3.47555,3.1149,4.41418
3.24946,5.52801,3.95077,3.95017,4.15288,3.77892,4.81061,5.24748,4.62097,6.69286
5.01009,3.36047,5.03225,4.72543,3.40174,4.20439,3.53274,3.49044,3.19537,4.76286
3.77652,3.46128,4.16782,4.26863,4.59294,3.61454,3.9849,2.65888,4.13485,4.22331
3.61623,4.72227,4.84826,3.21516,4.01572,2.25168,3.64786,3.09115,3.57662,2.95499
3.25683,2.32713,4.27282,4.09146,6.75858,5.61763,4.20411,3.06322,5.75312,4.36747
3.59147,3.93936,4.54779,5.32401,2.88083,3.45554,4.22766,2.26874,4.32286,5.16542
2.39031,5.03488,5.45243,4.58398,4.40527,7.00144,4.77431,4.00363,4.55324,4.99864
3.3682,4.4732,3.82743,4.24407,2.87232,3.61528,3.42892,4.97648,4.08497,5.97474
5.7616,3.78631,3.92422,4.69288,3.32876,3.98278,2.12738,4.10495,4.5816,2.13729
3.838,1.42439,5.70929,2.88126,2.78811,3.00385,3.68454,3.39092,5.23016,5.61846
3.96552,3.68725,3.79054,4.56459,4.35288,4.9602,3.69648,6.25663,4.77788,4.67474
4.31401,5.64319,4.01605,4.24873,3.11202,4.86012,5.06712,2.03904,3.68912,4.14823
4.63423,4.09139,5.19956,4.0579,4.42099,3.71212,2.82604,4.05832,5.14709,3.61646
4.63219,3.34051,3.57827,3.06687,3.45053,2.8384,3.46899,3.42468,3.78919,3.38501
5.29643,2.76075,5.20461,3.44529,3.58409,3.12974,4.36621,2.84322,2.93183,4.78193
3.28333,5.9468,5.22521,4.37242,5.09584,3.27348,5.04213,4.69963,4.45793,4.36364
4.28182,4.4482,5.12699,2.90402,1.73192,4.805,3.41798,4.15719,3.15965,5.13692
2.55068,2.94182,2.50785,3.49815,4.2151,2.53435,5.93014,3.65712,2.49436,3.43105
5.22504,2.82464,2.56268,4.21052,4.94954,2.76031,5.05052,2.46164,4.05769,4.42553
5.70624,4.18257,4.6188,5.48387,3.85736,2.74143,2.28929,3.59599,3.43271,5.15542
3.53383,3.95792,4.78832,2.8259,3.82212,4.68492,4.29248,4.89518,4.21326,3.59223
3.4716,4.22631,3.64729,2.2951,5.44164,4.55405,3.51047,2.91092,4.84762,2.96707
4.89753,4.63778,3.51452,4.63242,3.99859,5.06496,3.17,4.30801,3.92201,5.00369
3.70612,2.85128,2.12103,4.07387,2.57097,4.62991,4.65459,3.78752,4.18986,3.50278
3.03772,3.70469,2.9094,4.19422,2.1962,5.30133,4.47113,5.74588,3.93162,3.90815
4.64895,4.05438,4.79308,4.57812,3.95018,5.42763,3.29344,2.37993,4.01241,2.95706
4.3206,3.58181,3.79013,5.2255,2.86925,4.6546,5.48217,4.62404,3.5336,4.86137
4.60907,4.94107,3.19116,5.80582,4.30395,2.7536,3.74777,2.64496,2.7225,2.56869
3.43943,3.71876,4.5417,3.70936,3.7945,2.85429,5.21798,3.57967,4.40555,3.86104
1.47713,3.15911,4.91847,6.58275,4.76421,4.83918,5.40991,2.78211,4.53999,4.26397
3.38823,3.99903,5.21211,3.49241,2.71885,5.23574,4.73726,4.67246,2.77852,5.00533
4.15056,4.34107,2.94561,2.77892,2.41234,4.77015,2.31038,5.36446,3.79209,4.20893
4.45408,3.38123,4.19742,5.17262,2.88218,3.70873,4.71963,5.15605,4.72217,5.86655
4.09642,3.18359,3.96994,5.30744,5.15892,5.43935,5.12938,4.23478,2.88751,4.22432
3.4699,5.19767,4.40806,2.7725,5.25064,3.43797,3.44568,3.59866,5.5548,2.36091
4.04846,5.30362,5.47701,5.17477,4.39203,3.65425,4.82105,4.3735,3.02886,4.06039
4.00361,5.57778,2.63493,3.51783,4.46078,3.37976,5.48112,3.86023,5.07419,4.08439
3.4857,4.20306,3.49425,3.0376,3.84544,4.26725,3.00151,4.74836,4.15289,4.47592
2.18069,3.00827,5.58781,3.51529,5.95713,2.98028,2.24393,2.63483,4.12394,3.37407
3.32861,5.3434,4.1531,2.91826,4.31018,3.48547,4.62495,5.01339,3.9926,4.41273
4.36843,5.35051,3.5986,2.77824,3.0345,4.06056,5.11876,6.08833,4.0992,3.74317
4.05504,5.79363,4.51857,4.54083,4.93459,3.65281,3.39201,1.66627,5.37089,5.29185
4.61271,3.2301,3.77902,4.23242,5.49645,5.86855,5.27418,6.64012,4.09522,2.04743
4.56705,3.31406,3.79842,6.13573,4.68842,3.86725,4.40762,3.7246,5.58299,3.86237
4.53177,3.81486,5.03279,4.6849,4.1537,6.43148,3.04307,5.01137,4.14492,2.45232
2.64719,2.12894,4.80206,3.35731,3.40488,3.72213,4.01822,3.73649,4.66521,3.58635
5.85086,3.89302,3.8233,4.42046,3.90399,2.69556,4.12059,3.27475,3.75388,4.13896
4.97464,3.6942,2.83312,6.42618,5.40304,3.75045,3.32542,2.64327,5.49244,1.75119
4.22845,3.9975,3.75127,5.54462,3.13962,5.403,3.2055,1.79873,4.65957,4.42708
5.07285,5.01766,3.91974,3.06547,3.66998,4.64107,4.89054,2.24794,4.10365,4.20064
2.98298,6.10707,3.41634,1.7799,4.38367,2.36574,4.68394,5.04202,3.1381,2.62343
3.16326,4.38072,5.13274,3.3112,4.39156,3.78127,4.72596,4.89111,4.24458,4.71352
3.69678,2.69891,3.71614,4.82094,3.51883,5.0679,4.1906,4.91769,5.82755,4.55945
2.24654,5.37777,5.09813,3.7161,4.00385,3.76022,2.53504,4.43515,5.37098,4.44626
6.49188,2.82593,3.5378,5.4592,5.13385,4.11183,3.75663,3.61319,5.86696,4.48421
2.65967,4.62962,2.96289,5.35352,3.80193,2.44413,3.44413,4.30806,4.18114,4.66428
3.31173,2.61601,2.6849,3.51902,4.734,1.95354,2.59206,4.17417,3.4452,2.92343
3.99739,4.82957,4.6387,4.22505,3.70557,2.81462,5.42959,5.05624,4.97287,4.03938
2.38654,2.75172,4.35511,1.77245,5.05936,2.74513,5.0534,4.94671,3.33342,3.50123
4.55424,5.29442,4.87438,4.40221,3.60565,5.94371,4.31683,4.25096,5.57013,4.39493
3.74704,3.9817,4.60785,5.74147,4.27439,3.12824,2.84073,3.29749,3.75168,4.14473
4.09131,5.02165,4.40727,3.12504,3.31972,4.88532,2.61727,7.77883,3.1982,3.67987
4.35831,4.25729,5.66411,3.91692,3.3468,3.76047,3.07298,4.0538,3.45005,3.40107
4.01443,3.91796,3.02797,5.55215,3.88255,3.6156,3.98367,3.99262,3.78475,3.57812
1.24184,4.1284,3.64318,3.84444,3.70673,4.22822,4.90962,5.00834,2.79322,4.06124
4.59419,2.62816,5.251,5.97648,4.11612,5.22247,4.35775,3.91256,4.23962,1.85288
2.89299,3.34489,4.03797,3.82035,3.4798,4.5677,4.92578,5.21806,4.18174,3.30416
4.27936,3.38053,3.1337,2.83705,3.5162,4.6748,4.56953,2.18833,4.60578,3.83419
3.32055,4.0409,4.91891,6.3616,4.6333,3.24558,3.6044,5.54933,2.74036,5.41411
3.0521,4.4595,3.74972,6.38667,4.77805,5.19552,4.80737,6.3801,5.48002,3.14969
4.22415,3.95363,4.34486,3.45385,5.75663,4.40733,4.74499,2.87564,3.48061,3.68682
4.84868,4.14631,3.38417,4.00612,4.12577,3.09819,5.22954,4.28898,5.19269,3.6957
4.61597,2.97147,3.86277,4.75913,4.60483,5.37601,5.39163,4.27221,3.29161,4.51155
3.26302,4.16032,4.65844,2.98977,4.34149,6.03323,4.28672,4.46223,3.8419,4.08115
4.51371,4.82644,3.89057,3.92847,4.72631,3.77196,5.68159,3.46521,5.76653,3.01156
3.48374,3.0228,5.06553,4.50431,6.22692,3.54635,3.23085,3.33876,3.25999,3.70326
5.24099,5.20069,1.20744,5.3766,2.84451,3.57985,3.22073,4.61329,4.56628,3.69413
4.06092,4.39909,4.7173,4.65676,4.27577,4.42794,4.08381,4.58999,4.21203,4.37014
3.80233,4.715,4.08809,4.20181,4.22325,3.90716,4.12284,1.02513,3.52967,2.14124
3.66204,3.37902,2.91672,3.49449,3.41763,3.65679,3.19882,7.40603,3.68667,3.61979
6.05519,4.55199,4.36652,4.39898,5.59076,2.85108,2.65112,2.8145,3.63099,3.24161
2.52848,4.40778,2.62765,3.91185,3.68794,3.83551,3.03592,2.94135,4.03027,4.22476
0.454126,3.80134,4.93406,5.01258,3.46934,4.51947,4.69016,3.59525,4.33001,5.31722
5.43012,4.94707,4.31574,4.28176,4.23882,5.24207,2.59518,4.98837,2.79525,1.23852
4.60348,3.10283,1.733,2.99572,2.71449,3.84056,2.98688,2.24062,3.14987,4.85211
3.21267,4.89136,5.46497,4.44065,4.45903,3.29348,5.65425,5.08104,4.09282,4.11964
2.35498,3.27918,5.67148,2.7502,4.62707,3.76373,5.55289,1.90201,3.59615,5.25316
4.54196,3.11774,4.1448,3.21943,3.88542,4.14189,2.15419,4.535,2.97345,3.22034
3.95619,4.42784,5.00462,3.57397,5.04982,3.31149,3.80184,4.05327,3.3735,3.91943
4.26051,4.24006,3.96237,1.59565,4.44376,5.42396,4.19955,3.80164,5.05117,2.82386
4.86604,4.11186,3.2592,3.84821,3.52111,2.43626,5.34845,5.10497,4.37037,3.34995
1.42907,3.83403,4.37589,3.58001,3.88536,3.07459,4.55173,3.83363,4.04673,2.86689
4.00248,4.10386,4.16288,4.01843,4.72982,2.14684,2.66993,4.37773,3.70117,3.89503
3.65833,4.91004,3.76288,3.21441,3.3039,2.72382,4.38667,3.61678,3.18848,4.98245
4.52588,4.68283,3.36141,3.99839,2.62848,3.70124,4.14582,3.81596,3.84421,1.99799
4.15422,5.16914,2.27751,4.02456,5.98251,4.01093,4.97205,4.12225,5.12067,3.34001
3.90464,3.88065,4.79113,4.88188,2.83438,3.7077,4.56849,4.8737,3.06866,4.28543
3.43583,4.6713,3.88246,2.75853,5.58727,3.84787,4.63434,3.64494,3.31455,5.48925
3.47704,1.90546,2.70483,4.40614,4.26111,3.20314,4.88469,5.80323,3.38729,4.71508
2.94069,1.06149,3.58169,3.88891,4.99374,4.0254,1.88962,3.11464,4.02405,4.25393
3.59906,3.27933,4.21717,2.58111,7.07942,2.82675,3.47301,4.22375,2.66175,1.75901
5.20915,3.00575,3.58257,5.71674,3.96466,7.12714,4.41012,4.88121,4.36323,6.41709
4.17282,3.61774,2.26243,3.23407,3.85963,4.29753,4.15365,4.91311,3.17986,4.12779
4.17171,4.03233,3.42947,6.08808,3.98814,4.40711,4.06425,3.99545,3.78822,4.74721
5.4699,4.22539,5.4942,3.20063,3.48745,3.34362,5.27622,5.17849,5.54307,5.15634
4.18573,5.48847,5.87481,4.99094,3.83169,4.47361,3.84209,5.47517,1.51245,5.10165
2.60617,3.89597,3.05952,3.07647,2.99824,5.71199,4.31358,3.52172,4.8644,4.74013
3.86841,3.57647,3.92608,3.69178,3.99897,5.01567,4.71783,4.19072,4.14014,3.46493
5.65315,5.66268,3.79279,2.47958,4.02543,3.38573,4.2526,3.9109,2.4637,3.10177
5.46484,4.43153,4.04602,2.81892,3.28569,4.45773,4.40628,1.62285,4.62353,4.60272
4.26409,3.93213,5.51121,3.71952,6.0182,4.18069,6.04172,2.53849,4.44048,5.57711
5.38213,4.43653,2.76506,3.67998,4.20423,5.17562,2.71546,5.21617,3.60078,5.12452
1.70639,5.89943,5.68191,3.89539,2.53326,4.5019,2.21815,3.99875,3.56793,4.60649
4.75146,6.70531,3.44815,3.75227,1.92729,3.9812,2.77595,2.68517,1.76321,3.23204
3.14908,5.19665,3.27286,3.66442,3.4346,4.99402,4.02991,4.29549,4.08898,2.58255
3.47095,4.72694,4.08925,2.79719,1.24884,3.03591,3.34398,5.32854,3.82195,3.6387
4.93827,3.90375,2.58951,4.57277,4.01515,2.92155,4.20669,5.00028,3.30129,5.8098
4.55735,3.8416,4.89663,5.72042,4.32504,4.42582,4.23814,1.9399,3.56573,4.76907
3.19196,3.52714,4.90438,2.13376,5.00774,4.89767,2.91895,4.38775,4.70123,3.77345
4.45254,3.71318,2.90445,3.65832,4.20802,3.9511,3.088,4.92519,2.78358,3.24484
5.21836,4.15961,3.76139,3.17571,3.79912,5.77981,3.78669,4.40117,2.84369,2.16329
3.13809,4.99155,3.87542,3.54705,3.6098,2.87507,3.99823,3.53413,4.4054,4.65418
2.75758,5.53694,4.08508,4.71297,4.03812,4.68718,5.00979,3.99882,4.98082,5.3759
5.48646,2.58625,3.69903,3.02139,4.22067,3.97428,5.25908,3.92684,4.71478,4.5074
3.47758,3.89172,3.65421,4.48846,5.60135,2.98561,1.96072,3.86364,4.80061,2.7847
1.17237,4.1776,5.21916,2.56483,4.91461,3.25079,4.65138,6.05408,3.62169,3.40347
2.48627,3.69512,3.46993,5.97573,3.80589,2.06141,5.08839,2.89382,3.39915,2.20882
3.0058,3.69571,5.57125,2.89616,4.78425,2.81485,4.86856,6.61279,3.87079,3.29602
3.47129,4.2099,5.08496,3.65481,4.32647,2.5712,2.31721,4.6775,2.93256,5.89132
4.34285,5.25993,3.15015,4.17872,3.87383,5.01157,2.52072,3.67067,3.34413,4.04814
4.88809,2.45018,2.84411,3.72972,4.0601,4.52219,3.66618,5.60925,2.98016,3.86663
3.44705,4.31003,5.45848,3.88945,3.84234,3.33658,5.23848,4.96991,3.65704,1.39654
2.79988,5.3168,4.0905,4.77308,3.09039,5.07571,4.67066,2.22606,5.55108,6.54079
6.45832,4.70779,4.26029,5.94792,4.06024,3.17353,3.56285,3.8099,2.82502,4.36628
4.18236,2.37716,3.17431,3.74809,3.71148,3.76301,5.59723,4.14645,3.58605,3.8021
5.4468,3.86251,3.82617,3.40513,4.20094,5.05568,2.53982,5.09641,3.95158,3.68745
5.98913,4.37239,4.22976,3.15235,3.72885,6.07124,3.68276,4.99413,3.01345,5.42785
3.51949,4.26386,2.29918,5.03649,2.3968,4.00135,4.60262,4.16365,2.85648,4.57858
4.45377,4.47119,5.22281,1.41253,3.54602,2.86223,1.87937,4.68453,4.32577,3.79629
3.14809,4.01423,5.76295,4.48642,3.5971,3.33513,4.15696,3.99954,4.97635,2.00386
4.22114,3.79457,2.0313,3.89472,3.09823,3.26648,2.40848,5.12987,4.7735,4.67135
3.74364,3.80307,3.70205,5.50527,3.38264,3.4514,3.7972,4.2669,3.13547,3.8637
2.75517,3.54178,3.77625,2.511,4.67131,3.92036,4.475,4.44971,5.32514,3.65304
2.50236,3.30435,2.553,5.21137,2.1193,6.4873,3.85971,4.37244,4.33064,4.18368
5.32511,4.20888,5.55466,3.76427,2.38212,4.00746,4.03602,1.83598,4.27853,5.13184
2.67851,4.87463,5.26972,4.51518,2.94475,4.58719,3.89729,5.42911,6.15029,3.40325
3.95759,1.81788,2.19267,3.75873,3.9023,3.32073,4.7047,3.27395,4.37607,5.47113
3.39961,6.10554,4.49824,3.61441,4.99599,5.40002,4.76296,4.97669,4.30116,2.25739
3.53485,5.2621,3.81739,5.36937,2.66223,2.11293,3.97428,4.43025,2.81958,2.67951
3.80824,3.08486,6.22698,4.04002,4.66295,4.04482,4.20523,3.07363,3.13048,4.71628
4.33804,3.52782,2.69751,4.32001,3.00246,4.16464,4.37187,2.74611,4.0228,4.97407
4.81219,4.08819,4.79172,5.17466,3.72871,2.50193,2.83226,4.45795,2.32426,2.9963
2.98209,4.31215,4.90411,5.02144,4.30896,2.47866,4.04081,4.30721,2.23631,1.04752
3.1371,4.18627,3.584,2.4732,4.27158,3.09052,3.35952,2.10915,5.91257,3.40228
3.40522,4.82678,4.86664,3.89311,3.88248,5.52209,4.82483,4.00769,4.20685,2.02893
4.87004,1.92073,4.41384,3.09181,3.8236,1.72968,4.60341,4.20134,3.84086,2.81374
5.76513,4.39364,2.49737,3.28681,5.27413,4.96714,4.31028,4.8237,2.93742,3.78377
5.24875,4.26333,3.92508,3.36328,3.11556,2.69976,5.96308,4.45878,2.93539,5.37566
3.8645,2.78644,2.55772,5.81149,6.3015,4.94469,3.58614,3.59719,4.05487,3.69023
4.72637,3.36071,3.22444,3.01784,3.57379,4.70375,5.35032,2.10994,3.01441,4.23976
3.83562,4.86784,3.82331,3.88757,2.15712,3.69291,4.79136,4.35469,3.37885,3.25762
3.43767,5.00051,3.93407,2.01366,3.70706,3.68182,3.87176,5.65766,3.416,2.77758
4.91252,4.06257,3.04837,5.48511,3.25445,2.84417,4.61359,3.16153,3.38232,4.03279
4.87656,1.2034,4.19012,3.90172,3.44203,4.85315,3.47747,5.03119,3.28539,5.35855
