10
3.8511,4.49322,3.6981,2.76883,4.83044,5.36477,5.65332,4.09603,5.10723,4.10398
5.25252,3.58789,3.9043,3.29338,5.76882,3.31434,3.83143,3.83344,4.69836,5.60678
3.97471,5.0742,4.07513,3.54348,4.6319,5.73645,2.72095,3.74196,5.45109,3.73515
3.85249,4.71374,2.90084,3.26364,5.054,3.37002,3.52549,2.90917,4.21767,4.28616
3.25448,3.45432,3.58433,6.60562,4.73876,1.39784,4.26143,4.11308,3.75435,4.06017
2.83212,3.54227,3.58655,3.64236,4.42818,3.12898,5.46657,3.96773,4.41566,4.65622
2.20802,4.68219,5.41283,3.20939,4.98578,3.43348,3.34534,4.34343,4.25552,3.15252
3.52387,2.94311,2.67145,3.87782,4.41384,4.97617,4.26629,5.29696,4.51203,2.1399
4.65239,3.19488,4.50656,4.06523,3.92801,5.18709,2.79717,4.33099,3.41414,4.95648
3.62386,2.30463,4.01262,3.57628,3.88983,3.23261,4.24442,4.08044,2.78025,3.41982
4.34968,3.98797,2.85228,6.65253,4.89913,3.37552,4.25373,3.92207,5.12884,4.63245
3.34776,4.95797,5.46623,3.34258,4.87597,4.23225,5.13417,4.85743,4.94853,5.11245
4.39903,4.28829,4.66488,2.22523,4.79459,5.29304,3.4323,4.64262,3.85934,3.39242
6.04708,2.77584,4.69269,3.47704,4.42995,4.79249,4.77726,4.18884,2.58599,3.2574
4.2505,4.1298,4.28504,2.46257,4.0315,4.20828,3.31795,4.82778,4.60821,4.87124
3.56629,4.28349,2.59357,3.41195,3.56512,3.06834,3.70343,3.37441,2.98061,4.46081
5.52006,4.97749,5.62697,4.11793,5.0974,4.5337,5.45288,2.74118,4.08371,5.07412
3.81225,3.64919,4.66166,5.04699,2.27723,4.21325,4.86599,4.45658,3.22624,3.30765
4.47733,5.10064,4.99603,4.75505,4.70795,4.70188,3.91961,4.21201,2.90942,3.28188
3.58117,4.2653,2.99606,4.33961,3.16967,4.6751,4.16818,5.2915,4.1042,4.97282
3.56174,3.95145,4.18158,4.60849,2.40445,4.08641,3.98002,4.69682,3.30563,4.19432
2.04268,4.07635,3.76489,3.08855,4.64943,3.69693,5.41163,4.14075,2.34419,2.56904
4.87453,1.88747,3.7845,2.57313,3.03316,4.3208,3.61638,2.73508,3.30627,4.16108
3.01224,5.1284,4.85182,3.98671,1.96012,3.14671,5.03581,2.23151,4.4358,3.23296
3.60868,5.29266,2.57086,3.74435,4.98672,5.42536,5.08911,3.45129,3.40522,3.3562
3.63369,3.79292,4.96784,2.54899,5.53793,3.22322,3.39632,4.98633,4.89279,5.0686
5.17976,4.16957,4.59373,3.59056,2.71341,4.38064,5.21777,3.24291,2.47996,4.1539
4.45131,4.8353,3.89571,3.16084,3.7425,3.46759,3.24026,3.43847,3.69673,3.71945
4.30393,3.7932,6.05844,3.25119,2.51411,3.79192,4.51109,3.61663,4.04471,3.6015
3.16153,2.82043,3.30709,3.39176,3.93579,5.35596,4.34946,4.88015,3.92637,2.55313
3.71376,4.51205,2.77296,3.99595,4.4988,4.3507,3.67466,4.4241,2.99786,5.5421
4.94803,4.68665,4.21067,4.69159,2.90672,4.00896,3.79092,4.55566,3.8141,1.50606
2.03312,6.06762,3.83752,4.59653,4.45769,3.87226,2.75248,4.42755,4.14033,3.07172
4.50851,4.14549,3.38679,3.45692,2.62805,5.78643,5.95475,5.20474,3.24287,3.52598
1.54311,5.05981,3.25365,5.07613,2.38727,4.21505,3.27689,4.10885,3.69122,3.32293
3.87748,2.99624,4.19715,3.94374,4.39163,5.76927,4.91568,4.68817,3.87696,5.93871
3.50716,7.74389,6.20874,3.14638,3.31434,2.61011,6.40369,2.13735,5.25755,2.29056
4.55027,2.9726,3.95669,4.86378,3.22408,1.65549,2.99403,4.7037,3.54973,5.49582
3.65782,3.23945,3.17702,4.8215,4.25658,4.96481,3.0816,5.13409,6.31776,2.13228
2.80219,2.20673,2.55242,3.76589,3.86704,4.74488,4.07732,3.11186,2.47137,4.71452
4.69113,4.23976,3.45708,3.71766,5.45927,3.80858,3.83085,3.9035,5.16606,4.54036
3.00641,3.59956,3.66128,4.10859,3.47946,3.80978,3.63044,4.11817,2.71723,4.48508
2.44077,4.66331,4.12955,5.22295,3.42131,2.79005,4.09926,3.86338,3.21976,3.73441
4.10623,5.36427,3.81626,3.65987,4.509,3.22791,3.02816,5.14641,3.83881,5.27288
4.79253,3.30731,3.34837,3.28527,3.8581,2.8316,4.5189,3.49543,3.90347,3.79895
5.88123,3.32185,3.23319,3.78017,3.09645,4.69602,4.14482,3.43992,4.90295,3.6615
2.65808,2.78385,4.26187,2.19953,4.42469,4.99429,3.66847,3.28542,3.94128,3.523
4.04705,2.80773,2.08666,3.48911,6.30783,4.4369,1.31828,4.64553,2.53658,1.86632
3.81707,4.97742,4.84333,3.65862,3.1565,4.02547,5.41544,3.51684,4.01252,4.75843
4.18151,6.3009,4.94426,3.68913,2.48618,3.32674,6.37031,4.73755,6.00341,3.53945
5.20202,4.27512,2.46168,1.73033,3.9431,1.88962,5.49177,3.16908,4.26036,3.45549
4.32851,4.79268,3.0911,4.43659,4.69805,5.93712,2.8311,5.417,3.2085,2.02937
4.3733,3.76319,1.37731,3.33167,4.18915,5.04996,3.87776,4.49674,1.66795,3.52058
3.73364,3.78212,3.42343,2.50866,2.18335,3.48147,4.5056,5.91805,4.98531,2.39306
5.39462,5.73398,2.75337,4.13296,5.53397,2.85656,3.8567,4.69561,4.39479,3.77606
3.32205,2.86547,2.63173,4.43156,2.13795,3.19919,3.26863,4.7299,4.75844,4.87332
5.07806,4.97894,4.09204,5.19648,4.09226,4.56074,5.64859,5.16068,4.01833,5.51678
4.50995,5.59721,5.2282,5.5789,3.72681,5.30864,2.21897,3.50226,4.85488,4.30118
4.00036,4.0192,2.13804,3.5049,3.64793,3.71316,3.35015,4.20092,3.32655,2.93636
4.32654,4.43282,4.80481,4.47572,5.7266,5.6675,3.74962,1.8642,3.67466,3.74051
6.12487,5.67822,3.32319,6.52495,5.11587,2.65598,4.05799,2.57158,3.51525,3.14137
4.16181,2.85047,3.92882,4.92205,4.063,6.32986,4.71299,4.9371,4.73089,4.33377
4.96725,2.8231,3.45499,4.25559,3.75098,4.02264,3.34546,2.4848,3.40748,4.19562
3.5363,4.55556,3.95,4.49371,3.14916,5.53808,3.45549,5.54965,4.11166,3.13373
3.76028,4.55327,4.75848,7.15246,1.99958,5.74027,2.45712,4.92245,3.06674,3.64945
3.8672,3.0095,2.43859,3.37907,6.52213,2.73523,3.0237,2.48607,4.01857,5.14547
3.22625,4.85262,4.04239,5.55567,4.22382,3.09481,3.59158,4.75668,3.75881,5.64938
1.97596,4.33415,5.17289,1.61509,4.64988,4.44342,2.37158,4.74065,4.28518,2.82925
3.70024,3.00379,3.68032,4.01674,3.57726,2.97842,6.35037,5.42099,2.95864,4.12437
5.21521,4.60935,4.7189,2.87743,3.42956,2.77978,3.94761,3.98289,5.15886,3.79583
2.54685,3.39905,2.35583,4.26498,5.18108,3.99248,6.281,5.6564,3.38231,4.577
3.2952,3.52055,3.94427,3.06438,4.66681,4.49573,1.98942,4.07877,3.97251,4.63514
4.31136,4.62286,4.87872,2.08339,4.31881,4.24762,4.34149,4.73217,5.34988,3.29723
4.71644,3.84187,3.9215,4.48841,3.67462,2.10857,3.55136,3.87504,2.60666,3.15707
5.02528,4.22117,6.59047,4.78193,5.93936,3.43431,5.4586,5.49027,2.12573,2.79625
3.17287,3.69517,2.55462,3.08684,3.83135,5.02805,4.34481,3.7943,4.71132,4.09462
4.66391,4.02801,5.08621,4.83579,3.24971,4.7574,3.89871,6.19988,2.22775,3.43122
4.15193,3.3942,4.22462,3.42193,4.54191,2.75817,3.77698,4.80063,4.6512,3.97134
4.63452,4.94907,2.31684,6.39828,5.59465,3.62839,4.92203,4.64661,4.83819,3.07602
4.18099,3.81366,4.38134,3.5878,4.80335,2.49404,3.63473,3.7542,5.26597,3.78962
4.04993,4.36382,5.03041,5.5051,3.51105,3.04442,3.0691,3.41194,3.96146,5.37781
3.09765,3.74409,3.5861,4.31507,6.01647,5.16058,4.21522,5.84696,2.65705,3.67713
5.56972,2.81523,2.9632,4.30331,3.23425,3.77738,4.08979,5.67174,4.61266,3.84299
5.96234,3.23922,3.8091,3.40216,4.73125,4.5137,5.03021,2.8651,4.42902,5.15337
4.18479,3.00427,4.558,4.83353,3.80384,1.65347,4.97177,3.52444,5.50671,4.26557
3.73911,3.12712,4.39122,5.36105,3.86816,4.93541,5.19828,2.68424,4.81061,4.55524
3.89668,4.09791,3.48547,5.28736,4.25476,4.83567,4.2473,1.77658,4.43046,2.32011
6.53216,2.319,3.50195,4.55875,3.74508,5.74268,4.20973,5.26939,3.18061,3.31184
5.57356,2.98353,4.1249,4.72905,4.04765,4.1442,4.18686,5.99323,4.39895,3.75299
5.54404,3.64057,3.55057,3.54518,5.16535,4.3087,3.60763,2.07878,4.78048,5.04552
3.36112,3.53797,3.17926,3.87041,4.07353,3.08312,3.2717,5.2632,3.01018,3.50106
3.84596,4.36494,4.35557,3.05262,5.7812,4.28532,2.51079,4.44298,3.71041,3.21643
3.20154,3.56085,2.19024,3.71031,3.92312,4.45796,2.77385,3.19076,4.59015,5.39648
5.33762,3.30473,4.94955,5.77358,4.69967,4.86762,4.44445,2.28095,2.72653,4.55403
2.32434,4.0527,3.56963,5.13562,5.33013,2.65027,6.40708,4.11639,4.44249,3.32281
6.49724,3.14531,6.40308,3.76087,3.83602,3.19943,3.77549,2.81354,3.37057,4.2511
3.95157,2.66631,4.3115,4.48714,5.36315,5.37922,4.74732,3.26834,3.36323,3.97935
4.22054,3.41673,3.39918,2.93478,3.29514,3.93071,6.17328,4.52075,3.28597,4.63886
4.43208,3.25074,3.8873,2.62163,3.85251,3.48896,3.66984,3.38811,4.49614,4.8293
5.04567,4.0337,1.82065,2.99736,3.51385,4.70263,4.64645,3.02881,4.62071,3.59678
4.36038,3.39646,3.61097,4.49727,4.12383,3.97139,3.77014,6.33193,4.57637,5.30284
2.27825,3.72996,3.26692,4.05094,3.30281,3.45462,4.46759,3.77974,2.6282,2.44773
5.34428,4.2181,6.93677,4.25699,4.34803,4.20086,4.44662,6.65395,3.87272,3.80588
3.89261,4.17376,3.74367,4.77344,3.3052,4.39428,4.43245,4.31964,3.94328,2.24152
4.60497,4.0189,3.20991,5.57556,3.49407,4.27239,6.36519,2.07921,3.93355,3.18969
3.48221,3.00617,4.14002,4.26124,3.72108,5.68875,2.06621,4.15517,2.85717,3.65903
4.40191,5.10035,5.06723,4.73445,4.54223,3.71409,5.46961,5.60733,5.08613,3.03701
2.57261,4.78789,3.15671,4.38676,4.54379,3.97785,4.13489,4.16324,3.09223,3.38814
3.12293,3.59889,4.65449,3.09716,4.76912,3.38494,3.24756,3.53217,4.26159,5.31052
5.37352,3.54576,5.51863,2.88089,3.80373,2.47476,2.3663,5.19799,3.72107,4.45716
3.7652,3.97282,3.25038,6.63021,3.91844,2.20661,3.70901,5.16043,3.58077,2.70184
4.04795,5.98951,4.0832,4.0736,3.6645,4.93199,5.83637,3.93161,2.93566,4.32676
3.68243,4.02904,4.22994,3.35424,3.84783,4.3636,3.58458,2.62328,4.08162,2.96099
3.40947,5.2931,4.34543,4.53386,4.79871,4.84113,0.746756,3.56579,3.35039,4.65325
4.68144,3.84894,4.30195,3.32872,4.12915,4.56701,3.09935,1.95347,2.42047,4.03174
5.58807,3.00003,4.67837,3.83576,4.07014,3.96133,6.08304,4.40342,3.38249,5.14758
4.81617,4.69684,3.13518,6.19882,6.16957,4.26298,2.54448,5.75965,3.62564,3.8979
4.17906,3.24122,2.37434,3.67756,3.52189,2.69807,5.0624,4.08266,4.93413,3.35595
4.27392,4.1517,3.36558,3.05511,4.3003,5.53208,5.57094,3.05111,4.62251,4.50157
2.88426,4.37558,5.01461,4.82616,4.13676,4.63398,4.10016,4.80866,3.37228,3.64322
4.30249,5.91963,5.54937,5.18868,4.44984,4.71651,4.77203,4.23859,2.75358,4.3232
3.82073,4.2944,4.81075,3.83708,7.07753,3.21462,3.5464,4.8081,5.19722,2.99417
3.02399,2.4539,4.0848,3.90766,2.68978,4.28078,3.95497,2.63149,4.0609,4.40802
3.48779,3.61327,3.98578,3.47341,3.41219,2.67139,2.16015,4.86595,4.46512,2.8206
4.80184,4.98467,3.31122,4.85626,2.47153,5.18089,3.7479,3.72901,2.05667,6.25384
4.07448,3.7008,4.71277,2.97775,3.84523,4.04669,3.7904,3.71279,3.28422,3.00857
3.69668,4.44153,4.89622,4.48377,3.61243,2.71948,5.07159,1.34456,4.62261,3.11402
3.70365,3.98893,5.07416,4.7658,4.20567,4.22389,4.02799,4.35103,4.95484,3.41033
2.71849,1.65683,3.37875,5.57948,4.91139,2.45333,5.47461,4.49124,2.81599,4.91468
5.28988,4.74474,3.31959,4.19585,4.53616,4.39995,4.18062,6.13045,3.80076,4.11595
4.3069,3.75321,4.36841,3.62489,3.25267,3.58928,4.31646,4.01949,3.01104,5.01044
3.35324,5.8932,2.80726,3.84852,4.7557,4.7447,3.58906,5.09265,3.40862,3.79058
4.33235,2.98403,3.92019,4.10248,3.4188,3.77641,4.87854,3.38951,5.22946,4.30218
2.52424,5.06704,3.28436,4.64114,3.93672,3.97127,3.52522,3.29479,5.84393,4.2652
3.48154,2.8605,3.83698,6.44597,2.67888,5.49925,3.95993,3.50754,2.0873,5.40787
3.9255,3.50995,5.31283,6.69038,5.25284,2.41406,3.92222,5.39076,5.17804,3.375
4.95193,3.31666,4.79066,4.93909,4.3602,3.02299,4.4259,3.26163,4.65285,3.92396
4.12799,3.61699,5.2213,4.43641,3.67323,4.85461,4.26662,4.63997,5.81219,4.87289
4.3215,3.7811,3.87208,5.59159,2.96891,4.20959,1.21479,5.73754,3.20255,4.3049
4.99988,4.56683,2.45607,4.36639,4.91661,0.782608,5.86183,4.05516,2.56914,2.93339
5.26349,3.86796,5.50107,4.11891,3.93013,2.96311,3.4004,5.68493,3.97698,2.62934
2.0969,4.06367,3.20673,2.52979,4.32453,3.95673,3.5215,6.74586,6.80613,4.89775
3.60728,5.30808,3.95427,4.74568,5.07135,5.41536,3.6737,2.16271,4.35585,2.9043
5.27918,4.45301,3.77899,4.07191,4.55133,3.08972,3.473,4.62151,3.67616,4.57301
3.95079,3.52756,3.67056,2.49004,4.16494,3.27362,2.15217,5.12074,3.55134,4.34588
5.7749,5.23055,2.32745,3.86932,4.0763,3.50125,5.85204,3.29705,4.32507,4.69155
4.86893,3.32521,4.3958,5.29729,3.93194,4.07878,2.25019,4.16784,4.91889,2.93758
3.82578,5.55619,5.0204,3.71832,2.54227,2.86024,5.31215,4.73471,3.48919,3.19757
2.21765,5.67811,4.43754,2.1411,3.56135,4.52531,4.89491,3.45209,5.99875,3.3981
3.87812,3.19208,3.68956,4.19332,6.01608,2.86717,3.47472,4.1738,2.70875,3.05486
4.58811,5.06642,6.0499,3.60888,3.84749,2.66554,4.83129,5.07054,3.29216,2.80664
3.02384,4.15806,4.34006,3.25453,3.25023,2.26567,4.20637,3.00507,3.58447,3.4561
4.22726,4.27159,4.61913,4.88074,4.96941,1.79145,5.98891,3.99812,3.28565,2.8472
2.31195,4.20537,3.39508,1.71492,1.40197,3.96609,3.53622,3.2755,5.35567,2.90808
6.76681,4.12617,3.18181,3.30291,4.15286,3.95097,3.83593,4.66199,2.41528,4.49213
3.54299,4.02665,3.77472,4.38267,3.23208,6.53573,3.09853,4.75755,4.4002,2.67975
4.34645,3.88821,5.0091,4.15119,2.2121,5.63735,1.59907,4.01253,3.70378,4.03992
3.28384,4.82748,4.52329,5.19869,4.06075,4.55783,2.91085,5.46514,3.62808,4.45057
3.74191,3.56045,3.58006,2.01759,5.3217,3.56713,3.28214,4.57657,3.02539,3.11612
4.03526,2.74717,4.58098,4.96126,1.75239,2.81693,2.98298,5.70209,2.30146,5.01718
3.43525,3.59674,4.2771,3.62797,3.46591,3.16137,1.16532,4.52746,4.24389,4.96639
3.00105,3.18915,4.56209,3.86144,4.87437,3.0283,3.45645,4.62761,3.91186,3.33555
4.97234,4.25437,3.11463,5.1029,3.00094,5.57588,5.21403,3.99325,4.28172,5.90028
4.81127,4.19921,4.91719,5.51116,3.68638,1.52389,4.08511,2.47326,5.22121,3.49717
2.30658,3.76915,3.92889,4.2629,4.04012,5.86455,3.87219,4.70871,3.38493,1.93161
3.00185,4.90228,4.24291,4.70527,3.74074,2.02537,4.27737,3.2308,4.31374,2.07846
4.92051,5.24891,5.83484,3.94861,4.61785,4.67452,3.42306,3.59145,2.9581,4.96223
4.14684,3.5223,5.50062,6.10682,2.12187,4.30248,3.2183,3.20809,4.17287,5.06848
4.32918,4.11672,2.41669,2.12063,4.80338,3.30589,4.30309,4.94617,5.29902,3.41515
2.65413,3.11944,4.60933,5.05901,4.35703,6.02924,3.88775,4.89427,5.65001,3.73351
3.52142,4.62798,3.57883,4.5007,4.22808,5.10497,2.56326,4.75177,5.32202,4.68985
3.77285,2.89821,5.1753,3.93599,2.79647,5.89513,5.12363,5.34912,3.85046,4.23946
3.36432,5.11571,2.24455,5.17038,5.29409,4.25764,5.33099,4.84013,2.8549,4.64309
4.49374,4.66727,5.36455,2.54549,2.87037,5.50967,4.8623,4.92769,5.8375,3.40245
2.05412,4.75807,4.01278,2.70356,2.96257,4.47094,4.27732,3.48634,4.21077,5.41113
3.97637,5.5927,2.16124,3.97924,5.60299,2.1976,3.70101,3.58616,3.24752,3.0535
4.21491,4.88931,2.9462,3.98823,3.52358,3.59566,4.09284,3.95773,4.80777,3.95782
4.72035,3.98722,3.00721,4.16878,4.87967,4.51196,2.50362,2.87979,4.38683,5.02608
6.46593,4.55171,3.45596,1.7974,3.63957,2.22114,4.14281,2.21611,3.86761,2.17374
3.8147,2.98095,4.54443,3.78162,3.73685,3.21173,2.88589,4.82026,4.06811,3.16188
3.58533,3.95333,4.44014,5.15164,3.46554,3.66725,4.24941,2.31351,2.97773,4.63688
5.05524,5.40123,6.04503,3.26079,4.11274,3.59456,3.15969,2.4099,3.18364,4.09221
3.1456,3.52501,2.83838,4.20048,3.2403,4.24426,4.22907,4.4835,2.45421,3.7789
4.36693,3.86371,4.6368,4.11031,2.3208,4.51298,4.86821,3.26247,3.66227,3.4462
2.51907,3.29044,3.47848,3.65171,3.21413,1.97463,3.50773,4.98205,4.34759,4.91147
3.4643,4.72422,3.50222,4.3062,4.51214,3.81684,3.68458,5.95353,3.41895,3.48097
3.14712,1.70152,4.29887,3.80456,3.25492,2.09028,2.59037,5.8364,4.54637,5.27019
2.82535,3.08934,3.51243,5.78045,5.06012,5.28184,3.90519,4.65182,4.72644,5.74663
2.23886,5.41393,2.85564,4.08466,5.50638,4.68773,3.84493,4.61579,4.87655,3.39972
3.74557,1.66951,1.73777,5.53704,4.84295,4.9412,4.63386,4.41712,5.49693,3.02586
5.51025,5.45301,4.63958,3.0514,5.84143,2.29578,4.08616,5.70788,4.43027,4.53646
4.65743,5.54719,4.45435,3.48557,3.44518,4.86222,4.03578,5.20957,4.58487,4.60112
4.47547,4.55467,3.42901,4.04401,3.47148,3.12936,4.14727,5.26849,2.35974,4.69137
4.5392,4.39462,4.45293,4.18177,2.64991,3.38398,4.02394,3.50661,4.3979,4.34014
4.72686,1.92681,3.54056,3.93027,3.35408,4.3762,3.69004,4.6895,2.60906,3.97898
4.79789,3.67796,3.92438,3.95632,5.16353,4.86695,4.77248,4.13989,2.33673,2.13384
3.37491,1.9198,3.14795,6.78534,4.44486,4.5145,5.06695,3.6325,5.31099,2.25636
2.17371,3.44757,4.18117,2.86154,3.73579,4.125,3.70466,2.91665,4.39478,2.3019
3.99885,2.75552,3.97982,4.19231,4.41141,4.60713,3.67595,2.35298,3.97338,3.48926
5.88056,4.32113,2.36823,6.09769,3.64358,5.57808,2.88832,4.8043,5.13152,3.22379
3.75477,3.9638,5.1525,2.98107,1.86506,3.2149,3.3274,5.20548,3.80219,4.20168
4.07022,2.4325,3.11016,3.45998,5.14044,4.26203,2.95202,3.74901,3.46481,3.41603
3.37431,4.05569,5.32756,3.47124,4.10048,2.54435,2.86456,2.67453,3.21937,2.0372
3.15983,3.67492,3.7325,2.66418,4.28641,4.92312,4.0452,3.65329,4.38685,5.15252
4.67872,4.43002,5.25662,4.57894,5.26841,5.83569,3.67334,2.75435,3.57461,5.23108
4.25408,4.13541,2.74459,3.21924,3.00901,4.62016,4.84468,5.31205,3.79652,5.64416
4.95894,4.44387,3.45336,4.3758,2.04816,4.21339,4.29819,3.91219,3.81069,2.74939
2.42642,4.84973,3.24255,4.52102,4.432,4.18907,3.98573,4.16621,3.48327,4.27722
2.88844,5.42141,3.43104,2.10623,4.68227,2.78151,4.02935,3.29228,3.81136,3.64614
3.46593,3.07015,4.91825,3.9624,3.46497,4.41085,3.82271,5.28802,3.76442,4.46072
4.31984,4.32132,4.97201,3.81666,4.13947,5.632,5.5144,5.28252,5.42077,2.76814
3.59358,2.613,2.40156,6.09194,2.32879,5.54289,2.66627,5.49386,2.51217,4.73445
3.92222,4.00331,3.43273,4.45788,3.95821,4.43086,5.89769,2.31741,3.81637,5.377
4.38826,4.14778,2.12407,4.14786,3.84441,2.3284,4.68942,4.84124,3.83261,4.13759
2.29829,4.14233,3.46623,5.35106,2.79192,2.97977,2.61999,2.63716,2.63595,4.61036
4.93526,3.33782,4.87322,2.18505,3.36759,5.12682,3.61782,2.8501,3.3533,2.47735
4.67637,6.80767,2.7722,3.40388,4.80246,4.28343,5.00905,5.70906,4.88853,4.81435
4.24001,3.73542,4.62005,4.40111,3.44691,2.7311,3.24737,3.05762,3.5073,6.26473
5.7217,4.6086,3.64391,4.5515,6.64855,5.34638,2.23718,4.13995,3.16585,4.84503
2.69861,6.10662,4.98678,3.56208,4.52959,5.41013,3.81279,6.0626,4.64854,4.35831
3.78772,4.15823,4.44815,5.27521,4.10326,3.00408,3.43937,4.12145,4.08737,5.15208
2.51914,3.37601,1.94611,3.82497,2.85213,4.03994,3.53022,3.77006,5.41366,3.9808
3.28029,3.19415,2.69002,3.83457,2.15222,6.22731,2.43543,3.67233,5.88845,6.3289
4.78951,2.95641,4.10224,4.45355,4.22257,3.39422,3.14892,3.04107,4.57344,4.45033
4.27491,4.32337,5.42615,6.39826,5.65964,3.30192,2.67735,3.95252,3.25094,4.23998
3.16853,5.75324,4.36832,2.84263,5.03472,3.62295,5.23576,4.17117,4.19223,3.13449
1.66062,4.4464,6.08304,3.77261,4.08513,3.12408,2.34638,3.74108,5.21729,5.37301
4.13406,4.88484,4.37228,5.59606,3.30001,5.78476,2.87672,4.65737,2.78242,3.18893
2.9671,4.24196,5.78383,3.31569,3.96375,5.25883,4.63877,4.56712,2.89231,4.31213
4.65065,2.79451,4.31572,3.3486,3.89239,4.45762,3.49769,3.53054,4.15369,4.3246
3.99277,3.63775,2.88401,4.20102,4.27686,6.49559,4.54171,4.17164,4.48623,2.96304
4.50036,4.13336,2.91471,5.44073,3.29536,4.51457,2.40598,4.92052,3.62772,4.39086
3.69878,5.0021,4.29706,5.40638,3.30407,3.86964,4.18194,2.62856,4.60828,2.79604
5.79798,3.42655,2.27315,3.03348,3.32803,4.17892,3.45323,4.07915,3.2814,4.79861
6.00856,3.51971,3.68104,5.75941,3.62636,4.29408,4.32027,3.70682,3.59789,3.65237
4.2737,4.41661,5.7566,3.86568,2.18199,5.2708,3.19275,2.99016,4.01925,4.76251
5.13673,3.49491,4.73678,3.71853,3.49528,3.22805,3.24167,4.76836,4.31597,3.7113
2.91806,4.90378,3.18826,4.83208,3.34565,2.55986,6.4083,3.92897,2.65722,3.55231
4.20777,4.57712,4.20839,4.32215,3.69363,4.53223,3.97072,4.07179,5.96458,2.84528
3.72826,2.57905,4.34134,3.09026,2.80216,3.53861,4.9407,3.74396,3.07303,5.35568
3.85465,4.94751,4.90244,4.60379,4.27016,4.5323,5.13203,3.13292,4.83952,4.1024
5.81157,3.02381,3.68827,4.83396,5.05021,2.52303,3.70928,2.24241,4.79953,4.75894
2.86746,2.39371,5.78827,4.09406,3.29717,3.14847,3.56469,4.54955,5.12637,5.13836
2.24271,5.5084,4.9829,4.29519,4.22695,3.35147,3.42496,2.27609,4.37787,3.53408
4.67033,5.85489,6.15002,4.62369,2.60919,2.75217,2.58375,2.95407,3.49927,4.13477
2.37962,5.01613,5.00607,3.86444,4.36269,5.09278,4.24393,4.31296,3.88976,3.14773
4.13576,5.25718,4.81728,2.30256,4.76192,3.54896,4.74243,3.50535,3.78357,4.10743
4.77648,2.87027,2.74975,3.64249,3.25039,3.28499,6.18927,3.73441,5.48585,5.37274
5.30088,5.34938,3.26429,2.7074,5.32572,4.21749,5.04485,3.4355,4.31875,2.9999
2.9422,4.69779,4.24801,3.46325,3.94479,3.29695,5.00202,4.33964,4.47134,3.40827
4.19159,4.30176,2.83119,1.4718,5.73071,4.3858,1.66571,4.97063,4.48163,3.87604
4.24118,4.606,4.69894,5.92834,5.75716,4.56333,4.34701,4.79305,2.91933,4.15149
6.49278,2.33074,4.8489,4.95457,3.47972,4.68348,6.05403,3.59538,5.09635,4.18637
4.66832,2.13272,3.86376,4.16865,3.90122,5.28326,3.43012,3.52165,3.84008,3.66464
3.12349,4.8358,5.81393,2.72653,2.65999,3.69138,1.51779,3.97294,3.5674,3.36702
3.75952,3.99364,4.13452,2.41389,4.47702,4.27634,4.50642,4.23342,5.37162,4.91464
5.64438,2.3998,2.83198,3.61315,2.70811,4.58577,2.8137,4.0035,3.9293,4.5197
4.33999,4.18368,5.06525,6.69966,5.20389,4.41099,3.38721,4.78109,3.34321,3.90332
5.78148,3.13091,4.87218,4.20318,4.66089,2.69111,5.02455,2.41618,3.3978,4.61344
4.46097,5.09839,2.69427,3.95095,2.80091,3.74466,5.25162,6.12194,2.89119,4.90614
3.62843,5.12642,3.17586,2.40341,3.74414,4.99099,3.79901,2.8397,4.49226,5.46504
2.55403,3.82047,4.607,5.28821,3.31066,3.52171,1.19881,4.86808,4.1937,4.00241
4.10084,4.93883,2.95445,5.31027,3.7071,4.78899,2.56556,3.44703,2.62665,3.45757
3.2231,3.53514,4.98634,4.047,2.5631,4.97424,4.43257,2.57024,4.25305,5.32854
4.2581,4.05723,4.47496,4.06258,5.54797,3.47166,3.80382,4.17399,4.00394,4.92596
5.83131,2.60448,5.30418,4.59177,3.65405,4.43316,3.44472,5.78385,3.61695,3.30472
3.85685,4.22788,4.05514,2.47633,3.72501,3.18896,5.78265,4.66295,3.69453,4.02991
5.37617,4.98051,3.63449,5.00225,4.62131,4.77988,2.94949,3.30979,4.4359,4.83407
4.57585,5.08754,5.31095,1.52031,4.93011,4.54489,3.67915,3.4054,3.44699,4.56181
4.44484,4.54058,4.46614,4.54889,3.89126,5.10402,4.49567,3.56248,4.09997,4.09922
2.82078,4.76632,3.84069,4.44835,4.03901,4.49893,4.73718,4.79923,3.56084,3.96973
4.10385,2.4402,5.1788,2.21536,4.62395,4.94503,3.69071,2.91548,2.74724,3.45759
3.52811,5.5387,3.01355,3.52731,5.30756,4.24663,6.1619,4.46534,2.6584,6.35854
5.0621,2.79658,5.53703,2.65832,3.38681,2.86569,5.15939,2.53819,3.1365,4.54496
3.32275,5.43974,4.22908,4.90482,2.07171,1.65851,3.50462,6.54183,2.27885,3.43472
3.38774,3.40317,1.5008,4.03583,5.19771,3.98948,4.26736,3.76557,2.86176,4.09092
3.52027,3.77808,3.87563,4.35969,4.81542,4.23239,3.64689,4.3661,4.71923,2.51199
5.76222,5.13711,4.97174,3.86374,3.4927,4.41407,1.70474,3.91335,5.86568,3.26428
4.94079,3.7101,6.67319,3.19553,4.53235,4.69965,1.46666,3.07678,4.24906,3.09749
3.32118,2.68516,3.99762,5.70161,3.59166,3.4229,4.28566,3.9322,3.91641,1.59996
4.18716,5.38674,5.27144,3.53747,4.6071,4.24718,6.21993,3.80198,4.97922,3.43928
5.21501,2.59416,3.12229,6.87677,4.18997,4.18211,2.92985,2.38653,5.78086,3.6225
3.31751,4.94651,3.35888,3.38865,3.68317,4.36258,3.65929,2.65378,3.21777,6.9697
3.348,4.09081,5.84299,5.06461,4.7895,5.55934,4.90166,4.1615,3.92143,2.59271
4.45963,2.80675,3.37248,4.14482,3.4721,1.74633,3.43888,3.9775,5.08905,2.93412
4.65704,4.2002,4.49366,5.22228,3.03181,3.19438,4.8273,1.76425,5.22106,4.06827
3.59324,2.48205,3.91041,4.14415,5.74541,2.43405,5.33783,4.44528,5.6779,3.92113
3.70449,3.86596,4.31467,4.9903,3.9255,4.5428,4.21572,3.28038,4.40775,4.19876
3.66436,3.4929,3.0693,2.30494,5.77491,4.69586,4.37552,4.68865,2.7904,3.47243
3.81582,1.9723,3.7614,4.56113,2.88844,6.27452,4.50876,5.55789,4.51096,4.06172
3.52675,2.47624,3.99257,3.53281,4.12873,3.41335,3.99296,4.71081,2.28166,4.35297
6.14447,4.32783,3.67157,3.82189,2.64441,4.32275,2.5287,4.98,5.05023,3.45576
1.57062,6.15392,4.08855,3.37617,3.43112,3.26671,5.5922,3.36567,2.94544,4.40424
5.35863,7.09263,3.15747,3.62101,3.31596,3.97274,4.70275,4.8735,3.89179,5.70785
3.92311,4.71945,2.0992,5.30687,4.56938,5.16215,4.60114,4.62348,3.66878,4.0865
3.73247,5.1868,3.73549,4.13838,3.00392,4.72542,2.37488,3.43404,3.90862,5.50032
5.85833,5.66547,3.70823,6.01864,4.42987,5.80368,4.25388,5.88641,3.06346,6.20308
5.17675,5.50033,4.62287,4.60235,4.03183,3.39379,5.07615,3.28551,4.9059,2.41677
4.94108,2.57015,5.11886,4.36418,2.51988,3.34045,3.25177,3.65648,1.07079,4.60739
1.97095,3.63239,5.44468,3.43296,3.60873,4.51428,3.68622,3.56271,4.73175,2.85039
4.3003,4.83646,4.55957,3.8941,2.24766,4.3284,4.30362,3.66018,3.79956,3.30287
3.56242,2.2461,5.32495,4.62298,3.05863,4.09425,4.41841,4.42269,4.74333,3.7425
4.51056,4.81169,6.10847,5.05982,5.12737,4.00074,3.85439,4.7402,4.50328,6.28561
2.05468,2.76113,5.447,4.76653,4.0246,4.68817,2.49638,3.26668,4.30261,3.55402
5.04593,3.24388,4.34621,4.35543,5.77339,4.65131,5.92485,4.65574,3.10241,2.81257
4.31172,4.49547,4.7861,3.48632,4.68489,2.68742,3.70471,3.2961,5.6848,4.30535
3.67807,3.7426,3.89102,3.47013,3.85226,3.56288,2.57786,3.4262,1.97267,4.74542
4.127,4.0325,2.6697,5.95421,3.93012,2.44225,5.15932,4.63304,3.35049,3.14816
5.64894,3.90425,4.26726,5.03644,4.81956,5.40816,4.63074,5.67177,4.79483,4.29229
4.77319,5.3944,3.42792,3.84576,5.52364,3.87023,6.25455,3.98567,3.39009,5.85363
4.90327,5.75312,4.3822,5.64793,5.25251,3.72325,3.81523,4.56396,5.13643,2.8109
4.58259,4.76117,3.63671,5.54552,5.06077,4.28578,4.12799,3.51373,5.24869,4.86321
4.50418,4.65989,3.92682,4.4705,3.97978,4.56707,4.8238,3.00802,5.57995,4.39734
4.5059,2.55188,4.66575,3.1307,2.90458,2.52076,3.86668,4.188,3.53862,5.04215
3.28694,3.71921,3.31599,3.9544,3.18581,3.16282,6.12715,4.46338,3.82599,3.58279
4.11553,3.12294,5.03232,3.32705,5.14784,2.62889,2.67021,4.84882,4.14334,4.81677
2.32306,2.28032,3.52195,5.46687,5.20827,5.8543,4.30794,3.32536,3.86456,3.19993
4.02737,3.50455,3.62561,2.95337,4.0179,3.2028,3.34601,4.59174,1.4242,4.55649
5.23022,2.14302,6.18033,5.37637,3.73819,4.24442,2.65103,4.40699,3.27434,3.38047
4.94802,4.09751,3.41948,4.18394,3.85478,4.82786,4.08615,4.10843,3.51616,3.63693
4.36066,3.97974,4.0601,2.71009,5.64113,3.98121,3.74405,4.97787,3.54074,4.81524
3.10949,2.62854,2.72157,3.21574,4.60492,3.33395,4.91404,3.37336,3.70391,3.59889
4.37263,5.95059,4.38089,3.00093,3.14574,3.46478,4.38474,4.07222,3.94419,3.28877
4.31844,5.89197,3.14015,2.36514,5.28539,3.18055,2.89667,4.92513,4.34953,3.51787
4.03801,2.58799,3.82772,4.13465,5.25551,4.1562,4.99032,5.23128,3.67656,3.85276
5.13427,4.77322,3.83977,6.55652,2.64994,6.59021,2.91129,4.87397,4.74044,5.16735
3.47993,2.98399,3.77784,2.4007,2.63688,3.77539,5.83335,3.78386,3.3806,4.85061
3.44287,4.27533,5.14761,5.76465,5.94633,3.69229,5.26928,3.87935,6.51262,3.35716
4.80531,4.36439,2.89935,5.67451,3.88687,5.63266,3.18843,3.56271,4.18224,7.79723
6.40772,4.3245,4.47146,3.59329,3.18804,3.57704,2.27169,3.92701,3.6147,3.65826
4.78193,2.96172,4.90387,3.43199,3.27354,4.78213,4.2964,4.93158,0.674811,4.43669
4.82906,5.29023,3.15287,3.92564,3.29968,2.31444,5.03602,5.40821,4.18078,2.89834
5.01455,4.24643,4.24658,4.31493,3.45943,4.62782,4.02218,3.87521,5.04265,3.43049
5.41603,5.44875,4.96483,3.21925,3.97326,4.00365,4.22418,6.23879,5.0357,3.95643
3.01145,4.96656,1.97035,4.00426,5.98764,3.74299,3.40235,3.05999,5.10417,5.03287
3.15758,4.63477,4.92173,3.77247,4.77966,4.08091,3.12753,3.6228,4.07895,3.7144
5.1591,3.40695,2.52267,5.04566,4.60837,4.35983,3.99469,3.67679,4.66747,3.15913
3.24548,4.09729,2.66372,3.1224,3.76064,2.68605,4.18417,3.01777,2.46805,4.18402
4.59594,4.11958,3.30885,5.32566,5.19459,3.77589,4.1983,3.80366,3.64843,3.7846
3.61529,3.38806,4.54657,3.07045,4.11226,3.71898,4.21523,3.90309,3.58747,3.36513
4.02682,3.68788,4.56529,5.77328,3.07587,3.10879,4.55927,5.01997,6.75427,2.87794
2.95021,4.25524,3.10216,2.5481,3.94223,2.40694,2.23011,4.84344,3.06798,5.15063
3.9514,3.53523,3.4952,3.37968,4.73779,3.16015,4.9712,3.08215,4.1053,4.06457
3.3186,2.93634,5.1658,4.6741,3.05997,3.67643,2.43873,4.35733,3.42065,4.2861
4.54927,2.31244,2.82867,3.15349,3.92337,4.12649,5.18907,4.20853,4.53637,3.53556
2.35694,5.46075,3.16369,5.14084,3.14039,3.32915,3.68721,4.90132,4.37454,4.43893
4.59502,3.50059,4.12195,4.2147,5.05169,4.98125,3.42853,2.65897,3.89345,3.97212
4.43835,4.54105,2.23008,5.15805,4.29735,3.74681,1.66628,2.75646,4.62331,3.06241
4.98159,4.16519,3.55456,4.30361,3.43216,3.42872,5.65602,2.87513,4.23491,3.03808
2.61979,5.83644,3.64474,3.69426,5.34356,3.7819,4.34084,2.34014,1.92878,5.78075
3.77039,2.81589,3.97412,5.72426,2.23323,3.07018,4.67473,4.04617,6.5437,5.01832
2.29182,3.23741,2.63266,3.75339,3.76354,3.02711,4.19399,2.44237,3.75728,2.21549
3.30296,3.05881,4.29659,2.39379,3.25267,3.93167,3.9643,3.25299,4.25066,3.87056
2.72477,3.21366,2.56301,3.59047,3.59003,5.26823,4.30081,3.50524,2.50362,5.29294
6.01917,5.74147,4.48365,2.98917,3.4893,3.61966,4.87092,4.56861,3.22255,2.93847
4.09046,4.74793,2.71755,5.61855,3.84593,4.88868,4.01506,1.69373,4.00021,5.26009
2.76545,3.06081,4.13666,3.00968,4.46477,3.1646,4.02489,2.84527,6.25689,2.54763
5.19859,5.30186,4.52827,4.0701,3.98604,4.74619,4.69282,5.32301,4.85486,3.67961
4.71727,3.51655,3.95278,3.43956,5.29046,4.1942,3.79466,5.03703,3.02282,5.34663
3.62194,3.61584,5.0833,4.5889,4.11606,4.62033,3.32503,3.97355,2.3008,4.40153
5.99423,3.53615,2.71394,6.16658,4.20859,5.00896,5.44267,2.09765,3.58808,6.27997
2.85087,5.07868,6.15477,4.81036,3.44048,5.60133,4.66527,3.91408,3.30453,2.40909
4.41911,3.60288,3.47702,5.07955,4.66517,4.50032,2.11924,3.10661,6.0929,4.61589
4.57617,5.99159,4.37159,3.01002,4.65601,4.16239,4.95375,4.7917,5.09391,4.1721
3.56446,3.10951,3.62134,4.33386,3.37776,3.58851,4.09991,3.67804,4.2434,3.64559
3.30117,6.18164,4.88534,3.83008,4.9949,2.7299,4.1973,2.37271,2.86825,3.99954
4.08199,5.05247,2.61618,4.86818,4.96845,3.90093,3.71098,2.77314,3.82395,3.8371
3.88691,3.5996,4.69884,4.14647,4.24475,5.70832,5.0747,3.51158,2.99645,0.59975
4.59792,3.81454,5.29502,3.72584,4.46624,3.84129,4.76851,3.43036,4.88337,3.59496
4.10849,4.141,3.3005,2.14255,3.43531,3.93572,5.66092,3.79428,4.0739,2.9021
3.61134,3.1407,7.41631,4.61235,4.69761,5.79955,4.8303,3.93937,6.20202,4.25913
4.67449,2.52846,3.9696,4.72629,3.94204,3.85637,2.65278,5.21661,5.62895,4.71331
3.06922,4.27237,2.1216,4.98195,2.82181,3.00695,3.10758,4.06944,2.92031,5.07096
3.541,4.97768,4.91218,3.60266,3.63474,2.80034,2.73034,5.07951,3.42099,4.17085
4.03769,4.65246,3.4879,4.69639,4.63623,3.51204,5.17223,3.58878,5.94993,2.78436
5.03281,5.16099,3.08862,3.30258,2.25312,3.07188,3.18485,4.90129,2.71566,2.43471
2.26722,4.53669,4.67878,5.77386,4.28444,3.05336,4.40448,3.13551,4.31066,4.44267
4.91135,3.63801,4.39554,3.28318,3.90225,5.32309,5.13712,3.26531,4.75704,4.96442
4.66677,4.38373,4.12164,5.42611,2.9606,4.08336,4.25254,4.84635,3.28786,5.4096
4.70832,2.25366,3.67829,4.5078,3.30546,3.11193,2.87802,4.0245,4.8864,3.95873
4.89028,4.05928,5.25125,3.4325,3.89282,5.03815,4.31874,5.3806,2.80996,5.29277
2.64696,5.07608,4.2358,3.33227,4.2538,4.25708,5.25483,3.30362,2.54595,4.09609
3.84424,4.87881,4.70493,4.74302,2.96906,2.91207,4.31058,4.36376,4.59162,3.70883
4.07698,3.14759,3.87806,4.75903,3.17977,3.83957,3.3527,3.00061,5.53904,3.283
4.61088,4.31136,3.85107,4.53634,2.18411,5.12148,5.17745,5.23455,2.91577,3.49057
2.35068,3.95853,2.91968,3.67026,3.17617,3.6867,3.93631,4.36734,2.93019,3.59597
4.76127,3.57946,4.01344,3.05323,4.28784,5.69816,6.44037,3.64906,3.06349,4.09312
2.41108,4.35727,5.00288,1.68801,3.52991,6.17076,3.49152,3.94879,3.97602,3.66301
2.40925,4.10193,4.00834,4.01779,3.335,5.58485,2.73884,3.97215,2.82248,5.56037
5.12953,2.85116,4.60562,2.15289,3.57022,3.69658,5.01588,2.37585,2.85615,4.30653
3.16024,3.90203,4.94619,3.53046,3.22252,5.14339,3.9201,6.31249,4.79706,3.82933
2.48841,4.14255,4.88822,3.12671,4.7366,4.34386,2.20239,4.94367,5.69479,5.37898
4.73799,2.61098,4.11379,5.91746,6.19696,3.57746,4.65888,2.32315,5.45041,4.22108
4.03786,2.50572,5.90941,3.73031,4.17636,4.27912,4.87658,5.78482,5.70956,2.58619
5.50517,3.27702,2.29129,6.17409,2.48845,2.52398,2.93485,4.60138,3.85487,3.57871
6.40534,5.23098,3.1739,4.43446,4.65206,2.51107,5.45882,3.07919,4.61493,3.91654
5.55616,3.03924,4.95015,4.52597,2.92349,4.61646,3.00506,3.44065,2.85589,4.1923
2.14563,3.6179,3.62431,2.65181,3.50714,4.12221,4.44265,4.14402,3.57581,4.96415
3.53369,4.44746,4.287,1.72902,5.20598,4.31825,4.41193,4.89342,2.86759,2.66753
4.59098,5.14335,2.68477,4.13951,2.62499,4.79751,4.31188,6.17837,5.17058,5.03045
4.32294,3.43811,3.59086,4.37738,4.87988,3.99206,2.42327,3.97659,3.99314,3.91909
4.41571,2.50786,5.27184,2.46279,4.1697,5.91706,4.33834,3.38819,3.72038,2.55158
3.14037,3.67936,4.02925,3.36932,3.00054,5.80233,4.80082,3.22902,4.21108,3.30936
3.73839,1.40627,3.45979,6.04328,4.1561,5.48968,3.97398,2.67746,3.71546,0.710443
3.41018,3.32589,3.63557,1.51615,3.78126,5.45868,3.64956,4.53419,4.87203,4.19854
5.04437,3.25111,4.45674,3.40191,4.98225,4.94277,3.61283,3.57029,2.43993,3.89737
2.97472,3.29238,3.90941,4.1992,3.71,5.48412,4.1296,3.88105,3.33531,3.77846
4.25195,3.3117,3.46034,2.38267,3.56036,3.81055,4.01071,4.71277,2.8737,2.62317
2.98369,5.21409,2.97549,6.15449,4.65135,5.01143,2.52203,2.54876,5.04088,3.83244
3.06915,3.41258,4.09414,4.23164,4.78767,4.08012,4.30904,4.30035,5.05049,2.93159
3.87256,3.2204,4.0222,3.06361,2.50375,4.06808,2.92716,2.37219,2.37179,4.13133
4.80231,5.64393,6.35356,2.88197,4.82248,5.01283,5.2697,1.99544,5.05217,2.30845
3.29604,5.47453,3.18576,4.61962,2.27012,3.35641,5.02377,4.10612,4.55765,4.94308
3.70296,3.40951,4.625,4.86144,3.46064,3.64641,5.45618,3.10678,3.39256,3.37233
3.93593,3.52652,3.80076,2.98767,3.87958,4.83509,4.52286,2.84927,5.21674,3.46261
6.37666,2.19164,4.7943,3.90408,6.03219,5.22918,4.68442,3.93284,4.95523,3.38363
4.66719,3.00795,4.14285,4.22637,3.24086,1.61413,3.50655,5.01487,4.0676,5.64385
3.63353,5.04229,4.96165,4.63918,3.72059,5.53269,3.86423,4.34489,4.12787,3.35135
2.67985,3.3131,4.1935,2.40482,4.23349,3.55315,4.21422,4.30386,5.54682,5.853
1.94123,4.84221,6.07054,3.4789,3.61836,3.81844,3.89014,4.08494,3.78939,4.10644
5.13327,3.23578,4.0607,3.43413,3.88598,2.43847,3.97383,1.89134,3.30077,5.48691
4.16428,2.83219,5.30711,2.94091,5.07043,3.99739,4.30699,4.97181,3.73847,4.47343
3.04032,4.4979,5.13573,2.71914,3.9026,4.17359,2.96516,5.07699,5.1857,5.49468
5.27401,4.16601,4.27469,4.18193,5.65757,3.99469,3.97484,5.0676,4.74735,3.26817
4.35306,3.71886,3.85676,5.08627,3.41073,4.65707,3.71746,2.76022,4.15704,4.13914
4.5105,3.74735,5.6844,3.37015,4.40344,4.76126,3.94097,4.26613,4.14878,3.01637
2.65111,4.23097,3.97685,3.73677,3.02998,5.51679,2.05771,3.7329,4.5729,2.8631
3.46405,3.52406,4.86108,2.84369,6.46494,4.93711,2.83359,4.27592,5.99883,2.7954
4.10151,3.8469,4.09931,5.70997,3.04227,2.90048,2.52453,3.37011,3.92781,4.26247
4.28592,3.4148,3.98505,3.9473,6.12466,4.33826,4.1439,2.40709,5.19645,4.25424
2.76675,3.57037,4.20568,2.87449,5.10926,4.32526,3.79517,3.29329,2.85053,3.54636
4.14491,3.62681,3.53116,2.18522,3.29266,3.33961,5.52297,3.75835,4.15757,2.81847
4.72036,4.22281,4.13375,3.16241,3.57441,4.62193,4.22011,4.01142,2.85995,4.4234
5.56101,5.36395,6.30436,2.03404,3.17502,4.50254,3.9754,4.56537,4.20175,4.83365
5.73566,4.35986,4.05996,2.61833,5.5424,2.99365,3.84938,4.42905,4.77057,3.16572
4.26556,5.43873,3.83914,4.40064,4.94899,5.18883,3.5245,4.13516,5.18686,4.17733
4.69178,4.51981,5.37917,4.32568,3.88075,4.77345,2.97996,3.30106,3.89208,4.67051
3.85393,3.71851,3.17794,2.92716,3.6011,3.56949,4.58052,4.94756,4.45219,5.62895
2.77728,5.37006,4.13305,2.89508,4.42937,2.78581,3.22508,4.43708,3.63016,5.82414
3.82497,3.95589,2.90016,5.87125,4.27246,2.94592,7.14545,5.93406,4.0607,3.10205
3.10206,3.72125,4.49194,3.96681,5.31466,5.62331,4.18024,4.46373,3.43134,3.24775
4.13221,3.47008,3.6801,5.40891,5.35399,4.26143,3.15318,5.07106,4.26438,4.04819
3.05648,1.81729,3.41827,4.08295,3.88849,4.4595,5.31348,3.37372,3.45061,4.29852
5.68036,5.00078,3.4467,4.10244,2.75756,3.84706,4.02062,2.84183,1.5119,3.86267
5.12542,1.10312,3.6335,5.03715,4.33818,3.76417,4.66977,4.10586,6.82549,4.40718
2.4014,4.08135,4.72899,6.2137,4.93983,1.85945,4.45926,2.72718,6.06385,5.54691
3.09247,5.43041,3.78046,3.4735,4.58744,3.25474,4.11552,4.28385,4.69558,5.69955
3.85927,2.29837,4.31439,6.25309,5.10058,4.07353,3.89404,4.45737,2.59263,3.46771
4.62149,3.97457,4.4451,3.40344,5.30696,4.57599,3.76015,2.53753,4.31358,3.14163
4.02206,3.69035,3.40235,5.45202,2.62392,3.73093,2.64722,4.88107,4.37074,2.36469
4.96083,4.43345,4.35823,4.61584,4.81987,4.23247,5.01506,4.0803,6.27977,3.78597
5.78239,4.5072,2.83186,3.23369,4.79316,3.90598,4.52333,3.80199,4.28599,3.30908
4.59886,2.56594,4.83851,4.05645,3.75535,3.66771,3.7507,2.55532,2.60569,3.60097
2.72542,5.34106,3.45346,3.15983,2.47993,3.58995,3.6714,4.22948,4.78672,1.64067
4.61218,3.55776,4.19965,3.69074,4.28887,3.17668,4.137,3.92933,4.55728,3.34583
4.0847,3.80657,5.26891,5.17324,4.28479,2.983,3.17826,1.49226,3.26508,3.93803
5.57559,3.64888,3.5934,2.73283,4.23658,4.01577,3.50933,4.94766,5.23043,2.67091
3.02876,2.83335,4.396,4.73403,3.13086,4.84748,6.10492,4.01053,5.4304,5.2022
3.0099,3.25772,5.5964,3.50801,3.11251,4.90149,4.0956,4.47248,3.38493,3.46152
2.37307,3.50939,5.73751,2.98567,3.48474,3.71279,3.54251,4.22394,4.8186,1.91612
5.07432,3.52231,4.28383,4.2518,2.69962,3.71032,3.07103,4.30621,3.71987,4.48884
3.91368,4.45708,4.14644,4.87308,4.03508,4.22745,2.68994,4.82494,5.88253,3.21748
4.2977,3.6554,2.52577,4.59936,2.89853,4.19093,5.65936,4.49845,3.34903,4.68646
2.2743,4.31369,5.06445,3.54926,3.7935,3.89369,6.11104,4.57186,3.97555,4.94464
3.65047,3.27013,5.84748,3.99376,2.69304,3.95499,3.91157,4.28583,3.7274,4.87403
4.46556,4.12436,3.86738,4.13162,3.91914,3.89604,4.15404,3.57703,4.66749,4.67508
2.54907,3.7596,2.96926,5.18896,4.2434,3.05087,2.65892,5.08943,4.95002,3.77658
4.26819,5.19139,3.60104,5.90185,4.04116,3.38296,3.79182,2.52797,2.98865,3.77043
1.89874,3.2429,4.89306,3.50261,4.52299,3.69321,3.12001,4.62365,2.79926,5.69392
5.49355,6.52929,4.64864,3.83536,3.65743,4.56085,3.75583,4.40692,5.23024,4.0939
4.18331,3.2096,3.3651,3.28387,2.55969,3.53468,0.882474,4.45961,3.1451,5.44956
4.57371,5.23194,2.7948,4.9328,2.85748,4.95197,7.00267,5.36213,4.23908,3.97256
4.34717,3.98227,2.21611,3.43006,4.02801,4.92848,2.93218,4.20808,3.34511,4.83126
4.02741,3.19027,4.59333,3.72665,4.90702,4.61059,3.71682,3.45578,3.33986,3.2348
3.82194,3.88498,4.78543,3.73542,3.9484,4.92864,3.43523,2.19149,3.99848,6.59274
4.2215,5.93953,5.18849,5.25083,6.23068,3.80353,3.69303,2.8597,4.4164,3.90391
4.1911,3.12669,2.93599,3.56758,2.7325,3.89306,3.72504,3.25678,3.38901,3.60615
4.09896,4.2349,4.94176,4.38249,3.48182,4.88435,3.59386,3.38547,3.02125,4.84507
5.31738,5.18596,5.23397,3.79803,2.11245,2.87469,4.06163,5.4306,3.81049,3.93996
3.20925,4.32747,4.58275,4.59588,4.08242,3.39359,5.443,4.37939,4.49494,5.68899
3.42113,5.35684,2.49972,5.23406,2.51655,3.83286,5.64238,3.83426,4.9109,5.3426
4.72238,3.86504,4.36002,2.64872,4.46873,3.60602,3.96746,4.69855,4.26453,4.30037
3.73465,2.41377,3.33551,3.69619,4.16465,3.65853,2.74974,1.55893,4.50251,2.51942
3.54245,2.22718,3.0197,2.60342,5.70118,2.48198,2.61516,4.04769,4.42203,3.44789
4.39814,2.36028,3.85184,4.41301,4.31252,2.42562,4.19896,2.82674,4.59374,5.60032
5.59259,5.05086,3.65032,3.15544,4.11639,4.11497,2.27178,3.21452,3.29995,4.3242
4.21302,4.42153,5.0862,3.61099,4.49645,4.02184,3.9589,2.53873,4.04629,2.17461
3.36915,4.71483,4.51661,4.14708,2.84492,2.60234,2.85356,2.838,3.67282,3.61118
5.33777,5.54895,4.75349,4.34736,4.41948,5.30093,4.70181,2.41251,3.39318,4.73435
1.32858,3.13275,5.5002,2.81692,4.16721,2.37293,2.42436,3.67288,4.44725,2.2236
3.98799,3.10009,3.16256,4.05387,3.4727,4.91106,4.27838,2.96058,4.56695,3.30447
3.49866,5.30554,2.70801,3.35749,5.88704,4.20628,1.44854,2.13448,4.20117,5.66739
3.92481,3.89944,3.05726,3.87545,2.92703,4.21962,5.64633,3.81976,4.74378,2.83225
3.41967,2.80749,4.173,6.33418,4.74114,4.34931,5.2388,3.88255,4.46529,4.04527
5.81932,4.13042,2.80695,3.26453,4.50269,4.57065,3.09046,4.74111,3.19661,3.00123
4.79462,4.72973,3.06896,5.87361,4.55996,3.40473,3.50442,4.02465,3.29104,5.27075
4.5983,2.40484,3.261,1.90167,2.46727,5.11474,5.12028,3.6889,3.519,6.02216
5.16816,4.77747,4.97007,3.77164,4.22802,5.92836,5.61905,4.10507,2.14192,3.79076
4.44272,4.09028,3.58576,3.60379,3.98646,2.47981,6.45508,6.531,5.58775,3.01857
5.55938,4.33982,2.36628,4.75187,4.64438,4.15468,4.18165,2.44124,7.53236,5.32735
2.64803,4.33895,3.6249,4.45983,4.21182,4.69844,4.0962,4.23005,2.4838,3.11301
4.9883,4.32096,3.5412,3.52678,4.08877,3.97028,3.57152,6.8409,4.40774,3.27462
3.01102,3.51049,4.01328,3.82584,5.02092,5.65636,2.68038,5.53041,3.88081,4.4778
2.81058,4.57203,4.02644,3.12149,3.92472,5.36072,4.21826,5.2052,3.95835,3.01656
4.49875,5.67891,5.49661,3.87971,3.83004,4.02469,4.86853,2.3072,4.61868,4.60305
3.40129,5.67141,2.77252,2.81642,4.07379,3.70234,3.99559,3.86828,4.0595,3.31555
6.85439,1.72318,2.68046,4.17709,2.1551,5.94457,4.65165,3.18691,4.98011,5.24106
3.79654,2.35909,3.61175,4.60012,2.93283,4.62649,4.42272,4.78114,1.57096,2.86082
2.93371,3.313,0.894585,4.28522,4.29852,3.7009,4.54929,4.01343,4.81676,4.16087
3.39637,4.59984,3.41279,5.09397,4.80461,5.33071,3.25873,3.56682,3.0004,4.79278
3.03262,3.7798,3.77901,2.91174,4.36016,4.25509,3.94487,4.694,2.45534,4.33126
4.68544,4.23997,4.45466,4.86723,5.31347,5.20696,1.53635,3.37698,2.81933,3.86711
4.82974,4.82555,4.56902,3.44958,2.81871,2.83499,3.62573,3.4425,3.68746,4.33697
4.12586,5.86529,4.09688,2.44525,3.13316,3.15099,4.11278,2.90209,3.78164,5.43101
3.24001,6.75324,3.39999,4.46397,2.97343,3.22384,4.37302,4.05788,6.2019,4.87989
3.31821,4.01128,2.04209,1.61327,2.66231,2.88072,4.93229,5.68683,2.19287,6.46324
4.20147,4.71292,3.51568,5.97646,3.88722,3.694,3.52312,4.90822,3.44209,3.94154
4.0888,2.9799,2.95668,4.67945,3.91095,3.76734,4.91871,4.9712,5.84331,4.25074
2.86011,4.57228,3.37119,5.30973,4.76333,4.27105,4.22027,5.31724,4.35235,4.80002
4.2324,3.06141,3.41761,2.86429,4.05896,4.90262,3.83278,3.48933,3.24294,4.82444
4.7707,4.62827,1.96346,4.28138,3.68606,6.39781,3.50033,2.31751,5.21308,3.72233
4.21438,5.51339,2.46858,5.12601,2.56956,1.9357,4.77095,1.82732,4.00048,2.52724
4.38935,5.58285,4.71028,4.69415,2.92278,2.99623,2.44833,3.69288,3.88419,4.75335
2.81487,4.35113,4.5531,3.94883,2.50799,3.57225,4.0378,5.70671,6.23151,4.87351
3.6136,3.30899,2.83454,5.8516,3.10661,4.12149,4.60473,3.87884,3.78717,4.23028
3.49623,4.37,5.2471,3.96359,3.3448,4.95235,4.3235,3.11547,3.61634,3.74266
5.82382,4.06876,6.06406,3.11539,4.49168,4.56051,4.66768,3.46066,4.01066,3.02977
3.40303,4.16973,3.44147,3.9437,4.17396,3.63452,3.89995,4.01138,3.97487,5.14307
4.38314,3.49924,3.36355,2.43522,4.63948,5.12054,6.53959,3.42684,5.18745,4.90399
4.02248,3.10309,2.20687,3.20336,3.23518,4.5093,2.5876,2.75762,3.03401,4.19353
4.30574,5.37244,4.86259,3.65172,3.42354,4.17979,5.61487,5.96496,3.37927,1.6879
4.6827,2.16578,3.19313,5.63582,2.92614,3.70682,3.33711,2.82614,2.28218,3.21166
3.24996,4.07131,2.8096,3.80032,4.12577,4.23577,3.49425,3.93597,5.69537,4.79697
4.47946,4.52339,3.39114,3.01235,2.36663,3.58846,5.27368,4.07561,3.26935,5.05207
4.12913,3.29432,4.61799,4.73683,3.8723,5.63492,3.25265,5.68006,5.41652,4.51833
2.956,4.99652,3.97739,2.79279,4.53439,2.5093,3.08048,3.53659,3.02072,3.68551
3.83011,2.55857,2.36217,3.31089,3.74129,5.46397,4.35928,5.80763,4.72289,4.29558
4.82541,2.43801,4.3689,3.55333,4.91837,4.40958,4.32415,3.76311,2.37813,2.84003
4.55429,5.91978,3.70516,4.09388,3.60304,3.25533,5.94624,2.42787,4.11148,3.12877
2.80105,5.75832,4.96988,4.16443,6.24169,2.98379,2.92854,3.90236,3.43427,3.75256
3.55951,3.71958,2.40886,2.14627,4.87361,3.03985,5.02551,5.80285,5.22113,3.26858
3.77507,4.12205,4.11293,4.29253,3.51954,1.70399,4.32496,3.84152,2.91308,4.2957
4.20567,2.2532,2.61651,2.85441,4.46325,3.24906,3.60064,4.44009,5.45209,3.89241
2.74377,2.75621,3.57771,2.90214,1.86598,3.80655,4.28798,3.56725,1.7893,3.64003
3.86679,5.53385,3.26818,3.84907,3.21051,5.57922,3.04128,3.88486,2.93288,5.6928
4.18508,3.35584,5.85826,4.44601,3.67531,5.01215,3.64516,4.51937,4.70225,2.86528
4.85782,3.53112,2.93632,4.2957,2.92718,3.95996,3.25189,4.06405,4.54654,1.23146
4.46858,5.76048,2.67158,3.47859,1.45052,4.89825,3.21961,4.34986,2.32837,4.05395
4.78417,4.2913,3.50715,1.87333,4.57019,5.02046,3.01671,5.24988,5.52106,5.41677
5.23259,1.85939,3.39764,4.08922,4.77092,3.87791,3.02564,3.22803,4.71768,3.29909
3.10439,3.47127,4.78832,4.62253,5.95248,4.68752,3.11419,5.61018,3.73238,2.69864
6.40778,3.68637,3.92722,3.53792,2.86759,3.98532,4.41408,6.04019,5.43531,3.06701
4.60267,2.80976,4.10094,4.5035,1.18237,5.21418,3.66478,4.81712,5.62757,3.42061
3.0539,5.32163,3.8307,4.06278,3.1248,3.57806,3.53119,5.31013,3.70234,3.0672
4.52572,4.18313,3.01582,4.18336,3.73707,3.78889,4.21049,4.37529,3.55332,4.39597
3.48772,2.8466,2.75809,3.8438,3.54249,3.82328,4.66023,2.38204,5.29065,5.95291
4.40238,4.43402,3.67864,4.26278,3.73387,5.57179,3.04835,3.12159,4.04931,3.70901
3.49584,3.57001,5.22487,3.66668,3.077,4.17822,4.50535,5.53867,4.43734,2.45921
4.05106,4.87218,3.1397,5.02039,3.70988,5.54714,1.35289,4.08435,4.92027,4.2259
4.57283,4.98886,3.80275,4.38281,2.16341,5.80571,4.23722,4.35269,5.95865,4.3124
2.79109,4.65937,1.5591,4.14584,3.6297,3.81152,3.71013,3.74088,4.10942,3.74871
3.82834,3.654,4.78833,4.32841,4.9013,5.6212,3.89567,3.78274,4.54793,4.0605
3.9979,5.17132,5.46697,4.82693,4.99173,4.02027,6.0389,3.60522,4.31446,3.84591
4.72018,5.55145,4.36781,4.85315,5.23956,5.46999,3.87445,3.70441,4.03457,3.9217
3.97132,4.80716,4.38938,3.98029,4.20766,5.02173,4.14341,2.75529,3.5937,4.59718
3.29205,3.03674,4.12396,2.63373,2.98753,3.8512,4.15065,4.26569,4.12481,4.44199
3.67339,3.83384,1.90333,4.58078,3.08892,2.7718,1.95208,6.20944,3.95209,3.37573
3.71956,3.52517,5.1437,3.49084,5.12687,3.20731,4.64908,3.87013,4.53598,4.61073
2.94326,4.91755,4.29383,4.80894,2.53981,3.48474,5.04213,3.49889,5.4176,2.18341
5.92612,5.62591,3.73421,4.39743,2.59754,3.44157,3.94423,3.29463,4.73856,5.41829
4.60002,4.03699,3.10116,4.48073,4.88858,2.8007,4.3169,4.39466,3.2653,3.7397
5.12769,3.78169,4.22203,3.14094,5.23611,4.72435,2.40647,3.45489,4.12885,6.24346
5.19798,5.02032,4.45643,3.83729,3.62377,3.78226,2.69755,4.29682,2.57348,5.16345
2.53292,5.81044,2.56846,5.26114,4.79226,5.19906,5.56368,4.24822,2.47436,4.42994
4.94535,3.41224,2.5488,3.39658,4.71153,5.30922,3.34095,4.73447,2.36838,3.8558
5.04526,2.56381,2.74883,4.69049,2.62588,3.73229,3.09721,2.37914,3.60882,3.09478
4.27216,3.44254,3.07546,3.33867,4.76789,3.11086,5.63991,5.33782,4.22093,3.63404
3.50291,3.86501,5.55887,1.79057,3.10359,4.05181,4.33201,4.08555,3.06844,5.52442
2.11288,3.66202,2.67672,5.67126,3.76938,3.44216,3.52666,3.50676,5.15277,3.26758
3.8228,4.33821,7.63323,3.69195,3.76286,1.63904,3.87103,4.15299,4.21439,4.15889
4.64028,4.48924,5.00845,3.60976,4.10936,5.85334,4.56518,5.99141,4.61065,2.02214
4.13858,4.27534,3.44744,4.99012,1.28906,4.97602,4.27683,6.05018,4.88028,3.99931
3.59604,4.20492,1.42691,4.22428,3.87146,4.24162,4.36411,4.18772,3.22794,4.22756
6.05852,1.95502,6.00374,4.86975,3.31812,2.34259,5.42761,2.66468,3.2888,2.01362
3.47663,3.03684,4.63055,5.92583,5.05713,1.93077,4.21039,3.95712,2.72178,3.02833
3.70052,3.93221,3.29789,2.80899,3.71992,3.53333,4.45612,2.53171,3.52858,1.59877
5.10448,4.7076,3.38018,3.27183,2.79549,1.70925,4.65694,3.65497,3.60036,4.24439
4.46789,3.03186,4.88367,4.28673,4.75733,2.12029,4.3751,3.34564,4.30607,3.53519
3.2881,4.0283,3.80611,4.19777,3.3192,4.04359,4.7854,2.03434,4.38545,2.02959
4.19729,3.73365,4.3266,3.24244,4.50278,4.38668,2.31249,3.41627,2.44044,3.74407
3.88972,3.00614,4.09356,3.20871,4.3574,2.89142,3.07853,2.3508,1.17222,3.89914
2.93349,5.00162,3.12989,3.02115,3.91608,3.15111,3.56288,3.60684,4.046,3.33408
2.31084,3.19412,5.37144,3.86739,3.44093,5.12211,4.64144,5.45057,5.30958,3.96723
4.18018,4.16338,2.09734,4.24868,4.86072,4.70625,5.52809,3.49139,2.28086,5.62402
5.23083,3.97065,5.78851,1.90365,4.31697,4.05368,4.05957,4.40151,3.14659,4.58691
4.0521,2.26249,4.27587,3.62051,4.67878,4.57524,4.93993,4.83349,3.09904,3.1009
4.6891,4.57586,3.98727,4.66944,3.76948,2.91663,3.85353,3.88721,3.66875,3.6032
4.71381,4.30684,5.10446,3.91532,5.00665,2.8588,5.48861,4.05979,4.2111,2.23511
3.35215,5.15332,4.9582,3.23392,5.05267,4.03615,3.63302,3.64375,1.78487,3.87431
2.91234,5.08204,3.6611,4.75237,5.07543,3.03989,5.67177,3.85734,5.35431,3.07043
4.20542,4.46883,3.53727,4.42249,2.91442,6.20846,4.93979,3.8079,5.82405,2.74433
3.8441,4.45706,4.43208,5.31412,4.80481,4.04231,5.2374,3.55947,4.49865,3.89441
5.12328,3.32461,4.12288,3.79134,5.46343,2.32656,4.45273,3.51503,3.98712,1.64829
3.99581,3.80716,4.26061,3.75135,4.20701,4.66997,1.64243,3.25676,3.19666,2.98901
3.23256,4.89941,4.78291,3.01571,3.83839,2.21787,4.97066,4.85528,2.2379,3.8483
3.04069,1.27572,3.21028,3.95543,4.92696,4.41549,3.7567,4.23787,4.65942,3.15484
4.45443,6.06573,4.39094,3.32049,3.31082,3.88754,4.47013,3.51384,4.54134,3.97329
3.00789,4.89604,3.57587,4.71626,3.41588,4.25177,3.3777,4.9775,4.8989,3.91135
3.55671,4.98785,5.14348,4.45148,3.15816,4.67463,4.18996,3.70786,2.85707,3.10563
3.43919,3.87199,3.22961,2.9213,3.62371,4.19843,4.23216,3.01031,3.31277,4.95526
4.69439,1.73284,4.53996,4.03301,3.42104,4.27513,3.43973,3.74687,6.22265,2.09771
4.23141,4.48285,3.4318,3.62617,4.36915,2.75311,3.63867,2.64164,1.82444,2.95824
3.17823,3.10137,4.26431,4.27069,4.20781,4.07821,4.81309,3.73339,2.29617,3.59218
5.0333,3.08254,2.28139,3.48249,5.10477,4.82408,4.04204,5.05407,3.64606,5.53651
4.35719,2.87551,4.83828,4.72231,3.82174,4.20199,4.33435,4.57106,2.41928,4.01829
3.3298,0.967293,3.04133,4.95218,2.36079,3.38893,5.46567,4.49277,2.02339,3.81476
4.32773,2.77305,4.4162,3.4111,4.31087,4.88463,5.6275,4.86245,0.981091,5.44823
2.87184,4.08877,4.48877,4.05628,5.27062,3.21672,3.95373,5.00846,4.6742,3.7165
4.28476,2.05295,3.50849,2.66534,4.13683,4.85771,3.29855,4.16092,3.43343,2.61639
2.87263,5.00113,3.63176,5.48188,4.94711,3.97795,5.8429,4.07899,4.82028,4.82406
3.78528,4.47833,3.01616,6.24926,4.61951,3.84133,2.81878,2.0156,3.71322,5.71657
3.98163,3.87906,5.34414,4.0702,2.68745,4.44083,3.39107,5.13858,3.62201,3.71213
5.50337,5.02245,2.95754,4.93927,3.39506,5.34571,3.20077,4.5811,3.69789,3.10488
5.19798,3.05843,4.14435,3.44083,6.34487,4.13874,4.05107,3.22561,4.46522,2.70833
2.84364,4.20826,4.4777,3.85528,4.70791,5.59842,4.5093,4.33654,2.5052,4.12532
4.28786,3.83356,5.21277,3.84288,3.47873,3.98372,3.07713,2.47798,4.38633,4.16222
4.23145,2.1231,4.58038,4.57211,3.31059,4.95896,4.88865,3.04965,4.6901,4.60357
5.52005,4.80987,5.21101,4.01061,4.50245,3.21976,3.86285,1.96912,5.91254,6.63034
3.23161,4.09057,3.8433,4.48452,4.49818,4.68444,2.75584,5.52142,2.11335,3.40106
4.55105,3.94081,3.5586,3.37457,4.30786,3.12298,4.46351,3.68198,4.28878,5.718
5.10475,3.20099,4.3991,3.67447,2.89566,4.03533,2.75806,3.6818,3.1757,3.24624
3.77755,3.19513,4.34712,3.22527,4.88607,2.49058,3.3853,4.67426,2.20779,2.76516
3.39028,5.30737,3.62392,4.27731,4.65641,3.12626,4.22772,4.24169,5.48315,3.66158
3.49782,3.9291,5.38843,4.82205,3.96922,3.87036,5.26088,3.36524,5.45593,3.3231
3.38618,4.32329,4.301,2.88065,4.941,4.68615,3.81864,3.99105,4.4578,3.61863
4.39666,4.44668,3.22007,3.02019,3.01829,4.41497,4.2235,4.20369,5.20057,3.27675
3.68274,5.66513,4.27883,4.58636,2.9162,4.1188,2.91233,2.08778,4.5836,2.87424
4.86495,3.76174,4.33533,5.11673,3.80358,3.75511,4.44355,6.89223,4.65487,4.55636
4.21498,3.54036,4.54483,3.05839,2.42612,4.01511,4.45063,3.07805,1.41752,1.77717
4.81193,3.54427,3.38964,4.9773,4.49656,5.05902,6.11313,5.47292,4.27614,3.46394
5.35401,3.69516,3.85664,2.97113,1.41628,6.03933,4.28978,5.39058,3.62347,1.70659
2.92125,5.53743,6.37068,4.56708,3.90973,5.83368,4.5345,3.78823,2.67919,5.9136
5.4516,4.65306,4.45323,4.20717,4.80123,4.71542,2.22939,4.45694,4.04408,5.5072
3.01782,4.46145,4.4824,2.76153,3.51188,5.26229,3.87926,4.06977,5.33797,4.18697
4.62479,3.1621,4.52661,4.27922,4.07366,3.59725,4.36701,3.21892,5.91009,3.94356
5.45966,1.61703,4.74414,4.24224,3.18683,3.03132,4.6115,2.12024,2.65722,3.61431
4.25483,5.4691,4.27232,5.53914,5.56456,3.59846,5.59284,4.66987,4.75832,4.68738
5.02161,2.31421,5.0966,4.42666,3.5915,5.59236,3.89228,5.00431,4.33177,4.22502
4.23809,3.69175,4.75272,4.1382,3.74211,4.96922,5.03854,4.99008,2.96388,3.50904
3.74574,4.62554,4.77119,5.21846,3.18198,3.19784,4.84068,2.88105,4.72933,5.18517
4.00791,4.03445,4.15695,4.22789,3.98282,4.57368,4.02082,2.73919,5.09948,3.60938
5.30134,4.0389,3.89176,3.27741,4.06283,3.76583,3.46089,3.51102,4.02288,1.92968
6.3322,3.55777,4.62662,4.01003,2.4492,3.29977,5.22073,2.95991,4.84918,2.37892
6.83126,3.97241,4.69885,3.80176,5.05091,4.41988,2.86678,3.2687,3.90603,3.30057
3.40664,3.44999,5.38272,4.33095,4.59195,3.90371,4.76209,6.11388,4.35177,1.17049
3.37878,3.94453,3.07241,4.37702,2.81316,2.71773,4.63811,4.70053,4.32889,3.66282
3.00972,3.99193,6.0464,5.52473,3.70814,2.45527,2.64692,4.3582,3.26636,4.00849
2.95563,4.69659,4.90727,4.44625,4.08407,4.89146,4.20373,5.55139,1.9292,2.90096
4.78756,3.30827,5.37589,5.76665,3.84409,4.19057,3.79303,4.56846,2.95733,5.06093
4.90584,3.56804,5.18723,3.13998,4.5457,4.06418,3.46288,4.02102,4.4298,4.73126
3.55694,4.08546,4.66985,3.95163,3.71181,4.61006,4.66379,3.23996,2.6953,6.5894
5.13051,3.31398,3.94271,5.43834,4.66361,5.28248,3.97106,3.10853,3.16848,3.02105
3.55473,3.77761,5.32327,6.84264,2.66389,1.95497,4.36955,4.24678,6.96596,2.8711
3.19537,4.29117,4.4397,2.39487,5.47223,3.62604,3.66018,5.31491,4.98326,3.6344
5.2583,4.29683,4.4155,4.08778,4.84014,5.00282,4.57622,4.98929,4.22517,4.26515
2.83337,2.85195,4.19809,4.12304,4.89009,5.27657,2.13348,3.32612,6.43203,4.27988
4.59997,3.8751,3.6792,4.83329,4.03411,3.88256,3.36297,3.78959,3.11848,1.8939
2.57206,3.33688,4.96696,4.7587,2.92688,5.2043,5.18334,3.65473,2.87609,3.49888
4.47511,4.27268,4.21567,3.88995,3.85668,4.55189,3.4384,3.73975,5.35934,2.58326
3.28255,5.36188,3.79464,5.1183,3.64043,4.78596,4.37566,2.7775,3.22343,3.73492
2.86106,3.24493,3.41302,3.95984,4.25908,4.49218,2.64149,4.81387,5.18793,3.34857
4.61038,2.92026,3.63372,5.405,3.47983,3.31142,4.86537,2.84613,3.3088,2.79146
3.47996,4.7379,6.18651,4.80062,2.23982,4.56937,4.66714,3.26457,4.20947,3.18546
3.38381,1.66321,4.07813,5.01028,4.83326,4.30785,3.87798,4.30231,4.79714,4.04822
3.36025,5.71755,3.70409,5.40876,3.57375,3.93981,6.11812,3.64549,2.5533,2.57557
4.65584,3.48288,5.30311,2.92305,2.4296,4.40105,3.95014,3.66393,4.99125,2.64525
4.03879,3.56518,3.62903,2.55418,3.91141,3.91703,2.08459,5.02195,4.56349,4.00133
3.95869,4.6332,3.97957,3.92741,4.03587,3.45155,4.68565,2.85967,4.19186,4.20119
4.61057,0.75533,3.0734,2.44132,4.80859,3.78459,3.33765,4.47376,4.13477,4.32893
3.3059,4.98771,5.54809,5.50807,4.788,2.60502,2.46494,4.46544,4.62211,4.73933
6.48811,4.23887,5.54673,1.87823,4.7849,3.1211,2.60267,4.08487,3.24181,4.69755
3.67136,4.16604,2.23726,3.48798,2.49286,4.84664,3.50329,5.50414,4.81756,3.48993
3.61542,3.53717,5.30624,2.48631,5.15254,2.45314,4.22936,4.05696,5.70649,3.36947
2.5256,3.43974,5.05807,5.32874,3.81493,5.04627,4.02732,3.33649,4.48348,4.10822
3.85016,3.50548,6.08112,3.71314,4.69042,4.8953,6.55433,3.71305,3.86007,4.21316
5.35622,3.84855,3.02978,3.61397,4.46927,3.47262,5.96611,3.66119,4.07886,3.29588
4.80788,4.21925,3.68346,6.19438,5.63888,4.31922,3.88803,3.57466,4.32284,3.71638
3.88041,3.62796,4.18839,3.65571,5.06862,2.77416,2.03462,4.18224,2.86459,3.23133
3.13171,5.2146,2.14956,3.38172,3.07772,5.07512,2.85413,3.60404,4.11181,4.68118
4.73273,2.79727,2.45829,3.85043,4.02997,3.41456,4.29077,3.59381,3.52315,3.80389
5.06503,5.28265,5.05761,3.52183,4.27476,4.12265,3.39161,4.89087,2.23819,5.06285
1.62911,4.57215,4.46912,2.64562,3.28219,2.59413,2.92815,3.27582,5.43118,4.91365
4.22518,6.06422,5.99555,3.21924,2.74466,3.48106,4.81348,3.45652,3.52514,4.01411
5.42806,2.15521,4.34761,4.12924,4.47029,4.27121,3.01242,3.94834,2.94024,5.00361
5.76977,5.09401,5.7235,3.83608,3.50247,3.03987,4.14863,4.3509,4.06244,2.11176
3.263,3.59626,3.89923,6.36539,2.88767,1.8717,4.52092,2.80747,2.2857,2.48983
3.72164,4.58422,2.77145,1.9817,5.94077,2.04303,2.97481,3.98167,3.71028,4.34338
3.54141,2.27316,2.83104,2.86174,4.5835,3.41967,3.65789,3.90802,3.80864,6.84191
5.21315,4.47876,2.67117,2.88222,2.3844,4.19419,4.24577,4.80031,1.73581,4.66258
3.29914,4.58074,4.52372,3.97453,3.33518,2.69839,3.90476,3.98912,5.07113,3.45967
4.36237,4.7755,3.8797,3.83412,4.13969,5.42431,4.17396,4.81667,4.23545,3.89384
3.29786,3.94632,3.56157,1.87417,2.74586,3.86746,4.64908,1.84791,3.96891,4.78144
3.63554,3.58457,4.48528,5.10793,4.06556,4.36523,2.99806,3.7729,5.83428,5.39097
3.57104,3.66779,3.71028,4.91401,3.68469,4.0098,5.40518,3.24524,5.5162,6.45968
3.71435,2.9659,4.29247,2.79037,4.01518,2.39489,2.14845,3.80369,2.86632,5.79206
3.19266,5.07568,2.9889,4.81753,4.46295,3.71464,2.66847,3.3236,3.93993,5.6511
4.58069,4.48244,5.02367,3.47294,4.93851,5.52894,4.61109,3.34887,4.89017,4.54141
3.93619,3.98979,3.59105,2.12569,2.22638,3.69331,4.46252,3.41369,4.51744,3.8159
3.24617,2.90246,3.41285,5.28617,5.11673,3.28127,3.99229,3.93895,4.52332,3.66036
3.79396,3.69934,5.81375,3.15475,4.25176,3.92347,2.44376,2.67346,4.2019,3.8397
2.35803,4.50429,4.07416,3.83242,3.89205,3.59953,5.37378,3.84322,3.92288,3.67692
4.81504,2.94945,2.19461,4.51673,2.9906,3.99999,3.7051,4.12344,3.05149,5.14128
3.33412,2.97815,2.57099,4.70473,4.60351,4.0065,4.18024,1.58897,4.21715,5.3186
4.42669,3.39879,3.78648,4.44274,3.63797,3.47765,3.81443,5.77726,3.94354,5.59133
2.84447,4.0521,3.94845,3.3746,6.29765,5.88448,5.46809,2.58985,3.94826,4.22552
3.33686,5.45141,3.42005,2.78831,2.04594,2.55583,6.16041,5.2375,4.74294,2.16608
3.31521,3.45677,5.75847,4.57989,2.82089,3.43215,3.30019,3.80866,5.6899,3.55319
1.59076,3.5525,5.37794,4.0241,3.21146,3.31401,5.82007,2.77773,3.73842,4.57012
5.08005,3.85222,3.48381,2.2807,4.76525,4.47307,4.24524,4.87281,4.08351,0.769249
1.59197,4.10782,3.20951,4.98097,3.29008,4.76015,4.5413,1.22584,4.92522,2.88947
3.83683,5.29255,5.79258,3.15977,6.18987,5.70397,3.76018,4.28188,3.50899,3.84352
3.53126,4.31934,4.39503,3.79218,4.15803,3.55753,4.27016,4.53489,2.62861,3.11169
4.6773,3.1811,3.89967,3.96097,5.39142,3.14902,4.24763,2.86997,4.20797,3.18776
3.61845,5.6215,2.47883,3.64682,3.89121,5.09941,2.92956,4.77606,4.51555,4.8665
3.63471,4.52618,4.94633,3.74716,3.57462,4.60252,4.95377,6.02032,2.16953,4.91253
4.39335,4.36962,2.46732,5.50764,5.33211,3.15425,4.09092,3.24149,4.63942,3.67259
5.23777,4.5782,5.28547,4.51978,3.96384,2.90685,3.89338,4.95076,5.1501,3.50816
4.93545,4.50601,5.322,3.90878,2.87823,4.16913,4.39171,2.84741,4.23885,2.49869
5.02938,3.06282,3.42109,3.34622,4.3703,4.59899,4.11453,3.59491,4.74355,2.8985
3.51858,3.68403,4.09495,4.04831,3.21578,3.32731,4.71666,3.97085,4.51954,4.47542
3.85906,2.5529,5.72941,3.44263,4.35125,3.50124,3.23358,4.92791,2.65623,4.26134
2.22151,3.57521,3.45688,5.15318,4.10588,4.9491,5.52922,3.20243,3.87183,4.49796
2.61429,3.5622,2.94134,5.44211,4.14726,5.9831,3.88915,5.34444,5.00026,3.15309
5.18804,4.76495,4.39625,5.48283,4.31129,4.37131,4.79978,3.59286,4.03849,3.54881
2.2936,2.5906,4.7329,2.41946,4.55703,5.67538,1.87491,3.13009,4.75487,3.68464
4.03009,3.22785,6.18971,5.28616,5.49964,4.80172,4.18891,5.28396,3.91298,2.06743
3.20793,4.65993,4.56698,3.40443,2.68964,2.86816,4.60147,3.64595,5.21015,4.07491
3.63505,4.27818,3.88655,4.00206,3.22434,4.30423,4.98867,2.26353,5.61315,4.16192
3.91532,3.30042,3.21208,5.60667,6.08694,2.22794,3.31527,4.19573,4.16174,4.91049
3.23043,6.05692,3.72959,5.3567,5.94945,4.2902,4.05487,3.59765,3.71736,5.27988
2.6181,1.69019,4.3458,1.3208,3.79622,5.26895,2.32366,5.90067,3.81698,4.48408
3.76023,3.91808,4.36293,2.43343,3.00953,4.65668,2.45433,3.21565,3.66199,5.76118
3.64481,4.3683,4.49938,4.37249,5.28609,4.97118,4.5939,3.15059,2.76196,4.50958
2.57961,4.49137,5.05643,4.32369,2.93978,5.00653,4.72488,3.31452,3.08514,4.72863
4.32179,3.80429,2.94702,3.65675,3.14624,4.04256,4.54958,2.42289,4.47622,2.03939
4.80751,5.27833,4.79581,5.12576,4.34871,1.34697,3.56473,5.99189,3.70923,4.40431
3.13372,4.19566,3.97849,4.66421,2.63423,2.81252,3.73472,2.94066,5.38057,2.87333
1.94753,5.39631,5.20772,3.47924,3.05645,3.52981,5.50562,3.77481,4.26741,3.22821
3.66246,4.39171,5.43921,3.65229,2.12129,3.02768,4.49703,3.45775,4.42116,4.75225
3.31864,3.81684,1.75277,5.47035,4.16331,4.85978,3.41555,4.0919,3.76774,4.29653
2.86141,2.80947,6.39692,3.62005,3.36322,2.02401,4.69321,4.1654,2.81534,2.31278
3.88599,4.80457,3.93345,5.88613,6.5345,3.71713,1.88574,4.19854,3.08333,6.26388
3.95411,2.93789,4.53036,3.86995,2.65288,4.08569,5.11365,4.85381,3.21256,3.79115
6.40178,4.40569,6.95353,2.65062,3.57845,3.22202,4.67213,4.02935,3.65533,4.5623
4.1105,4.33908,3.46571,4.0587,4.3358,5.44351,4.69119,3.59054,4.70869,2.67381
4.19353,3.5237,3.99658,4.64364,3.37623,4.42615,3.82177,4.02849,2.45067,4.53437
2.08998,3.15728,3.0773,4.3653,4.89835,5.19992,5.95219,4.37698,3.53127,3.61936
2.81572,5.07418,4.56882,3.68461,1.42191,3.12021,1.78526,3.08377,5.80986,2.54209
2.94438,5.28917,3.68685,2.75733,3.92727,3.67746,5.1214,3.96197,4.54746,4.48915
4.41909,3.14309,2.72691,5.52379,4.48771,3.77287,3.37089,2.0953,5.48169,3.64429
4.45747,4.28094,4.08014,5.49251,3.31335,2.92997,3.87403,3.0688,3.61517,4.26026
4.0971,3.95524,3.48713,5.67529,3.27828,4.65135,3.93041,2.28924,4.86263,3.70702
4.09226,3.67993,2.27476,3.84428,4.19178,1.89611,4.4544,2.45987,2.72986,4.1291
5.61632,4.91827,2.67863,1.49559,2.25638,5.0307,5.64268,2.90519,2.95656,4.21912
3.33889,5.49245,4.33269,4.31947,2.90415,4.49449,4.67646,4.07485,4.94777,4.39085
4.679,5.86405,3.82643,3.42666,3.92856,4.57245,4.88182,4.46151,3.90959,4.24583
3.2236,5.33373,5.45393,4.2938,3.90199,4.35053,3.4457,2.7866,4.34069,4.01072
5.8495,3.5855,3.97997,6.44292,4.3522,5.30623,3.49001,4.15272,3.68917,4.43861
3.46354,3.86437,3.77887,4.13056,3.90265,4.68952,2.89192,4.30115,3.13224,4.87068
1.98691,3.67161,5.035,3.45813,4.50466,4.90023,5.18979,2.85085,3.75343,2.86772
5.08097,5.00098,2.59014,3.7006,3.39595,4.85782,4.74286,3.21151,3.86907,4.54484
3.5956,5.11901,3.70887,4.28882,4.28358,4.3902,3.68635,3.78758,2.46968,3.90199
4.13498,2.77135,4.55218,5.01291,2.68226,4.17389,4.02127,2.79251,3.88165,6.04009
3.31038,4.42936,4.414,2.09029,2.3646,4.95437,4.64894,3.31778,6.29477,5.55248
3.10382,4.10283,4.02417,3.93366,4.10016,4.43793,4.08563,4.5656,3.09669,3.3239
3.36209,3.4546,3.97658,3.62206,4.40754,4.07478,3.31508,2.9934,4.93811,4.89222
3.54481,5.31127,5.00293,5.15049,4.2026,4.79339,3.3594,4.5766,4.77302,2.69002
4.1716,4.15547,3.46613,3.81086,3.08066,4.88534,5.96013,3.81532,5.64962,4.60481
3.36871,3.46478,4.86962,3.1462,2.50968,3.70139,5.01768,4.26761,4.04367,3.46617
4.85633,4.39648,2.71197,3.0691,5.07066,3.57383,2.84578,5.92454,4.45925,3.61131
3.33553,3.30046,5.75215,3.54611,4.60902,4.16689,3.73229,3.94483,4.14148,3.80647
2.84858,3.0467,3.71016,4.77677,5.69377,4.18535,2.23636,4.45212,5.1469,4.43843
3.97421,4.34032,5.375,2.07917,3.89774,6.1363,2.34981,3.19726,3.85245,3.81458
3.01902,4.72426,4.28638,3.12597,4.97068,5.01653,4.26045,5.62727,5.4232,4.53637
4.60939,4.04955,3.66461,4.40822,3.16705,5.31107,3.11003,2.83879,2.50261,4.48753
2.8466,5.11999,3.22353,3.72633,4.13491,2.19361,4.82599,4.79083,4.39402,2.76819
3.76022,3.42536,2.19648,6.1277,4.70295,5.10254,6.68142,3.21844,3.02368,3.88831
4.57077,3.98532,3.64187,2.04011,3.67253,3.94847,5.53857,5.18811,4.20909,5.81481
5.8827,3.88941,3.01262,2.52149,5.40352,5.91549,5.47501,3.03402,3.56621,1.44442
4.87225,4.02422,4.84429,3.33398,4.00845,5.3785,3.87897,4.09101,4.53248,4.11181
3.58915,4.11086,3.70052,3.50383,5.00654,3.41016,3.8799,4.79779,3.3731,4.18156
3.88405,2.63104,3.40648,6.71024,3.82295,4.13887,5.92152,2.4289,6.54973,2.86773
3.54474,5.41281,3.32167,3.13429,4.81943,4.80839,4.43121,3.43412,3.52119,2.14085
4.11975,4.28371,5.36619,2.94208,3.48432,4.09649,5.09484,4.15123,3.78814,3.805
3.47946,5.12104,4.6238,4.02491,2.50665,3.10669,3.75384,3.43299,3.74638,4.35967
3.23076,4.50247,4.38649,5.14337,3.82459,4.48138,2.69739,3.84356,4.56361,4.29233
4.53844,2.24934,5.00794,3.3173,3.26667,3.31276,4.11034,5.10028,3.50694,3.68355
5.43011,3.04138,3.8591,2.10985,4.73826,3.80116,2.77399,3.46752,5.55553,3.82559
3.59664,5.04863,2.40187,3.75234,2.52116,2.02516,3.77562,3.54515,4.2423,5.13263
5.20411,4.67803,4.27091,3.34133,3.77723,3.93422,3.93429,4.70099,3.66211,3.38409
3.30077,4.97433,3.7791,4.02441,5.43402,3.73211,3.68063,3.4449,4.38952,1.86851
4.34608,3.06507,5.2121,3.28189,4.33788,4.92556,3.35752,5.88701,4.17063,4.48123
5.19734,2.94345,5.05071,4.08416,4.94095,4.73291,4.34295,4.75006,3.27308,3.2851
4.02693,3.40718,2.35308,3.25005,3.42978,3.9293,3.85178,5.01722,4.32294,3.82643
3.62498,5.94497,1.63843,3.09688,5.92311,4.4259,2.88455,5.23725,1.61264,5.71594
3.47438,3.76533,2.9521,5.54356,4.75171,3.81767,5.75104,5.80581,3.80822,4.84973
4.51739,4.92523,5.04375,4.11645,3.37711,2.36461,6.18794,5.73819,2.77709,4.89251
4.17113,3.25018,3.88995,3.58085,4.17827,2.25931,4.56079,2.08469,2.81049,6.2981
2.12759,3.66154,5.07927,3.99293,5.38507,3.0047,5.2782,2.94544,2.66654,3.62279
5.30703,2.88608,3.47397,3.64805,5.05973,4.30346,5.59117,3.52166,4.50722,2.32046
3.61635,3.90907,3.61528,4.42009,2.21361,4.03407,3.35736,5.33393,3.50411,3.85054
5.41568,4.62264,5.2867,3.7826,2.40397,3.65875,2.64469,2.06685,4.73013,4.93164
5.81309,4.74094,2.27059,3.95799,4.09043,4.37663,3.40851,2.71694,4.58401,4.51758
3.40476,3.66244,3.86558,5.06505,3.28749,4.2166,2.24819,4.51918,3.06433,2.54841
4.75373,5.23515,4.77423,3.06254,3.04335,4.44642,4.50165,4.73792,4.54274,4.89053
3.97769,2.74048,3.51061,2.55811,2.89123,3.63497,5.24216,4.23586,3.83645,5.1506
4.80733,2.62348,3.25752,4.8598,3.04696,4.45266,5.43357,4.50489,4.25154,4.23874
3.32563,4.01169,3.94804,3.29498,4.11015,4.26294,3.29086,4.39688,3.49471,3.16505
4.63747,4.6698,4.54518,4.92846,4.95761,4.52346,4.9834,2.51418,4.88851,2.35259
3.9984,4.41187,1.98153,1.05298,5.05784,3.26929,5.32305,2.59717,4.65396,4.01263
3.50506,4.5918,5.83905,2.30476,3.52644,3.69237,3.63745,5.14709,2.99373,3.7112
3.80806,3.01154,3.36261,3.49728,3.96295,3.20431,4.74846,5.62899,2.31275,4.83496
3.20572,3.39109,6.16518,4.80635,3.82378,5.27032,3.90494,3.35951,2.88105,4.6212
3.88929,5.99788,3.99762,4.31484,2.29433,3.06214,5.23198,5.773,4.74419,2.11633
3.64275,2.63118,2.26543,4.1894,5.17977,3.1072,5.17436,3.93836,4.13002,5.54271
4.98752,4.66766,5.05345,5.02291,4.01947,2.88467,6.51045,5.27249,4.26699,2.97042
5.02991,2.60955,3.5117,4.48448,4.97589,3.3162,5.16273,2.94927,3.47352,3.91815
4.46935,2.72142,6.24174,3.91092,3.40061,3.77494,2.04495,5.61309,1.86121,3.68765
3.86773,5.43098,3.82474,3.31766,3.90483,2.48842,3.21304,5.01273,5.30558,4.53563
3.78075,3.60161,4.64493,5.29885,3.75928,5.04191,2.92192,5.45513,4.6167,2.92139
4.50634,2.13482,5.62506,3.16695,3.73989,2.31637,3.81788,4.58778,3.25774,3.42145
3.06868,2.56113,5.32165,4.93005,4.69432,5.43301,3.38727,3.9396,4.14854,2.46809
3.00582,5.90964,3.47558,2.61861,3.87881,2.04549,1.8442,3.78915,3.21608,4.46691
6.24326,5.06436,3.13324,3.70348,3.78794,3.60758,5.3582,4.27033,4.80012,5.27439
2.79576,4.01671,4.41202,1.22941,2.88679,4.76217,5.74995,2.04677,2.62511,5.36331
3.98057,3.30503,3.3174,3.16509,4.95804,3.30581,6.65094,3.50872,2.77734,3.60074
2.13939,3.43087,3.82425,4.76472,4.38332,3.35979,2.30333,5.23445,2.80552,4.45723
2.93877,3.96167,4.09637,3.09672,4.10237,4.4324,3.81082,3.72661,4.09362,4.59029
6.40029,3.68678,6.01849,4.9135,3.52398,4.4278,4.01751,2.15775,3.29245,4.57722
2.88595,2.72945,4.25725,3.68578,3.88939,3.14722,2.975,0.430732,4.93754,3.27255
3.57788,4.46683,4.23143,3.45056,2.82582,5.29993,3.84108,4.68707,4.68384,4.03127
4.30001,4.71549,3.84495,3.23088,4.43014,1.81101,3.93368,3.9577,3.27782,4.48129
4.80376,4.42394,4.25254,4.95466,4.16263,3.30436,2.71265,4.51681,3.74562,3.47629
4.31064,4.49189,4.95264,4.05599,5.14815,4.10318,3.079,2.54198,5.22693,3.21599
6.33844,4.69006,4.97019,4.80703,3.71182,4.12115,4.86311,4.88144,5.26512,5.11118
5.7906,4.32955,3.47136,3.8368,4.07698,3.63782,3.65121,4.93313,5.11798,3.23441
3.18826,5.54143,3.97094,3.79022,3.62497,5.3123,1.82175,3.53039,4.51869,2.81583
4.32239,5.00634,2.80344,3.27271,5.43803,4.24523,2.46795,4.85506,2.56268,3.32921
2.81316,2.59262,6.02726,4.37078,4.29945,2.98605,3.00606,2.47071,2.69525,4.52306
4.61677,5.56374,3.63873,5.0991,3.93016,5.70706,2.31832,2.12781,5.0851,4.57491
4.74812,2.0116,3.45422,2.6105,4.58025,2.95286,6.86582,3.04362,3.53005,4.28273
0.718068,2.54998,2.23325,3.76004,4.06476,2.70234,3.92103,5.17125,3.73283,4.79771
2.91517,5.20111,4.76772,3.94203,4.42936,2.8291,2.65625,3.96985,4.35256,3.07075
5.99086,2.63599,3.5066,3.84488,3.85109,5.4228,5.27229,2.37539,3.74163,3.04241
4.67108,3.27528,3.43627,5.68263,3.82989,4.09133,3.19738,3.69379,3.81928,3.37612
3.46804,3.32379,3.39321,3.68652,5.03523,3.87059,4.76813,4.00276,4.23995,5.31996
3.16223,5.40864,4.28535,3.62696,4.25083,4.55494,4.12732,3.77176,3.2052,5.35262
2.90711,5.00196,4.16364,3.00525,4.46611,3.15352,4.5245,4.46191,3.55582,4.21994
4.31576,4.27047,2.05484,5.10805,4.25668,2.94177,3.63076,4.68024,2.76276,5.5374
5.55674,4.73803,4.24874,3.07504,3.63288,3.82247,3.44416,4.16565,2.73093,4.17512
4.18843,3.98313,3.8133,4.36061,3.36536,2.96851,4.50703,5.61299,5.32602,5.18476
3.25169,2.61396,3.37487,4.96009,4.28576,3.20839,3.87381,3.51286,4.9975,3.95547
4.2165,4.31671,3.67006,4.15475,3.66926,3.40266,4.27497,2.96316,4.23897,2.9245
4.48838,3.05285,5.01693,5.08877,3.46726,5.55212,3.78213,2.58506,4.54019,4.77197
4.5444,3.48966,5.6567,2.86544,3.38314,3.43736,4.47496,3.65182,2.22926,5.1571
3.40429,4.00318,2.75772,3.59931,3.92021,5.309,3.42887,2.80854,3.32243,3.81642
5.68921,4.54276,2.16494,3.74613,3.34331,5.79347,2.53026,4.07594,4.27229,3.81646
4.26146,3.92511,2.12948,4.1734,2.39459,4.58717,2.90646,4.29067,4.46492,4.33105
3.66288,3.89322,3.94614,3.20809,5.53876,2.24988,4.92597,5.31833,1.10281,4.95884
6.51584,4.85568,3.51986,4.62035,5.60347,2.54769,3.85455,4.56528,5.02227,3.31441
5.2117,3.21072,3.9777,5.29495,5.69898,4.58743,5.81459,5.848,4.03795,3.86015
2.45569,3.56979,3.1026,3.10428,3.86315,2.57537,3.11009,3.48263,4.26101,5.11016
3.55522,4.98941,3.80412,3.43561,4.77431,3.70664,4.29757,1.05991,4.72777,4.34272
2.88581,4.43707,3.76354,4.84685,4.44737,3.515,4.61024,3.38869,4.51345,4.0991
3.54314,5.39374,2.21464,4.66062,2.89622,3.56893,5.82496,3.00309,2.70542,6.85404
4.49571,2.53708,4.33396,4.59694,4.72884,3.46459,3.02054,4.73865,3.59668,3.11333
2.04226,4.24985,4.55362,3.96664,4.40978,3.49645,2.27187,4.49432,4.2857,3.45784
3.37353,3.75389,2.27815,1.80287,5.02948,4.00015,5.26537,5.86963,2.7877,4.64503
4.74763,2.89307,4.29243,4.40907,2.40301,6.88662,5.00091,4.06185,4.2576,4.21058
3.75303,2.78667,3.56438,4.13455,2.88412,2.72413,3.54602,2.84338,3.3394,4.14576
5.82752,4.34518,3.74299,4.90998,4.84608,4.46615,3.5033,3.76378,3.06204,1.75673
3.64829,3.19286,1.4088,2.9598,4.30926,2.50762,4.01534,3.35411,2.64289,5.16818
4.09342,4.12215,0.931564,3.87262,2.83445,3.42386,4.2601,4.44123,4.46776,3.30601
3.99379,2.75914,3.39944,3.13817,3.78504,4.70467,1.98792,4.79105,5.69295,5.43846
2.25027,2.58088,3.48127,4.82289,3.93377,3.76459,3.70259,4.51436,4.71973,2.24109
4.19545,3.13082,3.92126,2.085,6.42697,3.34682,3.62723,3.08197,2.3556,5.20269
4.7305,4.56063,4.66348,5.01871,5.01221,3.3497,3.47702,4.45968,3.30091,3.52632
3.79775,4.57925,5.08425,2.50193,2.73657,3.2122,2.13166,4.14807,4.97918,3.47
3.5461,2.60343,3.71872,2.76175,6.39948,3.17319,5.28796,3.38014,4.57382,3.40638
3.12255,3.09917,5.49383,4.92623,3.46379,2.76565,3.94579,4.09596,6.27323,3.65041
5.05492,3.1999,2.06734,3.86169,2.07743,4.03813,3.60474,4.61514,3.52266,3.30547
4.05233,3.26724,3.43564,3.95987,2.64315,2.67529,3.04917,2.90105,4.14724,3.19339
4.54443,3.35597,5.59807,2.20535,3.05115,3.76075,3.46966,2.83144,3.82732,4.86203
3.66778,3.00668,3.88573,4.29768,3.13245,5.29613,4.31673,2.83139,4.85632,5.31381
2.83521,4.10707,3.63243,4.95712,4.32728,4.04611,2.64943,4.77787,3.88114,4.52939
5.98072,4.58929,6.53076,5.18947,2.66978,3.42895,3.56705,4.83704,3.49381,3.77943
4.90997,4.88165,4.77237,3.7197,2.91559,3.8467,4.40927,4.93186,3.26115,3.18565
4.10246,4.27172,2.86307,4.94403,4.02193,5.78268,4.29481,2.58377,4.49728,4.45598
4.12465,4.93501,5.30383,4.43314,3.54676,4.12758,3.83533,3.89066,5.11267,5.33233
2.58452,3.46928,3.72639,2.82626,5.29931,5.05264,3.90079,4.68645,4.76471,4.23479
3.31172,3.19748,4.47778,3.14447,4.04204,3.39393,2.33478,4.08341,3.61832,4.60495
4.20771,4.9882,4.68357,4.70677,4.07308,3.04701,4.1687,2.86239,6.67971,5.56215
3.37124,5.61384,5.4433,2.48225,3.17482,4.16348,4.57423,4.66938,4.37822,3.91348
5.70088,3.75798,3.16068,5.79435,4.84179,4.23482,2.94292,5.08331,4.15828,4.42033
4.59968,3.48564,4.54168,3.38192,5.9041,2.2547,4.93934,3.75331,4.27749,3.72229
3.41902,4.55839,5.20269,4.28602,3.71394,4.41119,3.09326,2.64082,3.31127,3.50276
4.62906,5.10754,2.1044,2.4582,3.99174,2.94089,3.58954,5.02898,3.41854,4.23814
4.40576,4.68424,5.71168,4.94698,4.40049,5.39439,4.10282,3.43973,3.60393,2.35023
3.15449,5.54423,2.71063,3.68565,6.46961,2.74216,4.62954,3.80308,3.57438,3.77985
3.78621,4.9244,3.90322,4.16613,3.25727,3.46491,4.35251,4.61316,3.96537,3.14907
3.26246,4.15283,4.80255,2.7295,4.23178,5.38267,2.84392,5.1364,3.48508,2.47972
1.93781,2.96361,3.22307,3.81898,4.48659,5.85402,3.94715,3.75067,3.56401,3.51098
3.53538,3.65311,2.52244,3.37038,4.47805,4.66164,4.64083,4.83168,4.80921,5.9137
3.61577,5.01013,3.45399,3.48171,3.01405,3.56604,2.54495,6.45815,2.91478,3.75545
2.37193,4.66082,3.76682,3.40989,4.80148,3.53424,5.08172,4.30264,5.23289,3.90296
6.12474,3.04768,5.35324,2.20681,4.87854,4.2236,3.91905,3.65086,2.83532,1.87327
4.53035,5.4118,4.01541,3.70653,4.77215,5.66278,4.33082,5.27758,5.30991,5.01397
3.57952,3.21272,3.94337,3.38853,4.1281,3.18041,4.01844,3.46079,3.42052,3.88293
4.56149,3.33366,3.12348,4.55873,4.9555,3.32708,3.31462,4.76295,2.75133,3.49503
4.1233,4.19994,5.21586,4.89145,3.7739,3.46509,3.77197,4.36007,5.385,4.63192
3.58227,2.75185,2.84497,4.57711,5.09266,4.2568,2.86706,3.53411,4.37652,5.44599
4.89563,4.9976,4.8329,4.32909,4.58949,4.65296,5.45444,4.41445,3.36813,3.11373
5.11741,3.74239,3.51962,3.69593,5.36298,3.36264,5.73149,4.16441,4.64974,4.40414
2.86763,3.73517,5.67754,3.36625,5.93705,5.26741,4.00516,4.51218,3.44084,1.84868
4.19158,4.71988,4.9332,2.94186,4.2748,4.57084,3.58063,3.51744,2.712,3.71012
3.06297,5.28674,4.78257,4.07817,3.52845,1.69232,5.05433,3.37382,6.2807,5.43937
3.49789,4.82098,5.2295,5.26408,3.21341,2.71402,3.87973,4.54773,6.28639,4.6889
4.25713,4.24456,5.5433,4.85775,2.95906,5.67878,2.98775,5.69444,4.59361,3.9792
4.3539,3.90672,4.12946,4.27187,5.25632,5.13171,4.98594,4.00201,3.34302,4.81664
4.35894,4.06783,3.99097,2.7346,4.21246,3.93502,2.52154,3.35194,5.94583,4.1961
4.85389,3.06908,3.69561,3.88095,4.63195,4.63291,3.45061,3.25103,4.84803,1.73556
3.00784,5.1174,4.685,4.53086,2.31284,2.906,2.47543,4.41015,2.82328,3.24006
5.40446,3.74879,2.42902,5.11631,5.01234,2.84668,3.61889,5.28104,3.62838,4.99778
4.37659,3.52054,3.28044,4.02536,3.52969,5.43821,3.47306,3.73979,3.52727,4.76835
3.63881,5.715,4.39923,2.8288,3.78022,6.08639,4.25983,4.02695,4.16549,4.79141
5.11205,2.55757,5.33812,3.34018,3.8255,3.54655,4.84871,1.77582,3.80983,2.63646
5.29117,3.73289,4.528,4.58312,5.21387,2.88343,4.17677,2.76503,3.95227,3.5934
3.32977,4.60014,4.09449,4.99183,2.43981,4.93834,4.09412,5.43752,5.00596,4.81313
6.98937,5.63847,1.11992,3.4583,4.35879,3.79179,4.75093,4.21695,2.48895,4.23848
3.06301,4.0513,4.03128,4.04418,4.16434,4.19576,4.51454,3.63844,4.62005,5.46726
5.3833,3.44602,4.27306,3.87326,3.60983,2.54839,3.09319,3.91752,3.84194,3.44705
3.07206,3.72424,4.1723,4.26936,4.32413,3.62244,2.71467,3.29143,4.83874,3.60068
3.99349,2.52119,3.56203,3.92166,4.41969,3.82103,2.08026,3.29878,4.63098,5.02126
3.00806,2.62021,2.94502,4.85691,4.01036,1.2754,2.63984,4.01268,4.51774,5.78589
3.70177,4.39269,3.7006,5.25153,3.29738,4.3542,3.68876,3.52311,3.80252,2.63592
4.37046,4.44292,5.11043,3.35218,3.95275,3.35117,4.24059,3.66016,1.85209,5.26499
4.79443,4.14791,3.86387,5.64977,0.594271,3.70624,4.4673,3.938,4.26072,5.67137
2.44002,4.34111,3.28567,4.95639,3.80798,5.78294,4.08881,6.68725,3.91703,5.07217
4.24061,4.77357,4.56762,3.65762,1.12552,4.39998,4.47834,2.34684,5.21759,4.30338
3.44577,5.19435,6.62678,3.67341,5.06484,2.28282,4.60794,4.18883,4.56748,1.98544
4.0758,3.50589,4.50939,5.25341,5.24015,3.60915,3.3424,5.84107,4.27007,4.4433
5.42122,4.58698,4.27138,3.43964,4.55797,3.33715,3.31744,3.42134,3.20244,4.1949
3.43817,4.69433,4.12307,3.38883,4.66384,4.68071,5.17497,5.0881,1.86771,4.10141
2.44209,2.94104,3.17596,3.37161,5.14731,3.41498,5.58422,6.20473,3.38226,4.19927
3.69227,3.87497,5.49199,4.15028,6.42929,2.80339,3.27869,4.36662,3.86439,3.27472
3.22886,6.18748,5.37462,5.29563,4.54973,5.32668,4.91557,6.4893,4.12919,4.33926
2.71209,4.44532,4.87934,2.30954,4.29791,4.67816,4.91301,3.38961,4.65535,3.17823
5.00072,4.36555,4.42143,1.73779,3.15121,4.31389,3.82166,3.99391,3.31815,2.29553
4.55614,2.86901,5.21735,3.92806,3.30955,4.2478,3.8821,4.48899,3.74677,3.51779
3.61843,2.53182,3.25984,4.75446,4.12226,2.26535,3.99964,3.59959,4.27643,3.4816
2.4799,4.56392,3.56269,2.8775,6.08886,4.17716,3.30717,3.74085,5.07679,5.42436
5.53685,3.55101,4.19783,3.66106,4.20389,4.71731,3.30001,3.59224,3.38492,5.35468
4.94682,5.19166,5.30975,4.7049,4.64951,3.86791,3.40886,4.45334,3.75715,5.06679
3.37416,4.65695,4.05982,5.00022,4.03579,3.78247,7.02723,3.77151,4.65884,3.02922
4.66097,3.09418,5.92837,4.13986,4.50068,4.03987,3.57628,5.11291,4.05737,4.70626
2.40253,5.53873,4.36695,2.10272,3.06678,4.27974,2.75535,4.67325,3.6856,4.68291
4.84769,4.6389,4.21028,4.01537,4.30195,4.05099,5.99435,5.15622,4.02653,6.07211
5.27726,3.37991,3.25726,4.11548,3.46846,3.47456,3.86232,4.10252,4.33988,3.28147
5.05746,2.99986,5.12124,4.66223,3.70241,5.09023,5.60831,4.16715,2.73756,3.72404
4.01351,3.77244,4.27012,2.95576,4.52642,3.47158,4.72861,4.974,5.01126,4.37792
3.54572,3.84949,4.4395,2.19889,4.13737,4.74865,4.32362,4.87616,2.98254,4.50584
5.50317,3.20503,4.55524,4.26572,3.67215,4.74191,4.62552,3.12091,3.26107,3.34856
4.70544,4.90484,3.83514,4.75457,4.76462,2.47081,3.74581,3.83047,4.89837,4.72336
4.29546,4.6053,3.05846,2.91617,3.12808,3.85643,5.28269,5.1614,4.35949,3.0001
3.57307,4.19976,4.25692,3.84244,3.8099,4.17858,4.48238,3.99924,3.52149,3.79956
3.0944,4.14009,3.16862,2.95332,2.87666,2.17157,3.7883,4.34978,4.51062,3.43703
4.09864,4.16258,4.47103,4.39946,4.24981,2.14432,5.50528,3.07505,4.36045,2.915
2.64032,0.843558,4.87371,4.79413,3.28468,6.2446,4.89935,4.3982,5.68863,5.55812
3.58016,5.6235,4.71581,4.04315,4.32272,4.8092,4.53289,4.00606,5.33553,5.11202
2.85319,3.3315,4.8312,2.49619,3.80195,5.4435,3.18084,5.08845,4.8041,4.28262
3.90783,3.8782,4.15527,4.61332,4.45372,4.74989,1.88609,3.2704,6.32241,3.69798
5.21381,4.57744,3.49681,4.02599,4.32382,4.05314,3.82026,4.36268,3.56346,4.07407
3.59985,5.75234,3.96817,4.08538,2.75187,5.73246,3.32412,4.73914,4.81849,4.75978
4.08349,3.40041,6.58177,3.03031,1.35961,4.26349,5.53653,3.20076,3.46791,4.78189
3.99777,2.72771,5.48271,3.0291,4.27844,3.41549,3.52008,3.79038,4.2222,3.51869
4.65536,5.94943,3.65767,2.83291,4.95437,2.78097,3.39585,5.56892,4.67537,2.6711
4.41426,4.99429,4.15441,4.43813,3.96472,3.02379,3.75896,2.97881,4.34505,2.38211
4.0141,2.02026,5.78643,5.12317,3.2491,3.83858,3.12431,3.96727,3.20288,4.85503
5.41909,3.38683,6.7358,2.78043,3.18266,3.44353,4.34975,3.56031,3.41365,3.80988
4.81845,5.52168,3.49628,1.6817,2.25836,3.31698,4.23811,5.11382,3.42685,1.90774
2.63203,3.79662,1.11411,3.89818,2.70177,3.41958,3.77607,3.53077,4.02063,3.78351
3.25283,2.46033,3.27738,4.0555,1.74189,3.4404,4.44542,5.53845,4.46054,4.48599
3.39549,4.46602,4.10945,3.62479,4.11236,3.34951,4.63261,4.5782,4.60313,3.80964
3.41555,3.00734,4.47982,3.03195,4.24383,4.6033,3.55135,3.4727,5.33259,3.63923
5.75116,2.49687,5.21042,3.69891,4.47335,5.71238,4.24879,4.63366,4.4357,5.22008
3.74753,4.04804,4.84031,5.17877,3.94602,3.56993,4.98586,2.73957,3.80839,4.43205
4.9436,4.17691,2.13131,2.76148,4.00382,4.77417,4.84277,4.20548,4.68849,5.17363
3.5558,3.20694,1.56635,2.31612,3.09925,2.43051,2.57803,3.42387,3.70438,4.90031
3.74764,3.67118,5.50501,2.79378,6.28326,4.84655,4.30554,4.6954,3.87165,5.55861
4.09545,4.77653,4.18278,3.08798,4.48843,4.4689,3.49531,4.37037,4.60157,3.96209
