10
4.12459,4.09771,5.49906,3.62047,4.07023,4.52215,3.63603,4.904,3.16123,2.73471
2.84411,3.7909,3.72728,5.04452,4.3791,3.33319,4.60708,4.37891,3.13975,2.73982
5.22186,4.14557,4.15078,3.80257,2.7606,4.53467,5.08277,3.42627,4.05812,3.76758
4.55929,3.81273,1.2555,3.47773,3.32074,2.85821,4.83645,4.44582,4.46677,4.01472
6.32151,4.73959,2.9452,5.68509,5.01087,2.92529,5.02918,1.84965,4.87605,1.80023
6.23924,4.33329,3.68219,3.39676,2.66142,2.61304,3.75439,4.43168,3.36095,3.99819
3.77175,5.7162,4.99156,3.36565,3.91308,3.60031,6.09119,3.84116,4.83548,5.72133
2.87563,5.72629,3.69847,4.6881,4.42107,5.00672,4.12252,3.72291,3.89177,3.75841
4.21157,5.58959,4.19335,2.26221,3.91616,4.98028,2.99771,3.91626,2.5862,3.64513
3.45433,4.70969,3.27848,4.76826,3.33237,5.03666,2.91708,2.27843,3.93505,4.2266
4.34574,3.11158,2.91146,6.65481,4.99597,3.67449,3.49442,3.6426,4.4788,4.1353
5.62603,4.99167,6.09943,6.71285,3.3638,4.92176,1.7823,3.23362,2.38522,4.78765
3.75856,4.43275,3.81643,5.60946,6.02088,2.62019,3.28954,4.77539,4.06081,4.03698
3.34483,4.30361,4.62635,3.10737,5.6439,4.22868,3.97724,3.72898,5.12149,4.49867
4.46947,5.12445,4.03611,2.33774,3.7066,3.33479,6.47232,4.83507,3.8742,5.87171
3.89837,3.74511,2.5899,3.59284,4.25893,3.88547,4.98586,5.69596,3.46587,5.52329
4.17011,4.01428,4.67648,2.91724,3.90052,2.8876,5.17514,3.62383,2.40554,4.61824
4.12234,3.20813,4.48392,5.88686,2.14843,3.47957,4.22545,3.39738,3.75008,2.29652
3.96103,4.76114,2.28848,5.38091,3.43677,2.08624,4.42938,2.89529,2.75586,5.57646
4.61809,3.62584,3.35858,4.16414,5.77599,1.97613,4.7051,4.80255,3.72339,4.79288
4.85085,4.77344,4.52298,5.30666,2.75344,3.89172,3.63573,5.3145,3.43419,3.75624
4.36669,3.12412,4.50787,3.588,4.44187,4.73313,2.69344,5.45732,5.25796,4.61381
3.19637,2.60698,3.61277,5.08458,3.79852,2.77116,2.2987,3.83518,3.60228,5.8298
4.14282,2.95279,4.77896,3.1583,5.43468,3.84747,3.506,5.21308,3.60112,5.07525
3.49625,4.84162,3.30816,2.40922,3.76835,5.67717,2.86203,4.577,2.98937,5.42583
5.04507,3.05765,3.11985,3.41033,4.39205,4.99228,4.42179,3.63606,3.63189,4.77496
4.75207,1.3127,2.25112,4.09424,3.27739,4.3112,4.05878,4.19819,3.75482,4.8077
2.91058,5.57657,3.44336,3.39302,3.04914,3.63747,5.17024,4.99717,4.72795,3.50412
4.50975,4.5187,4.13738,4.27009,4.08914,4.89129,4.93924,4.83915,3.46828,4.89892
3.35728,3.68248,4.64516,4.01201,5.28846,4.2554,3.31209,3.44533,4.86855,6.14085
4.43233,6.98294,5.01905,4.57348,2.91156,5.45238,4.10243,4.68651,2.94055,3.62705
4.04745,2.16408,3.83999,4.46165,3.98345,3.73891,3.90022,4.35257,5.24772,3.39287
4.33005,3.75218,4.7393,3.64143,4.95699,4.11254,4.4166,4.5359,3.04667,4.75056
4.90057,4.03044,4.99683,3.56793,3.90343,4.76468,4.4846,4.91592,4.42276,4.43041
4.77698,3.6096,5.05716,3.65089,1.38926,2.99981,4.6376,4.33376,3.69773,4.64701
3.90867,3.27694,3.53478,4.49751,3.4946,5.24266,1.41874,3.14175,3.051,3.31181
4.26132,1.42739,5.32365,2.75396,2.79301,2.37039,3.26626,3.03716,4.87042,5.66202
2.70808,3.94806,4.0576,2.36721,5.56534,3.9311,3.87059,3.17003,5.60052,4.37884
4.74708,3.4926,3.61238,2.9927,4.61563,4.46968,3.04278,4.71774,6.01315,4.99293
4.26271,4.16953,4.02999,4.75523,3.14055,4.54768,2.8869,3.60339,4.11957,2.95551
5.27468,3.46632,4.70961,3.17624,1.73069,1.99609,4.76746,2.8616,4.98643,5.27284
2.3491,2.73402,3.59162,5.89318,3.87379,3.47041,3.27558,6.20816,5.73161,3.93949
3.63755,2.9031,3.94917,4.00383,4.09641,5.51859,4.72752,6.87672,4.4384,3.82007
5.15739,4.29403,4.45952,3.87838,4.73247,4.01105,4.56154,3.89474,4.81909,3.52855
5.32355,3.71583,5.66334,3.16198,2.70018,4.52647,4.936,5.70027,4.30809,4.05848
3.68848,2.73193,3.4128,3.94456,3.83167,3.60197,4.04444,4.34147,3.2536,5.07786
5.6887,4.13469,1.85903,3.70662,5.27705,4.53264,3.95673,2.2701,4.2768,4.73549
3.8364,4.79872,4.90872,3.45893,5.78994,5.00369,2.848,5.45398,6.42571,4.25244
4.85107,2.61821,3.38908,3.55358,5.57414,2.80315,2.13862,1.90639,5.36885,4.26884
4.68477,4.87827,3.59995,4.34138,1.97342,3.17206,3.66823,4.0381,4.72804,4.08973
2.53698,2.34769,3.82439,5.05122,3.8227,4.81403,3.94064,2.4789,2.4062,4.83755
3.71052,3.69158,3.64283,3.43404,5.33093,5.22036,4.59264,1.68064,2.89977,2.66331
3.16359,2.82584,3.24293,4.13461,2.14457,1.70579,3.85754,4.61151,4.91201,3.1755
4.19398,2.72799,2.43777,3.63113,3.96367,4.02543,3.71368,4.44903,4.9083,3.40649
5.44642,5.04731,2.47683,4.36325,3.90078,3.09245,6.01701,4.56986,3.06219,3.13825
3.9104,3.17094,3.32965,3.66563,4.34702,5.4205,3.13194,2.93888,2.18656,3.86725
2.62649,5.47742,3.98343,4.95581,4.11739,3.18329,3.64012,4.76426,4.20954,3.55387
4.7227,3.7189,3.77945,3.35917,3.56763,5.28903,4.93055,3.73606,3.44498,4.47056
5.46886,3.15517,5.05261,3.00605,6.20255,3.4621,4.24371,3.81892,5.15274,4.77367
2.93513,3.90879,2.9649,3.66707,5.3129,5.11365,3.20138,2.06754,3.76011,2.71601
3.24023,4.89481,2.49016,5.13504,2.16639,3.8455,4.15213,4.62858,3.969,2.81225
3.7802,4.13785,3.76908,3.50564,4.74316,3.24933,4.47146,3.4576,2.71226,4.19868
5.37285,3.17295,5.75253,3.65203,4.52031,2.49811,3.92745,3.77974,2.75774,4.52558
3.83487,2.48096,5.24471,3.45101,4.72872,2.84478,3.69247,4.08095,3.20148,4.23995
3.86259,4.12792,3.38263,4.15189,4.53283,1.99989,2.91763,3.95176,3.81979,4.70429
3.61206,4.28968,3.21084,3.73334,4.80654,3.58573,5.09142,3.36688,3.469,5.23141
1.94314,3.95913,4.45999,4.18329,2.99992,3.49241,3.97743,4.55606,3.58989,5.018
2.72214,5.27638,3.71438,3.74085,4.62027,3.73127,4.48559,3.44929,4.60915,4.34553
4.86218,3.52857,3.18937,6.41578,3.16274,4.73629,4.62881,5.30457,2.25043,1.5467
2.04635,5.7322,4.03426,4.83044,4.40771,2.91544,4.05255,1.32274,4.89948,3.46669
4.29561,3.74369,4.36528,4.54803,4.39117,3.8243,3.98553,3.75474,3.96421,5.08116
5.28383,3.27908,3.10359,2.40348,5.62607,3.54174,4.1787,4.75362,4.78343,4.42382
3.56922,3.76627,4.88071,3.88045,5.15156,2.60363,4.64506,3.22862,4.35102,3.15337
3.26769,4.71556,3.35973,4.03345,2.73111,5.81609,4.16381,4.28017,3.79166,5.37993
5.49603,2.51141,3.79835,3.12769,4.84229,4.40431,4.09397,4.23525,3.54922,4.48194
4.67876,4.23791,4.82413,4.05129,4.07484,3.26162,3.41058,5.88815,4.25808,3.46352
2.13189,4.20322,2.25858,3.01993,3.80141,3.34611,4.53156,3.39783,4.67637,3.71026
3.16631,3.71821,4.05856,3.81305,5.75258,5.9743,4.69969,4.0779,4.28978,1.56902
4.17677,2.97,2.46951,3.66953,2.94373,3.82819,4.58026,2.94349,4.18204,3.8421
3.4323,4.89663,4.72384,5.20995,2.05375,3.14767,4.24392,4.75426,4.27498,5.57427
3.03551,3.9738,4.38161,2.74912,3.14465,3.07571,2.31839,3.58737,5.91461,1.62756
2.67085,2.57786,4.42901,2.79199,3.56008,4.03932,4.53606,4.9011,5.8696,4.35374
2.46237,3.08906,3.81059,3.12681,4.12627,4.52789,2.66451,4.85416,6.19615,3.59316
5.32876,3.07278,4.0892,4.00701,4.049,4.46957,4.9029,3.03937,3.72743,5.12851
3.65635,3.24994,4.14383,2.90616,2.42466,3.17817,4.83283,3.6247,3.61763,2.96067
4.15907,3.28888,2.92867,6.17831,3.39054,2.63543,4.0312,6.00031,3.03171,5.71101
3.0462,4.31723,4.93722,2.75839,5.11428,4.47432,3.60396,4.38963,4.68237,4.32409
2.87639,3.45528,4.78666,5.50285,3.04687,6.15172,4.76794,4.48182,4.03714,5.08204
5.42608,5.38937,4.37692,3.43131,3.87867,4.60719,4.93912,5.1526,4.78458,3.06509
3.97178,3.87515,2.72578,4.74397,3.74718,3.26979,4.55275,4.64146,2.4697,4.2369
5.04818,4.68694,3.5756,2.89333,3.62607,4.91195,4.17278,3.43263,4.46966,1.89228
3.884,3.34085,2.76582,3.76268,2.14582,4.52624,3.33832,2.81048,4.14091,3.91362
6.20042,4.113,4.64531,3.43368,6.8378,3.00123,3.80004,4.21554,4.62191,3.3715
4.73451,3.74396,5.15379,4.09383,3.99386,4.82093,3.62142,2.54554,4.4898,4.15585
4.4348,3.76259,2.01031,4.72467,3.38414,2.30379,3.73235,6.81588,5.98557,4.50436
2.84081,4.90382,3.32883,4.82482,4.11004,2.61154,3.90423,4.07634,2.03101,5.72636
4.11374,3.71083,4.12462,3.52488,3.24336,4.71096,3.93337,4.65753,4.81988,4.88976
3.71972,3.42844,4.03604,4.07756,2.10595,1.64935,2.41754,4.152,5.60224,4.19915
2.31177,3.12387,4.08785,3.23395,5.16114,4.00914,3.19486,4.41563,4.18622,5.0081
5.41814,4.1113,5.50968,4.37879,4.75265,1.35035,4.89947,5.00407,4.56163,4.61267
5.16672,2.71974,5.01429,4.46754,2.18651,3.57079,4.0689,5.24989,3.28226,4.09668
3.19523,3.50044,3.07911,3.94537,3.3974,1.87571,4.77059,4.3839,4.61075,3.101
3.49129,4.01387,4.03195,5.03215,3.09571,4.66266,4.36619,4.52151,2.1636,5.26143
3.56631,2.22151,3.93596,3.76361,3.09325,3.67603,3.06177,2.37126,4.22823,4.43338
5.41854,2.6509,3.13914,5.60595,4.73303,4.88481,3.42333,3.44013,4.57645,6.01328
5.17823,3.35872,3.75057,5.66026,3.27149,4.77195,5.14795,4.91549,4.89634,3.9459
2.68235,2.52735,3.72645,3.45597,2.59292,4.08702,4.23268,4.81027,4.11362,4.81536
4.34596,3.90568,4.21733,7.10887,2.89187,3.69978,5.53542,4.53686,5.19367,5.8018
2.60662,2.62921,3.43734,6.96642,3.58147,4.90431,5.41274,2.5993,4.42114,2.10589
4.61044,4.66407,3.6287,4.73237,3.02656,4.39808,5.8414,3.4771,5.76798,4.05056
3.79528,4.47565,4.63913,4.25744,4.28362,2.48516,4.31534,3.72862,4.10638,2.63529
2.82171,5.06196,3.8383,3.38242,4.31656,4.71171,4.15733,4.43684,5.25585,3.5773
3.73033,3.62391,2.27842,3.15732,5.34013,3.4815,4.92125,4.73593,3.892,2.1283
3.66685,3.49541,3.41935,5.61283,5.55424,4.21293,3.89549,3.03544,5.71776,3.64775
4.8586,3.91313,3.36436,3.52102,2.13241,4.37659,6.60581,3.67481,4.80643,4.81559
1.60373,5.06685,5.55258,3.68237,4.47937,4.78427,4.9679,4.36047,2.81794,3.13972
3.46322,3.53311,3.79017,5.08053,5.51342,4.28387,5.22047,4.99622,3.76493,3.48273
5.395,2.66227,3.62566,4.06437,3.12218,5.45788,2.94037,3.79681,3.42937,3.91102
5.93666,3.47626,4.8419,4.21179,4.85246,4.10467,4.21532,5.27255,3.45197,3.88616
3.73382,4.17682,3.09716,4.08279,3.9872,4.9536,6.73107,3.39558,4.53725,3.3025
2.27565,6.04919,3.22838,2.71033,5.32762,2.39068,3.9836,3.91627,3.84177,4.2234
5.16767,5.27492,5.10023,4.90776,3.53257,3.97199,3.85423,3.42435,3.11297,4.95853
5.85764,6.08131,3.44613,2.18975,4.27711,4.1701,3.79539,4.34193,5.11492,2.98111
2.20009,5.26328,3.98565,5.05043,3.3214,5.65796,4.88697,3.96522,5.29112,2.83793
3.75779,3.76398,2.9422,2.62344,2.13932,4.55847,3.72466,4.6683,1.55799,4.84424
4.5787,5.84365,3.99707,3.69882,4.85953,2.6378,3.11775,3.59089,1.66527,4.39249
3.17366,4.86126,5.20348,2.58731,6.06149,5.00723,2.38768,4.58326,5.21908,4.94342
3.47074,4.56157,3.87138,1.95611,3.42106,3.02545,3.5578,3.46335,3.76519,3.08148
4.17812,5.05386,4.97451,2.53141,5.32522,2.13644,3.48407,5.5747,4.63662,4.26967
4.10957,3.11563,4.79899,3.27387,3.72432,4.33456,4.09176,4.33552,4.16517,4.21434
4.05582,3.00452,1.8066,4.34132,6.00622,4.46619,4.9925,4.59017,3.70888,4.44693
4.30994,3.56795,3.98379,2.25107,5.57082,3.15002,3.53206,3.22649,4.00917,4.88606
4.1799,4.13424,5.69189,3.45027,4.18309,4.15487,2.79429,4.44799,4.62068,5.55908
5.27414,4.11565,3.8225,1.88756,5.11709,4.62336,4.64449,4.3242,4.03214,4.72731
3.86625,5.08605,3.12792,4.29335,2.3355,4.45439,5.88723,3.85299,3.52738,4.84196
4.65857,4.84728,3.89141,2.95813,3.93861,3.29474,3.2885,3.68301,2.99231,3.12534
4.32796,4.25517,4.05193,2.91375,3.6647,4.46944,4.00355,3.44998,5.11132,4.54449
3.51749,3.84619,4.36983,4.5554,3.40118,3.74352,3.91348,5.36799,2.73318,4.36624
4.01433,3.17633,3.76071,4.21199,4.89382,5.44053,3.24228,3.34455,3.8272,4.548
6.07543,5.98536,4.10268,3.99913,4.19224,4.98348,5.63788,4.60856,3.097,4.91455
2.83017,3.39722,2.12757,3.10738,4.94351,2.9436,3.19091,3.76556,3.52611,2.6024
5.24563,4.28702,1.75412,5.10444,0.779137,4.22432,3.05734,4.96185,2.87338,4.40077
2.11368,2.87855,4.74995,3.64302,4.78762,4.76234,3.25213,3.20256,5.58486,3.98308
4.37578,2.59023,5.59123,3.65307,4.3428,4.76208,3.85699,4.87715,3.80643,4.45633
4.22395,3.24003,3.91413,4.37589,3.5668,5.10922,3.92416,2.56642,4.68369,4.59997
2.06811,2.90847,2.34418,2.27146,3.62173,5.27145,5.44029,5.02946,3.43662,2.5151
3.9293,5.07194,4.99604,2.38864,2.98968,5.37192,6.09548,3.99701,1.89046,5.97887
3.85277,3.19449,5.35247,3.59061,3.59398,4.60436,3.53326,3.25252,4.88859,4.60839
3.77613,4.90519,3.31017,2.89848,4.15246,4.38607,2.39003,5.70257,2.89356,2.72367
4.96636,3.92592,3.12753,4.51445,5.83961,4.8713,2.8087,2.91202,5.17005,3.67849
3.67339,3.8125,4.63573,3.17735,4.78379,3.36452,3.39485,4.30175,5.31397,6.3264
3.50341,4.39314,4.92019,5.04861,4.35045,3.2801,3.09742,3.83929,3.08643,2.46446
3.67169,5.96461,4.56234,4.02094,3.40298,3.55568,4.87737,2.87655,4.37176,3.93564
4.35456,5.19444,3.81323,4.09708,5.94801,4.76164,2.55357,4.52542,4.3656,4.78385
4.2898,4.56947,5.0605,5.50585,3.74874,3.88823,3.71499,3.16602,4.47143,3.93629
4.68701,1.61622,3.04778,4.51303,2.99458,3.73879,3.08022,4.07805,2.73241,2.16764
5.02239,6.03192,2.33386,5.19278,5.00536,2.31043,4.96592,5.28015,3.09672,3.502
2.48442,4.46023,4.64648,4.97886,4.50095,7.47152,4.13218,2.60918,2.70689,4.05451
4.41606,2.75459,4.94991,4.49598,5.45038,4.52064,3.11005,2.8184,4.08946,3.80354
4.75436,4.33213,2.78206,3.32286,3.9488,4.98511,3.76698,4.71238,3.55816,4.23115
4.0559,3.59871,4.01632,2.33153,2.61213,2.98245,4.87138,4.3476,5.52896,4.08009
3.3004,4.93679,2.68707,4.19424,4.25351,5.86979,4.74783,3.83906,4.42374,3.33165
3.47945,3.99449,4.07207,4.11364,3.83234,4.44888,3.75515,1.59914,3.77949,4.20811
5.20958,4.80287,2.69093,4.31909,4.37785,3.87023,4.32355,5.1793,4.28376,4.2309
5.41065,4.66608,4.47377,4.94243,3.38452,5.53484,3.33976,4.25884,2.79263,3.33956
4.10391,2.93426,4.51197,2.85361,4.63016,5.59465,3.9768,5.0695,4.14635,4.60295
6.02885,2.44326,5.16434,2.68063,4.10158,2.15608,5.60987,4.98752,5.21489,2.89752
4.39161,4.84625,2.99228,4.46919,5.76465,3.99735,2.63373,4.39404,2.75696,4.22553
4.86497,2.68599,3.96096,3.24453,2.18008,3.5315,2.92358,3.63751,4.89756,4.2723
3.37333,4.38279,3.39903,2.17345,3.69477,3.89404,4.18305,5.09518,3.44148,3.0728
4.3767,5.02192,3.54014,3.56668,4.90076,3.62374,4.43177,5.29271,4.20506,4.81228
5.34424,1.85447,4.59298,3.286,2.84085,3.6316,4.18611,2.92991,3.31312,4.18016
3.33481,3.64013,4.30171,5.04476,4.68291,3.59645,2.93184,1.92406,5.39387,3.01817
6.43416,3.23508,4.59037,5.1802,4.78023,4.23533,3.94934,3.13105,2.93244,4.21503
5.1657,4.65943,4.20176,4.38827,4.9396,3.18495,3.43686,4.47719,1.52211,2.87809
4.26974,5.27426,3.10618,4.12963,4.54391,3.20381,3.5257,4.91582,2.03511,4.56527
2.69443,3.1974,4.86647,4.80891,3.9324,3.09613,5.38713,2.54215,4.03,3.30466
3.15366,4.36552,3.38848,3.90936,2.71406,3.51468,4.00954,4.02577,3.70571,3.23999
3.74038,4.10537,4.35777,5.71719,5.03278,4.24586,4.54844,4.15933,2.63536,2.696
4.23753,2.71309,3.71276,3.1603,5.16105,4.51658,5.49956,3.64825,6.3929,5.13832
5.82016,3.72834,4.12017,3.56364,4.52913,4.10979,6.05625,5.13457,3.57921,3.3373
3.97793,4.65736,4.6233,4.87664,3.97344,3.16314,3.12093,4.3175,7.25804,3.54823
5.65573,5.11049,3.42476,4.52668,2.89593,3.22041,3.59458,2.68744,3.88816,4.28521
4.57167,3.18428,4.24145,3.05355,5.45852,2.91451,5.4265,4.42722,3.86538,3.42363
4.91127,6.11246,3.14394,2.94409,4.21137,4.5291,3.77327,4.46162,2.06604,3.59111
2.55835,4.2068,4.77406,3.56287,3.4013,2.68578,3.45548,4.82819,5.9471,3.81074
5.59498,2.20646,4.71527,4.93862,4.50563,4.41456,5.2415,3.19,4.21242,3.03017
4.51101,4.8476,4.33388,4.33701,5.40346,5.61068,6.08109,3.44256,5.74695,3.11819
3.0316,3.49366,3.60717,3.59082,3.98015,4.91335,5.39022,4.35427,3.56995,3.08909
2.50069,4.69782,3.53952,3.05731,4.90076,2.27067,3.35802,5.32169,3.76002,3.45395
5.45748,6.52462,4.17673,4.1611,5.36961,3.18572,2.8641,3.36904,5.17111,4.9529
4.47378,3.48634,4.58589,3.12022,4.01387,3.52546,4.011,3.63262,2.91214,3.66846
4.78622,3.68536,5.36708,3.62439,2.59608,1.97847,5.05115,3.14448,4.02064,3.83445
5.46206,3.6815,4.97355,3.61673,4.43999,3.41394,5.60652,3.65506,3.49881,2.89065
5.30745,4.1569,5.10116,4.94604,2.60346,3.75631,3.74768,3.44787,2.80124,5.15515
2.70527,4.95594,4.13774,4.17348,4.24424,5.7605,3.68312,2.71971,5.10936,4.08429
3.58273,5.2356,4.37794,4.77357,4.20252,4.12114,5.08237,3.75663,2.71527,4.32008
3.87159,4.76441,4.08106,5.02631,4.04453,3.82121,6.43867,4.55602,3.76752,5.24672
4.29303,4.32965,3.71038,4.48425,4.39369,5.10833,3.65439,4.50586,4.35479,2.77734
3.85544,3.29688,4.49546,3.62456,3.29379,3.89714,5.84073,4.77388,3.40079,4.64204
4.79203,3.43549,3.32236,2.91312,4.10244,2.92772,3.86488,2.69319,3.64346,3.92028
4.82475,3.82541,5.25262,3.41181,3.14815,4.8101,4.21338,5.26921,4.38786,4.56313
3.59327,4.60091,4.0367,5.59513,4.70103,3.47706,3.06634,2.79333,4.59866,3.95588
3.87398,3.79446,2.75996,2.67406,4.41586,3.58749,5.19929,5.29345,3.51677,4.72472
2.13657,3.67149,6.11735,2.57465,4.36314,2.89242,3.8862,4.40048,3.91346,3.74451
3.78945,4.55325,3.72086,3.23121,3.36894,3.32938,3.18548,4.78846,2.19736,3.59694
3.16044,4.97194,5.66771,5.84,3.97276,2.59726,3.91356,3.31544,4.19221,4.35705
5.26867,1.61765,4.00475,3.7589,2.8137,4.22307,3.58744,3.35086,4.41762,3.17905
4.0742,4.60715,5.7573,2.92047,3.53318,5.07133,5.67419,4.10908,3.64758,4.31091
3.8357,3.09523,3.5481,2.31969,4.74443,4.30479,2.78135,3.1938,6.18806,3.28626
2.79983,4.20635,4.04686,4.82285,2.9702,5.65471,3.91675,2.96541,5.60727,3.8394
2.77647,5.16535,4.86262,3.55285,3.57817,5.06941,3.59266,4.51243,3.1193,5.51288
4.71953,3.5111,4.01153,5.1528,4.1898,5.72216,4.74884,3.84452,3.88458,4.57186
3.33099,5.26527,4.07383,4.68272,2.60046,4.33151,3.98987,2.41023,4.51016,2.7973
3.82775,4.15299,4.40383,4.52164,4.8838,4.00776,4.94865,3.05348,4.28647,5.16319
3.8907,2.93396,3.10071,4.44392,3.01812,4.77312,4.02178,3.08634,3.88699,3.11179
4.52884,4.26119,6.14364,5.82962,2.88971,3.84462,4.8749,4.60827,2.5122,3.16097
3.39651,3.38807,3.37456,3.96472,2.61326,4.36355,3.73971,2.43797,5.03393,3.70935
3.23113,5.06502,4.28306,3.83073,3.56873,5.63095,3.86827,4.79142,2.83839,2.23019
2.53974,4.6208,3.50277,4.96359,5.51643,4.06839,3.49554,3.04602,4.40594,4.13764
4.42014,4.36332,5.13762,2.74719,3.46576,4.64722,3.03664,5.92473,3.33579,3.41693
2.24731,3.5496,3.09537,4.07961,4.39162,3.50552,1.85552,5.62553,3.22998,4.43052
5.42519,2.82075,4.21075,4.19594,5.23723,4.28918,3.34972,3.0395,5.86786,2.39184
4.4442,3.30963,4.42944,2.12211,2.89555,4.63761,4.31117,4.83575,4.35231,4.39949
3.22137,3.39678,3.22553,3.38463,3.26838,2.25702,4.65699,3.23484,5.49879,4.0576
3.9041,3.15803,4.81821,4.31051,4.43774,5.03598,4.71129,3.93674,2.92398,3.51658
3.89723,5.2552,3.1898,4.9235,3.08962,4.02451,1.79749,5.78919,4.12127,4.29805
3.09311,3.55764,4.0493,3.16341,4.74897,5.26459,3.68153,5.37501,2.70687,3.6436
4.82415,4.96438,5.24018,6.46191,4.86176,3.54408,3.03278,2.04382,3.33404,5.9069
4.15526,4.47599,4.00182,3.05035,3.09361,4.16405,3.40518,4.32212,3.32056,4.56632
3.17202,4.41742,3.32088,4.43016,5.08312,4.16583,4.06983,3.89615,2.90843,3.45046
4.82728,4.44708,4.16225,3.98002,4.01165,3.71182,4.50419,3.14109,3.49016,3.26079
6.22463,2.80663,4.05125,4.57269,3.62218,4.88926,4.62015,5.1412,4.07499,3.99813
2.50489,5.14326,3.88469,4.20104,3.92996,2.94372,3.39839,3.7039,5.02163,5.24768
3.98229,3.21992,3.50472,4.91089,2.19637,3.16033,4.04347,5.10692,4.86523,3.27886
4.68489,4.79506,5.13211,1.99911,3.94931,5.08855,3.02451,2.12501,4.1793,5.37296
5.0346,3.63244,4.20883,5.01552,4.25072,4.07331,4.6636,4.64417,5.14152,3.5871
5.33113,4.24095,5.54937,3.50265,3.82413,4.33248,3.66727,2.42277,3.94344,2.74075
3.63549,4.16864,5.25867,3.47265,4.06355,4.97165,3.9077,3.45732,3.62591,4.85373
3.90916,5.21085,4.44614,4.12059,4.53939,4.64844,4.74802,4.81122,3.63238,4.81128
4.55517,2.51415,3.85563,4.35497,3.74037,6.27318,5.18769,3.92562,5.02661,4.02161
3.66845,3.17246,3.4844,4.36888,4.0341,4.62292,4.10566,4.43618,3.43715,5.1724
4.60921,4.09593,3.80441,4.93812,4.00483,3.19423,3.76529,4.63518,3.42922,4.2804
3.68968,4.9034,3.85873,4.10044,5.56148,3.96458,3.987,3.10261,3.53586,4.35327
4.29297,3.51832,4.51864,3.61146,3.47684,3.6353,3.6734,3.84111,2.95717,2.99649
2.39956,3.67691,3.4827,2.85197,4.768,3.59777,3.60553,4.32963,4.64522,3.4223
2.22335,4.21171,3.59185,3.40591,3.93411,4.25692,3.3529,4.20277,4.27253,4.8614
4.6445,4.66519,4.59939,5.54784,4.76516,5.46485,3.30897,3.32654,5.36536,3.88131
5.33905,4.19663,4.20522,5.8789,5.20779,4.73279,4.2282,5.16804,4.56145,3.0836
4.29133,4.78413,5.26488,5.53499,3.29531,4.57005,3.66971,3.09064,4.55267,3.25243
2.26076,4.13839,5.96196,4.0679,5.54314,3.13935,4.38208,3.10145,4.82041,4.27869
4.28954,2.34494,4.27013,1.97205,3.13611,4.7558,4.18456,4.048,1.50052,4.24239
3.66861,4.06132,2.83546,2.12897,4.74014,3.8954,5.67858,4.39708,6.29464,2.93941
2.34889,4.76007,5.39559,5.08947,3.04372,1.22601,5.86367,4.29558,5.21655,2.6032
3.10275,4.47853,4.58534,2.64417,3.34612,3.08601,3.27308,4.40546,1.83362,3.77752
5.61702,2.91825,3.06515,3.806,4.60663,5.65526,5.05077,2.47553,5.16695,4.73712
4.64666,4.19466,4.10639,2.93946,3.37104,3.5163,3.65875,5.44982,4.19568,6.12241
4.62747,3.90834,3.41066,5.11285,4.91475,3.09253,4.80556,3.3215,4.58966,4.83648
5.54014,4.55807,4.50835,3.26314,3.76934,3.65231,2.71022,2.84435,3.8623,4.39965
4.02047,2.61802,4.36138,4.64881,4.82432,2.22194,2.29769,4.70442,4.29456,2.09645
4.43863,3.84239,5.46315,4.12688,1.60308,4.67537,3.07968,4.71949,3.82588,3.2533
4.87704,4.70074,3.70044,2.48066,4.72502,2.74767,5.91255,3.89549,2.69789,3.96246
4.23237,4.72878,2.90479,4.09647,5.83714,4.60925,3.09735,3.90414,4.48541,4.48829
3.40377,3.72551,3.86385,4.62864,4.92671,3.49936,4.40396,2.08607,4.81769,3.34549
3.57021,2.26859,4.3845,4.7784,4.1558,3.47727,2.7716,4.38397,4.35157,3.85516
4.04276,4.59588,3.98798,4.55122,4.75378,4.3249,4.7529,4.18493,4.73834,4.51707
3.46273,4.78714,3.09184,2.37274,4.23507,3.45728,3.46818,5.4762,2.48989,4.74285
2.68783,3.72493,3.82768,4.097,3.76059,3.08359,3.93304,3.36573,3.95144,3.80885
4.11378,5.16102,3.24283,4.62755,3.4162,5.55128,4.4452,5.0313,4.56856,2.35231
4.5181,2.41059,4.32663,5.26047,5.78676,4.30387,3.50265,1.55686,4.59015,5.42639
3.88709,4.24134,2.8544,4.24718,4.83847,4.09025,3.9027,3.17576,5.65988,4.60463
3.91943,3.54882,4.7899,3.48522,5.0449,4.93269,3.07276,3.55315,3.13231,5.6927
4.13212,2.67803,3.90934,3.39763,4.29969,4.16026,5.16129,2.09814,2.37239,2.74335
3.39053,3.59911,3.74005,4.58425,3.83515,4.46576,3.58274,4.49526,2.98051,4.54016
3.80671,3.95741,3.73613,3.30798,4.38121,3.21426,3.94239,2.01163,5.04757,4.44603
5.19639,3.14844,3.61303,3.07257,4.5047,4.298,3.93682,4.31352,4.84275,5.46613
3.61494,5.85879,3.37629,5.06113,3.26155,4.58567,4.78571,4.89394,6.04625,5.28097
3.98273,3.597,4.50201,2.82513,2.94427,5.1253,4.59183,4.82208,3.07988,3.61672
2.95371,4.5094,4.36015,4.74636,2.64614,4.09436,3.665,3.04948,4.99484,5.52103
6.46816,4.68262,3.70739,4.79277,3.47518,4.35897,3.08619,4.1767,2.58637,3.55621
3.33072,3.43755,3.1973,4.77894,4.16712,3.72372,3.99111,2.45607,4.46671,4.49845
3.69012,4.75937,5.26212,3.87473,4.29016,6.17336,4.3792,4.94078,3.11156,4.37017
1.92458,4.16986,5.83881,4.18942,4.08094,5.77854,3.58714,3.41593,4.01353,3.82769
2.56628,3.78384,3.29434,3.8359,5.39801,3.13963,3.35735,4.48166,4.37676,6.20181
3.68741,6.10491,1.32319,3.03266,4.49331,5.156,3.44646,3.26249,2.84298,5.3362
3.16404,2.69568,4.55865,6.00816,5.46023,3.09009,4.2029,4.85883,4.04567,3.60264
3.95284,2.28435,5.32139,2.98005,5.76708,4.42027,3.45458,2.79942,6.60432,3.83152
4.32073,3.3196,3.7965,4.66975,3.09868,3.42352,4.00729,5.18383,4.18306,3.19461
3.59524,4.54246,3.63539,4.94706,5.85222,3.68284,4.40921,4.72685,4.73763,3.21649
4.80955,4.21912,3.93371,3.71684,4.22597,4.3984,3.11752,4.59988,4.23282,5.16931
3.53163,4.07475,3.94317,3.46823,4.18141,4.28108,4.3898,3.98613,3.28979,3.14257
3.55094,2.64358,4.06876,4.09961,5.98414,4.91297,3.99357,4.53168,4.67775,4.60279
3.96489,3.55282,2.55463,3.9969,3.88368,2.73126,4.43147,4.01582,4.34588,3.79115
3.04756,2.74993,3.89017,4.56995,4.51067,2.43884,2.49008,5.05298,2.7985,3.38693
4.77715,4.54266,3.89894,4.1579,4.55919,5.13507,2.53662,6.07429,5.31774,4.04493
3.2219,4.87362,4.73298,3.27485,4.18323,5.15531,6.01369,2.49304,5.44855,3.78768
2.52117,4.3201,3.83413,1.92079,3.8408,4.16825,4.12734,3.3259,4.3849,5.09985
3.86441,5.06438,2.01365,3.11691,3.97779,4.0832,3.91096,5.05216,4.06633,2.1292
3.5488,1.21417,3.46319,2.56455,4.21529,3.56424,3.89102,4.26357,5.20434,4.51102
3.6185,5.90209,3.86413,3.49712,5.4349,4.30456,2.39616,4.36891,2.80953,3.76419
2.87155,6.00705,3.89177,3.84801,3.75064,3.62849,5.1256,1.87789,4.58548,2.40957
5.23974,5.62424,2.19399,4.46002,1.74243,4.24777,5.75385,3.49271,4.09825,3.59371
4.44252,4.78357,5.14593,5.06025,4.22408,5.21377,3.74152,4.16422,4.70674,4.98637
4.97344,2.42606,6.20226,4.2925,2.21052,4.34369,4.07044,4.96162,3.05779,2.75011
4.39044,4.31012,3.82034,3.61307,3.54616,4.31874,3.89213,3.04047,3.52555,3.43808
3.41642,3.63683,4.59544,5.61594,3.45671,4.61706,2.57706,3.13354,4.29647,4.39136
3.65547,3.85134,4.71752,3.79738,4.19741,3.39478,3.2963,1.36905,3.08226,4.36557
4.76518,4.14276,5.1151,5.19087,5.05085,1.67336,5.89051,4.33465,3.56388,2.73371
5.99225,4.92288,4.84531,4.61318,3.1866,2.94229,3.61879,2.0273,1.19501,3.12978
5.39182,5.36214,2.92169,4.18417,3.28922,4.33978,3.71663,4.68424,4.19353,4.01457
2.92045,4.26451,3.33595,4.53702,5.48798,4.0216,5.32809,2.7078,4.1231,5.51774
3.6585,5.16349,4.41963,3.63322,4.35319,3.65048,3.25493,3.66542,5.57646,3.35258
5.24096,3.57849,3.00283,4.72724,3.87971,3.77399,4.35775,4.62809,4.37523,4.63221
6.09556,3.41437,2.27778,3.15273,3.53364,4.8904,5.25507,5.02667,4.15209,3.40348
2.50324,5.26237,3.89735,3.76424,3.82668,2.45271,5.56135,4.24048,3.05349,2.50785
4.64794,4.16627,5.05277,6.08109,5.09125,4.60992,4.68561,2.99993,4.4877,2.60156
3.8171,3.16079,4.82738,3.76808,3.98182,4.5123,4.9865,3.60852,3.92811,4.72336
4.74169,2.82548,4.37302,4.27361,4.18703,4.65964,3.46358,3.5099,4.20939,2.51222
2.36016,4.11834,3.39811,4.1503,3.40223,4.857,3.47459,3.03306,3.17961,3.36415
1.37007,2.63189,3.55265,2.22514,5.5358,4.02834,5.60989,3.64639,4.35494,5.45158
4.55983,4.9672,2.14784,3.94123,3.48365,2.22826,4.33605,3.62993,3.43931,5.06465
3.20564,3.79428,4.72111,4.13892,3.49024,4.55957,3.81722,4.38899,5.35027,4.36357
5.00481,3.8056,3.30707,3.85118,3.44752,4.27454,4.42354,4.93258,5.37806,3.49561
3.24271,2.70883,3.1108,4.23318,5.11916,1.97875,4.62615,5.9677,3.96853,4.8405
3.41135,3.70073,3.01461,2.07107,4.4936,5.6893,3.41957,4.15712,2.88969,5.49592
2.85872,4.07911,4.90039,2.90819,2.89531,1.88022,4.51742,4.60775,0.341794,4.47565
3.24436,3.22801,3.3841,2.66641,4.5984,3.46475,2.72326,4.37379,3.89377,4.12821
4.10764,4.62113,5.2518,5.12504,2.99277,3.63333,4.43684,3.94009,3.22414,2.34573
5.17377,3.51069,6.17055,2.9379,4.54352,1.9017,4.453,3.56729,3.28124,5.12866
3.97195,2.30105,2.6796,4.96049,4.3001,4.62246,5.81578,4.77698,3.96038,4.34425
3.81791,3.18122,5.27952,3.14629,5.25693,4.22104,2.66798,5.46979,4.52258,4.18203
2.95002,3.83718,3.47492,4.67871,4.28697,7.19736,3.4021,4.25101,6.06612,5.14727
3.79112,5.2335,2.55325,5.53388,3.03027,2.95455,3.36191,3.27954,2.75738,3.41091
2.74193,5.31617,4.50384,3.31719,3.81247,4.0036,2.92511,3.55906,3.33432,3.23255
3.04705,3.69713,2.89201,6.22454,4.44773,4.80969,3.08256,4.11362,3.85915,4.33996
4.13397,3.13375,4.19331,4.38236,4.57993,2.69424,3.66504,4.3996,3.25564,3.78853
3.52728,5.11129,4.03915,3.26149,3.61685,3.42157,3.60693,4.36771,3.79059,4.17859
4.12344,4.60916,2.64455,5.0792,4.48581,4.23436,3.36126,3.2153,4.30958,3.8547
5.39022,4.60146,4.69143,3.71998,4.34562,3.57882,4.61147,2.64143,3.94257,3.72649
5.61419,3.07072,3.68615,4.93733,3.53576,3.68908,3.97154,5.87176,3.97571,3.25729
4.48959,4.57115,2.97483,4.58504,4.16797,1.3835,4.2069,6.57607,3.99848,3.73543
4.54452,2.56277,1.83284,4.36977,4.25211,5.35022,4.34507,3.24199,4.72724,4.05789
3.73739,3.50673,3.28156,4.24498,3.17101,3.57608,4.66441,5.43432,3.82801,3.91574
5.30583,5.06634,4.23132,5.82965,5.58124,2.10198,1.48287,2.0876,4.76964,1.61392
3.67905,4.49633,2.61408,5.33207,2.93267,5.44351,2.93575,5.0927,4.00646,2.77408
3.58817,2.66772,2.35403,3.56613,3.50437,6.04736,3.54873,4.80308,3.85866,2.2078
3.87018,4.90365,2.17433,2.71437,2.40282,3.035,4.17967,3.15949,2.87274,2.945
4.34462,4.91895,1.9864,4.06415,3.90379,4.01543,2.6101,4.23373,5.8922,4.93684
5.99459,4.11709,4.03532,5.16432,3.36208,6.14465,1.91086,3.87969,3.52594,4.19464
3.26178,3.66755,4.64631,4.74854,2.91134,4.35906,4.29037,4.74031,4.54168,3.55244
4.95584,3.95759,3.02186,3.45587,2.42571,3.65878,3.44073,3.08124,3.91195,4.25664
4.31121,2.40714,5.0866,5.65244,1.07869,4.36063,3.37503,4.84586,5.18224,3.42186
4.5979,3.63579,3.88005,4.02753,5.17334,5.52629,2.90246,4.80616,3.61352,4.39691
3.73993,4.46737,4.38372,5.04015,4.01031,3.60389,4.07847,4.39167,3.90063,2.12621
5.76677,4.79841,4.61673,5.23799,3.00158,2.53307,3.8682,3.79596,4.51587,5.71314
3.50433,4.34501,4.63484,3.91893,5.23562,3.95279,3.71179,4.3144,4.73251,3.3961
3.4603,3.52053,3.30615,2.97849,2.90718,5.10763,3.7688,3.70913,4.91893,5.1923
6.03784,3.78515,5.40399,5.12513,3.33536,4.11838,7.92933,3.82655,4.09888,5.73505
3.46991,3.56972,3.44994,3.72237,2.58256,4.28216,4.55271,5.14917,4.17009,2.85988
3.39368,3.41034,3.51117,3.78492,3.68711,5.01337,2.36738,6.15021,2.86275,4.29196
2.56178,2.83977,3.33201,4.911,3.37663,2.56048,4.12717,2.37126,4.93919,4.77135
4.39395,5.84302,4.11483,3.99728,1.71035,5.76022,4.33513,5.0917,6.93604,3.99461
4.80704,5.21367,2.996,3.76417,4.43668,6.09638,5.12365,3.50069,4.91862,6.00641
3.77683,3.29072,4.23896,2.68487,5.39097,2.86606,2.56773,3.90503,4.98189,3.42899
5.12394,3.62169,3.69373,4.14149,4.12933,4.78366,3.85467,3.82159,3.03758,3.31072
3.46313,3.52677,2.85785,4.47454,3.37749,3.4614,3.9486,4.47591,5.07642,4.21184
3.9544,4.75947,3.77201,5.19488,3.29245,3.67216,6.41049,3.75761,3.13086,4.96502
3.38695,2.71628,4.41034,4.8426,4.22328,5.06197,4.65948,4.25494,4.69622,6.3973
2.96394,3.85456,2.73547,5.27273,4.27485,3.73983,4.27058,3.69452,6.28174,1.88214
3.49379,4.02417,2.52053,5.83049,7.20518,4.97285,2.3996,3.57877,6.41397,3.83345
5.76711,4.242,3.46005,4.58348,2.47192,5.06342,2.1242,5.12612,4.51611,3.87639
4.30684,4.02548,4.60226,4.76125,4.90319,3.74239,3.93519,4.68727,5.88307,2.33969
4.03461,3.96341,3.81801,2.3188,3.61155,6.418,3.51961,2.30061,3.04342,5.32776
3.4862,2.37105,4.46677,4.73946,4.15397,3.19332,4.96467,4.20265,3.02428,4.81583
4.79826,5.06674,3.68632,1.79077,4.04478,3.04639,4.57939,4.0659,3.13674,6.13765
4.21176,4.3822,5.22442,4.78485,2.74481,4.02522,5.48842,5.04747,3.42633,3.60727
3.16724,4.4517,5.87266,4.7027,4.5293,4.09559,3.17581,4.63851,4.12942,4.81056
4.69164,5.85316,2.8714,4.16119,4.29306,2.45981,4.51157,2.86901,4.2038,2.72209
2.97573,3.2516,2.29238,4.35649,3.1185,4.19806,4.01258,3.91259,3.44413,2.68877
4.34539,3.44146,4.09655,4.52238,4.91357,2.66706,6.10126,4.13094,3.76117,1.77988
2.81525,4.317,4.37362,3.38434,3.74396,4.34186,6.65476,3.85539,2.45547,3.88709
5.398,4.85462,4.21372,3.88258,3.93198,3.85222,4.10025,3.56058,3.21262,4.2448
2.71275,4.33893,4.1945,3.20708,4.02198,4.34717,4.96593,5.1366,2.11286,3.09455
5.41911,4.14884,5.06986,3.67025,4.59019,3.67055,5.10292,5.15312,4.72681,4.28427
2.22134,5.13772,5.86836,3.51345,4.50396,2.58404,2.4095,3.39874,4.97992,3.65488
4.26918,3.53881,3.02667,3.43821,1.95421,4.13839,5.03365,4.05025,3.32285,5.07477
2.41428,4.1369,2.79062,4.53899,3.8999,4.10195,3.42077,1.8708,4.61015,4.45525
2.17861,2.84341,3.58627,1.21914,3.27745,3.67635,3.68636,3.01996,4.01001,5.90157
2.34495,4.90317,4.87897,4.93316,2.66714,3.94565,6.90634,4.25975,4.11494,2.77688
3.67902,3.49005,3.52524,3.58877,3.80782,7.68067,4.15333,4.90028,5.16444,2.98315
3.88968,5.01958,3.22546,6.06296,3.90545,4.736,6.15817,4.95039,2.72965,2.36733
1.52248,3.22978,2.87699,3.46423,4.09684,5.28971,5.11732,3.80512,3.07992,5.55758
3.86166,5.99208,3.51372,4.20457,3.36199,3.12541,3.31381,3.65889,5.07918,3.71752
3.57982,2.83735,6.10464,4.99654,3.8603,4.79376,4.76367,4.66956,3.5066,3.8034
2.6394,3.19061,4.91665,2.09989,5.40438,4.91172,4.51652,4.26384,4.87665,5.58814
2.5592,5.08768,3.93351,3.55288,4.45417,4.3074,3.78019,3.73142,3.63109,4.41925
5.58822,3.75696,3.85505,3.42872,3.33308,2.6288,6.16143,4.70759,2.61793,5.7374
3.68712,3.52516,2.97575,4.15393,6.23706,5.05844,5.23448,4.62098,2.52269,4.48301
4.48135,3.48825,5.06961,3.64286,3.12775,2.5123,2.68428,3.51436,3.19757,3.16719
1.88358,4.34,2.50986,3.72444,2.99579,3.8245,4.10791,3.63219,4.16244,3.40306
3.32863,3.76972,3.85819,4.01299,4.41478,3.82026,5.72442,3.88673,3.90852,4.51676
3.67742,2.86141,1.86708,3.0555,5.06021,3.30159,4.06529,6.04266,4.65383,3.44334
3.21662,3.54781,4.1216,4.89135,3.95433,4.69519,4.05706,3.29684,4.47734,4.0459
4.74567,3.75706,3.26319,4.15949,4.9616,4.33479,3.84118,2.37711,3.75261,5.50421
4.74133,4.49059,5.38645,2.8746,2.98013,3.34527,1.55409,4.24072,3.44704,3.0088
1.56362,4.09119,2.85699,2.68426,2.93677,3.98412,3.19526,5.52215,3.06435,4.47729
4.52133,2.09028,5.5542,2.39666,3.61324,3.94102,4.05383,4.58558,6.22021,5.74051
4.44975,4.88891,3.9142,3.80789,3.04964,3.40336,2.30716,4.62741,6.08285,5.30382
4.77038,3.61068,2.35982,2.86252,4.16041,6.18357,5.35299,2.79502,3.48675,5.67087
3.38455,3.64925,4.3877,3.93185,1.96078,3.05093,3.74564,4.53432,2.64819,3.82442
4.62598,4.31498,6.29933,5.62591,3.56297,4.15566,5.11992,3.65475,4.47682,4.83367
3.93674,5.18052,3.76584,5.79062,5.05538,4.72748,3.53507,4.71875,4.20168,5.67452
4.40477,3.76967,4.48976,4.27623,3.83899,4.27291,4.43095,4.88106,4.49723,3.97701
5.21767,3.50698,4.08771,3.70345,5.69894,3.44757,4.11997,2.29559,5.62029,3.62796
2.41921,3.33811,5.65023,3.67408,3.97939,5.24975,2.89821,3.32213,5.02527,1.8217
4.2741,2.98013,5.04207,3.14585,4.68313,5.05548,4.03911,2.8368,4.53962,3.48399
5.14827,2.85529,3.76123,6.06372,4.16311,3.26485,5.28368,2.94636,2.75754,3.91796
4.25904,3.69089,3.74616,2.69819,3.40233,2.28089,5.3578,4.64024,5.5997,3.30734
2.3478,2.92262,3.58193,4.18568,4.12548,4.28652,5.08509,5.08797,2.99923,3.86804
3.26181,2.55908,4.73297,3.73009,4.25816,3.50037,3.11575,3.33635,3.92186,4.31003
4.72292,3.23297,4.69978,4.14249,4.03529,3.08095,4.11915,6.45259,4.20764,3.15465
4.82398,2.74448,4.93526,4.89307,2.58793,2.90728,4.35488,3.89593,2.37363,5.43685
4.16285,2.93094,3.52169,4.36281,4.58313,2.32101,4.62409,4.41896,3.07815,3.65154
4.5515,2.95224,3.43585,4.43172,4.73164,4.17459,3.12227,4.08354,2.74492,3.40273
4.10758,5.35937,4.56406,4.74822,4.05277,3.32951,3.82506,4.91893,3.42042,4.94
3.47872,3.75149,5.1415,3.84958,3.37067,2.05391,5.33861,2.70747,3.01284,4.07001
4.80387,4.44968,4.0465,3.76543,4.1432,5.03793,3.4442,3.79169,3.39512,3.52717
3.69352,5.28356,3.61163,5.18739,3.77432,6.91803,4.30857,3.94199,4.47929,3.96637
5.43677,4.45634,4.53736,4.30253,2.54154,5.3794,3.46337,4.14803,4.40537,3.77688
4.16857,4.03668,4.67982,5.44646,4.49477,4.53974,4.31931,4.22287,5.40713,3.63249
1.95249,4.78166,3.91954,4.01026,2.94781,3.26964,3.88398,3.63949,3.74541,3.35433
1.73407,4.78152,4.06137,5.05749,3.40536,3.79384,4.32901,3.74053,6.59207,4.6947
3.89856,4.54947,4.33431,4.57501,5.37894,2.291,3.11404,4.87562,3.78633,5.28635
3.69423,3.43599,3.10643,3.42093,3.08087,3.09219,4.72446,4.24322,4.28935,4.74175
2.42501,4.97382,4.44416,4.32778,3.69016,6.44541,3.97694,3.26737,3.62069,4.5516
5.04066,6.25385,4.24691,4.68877,4.78414,4.02251,4.77033,4.40276,4.69547,5.15549
2.95088,2.72226,3.77811,4.19784,3.8904,3.46833,3.84909,3.65509,3.8823,4.90466
4.41268,5.20029,4.31701,2.79752,4.17613,3.90301,1.85511,4.2451,3.3707,5.1104
3.89489,4.25543,4.79812,3.59007,5.0691,4.9876,4.33801,5.84074,3.07475,2.49457
5.29143,4.76339,3.9841,4.61034,4.51093,3.94572,3.95947,3.31413,2.20436,5.35945
3.59926,2.95865,4.46272,4.9907,4.81108,3.70184,4.86437,4.70906,2.3584,2.81059
3.65976,4.61878,3.6438,5.90734,4.04495,5.15978,3.77326,3.10231,4.86613,3.87303
4.46234,4.09868,4.54592,3.53072,4.6817,4.37115,4.88848,6.40078,3.33179,4.00554
4.17279,3.73334,5.60462,3.72416,4.0113,4.7428,4.36685,5.58985,5.00156,4.24454
4.49909,4.4407,4.30483,3.87982,4.30409,5.15917,5.42334,1.86441,4.10925,3.75392
3.61871,2.74865,4.70132,3.76293,1.63515,4.50006,1.99532,6.06851,3.94966,2.881
4.90523,4.5252,5.27155,2.67977,4.85299,2.38824,3.76292,5.67021,5.39239,3.49505
3.82105,3.27796,5.06476,2.92434,3.37433,3.16077,4.10614,4.75108,4.2309,4.32863
3.11523,4.97992,4.53532,5.58375,1.43458,4.7712,2.9715,3.24994,2.99973,5.47297
4.31844,3.17154,5.32506,5.54796,2.98507,4.36279,5.42148,4.55134,5.70843,2.36697
4.14274,2.39215,2.8914,4.75547,3.7162,5.07588,6.59172,3.76811,4.08503,5.32219
3.16419,1.78403,2.3192,4.57241,3.49692,2.7265,5.55173,5.65161,3.38017,2.9456
4.63062,5.11022,3.74938,3.77853,4.68009,2.92263,6.11099,5.23715,3.11503,4.97625
4.78336,3.11508,1.23157,4.83538,4.40616,3.62147,3.86212,2.84073,5.73471,2.8688
4.03579,4.49288,3.27548,5.88167,2.86607,2.02929,4.27959,3.72347,3.71732,2.90464
3.95651,3.64514,5.00963,4.61792,2.08105,3.90938,3.43909,4.9367,5.44767,5.45505
4.19199,5.3935,1.84983,4.65107,4.70179,2.50768,5.70667,5.34404,4.9042,5.32404
2.80562,6.0605,3.42523,4.94495,4.26102,4.21013,3.62537,5.13221,2.48367,4.07369
3.88695,3.34429,4.17469,2.30318,3.25052,4.04986,4.04678,3.08033,4.55211,4.6658
4.79227,5.60635,4.51607,4.19203,4.01232,5.61601,3.98495,3.37484,3.6317,3.21257
2.83534,3.9483,3.88793,5.32668,3.40877,4.13382,5.23708,4.82509,5.71021,4.55189
4.30408,2.14059,4.40524,4.36353,4.23543,3.51098,3.0963,2.81551,4.28976,5.04852
5.54577,3.70239,4.48058,3.17858,4.08531,3.70306,3.46513,4.01477,4.49421,5.67223
4.05065,4.0792,4.75297,3.24802,6.17599,4.45159,3.93784,3.51937,3.6969,3.10376
2.47205,2.44985,4.84453,2.77546,4.32657,3.78231,3.09161,4.45273,4.0666,3.71107
3.42157,1.7684,3.16697,4.02122,2.05805,4.04323,3.95077,4.09548,5.14053,3.21673
4.67246,4.46297,3.26085,3.94051,3.40332,7.67333,5.08748,2.88833,5.23184,4.22821
3.19363,3.69019,4.40374,4.77029,4.29904,4.61976,3.5927,4.54805,3.42777,4.97423
3.41077,2.92519,4.95195,3.39934,4.11137,5.03423,2.25679,5.38964,4.60996,3.90924
3.86253,6.25993,4.82878,5.06944,3.43675,4.8368,3.56955,5.55706,4.18636,4.43428
1.73177,4.36334,2.46814,3.81571,4.19607,5.20837,4.53967,4.83554,3.54005,5.22687
4.05029,2.62687,4.1178,4.29824,2.37005,4.84987,4.28593,4.78632,4.43227,3.74021
3.3971,4.28478,3.23629,3.33051,5.10615,4.15638,4.19106,4.00922,4.16989,2.35745
3.13595,4.70075,5.16495,4.44694,3.35156,2.46182,3.38957,5.27474,3.54078,2.85564
4.87478,5.35918,5.07836,4.09939,5.36372,5.10786,3.71087,3.45228,2.1015,4.70391
4.28352,4.02905,3.67621,3.42955,3.10388,3.87242,4.56336,4.06864,5.30501,4.52574
3.62659,3.99792,4.75096,2.63026,6.42586,5.52519,4.85845,4.52431,4.65874,3.0207
5.12628,4.09899,4.12519,4.03136,5.22983,4.91821,5.85771,3.06642,4.78945,4.16705
6.56946,3.33423,4.20253,3.34978,3.38337,3.14144,5.53701,4.40845,2.45249,5.64803
4.81647,4.17443,5.76088,4.81675,5.07839,5.10382,4.74344,5.93499,3.42312,4.3454
2.47678,2.08576,4.39071,2.39479,2.09177,4.14778,3.28495,4.64554,5.60982,5.37156
2.50245,5.19519,3.82892,4.25965,5.18971,3.69497,3.78171,4.9718,5.76232,2.81018
3.74673,3.20062,3.74113,2.28606,4.28314,3.8656,2.65467,3.49544,2.68749,5.21916
3.59353,3.21383,4.31905,2.54234,3.49087,4.83455,2.38005,3.95681,3.69994,2.52892
4.26198,3.78309,4.08557,4.06639,6.21601,4.2698,5.61871,3.44498,2.8819,3.63067
3.18683,4.00795,3.16227,2.7321,4.39258,2.2682,4.3967,3.95932,4.16591,4.39095
3.58424,2.67955,4.56926,1.91569,3.09951,5.467,3.98349,5.81146,4.63836,4.99062
3.50518,4.70965,3.69279,4.60912,3.97881,2.6065,5.49979,5.44928,3.98518,4.35478
5.51812,3.65888,4.18942,3.70374,4.99791,4.9289,3.80876,5.53969,4.29692,5.38236
4.52931,4.08984,4.10105,3.33197,4.7702,3.36001,3.23722,3.73416,4.30456,3.81622
3.93452,3.25675,4.76858,3.48185,4.0241,2.97758,3.82277,3.7079,5.02559,3.41652
2.62756,4.37982,3.1834,5.02572,4.76704,4.45562,3.74428,3.9811,4.82427,5.15616
3.56233,3.29127,5.03498,4.62596,3.56812,3.40509,5.78217,3.45068,3.31972,3.3396
4.23713,5.50831,3.53284,5.61249,2.96583,4.02231,4.49865,3.63397,3.31818,3.87617
4.26797,1.92183,4.50769,4.85981,4.35211,3.03266,4.4728,4.59018,2.88277,3.5602
3.10766,4.46547,4.50469,3.42977,5.06448,3.57641,3.46742,3.99371,3.20092,3.45318
2.81776,4.41887,3.34299,4.30011,2.29582,5.42156,5.60113,4.75947,4.48988,3.09798
4.99405,4.96851,5.43158,4.27878,3.45929,3.28947,2.74274,4.36062,2.97169,5.25098
2.34207,4.99582,5.08854,4.35586,2.45327,2.61691,3.68335,4.22336,5.09838,4.54389
3.74324,3.77147,3.3174,3.92317,3.3671,5.11272,4.89506,4.06789,2.85124,4.9403
4.0337,4.25322,4.47228,3.967,1.4578,4.16449,4.95184,4.93643,4.45755,2.5668
4.59891,5.05107,6.14469,4.10318,3.56506,5.43855,4.41041,4.72522,4.75375,3.35633
3.81285,2.72407,1.95116,4.29077,3.51069,5.44633,3.02967,2.38594,3.90934,3.37316
4.17203,3.49092,2.09621,2.49111,4.05595,3.73372,2.79464,4.06498,3.96808,3.19117
4.73444,3.25217,2.8722,3.04477,3.03922,3.33212,3.58612,3.1345,3.2726,5.29362
3.47022,6.20362,5.27336,2.87304,2.98681,4.24901,4.77252,4.64184,5.76905,3.89215
2.79901,3.6577,3.85397,3.90082,4.7116,6.94707,4.53185,2.84892,4.18494,4.27911
3.51454,1.92088,5.88399,3.60307,4.59953,4.09725,4.65134,2.76584,3.15329,4.39403
4.2419,3.81844,2.85516,3.22506,3.20579,3.20537,5.19678,5.46599,4.96618,4.169
3.44751,5.284,4.82085,4.1442,3.25765,5.078,4.44029,4.46929,2.76202,5.68723
3.9909,2.71764,4.00441,3.78348,1.72132,3.33224,4.35204,4.37905,3.37764,2.77442
3.68398,4.93231,4.85813,5.19229,3.85083,3.25842,3.28908,4.55904,3.78605,5.88107
3.26113,2.36282,2.31043,3.94895,4.02696,5.59495,3.7235,4.66135,2.45699,4.04539
2.24604,6.08783,5.58883,5.295,2.39801,3.00841,4.962,4.97016,4.57602,3.51274
1.69846,3.9732,3.95788,4.24733,2.85706,4.12173,2.34284,3.87275,3.38461,3.89131
4.76992,5.45183,4.92598,4.68709,2.83018,4.6193,4.37889,4.28818,5.71197,3.23428
5.11574,4.89717,4.09491,1.52192,5.33799,2.73826,2.55461,4.70778,2.76533,5.52187
4.69959,5.47903,4.69114,4.70352,4.05886,3.10748,3.24502,4.78469,2.08802,3.37058
4.52034,2.58369,4.55925,4.37512,4.09792,4.78469,4.11894,5.51433,4.02086,3.21398
4.94886,5.01273,4.6595,4.03496,2.98017,5.00464,4.83063,1.83172,4.78162,4.24936
4.86894,3.8823,5.35732,3.91016,4.45661,5.58942,4.50314,4.63052,3.75665,4.89622
4.33041,5.02128,3.59353,3.88096,3.81483,3.28592,3.29486,2.27113,4.11531,1.78362
3.05878,2.97776,3.64711,3.9753,3.52186,4.30633,5.20585,3.61248,4.59736,4.92644
5.60299,2.67024,5.26016,3.04493,3.82844,5.41929,4.82868,5.5703,3.98553,3.95298
4.81458,5.48582,2.41143,4.27995,4.31462,1.51927,2.1579,4.84499,3.58807,4.27559
3.55006,2.8159,4.82864,2.65279,1.88868,3.58446,4.17915,4.0276,3.76623,5.17233
6.52878,3.30749,4.29956,4.85916,2.96098,5.41827,3.47648,4.94471,5.08944,3.42682
3.86179,5.33966,4.11742,4.58757,4.45353,3.32513,3.20545,1.19878,5.41446,3.86701
3.60841,4.13707,2.73848,4.65476,5.04768,3.87812,4.77161,4.71462,3.15338,4.67481
3.69798,5.3319,4.71379,4.72364,5.25103,4.99883,2.45768,5.14035,5.22378,4.64917
3.16665,2.83765,3.94919,4.13318,4.42529,3.97814,5.22057,3.54773,3.02513,4.28615
2.37848,4.47306,2.98062,2.76063,5.54719,4.98826,4.76002,2.46741,4.12513,4.11381
3.84991,4.10026,2.59406,4.9718,3.75391,5.55022,4.97117,3.86616,3.46322,4.04877
4.09858,3.04741,3.1257,5.01447,3.64118,4.32249,4.51649,4.64427,3.85831,4.40124
3.03191,4.43525,5.17686,3.82049,3.29626,3.31513,4.55649,4.46008,3.01076,5.65645
4.41752,4.24786,4.07328,4.25576,4.57262,3.83426,2.73319,4.44402,2.55297,3.0369
4.238,4.75702,3.76429,3.65971,4.06211,3.0792,4.04933,3.90013,4.9112,2.72741
3.82878,5.29979,1.90149,4.46568,5.25446,6.05384,4.57848,5.59565,1.92444,2.1538
2.13022,4.73648,5.13292,2.4316,6.73429,4.87522,4.79651,3.99768,3.42302,5.25932
4.58124,3.7199,4.81677,2.8664,3.71973,3.7847,4.52109,2.70562,4.18236,4.00179
3.0133,5.50196,3.11456,4.75662,4.98115,3.94478,3.73696,3.38184,5.18652,2.99322
5.20588,4.22398,4.12925,4.83965,3.18863,4.27649,4.76681,4.82255,4.14175,2.53463
3.38701,4.24349,4.26807,4.2393,4.94543,2.52801,4.34346,5.24888,2.55729,5.22326
4.28893,1.16367,5.21187,3.49597,2.5886,3.34951,5.77175,4.50442,3.76804,4.93581
4.82499,5.60966,4.25607,5.08571,3.47986,3.38248,4.95143,5.23803,3.52366,4.35058
4.69132,5.25509,3.91792,4.76019,4.24337,3.20287,2.30601,3.42376,2.92335,4.37173
5.84614,4.21666,5.92123,5.33099,4.49633,3.87912,2.23,2.87984,4.6723,3.45158
4.09568,3.45878,6.1774,2.66499,2.94777,2.88152,5.90174,4.01492,3.65911,4.41235
3.39183,4.48115,4.5431,5.44274,4.35956,4.14731,6.92248,2.13211,3.58868,4.02114
3.71802,4.23984,4.41337,4.1681,3.92218,5.38239,2.6307,4.31371,6.25254,2.31597
2.79969,4.82175,3.20817,5.40837,5.45882,3.63101,3.91524,5.59093,4.1086,4.92137
2.17086,6.48893,2.80327,2.79486,2.68846,3.21694,2.71672,4.10463,4.57932,6.39302
4.46729,5.03522,4.4066,5.00539,4.65778,5.39123,5.99384,3.86663,2.49747,3.62658
4.97358,6.70968,2.20752,3.21069,1.57138,4.4383,3.04767,3.77741,3.63121,4.26884
4.90887,5.14833,5.79918,3.92194,2.64102,4.9564,2.81201,3.42677,5.09725,3.82352
4.43234,4.3338,4.01175,3.04088,4.14916,4.48323,4.18539,4.23035,2.60921,5.29824
4.89035,5.18959,3.1201,3.74525,3.14352,3.33569,2.04784,3.82236,3.34249,4.9898
5.29737,2.51462,6.69891,4.93016,4.32696,2.4667,3.68452,4.69704,3.91136,3.97401
3.29242,5.5553,3.60831,4.84385,5.39507,2.34859,2.68927,2.81567,4.57189,5.01114
4.20683,5.43293,3.95209,5.13153,3.75706,3.24656,3.8054,6.06534,4.28525,2.6802
5.59041,4.48166,3.66455,4.84439,4.70909,4.03661,4.82367,4.83142,4.81407,5.46519
4.64983,3.11933,5.40292,3.92845,4.3347,3.2343,3.5754,3.07089,4.72757,2.95298
3.70324,4.92372,3.3267,3.2386,5.00994,3.90563,4.38991,4.32339,2.76874,4.49434
3.88738,4.27924,4.20992,5.2272,4.71965,3.61399,5.09815,3.67185,5.4516,4.36468
5.27366,4.50282,6.35125,3.88366,4.52343,3.74073,5.38626,3.29048,3.30107,5.02613
5.32795,3.71117,4.80581,4.55968,4.54343,5.16211,1.98801,3.45035,3.95328,4.10347
3.87184,5.34393,5.76602,3.52385,3.67759,3.6998,4.80131,4.7582,3.55803,4.91248
5.92451,2.0632,4.04267,4.15095,6.62399,4.50404,3.74348,3.71243,3.70853,2.09112
1.02242,3.37109,4.66301,4.15734,3.79041,3.94734,5.46265,4.32603,4.9588,4.3132
3.54315,3.91875,4.18412,3.88263,3.6381,2.79049,3.89298,3.79138,4.53029,3.33173
3.15425,5.94948,4.99892,3.87722,4.54309,4.16412,5.61545,4.40171,2.96884,5.03804
4.17224,4.15949,3.92808,3.64608,4.96535,4.3175,4.48805,2.70468,3.24145,4.47484
2.18675,5.50233,1.61489,2.57254,3.7386,4.72175,3.30128,5.09567,3.85703,4.41306
0.352552,3.23212,3.63276,3.27453,2.12539,3.53008,4.76457,3.93525,4.20513,3.35162
4.85654,3.89285,3.58397,3.20391,3.55303,4.14724,2.85636,4.71877,2.48665,4.06555
2.93987,3.80753,4.39508,4.75147,4.93644,4.73706,2.87741,3.07396,3.94047,2.79979
4.00526,4.55495,3.60796,3.15745,4.44584,3.82244,4.86809,4.18314,5.12744,2.99216
3.50464,2.81975,4.86883,6.4723,4.65464,5.265,4.2959,2.02966,4.4727,3.8975
3.94909,3.30931,2.70983,3.21613,3.70068,3.59173,3.9173,4.09706,2.45402,3.48299
4.85283,4.90254,3.15403,2.8491,2.45984,4.79812,3.51439,4.96928,4.81571,4.63989
3.43143,5.22523,5.37122,3.93471,2.61061,2.17897,3.71662,3.68504,5.35415,3.76838
6.06215,3.64107,4.61023,4.06301,3.35142,5.45397,3.95274,5.70965,4.44639,2.96635
4.29706,3.00963,1.46927,3.60955,5.52605,3.80131,4.90472,3.38866,4.85927,4.63302
2.88473,3.57436,3.77211,1.88743,4.09569,5.30396,2.89941,3.80734,2.95334,3.89843
5.92438,4.1038,4.69237,3.83469,6.36472,2.576,3.76249,3.86688,4.10487,1.52931
3.75643,2.40727,2.69211,3.12907,2.36572,4.48572,4.61323,4.8023,4.65399,3.67789
4.69525,5.3704,4.24067,3.70855,3.94864,4.39827,4.0138,5.40301,4.15613,2.65047
4.77008,2.94737,2.78157,4.53878,5.14166,5.00133,3.14538,3.24557,4.77096,2.89493
2.45984,4.21315,3.40772,6.15743,6.42533,5.17571,4.56411,3.19807,5.05706,4.47881
5.30303,2.08861,4.71712,4.93346,2.81914,3.76581,4.29387,3.83761,3.26131,3.96084
4.03291,4.95828,4.54358,4.71507,4.30541,4.07189,2.979,2.68397,2.94124,6.32329
4.60446,5.78396,5.17017,4.17483,4.14797,3.25265,5.85321,4.57738,4.68465,3.8886
4.12372,4.84317,4.14681,4.05222,4.85368,5.09548,1.41204,2.99384,3.30951,4.92021
4.33415,5.11909,3.95117,1.70027,4.66804,3.95245,3.24551,3.55215,4.79962,4.89685
5.82478,3.77649,5.21654,5.5203,4.92591,6.66683,3.59254,5.6706,2.32414,4.48635
4.14095,3.27663,3.40755,4.5428,2.61766,4.23876,3.27336,3.80787,4.23803,3.20618
2.33864,5.27469,4.27147,2.56017,4.62964,3.12726,5.5634,3.33233,3.91235,3.79262
3.29044,4.46543,3.27864,2.29657,3.77232,3.92634,5.43859,5.70075,4.78423,2.67126
4.59936,5.13679,5.00503,2.43291,3.56741,4.21127,3.77405,3.54113,2.74616,2.7395
2.06059,5.23569,3.40489,5.13507,4.52055,3.49087,3.70775,3.48204,3.28327,5.46834
4.44556,4.40057,3.60897,3.03499,4.96748,6.37877,4.01115,5.07259,4.85754,3.92942
3.87832,5.02311,4.80662,4.20204,4.59748,2.97884,3.85335,5.01026,4.39823,3.34885
4.36191,5.29392,3.17108,3.1927,4.3536,4.03254,3.26987,0.874685,3.76028,4.20522
4.08565,3.98941,2.59217,4.86222,5.85731,2.87118,4.38765,5.59749,4.62896,3.96694
3.58556,4.33731,2.83242,2.81913,2.70031,2.91239,5.98442,2.00858,1.70093,2.7704
3.84904,3.85266,3.96278,5.82911,2.35474,3.92747,3.68886,5.32603,4.85947,1.57005
3.68363,5.14378,4.18514,4.777,3.50018,3.67352,5.02178,4.45273,4.3356,4.19347
3.50568,4.52441,3.11246,2.22142,3.60524,4.32757,2.89095,2.5856,3.15756,2.62372
3.06504,4.96293,4.19647,3.67474,4.69412,3.43408,1.8275,4.06668,4.08389,5.02334
4.81832,3.61398,5.24029,3.63241,4.51713,5.31492,3.15786,3.84723,2.73813,4.78521
1.63622,2.96442,5.18396,4.00567,3.47847,3.66448,3.48391,3.43368,3.10808,2.80238
1.89011,2.99724,3.87892,4.33464,4.57943,4.72547,3.51338,4.23383,4.81842,3.97879
4.84953,4.6063,5.56526,3.94424,2.08513,4.78093,3.50032,3.87772,4.20079,2.26316
2.42204,5.95536,4.50143,4.86696,2.8756,5.31567,2.43918,3.6961,4.39279,4.40165
3.39175,3.53445,4.6259,4.30029,3.73342,4.71373,3.49099,5.24831,3.2549,4.95163
3.2114,4.06637,3.15124,2.70488,4.25802,1.09917,4.12823,5.42643,3.21272,3.20937
3.66686,3.79367,2.51851,4.63242,3.3419,3.72581,3.83627,5.27127,3.94774,3.08218
3.11663,4.7712,3.93966,4.68363,2.97379,3.19173,3.28095,3.69742,3.65577,4.21303
3.19071,2.3802,1.66619,3.51581,4.51979,4.47905,3.13116,4.40106,4.63621,2.61915
2.81802,2.52847,3.55063,4.54996,2.72385,5.5596,4.44222,5.68728,4.27452,4.25821
6.36501,4.59272,4.49704,4.06522,3.44982,3.97194,3.92831,2.75151,2.65432,2.71806
3.28197,2.44217,4.03183,4.72874,2.87241,3.86874,3.2648,2.01391,3.50884,3.92887
4.06591,4.72532,3.9303,4.41173,2.95035,3.59471,3.08951,3.93564,3.66387,3.46305
2.395,5.35452,4.55285,4.18917,3.91069,2.30262,4.1899,6.12778,2.6019,3.60603
0.715668,4.40472,4.93104,3.75148,5.0169,3.7385,4.26874,3.33442,1.90238,5.2095
3.38752,4.32906,4.37542,5.00121,3.95255,3.03478,5.0316,4.61875,4.54612,4.463
4.13858,5.0089,5.27409,2.169,4.44612,2.04606,4.13232,5.10949,4.64037,4.16737
5.27822,4.50302,3.45703,4.10048,6.93704,3.38244,3.51926,5.44879,2.48443,4.62163
4.5129,3.73799,3.41433,4.51175,3.66402,4.83053,3.46845,4.99751,3.98899,3.34221
4.85387,4.3735,4.61872,4.54123,5.0464,4.50823,3.52415,3.35612,4.1579,4.62333
4.95245,5.6607,3.83057,4.05405,4.24671,2.84594,3.55558,4.84385,4.07057,3.87575
4.83943,5.28556,2.46784,4.18051,2.60311,4.06785,3.91443,5.85823,2.94178,2.84718
5.55492,3.92305,4.58603,3.72031,0.919138,3.92984,4.01154,4.80794,4.83362,4.32932
4.35183,5.02617,3.41203,4.44425,3.46277,4.10967,4.38466,3.84532,4.98378,5.0925
4.78389,3.71447,5.31975,2.55427,3.76504,3.92092,3.5342,4.7297,3.82223,3.50952
4.29796,4.65842,3.35971,3.73674,3.603,3.55621,5.45714,2.6316,4.80653,4.6906
3.87877,4.46494,2.87457,1.78435,3.77747,3.79761,4.15015,5.60785,4.46814,4.97016
3.93144,3.66029,3.81162,4.37431,5.00571,0.121425,6.246,2.4949,4.21088,4.26494
2.62055,3.6313,4.24761,2.40142,3.96015,5.46968,4.7478,3.0269,2.95546,5.44583
4.32036,3.5902,5.63549,4.85912,3.22708,4.47894,4.41162,6.32873,5.53781,3.24461
3.13479,4.45238,3.98275,5.21115,3.42521,2.79458,4.87973,4.70262,4.52139,5.52838
4.21832,3.78601,2.77849,4.18329,4.40907,2.8227,2.58628,2.99667,5.5547,2.85339
5.58613,4.76805,5.09411,3.76647,4.12258,4.42082,3.41224,4.58993,3.68687,5.0783
3.38859,4.07387,3.61884,3.68999,3.45695,2.56847,4.06697,4.44183,4.90388,4.59477
4.99992,4.20775,4.39432,1.61669,4.29782,4.74784,2.9833,3.67176,4.70925,5.40323
4.24284,3.67326,4.42827,4.5179,1.9981,3.78994,3.80917,3.54296,2.08039,4.6406
3.31449,3.77207,3.3822,2.89973,3.44065,4.53192,4.7257,4.10398,4.97099,5.01023
4.44964,4.79294,4.00354,3.23297,4.87969,3.40375,4.91523,3.95323,3.6591,4.32092
3.28302,4.32262,2.83322,3.19076,4.72621,5.00181,4.16358,4.9951,5.07931,3.72308
3.15902,3.8972,2.97522,2.81207,5.10307,3.83735,4.16871,4.99777,4.07707,5.9678
3.01255,4.59641,3.26631,4.63985,4.1368,4.19082,2.70315,1.0188,3.23521,3.40895
3.93771,3.26526,5.5803,5.28322,4.00246,4.64758,5.68578,3.9458,3.58616,3.12762
4.70554,3.83336,5.34526,5.23452,3.67877,5.13325,2.10911,3.61892,4.25378,4.35855
3.95996,3.2287,2.84997,5.10304,3.30825,3.25501,5.38925,4.18191,1.97867,5.01689
6.75349,3.85897,3.77347,6.83786,4.9585,2.33089,3.94972,4.79262,3.42301,4.78705
2.72582,2.44434,5.08667,2.69213,2.91645,3.26437,4.05671,4.2244,6.6399,4.56389
4.15244,5.03984,4.52843,2.41099,3.48487,4.04562,3.11999,4.59032,3.78108,5.18005
2.7617,4.24213,4.87251,1.81392,6.3648,2.77485,3.88407,3.6875,4.01513,5.72666
4.45958,3.00783,3.03157,2.77932,3.74847,3.5276,6.1443,5.00016,5.22491,4.09274
3.84389,3.71293,5.00696,5.12105,4.71752,3.28015,5.10968,4.96509,4.87414,4.63337
3.47759,5.12408,3.31781,3.66169,4.22929,4.21243,4.04877,5.42575,4.12538,3.94693
2.82579,2.67351,4.50334,3.66393,5.88068,4.14413,3.19589,5.02793,3.54042,3.7727
4.21248,3.14587,4.49779,2.67116,2.66618,4.433,3.80866,3.90176,5.4467,3.90055
3.8372,2.81661,3.9431,3.81247,3.04469,2.49841,3.53509,3.86809,3.45603,4.68429
3.74854,3.54369,2.78039,3.02722,4.42922,4.28853,3.79713,3.20582,5.27518,4.54917
5.52612,4.55476,3.57576,4.83363,3.82296,3.30241,3.23375,4.53727,2.80339,4.95454
5.42032,3.92078,4.00852,2.62421,4.18145,2.71395,4.93459,4.54279,4.32192,3.9343
3.38955,3.72337,4.89434,3.21334,5.89544,3.06373,5.0667,3.95347,3.77713,3.92543
5.54373,4.25903,3.12496,2.32479,5.06364,2.91437,4.77094,3.89073,4.41295,4.47144
3.50439,4.46387,3.68841,5.57485,3.17028,4.83214,5.3026,3.38267,4.18629,4.86843
3.15329,3.24167,3.90568,4.5452,4.67987,4.77465,4.14875,4.21197,4.45707,2.33343
5.16338,3.13589,4.78902,5.04378,3.88899,6.39686,5.02004,5.58554,3.54109,3.09566
4.09226,4.40361,3.32593,4.09428,3.49718,2.77351,3.02064,4.84242,6.07422,4.85151
4.46113,5.09794,5.62545,4.49846,4.62068,5.10591,3.26858,3.02085,4.55411,4.84598
4.97942,3.29301,5.67864,4.42503,2.16009,6.01083,5.39045,3.09282,2.93457,3.29505
3.18263,2.85227,4.28649,2.01203,4.3419,5.74335,3.09738,4.30843,4.16457,6.31519
5.08449,5.37732,3.79879,3.74079,4.16136,4.33465,3.19773,4.3801,2.53117,4.55213
3.35449,3.61585,3.68102,5.38159,3.91203,3.2109,2.81924,2.6786,2.87416,4.29107
3.14551,5.0336,6.03925,3.28715,2.95316,4.76954,3.08282,3.91729,4.29338,3.66356
2.82446,2.76398,5.15856,2.41742,4.12351,4.20137,3.04501,5.88378,3.44804,4.24001
5.55034,3.76211,5.36902,3.8284,2.66116,4.89703,4.99452,3.95985,3.97458,4.14277
3.89209,2.92119,4.88795,4.13131,2.2845,4.68755,3.56164,2.61353,3.5531,3.78292
3.59591,4.45839,2.14615,4.28615,4.23142,3.27274,5.21674,4.84078,4.8482,3.86783
5.05762,3.99387,2.33366,2.91677,5.01376,4.92108,3.83004,3.11105,4.50885,6.19783
3.68577,4.32295,4.6112,2.31704,4.02934,5.00799,3.32107,2.78602,4.62478,2.27237
4.96204,2.65389,4.07342,3.37826,4.02889,2.23506,4.3435,3.45211,4.15489,4.30662
4.47654,4.90147,4.94576,2.26558,3.36785,4.35796,4.10214,4.22562,5.81115,2.81131
3.52392,5.90217,3.48273,5.1822,2.83696,2.99074,3.4206,2.8076,4.19335,4.43391
4.24724,3.18992,4.79173,4.73414,4.49031,2.05915,4.39645,3.395,3.74664,3.97958
4.28738,3.84897,3.60868,3.78467,3.84702,4.36457,3.32024,3.19624,4.33444,6.77974
4.51979,3.87167,5.41028,3.59893,2.8079,3.14777,3.6096,3.97841,3.34196,3.09721
3.94915,5.10851,5.64872,2.27695,4.2495,2.55895,2.69466,4.96654,3.90938,5.03692
6.21753,5.18768,5.34736,3.26104,4.85122,3.03052,3.40109,3.81501,3.12321,3.74879
4.86799,4.83641,4.62528,4.31147,3.8011,3.87612,4.02051,4.37634,4.94922,5.27269
3.89864,4.941,4.6488,4.95574,3.31703,3.97171,3.6954,3.32427,5.25069,5.01713
1.79797,2.96186,3.89121,4.42932,4.9453,2.52655,3.75614,2.22231,2.42756,4.28239
4.49927,3.55006,4.3708,4.48377,3.27798,3.08723,4.3919,2.94798,6.18784,3.66153
3.78386,3.1154,4.87051,4.41585,4.97759,5.45153,3.10784,4.2121,3.18973,3.32748
1.53258,4.5989,5.47744,4.28163,3.79151,3.84818,1.74531,3.0507,4.59896,3.35349
4.16146,3.17838,3.16057,3.08535,4.56155,4.16471,4.84323,4.11338,3.53153,5.99796
4.73079,2.92503,5.78251,3.94312,2.13948,4.6339,5.09535,2.95053,3.33911,4.00153
3.87397,4.41468,5.52252,3.68195,4.14878,3.85943,4.82164,5.04068,5.74591,4.28721
2.99872,3.16456,4.62859,4.37037,4.92212,5.90484,4.53456,3.79896,4.22345,3.19463
4.28029,3.74622,3.59233,4.75059,3.58875,4.71721,6.11333,2.04676,4.59334,5.26241
3.44562,4.07773,4.50668,4.03554,2.6279,5.00152,4.53327,3.93404,3.8686,3.37217
2.42129,4.56615,3.06014,5.06455,5.66982,4.54386,3.20283,1.97084,4.04275,4.50045
3.59203,3.83582,4.71196,4.75472,3.51475,4.30865,5.37868,3.73967,4.28687,2.58183
3.5755,4.24736,3.3467,3.82542,3.53375,2.37963,4.45376,4.31817,3.58106,4.76117
2.77659,4.72602,6.60198,4.21997,4.92034,4.15055,3.47312,2.67784,4.31884,1.27364
5.12887,3.80059,4.53423,4.03778,4.18325,4.75315,4.0462,4.01386,4.12868,1.93423
3.85812,2.16313,2.85772,3.78941,4.89107,4.99643,5.42752,5.8512,2.74559,3.25502
4.56496,3.26323,3.78341,6.40725,5.04001,3.67697,4.043,2.76818,4.37745,3.64044
4.78726,4.60051,5.67421,4.03571,3.0522,3.33643,3.85651,5.47684,4.51412,4.60927
4.93662,4.00091,4.63515,2.15944,4.3818,4.37828,3.88551,3.72429,5.31582,3.41212
2.75188,4.14281,4.51801,5.21888,2.90899,4.32888,5.41319,3.64984,5.21665,4.74391
3.81226,3.65728,3.65402,4.60919,3.5473,5.0589,4.91216,3.84522,3.08086,5.11105
5.34537,2.52979,3.76772,4.16519,4.50078,4.02221,2.68282,3.80065,4.17383,3.92902
5.00562,2.97825,5.40457,3.73362,3.69099,5.08589,4.12681,6.34128,4.18524,4.1076
4.50998,4.24305,2.81325,5.29135,4.3959,4.10877,4.74968,3.73005,3.54264,4.33366
4.31782,3.84439,4.83483,3.92414,4.72419,4.94429,3.55443,2.83709,3.58895,5.82569
2.55666,3.8079,3.78849,4.48216,4.47109,3.90637,2.29397,4.90587,4.53004,2.6097
3.06961,6.00363,4.54243,3.45187,3.42084,4.58603,3.84267,3.6503,2.85983,4.77093
3.95229,3.33019,4.29553,4.09322,5.53178,5.3545,5.2532,4.34452,4.24616,4.78058
3.92482,4.6227,2.6382,5.1972,3.43446,1.54815,4.40057,4.61794,3.34753,3.66712
5.32558,4.29889,5.02952,4.48588,3.33335,3.98175,3.55021,4.21392,6.05867,3.60121
4.27225,4.45889,4.32194,3.89475,3.18811,3.04161,3.81502,3.94993,2.86403,3.4092
2.46114,4.23966,2.57536,4.77265,5.20673,5.01315,3.96257,1.30441,3.49359,2.71225
3.06854,3.67022,5.03733,3.95901,2.78438,2.49316,5.80663,3.70509,4.46568,3.87691
5.96361,4.01652,5.25655,5.08552,5.25602,5.00648,4.49702,2.84102,4.24623,4.37155
4.02429,4.36782,4.29888,3.28298,3.36242,5.34807,4.59372,4.42141,4.91306,3.08822
3.94614,3.76467,2.88547,3.8858,5.08556,4.22677,3.23896,2.97512,3.5748,4.3912
4.48746,1.47511,2.91,3.02751,4.7036,3.35381,4.32587,3.49381,2.89131,4.74061
5.3608,4.86985,4.08269,4.84415,2.75928,3.67475,6.35252,5.65587,3.7212,2.95029
2.9868,2.99875,3.81944,3.49654,3.42574,4.36161,4.70117,4.18955,3.47705,3.40998
6.1281,4.02451,4.48176,3.96438,4.37673,4.19553,4.03549,3.7151,4.59393,2.13195
4.23131,4.21759,3.88705,3.89825,3.67988,3.88509,2.30378,2.29221,4.46254,4.95456
3.29677,6.00664,5.23618,3.20249,2.27894,5.30826,4.59469,4.27265,5.09224,3.04891
4.72,5.76457,6.42187,4.74673,6.22512,4.4237,2.63657,4.80314,3.17367,4.50894
3.76413,3.64397,5.71854,5.00137,4.26931,3.95601,4.46503,2.64301,5.02879,1.97855
4.37155,4.34232,2.25765,3.26002,3.8475,3.48354,5.03889,3.32739,4.47387,4.68211
3.98085,3.5468,3.26645,5.37574,4.47048,3.79568,6.20389,3.49117,5.76888,4.28454
3.49373,3.82496,2.12642,5.94234,4.15656,3.11658,5.20235,2.96303,2.61567,3.68235
4.1125,5.00958,4.25788,4.10079,3.8978,3.09818,3.08951,4.32177,3.43105,3.5872
3.62285,4.49207,4.29126,6.21653,4.71057,5.08162,4.33494,1.53842,3.66754,5.90338
4.10913,4.7947,3.89989,4.03736,3.27498,2.42403,3.06826,4.32642,4.00373,4.33118
3.05511,2.24989,4.39742,4.36272,4.09481,4.19605,3.04215,4.05834,4.6318,3.67135
5.36759,4.69881,3.16383,6.11767,3.94779,3.34502,3.95914,6.49036,3.32946,3.06409
3.84335,2.58163,3.81877,0.874616,5.6205,4.16479,3.00967,3.67919,2.72778,3.31617
4.24084,3.31554,3.56705,4.54072,4.97478,2.5851,6.48274,5.19978,3.39663,3.73313
4.69141,2.78241,4.86297,4.29262,4.02157,3.3644,3.48794,5.32413,3.51286,2.406
4.30816,3.73006,3.3322,3.38904,4.08581,5.13964,2.94787,4.22268,4.32387,6.8922
5.03568,3.56836,6.40804,4.86565,3.64013,4.38738,4.62254,4.66906,4.04378,4.36187
3.88854,2.66255,4.09581,3.6331,4.30332,5.02133,5.95113,2.33288,5.25616,4.89598
1.31858,2.21469,4.84523,4.95332,4.90899,4.65501,4.23453,3.86045,2.58815,3.82227
3.73276,5.48798,5.36953,3.87104,2.11749,3.98234,3.11254,5.73893,5.7092,4.308
3.64643,2.28539,4.1802,5.47481,2.56564,5.51378,3.87014,3.71617,4.03408,5.49786
3.41425,4.67516,3.00835,3.19204,3.9163,4.21557,3.9659,3.64501,4.78344,2.99367
5.4027,3.8375,3.41597,4.24296,3.10288,3.51599,3.83697,4.14863,3.65665,3.24873
3.06249,4.6971,3.32131,5.36437,4.70448,3.11108,1.96964,3.57689,2.4876,4.37783
2.98851,2.34808,2.88863,5.07441,2.46054,4.4184,4.79203,3.77342,2.92876,4.61642
3.23428,4.00262,3.51826,4.91106,3.5812,3.07229,5.66289,2.56303,4.52295,4.4397
3.28273,3.95517,4.09191,2.99764,2.73018,3.55471,5.51068,4.38017,3.20757,2.96478
3.5057,5.14676,5.04113,4.1543,4.81088,3.89167,4.91744,3.56301,4.22723,5.36843
4.16815,5.05694,2.36664,4.65664,2.86861,4.93023,1.77175,3.36617,3.69649,4.83952
4.53584,3.29435,3.59367,3.01959,4.126,5.70284,3.84785,3.28752,4.41141,4.30442
4.73498,2.36366,4.48299,4.192,4.26135,3.5873,4.19286,4.36751,2.78185,3.94274
2.72549,4.02665,5.47975,3.21867,4.22322,3.95009,3.00124,4.12434,4.24451,4.03208
3.15296,3.11994,2.88121,4.51254,2.52068,3.92264,3.98867,4.00087,4.49788,5.1496
2.81648,4.87708,2.94347,4.38736,3.42512,3.30297,4.68583,3.77462,3.93662,3.63183
3.46708,5.20382,6.11795,3.05049,2.28938,5.74377,4.39036,4.11392,3.66771,2.65424
3.90701,3.65863,3.36683,3.3993,3.20199,2.92922,5.53702,4.03269,3.15229,4.65236
4.23618,5.59331,3.5615,3.36321,4.27789,3.9257,4.3736,6.43414,4.45225,4.65256
3.17554,4.12578,3.22522,1.92068,3.70226,3.89372,6.36293,4.07128,3.10582,4.68708
5.05976,6.95686,2.66267,4.37116,3.51014,4.36658,4.07148,3.05228,2.74674,5.69759
2.06487,2.35405,2.72953,3.53229,2.85772,5.00265,3.974,2.11829,2.44364,3.37485
3.87912,4.83047,4.53709,4.23168,4.20515,3.53006,4.63908,2.85793,4.34014,4.45321
3.49701,5.22616,3.40266,2.68398,6.41938,3.39959,2.98208,4.31893,2.6279,5.21014
3.78728,4.86424,3.44657,2.78377,3.83052,3.89727,2.42314,4.56922,4.77891,3.12283
3.03485,4.26225,3.39886,4.67113,5.02343,4.05676,3.88549,4.08349,3.70924,4.23792
3.75397,4.6186,5.80057,4.78333,3.58908,4.57914,3.70915,3.46058,3.8353,4.79117
2.92635,4.45836,4.71228,4.61925,3.98885,2.50968,4.98089,4.60073,2.39772,4.0075
2.0135,3.21811,4.61163,3.20081,5.03451,2.89049,4.35026,3.74843,2.34831,4.05024
4.02222,2.61674,5.83624,5.75809,3.58685,5.90814,5.19447,3.65031,3.50842,3.52981
5.37229,3.24745,3.53103,1.99925,3.326,2.61199,4.79413,4.16938,4.24098,5.43998
4.45729,2.72519,4.37623,4.12531,4.54805,2.40608,5.73335,5.06124,3.68002,4.18475
3.71724,3.92368,2.64664,2.02455,4.29163,3.71759,4.86762,3.3131,4.38812,4.56027
3.3833,3.75109,4.15797,4.7071,4.39667,3.1415,3.34138,3.00996,5.42304,4.8981
4.97454,4.28321,2.19561,4.96025,3.20864,3.10103,4.91626,3.69762,3.48727,4.56036
2.84031,3.5407,3.70055,4.5745,2.0029,3.60244,3.85779,4.77402,4.64626,3.50148
3.20428,2.38982,4.20858,4.98185,5.94821,3.54304,3.02701,3.39182,4.29558,3.81288
3.40984,5.46811,5.75065,3.33386,3.79955,4.81485,4.85992,2.38248,5.10993,4.68178
4.11798,4.53261,2.28119,4.45889,3.18972,3.31775,4.57638,3.49936,5.19147,3.21741
3.91887,2.94894,3.89774,3.69968,1.88398,3.01367,5.91673,5.42584,5.41006,3.77141
4.64912,5.45982,2.45012,5.52969,5.07436,5.22011,4.1088,3.77851,3.86216,4.06527
2.80095,4.94518,4.7461,3.93079,3.85863,4.20335,5.78721,3.85971,4.64242,4.45345
4.65402,3.34195,4.93738,4.96715,5.09094,3.27366,5.36232,3.6413,2.40481,4.42514
3.91077,3.53194,5.10832,5.19874,3.45101,4.11667,5.93732,4.27301,4.06991,5.52586
2.21658,4.89233,2.50676,2.34681,3.48912,5.69771,5.53936,3.27097,4.46952,3.12502
4.45656,3.93112,2.87317,3.54302,3.48087,2.30728,3.68906,4.43589,4.88381,4.1876
5.60329,4.4899,2.91423,5.31221,3.23998,4.2577,3.45724,4.06939,2.97393,4.44384
2.34305,4.08172,3.47479,5.45245,3.71314,5.49831,3.71077,2.6958,3.59334,5.27103
3.81784,3.36908,4.96346,2.45255,1.24325,2.25473,2.44104,3.99111,6.76599,4.8684
4.3741,4.06676,2.12575,5.92937,4.29009,2.91474,4.24809,5.12436,3.19647,1.33433
3.77135,4.15648,4.04647,4.89594,3.7441,3.34625,3.29887,3.92429,3.56244,3.73699
6.06938,3.45258,3.31506,3.86926,5.5522,4.46888,4.09338,4.82467,3.37858,3.78378
6.02014,5.26942,3.41647,3.3553,3.81219,3.2794,3.80145,3.1971,4.67339,3.22726
3.72324,3.72531,4.06943,3.70217,4.86035,4.98566,4.1307,4.69007,4.03457,4.79851
4.81491,3.91167,3.02089,4.62106,4.1209,3.75953,4.34923,3.76502,2.51579,3.65542
4.16761,3.3213,2.47217,4.12954,3.70018,2.92281,5.15906,4.87194,3.26826,2.08637
3.20991,4.32291,3.81878,3.12002,3.84319,5.00678,4.56905,5.5006,3.58762,3.89874
3.94416,2.27979,2.33331,4.75462,2.54681,3.02804,3.23574,3.01844,4.40915,3.22377
4.33089,6.49109,5.25519,4.63921,4.56501,3.45415,3.07241,3.72779,3.36525,4.93002
3.60183,3.29051,3.95309,2.99174,3.02074,3.50368,5.48359,2.75265,4.00594,5.72464
5.559,4.90751,3.3797,6.64206,4.39004,3.31435,3.08865,3.75493,3.34979,3.57874
5.0571,5.02658,3.27346,3.69384,3.51615,5.34001,4.26179,2.72094,4.19561,3.2583
4.67961,2.93304,3.4728,3.93978,3.187,3.55686,3.25875,2.91605,4.99602,3.69518
3.23545,3.7565,3.34454,4.86389,0.873711,3.68187,5.94375,3.47281,3.53005,4.50937
3.59343,4.30907,4.87079,5.61954,3.92568,3.54623,6.13866,3.58118,3.12388,3.4404
4.04748,1.3818,3.58976,3.99169,4.49121,3.97068,3.10017,4.62608,3.91003,5.57919
4.5253,3.64328,3.38943,3.7443,3.04616,3.69602,2.16575,4.29671,3.88242,3.57029
3.83451,1.40892,5.33162,3.86385,2.92527,4.61129,3.87063,4.4193,4.06983,4.4956
3.19168,3.47912,3.34265,3.42541,4.13676,3.66414,4.02114,3.46639,4.14874,3.73135
3.02521,2.97643,3.37164,2.70754,4.45124,3.03094,6.57873,3.46767,4.98552,3.15377
2.75095,4.47757,3.07988,4.07947,3.78266,3.26794,3.43071,3.85342,4.20712,3.76842
5.14148,3.81638,5.27956,4.78423,6.01055,2.37674,3.79516,4.20277,2.80122,5.11142
3.28234,5.11665,4.63445,1.49569,2.17115,4.78968,5.29106,5.13812,4.70192,3.2904
7.87134,3.809,2.61922,3.84932,5.93079,4.70685,3.34103,3.80472,5.3259,3.89314
3.32065,2.86015,4.79602,3.49155,2.57735,1.8147,3.10399,4.37689,2.8376,5.59537
2.56343,3.26924,4.40695,2.70031,3.65368,3.90339,3.34912,3.21836,3.87039,3.69677
3.23378,5.51848,4.41177,1.92282,3.8446,2.57702,2.76473,5.78666,2.94379,3.68129
3.32293,3.68812,3.31806,4.70096,4.96054,3.81557,2.13868,3.43927,4.80216,1.86266
4.48491,3.98745,1.92967,4.3924,3.19597,2.99244,2.17287,5.65848,3.3548,4.91082
2.27634,5.13744,4.02369,2.86639,4.04835,2.98975,3.4055,4.64344,3.43985,2.24471
1.82786,4.22084,1.71137,1.8398,4.07642,3.20603,2.78638,4.92862,5.56811,3.89773
4.17187,4.73508,4.82026,4.78141,2.84841,3.24192,3.05133,3.50045,4.11957,4.21661
3.20866,3.98272,4.6657,2.6733,3.43159,6.74472,3.45387,4.02172,3.50891,5.50026
5.28694,4.45666,3.27899,4.03174,4.00222,3.09139,2.49549,3.72285,4.19848,3.00597
4.58625,3.33565,4.27644,3.36975,4.63353,2.2589,4.75819,3.65389,3.34203,2.50669
4.02461,4.69223,4.97629,6.173,4.88179,4.17658,2.37136,3.87138,4.89286,3.13754
3.37052,2.67668,4.18566,5.07031,5.11872,4.08329,3.85305,2.39469,4.52082,5.40422
3.86693,4.33846,3.61983,3.77201,3.21145,2.31344,4.77005,2.72225,4.98392,3.6698
4.32639,5.25363,2.79542,3.71591,5.46588,5.30231,2.88292,7.50759,4.50836,2.84054
3.48216,4.40811,6.40369,4.05507,5.50457,4.39362,5.36677,4.62856,4.00672,2.7826
3.63187,1.46534,3.83531,3.74441,2.9633,5.05108,5.39402,4.21382,5.32564,4.04094
5.03835,3.845,5.38678,3.38021,4.3939,3.47226,5.21066,6.14401,4.40467,1.52223
3.65711,5.93695,4.02312,5.20645,4.99682,2.49939,4.53122,6.04676,4.12295,5.10795
3.66862,4.45806,3.58977,5.55593,2.52866,3.86421,3.67594,4.55627,2.31181,3.43048
4.96055,5.50587,4.61408,4.43328,3.8349,3.77557,3.9072,1.88402,6.32876,2.89359
2.92154,5.3075,3.72454,2.86533,3.50792,2.26363,5.92042,2.97742,3.05646,2.65919
5.3858,3.20871,2.15756,2.64481,5.25319,4.30313,3.58249,4.14836,1.97533,3.84587
3.24798,3.91717,2.94716,3.05362,3.16022,3.69525,3.16842,4.81208,3.2151,4.18278
4.18752,4.04758,5.15495,3.92485,2.67088,3.91195,1.88765,2.76464,3.67662,4.04986
2.42403,2.37759,2.93366,3.5041,3.15752,3.91646,4.55489,3.85472,5.50291,3.44963
2.18543,3.89431,4.04783,4.79689,4.19074,4.03493,4.73072,2.96246,4.91387,4.2337
3.99131,3.57264,2.49497,4.15913,5.13196,4.41341,4.23679,3.2873,1.75521,3.25951
4.36098,5.23346,4.14388,3.5301,1.94279,5.39339,4.26283,4.95299,4.15957,3.25531
3.51365,3.81066,5.36069,4.84669,4.37775,3.24714,3.44778,3.26047,3.60774,4.09276
4.48214,3.99782,3.96566,2.4891,5.1262,2.11597,2.34734,4.5725,4.9078,2.7327
3.24253,2.8104,3.18819,4.82845,4.00439,3.30115,4.71486,3.94891,1.22068,3.57391
4.19814,2.18306,4.00404,3.93791,3.74215,2.63415,2.27441,4.35131,3.8672,3.06953
6.25437,5.87773,6.04223,3.36766,3.42433,5.97037,5.70077,3.64239,3.33136,4.29921
5.37975,5.66265,2.84971,5.18717,6.82243,4.19281,3.9333,1.88327,2.7539,5.50942
4.00424,4.84387,3.05742,4.79418,3.81932,3.8301,3.2931,5.60616,5.30379,3.22122
3.74076,4.24772,3.54584,2.47901,3.79018,3.30003,4.22824,3.37357,3.36151,2.67913
3.77713,4.30467,3.68615,5.24648,4.62487,5.31802,5.05351,3.19343,6.15165,5.1707
2.07035,3.69024,4.22443,3.70148,3.08871,2.03262,6.15389,2.10301,0.896469,3.80243
3.46361,3.47228,3.30259,3.03536,4.72381,3.77043,4.39185,6.11423,4.05509,3.50372
4.56453,3.35851,5.02675,3.3341,3.71444,5.26418,3.61623,5.29406,3.13276,4.32241
2.99592,2.5297,4.23004,4.33717,4.24772,4.06232,4.54526,4.95111,3.50694,3.75203
4.36696,4.67559,5.45209,4.67591,3.88856,4.13341,2.86499,5.15337,3.78419,2.50119
5.38237,2.88804,4.69216,4.62139,4.14253,5.29813,4.14171,2.06108,3.35554,3.15587
2.96619,2.22632,4.19199,4.45944,5.37117,2.53552,3.31476,3.10735,3.62398,4.94685
3.74846,4.08556,3.88823,3.55149,5.41262,6.3436,3.02414,4.65563,5.57393,4.41394
2.9609,3.12274,4.43452,6.12346,3.04749,2.29492,3.63432,3.6721,5.0422,5.70854
5.25126,3.55901,3.70708,3.23278,4.88929,3.4346,4.63351,3.31776,3.91141,5.18925
2.19566,5.51536,5.19253,3.82852,3.24344,6.99664,2.92236,4.19369,5.17249,3.751
2.88941,2.70119,3.23571,3.61642,4.97984,1.85476,2.85265,5.25134,4.93755,6.24549
4.30339,5.54792,3.84451,5.66067,3.72991,5.22164,7.42208,3.82168,3.46887,2.67536
4.71986,4.15127,1.76262,4.32965,3.43924,2.90226,4.46774,3.82543,5.22108,4.08726
4.02632,4.16015,3.09518,2.83097,3.68548,5.40584,4.27045,3.51172,2.36454,4.0054
3.55288,4.13983,4.62863,2.15704,2.43904,4.32277,4.59089,3.07476,4.84251,3.50602
4.35412,2.64054,4.67925,4.17553,3.52828,5.13201,4.71805,3.53156,3.92233,3.31399
3.81561,3.95171,3.03002,4.85062,3.7595,3.47182,4.04353,4.35572,3.91303,4.86873
3.03585,4.25409,3.90149,3.11559,4.65528,4.05839,3.27978,4.41876,2.59058,5.3618
3.66318,4.80086,5.03789,3.7721,3.40628,3.68276,3.23707,5.03842,3.39915,3.9928
2.82197,5.55127,5.34389,4.05044,4.93078,3.92439,4.69574,4.19947,3.77997,5.00343
3.95562,3.91492,4.04817,5.20574,2.95184,3.70255,4.62435,4.7718,3.91729,5.01639
4.19614,4.31837,4.09223,3.80343,3.34829,3.06562,3.29292,3.7301,4.73696,5.79047
4.90756,2.76011,3.49221,3.9426,3.78439,4.41155,4.88113,2.45335,5.3219,3.83869
3.83725,2.93871,4.46214,4.29978,3.85543,5.85959,3.27265,4.73858,4.37133,5.63552
2.55241,3.69234,4.9768,3.58006,4.58481,4.83281,4.13887,2.57073,3.87107,4.57265
4.69252,1.83769,4.87319,5.36259,3.32577,2.99616,3.19734,4.18208,1.46125,3.68791
3.45748,2.94125,3.37083,3.32313,2.03197,5.09469,4.78041,4.20565,2.68391,6.50718
3.43403,4.0781,5.11196,3.4896,4.50931,5.6389,4.42662,3.92469,3.36297,3.70556
4.80576,4.30415,4.11135,3.34656,3.3503,3.19323,3.68874,2.26686,3.44551,2.69548
5.02978,3.16762,3.89814,3.4673,4.20602,4.10192,3.107,3.93097,2.51931,3.62997
3.86129,3.86122,4.27065,5.22068,3.91104,5.02804,4.40685,2.59509,4.68731,3.89954
4.51191,3.41671,2.76466,3.37616,3.68902,5.76476,4.05593,4.77291,5.27153,3.81404
4.80229,4.22206,4.06354,4.21028,5.28063,5.30123,3.0595,3.96493,4.18742,4.35
4.10068,4.12697,4.14806,5.07211,4.61403,3.47664,3.35494,5.42872,3.84831,2.94264
4.6574,2.57383,4.26561,4.99127,4.96936,4.04982,5.06809,4.36834,5.23871,3.19843
2.0426,4.80196,4.57788,2.84182,3.40994,3.89041,4.69937,3.62966,3.69658,5.33968
4.37139,3.41721,3.97328,3.49182,4.04248,4.85261,3.20086,4.18956,4.81388,2.32287
4.34261,2.71992,3.68878,3.12221,5.4474,2.1247,4.84863,1.16413,3.17674,4.44237
4.13209,2.73302,4.92388,5.86785,3.78194,2.43881,5.27114,3.49629,2.08535,3.61239
3.25484,0.991834,4.83075,3.24101,2.15761,4.4675,5.31484,4.66246,2.62177,4.12113
2.74313,4.67226,3.92916,4.79807,5.20158,4.12398,3.60051,4.33531,1.9019,5.03233
4.3417,2.79494,4.22611,5.83189,3.77155,4.72652,3.41937,2.91511,5.19947,2.59621
3.18836,3.63845,3.96847,3.46957,4.69465,3.74332,2.86658,3.82073,3.68187,3.76599
3.8184,4.41207,4.82606,3.9942,4.45722,4.06821,3.527,4.0855,3.40507,3.53819
5.20607,4.24353,3.52673,2.76574,3.06687,3.21178,5.00622,6.53229,3.95238,6.2204
2.45754,3.37143,5.804,5.65575,4.53018,4.813,4.31833,4.43734,5.05955,3.63614
3.78755,3.79506,4.68944,4.00109,3.14939,3.23784,3.66377,3.03353,4.70975,4.68923
5.73011,2.67997,3.04885,3.54642,2.87837,5.92715,2.6967,4.396,5.11119,3.05265
5.12822,4.74656,2.88418,5.39107,1.46745,3.32759,5.20961,2.49953,2.87719,4.08958
3.33574,3.91874,1.93509,4.77464,3.39344,4.21146,3.64443,3.84729,3.10845,2.73272
5.6433,5.50898,4.43145,4.05762,5.84767,4.43554,3.28003,4.07576,3.70393,5.37112
2.84543,3.22873,3.72691,5.7765,4.17655,3.07457,3.61413,4.85517,1.89287,4.4262
5.10095,2.73764,4.73636,4.79805,4.19543,3.47663,4.07844,6.56921,4.70003,3.71751
4.60276,3.26095,3.39268,3.70375,3.09077,4.03112,4.94316,3.83544,4.09313,4.99817
2.91946,5.11006,3.59992,5.02624,5.91348,4.53525,4.33675,6.06139,5.1871,3.1038
5.459,4.80057,2.1589,3.04202,2.02692,3.52246,4.40917,5.49083,4.52633,2.90704
2.58801,3.35214,3.00575,3.79026,4.81219,3.4105,3.33308,6.05665,4.81032,4.33809
3.28074,4.65818,3.66488,4.31008,2.35203,4.69672,3.90334,3.26189,2.46543,4.67802
4.72324,2.87503,3.8546,5.83103,4.42059,4.92388,4.76317,5.45335,6.51756,3.42257
4.69079,3.24252,4.05267,4.78651,4.34521,3.17619,1.49555,5.03832,3.95759,3.36818
2.11924,3.1085,2.96064,3.90643,3.69082,3.36186,4.61732,3.59329,3.1803,4.11775
5.20619,4.23152,3.63092,3.86805,4.0869,4.76432,4.02686,3.8628,3.03556,6.26091
4.6471,4.66257,6.8553,5.76932,2.13343,3.94005,3.68192,2.38072,2.358,4.43463
3.40288,2.77091,5.63472,1.71776,3.83752,2.63815,4.72357,5.6708,5.08332,3.46879
4.49263,2.52892,4.0771,2.51054,2.6017,2.35606,5.04397,2.72056,3.54211,3.2411
4.32604,5.86974,3.0898,4.52114,5.13455,3.64497,4.0147,4.34309,4.01673,4.55022
3.17666,5.67395,3.75835,3.60405,3.83165,4.34047,3.5131,4.25445,4.07219,5.43706
4.54167,2.85947,4.89056,3.06325,4.6437,4.30648,4.15373,3.2701,5.6751,4.51457
5.31547,2.59901,3.46567,2.52998,4.51795,4.16448,3.06516,3.10812,4.2087,1.56216
2.13965,3.66229,1.98657,3.23191,4.45269,4.34884,5.26676,1.75492,3.62763,2.87757
5.15998,4.6883,3.47988,5.90844,2.55286,4.12612,3.8767,5.05992,4.67177,2.3291
2.61138,3.38935,6.393,2.16153,4.95252,4.79868,5.47876,4.69107,6.36556,4.92303
4.64298,2.92015,3.52502,3.68496,4.50368,3.61285,3.66044,3.04255,4.2729,5.34349
4.23607,3.75591,5.71543,3.05082,3.12833,5.70551,3.74252,4.24963,3.2934,4.71495
3.21341,3.89087,5.80549,3.43982,3.53751,4.39344,4.57003,4.02466,4.14783,2.91487
2.6463,4.10425,4.41601,4.60261,5.67008,1.94969,4.34244,3.36981,6.21409,3.048
4.22625,4.16764,3.87629,4.46346,3.39494,4.25014,4.845,3.76017,4.93008,4.15961
3.91246,4.78921,2.93471,4.79493,3.54349,2.06424,3.97552,2.20734,4.02122,6.17046
6.18367,4.23628,3.07825,3.60256,4.47089,5.35309,4.70602,2.67604,2.52629,2.67233
3.8095,3.81489,4.09157,3.96093,2.62265,3.86359,5.17158,4.91252,4.52131,5.33323
3.64094,3.78046,4.58016,4.74277,6.26878,3.52281,4.04637,4.5954,3.67848,2.393
5.85905,3.1919,3.8615,3.84479,3.77274,4.14176,3.83698,3.97255,2.60772,3.28265
4.61801,4.15785,4.12844,5.68461,3.42533,2.00414,4.97567,4.26884,3.80289,3.30238
4.01952,3.16469,4.69928,3.35874,3.85755,3.87143,4.79259,6.01176,2.57066,3.97448
3.61135,3.8818,3.49295,4.74735,2.69702,4.42123,4.05716,4.15066,4.33039,4.88628
2.56859,3.17733,5.43469,3.21879,3.6851,6.12351,3.65541,2.47353,4.38691,5.07656
3.92695,3.55491,4.51054,5.55751,3.23643,3.59305,5.16061,3.15823,5.42303,4.78833
5.27554,4.38875,4.27001,5.34783,4.60954,3.87024,2.27886,5.02138,3.04793,4.5121
2.8593,4.42522,5.44272,4.22905,2.5012,4.13726,2.89415,2.66139,4.55586,3.90714
4.49411,3.37827,3.77108,3.2083,2.84792,1.99524,5.53413,4.53378,3.74439,5.39621
3.31785,5.4655,4.20567,3.63608,4.5521,3.40866,4.07893,4.34255,4.31322,2.14062
3.60837,7.22448,4.39606,4.7106,4.92676,3.44151,5.22211,3.28046,3.77389,4.46522
4.38252,4.62033,4.75168,3.35835,5.08083,3.82306,4.25514,2.11821,3.26435,2.50698
4.65597,2.5346,4.23021,4.07508,5.23591,4.76753,3.86305,4.32088,4.29583,4.0936
3.32285,3.09434,4.88774,3.5358,2.70509,2.6989,3.81605,4.75147,6.1346,3.82711
3.56422,3.96655,2.74879,2.75908,4.50986,4.71359,3.62609,3.68928,3.50333,4.35
4.37574,4.44034,4.00941,6.09498,6.25819,4.29489,4.34107,4.15733,2.61793,2.72052
4.86956,5.00503,3.89991,2.16629,4.43501,5.03536,6.05275,4.3427,5.75988,3.3604
4.21934,3.40861,2.48592,2.00349,2.64442,4.34343,5.02325,3.33088,5.63789,2.29513
6.12298,5.70791,4.82296,5.30973,4.30289,3.10605,4.19426,5.04325,4.22881,4.18621
4.64506,3.28425,4.33584,4.17817,4.73397,5.06968,4.8372,4.46702,3.16493,3.87567
4.13438,3.97545,5.03308,5.71945,3.67861,1.89109,4.83755,4.73676,6.47206,3.90764
4.49581,4.84862,4.42561,3.17947,4.6218,4.28683,3.10935,5.03944,4.65842,2.9481
5.25573,2.92096,5.25836,3.23976,3.32918,3.68992,4.24919,3.67812,4.62601,4.09062
2.89595,4.04565,3.59109,5.57053,3.24338,4.80844,5.41424,3.53606,4.85893,3.38951
5.39361,4.27561,4.43242,3.43884,4.90296,2.86214,2.99223,3.02149,3.86192,3.18378
4.58158,4.91399,4.39092,4.08448,3.95655,3.91309,5.65754,3.02691,4.38854,5.16311
3.10867,4.03045,5.31963,5.32707,5.26765,4.91533,2.44997,4.02596,6.12954,5.14498
5.61322,4.27901,5.0537,4.62852,4.97742,2.23403,4.22981,4.48155,2.27278,3.86672
5.3973,3.84178,4.3063,2.30703,3.7608,4.86975,4.18226,4.42426,2.04954,4.66318
5.88738,3.46219,4.39436,3.19259,4.18003,3.31113,2.89736,6.31392,6.30624,4.91328
4.25975,3.2418,3.61978,3.50411,3.94363,5.87499,3.90244,1.65948,2.43373,5.82009
6.00205,4.98822,3.9157,5.72654,4.6301,2.6399,3.91351,3.52712,3.2007,4.52139
3.15109,5.01856,4.00033,4.23673,2.62425,3.73329,6.91063,2.95338,3.82045,4.17443
2.48199,3.5357,1.97159,4.76147,4.38568,2.51137,3.31666,4.06618,5.62422,4.7448
4.84886,3.70025,4.16332,4.67617,2.57259,3.82067,2.72732,4.00582,3.41652,3.50605
2.54256,4.71858,4.43528,3.82709,4.62016,3.31818,4.25915,3.04617,5.41567,4.3211
2.54711,2.8821,3.25496,3.46747,3.47121,2.97179,3.63273,4.24861,3.46788,2.22142
3.10498,5.07873,2.34194,4.48385,4.91587,3.33068,4.31203,4.93981,2.47424,3.33559
5.2857,3.03726,3.79139,4.22384,4.46878,3.90338,3.97391,4.3676,3.87552,5.11119
4.11529,3.64635,5.29757,2.89734,5.1021,2.94541,1.44158,1.64935,4.86858,3.12944
5.46419,4.29608,2.70892,3.74005,5.17816,2.44954,3.41992,4.68467,4.53058,3.86523
2.58322,3.95445,4.29473,4.34567,4.24079,5.50272,3.37942,2.74826,3.91205,3.96013
3.88124,3.87051,5.61901,5.8371,4.41478,5.17878,3.73746,3.04291,4.66302,2.53568
3.80807,5.2418,5.98828,5.28377,5.68571,5.92138,4.4472,3.58261,4.20421,3.41889
4.33793,4.46704,2.98474,4.72392,3.90376,5.12748,1.15355,3.89758,4.08744,2.64135
5.95523,4.89906,4.45983,3.43717,2.97336,3.23712,4.00907,5.00402,3.73706,3.53165
3.93413,4.36395,2.92571,4.30726,3.95555,4.25638,5.75937,3.45588,4.08816,4.57191
4.91949,3.2196,5.20481,4.47246,2.41616,4.83534,4.99955,4.11798,4.26829,4.25333
2.71896,4.318,5.51813,4.75992,2.11973,4.43551,4.81821,3.69525,2.45994,5.24636
2.89838,4.70098,3.58318,1.57877,2.90564,2.23482,3.95029,3.82527,4.84905,4.72249
4.53548,4.21052,2.87225,3.7693,4.70731,5.53168,3.44231,2.81876,3.10156,4.3029
4.03075,5.48511,3.08835,3.69849,3.73124,3.69907,4.39968,2.9241,5.28486,3.08625
3.15522,5.93031,3.63425,3.87802,4.77726,6.35586,3.97611,3.91853,3.56327,4.66119
