10
4.51419,4.68484,4.25005,5.23109,4.18789,4.62791,4.20619,3.72867,2.30768,5.42402
5.92944,2.02662,4.20852,2.55116,4.2602,4.19784,4.01502,2.32528,4.72245,4.30202
5.46989,4.37782,3.6256,4.83899,2.3851,3.20993,2.83973,4.14783,2.74061,3.08133
3.54054,5.42136,3.3628,4.10727,4.37998,3.39607,2.77695,2.09472,4.63255,4.60042
2.58296,5.27759,4.1587,3.69941,5.38805,4.80756,3.85126,5.23577,2.4707,4.34377
4.2395,5.74879,2.35891,3.90845,3.88733,3.77747,5.57224,4.89283,2.84254,5.01043
4.63779,4.24436,3.61587,4.12672,5.42228,3.94479,3.43746,4.72758,4.04077,2.48423
4.25418,3.48007,4.12172,3.6078,3.6783,3.77506,5.65761,1.92873,4.22036,4.8196
5.30589,3.93323,4.17448,3.20763,2.75246,4.95236,5.43907,3.49448,3.05846,4.09023
3.97988,5.12715,3.78051,5.75028,3.26085,4.05497,4.62861,5.3817,3.94463,4.38948
4.66509,4.12566,3.59755,3.85908,5.12739,4.38858,4.45967,5.15073,2.62996,4.48779
3.39023,4.52876,3.92487,4.11632,4.70233,4.30685,3.36513,3.01771,4.59238,3.65228
4.93741,3.01316,4.65626,1.74227,4.5515,5.34083,5.10609,5.33357,4.16769,4.60136
3.82297,1.84425,5.35325,4.22411,5.27767,3.01354,3.93232,2.58819,4.86009,3.11966
4.4397,3.55703,5.09028,3.33393,5.21292,4.93905,4.34986,4.45194,3.40103,4.14228
5.30167,4.37556,4.36359,6.70627,4.13074,3.30095,5.12258,2.93393,3.00814,5.91907
4.28931,3.83979,4.72818,4.04873,3.38145,4.22812,3.71718,3.19657,4.8629,3.64258
2.95294,5.17375,5.24091,1.66152,2.94769,4.81915,5.07898,5.21856,3.08604,4.16282
3.07031,3.73421,4.14819,4.48645,5.06688,3.73521,3.3808,4.93332,3.86753,4.58645
3.58088,4.653,2.53245,5.33303,3.79264,4.00634,5.20346,3.67361,4.45687,5.39514
4.12068,5.05236,3.70132,5.72681,4.33586,3.97646,3.9948,4.09019,4.96043,2.65668
3.49029,3.7427,5.34653,4.76056,4.25008,4.21593,5.67141,3.76881,2.28325,3.4701
4.50769,4.44339,3.14581,4.42593,3.919,2.31934,4.69854,4.00016,2.87446,4.10893
3.57757,3.92972,3.44895,4.45329,5.19278,5.23911,4.42086,3.43412,4.47193,3.55406
4.42473,4.01481,4.09365,4.30575,4.78257,4.35693,2.0741,5.51063,2.88109,4.38508
3.29786,3.8412,4.12079,2.13876,5.83235,3.95596,4.07264,4.27721,3.83129,5.79043
3.83057,2.31889,4.92912,3.03376,3.98656,3.65821,1.84673,4.10415,4.91286,2.81319
4.97334,3.66213,2.91296,4.63093,3.15253,3.26922,3.76981,4.33631,5.00177,4.44986
2.19311,3.5735,4.13817,5.07239,3.67545,4.4704,4.77226,3.52923,4.1327,2.97564
4.83198,3.33122,3.2315,3.96179,5.8061,4.04602,4.6996,5.28109,3.75307,3.47857
3.93463,4.41886,5.90322,3.91831,2.97226,4.91207,4.6641,3.74486,2.53407,2.87368
4.8216,1.6737,4.84458,4.83115,2.51379,4.16781,3.71604,5.27972,4.86453,4.32047
6.0705,4.56826,2.9144,4.8151,3.06216,5.31186,3.52601,3.44903,3.48661,4.15856
4.64587,5.61573,2.99224,2.8221,4.25277,3.60651,3.86898,2.79693,3.61936,3.03607
4.36737,2.87176,4.81335,3.82587,3.42533,3.82814,3.58842,3.73493,5.09252,5.41393
4.00277,6.00554,2.87116,5.7795,2.42392,3.71302,2.04266,5.34494,2.61159,2.52695
4.13,3.26696,3.96576,4.39881,3.34591,4.44621,4.56644,4.75185,3.46299,3.6831
1.99031,4.54224,4.23215,1.56282,3.79262,4.03827,2.79376,3.90243,3.79683,4.53362
3.05234,2.5168,3.12568,2.84354,4.84898,4.42587,2.74519,4.36329,3.49903,3.49349
3.03719,2.49734,5.34551,2.85355,6.41845,2.74783,3.84884,3.36451,1.95742,3.52322
5.78885,4.31106,2.0877,3.31046,3.03986,3.99013,4.97887,3.51948,3.91887,3.81283
3.72698,5.83141,3.63064,5.49656,2.89991,3.68716,5.01496,5.55651,4.08928,4.77491
3.77711,3.15367,4.20902,3.07489,4.1347,2.30381,3.24978,4.65594,5.45946,2.57347
3.76617,3.37667,3.22169,2.75916,3.12574,5.9528,2.65229,4.43247,4.32257,4.10751
5.13319,3.93357,3.93167,4.70754,4.17565,4.05682,4.27328,3.88818,5.6877,2.89499
1.39273,4.02351,2.25779,5.27467,4.53193,5.39443,3.1182,1.80234,2.73531,3.92614
3.80808,2.45771,1.36792,4.55148,3.78931,2.88677,2.7525,4.00527,4.54194,5.89737
4.47353,2.47034,5.21444,4.75281,3.21515,4.92031,2.1691,4.75518,4.06489,6.02745
4.31253,2.69538,2.8392,4.40399,4.76166,2.40913,5.16498,1.65888,5.5912,4.11651
6.06884,6.80325,4.07909,4.6875,4.36247,3.2015,3.61865,3.4848,4.18229,3.43894
2.8455,4.0963,2.84173,3.83939,4.17286,2.62716,3.27749,4.21087,3.9056,5.13291
4.71143,4.94881,3.16649,3.44162,4.86518,2.56802,3.5055,6.03198,5.60402,5.17609
4.51156,5.68469,2.75275,4.91863,3.48176,2.53591,4.02874,5.62212,3.80678,4.08662
6.44464,5.36241,2.75008,3.11265,5.82786,3.27432,2.44565,4.11267,1.60293,5.01127
2.28791,4.40145,3.29752,4.02513,3.39345,3.0476,4.358,3.88416,6.1371,5.47235
3.63721,2.58942,2.84644,3.59095,3.46286,5.97473,2.92536,3.88275,4.08026,5.79741
3.98831,4.70722,2.51193,3.48442,3.91428,3.42355,5.21724,3.22049,3.51458,3.05137
3.37612,3.79376,5.84328,5.65641,3.65008,2.6874,5.7329,4.3716,4.3409,5.58313
5.1273,3.88467,2.47052,3.7173,3.11657,3.67947,5.46538,4.41786,4.4847,3.74707
4.13475,3.79447,2.86143,4.40778,2.97517,3.83569,3.03766,4.31058,3.70053,4.27503
3.54555,3.56053,5.44054,2.69531,3.61359,4.21182,5.40037,3.08578,2.79995,2.19312
3.45297,4.53002,3.39985,4.72167,3.17009,5.9398,3.86556,4.31676,3.75663,4.50742
5.1982,3.8562,3.92725,3.19148,1.54684,4.75562,4.56649,2.44167,4.39247,4.23549
2.65931,4.93905,4.73158,2.04594,3.48319,3.42867,4.72425,4.26928,3.13744,3.32841
4.954,2.94103,5.00621,4.32036,4.25018,4.93068,3.4577,4.14844,3.60248,2.5169
4.29255,4.18639,3.6651,5.28084,5.17909,2.68731,2.66342,5.5172,3.18821,4.4288
3.43986,3.17525,5.03321,4.29007,2.55256,4.44705,2.34744,3.47972,2.21542,5.34612
3.34248,3.05505,4.68461,4.68643,5.58014,3.52538,3.60783,3.0447,6.24865,4.70812
3.93548,4.19324,2.25682,4.57055,5.48949,2.53406,4.41619,4.73589,4.25599,3.88416
3.41249,5.30178,5.22947,4.38189,3.48206,4.74702,5.14124,4.80138,3.42745,1.36556
4.70913,5.10428,3.19059,4.64369,3.99607,5.94096,3.08539,3.62346,4.04894,4.52554
5.61275,5.13505,3.92972,1.46558,5.93893,3.76404,3.56771,3.82723,5.10971,4.7688
3.18835,5.05359,4.86144,3.73578,3.70629,4.54521,2.67942,3.89496,5.45854,4.025
4.70414,3.06201,3.89538,1.50206,2.61154,5.23226,2.40567,3.94431,4.7382,4.38119
5.72017,4.35896,3.02733,4.25938,2.42623,5.91688,3.88786,5.04224,4.0419,3.64583
5.16353,2.7583,5.38789,3.00894,5.20208,5.28155,3.44821,4.0348,4.09742,4.41708
3.06505,4.75065,3.71629,3.57416,4.68325,2.8592,4.63604,3.10987,4.19541,4.86089
2.70898,2.98778,3.31541,4.28204,3.69656,4.92225,6.46408,2.88044,2.57986,4.08705
2.25895,2.97928,2.9981,3.43649,5.83033,4.50851,4.31533,3.23914,5.43251,2.79485
4.67979,3.27374,3.21984,1.39732,5.20995,2.152,4.83961,3.71284,2.85552,2.32403
5.08208,2.50839,4.36253,2.59679,3.59048,4.01195,4.79227,4.63252,3.91303,5.07064
4.25657,4.28828,3.253,2.62322,3.48424,3.55285,2.26706,3.72708,2.45406,4.36472
2.76124,3.60081,3.47131,4.28773,5.27501,4.06279,2.09208,1.57903,5.20525,4.0843
4.23762,4.66014,4.5737,2.71299,2.93907,3.20769,4.17202,4.27495,4.63334,3.42174
2.92281,4.17818,3.43968,4.3521,3.5273,3.24033,4.24598,4.35423,3.37133,5.47959
3.79758,3.88503,3.64116,0.686093,2.53497,3.00618,4.80201,1.9987,4.8441,4.38621
6.01593,4.50557,2.61827,5.35527,3.97902,4.47722,4.73192,4.88061,3.24767,4.00766
3.59918,5.0776,5.02463,2.10233,3.54999,4.47781,5.60452,3.39797,2.80423,4.04014
4.5588,3.882,4.03501,3.58272,3.3131,4.16494,4.52986,5.83673,3.79761,3.05359
4.88362,5.70348,4.09246,4.52492,4.7526,3.53701,4.1085,3.55918,3.58339,4.81893
4.03886,4.27203,4.0903,3.67205,3.70356,5.27614,4.05553,5.30722,4.64434,4.52238
3.10103,1.95256,3.58393,4.08686,3.62612,5.25057,5.71336,2.23966,4.75746,4.16652
3.86426,5.88626,3.24701,4.00182,4.15826,3.31946,4.10362,2.51338,5.23356,3.88809
5.28595,4.98489,2.19394,3.2294,5.63142,4.70598,2.01794,3.19098,4.66345,2.59093
2.41921,2.74958,5.13252,4.43704,4.1708,2.48761,4.03421,4.66024,3.85826,3.85368
3.30224,4.07876,4.82455,3.88756,2.31205,4.57504,3.53401,4.33659,2.53232,2.13485
6.303,4.73353,4.55915,2.80756,3.98413,4.7404,3.62146,2.32766,3.56381,2.20204
3.10203,5.31378,5.04241,3.96634,2.5293,5.90855,6.42759,4.10203,4.28195,3.50273
5.68098,3.68513,3.93685,6.35901,4.23634,2.86861,4.3052,4.42403,5.30225,4.2164
4.96387,3.82446,2.30285,2.29835,2.09618,5.142,2.64976,2.90226,5.04209,3.23655
3.25852,2.15084,3.19205,4.18237,3.61065,3.83927,4.92296,4.22491,5.05337,4.34174
4.3081,3.51922,5.08844,2.93458,2.15088,5.31675,6.08253,2.68991,2.48551,5.13946
6.10653,3.35911,2.94082,2.52198,3.9678,3.36409,4.57903,4.72305,5.22093,5.59855
4.5322,3.01046,3.3795,2.98658,4.03846,5.81276,3.15052,5.47836,3.69123,3.73017
3.2507,5.49662,4.7107,4.28,3.74105,3.56529,4.2883,4.95338,4.12894,4.63511
5.68067,5.80205,2.247,4.63364,3.49182,3.34546,2.85136,2.32844,6.40365,2.17907
4.30483,2.6723,2.63002,3.11961,3.54536,4.53049,3.58895,3.9516,4.35701,3.86518
5.28574,3.92772,3.26315,5.12904,4.24865,4.41117,4.30348,4.42745,5.19223,2.79141
3.28133,4.46194,4.23266,3.25456,0.490802,2.94848,2.97359,4.67325,4.20579,5.57794
3.733,4.34993,1.67921,4.12706,3.25451,5.25807,2.94155,5.52663,2.51492,3.06782
5.37072,5.55643,4.21775,5.17218,3.20142,5.25411,4.75219,4.2444,1.35971,3.40567
4.42317,4.91958,2.0557,2.65046,3.3575,3.23471,4.7472,4.74999,4.41505,5.31901
2.56443,3.49814,4.97601,1.79516,4.15452,4.51952,5.75346,5.5886,3.50983,4.84783
4.0185,3.74553,1.61244,5.04129,5.07004,2.29597,4.45499,4.83105,4.48635,3.52465
4.17806,2.63501,2.29677,4.1874,5.36672,3.95627,3.94969,1.69825,4.05331,3.68369
5.14403,5.09311,4.38185,3.41617,4.97655,6.26926,3.10738,3.27456,3.96922,4.63098
5.05059,4.08927,3.6703,3.07854,5.14319,5.63276,3.14279,3.82074,1.37408,4.71422
4.52003,2.63359,5.16052,4.11116,3.92789,2.20718,3.2967,2.51905,4.28315,4.52719
3.05898,3.30707,3.38803,4.22506,6.30554,4.40619,5.42271,5.3629,3.4347,4.58419
6.39923,3.77037,5.16154,3.77308,5.22047,4.95181,5.00065,4.50332,3.83329,4.31728
5.90063,4.80539,3.88075,3.2976,3.24488,5.08987,4.30723,5.11191,5.09733,4.34343
4.22908,4.90519,1.8052,4.56783,4.34129,3.92526,5.63467,4.33612,4.74107,3.10867
2.67329,3.98645,4.20996,5.20096,3.23507,3.07288,4.51809,3.42414,3.73403,3.36231
5.05465,3.5693,3.53441,5.67249,5.09322,4.81583,4.11475,3.22433,2.63825,3.47685
3.55658,3.72849,3.50508,4.22805,4.23158,3.77212,5.14275,5.14418,4.01764,2.37265
3.52656,2.27238,6.0161,4.56285,3.23891,5.83464,5.43891,5.85983,3.75234,2.98816
2.79401,3.63475,4.87866,4.22356,3.89131,2.89522,3.39516,2.73873,4.01159,4.32649
3.46314,3.40796,2.73343,3.09496,2.29565,5.29553,2.41411,3.48502,4.58557,4.15866
4.64524,3.70343,3.70519,4.60127,3.03639,4.64069,2.62789,3.52201,3.14984,3.65427
3.02507,3.59957,6.59673,2.70634,3.1458,4.20807,4.16587,3.54492,3.35924,4.46448
4.7278,2.69805,3.89502,2.50053,3.7377,4.87433,4.3745,3.77763,4.24772,4.82416
2.39488,2.80283,4.09227,5.38152,2.31901,3.69778,5.28152,5.56108,3.65679,3.94535
5.03475,3.85063,5.19788,1.79708,4.07926,3.69017,3.486,3.69752,3.12222,2.06889
6.16269,4.39789,3.67356,5.67298,4.7057,5.28804,5.10628,5.45654,5.3871,4.09968
3.68999,3.53419,5.421,2.4662,4.8818,5.25851,3.47039,3.3521,5.90308,3.77175
3.32842,3.36802,4.6476,3.35195,4.47251,4.97091,3.48732,4.06655,4.69799,4.32801
4.29835,4.05123,2.89943,4.46328,3.61507,4.45632,3.39993,2.52639,2.28282,5.01928
5.73789,3.86775,2.8515,3.90008,5.43663,4.16946,3.91694,2.93799,4.48498,4.84533
5.54228,5.42169,3.79898,1.69349,3.82255,3.11718,3.79335,3.99137,4.64718,2.97575
4.34071,3.78277,4.97626,3.65721,3.45953,2.88534,4.70149,4.69647,4.03906,5.76812
5.01901,7.02148,4.41372,4.07697,5.87686,3.4743,3.57101,3.42279,4.07511,3.55356
5.17753,2.57731,4.28296,5.06222,5.34595,4.97725,3.09504,3.08436,4.71162,2.9975
3.04426,5.55003,4.47715,3.95841,3.47438,1.44404,4.01696,4.9939,4.85399,3.20942
4.66245,4.29784,6.01567,3.56256,3.37183,3.50541,5.3112,3.80026,3.80162,4.15205
4.80219,4.07013,5.07208,2.96424,3.53018,3.69185,5.14096,3.3931,5.54324,2.85509
5.21337,3.50032,4.61166,4.41922,4.62754,2.70291,3.96307,4.21241,5.02295,5.41584
4.64047,4.72556,3.42894,3.82746,5.62902,5.01897,4.58368,4.74066,3.48462,2.7476
3.5228,3.37572,2.9859,5.4305,5.30717,4.25941,4.5121,4.57388,3.48585,3.71963
5.04364,4.40436,2.35338,3.32303,5.51855,4.74552,4.19622,4.7355,3.58443,6.09162
2.41206,3.74239,3.98956,3.89166,4.5349,6.11816,3.57647,3.49632,4.20965,3.65554
4.37322,4.46777,4.30925,5.555,2.96541,3.55193,4.77029,3.75265,5.40775,4.94045
3.94465,4.38038,4.02364,3.38182,4.15612,5.03015,4.34837,5.0363,6.08528,3.18678
3.95666,2.11362,4.56856,2.97661,4.63037,5.15117,4.03093,2.92817,4.23496,4.5907
5.68819,2.85919,4.72326,2.59823,2.82643,4.3991,4.8811,5.77691,4.44266,4.5465
5.35265,3.4964,1.97571,4.29649,4.70857,4.19714,4.61535,5.39288,3.86332,2.9319
2.89583,2.97805,3.63707,3.6596,5.343,2.59591,5.22122,3.38468,4.67273,3.74997
4.72007,2.84695,6.34031,2.43759,5.09205,4.94751,4.03816,4.38123,4.07692,3.85925
5.86926,5.29276,4.10384,4.03576,4.94326,5.17117,2.2428,3.34606,4.79252,4.35162
5.56608,3.21804,1.9824,6.20865,2.75393,3.4077,3.40019,5.36887,3.24606,6.22722
3.63384,4.11855,4.27981,4.98859,4.79884,4.1201,3.23772,5.42218,2.92247,5.24183
4.35818,6.71264,3.42318,4.63385,4.75527,2.73866,4.24709,5.16103,4.28454,5.25786
3.89811,2.97162,4.33883,4.53496,3.73887,3.52028,4.88695,4.30037,6.45784,4.88526
4.00624,2.40909,3.76365,3.67237,1.52007,2.32187,4.28769,3.60028,4.18227,3.06249
5.37391,3.92588,4.33776,1.82958,4.24545,3.56896,1.81319,2.83386,5.32925,3.84846
3.27316,3.31103,4.08113,4.36406,5.03836,5.55941,4.57295,4.3176,3.66864,6.13862
3.72183,4.67671,3.14875,5.40243,3.7891,4.7183,3.29036,4.63764,3.70478,2.21234
5.18839,5.82701,2.23149,3.72473,6.24521,4.35798,3.50048,4.14878,4.73542,3.70665
4.2385,3.74695,3.38678,4.59123,2.86573,5.70449,3.45943,2.37823,3.95061,4.38154
5.33612,4.66637,4.8915,3.52541,5.02813,2.68029,2.09451,4.49085,5.39139,3.46093
3.65239,2.7919,2.89176,3.92129,4.89301,4.36168,3.72664,3.31703,1.60202,3.90009
4.46803,4.34996,3.87031,3.27761,4.03082,2.02257,3.92059,6.69957,4.5789,4.43747
3.39446,3.57378,2.51222,4.77816,2.9867,3.04521,5.86912,3.34982,4.29073,3.04104
5.08203,3.30621,3.32003,3.39293,3.98404,2.86608,2.85036,3.06784,2.75206,4.48372
5.01703,4.28841,3.50511,2.76213,3.9251,4.60643,4.0488,5.77923,5.46406,3.1347
5.27653,3.03916,3.18367,3.68337,2.61085,6.10032,4.97464,4.48498,3.70889,1.92799
3.34082,3.01748,3.96981,4.70507,3.78866,3.16718,3.35959,3.53898,2.88429,4.78921
4.49465,3.35264,4.4417,3.82384,4.38147,3.39831,4.14907,3.33072,4.49478,4.41943
3.2369,6.12045,4.45764,3.50462,3.3667,2.73042,5.51497,5.08488,4.68839,4.56889
3.04423,4.38003,4.48634,3.32124,3.56645,3.78441,4.45592,5.69023,4.18013,6.31189
5.13961,4.59646,3.25702,4.19437,2.9882,2.05746,5.35957,4.47277,4.88644,3.46354
4.64045,5.49,4.07664,4.73118,4.11608,2.94462,5.04722,4.81674,4.92859,4.37881
4.71216,1.37841,3.49833,3.33653,4.55185,3.04763,5.56554,4.99198,5.37265,3.87744
4.47543,4.10927,4.43651,3.88639,4.02819,3.91203,4.48792,2.71234,4.08925,4.16514
5.23844,2.65948,4.41178,3.69891,3.9984,1.90828,2.94128,3.61073,4.29421,3.96211
1.6929,3.24248,4.71059,4.11978,6.62461,5.22809,5.66636,2.18519,3.63639,3.23591
2.50565,4.4594,3.71003,3.70248,2.99609,4.22358,3.77187,2.73565,3.80914,3.29127
4.40234,4.83589,4.28856,3.63832,5.49291,3.92138,5.86837,6.14275,3.87223,2.50973
4.5335,3.19785,3.99247,2.61567,4.56926,5.03006,4.6541,4.91274,3.12009,3.01109
4.32117,4.67654,3.20966,5.94948,3.60064,3.19757,5.26695,2.20803,4.31352,3.82821
4.18245,2.82786,3.0232,3.83972,1.79129,3.99518,4.91208,2.69356,2.98078,4.32371
3.76581,4.54421,4.7909,2.66157,1.96814,3.43463,4.14121,4.57225,4.21057,5.15168
2.8494,3.5249,4.47217,3.45673,3.15918,3.59618,4.12258,3.81834,3.88896,3.74575
3.53852,4.44735,4.4046,5.77725,3.91417,4.34838,3.63709,1.89383,5.12717,6.90936
4.18575,4.62994,4.04869,4.06043,2.51553,3.3652,5.6802,3.57641,3.40057,3.81137
2.16099,4.51642,2.95491,4.86163,3.29192,4.95206,3.48263,3.28061,3.96856,4.98169
5.53037,2.15974,4.13077,4.38335,5.98606,3.08659,3.41624,4.68637,3.86635,4.63264
3.95098,1.42208,2.39511,5.14596,4.33984,1.98099,4.35455,3.83048,3.83308,4.56804
5.79987,4.28453,3.24286,4.16618,3.33587,4.99939,2.14683,4.90541,5.14439,3.653
3.0146,5.07054,3.26917,3.93719,3.85776,4.77712,3.15732,3.25007,5.73734,4.04156
3.99545,2.60904,2.50903,3.52809,3.68455,3.48199,5.27984,2.94517,3.87197,2.97366
4.61931,4.58364,2.28902,5.17929,5.72143,2.02574,3.64655,2.14921,5.64823,3.88126
3.13917,4.14766,2.99858,4.08113,3.88703,4.65898,5.51425,5.11651,1.46239,3.17066
3.99611,4.82687,3.6342,3.74229,2.05936,4.41069,3.7059,3.28983,4.51366,4.41475
4.20214,4.16331,4.68991,2.71614,5.4216,3.80471,2.80866,3.05347,4.96878,2.00953
3.24793,4.4899,4.91755,4.03211,2.61268,3.91329,2.96708,4.82498,4.36378,3.78162
5.90493,6.00456,4.91051,5.39917,4.09489,3.08705,4.88432,2.71053,3.86563,4.99724
2.93534,2.85485,3.63497,4.51103,5.59424,1.08074,2.30873,3.5212,3.54885,3.68704
5.41847,4.01153,2.44509,3.67035,3.12141,1.98868,3.49281,2.04158,4.08148,4.2832
5.04403,2.03638,4.27762,4.95701,3.95839,1.68285,3.56958,4.38452,3.97821,4.42775
4.48963,1.59896,4.42943,6.68777,4.40832,3.67732,3.97381,5.10636,2.69623,2.84231
2.61281,3.447,3.93239,4.67665,4.87062,3.65275,3.50338,2.7691,4.38085,5.46895
3.6449,4.64454,4.83849,2.71991,5.40102,3.71082,3.3215,3.85148,3.62195,3.59581
3.52127,2.69646,5.32927,3.9106,3.10218,3.66151,3.78534,3.18429,4.00523,3.18132
5.12832,1.88914,1.93132,5.254,6.06933,2.4922,4.25271,5.26371,4.7846,4.17445
3.17969,3.26702,3.24499,4.74461,4.58779,3.39499,3.52567,5.41948,3.11887,4.06937
4.39818,3.06523,3.8136,4.36848,3.99886,3.09534,3.22526,5.24838,4.69023,4.62905
4.19154,4.72095,3.83043,3.56911,4.33135,3.05265,4.07373,4.67594,3.79155,4.36161
3.12985,3.91168,4.46402,3.37969,2.94836,5.18736,5.05299,4.49796,4.58647,3.61801
5.35126,4.29188,4.20277,3.76424,2.91689,4.905,3.35975,4.11529,4.81419,3.31158
3.7927,2.81092,4.43474,3.88535,5.02751,4.85723,4.27444,2.4265,2.94789,4.11307
3.65664,4.66649,3.37637,3.7356,3.5151,3.17936,2.5942,2.84296,3.83701,1.46445
2.57898,5.44214,4.58193,3.61686,3.47052,4.1129,3.76302,3.47453,3.44988,5.01557
4.11458,2.07291,4.67904,4.02001,4.29614,4.43067,3.22425,3.70126,3.9844,4.07448
3.12091,3.44191,3.73028,4.74766,4.58677,4.95064,6.14188,4.59859,4.14595,3.77168
4.14844,3.77504,3.97695,5.14485,3.71351,2.42973,2.85334,4.91955,5.14338,5.41342
4.45753,5.14355,2.92513,2.12046,3.2535,3.55269,3.64717,4.67041,4.35622,4.60212
3.14119,5.10244,3.93667,3.61199,4.88532,6.85018,4.38325,4.88655,3.56615,5.07766
4.00226,4.54906,3.51089,4.47699,3.35816,4.10008,4.56426,4.10508,2.62727,3.0716
4.44711,2.43397,2.70892,4.89715,4.32551,3.64326,4.68992,3.67842,2.50997,4.20375
3.85567,5.48393,4.78291,3.47631,3.20391,3.60796,3.00712,5.80001,4.19078,5.46437
3.9525,3.30872,5.4879,2.94232,2.58787,2.53288,3.78026,5.05612,4.46916,4.64618
4.28971,6.38723,5.29042,4.38177,5.22296,4.80658,3.30016,4.89419,4.48482,4.39858
4.20074,3.76467,3.22407,4.28672,5.49959,4.32446,5.57963,4.94607,2.76861,4.21466
2.78057,5.11963,5.45308,3.07471,3.39293,1.94674,3.53318,3.97566,3.76561,2.977
4.37014,3.57874,4.88996,3.33929,3.76813,4.41672,4.1502,2.44389,3.6946,4.01556
5.3799,3.92092,4.25367,3.26035,5.03175,4.8571,6.05752,3.48419,2.31291,3.38827
2.15995,5.17674,4.28594,3.89554,3.44366,4.62991,4.84183,3.32377,4.26287,4.19578
5.74484,4.29413,3.72504,3.28682,2.93091,4.84089,2.80508,4.07055,4.04273,3.22212
2.73352,4.63236,4.48799,4.02437,3.42984,4.07751,3.80023,2.96637,2.82552,4.17217
5.8959,3.91119,4.7883,3.30859,4.18126,3.8613,3.55614,3.81216,5.04914,3.55078
5.27134,4.0113,3.76361,4.86466,7.10892,4.48968,4.117,2.8522,3.03464,3.97551
3.58729,4.31042,2.62444,2.86583,5.02201,3.49284,3.56727,6.4994,3.55574,3.55371
4.98124,4.34929,3.97912,3.07553,3.88277,5.12437,4.57847,2.48593,2.56446,2.28069
4.16696,4.29126,3.56723,2.65389,3.81959,4.81837,3.13941,4.21758,3.31456,2.54564
3.24011,5.03473,1.9113,4.0988,4.88723,2.45669,2.42818,4.98936,3.19434,3.76501
3.0379,3.99331,4.3526,4.60424,3.87914,4.70465,4.52993,3.21267,6.1693,3.3847
3.61001,4.69042,4.47519,0.870434,2.95537,5.15798,4.65005,2.48475,3.55958,4.64098
3.67604,3.44325,3.11898,2.84712,3.17352,2.75258,5.43029,5.3914,4.88113,5.63039
3.12702,3.38941,3.23839,3.73401,3.40086,2.7477,3.70107,4.25917,2.03155,4.64414
2.12919,4.90858,2.8294,5.11607,4.95592,2.78618,3.03582,4.55123,2.68392,4.7007
1.91242,3.8487,3.70053,4.24774,3.27441,5.341,3.9008,3.84109,4.92379,2.42427
4.23889,5.53633,3.98257,3.16933,5.78466,3.78639,4.67883,4.98561,5.33656,5.0098
4.40375,3.92944,5.9764,2.88991,3.12704,2.02584,5.29264,4.32946,4.52156,2.37665
6.14676,4.02409,4.64889,3.41904,2.27704,5.78601,5.14822,5.72852,3.74339,1.27797
4.01231,3.99416,4.07179,3.79182,4.85991,4.04117,2.56258,4.22031,6.844,2.95028
4.85806,2.61565,3.26931,4.20471,3.91176,4.72516,3.86509,2.45757,4.63712,2.81478
4.42813,3.58829,4.48633,1.27806,2.83224,3.51915,4.85206,4.36533,4.93878,3.29467
3.46843,4.50056,5.3377,4.34285,3.721,2.3876,4.51612,5.17031,4.13211,4.86812
4.88966,2.72728,4.35405,4.65138,3.02845,4.39237,5.15678,4.24827,6.05252,3.9527
4.13429,7.16447,4.56181,3.58685,4.75451,4.65252,4.94727,6.1235,2.61246,4.66905
4.51428,4.83437,5.8643,5.44108,4.83475,5.68429,4.04298,6.15199,2.69344,5.65058
2.79462,3.1977,4.72731,4.31638,4.59758,5.12112,2.06184,5.00385,4.45177,6.31017
4.55232,4.38283,2.51527,4.14079,4.29077,5.40603,3.79884,4.36387,4.07139,3.40651
4.41465,4.19025,5.14166,3.32215,4.42072,2.40177,4.93213,3.17917,3.4855,3.11706
4.34302,4.84619,1.85786,1.9675,3.22755,3.00263,3.7892,2.80901,4.13534,3.75204
3.51241,3.67065,5.55009,5.38503,2.55019,4.96773,5.02193,3.40986,3.92833,4.19005
2.98067,4.85983,5.4958,3.30415,3.89754,5.50962,2.78712,4.39295,4.76723,4.05192
3.48315,3.84036,2.7619,5.13625,2.85479,2.88952,3.21406,3.81039,4.60478,3.85379
5.95257,4.10643,3.6701,4.71547,2.79004,4.87518,5.06454,5.13933,3.74536,6.15219
3.65855,4.15541,2.81475,4.85957,5.34825,3.17866,4.63509,3.95312,3.86859,3.54163
3.37075,2.35322,3.23221,5.17591,5.46858,2.89729,3.99691,3.87376,6.76434,5.6955
3.66602,4.17516,4.57421,5.36552,3.36492,2.61816,4.08382,2.99557,4.35525,5.04391
5.71656,4.17616,4.19658,4.54789,3.96215,3.91104,4.52817,4.51013,4.20186,3.52487
3.9355,4.94261,3.8865,3.93292,3.19552,4.25912,4.05544,2.43836,4.14449,2.33662
3.72433,4.73589,4.12562,4.86666,5.22603,4.76117,3.94502,4.27291,4.25704,4.75053
1.71665,4.59163,2.73422,4.09501,5.1675,4.36455,4.42312,4.86634,3.43677,4.54282
4.86366,4.75264,2.89616,4.61587,5.0491,2.95714,2.76647,2.93245,5.62049,3.01947
4.19535,2.84653,2.51608,3.37324,2.10791,4.23165,4.04065,4.48996,4.67565,3.98252
4.02545,3.89163,4.82005,2.7925,2.57549,3.62161,3.18991,3.33226,2.38215,2.09116
5.02883,5.39208,4.39294,2.21437,4.76435,4.60558,3.17428,2.85941,5.55186,4.79415
3.88381,3.03281,4.61529,3.42098,4.12168,4.47893,2.9627,5.91285,3.96694,4.90424
4.38989,5.03162,3.70944,3.18559,3.51625,3.93943,4.38789,6.13273,3.94403,4.70562
5.01836,4.77988,3.9694,3.91869,2.08316,3.82556,2.7133,6.11418,4.36101,3.81887
3.04605,5.88494,4.52616,4.07784,4.52281,4.09272,5.33442,3.8061,4.11831,4.69904
3.33059,3.83984,3.2866,4.94338,5.11165,2.61839,5.1472,5.43509,2.94288,3.99292
4.86337,4.90672,3.63015,4.18002,4.49046,3.72822,3.84992,2.92661,3.57324,5.13679
2.92303,2.82366,3.09656,3.42836,4.36336,3.00038,4.34036,4.40064,3.53033,4.87086
3.56777,6.86992,4.7596,3.79602,4.86599,4.66838,3.82475,1.68931,4.56121,6.02988
2.24215,5.46432,4.24994,4.888,3.53746,4.50734,3.84858,3.5369,4.53129,2.29545
2.42199,4.97418,3.5107,3.91118,4.2353,4.74107,2.91658,4.2806,4.73547,4.49183
2.99025,4.65264,4.51859,4.46518,4.72392,4.19696,3.50387,4.37295,5.38355,3.54896
4.56954,1.61719,3.80462,4.53465,5.64959,6.46327,3.26289,3.19486,3.66616,2.22266
4.77481,5.61685,3.98214,3.83654,5.0917,3.479,3.84351,3.60668,5.57168,4.14644
5.67106,5.12609,5.05739,3.96105,5.40491,2.76045,3.56068,3.32828,4.36996,2.78065
2.02064,5.79296,4.30981,4.98683,4.51839,5.66113,3.39508,4.57054,4.77362,3.71216
3.38106,3.92445,4.90468,3.09436,3.96802,4.59435,3.31586,4.27074,4.65477,5.31994
4.35801,3.08695,2.82344,2.83595,4.64715,4.65268,4.28938,2.89419,3.79675,5.40718
3.3689,4.93188,3.99105,4.28179,4.55931,3.97618,3.76199,3.01682,4.61545,4.63971
3.58998,4.86378,3.88181,4.77409,2.32622,2.33336,4.71966,5.33498,3.69063,2.96438
1.80662,3.93386,4.37423,3.04162,5.10606,4.18049,4.59674,2.65029,3.01293,5.37652
3.65008,4.69043,4.15165,4.20789,3.76353,3.16162,3.26083,4.59597,4.50683,3.5198
4.51655,4.38278,4.45531,2.4022,3.20278,2.51129,2.82265,5.03037,5.30729,5.13525
5.40363,3.15077,4.39006,7.16506,6.26241,4.77318,4.4962,5.62159,3.65008,1.60493
5.58686,3.51572,4.56453,4.63358,3.01006,3.35923,3.5041,4.25485,4.58723,3.51505
4.17262,3.30077,4.0354,5.73082,4.17169,1.56547,3.82688,4.22771,4.91265,3.81443
4.95362,3.63433,1.77738,2.93331,5.50014,3.37236,3.86995,5.45495,4.39355,3.93655
2.91851,2.38331,4.63894,2.82794,3.30673,5.4435,4.2274,5.58877,4.61355,5.74904
4.4872,3.84835,4.23295,4.59421,5.04753,4.47806,4.06738,4.14379,4.97749,4.0311
4.55719,2.91936,2.62671,5.298,2.79885,5.89243,4.39544,5.4993,4.81831,3.88656
2.87581,4.21268,4.93657,2.42169,5.80599,3.06597,4.82615,4.97749,4.12419,5.58347
3.63048,5.44258,4.39977,5.04953,6.10331,4.8346,3.61892,4.12121,3.40037,3.17015
4.9328,3.29846,2.4288,2.70263,4.63262,2.95667,4.44309,3.38015,4.46107,4.12505
4.29728,3.62242,2.76172,4.88582,3.2781,5.58901,4.37953,4.35918,3.06103,4.94173
3.67124,4.46352,4.55467,3.26626,2.40678,3.52001,4.65847,4.39232,3.82426,5.96524
3.82557,5.88153,5.15167,5.21274,3.03959,3.50296,3.35148,4.33181,3.60495,2.26755
4.53545,4.05892,5.46718,4.16898,4.56679,3.65864,4.38462,3.59902,3.42582,3.80642
3.02533,4.95418,2.29266,4.73767,4.66127,4.07815,7.97393,2.60224,4.54225,3.88102
4.30927,4.31971,3.74111,3.09551,5.91634,2.58664,5.6894,5.29502,3.24216,5.09282
3.25591,5.99956,6.29414,4.02446,4.63942,4.32795,2.43759,4.84531,5.07213,4.76146
2.67695,4.79096,4.54298,4.18981,4.18325,2.8358,3.18722,4.59412,5.06427,2.50258
5.07037,5.98388,3.47078,4.15877,3.60012,4.16095,5.75486,5.20916,4.99371,3.8841
1.85795,3.20803,3.63251,4.70349,3.41941,2.5627,3.54235,2.16282,4.56507,6.53109
3.95055,4.81026,5.57536,2.82606,3.74958,4.25211,4.26545,3.7806,4.21466,3.01874
4.32464,4.2483,4.43008,2.90661,3.92278,3.5938,3.58421,2.90652,3.7998,3.57937
2.32853,3.91087,3.74754,6.15767,4.66584,3.9412,5.17503,4.5651,3.49903,4.07585
6.19062,2.59366,2.2923,3.95189,4.27512,3.53544,5.33383,3.54781,3.44711,3.93236
4.42563,3.80212,5.03228,2.91037,2.64959,5.76772,4.62405,2.4993,5.30173,3.80119
3.47131,3.76977,5.17845,1.44683,3.57359,3.62555,4.07221,3.20758,3.50104,5.04146
5.09208,3.84942,4.17953,3.65263,3.49838,3.1653,5.88119,2.96179,5.28406,5.33062
3.37189,4.8941,3.31863,4.16455,3.42374,5.45734,4.32632,3.59922,4.02207,4.15492
3.72026,3.655,4.97635,3.984,4.05621,3.33671,2.46914,3.05757,4.92997,5.17714
4.13459,3.14629,3.92574,4.68787,3.88617,3.36434,4.45832,3.04891,3.87665,5.47642
2.18956,5.86617,5.84855,4.23877,3.14369,1.03518,3.76783,3.19419,4.4143,4.84833
3.65624,4.22318,4.17837,5.43747,4.52557,3.99462,4.03198,2.91756,5.6612,3.27475
4.4835,5.49016,3.47601,4.35618,2.81167,3.25798,2.19358,4.24337,3.47234,4.31152
3.38973,2.71267,5.03279,4.13743,2.57477,4.54627,4.19285,3.36156,5.00987,2.39834
3.46005,5.7018,3.61725,3.32832,2.81518,6.38058,5.48084,3.8563,5.09981,4.6777
3.95787,3.5346,4.12954,4.97539,4.52546,2.47305,3.50451,3.63003,4.35352,4.75697
4.63138,3.55598,3.20149,3.84569,3.66102,3.2,3.25437,3.95399,4.55057,2.95173
3.54758,4.46788,4.39631,3.42034,4.69628,3.69121,5.97076,3.99143,4.46887,4.6073
3.627,3.773,6.30538,3.42922,4.74256,3.08595,5.60637,1.93856,3.6987,4.71486
4.59061,4.83662,2.81249,3.4306,2.37451,4.42112,5.50587,3.88009,4.14293,3.67965
7.02685,4.30331,5.17675,3.66658,4.86372,2.77265,4.1658,3.19537,5.09437,5.8009
2.88418,4.03639,4.44109,4.68637,4.07853,3.70265,4.28495,3.73609,4.75274,3.49114
4.39121,3.36296,1.54617,5.59611,2.60799,4.57023,2.86075,5.08086,4.21513,4.00354
2.56212,4.73227,4.5593,3.64111,4.00841,2.73187,4.77408,4.74313,5.21143,4.38718
2.26043,5.09837,3.09519,5.46445,3.76078,5.14629,4.29666,4.06393,3.78405,2.49296
3.85957,4.01025,4.36182,3.52271,2.27472,3.2002,2.99567,4.12091,4.11946,3.50518
4.36702,5.54241,4.43955,4.30445,2.97006,4.77223,3.79103,3.34623,4.11082,5.69881
3.89039,5.19939,6.30862,2.98934,5.00724,4.81688,4.13851,5.45688,4.88928,6.34081
3.56478,3.95824,2.17598,1.43873,4.39782,3.56203,3.71721,4.04834,2.53124,4.02525
3.45834,4.27873,3.77455,4.18811,1.99492,2.43371,4.71353,3.46282,4.93211,4.0609
4.12768,3.08574,2.81814,4.89164,3.44799,3.07737,4.4591,3.46479,6.01865,4.35076
3.71951,4.80881,5.01258,5.21384,3.11255,4.59194,2.8687,3.59887,4.65297,3.37225
4.30333,2.76744,5.50725,6.12261,4.83859,3.55276,3.92846,3.81771,3.64478,4.55244
4.19628,3.83978,4.94558,5.2006,5.65538,4.57264,3.06652,4.16359,5.09165,2.36258
4.23719,3.86421,2.85617,5.16163,3.9819,3.03419,3.1471,4.64514,3.80867,3.49073
3.66279,4.63792,2.56862,4.65529,3.60759,4.05117,4.89094,4.83084,3.13129,2.48043
3.9352,5.72502,5.23523,3.7178,3.04408,4.08815,4.21064,4.17494,4.64577,2.16255
5.55715,2.50584,4.60251,5.73463,5.35682,6.06164,3.1706,4.63368,3.6746,4.39835
2.67357,4.72743,3.80365,4.19009,3.39608,3.21545,2.96377,2.91699,2.47843,4.78429
2.44238,4.63468,3.58369,3.57894,3.74889,2.80082,2.44076,2.78269,3.76269,3.82287
2.06241,4.50091,4.49545,5.85607,3.89137,4.02841,5.36711,2.97685,3.29438,3.60069
3.45794,3.042,1.78802,4.29264,3.04342,5.09864,3.73101,3.49793,4.18337,4.27962
5.87209,4.62225,4.81933,5.67836,3.6628,5.42798,4.03878,3.57682,5.49618,3.97988
4.34989,4.12897,3.30995,4.60901,3.85369,3.46931,5.02041,4.36093,5.42479,3.78182
3.87344,4.55011,4.35509,2.94144,5.88461,5.08213,2.04825,3.57546,4.52297,5.49731
5.10307,4.97141,3.65583,4.17622,3.47346,4.7616,4.39592,4.16262,3.57714,5.86499
4.38744,5.00112,3.7292,2.79493,3.38753,3.57287,4.55365,3.239,4.69952,2.0985
2.99473,3.43191,3.76048,4.50139,4.58879,3.38336,5.2957,4.11671,5.27833,3.28818
2.52415,3.67943,4.32477,4.82771,2.65004,4.11417,5.12087,4.3095,2.80393,3.16411
3.42561,4.71886,4.44123,4.40963,4.93108,2.56278,4.26977,3.40338,4.67479,3.79529
2.94161,6.22362,4.86669,3.13171,3.49279,3.04837,4.96298,3.99832,3.80626,5.0736
5.13505,3.97785,5.97597,4.7283,4.37825,3.30559,3.94176,3.91003,3.30198,5.30801
4.38499,3.63483,3.51939,3.22429,2.87311,4.17266,3.49573,2.32715,5.53425,3.04938
4.11835,5.01609,4.80063,5.44349,4.87529,3.89292,5.36367,4.35369,4.54055,1.30521
4.01959,3.38366,3.29817,4.86019,4.79753,5.39151,4.49447,5.02504,4.69133,2.10284
4.06159,3.68094,2.76716,3.96349,3.74165,5.56658,2.77727,4.15884,4.73101,5.19974
3.8922,2.95605,2.75549,4.08964,0.446013,1.9383,3.96306,5.43082,4.22227,5.31634
4.278,3.60454,5.31054,4.26099,5.56487,4.59751,3.57101,3.84513,3.61254,5.04395
3.60156,4.50453,2.27888,5.31823,3.97181,4.16809,3.85582,3.89942,4.19616,4.69904
4.91253,3.91962,4.00846,3.19138,2.6316,3.01861,3.9288,3.20339,5.06692,4.32055
3.97702,2.6109,3.33736,3.20611,2.47207,4.56472,4.48569,4.30169,4.61407,3.24082
2.74169,2.93533,5.08304,4.48543,4.39514,4.1721,7.11844,4.552,2.92991,3.76191
4.55098,3.19854,3.52702,2.00452,2.66101,3.85099,4.10284,3.2085,5.37159,4.15715
2.3628,3.52769,3.58209,5.20474,5.32173,4.31164,3.11877,2.6152,2.34676,3.9031
3.90888,3.86015,3.77418,4.98833,2.91435,2.21456,3.13947,3.36309,3.38057,2.66826
6.04795,3.89457,3.5332,4.19084,4.83101,3.4269,4.77592,5.25259,4.16848,4.09451
5.42154,2.79753,5.54789,3.50098,4.93591,4.33848,3.04611,4.82081,3.33176,3.65321
2.64611,4.50617,4.26791,4.26038,3.07278,2.88843,3.20489,3.41494,3.27902,4.17889
4.09832,5.06965,4.39543,5.42931,3.56172,4.795,3.33078,4.92524,4.39615,4.42261
4.09917,3.73811,1.81417,3.05007,2.87097,5.45985,6.19197,3.46135,4.60397,4.13531
3.55511,7.36935,3.33542,4.53497,4.55686,3.70828,3.22512,5.36904,3.66219,2.68137
4.46364,3.75571,3.60306,3.12556,4.46806,3.608,4.30087,4.45141,4.89342,2.26341
4.66139,3.90142,3.2382,3.15451,2.13979,3.39482,4.047,6.55574,3.44246,3.61388
5.63631,4.09157,3.29709,2.63709,5.87426,4.16157,4.84782,3.74769,4.51381,4.82511
3.19489,3.99947,4.39146,4.09835,3.05568,2.43922,2.1004,4.18233,4.58339,1.32691
4.20676,3.52432,2.6911,2.94632,2.5075,5.47631,4.26745,2.84063,2.98066,4.14524
3.06129,6.68889,5.65425,3.97082,3.82698,4.03278,3.51182,3.71504,3.82862,5.00175
2.83991,3.16561,4.44838,5.29332,3.81098,5.43279,3.49024,2.85368,2.77102,2.18991
2.82488,4.94623,2.17776,4.09678,4.1903,4.1483,5.37099,2.85077,4.59524,4.79856
4.61277,2.91692,3.43411,3.09371,4.43774,3.60677,3.035,5.04046,3.86994,4.47517
3.02997,3.6003,5.55992,4.70783,2.69733,4.54445,3.18492,3.04558,3.60996,5.01492
3.30904,3.50807,4.58854,4.60184,4.74215,4.16498,4.44916,4.69655,1.9911,3.45379
4.42218,4.42287,4.12098,4.39741,4.77346,3.2794,5.22755,3.6654,3.53906,4.09062
5.48388,4.01931,3.0041,4.66243,3.81306,5.3658,4.56408,4.86945,5.98612,6.3127
3.94749,4.44497,4.7258,1.90194,4.77055,4.48505,4.0989,2.60363,5.56237,5.36013
2.00399,3.49534,3.88263,4.3835,3.41765,3.77379,4.36109,4.16929,3.58416,3.60289
4.01503,4.3386,4.80221,4.0841,3.76275,4.84815,3.52571,3.53116,3.20255,3.25738
4.88313,3.65202,4.23787,2.1065,3.88083,4.59915,4.91928,3.4976,4.63697,3.84925
6.11268,4.39654,4.3638,5.29009,4.51359,5.26118,4.51391,4.13604,3.31255,5.57631
3.22799,4.52874,4.06335,3.37741,3.87258,2.40346,3.55631,3.03209,3.64437,6.16237
4.90495,4.58916,4.69554,2.4165,4.22719,3.60246,4.05684,3.04406,4.79143,3.16028
3.27097,4.7667,1.97243,4.53561,5.3933,4.38822,4.42976,4.13609,5.06616,3.89295
1.62152,5.07013,3.55699,3.52263,3.7818,4.22629,4.84682,3.02326,3.86642,6.45971
6.47351,3.6126,4.21539,5.19255,2.12306,5.83002,3.78752,3.06058,4.58033,2.50533
4.49803,2.33629,3.80957,3.17872,5.04017,3.80471,5.75281,2.60802,5.274,3.42225
3.01683,3.74772,3.17194,4.19803,3.48456,1.64075,3.95513,5.67182,5.66771,3.51483
4.74605,4.43626,4.057,3.78546,2.9664,3.4066,4.38204,4.42134,3.97343,3.93916
3.33546,1.29219,3.05289,4.32537,3.11104,3.73403,2.57263,3.80557,2.55984,3.96041
4.20337,4.36157,6.45197,2.95232,4.91734,3.46299,3.32384,4.47899,4.39477,4.37949
4.75541,2.99703,4.16603,5.73175,5.67336,3.23074,3.01188,4.63726,5.07307,2.45719
2.79517,3.45243,2.6108,4.73674,3.8234,4.82211,2.6778,3.73238,4.17727,4.85358
3.90915,4.19283,4.21226,4.34119,3.61123,2.78568,5.32624,3.50945,3.70178,2.30045
5.01515,2.93375,2.65465,3.90896,6.03497,5.08374,2.50695,5.61466,4.59208,4.54511
2.58998,5.29732,2.59638,1.58335,3.66109,4.2224,3.97977,5.1596,4.88715,3.48678
3.98305,5.7315,5.05159,2.92236,5.17449,4.34753,4.43307,5.22552,3.19601,3.52218
4.82703,4.00192,4.04027,3.27399,4.92847,3.34959,2.9646,4.12815,5.54661,4.02585
5.05127,4.25927,3.6915,5.96668,2.90468,4.70818,4.45028,4.23967,3.81385,4.6944
5.15508,2.30672,3.41502,3.56889,4.33912,2.47563,3.79058,4.34177,3.88559,3.9793
4.53042,2.22982,4.75548,4.28463,4.09939,5.18165,3.92869,4.8232,4.31902,4.65126
6.35026,4.68271,4.91834,3.27911,3.51892,5.01492,3.40165,3.74585,3.38002,3.70381
5.07181,3.86724,4.73424,2.42751,5.99851,4.32423,2.47704,3.33073,1.81144,3.3185
2.98536,4.7919,3.46435,3.01345,2.37811,5.04312,3.36555,2.98148,3.46449,2.54088
4.10864,4.04893,2.41775,6.05883,2.83301,2.94988,4.19395,2.53014,6.04704,3.04465
3.4594,4.49058,4.37397,2.50898,2.32426,2.91866,3.87966,5.58911,4.9336,3.73529
4.06775,4.36189,1.73818,5.80565,2.18295,4.55071,2.893,4.31912,4.77622,4.48925
3.96949,4.77663,5.79493,5.03932,2.68842,5.34691,2.89429,5.41377,3.92066,4.0617
3.14699,5.36522,2.78933,4.32221,3.12097,2.55811,4.40276,3.4993,3.80999,4.44091
6.04557,5.55038,4.48855,3.27576,3.07303,4.89177,4.61856,3.0412,4.41892,5.97597
6.20775,2.8278,5.70468,5.09727,5.59521,4.33833,3.22906,3.77884,3.03439,2.81315
4.56153,4.67686,3.99903,4.02707,4.3671,3.91656,4.1976,3.42826,4.47142,4.08662
4.60436,4.70426,4.38523,4.43927,3.33351,4.01169,3.49756,3.40943,3.97868,3.31156
4.23198,4.29507,3.91546,3.90502,2.69942,6.05468,3.75298,2.00312,3.08923,4.77874
3.5265,4.54576,4.92436,5.5695,2.9096,3.38429,2.9187,2.67317,4.35875,4.52021
3.52185,5.61413,4.16011,3.2272,3.35485,2.90577,3.94557,3.09954,5.07727,2.98765
4.34764,5.81621,3.80578,3.51759,4.22743,5.77749,2.90553,3.12677,5.79364,3.68243
2.44621,4.25815,2.21085,2.52014,2.84879,4.06052,4.65605,3.61092,5.83949,4.48443
4.37481,5.02073,2.74683,3.26749,3.67309,4.88671,4.7683,4.93943,4.93369,5.68024
6.24304,3.91534,6.5127,4.79997,3.86226,4.36544,3.52471,5.47283,6.21793,3.61588
2.8419,4.97595,4.79585,4.24937,4.06745,4.36884,5.25306,4.66839,5.34896,5.20624
3.42051,4.54756,3.15596,3.24848,3.41967,3.14543,0.787296,5.0434,3.81016,4.13352
4.28857,5.75331,3.84597,4.44,4.70096,4.5791,4.28153,4.11492,5.20207,4.10502
2.62352,3.976,6.15223,4.88468,4.09915,4.80701,5.84981,4.42651,3.45128,4.52003
3.513,5.22016,4.4143,4.10217,4.01263,3.40021,3.74663,3.05695,3.59466,4.79278
5.30955,4.30823,5.69724,5.33749,2.91933,4.77356,3.41554,4.01257,4.31096,4.71942
3.75119,5.10778,3.41811,4.9043,4.88111,6.13855,4.05583,4.66964,4.18932,3.28338
2.79683,1.58841,2.83036,3.31192,2.94442,5.92532,3.95417,2.6989,4.39601,3.75164
3.00465,3.4117,3.49328,3.17537,3.90334,5.035,4.83467,4.20139,3.86329,5.03123
3.22205,3.06925,2.33447,3.86181,4.23758,4.17179,3.05327,3.53932,3.45152,5.51537
2.52369,5.06743,3.17985,5.76481,2.17146,4.81878,2.71009,5.11914,5.68103,4.7489
3.21932,4.31353,3.96986,4.10961,4.04099,2.53817,4.58068,1.56312,4.62124,4.04914
5.30251,3.54677,3.81576,3.40456,2.79473,4.42374,3.06825,3.34193,2.51525,3.13165
4.79525,5.40563,5.07546,2.97542,5.46823,4.19048,5.36211,4.9225,4.07429,4.12887
5.08821,3.26639,2.76833,4.70015,4.75576,3.69292,3.87362,4.47224,4.09305,3.16447
3.72857,3.86531,3.80307,3.75982,4.98651,3.54276,3.28737,4.60174,5.8434,4.91674
3.87048,1.73743,3.35523,4.7243,3.32379,4.63235,2.88104,2.71934,4.93527,5.22742
4.98394,3.97212,2.64227,2.44843,4.85933,4.66013,2.98937,4.68988,3.82899,4.48137
2.00298,3.54998,2.57984,3.43111,4.83177,3.85087,3.93249,4.42816,3.94663,4.46149
6.13998,3.79574,4.35292,3.28735,4.46909,3.98788,0.990837,2.49495,4.30137,3.38025
3.21209,2.87752,4.76166,3.51414,4.12961,1.89614,4.38768,6.46348,2.41983,2.13733
3.39137,3.93098,2.88752,3.62328,3.67321,2.80342,5.09256,4.85623,4.21098,5.32892
4.26129,2.26419,3.9642,4.09574,3.86364,4.55399,4.68676,3.65378,4.97202,3.41739
3.08362,6.29993,3.46775,3.62339,2.85906,4.30184,3.83165,2.49673,3.10221,3.24972
4.15649,2.80789,4.92967,2.88999,2.87596,4.17264,3.15064,3.67298,4.89091,3.90255
3.71912,3.04214,4.0736,4.56669,5.06773,1.84015,3.23681,4.79955,4.29867,3.39525
2.93157,2.53478,4.71068,2.39406,3.37681,4.1897,6.12408,2.71726,5.1404,3.86106
4.52086,3.44581,3.80804,3.99629,2.03611,4.15718,4.1828,4.51891,4.35798,5.61284
3.04149,3.61776,4.3684,4.49759,3.19163,3.17977,3.69766,4.97262,3.48334,2.44703
5.36147,5.93237,4.60725,2.72581,5.0384,2.4792,4.73216,3.95768,4.04384,4.08558
4.2371,3.59138,6.05089,1.65479,3.92811,5.3189,3.98027,3.3035,4.48504,4.95965
2.75488,3.17054,4.44531,3.89461,5.09297,6.09108,2.92791,4.00424,3.70906,3.98013
4.40165,5.19807,3.87799,4.53188,4.24354,5.34387,3.52507,4.46001,3.73138,5.36635
1.63124,2.5389,5.33345,3.67665,3.95196,3.15213,3.99287,3.15901,3.44593,6.05943
4.72111,4.67379,4.80682,5.44157,4.28477,3.99948,2.87966,4.64623,3.12991,4.01691
4.21129,4.80702,5.99313,4.53772,3.66028,4.47756,5.19193,2.6497,3.20072,5.49542
4.46248,3.31632,4.90268,3.10922,4.90591,5.47286,3.22153,3.91242,2.95441,4.64901
3.82447,3.07319,4.23733,2.69057,5.30831,3.20841,3.12331,5.01885,3.44566,1.92937
5.6692,3.29543,4.32097,5.38101,4.05394,4.4169,3.95435,3.20792,4.2949,3.40922
3.93184,3.17791,3.24204,4.27546,5.53558,3.11883,4.34291,5.23652,3.66116,3.60939
4.02095,4.75758,3.74458,4.23571,4.8502,4.20214,4.32325,4.84317,5.9263,3.9598
4.17465,4.44055,2.28676,3.73243,3.85725,3.2018,4.37807,4.222,3.43663,5.31215
3.73015,4.53404,3.16985,2.79274,3.18419,4.64736,4.30105,4.0318,5.64976,3.23553
3.44205,3.48189,4.50418,3.95963,4.91,5.74657,2.98772,3.80083,5.21219,2.48645
3.32135,2.49793,5.4315,4.13539,5.48276,4.12821,3.28012,4.16932,4.03965,4.48072
3.19782,3.36678,5.61697,4.13369,4.18849,3.30078,4.29273,3.40467,5.33998,5.21966
3.59074,4.24743,5.93601,2.97013,3.62595,3.92169,3.82211,4.17153,1.77754,3.10369
4.24226,4.0576,4.59484,4.08735,3.62134,2.92583,3.99839,4.11698,3.48015,3.85008
4.31497,2.99453,3.07052,2.99373,4.72851,4.25933,3.75369,3.2439,2.77865,3.89345
2.94602,2.93567,4.3355,4.60889,3.86201,4.37203,4.22863,4.82699,3.34415,3.90478
2.75834,4.65632,5.51657,4.11082,5.44713,2.98068,2.82446,4.29379,3.6123,4.12478
3.88983,2.6484,4.52529,3.6031,3.78496,6.5707,2.75001,3.63126,2.74726,4.08446
3.61331,4.03452,3.94126,2.05361,3.86377,4.30665,3.56091,3.25356,3.72338,4.19564
5.7482,5.69052,5.4778,5.91535,4.22727,5.16716,5.34891,4.74263,3.97836,4.4698
4.51404,2.19097,4.41304,5.28079,2.13939,4.47297,5.13002,4.00514,4.68883,3.03108
2.51591,4.77888,4.07395,5.34744,4.29134,3.4986,5.81232,3.21302,4.2307,4.85343
5.5989,3.70128,4.95689,4.68651,5.10335,3.83509,4.88782,3.26848,3.77935,4.5511
3.91761,4.41751,2.58937,3.61646,3.74309,3.30016,3.96681,3.21502,3.89426,5.02026
3.74097,2.4386,4.67546,5.04136,5.30826,4.85278,2.24107,2.87938,2.93006,4.84375
4.49075,5.53712,5.60178,2.84049,4.54839,4.8241,1.82243,2.79685,4.86137,4.28026
4.27445,4.42162,3.84586,4.41907,5.01785,2.97252,4.36201,4.06142,3.24658,4.10485
4.68927,4.79193,4.09419,4.19919,5.15766,2.36918,4.81403,5.02886,3.30121,4.55656
1.56839,4.71633,5.25503,5.32795,3.32054,4.09559,5.1149,3.87668,2.54697,3.46774
4.51118,3.16188,4.56781,6.07868,2.97932,5.17354,3.26215,5.08525,4.39974,2.78528
3.57666,3.40971,5.08518,4.55586,2.77305,3.86024,3.98201,4.31382,4.08551,4.33575
3.92887,2.90809,2.89642,2.62432,3.9195,4.51459,3.22327,1.95204,4.07863,3.65566
4.35124,4.03257,4.54509,4.31463,3.93232,1.44318,3.77266,4.3987,3.16352,5.15438
4.19273,3.61795,1.53119,4.232,3.3387,5.26182,3.20167,2.21923,3.8877,3.37305
2.15374,4.05593,3.71366,3.47038,3.77077,4.51401,5.53228,3.93501,5.04085,4.6287
4.96167,2.65054,3.56689,5.28107,3.73207,4.53956,5.81796,6.0482,4.35301,2.71487
2.73512,4.26031,3.86442,4.89718,2.63906,4.29065,3.50814,5.76831,3.34992,2.61609
4.63739,3.98742,7.08082,2.79273,3.54915,4.58254,4.20182,2.48481,3.21232,3.83212
2.86153,3.60128,4.64548,4.4493,3.61034,4.96331,4.94206,4.74757,3.47201,5.00433
3.10632,6.0107,4.93001,4.06185,2.71346,2.36562,4.75071,3.96828,2.07051,4.9046
5.36816,4.19219,2.85824,3.39932,4.22565,3.04251,3.92807,4.03604,4.11636,5.04551
3.01228,3.79195,3.34059,4.15309,5.40511,4.39768,1.8813,3.96462,3.28663,4.56162
3.19769,3.96436,4.46446,3.96142,3.27931,3.12709,3.33261,5.37676,5.09873,4.84484
4.68644,4.57229,3.3476,3.71981,3.36745,1.85487,3.54331,5.12082,4.06844,4.06858
3.5609,3.80776,2.91759,4.72554,4.32939,3.95358,4.68463,3.54136,4.82156,5.64404
3.70961,3.39015,1.58726,4.07309,4.08705,3.24872,5.31196,4.73298,4.30267,4.33259
4.87886,4.00631,3.4994,3.0658,2.63091,3.72085,3.4701,3.16339,3.12537,2.46244
4.19295,2.23858,1.12414,3.11647,3.84655,3.22021,2.99538,3.80687,5.05304,5.2978
4.43779,3.8529,4.73803,3.15715,4.31355,5.26917,3.47235,4.0017,4.787,4.70702
3.23509,4.16806,5.52763,4.91917,3.83137,3.46778,3.06066,3.10387,3.52071,4.54595
2.43163,4.37892,4.51405,4.30726,4.5517,3.91017,3.54701,5.29023,4.6995,4.11726
3.81539,4.86088,2.33145,5.94466,4.28807,2.71637,3.22902,2.36823,4.9818,4.67507
3.38281,3.48649,5.28272,6.03021,3.75749,4.30756,4.93695,3.68012,2.88289,3.64571
4.43348,4.32222,4.83619,2.75766,3.67974,3.97332,3.79959,4.38872,4.549,2.65016
2.45839,3.78269,3.84847,4.08498,3.83351,3.84375,5.7851,4.12332,3.12103,4.37929
5.17373,3.92,5.40345,3.6528,3.08472,3.37049,4.52609,3.24256,4.0261,3.582
2.75874,3.35317,5.87478,5.3194,4.00425,5.32533,2.67908,3.60424,2.453,3.51348
2.88741,2.84398,2.34042,2.61217,5.80259,3.90537,4.33482,3.40899,1.6581,4.05101
2.73209,4.40301,4.1035,3.043,5.00463,4.51485,3.80517,4.33022,3.83736,6.27152
4.86922,4.91452,2.502,2.06661,2.41744,3.51395,3.18692,2.02925,4.69706,4.58789
7.44688,3.18046,4.63219,3.24592,2.61789,3.42765,2.46719,3.19498,4.34569,4.2659
4.84032,3.5814,3.16969,3.81089,3.78972,3.48686,3.64923,4.1453,5.92236,2.09694
2.41045,2.67231,4.06416,3.7109,4.15837,3.60917,4.03078,2.86133,4.23748,3.71187
5.71143,5.00907,2.54276,4.60209,4.25573,3.40666,3.19116,5.42872,2.70548,3.48783
4.12032,4.80081,2.8614,4.86358,5.35377,3.51029,4.18332,3.93356,3.60175,3.62816
4.50447,4.13024,4.57725,3.18819,3.78024,3.77532,2.81445,4.37866,3.53428,4.1419
3.4672,4.93936,4.41161,3.53511,5.46306,2.25734,3.64335,4.02287,3.94204,4.67546
4.92161,4.69156,2.22055,3.31485,4.21619,5.40787,3.6421,3.47064,3.83907,4.08135
4.85347,3.68705,3.79707,3.75182,4.22352,4.11671,3.90957,4.50024,5.15504,5.66095
3.53897,2.31645,3.23355,2.84461,4.26314,3.17788,5.86795,4.35092,5.29401,4.96628
2.69883,3.94914,3.27527,4.51105,3.36946,3.36477,3.45377,4.49596,5.65416,5.15503
3.16819,4.96306,3.66193,3.3435,4.77216,4.19877,5.60696,2.73834,4.82554,2.58158
4.44496,3.8504,4.7813,2.77602,2.86871,3.20115,4.38029,5.06612,3.12708,4.41789
5.83687,2.10802,4.13759,4.00865,3.14065,3.35334,3.41147,3.26379,4.38917,5.53085
4.43944,4.11239,1.00695,3.29144,2.8935,4.36698,4.83335,4.89137,5.85528,3.26069
4.81116,3.33761,5.2835,5.47714,3.74973,5.71868,3.22129,3.08713,1.66699,4.65785
3.96685,6.97188,4.71863,3.4836,2.5193,3.20785,2.41868,2.28563,3.76403,3.75154
4.07973,4.68216,4.36973,2.9645,4.50815,5.08227,2.12366,4.80715,4.01467,3.96588
4.62539,3.67731,3.55324,3.21936,3.63661,3.48978,2.36286,5.51564,2.97854,3.22463
4.74731,3.97792,4.79086,4.12625,3.92093,4.52446,4.85085,3.03027,2.94611,2.42022
3.4233,4.46064,2.43274,4.75156,4.18352,3.21795,1.81659,4.58888,4.24623,3.33231
3.49919,4.55683,4.71866,3.95349,3.62106,4.12779,3.1999,3.23739,3.48633,5.10812
5.33348,3.84901,1.97312,4.10032,3.07715,3.05818,4.31599,3.30123,3.09438,4.25078
4.34353,4.11191,4.98641,3.74431,4.02702,3.98609,3.49054,3.23391,4.16807,4.35898
3.87844,5.06853,3.43692,4.9827,4.5711,3.93046,4.8369,5.67365,4.89392,3.33417
3.27961,4.07745,3.95734,2.74215,4.11388,4.95579,4.48752,4.50975,3.03898,4.79258
4.34756,3.92222,5.24257,4.14884,5.01782,4.53368,5.35938,4.51256,4.85931,1.59401
4.19857,3.23408,3.27478,2.87872,3.50323,3.79789,4.81704,2.91409,3.58048,4.11419
4.21816,4.69573,5.54235,5.12807,4.98997,5.05183,4.30102,5.48482,4.91146,5.02954
3.74505,2.39181,3.06073,3.39124,3.55438,3.56148,4.25694,4.78854,3.37054,4.18279
4.6618,4.51008,6.02676,4.07355,4.98343,4.92298,5.67569,3.40479,5.38129,3.72078
5.2428,4.26721,3.22049,2.85063,2.47478,2.49929,4.50057,2.47741,3.47467,5.17937
4.14783,2.83506,2.60797,3.35199,5.72818,4.42637,4.97048,3.99824,4.26696,3.61702
5.71591,3.04355,2.19577,3.75513,5.09982,3.10542,4.32078,3.16937,3.78974,4.50454
3.60124,4.12448,3.5628,5.80862,4.94382,2.1401,4.58109,5.41917,2.55024,4.72302
4.11602,3.61173,4.18896,5.728,3.74473,2.92942,3.91586,3.66613,4.11039,4.13777
4.43534,3.27742,4.19476,2.97422,5.30137,4.23753,4.60594,4.4166,3.42514,2.92043
4.55249,3.01047,3.49332,3.26526,2.79068,2.19911,2.69912,2.38775,5.41557,3.85805
4.32477,5.01462,4.83933,4.05836,4.20488,2.88275,2.38623,2.54106,3.96428,4.44973
4.9445,5.4437,2.3538,2.20639,3.44031,5.68695,5.4784,3.05472,5.23333,3.66824
5.03325,4.14842,4.06029,5.02961,4.36756,3.87657,4.76708,3.26257,4.8388,2.43804
2.88991,4.22396,3.26411,2.66052,4.90302,5.40935,4.20958,3.96267,5.78436,2.26052
3.64589,4.48945,3.34172,5.1568,4.10103,5.8783,4.33391,3.92116,3.88943,5.25405
2.46487,2.76356,5.33575,3.44126,4.10169,3.06956,2.89611,5.1255,2.85323,3.69054
4.67587,3.12508,3.76915,6.62324,4.21865,3.20187,3.77399,4.90753,3.77142,2.11802
4.66311,2.76668,4.48229,4.12011,3.70388,4.86933,4.40436,3.8815,4.34187,2.43492
3.70049,3.51163,4.83773,3.51785,4.301,5.03352,3.61781,4.90508,5.76791,5.07903
3.88284,4.88447,4.102,3.70274,5.56771,3.19264,3.15676,5.13973,5.19202,6.23848
2.95627,4.43852,4.88672,3.64272,2.80542,4.36943,4.28837,2.89412,6.55177,4.34428
4.98374,5.07437,4.62788,2.9331,4.34452,5.33986,2.84495,4.08759,2.66056,3.64642
5.02683,4.24162,3.53401,4.83068,5.69941,4.36894,5.49132,5.76166,4.50134,3.76299
4.64853,3.85697,3.38774,3.84922,2.72959,4.38304,4.88816,3.8143,2.80332,1.60756
4.5592,3.81685,4.39683,4.95992,2.93111,3.91498,5.00535,3.89966,4.53318,3.42802
2.24171,4.87417,4.75241,2.62032,5.19919,2.59172,2.96311,4.08798,4.38763,3.49471
4.27365,5.37144,3.23235,4.00485,3.67141,4.90079,5.11672,2.97716,5.34589,4.42098
4.4016,3.7484,3.01571,4.10297,3.17756,5.30602,2.64596,3.0078,3.43786,2.94619
3.3523,4.92713,3.71633,4.75446,4.83941,5.87757,3.92275,3.28134,5.82941,4.26563
3.68302,4.04894,3.45222,3.76371,3.08206,4.0189,4.78469,3.75097,6.01783,3.22735
5.25265,2.66739,4.43178,4.13775,3.92905,3.16707,4.63424,5.33441,2.83336,2.24241
4.13466,2.13714,4.3662,4.63772,5.3934,3.79405,4.54883,5.144,2.59592,6.0233
6.04658,3.43266,2.52784,2.29597,3.79478,4.27821,4.53105,2.57127,4.24725,4.16619
4.99182,4.20939,3.45526,3.57298,4.31677,3.74394,4.38355,2.74737,3.10532,4.0349
3.55317,5.88233,4.37151,4.08217,4.66152,3.95891,3.96858,2.60327,6.3555,1.6269
4.72018,2.67792,4.17944,3.17983,4.58565,4.16867,3.31488,6.2801,4.14394,4.22393
3.27542,4.42951,3.29409,5.57143,5.0182,5.40903,3.87493,4.05815,5.67232,3.5367
4.55485,3.75825,5.16683,3.113,4.0869,3.90113,4.57499,3.57855,6.37465,3.81721
4.64149,4.74212,3.2166,4.52396,3.3333,2.98873,3.27865,3.83255,4.3243,1.43115
4.60148,3.49013,5.49999,4.25376,5.04707,2.71999,3.26412,2.62357,2.8105,2.08271
2.69449,4.44442,5.18835,3.4584,4.24994,4.58985,4.69336,4.79205,4.05169,4.52705
4.70693,4.93824,4.71138,3.24908,5.20557,3.5613,5.60912,4.43313,5.04199,4.33409
2.21501,2.77108,4.17822,3.41622,3.76837,3.32427,4.65056,3.94282,3.94437,4.58998
4.1141,3.34807,4.69105,5.19049,3.11271,3.59232,3.9552,5.74666,3.43816,4.53466
5.58889,3.70177,2.46818,3.2158,3.06873,2.72614,4.2496,3.91944,6.16784,3.76982
4.09882,3.07791,4.19804,4.37672,3.60837,3.42665,4.23148,5.41818,2.66473,4.41095
2.40132,5.05498,5.5968,5.16607,4.304,2.42614,2.83454,4.00001,2.88609,0.76496
3.16186,4.23752,5.56321,4.77516,4.05245,2.45366,5.09961,3.20417,5.09042,4.15099
4.38897,3.18601,3.73206,3.81451,6.34815,2.8357,4.43534,6.90976,4.21202,3.55478
4.80711,3.94244,5.13129,4.45185,3.76661,3.60535,3.86273,4.91659,5.08233,3.4347
4.34055,5.27198,2.87198,3.85341,2.47582,5.28568,4.38443,3.56881,5.17507,3.05717
4.00676,3.12973,4.30166,5.1126,3.8489,3.94158,3.60183,4.32497,1.9,2.78723
3.03708,3.39874,3.76158,2.73956,4.66374,3.93333,4.45094,3.43789,4.66364,4.42099
2.80749,5.21706,4.17905,4.39154,3.58479,2.92166,5.43632,2.63732,4.136,3.66644
4.72666,4.32603,4.7269,5.39544,5.77446,2.3881,2.85742,2.86691,4.42493,3.02145
4.8579,3.74266,4.74849,5.46347,2.99855,3.70164,2.97844,4.19612,3.24518,4.64701
4.93411,3.89714,2.47196,5.51754,5.3808,5.38932,4.56101,6.06714,3.30885,5.38569
2.33084,2.28658,3.90095,3.70301,4.62465,5.7376,4.92607,4.57617,3.8637,3.05961
3.3532,3.40658,2.75257,4.29521,4.3072,4.89319,3.25135,3.76762,4.36903,4.39738
5.25662,5.02651,3.47463,5.43681,1.74908,4.09079,3.29554,4.94503,4.09423,3.18438
3.49493,3.94708,2.82021,4.41399,5.21723,4.47222,4.1643,3.0787,3.81699,4.68293
3.87885,3.82454,4.07985,4.97934,2.77622,4.24156,3.5833,4.15465,3.79435,5.26091
4.79473,3.72433,4.88608,5.70408,5.85613,3.94415,3.19235,1.72935,5.52,2.94725
2.52423,2.6585,4.6644,6.02672,4.79706,2.87143,3.54448,3.23295,4.65117,4.7391
3.7217,5.10881,3.35121,4.42207,4.1941,4.69437,3.50462,3.33499,2.95022,3.53418
4.75149,1.8616,5.23291,4.93261,4.31235,4.06505,3.57172,3.37588,4.0003,2.60878
3.01682,3.73805,4.0416,5.25658,2.39157,5.83379,3.24577,6.54981,4.26039,2.66543
3.25774,4.76874,3.89645,3.34942,3.84585,4.26482,3.0378,3.74969,3.89334,5.81397
4.78129,4.26228,3.14529,4.31084,3.65441,4.23489,3.03699,3.89658,3.5497,4.86583
4.13831,5.07777,3.26227,3.20778,6.24681,3.43792,2.48654,5.15628,5.39318,3.11438
4.36652,4.90039,3.00083,4.79418,2.97902,3.54538,3.50065,3.77001,4.38876,3.55532
3.69314,5.33007,3.02271,3.45028,2.69078,2.84524,3.70942,6.24107,3.83473,5.02282
4.9142,6.16927,4.2062,4.33114,3.42137,4.9703,4.66098,4.74758,6.46513,3.59464
3.52577,4.66577,5.13262,2.38351,4.8998,4.64477,0.273232,6.1981,3.16516,5.07376
3.30732,4.42502,4.50554,4.76504,3.22238,4.26172,4.9867,4.36022,4.69839,3.93291
4.59778,5.12384,3.49408,3.5763,2.92552,3.89791,2.59063,2.56732,3.85622,4.51839
3.72109,4.69433,2.53892,4.50809,3.24008,3.02683,2.65183,3.63773,5.45997,3.18481
2.9584,3.63187,3.11868,3.49521,3.45782,4.69983,2.58772,5.35037,4.92395,3.38884
4.75019,4.34601,3.23304,4.04138,3.68204,3.10354,3.39201,4.21528,4.14635,2.81548
5.04027,4.07429,4.13085,3.96706,2.90934,4.40337,2.99355,4.29178,4.32403,4.8444
4.64638,3.53104,3.91461,3.90077,4.262,3.5703,3.09458,4.39998,2.77083,4.23238
3.25551,4.38915,3.70371,3.11983,4.70488,2.14041,5.14027,4.29566,2.3377,2.93448
4.82133,5.42612,4.27981,3.66887,3.11966,4.84261,3.20781,1.28926,5.28008,6.30767
4.83886,4.16448,4.37943,5.19487,3.76092,3.22621,4.98546,3.46933,4.72386,4.19013
1.48438,4.90617,3.5957,2.69077,3.88116,3.9908,2.88719,3.88909,3.72422,3.48094
5.41649,4.00713,4.94747,2.91881,3.58507,3.26932,4.79306,3.76811,3.3862,3.5687
3.5732,4.39705,4.63108,2.94122,4.44728,4.38855,3.66714,5.04553,5.46641,3.5478
3.89445,4.2511,5.33226,3.58505,5.57607,3.91268,4.37044,4.25546,5.28542,4.84997
4.11399,3.66463,4.41066,2.59425,4.42917,4.69225,4.03648,4.23498,4.00662,4.14179
3.67172,3.71077,5.58119,3.25985,4.24471,3.92833,3.46261,5.4262,5.09068,3.30999
5.91964,4.49824,5.20976,3.97737,4.95209,3.1479,4.59767,3.87405,4.98128,3.7592
3.96212,4.42231,3.53239,3.89641,5.22868,2.91335,3.21148,3.08795,2.55798,5.28286
2.73435,3.86366,2.17929,2.36366,4.82061,4.32827,2.7697,5.05374,3.71538,4.65075
3.2645,2.77401,4.06963,5.39661,2.68498,4.71155,2.79433,3.57391,4.84248,4.44531
3.77872,4.35583,5.06576,5.83996,3.72248,3.81908,4.42141,3.59114,6.05021,2.99308
4.05146,2.95057,4.25282,4.21695,4.38096,4.27698,4.87674,3.04515,3.27908,2.45091
3.63415,3.48994,4.68995,2.84198,3.82174,2.16879,4.37574,3.25517,4.13166,4.26695
3.98446,4.14915,4.78728,4.88068,4.77024,3.36773,3.81449,2.52432,4.83782,2.8187
3.84599,4.26649,3.79235,4.95166,2.61899,3.6095,3.10103,2.22723,2.81791,5.25176
3.12461,1.29449,3.71003,3.29836,5.30534,3.76484,5.66895,4.43009,3.79654,3.01605
2.25348,3.47726,4.21197,3.68103,2.7954,3.94213,1.47467,6.24427,4.23147,5.33792
5.30693,3.77875,3.57738,3.84018,2.58436,4.91993,4.9664,5.13655,4.12951,5.4124
5.07766,4.51338,4.2732,3.66006,2.7561,3.1717,1.84169,3.01897,2.73754,5.08496
2.93814,2.46469,3.8832,3.90276,4.28575,5.64684,2.73972,4.23352,4.36632,2.02845
3.79831,2.99019,3.59814,4.22751,2.77598,4.94792,5.09052,4.21388,4.45519,3.97144
6.09242,4.12127,4.39965,2.81507,3.45051,4.3849,3.50774,4.75865,2.47458,3.17164
2.58084,3.31987,5.48556,3.66719,4.33427,5.37222,4.5656,3.78717,3.23852,3.45497
4.05069,3.09126,4.10361,4.4246,4.54903,0.331797,5.52615,4.06635,4.24795,3.86529
4.6043,2.72319,5.55676,2.4895,5.53354,2.85142,4.02117,4.76366,2.88905,3.18588
4.95031,3.43449,4.64631,5.25758,5.08765,3.90897,3.79371,4.549,3.50491,2.71258
2.59271,4.11761,2.61807,2.30982,3.60425,4.6554,3.50142,2.86754,3.79793,4.70681
3.86032,4.78207,4.35648,3.76541,4.87381,3.5858,6.31062,4.14617,3.73506,3.54291
4.0196,4.54061,3.52269,2.36017,2.92179,2.97849,4.95137,1.14495,5.14556,3.77439
2.63297,3.33581,3.68646,3.28585,3.89065,4.13632,5.9784,4.64045,2.23087,6.43334
4.28903,2.69033,4.37857,3.37663,3.38941,3.33916,5.25111,5.47031,4.01877,4.5333
4.93509,3.87703,5.19911,3.62911,4.81952,3.4848,3.90541,3.13032,4.5664,3.59735
4.47073,3.37026,1.87696,4.67243,4.2349,3.81928,6.59865,4.99151,3.01536,3.1829
4.38133,4.11007,3.01718,4.8966,2.10114,5.22198,2.91087,4.48029,4.98115,3.79886
3.1236,4.97976,5.51813,4.22075,5.24883,3.9506,2.34108,3.70646,3.705,5.25964
2.78253,3.62599,3.24271,4.63118,4.30854,3.19007,4.20606,5.91125,2.39716,3.66883
5.35479,4.40721,4.25766,3.67935,3.74136,4.49163,4.15219,3.98758,3.16978,4.77687
4.65245,4.1412,4.99018,3.50457,5.15115,3.69986,3.91955,5.19587,2.48914,3.20587
3.77974,2.63737,5.08908,2.25141,4.48519,1.4202,4.1301,4.36334,3.4969,4.06317
3.54835,3.77901,3.73222,5.98999,3.88699,5.12957,3.85978,4.29912,5.39637,2.99968
3.52971,3.28339,5.87799,4.2159,4.104,4.0612,3.38176,3.92167,4.79804,3.8406
4.36517,2.32258,3.81932,5.48607,4.19557,3.41222,3.65223,3.60132,4.38518,3.04376
3.1059,4.63805,5.40171,3.6816,4.5392,2.03667,3.83872,4.19256,4.76808,3.44659
3.56427,3.14648,3.48788,3.89159,4.91224,3.36569,3.4921,4.38531,3.72558,5.05218
5.37879,6.03773,4.9383,4.01314,4.34002,3.99681,4.31644,4.22619,4.42729,3.99121
4.57027,3.84195,3.22349,5.98022,2.17888,2.24969,3.8286,3.06779,3.73187,4.17956
4.80679,4.20474,3.5822,5.16483,3.71914,3.55189,4.44727,5.55863,1.99809,3.61326
4.05376,4.03322,4.96423,4.18165,1.14984,4.65356,3.51872,5.47723,2.45857,4.11779
4.73277,4.34486,2.48818,3.07109,5.50605,2.697,3.20586,3.45972,3.43285,2.18796
3.84897,2.85725,4.4138,3.57027,3.08635,2.78911,4.52137,2.8399,3.28955,4.81395
4.54534,4.8079,4.95234,3.02471,3.2642,2.10451,3.91613,4.40666,3.09998,4.7694
5.23132,3.99269,3.97308,4.42085,4.46863,4.29611,3.49363,2.98844,4.29238,2.82398
4.33192,4.65608,6.16672,3.51666,2.21163,3.59193,0.850899,4.72904,6.56538,5.14754
3.71734,3.07836,2.56254,4.59166,4.51508,4.01213,5.14441,3.29856,4.89589,1.92549
4.41336,1.57421,4.9569,3.3926,3.5733,3.57239,4.07849,3.76316,3.7645,5.03378
1.34077,5.76457,4.99463,4.32494,2.7145,2.98566,1.33316,5.25412,5.4868,3.92859
4.87904,3.23159,4.95365,3.58308,3.79626,2.97739,4.67989,5.45669,3.86364,3.83244
5.09818,2.43534,4.05128,2.74267,4.13661,4.91641,5.06079,3.76792,3.63961,3.37664
7.2367,4.87746,4.72743,3.77005,4.77369,3.7723,2.3605,3.63415,5.14437,3.87124
4.3556,3.07478,4.4541,5.10678,4.22499,4.45866,5.54644,4.76028,5.59445,6.22155
3.85763,2.83421,3.68244,4.79186,4.40072,4.21044,3.3633,4.30673,2.70713,6.14755
5.6274,4.00931,3.67187,3.3511,4.40859,3.29417,2.68138,3.30477,4.95542,4.16773
3.66985,2.72595,4.13874,5.3357,4.11125,2.10017,5.49502,3.24769,5.71737,3.77691
3.51527,6.64826,3.74213,3.29724,2.39087,5.81017,2.31024,3.1631,4.30978,4.91367
3.75042,3.75561,4.06735,4.55035,3.47899,7.5099,3.73363,2.80134,4.56933,3.96736
3.41855,3.68455,5.00082,4.43016,4.96429,3.21739,3.83827,4.54571,4.27495,4.13222
3.13338,2.32656,3.59395,3.95828,4.74919,3.56482,5.31912,4.95412,4.11541,4.49823
1.88399,2.9338,3.77942,2.9517,5.99008,4.48473,3.07661,4.8698,3.68179,4.0558
5.90872,3.18069,3.62915,3.07471,4.54297,3.7972,2.66145,5.42941,4.94172,3.63434
3.00353,4.86173,4.95749,4.64914,4.998,4.90668,4.11312,4.8885,3.62864,5.21278
3.83967,5.06762,4.13728,3.74111,3.58662,3.36297,1.6738,5.85051,3.52288,3.43868
4.1603,5.6502,1.90354,4.35343,1.81653,5.11849,4.21428,5.48946,4.35526,3.90615
4.67286,3.87277,3.53799,4.81229,3.99645,1.50306,3.35089,4.7677,3.68843,4.84797
4.12706,4.20289,5.59388,4.80435,3.20834,2.52506,2.35617,2.72862,3.57109,1.98475
3.68118,3.28517,2.77427,4.2455,5.13722,6.30238,3.60427,2.55171,4.77634,4.23341
3.15662,5.23877,4.36343,4.85601,2.19339,6.40926,3.09936,3.59284,4.0502,2.21223
3.70525,3.58326,3.85868,3.4255,6.23739,4.75525,4.55883,2.49504,2.98722,4.34289
3.77519,2.57452,5.69816,3.35535,3.11582,2.56501,3.97051,5.09137,2.76108,3.75342
2.14452,4.16251,3.38359,5.12527,4.89904,3.86544,4.09666,6.10572,3.9515,4.14108
3.12899,4.4538,3.96009,5.57138,5.69834,5.07755,4.62256,5.33746,6.01985,2.86359
3.20104,4.19237,3.89192,3.88955,6.34019,4.6332,3.1935,2.85608,3.96381,4.30708
3.60515,4.95226,4.82701,4.36971,2.69408,4.08243,3.54038,3.8401,3.82762,4.60068
3.44326,4.82743,4.95595,1.42683,5.66806,2.57311,4.35736,3.75963,2.71686,4.1206
4.57616,3.40959,3.81188,6.13653,3.2348,3.86725,3.19623,4.50986,3.16732,3.02571
3.33381,3.12128,4.4562,2.94179,4.13499,6.08603,3.65043,3.65774,3.90716,2.65631
5.44734,5.07233,3.24575,5.01972,6.52292,3.59142,3.19295,6.15404,2.86511,4.14799
2.79764,3.35601,5.33067,4.19229,4.13029,2.631,3.25538,4.86187,4.01273,4.65627
4.9338,2.56896,4.10827,4.90287,2.24523,2.02199,4.01446,5.71438,5.51799,2.32248
4.83565,2.7516,5.72447,4.91392,3.15201,2.52693,4.84532,2.80256,3.69625,2.67151
2.88745,1.83948,2.97017,3.7068,3.46995,2.69448,4.09231,3.16979,4.53913,4.38066
3.09213,3.22158,4.02004,4.59884,4.79951,3.57077,2.81011,3.07027,3.67068,3.57905
5.65714,2.89682,3.86993,3.50344,2.86063,3.16593,1.66504,3.58399,1.95283,2.55045
2.48089,2.00891,4.43452,5.05329,2.32542,2.7539,4.40421,3.52676,4.3534,1.71347
3.99976,3.72924,4.13745,2.22423,3.69143,3.88911,1.9559,4.61425,4.71602,3.96188
1.89472,4.13345,4.38005,1.81254,3.05701,2.81078,2.6921,3.96065,4.47192,3.58263
4.37053,3.22269,5.24197,4.64369,3.40484,3.80629,2.46795,5.04001,3.85158,2.91487
4.29785,3.9952,2.45198,4.20217,5.02997,3.30537,3.60121,3.04495,4.26027,3.10007
4.95341,4.96301,3.95822,2.9848,6.27992,5.4076,4.75167,2.48906,3.19833,3.03134
2.90636,3.31283,1.05345,3.5358,6.50307,4.67402,6.08077,4.34365,2.39441,4.26961
4.57334,3.75716,5.9426,2.49746,4.39216,3.77425,5.6968,4.41212,4.12252,4.3614
3.13031,3.63377,3.60423,2.40734,3.67408,3.16342,4.43457,2.88905,4.01871,4.29084
3.24415,2.33145,3.68062,4.99713,4.54287,3.78742,4.19483,2.39674,3.51974,4.26352
4.86595,4.97975,3.42868,4.52088,4.35925,4.82398,4.59814,4.29836,5.86509,3.79283
3.75416,2.17631,3.57466,4.21314,3.42413,3.67913,3.24154,3.98876,4.07371,2.10573
4.18701,4.19562,4.2735,3.88273,4.1374,2.8786,2.36886,2.72987,3.27691,4.72546
4.01284,5.95364,3.98426,3.07765,3.80552,3.34041,2.65295,3.61513,2.50295,2.74155
5.17923,5.59972,4.057,3.68916,5.38151,3.50518,2.55584,4.56059,5.52217,3.20107
4.63315,2.69828,5.19123,3.05893,4.20629,2.35169,5.19955,3.81277,4.47454,2.59647
4.13426,3.76942,3.74918,2.36992,4.64977,4.62194,3.05372,3.32226,6.36964,4.88204
3.85988,3.34788,4.44227,6.22301,3.6107,2.23484,5.17558,5.85253,3.79133,6.72793
3.47008,3.8641,2.66135,3.73316,4.57899,4.34095,2.643,4.838,4.83332,5.41157
5.15423,3.25195,3.66783,5.12365,3.81503,3.71902,2.86119,4.90643,4.01467,1.86672
3.47251,4.78572,3.35319,4.27924,2.57058,4.15594,3.30221,2.12899,4.67461,3.95501
2.68388,4.23596,3.66342,4.12708,2.59093,3.50023,2.81689,5.94342,1.4943,2.82403
1.9719,4.17621,4.77108,1.68766,4.54741,3.35826,2.62261,4.08813,2.08555,2.87257
5.03446,4.18579,4.77162,2.76828,4.80439,3.07084,4.36033,4.84829,4.47342,3.7039
4.89588,2.41842,4.60249,3.46376,3.84711,3.87745,4.91889,4.53503,4.07429,3.78123
3.05888,4.71599,4.57248,3.36046,4.71598,2.76079,4.05521,5.54654,2.95476,3.02395
5.64801,4.45299,4.8937,3.00649,4.39864,4.081,5.47518,3.17316,3.20013,1.70765
5.29868,4.20814,5.29841,4.46443,3.67597,4.89303,4.06484,3.62585,3.68006,3.46559
5.20865,5.07113,4.38381,2.82362,3.59831,3.98638,2.0723,5.07622,4.72568,6.38696
3.77975,4.53379,2.68949,2.4784,3.26079,3.89224,3.50882,4.05412,4.43102,3.76155
5.34172,3.70758,3.23972,3.36752,3.01674,3.41854,2.34369,2.32832,4.48844,3.47355
4.00234,3.53098,2.33237,3.50076,4.81355,4.63826,4.36752,4.78932,3.33057,3.33332
3.84283,2.9205,5.68187,3.35756,5.61293,3.88765,3.81543,5.37055,4.21996,5.5102
4.63861,3.01682,3.84094,4.87703,2.32981,4.94917,3.30582,3.06244,3.61069,4.15972
4.04462,3.38537,4.83693,2.88305,4.94848,3.88615,3.63938,4.85827,4.26573,5.36489
5.20637,4.25252,3.15743,5.9157,2.9205,2.63267,2.7497,3.89386,2.71478,4.69279
2.40733,4.52475,2.58314,4.73441,3.48562,4.37138,4.38557,3.96541,3.89863,4.3069
4.39422,3.54663,4.18618,4.38075,4.89765,4.97718,2.86643,3.69036,3.91972,3.50085
2.91193,1.91524,1.96721,3.92411,4.07806,5.35527,3.65398,3.61116,2.37746,4.15872
4.10367,1.72958,3.69635,3.78827,3.05249,3.57035,4.75742,3.09289,3.88238,5.34925
2.97301,2.85022,5.08181,5.22179,3.65603,3.3052,3.92192,3.90264,3.95775,4.07454
4.20641,4.76437,0.856763,1.75082,4.18194,4.21356,3.32487,4.84778,2.98311,2.84858
4.08961,3.51069,3.02079,4.82715,4.03801,3.3721,4.57504,1.45985,3.40051,3.67558
3.5503,3.65421,4.04322,3.87892,4.45793,4.77291,3.62304,4.55556,6.67342,4.30782
3.55167,3.42541,3.22982,3.88002,4.801,3.97714,3.43732,4.68706,5.11129,5.41417
3.09466,4.24649,4.773,4.94704,3.37598,3.21608,4.20965,3.49225,3.87998,4.59979
2.39609,2.37785,5.67393,3.57532,2.84819,4.11645,3.58851,5.25769,4.49864,3.39913
4.38828,3.31546,3.50477,4.29569,4.01897,4.46157,5.09349,5.08469,3.31614,6.35051
5.34277,4.32216,4.21798,4.33992,3.93163,3.03055,3.88742,2.82904,5.72893,6.23433
2.53719,5.33675,5.51906,4.22085,4.65579,4.25065,4.16947,4.64905,2.99667,3.80143
3.28264,3.93415,4.13289,3.3997,4.22225,5.70042,2.45523,1.26473,1.4223,3.36015
2.50462,3.93597,2.78849,3.14249,3.70342,5.81836,2.60188,3.31541,5.11836,2.84454
2.73618,2.78787,5.14456,4.30028,4.94677,3.4962,3.93167,5.0523,2.44832,2.95697
4.07497,2.63286,3.17558,5.34049,2.34168,4.79793,2.53203,3.14261,4.25431,4.95529
5.0014,5.51085,2.92124,4.44859,4.1566,4.26518,5.19673,3.35732,3.91924,5.47128
3.50388,3.37951,1.98973,2.98297,3.25745,4.63502,3.54133,3.43029,4.78345,4.56801
3.2762,4.96371,3.96085,3.67237,5.72893,3.69448,4.26522,3.66646,3.80452,4.37801
4.99021,5.23957,5.11868,3.0734,3.29027,4.41869,3.46201,4.81846,4.03957,4.42277
4.86521,4.89625,3.50382,4.71928,6.41408,2.79292,1.53566,4.32789,4.16387,5.23662
4.49549,4.38688,2.59667,5.1762,6.58682,4.82741,3.59683,3.9267,3.80647,3.63819
4.51201,2.4462,3.77757,5.0594,3.20197,4.96094,4.1896,1.15303,4.28786,4.07336
5.44869,4.12676,6.18466,3.27815,4.33024,4.29275,4.09239,4.77612,4.2804,3.72159
3.70926,3.63445,5.4117,4.15902,4.69123,5.94077,4.41094,3.86449,5.48793,5.87324
4.37239,2.61533,4.56425,3.64767,3.82196,4.52228,2.54261,4.93694,4.1673,4.21527
4.79657,5.53301,4.11297,1.94005,3.81213,6.22322,3.13351,4.22959,3.88467,4.40603
1.88998,5.15148,3.54309,3.86809,3.56939,5.45198,5.65303,3.61159,2.91281,4.72217
4.62679,4.47715,3.71236,2.28376,2.56454,3.87159,1.43508,3.19232,4.95229,3.60342
3.14403,3.70973,4.09423,3.61002,3.5265,2.17225,4.29694,4.37611,5.04838,2.69066
2.18106,4.66522,2.80556,3.2477,4.84088,4.35828,3.88323,3.72701,3.20278,4.321
4.74536,5.24229,5.96177,3.38841,5.24084,1.81896,4.58074,3.63997,2.85384,3.60931
4.21059,2.96357,2.56732,4.55919,4.1598,3.499,4.14606,3.27838,4.0939,1.72378
3.65441,6.04627,6.06853,4.01276,3.85853,3.47812,3.82492,1.24251,2.90528,4.96685
5.12716,3.42035,5.73224,2.94651,3.68031,5.45122,5.47781,4.45316,2.65028,3.69917
5.08085,3.576,3.89082,5.18541,4.38844,2.62113,4.54622,4.99878,3.71981,4.90914
3.6722,5.27859,4.26101,5.20836,4.17539,4.15021,4.46397,5.20233,1.62682,5.03273
3.20775,4.87813,4.90271,5.09258,5.53412,4.64335,2.55839,4.07647,4.01381,4.66953
2.98889,3.9534,3.3504,4.48861,6.27177,4.34624,3.97157,3.9742,3.7805,2.65808
2.08779,4.34183,1.92462,4.37463,3.38629,5.09446,2.56533,3.89842,3.56924,4.67528
6.65954,4.6534,5.13784,4.52564,3.79121,4.64488,4.78905,4.64141,2.87292,3.23757
5.04023,3.56883,2.48473,4.31449,3.99995,4.2315,4.38921,5.54645,4.51601,3.53129
2.61628,5.98857,2.85354,3.51424,3.04797,2.76916,4.46682,6.52379,5.74127,5.44253
3.14053,5.19029,4.62263,4.10365,5.02604,2.50408,4.05629,5.56447,4.78894,3.57124
4.08956,2.66503,4.68731,3.13697,4.35538,5.0547,2.60764,4.6539,3.05751,2.64893
3.76992,3.62601,1.80624,5.44905,4.24352,4.71263,4.60077,4.76254,2.92554,5.15495
4.05781,5.50288,4.02559,3.55364,3.95389,6.19626,3.51375,4.30994,3.07082,5.44852
7.0384,3.77762,4.10136,4.95583,4.19293,3.53526,6.19533,3.91934,2.80698,4.50099
3.17825,4.97054,5.08423,2.14341,3.80769,3.80035,4.7151,2.59051,5.72587,4.6977
2.67005,2.70212,6.2505,6.21375,3.63786,5.04815,4.66836,5.24055,3.57383,4.41286
4.9185,2.04317,4.81095,2.66848,3.35331,3.00056,3.15555,4.10394,4.15192,4.15685
3.21382,4.34413,4.74606,4.00821,4.92496,4.36926,4.6375,2.85298,6.18197,3.84105
4.46937,4.89312,4.00883,4.51832,4.41289,3.80884,4.10537,4.88661,2.37929,3.79457
4.86453,4.09412,4.59541,3.41032,5.2107,4.55402,2.36501,3.39733,4.72075,5.11064
3.68436,4.02909,4.7591,2.64958,3.95973,2.975,3.48699,3.99398,3.55212,4.63387
2.92943,4.58671,4.23111,3.3332,1.35981,4.16377,3.93324,3.89369,5.55311,3.29661
5.41459,6.38271,2.66251,3.99785,3.33573,2.07925,4.24171,3.35472,5.0258,3.00694
5.40705,3.62476,4.92513,3.71724,4.19153,2.42403,4.55053,2.81774,3.88748,3.94898
4.41349,2.38212,3.14848,3.68312,5.03188,3.39584,4.42092,4.36457,4.44529,4.01119
3.75407,4.9678,4.73791,3.37025,3.31754,4.06229,4.15775,3.18699,3.98974,3.60043
5.15854,2.98039,2.85183,3.58809,3.8621,3.90717,3.3203,5.24795,2.71679,2.91251
2.75805,2.48856,2.64097,3.24568,3.52233,3.91992,5.02726,5.34437,4.29298,3.48603
2.11778,6.27759,5.18141,5.46443,3.50741,3.20241,3.60397,3.54858,6.07165,2.72371
5.1736,5.02673,1.87515,5.76476,2.6854,3.73563,5.29269,2.54678,3.14517,3.25634
4.45167,4.96283,4.08521,3.90045,5.08052,3.30418,5.65944,3.40817,3.81281,3.06812
3.97098,3.54913,3.8883,3.81695,4.78155,4.00867,4.61946,5.22142,3.14614,5.29495
3.17273,3.27608,5.73871,6.12153,4.35858,4.60302,2.57878,3.21644,3.51835,2.95869
4.11451,4.71978,3.64631,4.10415,5.93782,5.17419,4.42329,2.34718,4.00954,3.37111
2.29851,3.46902,4.5587,6.72929,2.84154,4.08442,1.93061,4.21008,3.993,3.74939
4.94728,4.68122,2.38403,3.6951,4.86294,6.35057,5.05391,2.92917,3.75395,3.92593
3.17247,3.63116,3.15956,4.78979,2.81218,6.2803,3.45613,3.57471,2.66566,4.26755
3.43192,3.58686,4.13401,4.23337,3.99542,3.91941,4.45983,4.76889,4.60131,5.33617
4.64146,2.73357,4.6732,2.8199,3.05708,4.30648,4.81789,2.35368,5.1118,3.26424
3.79838,4.03795,3.24104,3.39422,5.11227,4.12091,3.16874,6.2804,5.31746,5.12401
2.42836,2.15321,3.58888,2.30389,2.68726,4.14395,3.98401,5.61041,3.32726,3.67728
3.30495,4.33311,5.7507,2.43832,4.49831,4.7647,2.58575,4.35795,3.12542,4.26997
3.03736,3.50237,4.64739,4.14288,4.03147,4.27792,4.27555,3.99152,4.36965,4.0833
3.7804,3.11082,3.13268,3.70974,5.53712,4.317,2.65625,2.56796,3.57305,5.43848
2.58527,3.25566,4.75663,3.14625,3.30649,3.37295,5.40141,2.0339,4.2214,2.76893
5.72065,3.52696,4.58059,2.95197,4.80668,2.92216,3.98509,5.08545,4.70144,4.41654
5.14657,2.24453,3.41765,3.87945,3.16383,5.21286,5.56914,5.58729,3.56089,3.3968
5.78318,5.06846,4.39519,3.7391,4.68687,4.06675,4.5603,2.94801,3.44098,4.31609
3.19356,2.5289,5.8111,2.78041,3.86362,4.03318,5.05807,4.40387,3.52402,5.09347
2.90549,4.42894,3.84774,4.087,4.16335,4.00185,4.41221,4.06255,2.25791,5.34767
3.57361,3.86507,5.37903,5.90521,2.75431,3.24416,4.91995,3.40368,4.6655,3.55118
4.43061,2.81493,3.68043,4.6705,3.17496,4.55897,4.64693,4.19849,5.9574,4.63649
2.78221,4.09178,3.47391,4.85035,3.19959,2.53868,5.03801,2.77599,5.30153,5.40731
4.38834,2.61045,3.06327,3.91644,5.47173,3.75113,4.4485,4.58129,3.97686,5.19354
3.49852,3.66789,3.82274,4.75722,3.97683,4.93512,4.71135,3.24006,2.9136,1.90516
4.49868,1.67948,2.30152,3.94582,3.28933,4.42804,4.06402,4.38912,4.56113,5.64272
3.75436,3.55321,4.96663,4.8068,1.3945,4.38202,4.30223,4.31541,3.05394,3.7793
5.39796,4.92811,2.78934,4.06685,3.85509,3.89917,1.77403,1.80385,4.6644,5.08072
5.15813,5.07429,4.26582,5.2038,4.05912,3.92063,2.97964,5.59439,5.02325,4.18125
3.06134,2.0626,1.33915,4.15461,4.16379,3.83119,4.35319,3.17801,4.16465,3.79997
4.38405,4.78921,3.9434,4.38049,5.97726,5.78459,5.6635,1.8836,3.57868,4.64172
3.28387,4.3782,3.45297,5.00214,5.63805,3.25038,5.20606,3.68586,3.61938,4.02735
4.67347,2.10056,3.21252,4.93496,4.01282,4.81431,3.52415,4.29137,4.16481,4.14579
5.55885,5.71655,4.69905,5.31133,3.52175,3.26242,5.12282,5.42141,3.62844,4.65047
3.49569,4.71046,3.72866,2.64426,5.98543,3.40533,4.27615,2.87682,3.51537,3.75151
2.39459,2.9444,3.37575,2.86697,5.41793,3.25433,5.92304,2.81099,5.25431,4.25022
4.49866,4.44919,3.26751,3.57734,3.60157,3.75401,1.41876,5.49557,3.87423,4.77886
2.62707,4.70651,3.52841,2.59565,3.58854,3.0823,5.85718,4.38676,2.76587,3.75759
3.08913,3.83379,2.42056,3.49292,4.05799,4.13579,3.63221,3.79717,4.80216,3.65622
3.13838,6.59307,3.99813,3.38274,5.57255,4.8233,2.8833,5.74506,4.96368,3.77979
2.28421,4.56944,5.42105,4.05726,3.19475,5.20958,2.95378,3.86599,4.20584,2.91702
5.50116,4.16582,4.05914,4.34698,6.56579,5.3131,3.8138,1.7504,4.1105,4.23673
3.53051,3.23811,2.67419,5.00062,3.89182,4.11927,4.18615,4.64476,4.26618,4.2336
1.75477,2.96995,3.01691,4.11134,3.85591,4.85395,3.31275,3.40552,3.26331,5.16623
3.94202,4.28766,4.55246,4.92868,4.38484,5.55024,3.93815,4.16655,2.29405,2.54974
4.58491,2.62824,5.03967,4.17263,2.91638,4.75639,4.28618,4.17938,2.82162,4.48919
2.46096,2.41992,5.87294,3.24384,5.16992,3.57273,5.33444,1.53979,5.77239,4.4502
2.2655,3.1194,4.08612,4.11982,2.98987,3.40619,4.49355,5.20719,3.83671,4.15447
3.23988,4.02892,3.42118,4.32552,3.54925,3.5143,3.48564,3.19055,3.12128,3.38532
4.12734,6.14059,2.35481,3.90926,4.82867,3.68866,3.9908,5.36083,3.47591,2.59086
5.63451,3.92057,5.31451,4.1535,5.30057,4.34029,5.10554,4.15504,3.48004,4.07937
5.64013,4.55176,4.35408,3.60721,4.22787,3.36357,2.50962,4.52563,3.35521,4.69171
4.60109,4.15887,4.37615,3.53254,3.36317,3.44844,3.89863,4.15831,4.02524,2.49217
4.86531,5.98386,3.96314,4.40261,5.3245,3.39631,2.66963,3.05859,2.49864,4.14944
2.96726,4.78115,4.79916,4.69377,3.88388,4.47504,3.20897,5.98151,3.07801,3.42513
4.35024,2.90576,1.16994,3.57711,5.58869,3.45089,3.32615,4.93356,5.57172,3.97547
5.09484,5.99215,5.96627,5.28224,5.95199,3.28617,4.45662,5.46189,1.15077,3.95829
4.52345,2.31483,3.969,3.87557,4.5004,3.26275,3.04278,4.79752,2.57008,4.67251
4.2801,3.62314,4.15524,2.00156,2.82242,2.66513,4.08594,3.32995,3.90296,4.2075
5.90598,5.65001,3.74934,3.15362,5.70006,4.69091,2.48196,4.95125,5.00566,2.03469
3.15088,4.2807,5.18099,4.87142,4.03677,4.52263,4.90619,5.20161,3.75427,2.62162
4.16698,5.32217,6.09448,2.99941,5.24797,3.85049,4.99628,5.39172,4.12037,3.4854
5.139,4.71841,3.71578,4.68283,2.08971,3.09851,3.92294,3.2719,2.75671,4.30645
3.00583,3.511,3.58185,3.94889,4.34231,4.45078,4.13536,4.21496,2.47317,3.52171
4.25209,3.32085,4.27513,5.88803,3.94122,4.13408,2.80191,3.05315,5.74839,3.16685
3.52712,4.0523,4.36928,4.55536,4.37429,4.0545,2.59943,5.69932,6.72846,4.4479
4.0484,2.13668,3.37258,3.66148,4.14102,3.4655,4.07588,4.68184,4.11624,4.62996
2.50806,5.57452,4.81535,3.2006,6.23784,3.74001,4.72002,3.25864,5.75354,2.14457
3.01939,4.24659,5.0159,3.83583,3.45103,3.29362,2.54926,4.84965,3.18141,5.36833
2.99352,2.52605,3.14824,3.90167,2.64839,3.39076,3.46995,2.91897,2.68157,3.9346
5.03852,5.15341,3.79601,3.90319,4.91766,4.10661,4.76496,5.11165,2.91596,2.64956
4.68755,2.52286,4.9593,3.58259,5.31146,5.12141,4.67287,4.74316,4.82366,4.39235
4.4187,3.07847,2.78895,2.5833,4.42942,2.17367,3.97628,3.01924,3.47024,3.98506
4.793,3.9573,5.08352,3.48681,4.24555,4.45336,3.43342,3.35014,5.11404,4.17486
2.4741,4.02898,4.09337,3.68986,5.33376,3.64871,4.66683,5.58926,4.85841,4.72427
4.30687,4.72033,2.4625,2.3831,3.324,3.86974,4.93676,3.81799,5.00382,2.87077
2.84285,4.24361,2.54124,3.63317,4.85912,4.44128,3.76654,3.44591,3.08665,4.91997
6.18338,2.27635,3.42369,5.55743,4.33132,4.45817,3.08304,4.78192,3.50633,4.63888
2.77775,2.58907,4.4832,6.11503,3.96514,5.6315,4.19746,4.36863,5.4976,4.14987
4.26354,7.07584,4.89753,4.06339,3.06476,2.82821,1.90997,3.38435,3.63124,2.76497
2.81265,3.37562,3.9569,3.54166,4.0538,4.63905,5.76367,2.9098,6.24811,6.51397
3.37624,3.8958,4.61205,3.47994,3.84377,3.95029,3.833,4.3479,4.10643,4.04783
4.94443,6.2276,3.0306,4.2691,3.33429,5.13483,3.75828,2.73978,3.06225,3.16019
4.09181,4.88405,4.59504,6.33196,3.29938,3.69808,3.28909,5.37446,4.4527,5.29272
4.93881,3.41762,4.81183,4.48079,4.58077,5.07996,4.04124,3.86092,4.51438,3.28194
4.4467,4.87571,4.70505,5.0109,3.26352,2.02591,4.69846,2.60621,3.17506,3.3374
3.55895,3.68979,1.86061,5.41951,4.33885,5.12848,3.66159,3.34445,3.19079,2.44786
2.94447,4.42169,4.19646,4.49458,2.23934,4.4124,5.10063,1.28145,4.96109,5.46689
5.23593,4.82141,3.46763,5.10053,5.1805,2.06601,4.84648,5.46888,4.3147,3.11242
4.65104,2.93842,2.91099,2.64649,2.89199,3.11595,2.13093,3.51198,3.71595,3.27513
3.47964,3.89892,4.99769,2.03619,3.6867,4.61731,3.72745,4.58255,4.9104,5.83606
5.34265,4.42532,4.3492,2.94159,5.26647,3.73109,3.82284,5.22345,4.07622,3.63617
4.99513,4.5762,4.36641,4.05529,4.98886,5.29502,3.3033,4.87062,3.4665,5.4647
4.19604,4.43154,2.48675,4.68404,3.50394,6.72742,2.79445,4.69956,3.74581,3.71154
4.34522,4.56542,4.7603,5.44543,4.19012,4.49959,2.72395,2.63644,3.67906,4.21074
3.77443,4.96205,4.61101,4.8979,3.91211,5.22392,4.24664,4.93745,3.98732,2.98002
4.70879,5.51019,3.25925,4.94518,2.68694,2.49986,3.24956,2.92099,3.45123,4.67357
4.30593,2.23656,4.15305,4.94353,3.17442,4.23387,4.66942,4.35626,6.24608,4.70653
4.16772,8.14809,4.94455,3.45165,2.92511,3.00592,4.766,5.63326,3.58131,4.11036
5.69311,3.19302,4.84147,3.21965,2.84773,2.69779,3.83584,3.29359,4.36952,3.95658
4.44518,4.34514,4.58447,2.71723,2.9578,4.46573,5.53902,2.87828,3.14618,4.32983
3.39837,3.76552,2.4227,2.98435,4.29773,3.81021,3.14543,5.71088,5.76683,3.06804
2.90136,2.47503,3.95523,2.26754,3.68167,3.74327,5.03163,3.57387,3.96731,3.80719
4.27887,5.69909,2.07698,3.99436,4.28595,3.6489,3.77239,4.01877,2.15928,5.64443
5.41967,4.15057,3.90019,3.35647,5.56201,5.54331,4.01313,2.16653,5.2137,4.38268
5.50169,3.33262,3.24695,4.80503,4.01952,3.27952,5.23288,4.38015,4.25698,2.82486
4.38913,3.60201,3.47992,4.84527,3.21232,1.84633,4.44262,1.47184,3.87893,4.43505
5.30027,3.39756,5.02363,3.3223,5.27619,2.06273,4.4067,2.95169,4.22021,6.13067
4.2097,4.81379,5.94633,3.3902,2.35764,2.69737,3.41984,3.49195,4.63352,4.99013
3.4565,2.54878,5.34347,5.54458,4.02018,3.38222,4.40304,4.14862,4.33401,3.0891
4.91899,3.68626,3.91813,5.04927,4.33064,4.9118,3.75869,5.29567,3.9974,4.09731
3.4542,2.56686,3.28338,4.79521,3.86759,4.03571,2.1215,3.8828,5.53327,3.28539
3.2763,3.96634,3.4847,3.82152,3.26751,3.9028,5.16461,4.2008,5.2901,4.67551
2.57625,3.01513,4.4751,5.34401,4.45708,3.7563,5.09201,6.52029,4.09622,4.48206
3.37312,4.12522,5.13078,3.57071,5.2081,3.97435,4.59171,4.32366,4.56122,3.66554
3.1439,6.38306,3.82411,3.24446,3.65775,5.03735,2.91263,5.2681,1.24697,3.73674
2.08217,3.16307,2.96479,4.28945,3.22151,4.21062,3.68024,3.12876,4.23972,3.44387
4.06844,4.60672,6.59334,7.09251,4.04088,4.36454,6.61428,4.43372,2.81431,3.8194
3.99878,4.21856,5.18194,4.68215,3.17246,4.2419,4.45492,4.87169,3.24429,4.65837
3.72878,4.78553,4.58573,4.28991,3.73176,5.78822,2.3606,5.41794,2.542,3.29281
5.89479,4.2188,3.76337,4.0911,4.62555,5.78329,4.48028,3.99105,3.15409,3.55319
5.80002,4.98293,4.51972,6.19159,3.34635,5.21235,3.96859,3.37053,2.75468,2.67912
3.54275,2.68209,5.12657,3.95939,3.72149,1.3236,3.82262,3.05349,5.08276,2.92218
3.94944,5.51379,5.59478,2.93075,5.49339,4.38706,5.94261,5.84006,4.20229,3.51423
4.23683,1.14879,2.67831,3.30816,4.80861,4.16996,4.9508,2.64746,5.8053,2.46493
2.58682,5.23578,4.44299,3.98428,4.1156,2.91338,3.92578,4.55434,5.47138,5.29931
3.19775,4.75116,3.43245,1.48153,2.41468,4.31101,4.43149,3.5641,3.65878,5.72534
5.31725,2.952,4.94987,3.20829,3.88237,2.29973,2.64897,2.51891,3.205,5.64654
3.0362,2.97031,4.28811,5.69032,2.80239,3.8035,3.45773,4.8366,5.00675,4.76301
5.39025,3.66643,4.15893,4.02438,4.03147,3.74279,5.6023,4.12487,4.32901,4.10126
3.86442,4.65129,4.95315,5.89622,4.19658,4.49273,4.61939,3.07508,4.14287,5.48813
4.4187,2.90861,5.60151,3.57752,3.46451,6.83885,4.80083,5.11227,4.45461,3.71503
3.82882,5.59639,3.68597,5.88848,4.02531,3.75931,4.36441,5.17435,3.21305,3.26791
3.13378,3.50441,2.9348,4.99207,4.56937,5.03178,4.4184,3.65946,5.56637,4.60318
5.61962,4.90491,2.43622,4.51828,3.69326,3.73736,4.22375,4.12252,5.5365,6.02104
4.20382,1.47061,5.3986,2.83539,3.78314,4.18622,3.64164,5.15872,4.21816,3.33669
4.58118,5.51992,4.18161,3.22949,3.76424,3.58481,6.19853,3.03894,4.74047,0.9438
4.00728,3.75253,5.37701,4.40907,3.51701,6.01539,3.53236,4.9215,5.31504,3.2971
3.6725,2.39432,3.96529,3.04321,4.94098,2.63723,1.96004,4.73762,3.52133,2.21633
4.23947,5.84276,4.65577,4.6102,4.27101,6.20442,4.18957,4.05728,3.87246,3.07941
3.11887,3.59961,3.56222,5.28066,4.47367,3.07352,2.73888,3.19757,2.73206,3.76523
3.91865,4.73285,6.91407,4.10652,4.88522,1.83671,3.79805,4.13443,3.6802,3.76452
4.35944,2.3919,5.16988,3.50988,3.46917,3.63176,3.44749,5.42925,4.28329,3.45762
4.50242,4.69112,3.24451,3.16249,3.07086,4.35991,2.53022,3.96375,4.36281,4.8628
4.33352,2.432,4.98347,4.43592,1.87226,3.12629,4.87557,5.58491,1.64371,4.86503
3.84969,3.82194,2.68957,4.94132,4.3453,4.3748,6.52678,4.77442,3.67823,3.29318
4.41214,3.77519,5.0948,3.51773,4.67856,3.92482,2.71437,1.97992,6.42286,2.83801
4.93287,1.96487,3.30747,3.88905,3.29425,3.78806,3.30499,2.08616,5.45472,2.5718
2.67342,3.93406,5.54888,5.55288,4.92428,5.25008,2.75926,4.15361,4.17716,4.67975
4.3064,2.80699,2.96189,1.25469,2.05144,3.62535,4.77232,2.14413,3.87524,5.76904
