10
3.12354,4.90106,5.11692,5.67697,4.39081,4.54159,4.38077,4.07645,4.27526,2.65255
4.70075,2.58647,4.96912,2.87188,4.03551,2.77474,2.86385,4.10816,2.29064,4.13818
2.88002,6.88391,6.17679,4.1591,6.46864,3.81171,3.23522,3.84806,6.40811,3.65132
4.3958,5.01295,5.10537,3.39017,3.07218,5.00189,4.36382,2.98099,3.53571,5.01141
3.72043,5.65036,4.53919,3.59672,3.5169,3.33511,4.4087,3.60565,2.73171,5.91506
3.70004,5.02991,4.16218,2.35457,2.86548,3.26854,1.49021,3.66016,3.83502,3.79915
3.0143,3.12167,3.85279,4.45589,6.35415,4.17746,3.7379,3.54708,3.93911,4.197
2.07176,3.56401,4.53771,3.93218,3.3277,4.43396,5.64659,4.32325,4.85143,6.53402
3.89721,2.88875,4.03508,3.33561,7.24554,4.3374,2.53143,3.71237,4.99249,4.17115
1.56738,3.68448,2.64864,2.2982,3.50354,3.88624,4.45077,2.38461,4.35872,4.38465
4.50981,4.8509,5.84019,4.38575,5.24209,2.69812,3.41023,3.92436,5.07532,3.23315
2.24414,5.0094,3.17488,3.90796,5.36071,3.45657,4.78183,2.77568,5.9477,5.50657
4.59331,4.37918,6.40379,4.6985,2.39871,3.95191,3.24979,4.02894,3.31541,3.85968
3.60609,4.05378,2.38607,4.85896,3.57196,2.87696,3.61362,3.94943,4.89924,5.37862
2.98857,2.13762,3.05111,5.01413,3.28359,3.32054,3.10757,4.97299,4.3228,6.02987
5.89124,2.85126,4.44075,2.86588,3.93964,3.88496,4.47171,3.60892,4.54255,2.9182
4.86876,5.18108,4.49715,4.87632,3.72089,2.75662,3.53964,2.93216,2.95776,4.58644
3.72751,3.82149,5.13115,5.11263,4.44906,2.78463,3.35968,4.68711,3.30892,3.99837
4.47237,5.27432,3.94103,1.88022,4.01507,4.81614,4.94435,4.46654,3.03004,4.01526
2.93438,5.33713,3.21797,2.62604,3.9411,4.47059,3.52494,6.29749,5.32922,3.25376
6.77509,4.09796,6.33571,5.14966,3.80521,2.86612,6.44726,6.46399,4.20676,3.6449
5.14187,4.10562,3.76114,2.16043,2.43094,5.64364,5.15039,3.86571,4.66164,3.89924
3.70118,2.97052,4.96723,3.30383,2.32891,3.17873,2.88113,5.57965,4.33574,3.66363
5.03051,4.16862,2.95863,4.27598,5.26987,4.41276,6.66842,4.20767,2.60657,5.2492
4.42379,3.60083,5.46214,4.46561,4.00027,5.68075,4.84457,3.60206,5.23258,3.83981
3.59503,4.09711,3.53597,3.29526,1.54215,3.36135,2.22782,4.62802,4.3056,4.29737
3.66464,4.33721,3.81021,3.90836,3.30816,3.99687,1.97792,4.96115,6.28411,4.15801
2.57536,1.80175,2.89542,4.76694,2.90343,3.71308,3.67045,3.30455,4.4359,2.71239
3.62528,3.16144,3.36362,2.89965,4.05908,3.28408,3.54361,4.44631,5.33292,4.24957
4.10673,3.90343,3.92337,4.01044,3.91601,4.49084,3.4277,3.32555,4.07887,4.34199
3.60262,3.10469,2.57616,4.15854,3.43358,2.04327,5.29526,1.65705,4.87688,2.89851
2.21376,3.92522,4.3708,4.34287,1.73725,4.31929,4.33535,2.91272,4.70893,2.56577
6.12969,0.636616,4.23569,3.62513,3.57366,3.03205,5.67442,4.8068,2.8106,3.76403
4.25614,6.92094,3.21381,5.45114,3.47148,1.32715,3.5101,3.58581,3.04137,2.7334
3.5098,4.11271,4.3759,3.55305,2.41151,3.4401,1.9115,4.19507,3.50001,4.03379
4.08433,3.62111,1.32358,4.4485,4.57785,4.53181,2.54089,2.27556,4.67519,3.47031
3.59684,3.98172,4.10257,3.41818,4.41907,5.66656,4.07751,3.15878,2.62783,4.18014
4.45338,3.92209,6.42415,3.92176,4.46779,3.64099,6.17547,3.1979,4.58955,5.53208
2.54769,3.4062,6.25504,3.8443,4.76466,3.54908,3.96479,4.06093,4.21382,5.63416
3.89729,6.28563,2.13753,4.90433,4.88506,3.39411,4.47404,4.30236,5.30568,4.94646
4.08907,3.96733,4.01868,2.98824,3.81892,4.92251,3.55672,4.05117,3.42782,2.93352
4.60042,3.65471,4.42262,4.25089,3.95911,4.5013,3.66963,4.25074,2.43977,3.97424
4.44431,4.74792,2.63351,3.17392,3.90565,3.36684,6.1056,2.28997,5.1037,4.5676
4.55227,3.69936,3.50615,4.37676,4.35977,3.12771,2.73799,3.61903,5.5067,2.70128
5.56231,4.54569,4.85412,3.68165,3.96203,2.01453,5.1048,3.18441,3.22017,3.8714
3.84938,2.81929,3.73216,4.68398,5.07609,4.11441,3.8787,3.7891,4.62424,4.86169
4.11529,2.70192,3.71159,4.17701,3.92163,3.97796,3.59287,3.009,4.93387,5.73531
3.9932,1.75037,3.69734,3.70552,4.49642,4.37179,4.71316,3.10698,4.22715,4.76665
4.68122,3.58853,3.23716,3.50256,4.16081,3.60122,2.0363,5.09935,4.17396,5.1384
4.33757,5.08822,3.67901,4.52045,4.91349,3.99874,2.01625,5.54577,3.41751,5.10397
3.86179,4.75162,4.46435,4.03062,2.0049,4.2675,4.55839,2.0644,4.42664,5.13867
4.01183,4.90617,3.18818,3.7882,3.88253,2.76407,4.02692,4.37362,4.30216,3.96347
4.04179,4.5069,3.01633,6.36235,3.40075,2.58371,5.43372,4.39858,5.12341,5.02107
5.36207,4.94601,1.45504,3.48775,4.59984,2.43478,2.76698,3.09109,3.91294,4.57751
4.01618,3.77432,6.18788,3.97583,0.838971,3.50403,2.49727,5.22255,2.84756,3.18569
5.19766,4.64397,3.50762,3.80234,3.81356,4.085,2.28198,3.62666,2.77485,4.1236
4.62266,6.06206,3.97962,6.75652,4.17842,5.18328,2.72107,3.82989,3.6033,3.87731
4.57629,4.42426,3.52412,3.64979,2.4848,2.61085,2.87595,5.63737,3.04648,4.09418
2.19602,2.65184,3.92828,4.73803,3.62784,2.91898,4.36185,4.76952,5.524,4.68266
4.16116,3.12485,3.57856,4.1791,1.87565,3.26777,4.6474,3.08426,6.54489,2.25754
4.1479,2.48406,5.85776,4.86789,4.26094,2.03139,5.86688,3.44463,2.76312,3.8978
3.49407,5.14962,3.76155,3.87308,4.95341,4.27646,3.4561,4.43503,3.67875,4.13893
2.60919,4.25492,6.76292,3.23849,6.43071,3.82576,4.15126,3.70889,3.54118,4.58189
3.67945,3.5825,4.1765,4.74631,3.56436,4.83023,4.55379,2.25682,4.32582,3.51822
3.36562,3.22839,5.7035,6.03819,3.70807,4.89006,3.00303,3.7755,4.27283,4.06049
3.70149,4.28883,3.63043,3.99303,6.08186,4.81108,4.3596,2.83928,3.21462,2.41917
3.97955,3.17697,4.42336,5.00376,4.66813,2.89865,4.14505,6.6903,3.61482,2.8116
4.61467,4.13331,4.72754,2.16705,3.86368,2.92948,4.5579,4.32811,4.41616,4.38181
3.31823,4.69285,4.14416,4.39139,5.27851,3.3047,2.79452,3.76445,3.04899,3.60155
3.53767,5.14996,3.08359,4.8913,5.19023,5.08067,5.03717,4.04499,4.24555,6.14657
2.78345,2.55866,3.89424,5.05685,5.48853,4.724,5.75893,2.68938,5.37666,6.08338
3.12622,5.20764,4.28216,3.70594,4.10863,3.85369,3.91255,5.31151,5.03839,3.12438
5.02365,3.55214,4.05388,4.28304,5.45607,5.07956,2.3988,3.27292,3.79818,3.04304
3.97469,2.69959,3.38723,3.96685,1.15086,3.97551,2.48733,5.86013,3.73154,3.81753
3.25474,5.01953,3.04507,4.20486,2.75565,3.11485,2.99417,4.49471,4.03846,3.267
4.16903,1.95912,4.76078,3.51938,6.06527,3.89381,3.85373,3.21354,6.18932,4.51254
3.14714,1.70012,3.35747,2.10475,4.78872,3.58245,2.93597,3.18064,3.93407,3.83879
4.25883,3.84858,5.3684,4.15129,4.23817,4.15343,3.5989,4.05199,5.0223,3.70788
4.83339,4.44903,3.79461,2.59816,6.32587,5.69573,3.81625,4.44052,5.60645,3.73323
3.37708,5.49006,4.6965,4.18895,4.23967,5.40832,3.65801,3.86228,3.65287,4.22263
4.10457,5.47474,4.48037,4.66514,3.85159,2.53918,5.29397,5.4588,3.73666,2.11721
4.17231,3.11817,2.78944,3.89797,3.63818,4.2858,4.90852,3.20215,3.47472,3.7347
4.4899,5.56909,2.49876,3.10942,3.52651,4.67649,4.67362,4.65654,4.55005,4.39585
4.82651,4.30193,3.94059,3.236,3.72454,3.56539,4.42607,3.36262,5.85545,4.68162
4.72166,4.47869,4.27342,4.19122,4.32849,3.58735,4.71572,2.88675,3.65556,3.57398
0.241129,4.28758,3.30069,4.45318,1.92087,2.97844,4.19632,2.88529,3.0023,5.85316
2.91644,4.63784,3.43762,3.80119,3.72558,3.16843,2.51178,4.10159,5.45705,1.96614
3.94505,2.98207,3.92383,3.79307,3.23663,4.16127,5.11793,6.21108,3.94845,3.87089
3.39659,3.82628,4.75502,4.41608,4.67422,3.88973,2.91955,4.1517,3.6908,4.73149
5.71801,3.24149,2.55015,5.36983,3.33203,3.72536,5.05017,5.37347,5.87938,5.04063
3.92544,3.48918,4.97643,3.34696,3.07357,3.40307,4.07123,5.62177,3.2019,5.14969
3.5035,3.66938,4.47177,4.87066,3.7377,2.33526,3.99149,2.74288,2.63937,3.44981
3.07005,3.71693,4.39558,4.40419,6.01588,3.13537,4.84456,3.61035,3.94647,4.78498
4.16381,5.55519,4.27258,4.68548,6.18357,1.87175,5.00055,5.71275,6.50882,1.79967
3.72658,1.70685,5.00853,3.42158,2.44147,3.99016,6.16186,4.96562,5.24243,2.7093
3.88483,4.42145,4.23969,4.78031,4.63773,5.91891,5.80846,3.31092,3.12715,3.96882
4.08184,4.11963,3.73586,4.72723,2.99517,2.7115,3.76223,3.65697,4.75755,6.60847
3.03507,5.93341,3.09843,3.83395,3.22468,7.04152,3.38261,4.72439,3.55652,4.21089
5.23755,1.71622,5.44124,3.97911,3.22464,4.93525,4.75692,3.30134,3.39587,4.07287
4.01195,3.98889,3.93147,3.45287,2.9761,2.20511,3.75713,2.7314,4.6147,3.12476
5.93486,3.81483,3.29111,4.16067,5.32798,4.02134,4.03519,2.77524,4.44719,4.57856
3.88045,4.46569,3.48051,4.53069,3.44099,3.62308,4.87248,3.57731,3.64143,5.10502
5.38057,3.46516,3.98447,5.76974,4.55431,2.59619,3.74592,6.72594,5.70206,2.39933
1.76845,4.08044,4.59454,3.36541,3.31633,2.79296,4.22496,4.77303,4.6053,3.90812
2.59328,4.14181,5.16367,3.71728,3.32319,2.79691,5.41694,4.162,5.44736,5.09379
3.35135,4.04907,4.69389,5.68045,3.57839,4.20997,5.26203,6.09029,2.71151,3.75358
2.96138,2.96643,4.28539,5.42735,3.38826,3.18797,3.86856,4.01927,4.19753,4.81677
4.5084,2.30987,3.51565,3.64864,3.48737,4.65002,3.45297,3.25193,3.34014,2.42995
2.40023,4.46266,3.96657,5.48048,2.92681,3.35492,5.07279,4.18447,3.69905,3.22453
4.75875,4.82144,4.72548,5.56584,3.75479,3.48043,3.90479,3.09608,4.33157,4.57724
4.30479,4.97343,3.16063,3.51113,3.32507,6.01679,4.39792,5.91069,5.43267,5.10724
5.34683,4.08395,2.80204,5.18189,3.7479,3.92337,2.6627,4.16173,3.2814,5.09833
2.58543,3.33066,4.59126,4.85005,6.6773,4.71641,4.76577,4.58768,4.08458,3.04857
3.99229,4.09588,2.2507,5.71499,3.84154,3.34604,5.46133,1.23805,3.46845,3.07788
3.51031,3.75738,4.45427,3.96536,4.06831,2.71759,5.19813,5.04846,3.638,3.70892
3.29996,2.94114,4.30919,2.8961,3.23945,4.30595,4.37257,2.10048,2.38391,6.2881
3.25847,5.51079,4.26424,4.5108,4.27266,6.20377,4.08347,3.91351,2.45218,4.37488
2.6924,3.60696,5.20871,4.10365,4.05627,2.29135,3.37315,3.60812,4.00031,4.47
4.28803,3.96984,4.29626,3.89607,2.98361,5.7681,4.50839,3.20594,3.57555,5.04231
4.68145,1.8564,4.99341,4.55734,3.44205,3.66967,5.41907,3.8549,4.77862,3.88453
4.19489,4.6426,3.91348,3.53938,5.13872,5.43861,3.16343,5.15389,2.36974,3.76287
4.50521,3.89737,4.76858,4.6371,2.64104,5.15344,2.36983,4.82064,4.88033,3.39653
2.31654,4.12969,3.44674,4.50425,3.67281,4.9062,3.82759,5.04744,3.48068,3.26238
3.5967,2.86903,4.38213,3.07044,4.11627,3.9181,3.76466,2.38262,3.87739,3.29362
4.6012,5.77623,2.21629,3.23087,3.71269,4.80075,3.20183,3.94895,5.00453,4.07583
6.1089,3.48277,3.89959,3.5519,4.15598,3.24359,5.65926,3.53085,2.68793,2.57922
2.92397,4.29422,3.65769,3.11773,4.37699,4.13115,5.09747,4.02644,3.4956,5.06193
2.30215,4.13398,3.57011,3.71309,4.67451,3.55701,3.29049,5.22696,3.91424,4.7503
4.4848,3.99731,2.16424,6.11701,4.53345,4.94759,5.25678,4.07986,2.44621,3.34964
2.88306,2.8736,4.35207,2.44992,2.37596,5.25765,3.67128,5.25569,4.01523,2.31522
6.04127,4.75613,3.50487,2.92515,3.60641,4.83279,4.18673,5.29198,4.27511,4.41777
2.79081,2.56653,3.44862,3.14495,3.6844,3.08892,4.19999,3.55129,4.14235,4.22452
3.38294,3.4038,2.96343,3.78628,3.00823,4.38699,2.50806,3.62924,3.38355,1.87281
3.40438,4.12037,4.01303,3.75616,4.38487,4.88091,2.26729,2.57719,2.99858,4.47713
3.99816,2.13165,3.13547,6.29678,4.65833,4.83939,4.48258,4.77533,3.97765,6.01402
3.98108,4.3387,4.96984,3.6103,4.96053,3.01577,5.44994,4.209,4.49322,3.66512
4.59831,3.81039,2.8278,3.8987,3.82715,4.95998,5.12622,3.59072,4.174,3.34899
3.0306,4.12114,3.55123,2.81535,3.10496,0.401597,4.15142,4.4076,4.55467,3.84134
4.79513,1.60948,4.78753,3.7306,3.71784,4.29268,3.94957,3.08912,3.51946,4.36208
4.76714,4.34209,2.98178,3.98608,4.09549,4.1066,3.88663,5.31366,4.26828,3.7381
4.39677,5.31057,5.69275,4.24891,2.5397,4.98344,4.04405,3.00014,3.66192,2.12304
5.63742,3.78575,3.14992,4.69353,4.30187,4.43623,3.5007,4.53176,4.0031,3.71507
5.75743,3.39569,5.16597,2.76844,4.0977,5.05145,3.99757,4.69386,3.73009,6.12898
3.43445,1.68521,4.0452,3.49044,3.38384,4.95449,4.44064,4.2563,2.53088,3.09255
5.49142,3.27963,3.41856,3.26847,3.71756,3.05972,4.71162,4.48693,3.80442,5.61726
4.90417,4.51872,5.21711,2.91578,3.60532,4.59897,3.76063,3.75383,4.63756,5.07196
4.15486,3.43558,4.95931,5.19076,4.38075,5.15189,3.82035,4.80466,4.11575,4.17588
6.35261,3.06949,4.83728,4.54982,4.12245,2.48233,5.1359,3.77173,2.84101,3.34546
4.23191,3.66648,5.36963,4.64062,3.13575,4.4766,2.10161,4.21174,5.32893,0.356421
4.99667,5.13743,4.46695,4.53533,4.54285,6.64493,4.25201,3.60399,4.16084,3.76894
2.82543,4.49875,3.42441,5.45715,5.13063,5.25658,4.39013,5.06218,3.82541,2.30156
2.8216,5.15242,1.94529,4.62434,3.20503,3.40655,3.5752,2.6619,3.7941,4.57231
4.8069,4.55493,4.27139,3.90448,4.46044,4.86013,4.72906,4.59326,2.97248,3.50936
4.09304,4.60606,4.90553,3.58099,4.56872,5.5451,3.97286,2.92618,4.3322,5.90388
4.80928,4.5923,3.32504,3.97505,5.21398,5.81459,4.67511,2.97519,2.31022,3.33811
4.57543,3.07617,4.1051,3.43782,2.73021,4.84368,4.41044,5.51456,4.23507,4.69192
5.76756,4.9839,4.23305,4.24068,3.04717,2.83204,3.82683,5.27089,2.92925,3.07726
5.61471,2.96018,4.91806,4.90094,4.1289,5.53188,4.49067,3.9001,3.10253,5.49711
3.52638,3.23443,4.3995,6.42737,4.28293,3.42657,1.43777,4.99023,5.29273,3.19619
3.74125,2.94246,2.61722,3.65322,3.77526,3.88125,2.29621,5.2767,2.02432,3.24852
2.36639,2.07176,4.82192,4.61351,4.57803,3.11841,3.32467,3.1741,4.08992,5.62211
4.14738,2.9554,3.36816,4.11805,3.83588,3.29714,5.42762,3.75149,3.29387,2.77063
3.98341,4.08343,4.0692,5.15504,4.94925,4.80313,5.54114,4.21862,3.95009,4.37763
5.52371,4.36828,6.24276,3.18079,2.43807,4.55693,3.93031,5.80611,3.42882,3.17613
4.43297,4.9734,3.67128,4.24863,6.29886,3.82981,2.44566,4.39386,5.95043,5.76931
3.86228,4.30433,1.79392,2.65857,4.89921,4.04791,4.9509,4.40824,4.87191,3.44071
2.14971,3.67116,4.75878,3.46544,3.62703,4.71171,4.5762,2.39582,4.57196,4.92526
3.66964,4.89029,3.59972,5.03099,2.88814,5.41768,5.33751,4.04363,4.30462,4.27602
2.09806,4.13685,5.05871,4.28248,2.94233,4.39592,5.56391,3.21066,4.72956,4.8629
3.29432,3.29471,4.21927,4.40474,2.41927,3.5528,4.84851,4.62638,6.00381,4.66771
4.32628,3.27381,5.42747,2.66047,3.43642,3.18621,4.98416,4.6175,5.82182,3.83555
6.69567,3.64324,5.90596,5.1106,2.83897,4.23314,2.92214,2.39037,4.61802,3.78135
3.91652,4.58884,3.93807,4.77798,2.97372,3.99785,6.14272,3.11907,3.59911,3.90871
5.72833,3.05067,5.31485,3.94654,4.53261,3.88257,4.51343,3.93674,4.59872,5.70423
3.89161,3.79627,3.81028,3.05527,3.38004,4.38987,0.425963,4.17777,5.06922,3.29678
3.94102,2.55432,5.65315,4.26753,5.22918,4.65991,4.41435,3.45725,4.10197,3.4495
2.53553,3.65224,3.53875,4.24761,5.01557,4.43244,3.14139,4.26567,4.99865,5.50276
4.00806,3.431,3.02491,4.67553,4.29329,5.31355,5.11667,3.67344,1.18796,2.5808
4.98955,2.08273,3.48214,2.73951,5.0934,3.74097,2.89252,2.02436,4.41559,5.54009
3.61774,3.38337,3.34532,4.56587,5.07256,1.82822,3.71113,5.51308,4.64677,1.61647
6.94157,4.48709,3.82383,2.65356,4.61251,4.00792,3.21037,2.80528,5.86079,4.59742
3.46364,4.73591,4.73339,3.77515,5.72282,3.85352,4.52744,4.22416,3.87336,4.51832
5.35473,3.18872,6.0336,3.6765,2.71591,4.62162,4.84209,3.23921,5.81051,2.4781
3.99225,6.66394,3.98676,3.51745,4.18998,2.09107,4.35253,2.64263,3.89145,4.84459
3.18848,4.53244,6.08696,2.39586,5.27358,5.08004,6.30093,2.73754,3.45196,2.41584
3.37128,3.56825,3.3743,3.53315,4.0642,3.88697,4.16537,4.1927,4.49058,1.86477
5.02976,3.79284,4.16994,2.30748,3.74174,4.48165,4.2482,2.55648,4.51449,3.02026
3.32341,3.95999,3.80271,3.73922,4.43456,3.90437,1.83077,4.63086,5.85464,5.99547
2.83058,3.58241,4.31072,3.29417,2.95954,3.54655,6.10358,3.18465,4.61834,4.42229
4.41517,3.27768,3.46522,4.03377,3.91464,3.74858,3.7529,4.49939,3.63534,2.48588
1.53412,3.71448,3.87698,4.15296,4.63179,4.33266,3.16804,3.24108,4.50738,2.57623
1.94601,4.18072,2.6771,4.35579,3.23209,3.59469,5.61144,3.47649,4.55622,2.92097
4.95898,3.54851,2.33653,3.56213,3.04467,3.31687,3.17984,3.15437,4.39708,3.51112
4.14667,3.18573,3.43806,2.09884,3.75817,4.25986,2.55929,2.76459,3.09294,3.02441
4.39697,2.33237,3.10316,2.32515,4.21606,3.6838,1.85677,3.80989,4.67557,4.96144
2.0002,4.45459,2.37594,2.79403,4.90865,5.32611,4.37312,4.7395,4.03696,2.13316
4.53898,3.42453,5.50774,4.99522,4.58122,5.40385,5.01586,3.40788,4.58213,4.64391
3.30996,4.53634,5.47556,3.61175,3.26098,5.39286,4.52211,1.45506,3.5657,4.85699
4.44547,4.14873,5.97178,3.46638,3.90932,5.59991,4.73602,2.41783,4.47658,5.42705
3.0424,2.18678,3.66409,3.37882,4.97128,4.06752,4.01374,4.71719,4.17099,3.9234
3.49712,4.49339,3.99194,5.41305,4.32251,3.00786,3.92889,3.34279,4.73268,5.11085
4.35558,5.29399,3.00311,4.44499,5.12408,3.5334,3.6946,3.87108,4.46903,2.12714
3.42223,2.29968,4.88137,4.42218,5.00478,3.81486,4.17641,3.71095,3.1459,6.04405
4.4385,3.7915,4.01974,4.23794,4.8357,5.53911,3.976,6.82533,4.67474,3.0391
5.26816,3.86012,3.71645,5.30909,3.96792,4.88533,2.77478,4.36655,4.81821,4.81055
3.78063,4.55709,1.83886,4.35493,3.12538,4.34549,3.01679,4.44197,5.5718,4.45345
4.50724,4.89671,3.25007,2.89138,4.80369,4.40096,4.0346,3.6187,2.29247,4.61358
3.61506,3.78191,4.52223,4.36526,5.57507,4.11133,4.06982,3.83975,3.20603,4.24413
3.42573,2.53426,4.41178,3.44724,4.78538,3.83765,3.87789,4.75467,5.64061,3.70405
4.702,4.54918,3.21664,4.9362,4.19094,3.94754,3.91836,4.05678,2.55052,5.65215
4.54201,4.8197,5.54185,3.60433,3.86396,4.33936,4.96514,4.54938,2.85447,3.71265
4.30445,2.78575,2.99031,4.38,3.03804,3.69573,2.39685,4.92414,4.38811,4.5856
3.90077,3.41088,6.04197,4.89109,3.2463,4.12917,3.85705,2.73139,4.05315,1.48319
3.65679,5.38361,4.22681,2.90179,3.28838,4.98189,3.45162,3.42569,3.71049,3.71736
5.4295,3.9317,4.17765,3.81645,2.94619,2.1582,4.56328,4.03861,3.71423,4.51403
4.42749,4.79127,5.08276,4.58571,3.5435,5.23022,3.00393,3.17108,3.30196,5.37431
5.1188,4.15368,5.03496,4.0721,4.82195,4.89263,3.27543,3.32053,3.01316,4.59299
5.11197,4.45993,4.37036,5.96881,3.25454,5.01739,1.04256,2.29287,4.99959,2.81367
3.09983,4.46456,6.14688,4.7018,3.64611,2.32786,3.33509,3.46808,4.5673,1.97155
4.82311,4.01944,4.67817,3.1193,4.5283,3.59548,4.11773,5.17051,4.38999,4.26383
3.22276,3.62755,5.29756,6.30634,4.53631,4.4449,3.49809,5.64898,5.14264,5.24646
3.38696,1.59096,2.50037,4.80229,4.30555,4.15871,1.8269,4.64426,2.79621,3.67552
4.60239,2.21284,4.33371,5.10658,2.93833,4.57422,3.50187,3.946,4.72122,4.36347
3.34178,3.30049,3.05213,3.5096,4.25327,3.6545,3.79682,6.38423,2.68074,3.17039
4.52216,4.65716,4.92904,3.67134,3.38813,4.33299,2.888,3.31943,4.1476,5.2578
3.42875,5.13074,2.59108,3.91398,4.21726,4.23162,4.7693,3.61986,3.37859,4.18801
3.46358,2.98721,4.89294,4.39633,2.94964,3.89032,4.30805,3.47316,4.92809,2.75534
5.96654,2.39519,2.25295,3.97653,2.6396,3.55985,2.45456,2.41226,5.25127,4.83024
2.71188,2.98654,4.93212,2.415,4.92736,4.61732,4.00222,3.36267,5.13531,4.82217
4.81796,3.45999,4.51084,4.50157,3.96417,4.08124,2.58567,4.27928,3.9238,3.32992
4.43613,4.5816,4.75586,4.53975,4.50118,5.76274,5.02793,3.05429,3.42347,3.91935
3.34622,4.91447,4.36243,3.18237,3.97338,3.83564,4.77846,4.81837,4.95505,2.14273
1.9348,4.03652,5.04097,4.95783,3.43441,4.26711,3.79521,5.5466,4.7096,2.8925
3.20709,6.01027,4.06156,3.15911,2.90113,2.81868,4.69939,5.36727,3.8073,3.11914
4.92462,4.38652,3.96948,4.35149,3.99579,3.43035,3.79553,4.2188,4.32984,4.95375
3.25376,4.88299,5.0206,3.49476,2.46526,2.92004,3.53176,4.36439,4.18139,3.07693
4.28471,2.46627,4.63956,2.6133,2.54876,3.73641,3.76377,6.05963,4.49542,4.22468
6.32205,5.00666,3.45997,5.00228,3.08206,3.55665,4.82113,4.40951,6.21244,4.71292
5.93617,3.80005,4.66358,4.43275,3.67584,4.27463,3.90149,3.50388,4.25189,4.02454
2.85535,3.83343,3.70068,3.73088,3.30211,4.69453,3.88364,5.30252,3.45316,5.36632
4.50413,4.64401,5.25652,3.75776,3.4851,2.38897,2.92459,5.0535,4.4435,3.70546
4.68062,2.66204,4.99805,4.47687,2.83437,4.35769,3.67138,5.16508,3.85016,3.09805
3.00315,4.95041,3.15432,1.47848,3.10455,4.26481,2.67636,4.01502,3.52907,4.87162
5.55996,2.65842,3.80757,5.82248,3.67059,3.57879,4.31404,3.62802,4.66333,4.84644
5.34557,3.57145,3.46106,3.09325,2.47563,3.25467,5.42997,3.20092,4.75605,3.08627
3.34772,3.7733,3.31111,2.64834,4.94647,4.30541,4.63377,4.13218,4.60268,4.67418
4.55859,4.76473,3.71639,2.99196,4.58031,4.50211,3.65105,2.34432,4.05877,5.35248
3.24927,5.48522,2.99512,3.09321,3.45761,4.33697,3.75742,3.17877,3.07991,4.98917
3.71291,3.94522,5.57475,2.52746,4.61494,4.2982,4.28908,3.56233,3.93484,3.25604
2.79603,2.94256,4.94292,4.49179,3.68618,2.64452,5.50047,2.47056,3.37574,2.52496
1.69781,5.98633,3.6204,3.67296,4.46603,3.78969,2.47049,3.78482,2.29687,4.43644
5.08947,3.31063,3.73592,3.95986,2.79467,3.13261,3.37621,3.21046,3.90399,3.91417
4.77809,5.21083,4.7406,5.81908,3.76077,4.49395,4.62544,3.54033,4.37914,3.7092
3.97906,1.86947,5.31053,4.56767,3.19399,3.56791,3.69268,5.69424,3.47216,4.15713
4.17137,3.67187,3.4948,1.80073,3.69975,3.6709,4.4235,4.45107,4.82011,5.58516
5.00213,4.18023,4.77993,2.63945,3.57877,5.22432,2.38642,5.50076,3.2172,3.2456
2.23829,2.9056,4.64693,5.00266,1.80801,3.92562,2.65118,2.58805,5.13995,4.17941
3.94409,3.98139,3.06831,2.88933,3.97446,4.44988,5.95338,2.95293,5.43214,4.22249
3.56818,2.99509,1.87721,5.50146,4.62373,5.03428,4.40619,4.71104,5.28818,4.96274
3.47977,5.23792,3.14701,3.81296,5.29897,4.90212,3.91234,5.32955,2.88246,5.34205
3.26355,2.95729,5.88371,4.13325,3.41162,3.60722,4.31747,3.41518,5.05305,4.49558
4.26831,5.71984,1.9788,5.29952,4.59252,4.53779,5.15466,4.42641,3.20473,4.47694
2.51395,6.14812,4.12983,4.00802,4.65134,3.15228,4.22566,3.29793,5.43445,3.35551
6.77422,2.43943,3.82996,4.16872,3.86646,3.37205,3.77516,3.7753,3.81397,2.87213
3.9998,4.83679,4.3709,5.46332,3.66877,4.1927,5.18491,3.41576,3.40474,3.46382
4.05988,1.55453,4.5897,4.98462,5.50181,3.5113,4.3091,3.79764,3.20383,3.3784
4.93354,3.0881,4.72982,4.43045,4.10536,4.64306,2.16069,4.8001,5.04456,4.08988
4.98032,4.33642,4.16417,3.97918,5.54841,2.79229,3.79679,5.55801,1.97849,3.34806
4.11192,4.0036,2.83336,5.8141,5.39694,2.93321,5.94999,3.02626,1.73879,3.35014
4.45359,3.6113,4.42527,4.63706,3.508,3.82945,3.11031,3.53048,5.36573,3.34704
3.92281,4.52871,4.91208,3.81252,2.99886,4.63757,2.71507,1.92368,3.56536,5.9558
3.10774,4.60746,4.37604,4.31164,4.33331,2.7932,4.08648,4.46352,4.46594,1.6759
3.51358,2.81422,3.24048,3.60906,4.99184,2.59584,4.1918,5.27564,3.70067,5.28009
3.50065,4.04968,3.79005,3.87668,2.23887,5.10505,2.54218,4.61956,2.91413,3.56246
3.56651,3.96401,4.4066,4.55034,3.70095,4.66097,2.26461,3.35275,2.77486,5.34645
3.53828,1.89963,2.51497,3.50831,5.45001,4.85879,4.3153,3.38861,2.99736,4.70216
4.19849,4.29741,4.25994,4.64354,5.96341,4.16864,4.45739,5.49739,3.90756,3.06226
3.86432,3.68843,1.95806,3.5478,3.92575,5.38886,5.82937,3.82474,4.29345,3.48908
5.28018,3.0259,3.33674,3.83405,3.43837,3.98725,5.57558,3.52982,5.13387,2.57719
4.4007,3.99699,4.55045,4.07822,5.14389,3.85121,3.91085,4.55178,4.11903,5.05361
4.68334,3.62329,5.30159,3.07444,4.83375,6.40326,3.16359,3.43373,5.42797,1.06225
5.01945,5.95763,5.33654,4.30601,6.29254,4.14941,5.55726,4.25324,2.14282,4.68684
4.67738,4.50175,3.82256,5.43436,5.41631,3.73149,4.47766,3.64574,3.36743,5.17291
2.72631,4.10091,2.44495,2.17433,4.37057,2.54793,3.1295,2.807,5.37239,2.59916
4.81417,5.89315,4.22328,2.97718,4.32013,4.4868,4.1555,3.63912,3.82871,4.7009
5.2369,3.22815,4.07436,4.8557,2.70716,4.08978,6.24446,4.03159,4.17428,5.28768
4.74714,2.50749,4.27489,4.39223,4.46731,3.23559,3.78893,3.36215,5.89594,4.46651
5.42763,4.2015,4.03806,2.48659,4.55106,2.28586,3.51483,4.32237,4.34115,3.93454
3.67866,4.20429,3.54522,4.07747,1.75154,4.72452,3.8632,4.5507,6.21203,4.5017
4.45272,4.35171,3.33881,3.04256,5.22545,3.23905,4.79753,2.89517,3.73867,1.59249
3.68808,4.53944,5.37098,4.29063,5.70659,3.89397,4.55012,4.20426,4.35426,4.43468
5.13517,4.64093,4.31932,3.37044,3.84367,2.98765,4.0022,4.6029,3.66888,4.32599
4.45242,4.96756,3.10399,4.69803,2.14096,2.32033,4.44105,3.55019,2.3103,4.51625
3.79072,4.34125,3.59671,4.18495,2.07915,3.57289,4.65429,4.59231,2.67663,3.57097
4.31763,5.29743,3.71178,4.38692,3.41256,3.07223,3.70352,3.71545,3.28443,4.10979
5.19383,3.87024,2.73181,3.1888,4.62696,3.03129,4.95074,4.89148,4.39331,2.86419
3.46134,5.33301,3.50884,5.44705,4.74155,4.14269,3.638,3.49823,3.8819,3.24189
3.52429,2.4716,3.93552,6.01451,4.37665,3.69642,2.39236,5.51085,1.7993,3.1003
1.51283,5.82568,3.02278,3.42331,4.5078,5.10662,3.32308,5.58947,3.5233,5.46998
4.08411,2.85426,4.74952,3.88396,3.71915,3.83271,4.9049,5.06365,3.12083,3.06474
5.56244,3.78965,5.42359,4.49471,4.56553,4.70802,1.97601,3.79319,4.58654,2.59549
2.94049,4.2512,5.48173,4.36924,3.39926,4.97272,2.83007,4.7165,5.15514,2.37926
5.07398,3.54308,2.27417,3.7651,4.14039,2.60111,4.10748,3.01506,5.09052,4.05842
1.92136,2.64407,3.67736,3.45155,2.32374,1.54464,4.88149,4.37323,3.98891,2.97867
2.09302,3.8038,2.9834,5.38467,5.3563,2.56355,4.22464,3.31303,5.19126,4.97674
5.00322,2.6451,3.50996,2.01919,4.62668,4.04486,5.68348,4.75173,3.68107,4.98794
3.07592,4.49755,5.90915,4.23073,4.71706,4.19956,4.71494,4.96719,5.13615,4.3084
4.79691,4.05715,4.95673,3.95893,4.49254,3.5955,2.83314,4.25648,4.01705,3.64986
3.43314,2.45819,3.14733,5.33001,3.75734,5.20794,3.45307,4.19522,4.00031,4.18769
3.43731,5.72183,4.04293,4.21809,3.48628,3.77517,4.0077,3.13349,3.45595,5.54619
4.28552,4.27233,4.25455,6.5641,4.20502,5.12978,3.07502,2.32759,5.1584,4.63863
3.92328,5.8144,4.49959,3.30262,3.99526,4.21908,3.88573,3.27383,4.6183,3.11716
3.37634,5.54651,4.07637,5.26131,4.53878,2.54359,3.40682,4.65114,1.06567,3.61455
3.33021,3.33563,2.58576,4.49761,2.63046,2.7169,4.50125,4.16275,3.932,3.01629
6.93991,3.70924,5.04163,4.35016,3.85523,3.07535,3.28845,2.97001,3.46046,3.52703
3.14338,4.57795,1.98556,4.14679,4.40227,4.23588,3.79315,4.23624,3.70957,3.3732
4.9881,5.39175,2.7787,3.90353,5.33493,3.53746,5.65619,3.53702,4.87785,2.94589
4.79746,2.54285,4.90257,5.41346,3.4376,5.13728,4.7487,4.37454,4.12119,6.51087
3.78527,4.80556,3.81449,4.78283,2.66496,3.01033,3.4254,3.4624,3.94604,5.18719
3.65755,4.03558,4.6579,3.77412,4.55537,4.40163,4.31828,4.71227,3.34974,4.49081
5.7819,4.07145,3.65895,4.30632,4.17674,4.04046,3.94833,3.69458,3.19771,4.27777
4.08825,4.33491,2.91247,1.33724,4.66421,5.21607,2.34028,4.80676,3.41833,3.74286
3.7571,5.92734,5.26035,5.03861,2.93325,6.13166,4.81176,3.18428,1.82181,4.64369
5.56261,4.07824,4.35256,4.16416,3.18284,3.91462,4.74371,4.2063,4.72354,4.08153
4.4851,2.98636,5.88426,2.20726,4.77787,3.70975,5.8563,3.66578,3.40831,4.89396
2.97803,3.72236,3.80837,4.96333,3.89104,3.94626,5.84565,4.56217,3.29478,3.35591
5.04429,4.02042,6.0949,2.90282,5.43579,2.98758,4.79668,3.36231,4.57618,4.68416
4.4382,3.77289,4.44362,4.59641,3.31289,5.3187,2.39352,3.27914,4.08351,4.21156
2.71566,5.59599,4.36026,6.22335,4.35886,3.45009,3.79878,4.63806,4.22054,5.36027
4.76292,5.79822,2.74279,4.26639,3.50249,3.74995,4.82017,4.6865,3.37683,4.69005
3.03962,5.41672,2.1161,4.3259,4.4202,2.32979,3.38289,3.62531,3.72016,2.33513
3.64642,3.60957,4.35875,4.0376,3.39384,4.60943,4.51003,3.94007,3.61565,2.01231
4.37672,4.42953,5.08057,4.08796,2.1595,5.00006,4.09414,4.46496,3.72579,4.0023
2.72869,3.5167,2.92389,3.02369,5.76154,4.2864,2.93181,3.95427,3.19135,3.05739
3.66886,3.6064,3.13903,3.15432,3.87399,6.46169,2.95143,3.91884,2.62267,5.27641
3.89346,4.47057,2.04046,4.14701,3.97435,3.53466,3.79746,3.0008,3.23437,4.06516
3.83929,3.75106,4.08882,5.59208,2.49971,3.76421,2.07356,4.76561,4.34152,3.60417
4.38761,4.84261,3.72779,3.79885,5.9274,4.41738,4.05738,3.87106,5.2407,1.85174
4.64494,3.52413,4.86799,2.62797,4.19877,1.61813,2.39174,2.74158,3.83571,3.41574
3.53157,4.80328,3.86265,2.01493,2.99302,2.01809,4.7562,4.3986,4.32372,5.36445
3.94297,5.11418,4.94247,4.0779,3.108,4.12638,1.97671,3.23728,4.93863,4.0641
4.10671,5.79702,3.40052,4.02707,2.66066,3.52405,3.30378,2.37617,5.27226,5.12739
2.76285,3.40336,4.78985,3.28552,5.55211,4.21977,1.83688,4.40925,4.99337,3.12962
5.07066,3.03216,3.20454,4.24222,2.29921,3.09322,4.64869,4.37279,3.409,2.71789
1.94133,4.09308,4.82392,3.41824,2.55943,3.66964,5.23276,4.463,3.69011,1.26607
1.81416,4.88483,3.26713,5.45818,3.56094,3.31303,5.29389,1.89527,3.32044,4.85897
3.91323,1.59383,4.04743,3.00757,1.96558,4.22956,2.9838,4.67752,2.98318,5.19707
1.59285,3.78413,5.60464,4.12475,3.08771,3.45177,6.54852,4.88232,3.74008,4.8964
4.05835,5.54695,3.29284,3.82594,3.08861,4.84673,3.76339,3.18161,4.68232,2.3645
2.60559,4.94055,4.21755,3.61466,5.4682,1.52257,4.1334,4.44357,5.14337,3.92543
3.02583,3.00488,4.46776,4.06509,4.66417,4.33844,5.79628,4.6539,4.58711,4.11719
5.81922,4.13542,2.98347,3.35903,5.38913,4.56207,4.70144,2.76699,3.77307,2.86843
4.45564,2.2485,3.33813,3.6687,4.37947,3.82197,4.9159,4.18786,4.58356,4.82881
4.0783,3.00882,5.07183,4.1482,4.05268,4.47997,4.68589,2.86905,4.02504,4.10914
3.65062,4.77582,4.61313,3.75555,5.45272,5.45918,5.02593,4.9495,2.28386,4.08371
3.56335,4.09453,4.08071,4.66081,4.71496,3.80466,2.67421,2.8197,4.45862,3.591
4.42709,4.70753,4.2924,2.85814,5.00006,4.86933,3.87396,4.653,3.3007,5.86914
2.89829,4.98759,4.59991,4.45153,4.7758,2.60942,4.74908,2.40224,3.99243,4.62917
3.47838,3.77621,4.14246,3.39272,6.07191,5.98063,3.4905,3.35891,4.76343,1.9188
4.856,3.24313,4.51248,6.5323,3.85048,4.48901,4.32291,5.44648,4.59683,3.76863
3.99267,3.90636,5.01609,3.18759,3.20741,4.18552,6.13368,3.32374,3.11088,5.37613
4.29693,4.35174,3.31855,5.61172,4.81703,5.23188,4.50225,2.67528,4.39167,4.05826
4.96134,4.286,4.72504,4.14802,3.20226,4.1622,4.11707,5.07779,5.01682,2.99783
3.3032,4.07997,3.61956,4.11089,4.2437,4.1388,4.12089,6.17114,4.87157,3.77679
2.66567,3.57903,6.05651,2.42092,5.60649,3.02164,4.89039,1.81829,3.71411,2.77119
3.8017,5.35479,4.10756,4.51979,3.33806,5.25564,4.9155,3.89077,3.60994,5.23815
3.93854,4.98641,5.84011,2.8422,7.0068,5.96498,3.7177,5.64715,5.75918,4.15579
4.48313,3.55463,3.55984,5.77025,2.30299,3.53607,3.42371,6.09301,2.5995,4.72164
2.54544,4.81158,2.10952,5.08481,4.5713,4.44512,2.59777,2.41404,2.91042,2.71117
3.46783,5.13854,3.3548,3.43224,2.45674,3.5672,4.3466,3.82348,3.80217,4.72079
2.73178,4.27746,3.87292,3.68781,3.80905,4.46002,3.26022,3.95392,3.64407,4.19611
2.56749,4.36682,3.2384,4.35892,3.07655,3.26148,4.65947,2.73576,3.64273,4.80406
3.34545,3.45393,2.49621,1.89797,4.93658,4.62151,4.09562,4.17621,3.98575,3.12511
4.6218,2.82552,3.78371,4.89277,2.92077,3.9213,4.04552,2.68435,1.77217,5.14947
3.57151,2.62487,3.33231,3.56576,4.07626,3.28799,5.35069,2.56881,4.50747,4.38407
4.62089,4.33589,4.54822,4.7046,5.57425,3.19513,3.43052,2.74217,3.76757,3.66792
5.26584,5.53491,4.31335,4.5206,3.08706,4.13789,4.41632,3.21907,4.74465,3.33286
3.96516,4.96093,2.9805,4.63064,3.44857,3.78584,3.04245,3.62416,5.81622,3.08886
3.84759,1.70024,3.26676,3.90141,3.57222,4.07732,3.25714,3.04683,3.22781,4.31117
6.02428,4.10263,5.36463,7.46177,2.95611,3.50887,4.06442,5.28218,3.34931,5.406
4.27106,4.30494,3.45411,3.76192,3.15219,4.10329,6.40977,4.63215,4.37985,3.08716
5.96165,4.69284,4.98555,4.73321,4.54678,4.74922,5.58256,4.02591,2.41185,3.4685
4.2459,3.68927,5.1215,3.76674,4.57788,4.03304,4.41008,4.15259,2.57845,5.36455
3.69655,3.83647,5.52522,3.45805,2.50072,4.61394,4.00049,3.60512,3.10704,1.96226
4.60464,3.67474,7.55433,3.0651,3.57147,3.72196,4.02005,6.12356,3.82166,3.3695
3.51979,3.67962,3.00757,4.60254,2.98281,4.52412,1.83341,5.31889,2.96458,5.03672
1.62804,5.09563,4.95511,3.87045,4.61477,4.42553,4.48174,5.2918,1.75989,4.75999
3.95421,4.45586,3.49147,4.70248,5.34249,5.18637,3.61227,0.407583,3.9562,2.84444
4.17657,4.38847,3.86225,3.21541,4.02784,2.63976,2.71295,4.03371,4.72966,4.69157
4.14519,3.99823,3.57028,5.27955,2.80192,4.74795,2.09758,4.0229,5.66545,4.09368
6.22293,3.23333,3.42787,3.44611,2.6826,4.56448,3.44733,4.13106,3.1322,4.10677
3.20651,3.5676,4.81661,4.08318,4.19371,3.60912,3.33222,4.06327,4.07759,4.92322
3.2443,6.27537,4.42231,3.97713,2.73948,2.2342,3.82767,3.67154,3.54602,3.17216
3.72094,3.99394,2.82539,6.24274,2.70487,1.55781,1.84219,5.08356,2.36638,5.47156
4.70825,5.35074,4.18713,4.79273,2.59524,3.95067,4.70237,4.95472,3.61269,3.54881
2.16579,3.43352,3.65834,3.47407,2.45346,3.62549,2.05914,4.77891,4.57166,3.90128
2.22828,3.46763,3.83568,4.43142,2.43878,3.7634,5.04869,4.13397,3.33029,5.93678
5.79123,4.05608,2.42158,4.33305,5.01453,4.01167,1.78146,3.17737,5.04156,2.75105
3.64698,4.68447,5.65984,2.80458,3.65734,4.29364,6.65265,2.78581,4.02723,2.46461
4.17759,4.98146,2.71889,4.17174,4.27983,3.87889,3.37223,3.49232,5.04011,3.84362
2.88834,3.75996,4.66567,3.17915,3.64295,4.50218,3.13274,7.18669,3.28884,4.05042
4.64071,4.24116,1.42469,5.89415,4.07449,2.50353,2.51073,4.83473,3.17033,4.65812
4.48552,5.04055,2.75914,4.31369,3.33411,3.72767,3.49354,3.79103,3.37782,4.38581
4.48025,4.66149,4.72937,3.47106,5.47386,2.71309,6.66308,3.29883,3.14938,3.67671
4.6714,4.26122,4.01115,5.93457,6.47846,3.62056,2.14388,5.53837,4.86547,3.06983
4.3579,3.31553,5.57072,4.02566,3.92123,4.36095,4.84557,3.97946,4.32746,3.86558
2.78461,3.54841,5.10386,3.99161,4.22733,3.61183,5.49841,4.85347,3.72987,2.73672
2.78075,4.37825,1.39942,3.78701,3.45581,3.71121,4.26244,4.50307,4.25171,3.60349
4.29427,5.56445,2.41211,4.84836,2.45547,4.31814,4.49956,4.56592,4.38312,2.44011
4.75265,4.10936,3.63972,5.00596,4.4401,5.76494,4.37458,4.21851,3.99944,3.9051
2.83928,3.72818,3.94024,2.286,1.94312,3.78076,4.17183,2.12456,3.2647,3.64077
2.04987,4.57946,2.65893,2.82645,2.79102,5.28042,3.64053,4.37554,2.69825,3.63188
6.26597,4.90717,3.82259,2.07936,1.99515,3.44206,6.09808,3.36681,3.41611,4.59464
2.73224,3.69325,6.76982,5.5561,4.24269,4.23973,4.38313,4.63408,5.25384,3.66219
3.1418,3.97833,2.46735,3.30135,3.52751,3.0285,4.80129,2.3708,4.30332,4.23303
3.82061,2.75224,3.89668,3.1558,4.93468,5.01992,5.60846,4.16478,5.33438,4.39479
4.28876,3.45733,2.61161,2.59983,3.70286,3.68927,5.09751,4.57291,2.93265,4.96619
3.72505,4.35438,4.29248,4.60899,2.37979,4.35645,2.8278,3.93806,3.57012,4.21937
4.25977,3.96547,3.24124,4.51361,3.20477,3.97832,4.22847,4.79816,3.48126,3.60467
3.49739,4.96446,3.29369,4.20293,4.74248,3.01876,3.80508,3.57553,4.31117,5.26125
2.66676,5.83284,2.92689,3.3034,4.37148,5.19352,5.45762,4.23677,2.22743,4.03867
4.64746,4.57517,4.09269,5.25617,3.66267,3.69521,2.78001,2.67965,3.41386,4.04329
5.87221,3.32814,6.07985,4.52555,4.94708,4.49788,2.41004,3.98179,3.62337,5.75942
5.18085,5.46111,3.06029,4.00129,2.68753,5.35123,2.88418,4.03229,3.8809,2.55222
4.04311,4.34647,3.27955,4.06095,4.25995,2.77708,4.5368,4.89216,4.32367,4.25292
3.80926,3.23173,3.15726,3.67736,4.86712,3.60075,5.20219,3.55601,3.86378,3.0881
3.28877,4.28182,4.16883,3.38427,3.19765,3.56804,4.53572,2.85886,4.18644,2.99208
2.68932,4.89753,3.84592,4.15165,3.00047,4.85526,3.81029,3.5956,2.16164,1.93838
4.4369,4.43799,4.80908,2.92403,4.99087,2.23114,4.67716,4.34916,2.57889,3.50801
3.04648,4.39487,3.66521,4.912,2.10607,2.38474,6.05197,3.84696,4.9525,3.10994
4.93027,5.44056,3.00791,5.02661,3.66767,5.87836,4.57182,2.17684,5.82991,2.346
5.93164,4.68521,1.98494,4.79211,4.12996,2.94412,2.7328,3.5742,2.33781,5.10887
5.58249,4.26639,3.26783,5.49825,3.82288,4.04523,3.76807,3.72006,3.18969,4.39902
5.44791,2.59415,4.33376,3.12365,4.28197,3.87794,3.38507,6.02069,4.15533,4.88393
2.62061,3.36143,1.29235,3.73854,4.46197,3.65042,4.36993,4.9139,4.09778,3.8667
3.53044,5.00971,2.55041,4.11336,4.02996,3.67614,6.62304,3.18078,5.37541,4.03659
4.60267,4.41987,2.91904,6.1016,3.34988,5.46761,3.50173,4.53804,2.93595,4.96526
4.45501,4.05189,2.89956,5.60257,5.07689,5.55922,3.96171,3.34097,4.90504,3.89004
5.31367,5.66677,4.28589,2.971,3.37966,4.161,5.31222,3.16751,5.1808,4.59582
3.76736,3.89343,6.02047,5.23627,4.13672,3.31234,3.40724,6.01596,3.99856,4.60375
5.17205,2.77521,3.38365,4.91772,3.73722,4.14295,4.29745,3.59934,5.30373,3.17511
4.20054,5.35592,4.25358,4.50505,4.34201,3.06532,4.53489,2.6021,5.25709,4.58719
3.87514,5.51981,3.9259,2.62867,3.84246,4.37759,3.78323,4.15813,3.91797,3.06613
3.85564,4.66069,3.20073,3.70919,4.40148,2.30621,5.49554,4.69928,3.08483,4.71364
4.62038,3.56621,6.12308,5.11528,3.87772,5.15833,5.90325,5.11276,4.07663,3.4527
3.52335,3.10211,4.28951,3.52589,2.14499,4.14481,4.15694,3.52188,3.16654,4.48801
3.53141,2.656,3.92961,4.24088,5.33351,2.22405,4.83817,2.1424,4.33322,2.21101
4.02587,2.66226,3.22101,4.38062,2.1787,3.83186,3.86476,3.54927,5.42939,4.84122
3.11818,5.68444,3.77126,4.2575,5.02292,3.67854,3.58034,4.05267,3.36852,4.28884
3.20585,2.42247,3.4555,4.00284,2.77918,4.2715,5.31631,4.69153,2.61522,1.63957
3.54338,4.75687,3.05625,4.95232,4.7145,3.96153,3.71751,4.25133,2.74719,3.62187
4.32435,4.01226,5.16647,3.61979,2.96458,3.66845,4.06266,3.6473,3.9914,2.39877
5.20715,5.54063,4.70252,2.92103,3.41931,3.11558,5.16447,5.1347,4.48027,3.92982
4.49355,3.61295,3.88656,3.78025,4.12103,3.59729,3.96214,4.0427,5.36785,3.82763
4.57648,3.90933,2.96051,3.46202,3.23014,3.76551,5.14839,3.83019,4.85572,4.30088
3.98555,3.41512,2.85191,4.46855,3.24114,4.77145,4.36315,5.44707,5.63948,4.14506
3.21975,3.64289,2.83784,3.73355,1.82317,4.41979,3.77796,3.25651,4.81235,3.49503
4.30106,4.87092,2.71565,3.73399,5.42367,5.21736,4.25224,3.90709,3.18614,5.45503
5.50034,4.09755,3.54894,2.60228,4.60543,4.73196,3.59328,5.04233,3.60056,1.9837
1.82842,3.35942,3.39659,3.97371,5.67725,3.98787,4.40355,3.48213,3.70318,3.58117
5.17984,4.23126,3.37801,3.96041,4.79762,4.43852,3.6149,3.03927,4.63154,4.53378
5.25583,4.718,3.83684,3.4483,3.68408,3.00526,4.34105,4.37105,4.90152,3.55873
3.22148,4.21049,2.20562,5.10097,4.6794,3.13546,2.76121,3.37619,4.32959,4.10785
2.77458,2.3786,3.28542,3.81943,6.19717,3.927,4.02864,3.9869,4.18335,3.90412
2.74203,5.28019,4.05082,4.91602,4.62057,3.40448,3.95397,4.55254,3.86533,3.52995
2.85841,3.84984,4.4398,3.09137,2.16191,4.65531,4.89843,4.15101,5.5912,5.09263
2.41775,2.74452,3.98204,4.38087,3.52888,3.9866,3.92419,3.21681,4.07283,3.85099
3.45233,4.36094,3.50159,2.68876,4.82497,5.21552,2.83891,5.44005,4.24786,3.40202
5.53153,4.71425,3.98392,4.67287,4.91612,2.74971,4.73804,4.93332,4.09299,5.60601
5.03161,2.65984,3.93953,4.09633,2.11008,3.24981,2.48281,3.97008,3.27938,3.42824
4.68378,4.17583,4.62892,4.16895,4.47771,4.69936,4.39056,3.96574,3.61729,2.97093
3.7815,4.24182,4.57729,4.52797,3.20844,5.9677,5.499,3.21123,3.01841,3.04748
3.79195,4.11663,4.56604,4.392,4.3073,3.92296,2.61509,5.226,5.98075,5.47704
5.6631,3.0836,4.53412,3.69163,4.20494,2.68788,3.53223,3.73258,5.16935,3.18973
3.87993,2.84889,4.8615,5.25024,4.45643,4.96585,2.73057,5.45298,4.73748,3.33228
6.35815,5.03029,4.89901,2.72662,3.07421,3.86871,3.87312,5.00986,3.23576,4.21019
3.86283,3.84829,3.52457,5.7018,3.02749,3.60483,4.47881,6.84366,4.09435,4.19866
4.98159,4.6416,3.19142,5.8329,3.77708,2.85666,2.78926,4.37996,3.28072,4.04246
4.58224,3.44772,4.13631,3.15859,2.74982,2.87918,5.15215,3.90863,2.68296,3.18821
3.55255,2.75018,2.95497,3.31122,2.51851,5.66196,3.87276,4.58709,3.60435,4.34745
3.73754,4.34809,4.64153,5.18041,3.76062,5.17358,4.74096,4.83605,4.32254,2.04122
2.91653,2.93287,4.06026,3.76919,3.66608,4.06057,4.31919,3.76079,3.19838,3.13926
5.44471,4.23324,4.57959,5.54918,4.76609,3.53141,4.07777,3.79477,3.69936,4.07151
5.34725,5.82631,3.49796,4.02957,4.36362,4.5506,5.30697,3.9999,3.81099,3.6342
3.46647,3.85307,3.5452,4.18021,3.58903,3.03901,4.43206,3.68035,4.50374,3.3923
2.57033,2.63067,3.06897,6.51349,6.09617,4.56346,4.45999,5.95887,4.85489,4.33144
4.15867,3.78924,6.17223,2.62711,2.20503,2.2717,4.14802,4.46432,3.94076,2.91528
3.52667,4.81683,5.09733,3.01405,4.30021,3.15025,5.03269,3.36867,5.52857,4.25109
4.74621,5.30446,3.31661,3.70495,4.29986,3.61749,4.13881,5.52317,4.49503,4.6453
3.01884,4.09229,4.79911,4.64269,4.30734,3.18788,2.42332,5.03575,4.17907,3.82128
6.14321,4.48459,3.64248,3.34772,3.63742,2.14432,3.70985,4.53457,3.3345,4.00552
2.20883,4.42211,5.15714,3.22533,4.16271,2.74824,3.66253,3.19976,3.01945,3.80633
4.8,5.01769,3.17262,4.89541,4.83176,1.32855,3.44237,4.56161,4.63618,2.88791
4.32066,2.1564,3.69617,4.56238,1.52886,4.15693,2.94751,3.09578,2.90987,4.05152
5.95625,3.58665,3.95536,3.24504,1.75837,2.64599,2.57174,6.32227,5.22636,3.58913
3.91552,3.34194,1.83263,4.14277,2.53996,4.7908,3.31124,4.40253,4.19889,3.84505
5.00579,3.183,6.23861,4.05363,5.67129,4.38765,0.502649,4.15609,4.48555,3.16688
4.98377,3.66537,3.13908,1.61947,3.70509,4.97876,4.55607,1.58337,4.16658,4.82901
2.73004,3.04371,3.82537,4.32844,3.53848,3.80082,2.48352,4.54426,4.681,1.71947
6.14253,4.82723,3.03452,3.45134,3.16887,3.15656,4.82828,3.90974,4.13742,3.50324
4.60392,4.1669,3.6162,3.25552,3.54133,4.60108,5.18897,4.6326,3.82681,2.90966
4.50144,2.6982,3.70273,3.32404,3.03247,4.34623,2.82373,4.72979,4.06283,1.96018
4.38127,3.52672,2.86363,5.64706,3.01192,4.55545,5.35411,4.79308,4.08861,4.85304
4.40433,4.89458,6.24923,3.30653,6.68881,3.70531,3.34502,3.75416,3.155,4.29722
2.3563,5.3223,4.60587,4.38967,5.70169,3.43495,5.26361,3.79856,2.52069,3.69434
5.56717,4.32624,5.49114,3.22984,5.67029,2.46166,4.01767,2.07276,3.68398,5.05699
2.15831,2.99751,4.2609,3.49695,4.76457,4.32024,2.54757,4.35322,2.6196,4.41065
1.87656,2.88338,4.95579,4.76305,4.26351,3.5609,3.2715,5.05978,4.36332,3.22201
5.32396,3.23757,2.65499,2.46496,2.93749,5.03916,4.53626,4.97978,2.25715,4.26407
3.72256,4.03197,4.24985,4.05959,3.48343,4.91792,4.1442,4.25153,1.79489,3.49518
4.02824,3.62438,4.32284,3.87235,3.40222,3.97323,5.21283,3.36306,4.52359,4.15062
6.59126,1.12606,5.50142,4.84022,5.18825,4.32378,3.1059,5.57913,3.41907,2.6035
5.16408,5.47976,5.09861,3.7782,3.41907,3.0655,3.02446,4.74425,4.66272,3.97021
3.72371,4.19314,4.0842,4.74418,3.89936,3.52864,3.25801,3.46217,2.77787,5.44255
6.26573,5.26354,4.65011,3.69001,3.16685,5.61742,5.02154,4.1413,3.47702,4.40388
4.69621,3.67654,2.49155,4.32812,1.11486,2.3755,4.53241,4.6376,3.79021,5.36479
4.52224,3.83362,5.13952,4.09749,2.55001,3.62158,3.35141,2.65578,2.19671,4.6783
4.38533,3.51254,4.67849,3.67267,3.94451,3.80925,7.16293,3.2168,2.00808,4.09866
3.88506,2.95141,3.17391,4.39765,4.17353,4.50393,2.65202,4.05196,4.61609,2.94828
2.49677,4.89412,2.03369,3.50432,3.30537,4.84446,2.34966,3.16954,3.96432,6.18197
2.01259,4.78706,5.13439,3.60181,3.0177,4.50482,3.71984,4.05055,3.49397,4.0135
4.0957,2.47954,3.76632,2.81914,2.04744,4.33895,4.11043,1.61609,4.60644,1.62259
3.86657,3.70548,3.0117,3.36164,2.07222,4.9006,4.63611,2.90952,3.98605,4.97778
3.02956,5.02475,3.50065,2.77249,5.32319,5.20114,4.08727,2.80069,3.91082,4.10811
3.61314,3.054,4.44874,3.32971,3.01261,4.86386,4.14953,4.55814,2.1765,4.5431
3.77455,4.71514,4.07784,3.11795,6.09027,4.28383,4.09517,3.07219,3.98177,4.19422
4.38409,2.98722,3.73522,4.86743,4.51808,3.70376,3.82931,2.92461,3.0692,4.88336
3.17483,2.84705,2.32264,4.03684,4.24244,4.83307,4.1476,4.85565,5.45205,3.88714
4.83249,2.90233,4.67968,2.92239,3.13421,4.21375,3.31226,3.23767,4.48355,3.64302
5.6455,5.52647,4.73861,5.69782,3.46156,2.78645,5.8584,5.66423,5.70183,3.5674
3.74466,2.20346,3.79843,4.24595,4.34472,1.45847,5.18001,4.32303,3.97458,3.54752
4.04576,3.42352,2.47167,5.48071,5.21788,5.00824,3.78649,4.98851,5.13737,3.91107
3.98926,3.32199,3.61425,2.19241,3.7627,3.76147,5.06467,4.97228,4.2652,3.45566
5.38599,4.43822,2.57735,4.56813,4.33715,5.76665,4.06207,6.36632,4.64034,2.83028
4.33081,4.89919,3.50887,3.30407,2.85432,4.82888,4.34036,4.07071,3.6047,2.48461
4.46852,2.33442,2.82625,3.77709,3.62867,4.0911,4.66846,3.35028,4.08174,3.79538
4.77144,4.82354,3.71144,3.36556,4.9425,3.67822,5.77492,5.08747,6.0939,5.08595
3.91708,3.11024,2.496,3.13613,4.82267,6.42142,4.24725,4.09708,4.33254,5.05928
3.1003,4.6561,3.30759,3.20372,4.4639,5.00682,3.94189,3.13472,3.84103,5.00486
4.40557,6.08091,4.77065,3.91734,4.64213,5.55069,3.16433,2.73529,3.28097,6.10103
3.78796,3.8725,4.42422,3.61194,4.36546,5.50153,2.9145,4.58056,4.19766,4.46955
5.75021,3.26376,3.94209,5.43426,1.84788,3.50856,4.48027,2.53592,3.97737,4.3955
3.90507,3.64952,4.95606,5.01927,5.05962,5.84087,3.35261,3.3238,1.78822,4.25791
3.72514,3.33241,3.80023,3.39366,2.77237,5.52212,4.36332,2.02096,3.5107,5.6329
5.09798,2.89098,4.49324,3.86869,3.81521,4.29429,5.27536,2.62186,3.38239,4.42172
5.18552,3.9293,5.40903,2.83238,4.20943,4.31266,4.55747,5.24101,4.42931,4.80945
2.59913,1.38087,5.52766,3.18801,4.92011,4.30868,3.54762,5.74196,3.98301,4.03111
5.89665,4.59985,5.45733,2.84659,4.32944,6.17543,5.22229,2.611,3.69003,5.39515
2.14472,4.46697,2.65293,4.96054,3.33764,3.90744,4.42999,6.25153,4.12843,4.5147
4.30857,4.11654,5.09356,4.69357,4.07916,4.95329,3.76731,3.69921,4.85621,4.20043
3.32889,3.19886,5.10612,1.70975,4.79856,4.12947,2.21193,4.10928,4.29736,4.90775
3.50559,3.85091,3.84066,4.50822,3.92083,7.04585,5.21955,4.07598,3.21261,3.52814
3.8739,4.34816,4.90699,4.49011,4.98652,3.13645,5.45402,2.97582,5.30604,3.7883
3.96995,2.58164,5.48342,3.98823,5.57078,3.76597,4.78291,6.59399,4.61779,4.57815
4.44766,3.61146,4.6533,5.64094,3.83476,3.56137,3.54116,4.98852,4.43689,3.97512
3.80987,4.69839,3.46638,5.51779,5.76187,3.85181,5.0365,4.45963,4.81376,3.40252
4.94313,2.00857,4.4403,3.30866,4.46352,5.57042,4.65818,3.04236,4.86473,5.21923
3.88597,4.47106,3.91235,2.89541,4.60227,5.20292,4.43119,4.40496,2.18738,3.18289
3.60856,2.43731,5.65336,3.67003,3.30838,4.30784,2.90277,2.66601,3.56887,3.27317
4.25316,3.57645,0.785182,2.69645,4.1427,4.87665,4.92392,4.43686,2.69833,5.44135
3.96512,4.81017,4.56997,6.03306,4.75718,4.85625,3.73854,3.60227,5.11491,5.19949
4.3394,5.04228,3.25615,4.07685,4.83835,3.49718,1.57079,3.20142,4.16331,3.43639
6.22161,3.55325,4.08632,2.10261,3.48541,4.72801,5.75294,4.82746,2.55834,3.80612
2.97065,3.6724,4.63261,6.81342,4.04537,5.50499,4.76487,3.41442,3.94433,5.19124
4.32809,3.16325,3.98561,3.38422,3.95833,3.41303,6.03317,4.86509,5.11031,3.56487
3.334,4.00186,4.42817,4.64333,3.80386,2.35834,4.26855,3.61541,3.23901,4.30742
4.53775,2.61853,4.61892,3.71059,1.91722,4.00277,3.57465,3.42582,4.04716,3.64629
4.96036,5.3961,3.04483,2.41467,4.48055,3.2403,4.60586,4.9929,3.16096,4.02249
3.6908,4.16811,4.05476,4.75076,5.59412,1.60562,3.02448,5.42741,4.22822,5.03799
2.5226,4.95968,1.79688,4.45969,4.73645,2.85917,4.26806,5.64901,4.11756,5.16721
2.82073,4.36986,4.34994,5.62253,4.68781,2.90473,4.40783,2.5773,4.841,0.964424
3.74029,3.093,3.66814,5.72853,5.14832,6.46415,4.57173,1.41651,4.37517,3.41249
3.52257,5.16963,2.17505,3.07674,4.54479,4.2899,2.97715,3.03304,5.12447,4.06287
5.34975,2.9013,4.00444,4.17789,1.69099,5.00631,4.31595,2.86293,4.7167,1.83878
3.6616,4.35539,3.98446,3.98937,4.8568,6.05106,4.35118,4.40897,4.0136,3.69576
2.67059,4.90428,3.85981,5.13342,3.83734,4.73045,4.41214,4.11287,2.37156,3.24232
3.16231,3.08067,3.31986,3.59209,3.8381,5.11695,4.16347,2.63856,4.54918,3.73754
3.74358,3.53756,3.71991,4.77438,5.84899,3.03535,4.32221,4.32568,4.44627,3.77856
5.17967,2.1843,2.64635,3.7427,3.05639,4.45304,3.82025,3.13933,2.90587,5.51911
5.28738,1.41197,4.13039,4.70216,4.07334,4.79928,3.27868,2.97147,4.68258,4.04255
3.91247,4.63527,2.99438,3.89803,4.13927,4.25325,5.96457,4.215,5.61935,4.27138
5.55066,4.22267,4.47645,4.86773,4.08629,4.30275,2.25435,4.67896,4.37423,2.3111
4.80717,4.96489,3.85427,4.30018,3.7122,3.60278,4.60056,1.30447,3.15992,4.14324
4.95167,4.23175,4.06995,3.70496,4.76627,4.1246,4.20179,2.87374,3.47848,3.78156
5.02012,6.61123,6.11553,3.25851,3.95314,4.37272,2.9181,2.80691,2.85502,1.20323
5.04447,4.36969,1.96742,2.55438,3.87717,5.21327,3.50324,3.95641,4.7625,3.26625
3.64293,4.95696,2.94558,3.97784,6.18633,5.3136,4.27188,3.45293,3.43501,3.28531
3.10742,4.61542,3.90723,6.48965,3.56841,3.7201,3.68124,4.31294,4.01552,3.75618
3.20225,4.07765,4.04154,1.75571,4.84376,3.8381,4.39146,4.09148,4.90037,2.46577
4.42091,3.13141,4.03054,5.09559,3.12205,4.18412,4.58245,5.71824,4.40799,5.0135
3.3571,3.94841,5.28072,5.9592,3.26065,4.48124,2.48113,2.90931,5.23173,3.5737
2.07694,3.96127,3.57454,3.28793,5.08153,2.28301,3.81058,4.37212,2.86309,4.96299
4.55175,4.67488,3.88346,3.58953,4.67378,3.12004,3.76595,5.18903,5.94435,3.23174
5.6397,1.9766,5.79699,3.2779,3.51135,3.51872,4.84156,2.91077,4.38822,4.73411
5.62016,4.66535,3.34821,4.28109,5.513,6.60507,1.14891,3.65047,4.15895,3.37489
4.5614,4.829,4.93594,4.19945,4.18462,3.5077,3.30007,2.39774,4.46223,3.50424
3.69523,3.52623,4.47784,6.15386,5.0425,3.76255,4.06821,3.60292,5.27032,4.2885
4.63325,4.39505,4.73491,4.34854,3.48103,3.61555,1.94455,4.36092,2.67941,3.27601
4.61825,4.36215,3.63991,3.01882,4.66335,4.08502,3.43837,3.97443,3.72765,3.79458
4.3079,2.1246,4.57042,5.41733,3.69099,4.07026,3.53658,4.74152,4.174,5.29981
2.8082,4.32806,4.12973,5.06362,4.63996,2.82529,6.31521,3.05731,3.69769,4.5993
4.60412,4.94556,2.35571,2.80772,4.41242,3.19939,4.20458,3.75233,4.32355,4.79585
3.87192,2.05412,4.59865,2.56767,4.02553,4.16547,4.89787,3.91966,5.2887,5.39897
4.44107,3.85095,3.0148,4.82985,3.63277,4.90405,4.52816,5.539,2.12188,3.30019
6.05318,4.02322,0.722438,3.71376,3.79808,5.34371,4.49968,5.54603,3.2634,4.26168
2.49306,3.20064,4.0438,2.29264,4.09849,5.06482,4.36834,4.65342,3.82556,3.71649
4.16179,2.73538,5.18863,4.26309,4.13041,5.45915,4.48869,7.58931,2.47891,3.00694
2.95958,4.26776,5.17899,2.29204,4.69316,3.99955,3.68873,3.39338,2.41542,3.96728
3.62268,2.69681,5.75527,4.77236,3.49395,2.5757,3.2092,3.37355,4.11607,2.76745
4.10915,4.20564,4.61498,3.014,3.86501,2.37161,4.13713,4.06447,3.33047,4.76836
3.34595,4.51708,3.91547,5.10797,5.97392,3.99846,1.48122,4.59758,5.55124,5.07436
3.42413,4.25954,4.18338,5.40063,3.43319,2.88358,4.11551,4.45786,5.02559,5.22033
3.16314,3.63758,4.12126,4.64444,4.85683,3.83876,5.08969,4.66727,3.9833,3.6432
4.80207,4.60349,5.68992,3.62547,2.53868,3.60329,4.39302,4.77336,4.15138,3.45397
4.00971,3.86576,2.8069,4.49856,3.03417,3.92303,3.46285,3.80696,4.38653,4.71758
4.86737,3.26748,3.41464,4.18318,4.73977,3.25746,4.61603,3.01828,4.34551,4.90023
4.23062,2.13019,2.67254,4.86298,4.78239,3.01725,3.76456,3.02766,2.33235,5.61421
4.40514,3.36289,5.09122,3.10958,3.81961,3.19581,4.82621,4.65683,2.5248,4.75086
4.83021,3.15661,4.50538,2.59299,3.11561,1.93957,3.46083,1.92617,4.63313,2.40544
2.50784,3.31312,4.30503,4.47055,5.3425,3.64561,3.99183,1.84701,3.61611,3.79784
6.10501,5.27233,3.06313,4.21933,3.92216,3.61304,3.98527,4.52727,5.50245,2.80905
4.22303,4.26677,3.80692,5.49581,4.63221,3.45166,4.78778,3.73762,5.92242,2.66985
5.29629,2.81919,2.46115,4.19532,5.03255,6.19502,5.22055,3.11619,4.15303,4.3896
2.17944,3.83633,3.03477,2.47224,5.14268,3.90815,5.02434,3.68725,3.79911,5.18502
5.05917,4.14292,4.57754,5.40797,3.78022,5.89345,2.84676,2.94978,4.81283,5.62156
3.00141,2.68516,6.57788,3.18112,4.07274,5.2676,4.59547,3.86948,5.56634,3.60058
4.16644,4.15857,3.37181,2.71159,3.87193,2.65581,3.89794,5.0176,4.32052,3.873
5.18592,5.43263,4.66479,4.40158,3.69434,4.07968,4.5915,3.06463,4.38468,3.31919
3.12191,3.25599,3.32098,3.58125,3.05,3.62173,5.10349,5.75742,4.70553,6.26306
3.57474,4.11943,4.60947,5.88224,4.355,4.11551,3.74817,2.27865,2.26171,3.11747
4.09051,3.90729,3.92574,4.82469,4.21087,3.40199,4.23687,4.14829,2.78931,3.3035
2.49382,3.00979,4.56241,3.18419,3.77157,3.74703,3.42455,3.96334,4.74011,3.32231
3.20276,3.99948,3.47542,3.31571,3.97218,4.16601,3.91622,4.96655,2.71803,4.90924
3.45049,4.01306,4.06092,3.57416,5.97964,3.30638,3.96498,4.70883,2.95028,3.28441
4.31007,4.65641,5.15224,4.88626,3.76111,3.5878,5.10613,4.40199,2.92056,4.64733
3.57236,4.34878,3.46549,3.41649,3.37499,5.79058,2.34166,5.06909,4.50732,4.40147
5.07698,5.63579,4.23043,4.17792,4.18724,4.40451,3.97754,4.39274,2.80418,1.70603
5.12633,3.06373,3.21081,4.64741,4.06843,5.03344,5.83864,2.16214,3.63518,5.82688
4.16897,4.24789,4.31664,4.98281,3.6461,3.92331,5.14464,4.70116,3.04504,3.34083
4.15282,4.47701,2.2185,4.67433,5.15582,5.32862,5.24932,2.57556,3.78412,4.09335
2.96878,4.52296,4.77616,3.75257,1.92382,3.21213,2.11645,2.52659,4.57059,4.14702
2.2286,2.93257,3.99843,3.37853,4.03192,3.34215,4.29492,3.45553,4.15769,3.44594
4.63916,5.46204,6.69264,2.59115,4.35068,4.00947,3.07532,0.0556499,5.07514,3.62508
2.50319,4.11888,4.00894,4.586,1.42477,4.79419,3.27212,2.82976,3.19291,3.75363
4.8587,3.03956,4.30314,2.92026,4.90937,4.73628,4.50741,4.90206,4.56218,2.95184
3.17878,4.03627,2.21243,4.22884,3.48145,2.95727,3.13354,4.83876,5.25081,2.10671
2.53534,4.10015,5.84968,4.32933,2.88443,2.32531,4.94952,3.0272,5.05635,4.91748
3.02789,3.92403,3.60594,3.71595,4.09208,4.95236,4.05385,3.48037,3.56094,2.3181
4.11744,5.66737,5.13628,5.71505,2.17674,4.75391,3.13998,4.01385,2.83102,5.24232
3.90891,4.71848,4.39926,2.72718,4.37893,3.08732,5.26826,4.46254,4.01779,3.34398
2.80794,5.47114,3.14495,4.62135,4.43565,3.96983,5.52784,4.72875,4.29476,3.43582
3.16883,3.56088,4.08637,2.03381,5.09065,4.03394,4.81917,3.83574,4.06756,5.04464
4.57203,2.67528,4.95559,2.58599,4.47143,5.52988,5.08592,4.52295,4.43203,3.43076
4.08434,4.2861,5.12299,3.54543,3.34747,3.62988,5.27936,4.36741,3.37063,4.65088
3.95084,2.39898,4.10699,5.05491,5.227,5.45313,5.34993,3.62776,2.57846,3.53691
3.3377,2.11682,3.5087,3.74584,4.3493,3.97097,4.18359,3.7678,4.96664,2.65822
4.43761,5.11635,3.02211,3.29843,4.84982,4.76212,4.07861,3.12475,4.33056,2.72865
4.07357,4.92887,3.79961,4.87359,4.89587,2.3274,3.27643,3.91149,2.95622,4.17503
4.75426,2.43768,4.79477,4.08462,5.62808,2.35648,3.89911,4.89766,4.86137,3.56575
2.08212,3.14233,4.17902,4.32006,5.06297,3.59224,4.05647,5.12679,5.01915,2.16477
3.39186,4.81307,2.65381,4.83455,5.00918,4.09438,5.97765,3.63902,3.36949,3.31158
5.14491,2.08122,3.54356,2.57593,2.94427,4.37828,4.13413,5.68962,4.76157,5.83165
5.56185,2.93659,3.71654,4.29644,3.6121,3.26555,4.30302,3.01722,3.59183,4.54739
4.2898,4.97721,4.38471,4.55395,4.06375,5.87457,5.53386,4.45516,4.51866,3.76482
3.93099,2.51497,3.3418,2.42175,4.15147,1.27473,3.34549,1.71686,3.5992,4.63412
4.54834,4.24377,4.58949,3.30809,5.23779,4.99386,3.74889,2.62322,2.97507,3.12909
4.84689,4.31373,5.13581,3.71825,4.04457,4.16456,4.32897,2.92128,5.49815,3.74461
4.008,3.97405,3.39605,2.32465,3.91902,2.67023,4.69781,4.84516,4.09425,3.13669
2.89329,5.15703,4.78006,3.72,4.18442,1.84164,4.99273,2.46421,4.73704,3.91911
1.64793,2.88692,2.90381,5.73758,3.18765,3.50956,2.24681,4.24457,5.05976,4.75329
3.53549,4.70654,2.38206,3.8662,4.50088,4.41999,4.58607,3.43142,2.38615,3.47251
3.35823,3.6807,2.32027,3.19793,3.46432,4.75136,3.94654,3.45965,4.18131,5.47706
4.47913,3.48438,3.79034,4.8863,3.43556,4.51514,3.69886,3.48492,2.16398,4.42533
2.06089,3.25382,4.128,3.24691,3.67983,4.60715,4.03399,3.03304,3.30309,5.61062
2.74969,4.14302,2.40994,3.86255,5.5437,1.29072,4.50938,3.19789,3.85059,3.6729
4.29967,3.29531,2.85299,1.84108,5.00095,5.04936,2.75757,3.88198,3.99048,4.91046
3.04202,4.29465,4.43019,4.12719,5.67982,5.18837,3.55249,4.06177,4.99368,3.56743
4.90124,3.05128,3.33403,4.90668,5.62,4.25893,3.0487,4.11447,5.65637,4.84419
1.18622,4.11296,3.8349,2.4994,1.46771,4.11014,2.95492,4.75896,2.7411,4.83168
3.13014,4.26353,3.3052,5.1476,4.27258,3.36553,4.80818,4.13033,6.14709,4.17574
5.08063,3.77294,4.61969,5.30203,5.38464,5.46709,4.76879,4.69597,3.15691,3.54717
4.50015,4.74668,3.52244,3.4345,4.35437,2.39519,5.60752,3.71667,3.72894,5.31712
4.54781,4.28566,5.82953,4.39895,3.62134,3.96616,3.44922,2.77135,3.23321,3.8534
4.54776,2.30386,4.34084,4.30768,4.11371,4.0779,4.39398,4.42779,2.95468,2.8372
2.87545,3.17956,4.12567,4.59985,4.18822,4.78969,2.77371,5.00905,4.60355,2.74816
7.33563,5.58857,6.10856,2.79456,3.509,4.86479,4.06496,5.49132,3.6248,4.57337
4.22534,3.12731,4.25878,6.25883,2.92328,4.4969,2.08474,5.57059,4.3955,4.79441
3.53764,3.77825,3.10642,3.20479,4.44541,2.9943,3.926,4.00622,2.66084,3.52765
4.50855,5.65055,2.59013,4.99847,3.39893,4.95941,4.79456,4.99047,3.65362,3.47251
5.57537,6.65296,3.64596,4.04949,4.45544,3.2671,3.57651,3.30094,3.46424,4.70466
3.62052,3.85173,2.89459,4.56387,3.9294,4.4671,4.66924,3.30898,4.20446,3.08711
4.41122,3.56342,3.49295,3.77027,4.41249,2.38065,3.70472,4.34047,2.53732,3.59002
4.33461,4.98289,1.64378,5.01773,4.76005,1.9594,4.64588,4.50511,4.8167,5.66355
3.65082,2.55091,2.81517,2.97298,2.72532,5.97785,4.00542,3.86469,2.35813,4.73825
5.76346,4.49817,2.73451,1.97785,5.72972,3.90209,4.34516,4.45479,3.57768,3.89842
3.84655,5.1871,3.85894,4.23635,2.75009,4.69422,3.51851,4.96152,4.55492,3.58582
4.01508,3.21364,3.9852,4.08418,5.00998,4.88511,4.19173,3.24608,4.66787,4.26865
3.86957,4.20594,2.7303,3.27946,3.99062,3.42645,3.13124,2.69332,3.75348,4.38464
3.96215,1.85573,4.52155,4.76933,2.18559,4.82058,4.5944,2.71144,3.3266,3.65487
3.64886,1.84685,2.80609,3.36239,4.35772,5.59138,4.7022,4.15785,4.72675,3.4366
4.34428,4.30851,4.46312,3.98507,4.80062,5.53253,3.42786,3.21275,4.61058,2.61335
3.02529,2.65152,4.48368,4.66698,2.77074,2.5954,4.01122,5.01881,3.83932,4.34529
6.19958,3.76652,4.35531,2.77493,3.75991,2.211,5.12922,3.44176,4.84279,4.04019
3.35744,2.67411,4.06511,4.50732,3.99338,4.49549,3.4608,5.18089,3.30428,4.88531
2.69034,4.76383,2.92323,5.13116,4.47845,4.47866,3.07774,3.93935,3.24824,4.01084
1.8571,2.90553,3.31476,3.56606,4.24525,2.02253,4.7058,3.52,3.24674,5.55758
3.82662,4.15441,3.01655,2.63375,2.24315,5.14816,3.40821,4.91316,2.88809,3.64614
4.63642,2.64843,4.63889,5.68023,1.81613,3.71689,4.08838,4.97356,3.40152,1.98368
3.25425,3.31147,3.29141,2.97975,2.68631,2.68933,4.88912,2.9108,4.14443,3.38632
4.17104,4.08908,3.9493,3.36267,4.60803,3.01334,3.46829,3.23856,3.61528,6.6765
1.99597,3.37159,5.03711,5.18116,3.70482,4.06009,5.00419,3.75527,2.8631,2.70888
1.49585,3.55668,3.64518,2.60529,4.49237,5.45165,2.00615,4.11693,4.37178,4.02809
5.31389,4.37529,4.4111,3.46842,3.59272,5.04011,3.60965,4.63355,4.31647,5.29107
2.88655,4.37749,3.28861,3.99011,4.08897,1.67082,3.75331,5.12878,3.99129,2.31525
5.83631,5.05188,3.85385,4.50041,3.963,4.36466,3.60152,4.62732,3.06151,3.03978
2.72881,4.52558,4.38246,5.08542,3.65016,4.96323,4.34359,3.99494,5.05679,2.70027
4.64866,4.97639,3.50751,3.83371,4.05069,4.96382,4.27469,3.90975,3.54759,3.25882
4.93752,2.9913,4.06834,5.00033,4.92124,5.56567,3.84886,4.09028,3.11932,4.74968
5.35307,4.92081,4.17119,3.90094,4.79122,3.71756,3.84724,3.94285,5.17094,3.21841
2.59452,5.1701,3.04867,4.24054,4.35204,5.03974,4.08057,2.0097,3.86638,5.04108
4.59577,5.14989,2.49519,3.11171,3.91419,2.93192,6.01528,2.84232,3.94198,3.87839
4.62027,4.66788,2.25133,3.87219,2.73449,4.30148,4.47015,4.10546,3.93752,2.90032
3.10306,4.58161,3.88322,3.99168,1.53245,4.32547,5.18124,5.374,5.25076,2.34565
3.80811,3.61993,3.00884,4.00657,1.82335,2.45311,4.31843,4.21152,3.89568,2.60329
3.52383,2.25484,4.90629,5.83457,4.03419,2.72681,4.80888,1.74771,4.9433,1.68241
4.46791,2.1329,3.57917,4.81559,4.76258,2.54727,3.93629,4.38733,4.05862,3.26953
3.3868,4.60389,3.34738,3.14828,6.30121,4.85689,2.73742,4.58151,2.42027,3.59126
4.34853,3.91203,4.07417,3.61134,4.46219,4.03422,3.7301,3.7367,2.58099,3.59846
5.15022,5.92944,3.78936,2.63683,2.7441,2.94611,4.50334,1.91646,3.78564,5.50221
3.15035,1.98875,5.59548,3.79387,3.25748,3.52948,3.99502,3.14897,7.08682,4.23233
2.96945,4.08339,4.41749,3.65064,4.62344,4.59822,4.44709,4.41945,4.22127,4.53842
4.01469,3.44446,2.78072,4.18138,4.48223,4.30749,2.22798,4.08298,3.48683,2.83268
4.41211,4.33881,5.44298,3.53746,2.6769,4.11519,3.99979,4.50873,3.05531,4.83792
2.35564,3.65358,4.71955,3.30913,5.59043,3.04054,3.6382,4.30676,5.09527,3.23208
3.72511,5.46948,2.26543,4.23039,1.65833,5.00319,4.19197,1.45451,4.29485,2.32183
3.49759,3.64498,3.93831,3.95931,4.51667,2.87082,4.62963,4.25719,6.16826,5.44561
3.27261,5.56876,3.84964,3.37168,3.90608,1.39365,5.09651,3.87401,4.31065,5.12183
4.41985,2.82153,5.40103,4.45462,2.80511,3.89088,4.8198,3.51381,5.48365,5.08027
5.46463,3.95163,4.56251,2.53871,4.63289,2.92547,2.81082,5.15532,5.64276,2.92054
4.3401,5.01694,3.6919,2.35867,4.72462,3.83723,4.16041,4.12494,1.48524,3.96672
1.93304,4.54839,3.71513,4.7687,5.19189,4.57201,6.24039,5.34217,4.82562,3.85388
5.04098,3.92383,5.5394,3.17965,3.6367,5.02014,3.26097,5.08206,4.05352,3.50981
5.66716,2.68573,4.65608,4.64527,4.25604,3.85783,4.21985,3.37577,4.4022,3.8131
3.73408,3.773,4.34531,6.0799,5.2239,4.09168,3.40372,3.36666,3.49656,4.77668
3.87582,3.83718,3.47826,5.65946,3.33325,2.42612,2.97227,3.82998,3.72122,4.02616
3.90208,3.14135,4.42097,5.50071,4.59602,3.16954,5.42777,4.0893,4.54078,3.55145
4.62855,4.8439,4.51714,5.61038,3.65517,2.8447,4.53235,2.5809,4.61207,4.39471
2.09584,3.47806,4.38058,3.60254,3.9008,4.23224,4.24063,3.84887,5.56287,4.3855
2.53897,3.50657,3.86638,4.30709,6.0044,3.87477,4.30686,4.02093,4.32668,4.32594
3.37067,3.85474,5.27573,5.27215,3.66079,4.75304,2.61887,4.15241,4.37115,4.47977
3.22276,2.83287,4.81045,3.73033,3.98234,5.37739,4.71596,4.21437,3.72294,3.97879
5.6826,3.96227,4.55481,3.88092,3.07573,4.38655,3.42346,2.75952,4.22847,3.48327
3.37678,2.75823,2.50477,3.46127,5.02097,3.52575,4.00409,2.11554,4.54748,4.90283
3.26391,2.36965,4.93116,3.24301,6.15052,3.25798,3.23356,3.31486,4.78149,1.92961
3.08413,4.96306,3.82965,1.92576,4.80902,6.01813,3.2642,4.11227,5.10741,4.51199
3.06942,3.35464,5.43626,5.13382,2.99633,5.94048,5.07052,3.47245,3.77835,3.25828
4.88078,3.40275,3.04743,3.5715,4.46517,4.02427,3.61175,3.40816,3.57799,5.77794
4.72604,3.42769,3.68398,3.16325,2.75415,4.00996,2.70326,2.60559,4.96814,4.11151
5.05207,3.66482,6.44734,4.30653,4.38605,2.6785,4.63003,6.04626,2.96961,3.47801
4.02576,5.32248,4.24456,3.8174,3.0495,4.76675,3.3261,3.6366,5.10556,3.56277
3.31438,3.51924,4.27805,3.76731,3.5977,5.16331,3.23087,4.95573,3.47132,4.31245
3.71627,4.16214,3.582,3.93045,6.85268,5.0239,3.89119,3.83816,3.25568,5.00672
3.76158,4.34772,3.8174,3.56809,5.10962,3.95521,5.15362,4.79567,2.66446,4.49854
3.49753,4.30817,5.30062,5.24684,4.6582,5.70035,3.96141,3.14432,3.68459,4.92522
3.94611,3.96013,5.0421,5.46293,4.02962,4.15234,4.50651,4.22453,3.45926,4.43528
3.7048,3.18036,4.07773,1.83328,5.24486,0.84908,4.03719,3.78069,5.20812,4.95939
4.56464,4.56663,3.5911,5.02341,2.87708,5.48861,6.2565,4.60119,4.77307,2.75336
3.82295,4.93262,3.97305,4.84016,5.00831,4.75923,3.90406,3.51016,2.73551,4.63801
5.17509,4.29622,3.3833,3.19029,5.45874,5.43437,3.56963,3.61418,4.28315,3.16966
4.49342,2.30461,3.26235,4.46758,4.86495,3.58331,4.01908,4.61471,1.85947,4.23687
1.58098,3.04042,3.30192,4.27585,3.00004,2.48417,3.66275,3.66689,4.60557,4.94375
5.99268,5.67134,2.91658,3.71165,3.52982,3.13748,5.20689,1.76312,3.90006,5.37338
2.63845,4.35461,4.7922,4.55132,2.55862,2.12562,4.75346,3.52053,5.31605,4.90963
4.34937,3.82991,4.72139,2.80729,3.75081,2.04165,4.33276,3.60561,4.55144,5.75977
2.97751,4.3782,2.67255,4.05808,5.75503,3.80853,3.82502,4.67463,5.28124,4.82532
2.9712,2.01666,4.43652,2.71432,3.9718,2.56241,3.46923,4.65653,4.35822,4.63928
5.55987,4.80287,4.59537,4.40343,3.07786,5.87098,3.73415,4.26618,4.74198,3.4683
2.78346,5.07492,2.68085,2.80934,3.77467,3.93711,2.79886,4.47094,3.81357,5.73361
4.29127,4.43133,3.9849,4.01851,4.1861,4.85113,2.95666,5.60309,2.72728,4.90487
3.05499,5.07573,5.94064,3.75003,3.55924,4.51504,3.03231,4.17352,3.288,3.74713
3.67247,5.44834,4.31445,4.90344,4.28863,5.21327,3.73901,3.86005,2.03743,4.41183
4.71466,3.73665,3.45523,4.0481,3.05732,4.26517,3.62823,4.65856,4.29462,5.3241
3.53151,6.9727,6.19461,5.77179,4.72883,4.18305,4.55749,4.05397,5.25334,4.01298
3.71909,4.436,5.77849,4.77901,3.6665,2.75168,4.3416,4.85067,4.13141,3.19186
5.07179,2.81365,3.73316,4.48741,4.59996,4.1554,2.68995,4.26169,4.47194,5.43557
2.9627,4.7922,4.88083,4.84202,5.42414,5.73376,3.7966,3.18066,3.95109,5.38006
4.68643,4.34465,5.22658,3.8347,5.47396,5.25937,3.32129,4.87385,3.18361,3.97271
3.0986,3.12735,5.62212,3.83259,5.24427,3.41448,4.43839,2.68724,4.68866,3.57844
4.26747,2.36214,2.91151,3.94342,3.4405,3.24946,3.85324,3.78488,3.23219,4.20991
6.659,2.78846,3.65837,5.01995,3.88199,3.94677,3.8849,4.8435,2.50874,3.57609
4.7088,4.01187,3.61877,2.86733,5.24344,3.6289,3.49343,3.88458,4.67647,5.24053
2.40467,5.88738,3.27582,4.43169,3.86361,3.15828,4.1563,3.7171,2.36417,6.2243
2.62803,4.022,3.65228,1.63621,4.82149,3.30014,5.61582,4.58554,3.46586,4.89789
3.39494,4.93684,4.08769,4.9065,3.46519,3.79663,3.88985,5.25897,4.60467,3.30151
3.95974,3.82325,4.95473,5.58796,4.82672,4.64199,4.53242,3.48999,3.24805,6.05298
3.36242,4.5474,5.24296,5.63241,4.37002,2.79351,4.98577,4.58313,5.49404,3.81887
2.22462,4.32016,4.52083,2.37417,3.94043,4.7124,3.18381,2.68902,3.46414,4.11426
5.55423,3.19427,2.11224,2.83392,5.22842,3.5524,3.91872,3.94763,6.09245,3.55006
4.46157,2.86718,4.85473,3.96663,4.1688,4.60706,4.72248,5.7353,3.07709,2.53062
4.44732,4.17226,4.68053,4.28273,4.78306,4.2536,1.72839,4.12516,3.71461,4.17776
3.57401,3.72747,5.56835,4.77482,4.13559,3.26795,2.89562,4.66191,3.11709,3.41976
5.34371,3.51015,2.85627,4.99707,3.09506,4.70798,3.82868,4.17202,3.32628,3.14015
2.085,3.65558,2.05606,5.28491,3.25323,5.04784,4.18384,2.9937,4.09701,3.8815
3.56432,2.29877,4.33417,4.46691,3.34261,5.39309,5.51569,4.7315,4.03749,3.35155
4.33996,4.39107,3.49649,4.47178,5.25405,4.15017,3.06553,3.11682,3.49271,4.20005
2.99632,5.27066,4.43965,3.48448,4.33517,4.71144,4.69756,6.33933,3.99801,3.86534
4.65868,2.25819,3.41613,2.34218,6.2992,2.87663,3.45945,4.24602,5.6984,5.26618
3.86855,2.78905,3.38548,4.03692,3.47433,4.82127,4.63225,4.22677,3.12169,4.09244
4.20996,2.90199,4.81163,4.22045,2.2132,2.83755,4.32426,4.27107,2.78492,2.75195
3.02951,5.00465,4.71312,5.00229,5.23494,3.5983,3.61836,3.73484,3.01424,4.57214
3.06828,1.47057,4.61733,3.85657,3.27044,5.50609,2.86966,5.04566,4.36311,5.31775
3.93784,3.07652,3.88446,4.57625,4.26094,3.91292,5.93807,3.91713,4.51143,0.830507
3.27524,3.14016,3.08446,3.78562,3.76417,3.60182,5.08009,3.07207,1.64143,2.86157
4.11397,3.12694,1.90289,4.88337,3.78122,3.09995,3.70084,4.15613,5.73356,5.35027
5.31477,4.93166,2.65918,4.07968,3.54709,3.1271,4.20813,2.61293,3.55961,3.9124
4.03448,4.55968,3.74185,2.73721,3.687,4.9427,3.86895,5.01677,3.99083,4.8184
6.08449,3.13316,5.54656,4.57409,4.64881,5.22645,3.73611,6.46373,3.92309,4.2907
4.16648,4.86239,3.45856,4.07392,2.78388,5.3761,3.1348,5.22435,2.10733,5.06098
6.92823,4.32371,4.68241,4.83305,2.89603,4.65855,3.26704,4.47853,3.96379,4.68602
2.95332,4.24101,4.69733,3.60492,3.43162,3.92754,5.4416,3.97928,2.13896,3.74054
3.28201,3.37474,4.01485,5.11216,3.28602,2.51665,4.01914,4.52661,3.72453,4.35644
2.63963,3.03783,3.346,6.02741,4.55358,5.8518,4.73027,3.18531,4.11799,3.11713
4.48128,4.19893,6.25945,0.96629,4.41703,3.81122,4.72636,4.53754,1.99876,4.35665
5.39259,3.02594,6.6798,4.80254,4.16841,2.97689,3.64345,4.39548,5.43846,3.94697
4.42776,3.87176,5.19531,3.09836,5.15866,5.87337,3.72103,1.59406,3.35965,3.10685
4.24284,4.03268,4.54849,3.88408,5.21802,4.11789,4.66322,3.01982,3.38391,4.9063
1.89486,4.96981,3.95357,3.81835,2.80024,3.72119,3.58067,2.17893,4.22641,5.18135
3.71909,3.77919,2.2498,4.07864,3.65378,2.66526,4.15255,3.74689,3.57461,4.67872
3.82372,2.98979,4.43746,4.25786,3.41367,4.97505,5.35007,4.41661,4.52079,3.56403
3.33132,3.32184,2.93635,5.08253,2.22533,4.12371,5.77066,4.46236,2.66814,4.85049
2.96181,4.02078,4.02119,3.98986,3.34077,4.41405,3.39112,4.76801,5.98975,2.95812
4.67963,0.748747,3.78497,3.92634,3.65903,3.71372,4.64341,6.00043,4.53711,4.01755
4.64697,4.92085,2.73589,4.93394,3.11245,3.48157,2.43288,3.3227,4.45201,4.93766
4.5719,3.4474,4.23174,3.36885,2.89563,5.49648,3.82041,4.17505,4.59406,5.86653
5.35809,4.4813,3.43774,5.2458,4.42931,1.85882,4.40141,4.65747,4.11581,5.45306
4.25356,4.84007,2.94563,6.8125,4.51529,4.54978,3.98287,4.15034,4.1477,4.64747
3.98443,3.02204,4.1043,3.9109,3.8934,3.99696,4.57568,3.24848,3.15704,5.27104
4.13731,3.26318,2.57211,3.05772,3.38974,2.13508,3.75714,2.39879,3.30345,3.11922
3.75881,3.34829,5.51622,3.76077,3.05884,3.94785,3.948,4.41082,3.85172,3.82974
3.75208,4.66011,3.75257,4.27237,4.60936,1.73279,3.83492,4.3398,4.707,4.92378
3.16438,2.41845,2.55945,4.33307,6.22356,3.38444,4.11366,2.74029,3.29792,4.43044
3.57912,4.96329,2.292,3.87366,4.27882,3.90433,2.04227,4.09606,4.75715,2.58996
3.40262,4.0442,2.66968,3.372,4.56201,3.07742,3.0038,3.39226,5.08274,5.29715
4.08915,2.76701,3.17393,5.167,5.30063,4.52011,2.30547,4.41706,4.3871,3.22824
3.81164,4.36435,3.22306,5.06551,3.06965,3.32811,3.65631,5.26602,3.64077,4.57662
3.22338,5.26628,4.2763,1.85939,6.12176,5.06006,3.2758,2.5361,4.04692,2.85575
2.84146,1.63986,2.92024,4.92729,4.81649,3.54932,3.1751,4.73788,3.89108,2.8269
3.31551,5.07861,4.29079,4.13779,2.49876,3.18064,3.66634,3.26123,3.05903,2.69942
4.45719,4.13283,2.9818,3.36464,4.69784,4.9916,3.94307,3.27254,4.85461,4.53925
3.2666,4.09865,3.40823,5.14569,3.96837,4.01236,4.65615,3.94244,5.08028,4.13387
4.49261,5.65289,4.50509,4.54738,4.49483,2.51043,5.72111,4.30104,4.80801,3.81426
4.31557,4.25641,4.15814,4.65549,5.37574,4.9398,5.40041,4.68641,4.54788,3.88103
3.30991,1.93433,6.12434,3.12178,3.5014,3.88328,3.83489,4.99037,4.82851,5.63593
2.87544,4.53681,3.61167,3.83102,4.73419,5.39001,3.54803,5.15924,3.18923,4.37024
3.59668,5.21181,4.2681,4.73894,4.19891,3.71717,5.71089,4.17853,4.9399,5.03253
4.32863,3.56234,3.09413,3.02191,5.25088,3.76474,5.85087,3.94891,5.07969,2.5641
4.08192,3.41346,4.57147,2.45755,3.26206,4.66457,5.64869,2.80947,5.32645,5.1582
5.20623,2.95478,5.64375,3.7555,4.05116,4.69999,3.8863,4.54511,4.38819,3.88205
5.45885,3.52404,4.38991,5.78694,3.53457,5.48945,3.66632,3.99456,3.60506,3.57404
3.5758,2.50657,3.82702,5.43407,4.6536,4.74323,3.2325,1.83138,0.972202,4.2967
5.03297,2.86187,5.86499,3.72476,4.14083,2.68059,5.00826,4.76622,4.00188,2.75061
4.65498,4.36293,4.51183,5.43502,3.07407,4.43454,2.9189,4.67369,3.38931,3.54596
4.04678,3.42828,3.12483,4.7345,3.7083,2.23576,4.47525,5.3867,4.31721,4.98687
3.97223,5.00972,4.8422,5.14397,3.10269,4.65283,4.59373,3.53801,3.63665,4.13141
4.20594,4.16442,2.73467,4.22372,5.62208,2.47183,4.04901,3.87287,4.46766,5.71696
4.44755,4.53095,4.39233,4.30596,6.33292,3.61503,2.22622,5.20165,5.45356,3.99312
2.57039,4.90725,5.05043,2.29522,2.2625,5.43507,3.3116,5.54693,2.01034,3.2296
4.33311,4.67212,5.05282,2.4875,3.85898,4.13534,3.45102,4.52531,2.95181,3.80935
3.65799,4.16363,5.24708,5.16019,3.77828,4.04735,4.0287,5.39208,4.75023,3.36772
4.8459,3.83761,3.80514,2.42398,3.241,3.93922,3.6885,3.77403,4.46844,4.3748
5.74783,2.97415,3.78795,4.45608,1.14294,3.47163,4.76502,4.48755,3.62874,4.32956
4.21592,2.86234,4.77378,4.54916,3.6859,5.07796,5.14114,3.37303,4.02586,4.81025
4.09889,4.49536,4.71793,4.32309,3.87972,4.41131,4.16565,2.85762,2.45622,5.06642
5.20552,3.36188,3.97501,3.29523,2.39235,5.21739,4.14629,4.81457,4.97127,2.91231
4.30624,3.97649,3.10571,2.59562,2.96916,3.84381,3.76931,4.09026,4.63772,3.10944
3.46517,4.09106,1.75638,5.0779,5.71483,5.42783,4.3297,4.73936,2.86605,3.94998
3.50546,4.81826,4.57871,3.77121,5.22749,2.68621,4.59513,5.21782,3.66967,2.17352
4.87574,4.67771,4.32203,3.91993,3.36711,5.12558,6.09356,3.23926,5.55042,3.07853
3.56052,2.53154,3.92583,2.26465,3.58268,3.56779,4.06482,3.18268,4.06043,3.02147
3.69819,4.62602,3.51407,4.4953,4.06652,2.79967,4.0218,2.88599,4.41673,2.87716
3.00702,3.16001,4.57212,3.7609,4.35492,3.39332,4.6224,3.89959,2.75844,1.10762
3.04773,3.41284,3.82378,2.97912,3.80635,4.93502,4.42179,6.52767,4.82304,6.56104
3.13624,3.91095,5.33226,5.07547,4.20305,3.00687,4.54866,3.83494,3.83815,4.12855
4.62978,3.14789,3.8811,4.57526,3.50799,4.17659,3.55063,2.16354,6.29914,4.65005
5.03951,3.26561,3.45971,4.3391,3.81993,4.34296,2.83952,3.90181,4.1743,5.81875
5.21704,4.09124,2.46922,4.71625,4.98427,4.1848,4.88848,4.19903,3.98275,4.14443
3.06812,1.77697,4.02136,3.58323,4.79727,4.76681,5.64467,5.94651,4.84416,3.6329
5.88674,4.96052,3.83307,4.77002,3.49523,5.45273,5.10681,4.68561,5.65225,5.30685
4.65218,2.76194,4.33406,5.581,5.52041,4.258,3.35096,4.70465,3.62546,3.36359
4.56819,1.79542,3.40427,3.72599,3.83919,3.09336,3.60917,4.2492,2.75521,4.62468
5.43926,3.99448,3.27252,3.15163,1.84674,5.7259,4.55557,2.53394,3.56982,4.2098
4.70324,3.59974,4.41446,4.33437,4.84717,5.23025,4.76856,4.80792,4.98664,4.54002
3.25982,3.36959,5.04629,3.61016,6.12255,3.77707,2.83073,2.7152,2.68828,2.36652
4.93516,5.08127,3.92971,4.21831,3.95302,4.15462,3.06332,2.84673,2.18349,3.00437
3.49066,2.63269,3.79184,5.32682,2.99459,3.42961,4.34673,5.24927,3.37573,4.20449
3.51989,3.35943,4.66939,2.77227,5.69029,3.72676,4.32486,4.62706,5.06,3.23368
2.92615,3.77324,3.95044,3.62173,2.94177,3.94866,5.26155,4.68572,3.73513,5.38976
3.95673,3.74296,-0.230071,6.16836,5.18481,6.26073,3.01024,3.46581,3.86677,3.01752
2.22395,4.61709,5.65793,5.50333,4.68526,4.52268,3.59357,4.71058,4.55062,5.17128
4.36038,5.15232,4.99721,3.79959,4.47994,5.00535,4.57515,3.06396,4.66905,3.52981
2.95523,4.97584,4.92585,2.41946,2.83765,5.82785,3.5238,4.29514,4.60142,5.33051
4.25383,2.10196,2.13606,3.48366,4.46411,3.41225,4.47711,3.18264,4.95985,2.48054
2.51282,5.03313,4.69858,3.75107,3.89158,3.64131,3.50341,4.47203,3.81478,4.61716
4.47813,3.41893,3.52029,4.07894,3.45915,2.60419,3.70853,5.8045,2.58566,6.95372
5.31878,3.9166,4.7442,5.05365,4.24135,2.66624,2.63285,2.66795,3.3298,4.3439
2.79723,4.08222,4.84469,2.72912,4.19969,4.72013,3.0685,5.37615,2.20818,3.85129
3.55859,2.49805,5.16176,3.54415,5.60385,4.73687,3.46379,3.16468,4.01051,3.94071
3.29557,5.65536,2.24249,4.34299,4.17708,3.48987,5.68961,6.16088,3.97704,5.32743
3.54067,4.37182,3.95401,3.70743,2.16431,2.8366,4.20674,5.60579,3.84692,3.98567
4.00515,4.33547,4.60652,3.68885,3.81091,2.09211,4.51839,4.37775,4.78014,4.42241
5.29503,3.08877,3.72375,5.06858,4.19897,4.65868,3.2283,3.99935,2.13699,5.309
5.52792,5.17325,5.11125,5.89308,3.38975,3.02939,5.66517,2.63305,3.98781,3.4758
2.53477,2.41093,6.11364,5.74352,5.41659,3.33876,2.633,5.41977,5.21446,4.16565
2.82613,2.51106,4.99688,2.66351,5.06663,3.7147,4.56586,4.74294,3.8549,3.2281
6.2246,4.92553,6.04152,3.35027,1.86265,5.28401,2.33342,3.4994,3.11359,3.27041
3.38591,3.71455,2.83186,3.13383,4.22185,4.16675,4.69867,5.11047,5.72743,3.74124
3.69519,4.81716,3.70395,3.56806,4.77531,4.17301,4.10399,3.68017,3.31129,4.68564
4.60584,3.72869,2.88076,3.29328,4.30488,4.3857,3.47349,4.31875,2.80756,4.26756
5.08117,2.75774,3.24199,5.48628,4.84585,3.47784,4.69665,1.9575,5.90175,3.4775
5.41949,3.94737,4.08059,5.62345,4.1415,3.54822,3.5495,3.98163,3.82848,4.58504
5.29265,4.12615,4.0753,3.19275,3.15292,3.19463,6.71045,3.75278,4.90064,3.30056
3.94553,4.41612,4.00106,4.77502,4.71024,3.58818,3.62845,5.72922,4.30837,3.50939
4.32899,3.54924,3.94528,3.36924,3.42313,3.73629,4.58054,4.76385,4.159,5.93272
4.36784,3.34637,3.06195,3.21835,5.32412,5.67905,5.1244,4.17122,5.44368,2.93771
2.58406,3.52407,4.60344,5.29107,3.3934,2.59467,5.05676,3.97746,5.03757,2.73656
3.59969,5.15723,5.48541,0.838683,2.75534,4.65332,4.81566,3.98211,3.10909,6.1931
3.37892,2.14006,4.35097,5.67391,3.45784,4.19083,4.18006,6.5093,4.5808,4.64309
4.07006,3.89376,4.91801,4.30368,4.09984,2.86545,4.12791,4.87319,3.90521,5.493
5.41733,3.1467,3.11416,2.63471,2.42695,2.85914,5.19422,3.47179,3.63825,3.7766
5.95107,3.94173,3.5292,2.88466,4.02237,3.71026,5.58239,4.11581,5.04813,2.81838
4.52399,4.27093,2.49717,4.45091,6.16578,4.33651,4.27392,3.2896,3.9418,4.73878
3.8907,4.13561,3.53131,3.79549,3.29677,6.9274,2.51991,3.36157,4.09281,5.253
5.2624,4.49056,4.26169,3.37628,3.48516,2.94685,4.02445,5.25742,4.69841,4.60968
4.99145,3.06084,4.17399,3.61479,3.40044,4.42908,3.41909,4.28909,4.77134,3.05715
5.5691,4.14058,6.14481,5.0112,3.63092,4.55782,2.24449,3.20364,3.35666,2.69347
3.24197,2.79014,3.98498,6.30807,3.25458,4.26348,5.48954,2.76958,3.4708,3.87072
3.29577,2.96038,3.70808,3.6008,5.04101,4.05672,4.5142,4.01254,3.56925,3.52099
3.21991,2.15681,1.65061,2.20831,2.32514,4.08582,3.50368,4.44786,3.17556,3.83333
2.8671,5.16555,4.67716,3.20424,4.84208,1.9849,4.8917,5.37295,4.82869,3.86351
3.31859,4.80119,2.83233,5.42116,5.23471,5.52135,4.06937,2.11126,4.43379,4.13387
4.49414,2.6079,4.5479,4.28067,3.47549,5.10484,3.07096,7.19368,4.66181,5.06027
3.41661,4.01401,2.87811,3.49997,3.26086,3.89118,4.16019,3.44832,4.07366,2.84302
2.5132,3.99915,2.872,2.94627,2.29927,1.94643,2.31402,1.99956,5.21503,3.69401
3.10061,5.23117,5.29138,3.48803,4.43751,2.94152,3.80297,3.95881,3.6682,5.04591
2.65281,4.96595,3.47709,3.29916,4.63489,4.2122,4.84897,4.68443,3.96933,4.14697
4.17754,3.54994,4.0648,3.4222,5.73362,4.70565,4.87007,4.29231,3.49027,3.30721
2.68288,4.46472,4.20143,4.10078,4.62156,3.31203,3.74315,3.51923,3.57154,5.38359
5.45027,1.56743,4.45224,4.86799,4.08452,3.10664,3.36,4.3548,2.11087,3.57638
5.05092,4.54114,3.34376,3.8284,4.15896,5.27604,2.99378,4.08571,4.67769,2.37448
6.52011,3.98058,4.83132,4.81462,1.92612,4.08505,3.45278,6.16372,4.54028,4.04437
2.56719,3.14128,2.98,5.26771,4.79585,4.6686,5.5031,3.88031,5.71191,2.82218
3.86596,4.17087,5.00971,3.9138,3.48737,2.60567,3.99054,6.32539,5.93921,2.55639
5.35892,4.65181,3.24268,4.90068,4.17983,3.75849,3.92781,3.9671,4.14375,5.21701
4.05183,2.56998,2.72743,3.38603,4.61731,4.30732,3.55693,4.00179,4.77173,4.05718
5.22461,3.74434,5.21268,4.09385,5.01425,2.20676,4.0597,3.33975,5.39257,3.30649
4.25689,4.59023,3.58606,2.72801,2.89868,4.22765,4.30153,3.3588,3.21614,5.20781
3.70412,3.57777,3.21955,5.23762,2.37494,3.13698,3.06879,4.25985,3.13549,4.3008
2.67643,3.17931,2.93108,4.87946,4.83672,5.2247,3.99786,3.86634,4.46555,3.08214
3.57192,3.87153,3.98075,5.48029,4.67921,4.94513,5.11275,3.7256,3.88311,5.4302
4.21314,4.07751,3.04596,4.66526,4.55042,1.6747,4.56417,2.67271,4.70551,4.0517
3.29461,1.97655,4.1205,4.52291,3.56343,1.74678,3.13657,3.75703,3.72837,5.00596
3.20931,3.88078,3.51295,2.6293,5.00404,3.05081,4.74578,2.68948,5.41339,4.15558
4.8475,3.50792,4.2483,3.3942,1.79045,3.42384,4.55157,3.63873,4.66392,3.93539
3.14819,2.31476,2.69891,4.04688,6.64393,4.6453,3.13701,4.38267,4.23785,4.11755
3.47738,5.37855,3.41328,4.7963,4.82151,2.82792,5.56463,3.38541,3.70037,4.675
4.40762,3.03772,5.05072,3.45566,3.62329,4.09016,4.07174,3.56641,4.92029,5.87213
2.7922,3.20038,2.95071,4.51419,1.83824,4.01012,3.2633,2.63985,3.4156,2.11149
3.8837,3.41784,3.83735,5.06636,3.90604,5.27131,2.51028,3.41162,6.27949,5.36154
3.98412,5.35159,5.13639,5.22176,4.25514,6.51491,4.17738,4.15799,1.20728,3.46435
3.09456,4.70243,4.34478,2.69676,4.57353,2.90943,5.87737,2.99917,4.25484,3.09066
4.41898,3.83959,4.50312,3.8547,3.94121,3.38497,5.32937,3.57069,3.69714,2.89552
3.75615,3.72824,6.02057,2.67918,3.62137,2.88061,3.75171,3.27959,4.58023,3.46201
3.01453,4.12262,3.94494,4.79107,4.40824,4.75149,3.87626,2.6291,3.23633,3.62075
4.04714,5.3329,4.41525,3.94731,3.80792,3.60661,5.51608,4.81523,3.67794,4.74401
3.18019,3.25378,4.75218,4.37555,3.39165,4.81839,3.75012,5.41748,3.83195,1.46658
3.58799,4.71999,4.93315,5.40346,3.70074,5.1558,3.32264,3.21947,5.85587,3.34043
3.44891,2.43504,4.56782,1.48952,3.55504,5.04096,5.11022,3.56371,4.91395,2.52322
3.71295,2.18782,2.55922,3.78119,2.20938,4.21283,3.5683,3.09132,3.71461,2.87321
4.16522,2.96155,3.56561,2.96741,3.82027,4.12428,3.38258,2.32864,5.38656,4.89142
2.44605,4.91293,4.81799,4.84874,3.89518,5.08449,1.85142,3.6763,4.75713,2.71509
4.41785,2.32478,3.71423,3.43591,3.58495,6.05885,5.13453,4.34135,3.63081,3.33241
5.52042,5.95292,3.0525,3.9614,4.5104,3.88265,3.72212,3.11342,5.24908,2.08622
4.46488,4.90194,3.78603,1.85213,3.43111,3.33201,5.02651,5.1911,4.37525,3.772
3.1458,4.40347,4.86933,3.44554,4.25477,3.73434,2.21908,2.92327,4.31747,2.88058
3.23865,1.69307,3.57983,4.04702,4.77262,4.59055,2.90475,4.00008,3.43727,4.80272
4.15501,3.82695,3.99141,2.79308,3.26845,3.70803,3.84801,4.34711,5.33748,5.00348
4.34083,5.49352,5.29523,2.89389,4.285,3.6782,5.64564,2.61593,4.51062,3.76306
4.43333,4.38768,2.93829,4.58074,4.44529,4.67906,3.90473,3.77976,3.03701,3.84949
7.18376,2.07046,4.54154,4.86459,3.74704,5.88584,3.37341,5.15426,3.18982,4.54378
2.63993,4.03529,4.13192,5.14572,3.57896,5.71338,1.19845,5.04035,3.23253,2.91724
4.10357,5.58368,3.60705,3.14347,2.08082,4.03886,4.03764,4.47115,5.34291,3.88204
5.25998,2.86331,4.12953,4.24334,7.43755,3.92729,3.74193,3.75675,3.24839,6.13119
4.67884,5.41637,4.09791,6.34189,2.87186,5.90816,4.88397,3.64207,5.06155,3.67875
4.73755,3.16784,3.64326,4.07332,4.30164,4.69228,4.69715,5.48462,2.35285,2.2441
5.34765,2.89374,1.7669,3.05486,3.02485,3.64497,5.22079,4.5589,5.16225,2.14027
3.46887,4.1549,3.81578,4.42628,4.74045,3.0181,4.1627,3.0145,3.73421,4.74418
4.93072,2.51834,2.59318,5.36414,3.8357,5.31086,2.60555,4.19435,4.08054,2.92059
0.983299,4.7464,3.17516,4.82925,5.38036,3.22792,2.82103,3.87217,6.32122,4.06848
4.76814,5.17128,4.20005,3.67139,2.97638,2.17962,2.47123,5.07178,4.68078,4.77171
2.45762,3.35917,5.68552,3.97893,4.86984,4.04966,4.62985,1.92853,3.11889,4.42557
