10
4.98483,4.36124,2.48501,3.60422,3.46826,5.84014,4.73088,3.79729,2.8105,4.71312
3.37389,3.51161,3.68309,4.08291,3.89521,3.62578,3.81068,3.08318,2.69206,5.37869
4.15555,3.69267,4.32584,5.02711,3.33863,4.87617,1.48789,3.83546,4.86966,2.28649
4.14783,4.29962,2.60054,3.62929,7.32239,2.62468,4.49499,2.07684,4.81763,4.00767
4.45417,3.40952,2.62453,3.3317,5.17182,3.84941,3.12925,4.23873,4.62829,4.04212
3.39967,4.77994,3.47536,4.58249,6.35106,2.35168,5.22137,6.45988,3.70719,4.25881
3.6238,3.73084,4.31262,2.99071,5.03006,4.25041,2.50894,4.37696,3.80146,1.35285
3.28773,2.83942,6.30603,4.03733,3.62161,3.17203,3.48185,3.93627,4.19178,6.06871
2.57452,5.39646,3.4343,4.73087,5.96883,2.97067,2.36947,5.97807,3.11754,4.46459
3.70011,3.9567,4.57872,2.80065,3.61127,5.30564,4.46943,5.47478,5.20073,4.87965
3.12219,4.85774,4.28257,3.47991,4.56439,3.37716,5.04141,5.20151,3.96659,2.97376
3.2484,2.2271,4.57995,6.50881,3.35012,4.27552,4.13477,3.95582,3.39958,4.80699
3.79422,3.64012,3.96017,4.3209,4.97761,3.29945,4.50542,5.24285,2.69462,4.98685
3.48538,2.77503,4.04597,3.39401,3.87441,4.40389,4.73958,3.63531,3.93971,3.41515
4.38636,6.52391,3.19907,3.67404,3.35463,4.04803,5.64342,3.64428,3.42858,4.53835
5.87907,2.15953,4.97067,2.70627,3.99561,2.71372,5.56502,4.54146,4.92886,3.34732
2.09945,2.71878,3.98829,3.58246,3.29839,5.03336,4.16628,3.81024,3.37295,4.82716
3.28757,3.54625,3.51757,3.0303,3.7622,2.88592,4.64976,4.62033,4.73731,4.3477
3.69471,4.26244,3.7974,2.50372,3.57148,3.23779,1.92436,4.6225,4.27303,3.75444
2.51593,5.0297,3.83457,4.66532,4.06148,5.06216,1.84721,4.27363,5.10291,4.44806
4.11801,4.56339,5.41637,4.8468,3.61074,4.83113,5.29508,4.46427,4.19625,2.39228
5.2765,3.61289,3.39303,3.922,3.71494,5.07958,4.18483,2.69693,4.43147,4.74528
4.07109,5.11139,2.92939,3.34724,5.34093,4.26908,3.55748,4.02519,2.8371,5.41344
3.33315,3.10835,4.18751,4.48115,3.93939,3.14086,3.84426,3.43848,3.65844,3.36256
3.78299,3.74247,4.40858,2.58411,1.83675,6.47061,5.18666,5.92884,2.65697,5.38658
4.19068,4.34385,4.26781,3.28937,2.66997,3.55819,3.00072,4.8071,2.45916,3.96534
5.84373,5.68916,4.70667,4.51817,4.83018,5.14603,4.00783,3.25389,4.19634,4.63489
2.57846,3.87998,4.07055,5.07136,2.70186,5.09006,3.94241,2.96921,3.30674,4.51349
4.90164,2.93839,4.56647,2.27748,3.56843,3.8828,3.77107,4.33699,4.20779,5.25422
4.95182,5.05397,2.70193,3.41466,2.83292,4.3724,5.39044,3.00165,5.53931,3.94457
3.52482,2.91852,4.75959,5.53425,4.16752,4.71329,5.90172,4.01053,3.3057,4.82432
2.43233,2.29619,6.10563,3.22677,2.20133,3.25594,3.6857,4.24993,3.56742,2.98305
3.48492,3.91892,4.31734,4.64806,3.20891,3.43653,4.19731,4.56076,4.04061,0.471307
4.08052,4.83457,3.24689,4.31821,5.98907,3.64177,2.55903,4.63492,2.63459,3.27676
4.39738,4.46748,5.00288,5.53573,3.50674,3.32694,5.50701,4.12076,5.27014,4.58161
3.69649,3.73022,3.87501,5.63415,3.15236,3.43326,3.75429,4.27416,3.35433,3.80489
5.27171,4.69663,4.27837,4.60209,2.321,4.07611,4.05541,3.14738,2.5443,4.2315
3.91299,3.81386,4.42164,3.96934,4.19826,3.5496,4.07331,5.15664,3.90883,5.67699
6.08931,6.57522,1.47083,2.86205,4.42296,4.42272,3.80991,2.79111,4.48575,4.65343
4.77363,4.46389,3.93769,4.63988,3.85881,4.72603,3.24165,4.44576,4.359,4.11354
4.19587,4.14229,5.30451,3.69084,4.83269,3.76325,3.53891,4.86455,2.72664,3.64297
2.79543,4.52062,4.18264,3.40734,3.67466,4.72476,4.04274,4.52129,4.15951,4.54309
5.40277,4.34538,4.90514,3.05883,4.67352,2.6623,5.19475,4.3152,3.12523,2.70082
4.09221,4.4343,4.65358,4.35653,3.37272,5.06499,4.38194,4.38576,2.37159,3.94107
3.04886,3.63403,3.74125,3.84061,2.90057,5.10162,3.27488,3.50177,4.39324,2.62369
5.81015,3.09039,3.40426,4.53865,2.3675,2.76548,3.97499,6.15991,3.84407,2.85402
3.10224,4.21847,4.15161,3.765,5.5562,2.12055,4.20202,3.22737,4.40509,5.61576
3.952,5.22742,4.34288,3.34963,3.3617,2.68181,2.86162,2.77743,5.36192,4.22727
4.72501,4.38532,5.86675,5.04871,3.56861,3.53712,3.94755,4.21065,2.53748,4.64058
4.23242,2.34748,4.90675,2.03409,5.41246,3.79052,3.7877,3.47711,3.4022,4.13265
3.44693,3.67284,4.20034,2.8202,5.00079,4.43391,4.37126,3.05557,4.08959,4.78247
5.15412,3.24289,3.43723,5.76747,4.20627,3.83217,2.70726,3.64263,3.62182,6.1646
3.96585,4.80838,3.07454,2.25081,2.98888,3.01303,4.61876,3.82011,3.19124,3.37982
3.53974,3.40856,4.63497,2.83144,4.24124,3.23158,3.42224,3.08603,5.96585,4.6721
3.31087,4.75905,2.94501,4.07701,5.09334,3.15982,5.54497,2.9376,3.81207,3.75662
3.77382,4.52186,4.79557,2.59972,3.69566,3.15078,4.25682,3.52672,3.83749,3.12422
4.72686,6.2667,3.49273,4.27343,3.9202,3.58207,3.46594,4.87224,4.89387,4.21264
3.69825,4.99833,3.93012,3.0528,4.95896,3.56315,3.12009,3.9438,2.57651,4.15794
4.01665,5.09228,3.75994,4.02013,4.39822,3.84015,4.9751,5.04031,4.81058,4.41306
3.6365,4.35701,2.50973,2.59284,5.22557,3.03117,3.20396,4.65449,4.1605,3.08205
3.28666,2.69105,4.22195,3.62452,4.12818,3.85106,4.88981,3.5488,5.64747,2.59725
2.54043,4.75083,2.76941,4.83778,4.29622,4.38145,2.99975,5.20555,3.85426,4.03537
4.31701,3.42892,4.62321,5.49022,4.00954,2.83838,5.32657,3.22508,3.69813,2.86719
4.92158,3.27446,2.45083,4.96894,4.05624,2.94731,4.12782,4.65296,3.71637,4.14063
1.84394,3.78852,3.92365,2.74558,4.23993,3.67788,3.13101,2.90909,2.51234,3.03682
3.51411,4.34347,4.89061,4.13974,3.69094,3.78587,6.71899,3.55406,3.69219,3.69328
3.17452,3.09842,3.79064,5.06125,4.27489,4.76677,5.20177,4.99268,5.2683,3.28335
2.25776,3.71803,3.78363,3.81002,3.39672,4.0396,4.41504,3.19807,4.33518,2.9297
4.54142,3.90676,5.568,4.34289,3.50368,3.07374,4.17187,3.99481,4.34784,3.91601
2.1071,4.52005,4.72245,4.89928,3.41888,5.60856,4.57906,4.07459,3.49395,4.06606
4.50771,4.94579,4.38439,4.59297,5.47358,3.31806,4.31494,3.10918,5.30011,4.7695
4.97859,3.17947,3.75826,4.59699,3.06719,3.8358,3.59315,5.16713,2.46547,5.22787
3.89682,5.07119,4.27263,3.88442,2.72186,2.5146,4.66137,4.64315,4.30437,3.8227
5.38607,2.6306,3.89609,2.03701,3.43605,4.00629,2.49546,2.37744,3.71836,3.02716
2.98995,2.15182,5.39848,2.81896,2.41522,6.07985,5.87775,4.2689,3.6406,3.63304
3.2299,3.80641,2.84894,4.34639,3.29849,3.03983,4.7475,5.30283,2.93779,1.64231
3.03035,4.4005,3.59923,3.93818,3.31281,2.94332,2.57136,3.0228,3.56337,3.95622
3.97364,4.09976,4.65862,3.22452,1.5583,3.92189,4.36318,3.68756,4.96675,4.44168
3.78242,5.61156,4.97521,4.77055,2.71696,4.72057,3.7352,4.32783,2.59734,2.81271
3.73397,5.35533,3.82604,3.83453,5.044,4.7394,4.15948,4.01768,2.07798,4.94443
4.05773,4.12232,1.72225,4.35868,5.24813,3.47837,4.19918,4.26179,3.62711,4.46276
3.0212,4.10871,3.01736,2.98175,4.11318,5.10016,5.06896,5.68168,2.58374,3.33721
2.07449,3.89402,4.27946,4.40609,2.17113,3.07363,4.4883,3.77953,4.19852,5.03918
2.98683,3.66307,4.8967,4.90747,3.0355,2.47602,2.62648,2.48751,2.21705,3.17692
3.41797,4.96131,4.54287,4.2262,3.77995,3.0272,5.11293,2.90835,3.80087,3.90612
4.44317,3.73856,2.2446,6.0512,1.37085,3.21078,2.97733,4.10414,3.49184,3.86324
2.81508,6.37545,4.09748,2.95948,3.31055,3.1878,4.32184,4.38896,5.50149,5.33891
4.30137,5.01303,3.29999,3.38293,3.72212,3.78116,5.24711,1.44271,3.87383,3.64699
5.12387,3.81922,3.8367,2.87679,2.25567,3.34058,3.827,4.63519,2.99722,4.23261
3.74677,3.22528,5.21332,2.36028,3.62657,6.01805,4.11143,3.4573,4.85031,4.04654
3.1681,4.18443,2.26498,3.51452,4.24059,5.14453,4.24757,4.60153,5.14465,5.04865
2.45403,5.90353,3.285,2.28627,3.40577,3.45454,3.13025,4.12213,2.73879,4.83851
1.75179,3.4538,5.45521,2.9645,4.31333,2.51733,5.36363,2.67625,3.34478,4.82751
3.85387,4.58208,4.26096,4.75652,4.91628,5.18452,3.97632,3.36339,4.88542,4.35529
3.58057,4.2699,4.00216,3.80334,3.04899,3.02446,5.415,2.91116,4.51187,1.98796
4.48701,4.76806,5.22409,4.23036,3.50545,3.49399,3.9115,3.58867,4.8655,4.46097
3.18885,3.58885,5.59264,5.76964,3.00074,3.97047,4.42548,5.59965,3.78721,4.38467
4.62439,4.34651,3.63145,5.62361,3.31363,2.8749,4.58559,2.90996,4.05066,2.55512
3.63852,4.33671,3.56294,5.01131,5.27011,4.08503,4.14777,3.89259,5.59444,4.19632
2.50701,4.71751,3.98253,3.16926,5.48857,3.46409,3.85564,3.30711,4.11385,4.7108
3.44952,5.29185,5.0889,4.36405,2.44763,4.5547,4.33237,5.19795,3.01261,4.61654
5.55368,3.7483,4.00088,5.30207,2.68237,3.95546,4.87627,1.88565,4.47652,3.97323
5.68489,3.85179,4.42834,3.77468,3.52785,3.92264,2.83672,5.05631,6.21738,3.89549
4.47713,1.35841,3.74729,5.67083,2.55296,2.37701,4.53748,3.18234,5.16372,4.13743
4.0788,5.2495,1.69972,5.0516,4.62817,5.36104,4.63006,3.25971,2.76942,4.61523
2.08857,4.45916,3.20687,5.24502,2.18929,4.17811,3.31569,4.66529,3.47591,4.92045
5.5918,4.73233,5.33482,6.22864,3.09875,5.20535,3.93372,4.43021,4.18505,3.10452
2.93361,4.97052,4.04513,2.53243,4.45837,3.84328,3.48069,3.79222,5.70209,3.31265
2.50957,4.10056,4.68616,4.41974,4.63488,3.68989,3.8638,3.56713,4.0344,3.95058
5.31863,3.17393,3.67556,3.57623,3.53707,2.5071,4.64976,4.25448,4.80255,5.77395
4.40357,4.37884,4.21487,3.89472,4.22502,4.11332,4.31317,3.6344,3.24207,4.65037
0.509526,6.4047,3.86946,2.24411,3.65426,2.66422,4.02484,3.89456,3.14192,3.43929
4.95252,3.2059,4.29848,3.94143,2.04188,3.7852,4.09035,2.2521,3.92671,3.75648
2.40543,5.24971,2.5844,4.11873,4.43858,3.52963,3.76641,3.95789,2.99329,3.05048
4.2668,3.51339,3.33553,3.54155,2.93416,5.27252,2.99396,3.40255,4.86845,4.14536
3.57974,4.89387,3.24106,3.46056,3.8598,4.47701,3.69839,3.34322,4.38788,3.0415
4.59862,5.36342,4.31905,2.85848,3.40458,4.32386,3.3286,5.45451,4.20866,3.61098
3.25493,3.50329,5.97547,3.03417,5.08832,2.89361,4.468,4.60429,5.33213,3.62871
3.277,6.55812,2.19554,4.98762,5.06127,3.92089,5.27027,6.25873,5.07429,3.97731
3.78216,4.38025,2.43169,4.13031,3.44202,2.69658,3.60913,5.61353,3.56935,3.93522
3.03409,3.35591,5.01907,4.84235,5.74753,3.33734,3.00633,4.8954,2.58351,2.92636
5.03801,1.82034,2.91002,3.0014,4.29397,3.79891,4.79291,4.12452,4.80505,3.52012
3.57847,2.19856,4.33653,4.01375,3.77553,3.3535,4.66481,4.58138,3.95528,5.3567
4.45497,3.74811,5.03991,4.10066,2.8129,4.13222,2.88694,5.23336,5.83508,3.32901
2.82649,3.61707,3.97553,4.08154,5.9992,3.98571,2.85171,4.40489,2.88987,3.29701
4.00737,4.99954,3.84134,4.11103,3.9254,3.05553,4.0308,3.22376,3.52531,4.98648
3.06808,3.19197,4.70585,4.03971,1.4359,3.52412,3.49256,4.33575,3.14539,5.16495
3.67874,2.7751,4.34013,2.68547,4.05786,4.58121,4.72957,4.06079,4.6578,3.37904
6.58081,2.43282,3.09031,4.46805,4.1661,4.93149,3.61895,3.56991,2.84751,4.70346
2.77439,3.70467,4.33736,3.51715,5.76863,4.14524,3.7076,4.62735,4.36138,3.75136
4.3383,4.26003,5.04044,4.81918,4.79759,3.3931,3.1196,5.70196,4.17298,2.99914
3.37813,4.59121,3.79968,2.72633,4.59096,4.35561,3.94293,3.76157,7.34287,5.61341
4.91825,3.70759,2.86485,2.22198,3.44134,4.32203,3.62331,4.98115,4.21543,4.25773
4.31513,3.72782,5.83558,4.80932,5.40016,5.11821,3.7003,5.25601,4.96743,5.58829
3.19026,5.50091,4.65888,3.14884,3.7717,3.11903,2.19312,1.6516,4.28087,3.75732
2.74378,3.08439,4.80063,6.40682,4.93211,5.03899,3.59953,4.67884,3.65343,3.0559
2.3567,3.18727,6.51412,4.51169,2.4318,5.76479,2.70451,3.94992,3.67436,2.85722
4.41695,3.1751,3.80041,3.77914,4.29814,5.08465,2.92271,3.05537,3.69807,2.65701
3.94729,5.84065,4.38825,4.04588,3.81929,5.56095,5.17532,2.79716,5.37044,4.81142
4.13871,2.80901,2.04274,2.54421,4.09473,3.4447,3.47899,4.31629,4.23744,3.69892
3.20639,5.17785,4.25054,5.67295,4.24608,5.44102,4.79877,3.58572,3.50299,3.91889
3.83232,3.5903,3.93823,3.83466,3.65668,3.99818,2.61486,3.37801,4.944,1.84882
4.61474,3.82329,2.92237,4.0733,4.70292,3.96416,5.23544,4.75254,3.78074,5.01586
2.86709,2.38762,5.10817,2.83207,3.15762,4.77842,0.969965,4.83638,2.77918,2.54834
5.39468,3.59135,3.92896,5.07696,4.32397,3.52364,2.51303,4.48704,4.87856,4.15093
4.39969,3.86528,2.72873,3.82343,3.83924,2.60268,4.11503,4.99952,2.8574,3.26917
5.29152,3.51703,4.35568,3.36765,6.41897,4.78445,4.61568,1.90956,3.75939,3.74945
3.53141,4.15275,3.7826,4.03022,2.42758,3.65607,5.87127,5.02517,4.7819,3.76049
4.56875,4.01099,3.38173,4.22971,4.85694,4.55029,4.91945,3.77565,5.33729,2.836
4.1168,4.879,3.64271,5.59047,5.15424,4.53996,3.37649,5.5118,5.30962,4.90815
4.70171,2.30166,4.02049,3.70321,4.02625,2.50438,5.23053,3.52789,3.85253,4.07775
4.34976,2.95915,4.19662,3.63825,4.01813,3.14158,3.78315,3.02626,5.4013,4.78155
3.3609,5.19424,4.86152,1.9553,5.17014,3.94452,4.14338,3.69516,3.63165,3.07685
2.79314,4.8523,4.17925,2.88111,4.48756,3.18058,3.0316,3.99832,5.54421,2.83145
4.32015,5.04688,3.854,3.61528,4.9635,4.19654,5.41659,4.70526,2.53401,6.28498
3.16945,3.74859,2.6084,4.31681,4.58934,3.19256,3.76166,4.94933,4.30341,4.085
6.47191,4.87162,4.07205,3.84478,3.79654,4.64042,4.2095,3.19472,2.8477,4.55144
3.77773,3.40106,5.35673,4.44276,3.58652,2.59492,3.63411,4.06885,3.53116,2.35767
3.78788,3.9636,5.00942,2.89413,3.74339,3.59684,5.56705,5.73321,4.03724,3.3907
4.4901,2.28203,4.78351,3.31035,5.39409,4.14737,3.44979,5.60235,3.34021,3.59266
3.53518,4.54856,1.54963,4.10302,4.30047,4.21917,5.42392,3.55853,3.04958,4.80959
4.88078,4.75363,5.37288,4.64877,3.34281,4.1788,4.12742,3.71199,6.48457,4.34732
4.75685,6.24428,4.95462,4.57193,3.55385,3.6358,5.3725,4.19182,3.59693,3.06623
4.92985,5.36217,5.60949,4.55129,4.29664,5.77234,2.73588,4.08877,3.77433,4.94268
4.19712,4.07703,2.64488,3.90013,4.42127,3.07459,3.79418,3.12872,5.31724,4.44131
5.04355,3.84037,2.3156,4.43866,3.82003,5.17,5.08448,4.87877,5.70925,3.36519
2.69639,3.68609,4.19201,4.11771,4.09355,4.34282,2.82504,3.35618,4.96816,3.64174
3.75491,5.07035,3.66558,4.94917,4.65467,3.07562,3.98589,5.08742,3.33523,4.10199
3.23349,4.61079,3.05373,5.59204,3.34671,3.45903,4.21213,3.80235,5.1244,5.72153
4.41341,5.64242,3.78749,3.18536,5.15792,4.21498,3.09804,4.35324,3.71352,4.58316
2.02228,4.18527,2.31772,3.71135,3.27639,3.3362,2.75817,3.83099,5.55235,3.82515
2.19386,3.71828,4.58847,2.79817,3.1742,4.27826,3.68551,2.06014,3.22267,4.27275
3.95242,4.54155,4.08735,4.85928,4.72685,4.57072,5.47542,4.65776,2.29499,3.94778
3.83777,2.24244,3.95039,4.02361,4.02945,4.1008,3.18234,4.59242,4.68285,2.69612
3.90315,2.83866,2.53214,4.99819,1.6146,3.78387,5.14075,4.56786,4.38263,3.80859
5.24725,3.42703,4.83399,3.34804,4.44431,5.52779,4.71383,3.45168,2.72066,3.53728
2.91695,4.84005,5.11257,3.82884,5.43095,2.78391,1.86563,4.63189,3.97139,3.33441
4.42467,3.33924,5.04961,4.52006,4.3324,3.24216,4.98149,4.27541,3.81718,3.51037
2.49196,5.60228,3.77426,4.928,3.75016,4.42024,4.3975,4.22561,1.87812,4.90494
3.06916,4.57159,5.55905,3.6454,3.85555,3.51632,5.83537,4.23643,4.6437,5.22604
4.51077,4.49141,2.40747,4.1205,3.31008,3.80032,3.90524,4.01838,4.20268,4.23879
4.53751,4.21566,3.83164,6.18977,3.99237,6.51052,2.21032,4.42048,4.60331,5.89245
2.66973,3.27474,2.92575,3.26762,5.98525,3.45823,3.34481,2.82608,2.98985,3.24291
5.14775,2.72782,3.61075,4.80423,3.87088,5.55157,3.24777,1.75942,4.40784,2.41413
2.84848,3.45596,5.40226,2.68827,5.07014,4.88384,5.36796,5.18554,3.41789,2.6104
4.40449,4.25082,3.1573,4.68047,4.97829,4.96182,4.76671,4.76402,5.58032,4.21871
3.90774,4.29176,2.95512,3.63079,3.4602,3.80598,5.02806,3.46851,4.16484,4.20486
3.58485,3.68017,4.19338,3.21173,3.62338,2.68589,4.84817,4.01759,3.98036,2.41717
4.18736,3.24472,3.66683,3.27509,5.53454,3.72936,4.42889,4.17315,4.18328,3.89183
3.84943,4.24861,3.1636,4.78913,4.10826,4.79408,3.14839,3.36614,4.99967,5.20293
4.78269,3.58699,3.13129,4.30668,1.47857,5.32723,4.87926,2.98683,4.56035,5.36889
2.40321,3.64169,4.06928,2.53746,2.74187,2.74482,3.96327,4.45353,3.07966,4.3564
3.57613,5.75939,4.69746,5.36916,3.32567,4.49913,2.96871,3.63154,3.62913,4.61926
4.02547,3.45403,4.71358,4.05614,3.62051,5.01254,2.97146,4.77228,4.02971,4.02656
3.89117,3.04225,5.03099,3.97958,3.99821,2.92483,5.31095,4.39915,3.64489,4.36024
4.28914,3.37311,5.33775,3.67869,3.78738,5.36959,3.56633,3.02229,3.89816,4.11462
5.15669,2.59586,5.16364,3.60297,2.84635,5.91075,2.98076,1.85889,5.38293,4.66841
4.20172,5.24536,3.95435,5.75683,3.16629,6.28397,5.34717,2.61933,3.63586,3.55782
3.11462,3.8308,3.23789,4.49997,3.54996,3.79076,5.28309,4.22594,4.90048,3.51462
6.30059,4.37078,3.0953,4.43339,4.29911,5.30407,3.17608,3.66811,3.73985,4.05912
4.26499,3.09135,3.86134,4.88828,3.03229,4.10646,5.067,4.77556,3.25347,4.70667
4.1813,4.08781,4.52526,4.54446,4.07395,4.19699,4.07036,5.27713,5.15702,3.54958
3.55807,4.16024,3.16498,3.5466,4.90217,3.41822,6.52064,3.66627,2.64663,3.85637
3.92876,4.17352,4.0672,3.35345,3.86722,4.14422,4.17962,1.94183,3.36861,5.82158
3.32247,3.72687,2.66123,1.09939,2.71932,3.05528,3.3089,4.41431,3.80062,3.16429
3.58089,4.96371,7.05989,3.68839,4.3276,4.0004,2.00482,3.83072,4.88812,4.07134
3.52713,4.99692,4.48622,3.29982,3.42296,3.25833,4.4182,4.53686,3.50417,4.12573
3.43338,4.23801,3.70864,3.60481,3.60254,4.99813,3.34592,4.80848,3.82371,2.53125
5.55838,3.16306,4.16163,3.22184,4.54886,3.43221,3.76931,4.06437,4.10036,3.41109
4.83086,3.51708,3.6566,4.16621,4.717,4.32407,3.27147,2.99762,5.04007,3.33439
4.67258,5.00834,5.6564,2.80128,4.87665,4.40088,5.70128,4.69801,2.8698,2.22864
2.474,2.29456,3.03467,2.93968,3.52057,3.5104,3.64066,5.00978,3.00617,4.34433
3.17813,4.55473,3.06772,3.42668,5.15998,2.11726,4.00126,4.91554,1.9255,4.05848
5.0075,4.12676,5.7816,-0.352797,2.18426,1.43671,3.10366,2.66549,4.25817,2.42285
3.62948,5.28103,4.1374,4.78235,2.91547,4.76523,3.61586,2.60687,4.06641,4.16298
4.71395,4.87318,3.95988,3.97644,4.58686,3.99226,3.55042,4.09669,1.92572,4.00016
5.06819,4.93889,3.74968,3.32014,5.6235,2.50823,4.48078,4.68227,4.39911,3.74736
2.59291,5.59473,4.53613,3.44066,3.51619,3.96736,3.71495,3.72471,6.10346,6.40898
5.35861,1.48481,2.73555,4.58488,3.07545,4.11543,4.45715,4.16459,3.32684,4.33035
5.97452,3.37457,3.18063,3.62117,3.07738,3.96491,3.90674,5.74361,4.85777,4.62808
4.91595,5.26964,2.55928,3.57753,2.709,6.19993,3.4578,4.78671,3.39602,5.02668
3.06994,3.93983,5.03176,3.28377,5.79035,3.4112,4.73567,5.75681,4.43419,3.82483
2.59451,4.38699,3.16688,2.69367,3.17551,3.74717,3.02127,5.06325,4.64446,3.24305
4.84982,4.77342,3.46453,2.39097,4.02212,3.28205,3.91257,3.42392,4.68815,2.77137
2.85974,2.43979,4.29901,3.6901,1.33771,3.36655,2.91358,2.71581,4.11481,2.96809
3.60155,4.5312,3.83031,4.31639,5.28299,4.0522,2.2556,2.5338,2.04292,3.36494
3.54251,3.42698,3.24203,4.65956,2.09312,2.88801,5.12567,5.76345,3.73149,3.96921
3.14877,4.85563,3.73784,4.88589,2.80225,3.60294,3.55874,4.55686,4.06928,4.43906
3.22959,4.35657,5.38747,4.14375,4.30689,3.40205,3.34113,3.87658,3.62149,3.2225
4.01387,4.19217,4.72961,2.29181,4.8879,5.1495,3.97941,3.01057,2.13017,3.327
3.98666,3.57123,5.29881,3.79087,4.45739,3.42835,4.89153,3.70279,3.06325,3.56993
5.20917,3.42875,2.76267,5.19268,4.70961,4.47125,3.27773,2.96923,4.87082,5.2864
5.30504,4.8104,4.05063,5.45667,4.35277,3.51908,4.53266,4.272,4.33364,5.06897
2.93186,5.24536,4.62727,3.53237,3.4856,4.25255,5.17992,3.03759,4.67922,3.5728
5.12948,4.36382,4.52398,2.11501,3.47653,5.48181,4.31721,4.67181,4.08129,4.09213
3.56385,2.51476,2.72443,3.05223,3.15414,3.63419,4.48168,3.36625,3.1279,4.24648
3.00859,4.64868,2.96556,4.23303,5.06436,2.83323,6.19903,4.45005,3.08943,5.01964
4.63123,2.06627,2.81078,4.57502,3.02049,4.06576,3.33617,4.32166,3.42356,5.06048
4.14399,3.80423,5.28471,4.46952,5.17077,3.94916,3.44971,3.28622,3.93997,2.79078
4.58689,3.59396,4.04062,2.1862,3.4166,4.34665,4.92843,3.12854,2.79844,4.44086
3.2742,3.09927,4.35909,6.07103,4.65499,5.44709,6.13163,3.57814,3.8719,4.15315
4.16166,3.33528,5.79411,3.81391,3.0965,4.749,4.07676,3.51062,4.9078,3.42894
3.78015,2.69332,2.99488,5.14222,4.50677,3.35778,5.1561,5.52154,4.09587,5.34228
4.74971,4.62269,2.35945,2.78198,4.23561,4.43857,4.1114,3.86579,4.16066,3.69889
3.81093,2.88529,4.09116,3.25623,3.10298,3.73791,3.87228,2.8696,2.54608,3.24914
5.00936,4.77805,3.79236,4.1806,4.80204,4.74443,1.98966,3.31628,5.2758,3.53147
0.44422,2.42036,6.20986,3.4083,3.26026,3.23512,4.63114,2.66042,4.70263,2.8835
2.56351,3.76435,3.13112,1.52482,3.99893,5.64678,4.42474,4.72663,3.96817,4.39558
5.18534,4.83368,3.92246,5.05947,3.54485,2.84579,3.28206,3.39567,5.72335,2.39823
4.99664,4.05614,4.23033,4.36373,4.24335,3.81575,2.85413,4.70603,4.41971,3.2902
4.57588,4.23813,3.60797,6.84615,4.48134,5.43941,4.84058,3.25164,4.29709,4.71237
4.84727,4.48109,5.43854,3.35173,5.31787,2.38773,5.82179,3.90889,2.41117,5.05731
4.42912,3.97446,3.58967,1.64637,2.51367,4.63341,5.59112,5.30555,5.37402,3.51308
3.63562,2.57494,4.09818,4.80896,4.30691,3.22989,3.45772,2.97173,4.19218,3.46962
3.50113,4.38764,3.97079,4.28402,2.51502,1.26602,4.41355,2.18863,4.39489,3.61597
5.04059,5.03913,3.76405,2.9736,3.11393,3.04755,3.49686,5.06242,3.24863,4.9081
4.07942,5.22836,4.91373,3.80592,4.1613,4.75562,3.96505,4.31998,2.24174,3.36171
3.81646,5.0183,3.21209,2.60561,4.77849,3.48363,5.23394,3.51331,4.68106,3.64852
3.67551,3.93104,3.31642,2.94056,4.38619,2.71729,3.51597,5.70677,3.46832,3.31109
3.37688,4.80897,3.62817,2.75286,3.01967,4.54366,2.96948,3.97597,2.57049,3.62386
5.72561,2.51945,4.18149,4.99424,2.11481,2.61733,4.5868,2.96191,5.24357,3.73582
4.85665,3.37361,3.5245,2.79322,2.30355,5.19281,2.71123,5.36572,3.44648,4.05419
2.37683,4.51601,4.41641,3.99021,3.41182,2.98438,4.63251,3.16599,3.78295,3.64666
5.26062,3.78165,4.74476,3.57301,3.42707,5.04735,4.41276,3.19578,3.9017,3.13067
2.7649,5.91775,4.7633,4.653,3.38082,3.59894,3.46993,4.24499,4.94873,5.44443
6.06538,2.87459,4.71127,5.16127,1.99958,4.65526,5.45144,5.11059,3.80089,3.33015
5.32992,5.27266,4.26524,5.5883,5.34277,2.6995,3.92877,5.42318,3.08686,2.52452
6.046,4.43683,4.14388,6.53,3.79135,4.86209,4.14922,1.37454,4.29709,4.90412
4.32109,3.34016,3.10584,3.40357,3.99586,4.92034,3.75409,4.31934,5.9523,3.96414
3.28597,2.4269,3.70163,4.18669,4.86953,4.87794,3.89171,2.99326,3.49256,4.12005
4.48382,1.6795,2.23784,5.39998,4.00301,5.25322,4.84585,3.88509,3.73798,4.33064
3.73144,4.95202,4.18458,3.34548,4.05429,3.70138,4.77659,4.05339,4.76857,4.86669
5.09603,2.82609,3.3736,2.12633,4.34892,3.75957,4.55521,6.261,4.53294,4.87646
6.02395,5.2023,4.07923,1.91436,4.72005,4.00956,1.93399,3.84021,3.67269,3.61795
2.19185,3.71335,3.27026,3.58041,2.2597,4.88763,4.30289,2.63066,5.18394,4.05527
3.39043,4.04358,2.89424,2.63487,3.87534,3.91985,4.65414,3.57337,4.86406,2.66522
3.33942,2.50988,3.9745,4.3794,4.60257,4.70759,6.45445,4.26539,4.54705,4.49441
2.57846,4.36927,3.45979,4.47832,3.63538,3.04511,5.18484,4.27269,3.38557,3.54148
2.57747,5.83742,2.6404,4.15004,2.66321,3.31829,3.92734,3.49965,2.77004,2.16032
2.76367,2.24231,3.8119,5.59694,2.84319,3.12196,3.84792,3.82193,4.38327,5.19984
2.71988,3.66352,3.73454,4.31913,2.29466,4.92353,3.31862,5.08323,4.15767,3.63021
4.18351,4.0279,3.44372,4.76891,3.23428,5.09224,5.26875,3.75438,3.40067,3.77744
4.93222,5.03013,6.00467,4.56606,4.28187,2.87764,3.71284,4.10105,3.77496,3.21712
4.15376,4.41792,3.01291,4.88954,2.64602,6.07826,3.92016,5.18352,4.55301,5.982
3.23859,4.91243,3.16226,3.77149,3.30631,4.74438,4.92079,4.91538,4.06478,3.45358
4.29607,3.15487,3.34998,4.60264,3.95027,3.29806,3.9717,4.56109,2.73635,2.81519
3.87713,4.11014,4.61806,4.12623,5.79233,4.34294,4.33257,3.31119,5.43837,4.68993
4.68721,3.5951,4.22865,1.99024,6.40175,3.20722,4.36172,3.6016,2.32373,3.90702
4.6465,2.66081,4.35272,4.28632,4.57988,4.88094,2.64199,2.29039,3.64839,2.42352
4.11142,3.45056,3.68567,4.53825,3.80888,2.9626,2.38308,4.13677,3.99084,4.48692
3.05736,5.70804,2.76302,4.30081,4.63946,4.04541,1.9415,4.18555,2.41772,5.07695
4.83833,5.2762,3.23849,3.69005,3.40969,2.85724,5.63347,5.52508,3.03523,4.08486
5.19727,2.70765,2.57973,3.35863,4.09997,4.45018,5.81079,2.37139,3.98602,6.34177
4.24763,3.0248,3.1018,3.86359,2.99336,3.83913,2.26436,3.20481,5.24929,5.59421
3.53851,2.93377,3.69995,3.84604,7.16196,4.1499,2.40684,4.065,3.62348,4.36249
4.35706,3.99616,2.43924,4.39499,4.43676,4.64004,3.65444,2.55647,3.61253,2.26271
4.6591,3.59372,3.36536,4.25599,4.19964,4.40763,4.60391,5.57809,3.99151,3.33511
4.15667,4.33394,3.49689,3.2303,4.75962,4.99019,3.50772,3.17214,3.48076,4.53362
5.12309,4.92973,3.68402,3.50086,5.12887,4.00264,3.05523,2.96972,4.38196,4.87481
5.20395,2.93973,3.12074,3.41134,4.43354,3.04218,3.90447,4.05031,4.6945,3.69844
0.613322,5.01191,5.47704,3.36608,5.0878,4.86711,3.5307,2.47754,2.79697,4.15011
4.26364,3.92557,4.99361,1.96223,3.98597,3.23075,2.29675,5.07704,3.37306,4.19161
4.98147,3.39771,4.38113,3.93258,3.89566,4.03479,2.63852,4.43984,3.38874,3.22078
2.46436,2.95282,2.18499,5.02579,3.50845,3.29526,3.49922,4.0707,3.83134,4.8296
3.44728,3.21817,5.35736,3.71903,4.94329,4.03791,4.19426,2.17516,3.64906,1.59172
5.31908,3.60491,2.94356,3.70647,6.15241,3.36619,3.76524,3.21377,5.60626,5.14569
1.27338,4.99841,3.7441,3.86846,3.8105,3.56468,4.42897,2.96773,3.96746,4.84295
5.84764,3.52978,3.30275,4.43171,4.99939,4.71245,3.87926,3.15811,4.81418,3.19147
3.69596,3.26038,2.22671,5.10816,4.2489,3.93896,3.78271,4.25126,3.92916,4.53212
3.16167,4.17276,3.01473,3.7525,4.72937,5.17663,4.6413,3.55477,3.11766,3.87037
6.29138,6.6953,3.27645,4.46168,4.45387,4.4224,3.54741,5.19871,3.68035,4.11798
4.60113,5.21637,4.86123,3.4324,4.40796,4.15939,5.60749,4.08482,4.11035,3.20382
4.29904,4.406,3.81196,2.91111,3.3584,4.48089,3.16994,4.22257,4.42971,2.47742
4.42642,4.47962,3.39814,5.42479,2.67382,4.33922,1.8753,3.9391,2.17245,5.19387
4.59537,3.48144,3.80092,2.92396,4.94487,4.8585,3.96832,2.69795,3.74472,4.12771
4.68258,4.19113,4.92721,3.8583,2.27011,3.31984,4.06819,2.82486,2.83848,6.18436
3.49035,4.57527,4.1224,5.9621,4.913,2.41248,3.57297,4.86066,4.04718,5.21612
4.53218,4.03569,2.77512,2.73743,4.8835,3.71109,4.49102,3.87739,5.39115,4.312
4.9385,3.42534,2.54459,4.90535,3.07984,3.11876,2.91101,4.20543,2.26613,2.10245
2.63467,3.32203,5.34741,3.50611,2.52825,4.0343,5.3073,4.91066,4.65151,2.75157
4.94219,3.95025,2.95438,3.35113,3.9165,4.85634,3.08584,3.64206,2.63009,1.51264
3.55581,4.89795,3.7675,3.7034,4.74613,6.27687,5.7748,4.91089,3.02753,5.4024
1.80049,4.73678,5.00206,4.61313,1.27392,3.51491,3.2299,4.44429,2.40539,2.39807
2.49594,5.16619,3.44567,3.3611,3.05877,4.54675,2.17767,3.6554,3.57182,2.80694
5.22088,3.30791,2.71521,4.00794,2.8851,3.66342,4.07483,4.94546,6.18138,3.03778
3.71853,3.69742,3.84028,3.87556,5.14678,4.37762,3.6187,3.96706,3.77627,1.56369
6.23024,3.10791,4.50394,2.55584,3.98827,3.84222,4.50139,6.3833,6.0512,4.40276
4.33108,2.46682,3.50772,5.19785,4.77359,3.53811,3.91332,3.65887,4.84374,3.32814
4.51202,3.60793,4.29113,5.83699,2.98808,4.17999,2.76578,3.40247,4.69853,2.86763
5.96636,2.14903,5.4384,3.22992,3.99018,4.71774,4.43964,6.96768,2.93556,3.35516
4.02167,2.57287,4.49702,2.87874,4.07593,2.75984,3.28703,4.54888,4.37421,3.53603
3.80868,3.80557,5.19698,4.4718,3.21257,3.71242,5.35687,5.1613,2.90306,3.80798
3.42735,4.16926,4.41869,3.89397,3.33138,4.76862,1.80121,4.68956,3.2148,1.67589
5.30072,5.25853,4.03926,4.61251,3.2775,3.84124,2.57038,3.24247,3.04368,3.31632
4.47555,3.37088,5.20395,4.80081,2.54279,3.92307,4.43409,5.67801,3.93071,4.55588
4.75922,4.39089,3.0704,3.76466,3.67334,5.80007,5.79056,3.54052,2.42194,4.41433
3.02714,3.43687,4.703,5.28111,3.04606,5.23316,5.0721,3.26722,4.18894,4.07054
4.54236,3.77663,3.00014,2.85638,5.88759,3.35346,3.40752,5.11152,4.11909,3.14232
5.14618,4.48139,4.78813,4.22994,3.48754,5.32643,2.94061,2.97594,3.63659,3.42328
3.98242,4.00692,5.08742,1.94156,6.18595,4.0832,5.1337,2.87169,5.73384,4.82794
2.93723,4.00183,2.91519,4.34631,4.26275,5.01603,4.78822,4.58793,4.44254,5.17566
4.60161,4.28211,4.44891,5.17046,2.9986,4.04997,3.42291,3.93352,5.76149,4.51768
5.14854,5.11658,2.9464,4.19895,4.32669,5.94865,2.41127,3.31005,2.60754,4.41721
4.6567,3.98067,4.72909,2.89336,3.96597,4.35163,2.72516,2.88135,5.44205,4.11452
3.99638,4.44652,4.95124,4.10448,5.09506,4.43209,3.566,5.31018,4.04995,4.58011
4.35756,5.22094,3.25178,4.08807,3.24274,3.42864,3.90068,4.91338,3.2744,3.55294
3.8084,3.94115,3.52787,5.73454,4.63601,5.0802,4.74237,3.51436,5.10756,4.0529
4.30386,3.21631,4.61682,6.38021,3.41059,4.12478,5.00345,3.02693,2.36221,3.97626
4.53437,2.98325,3.49292,4.47874,4.62927,3.92832,4.86747,4.18427,3.57549,3.97772
3.2575,2.40026,1.71893,4.21748,4.25197,4.26033,4.72625,3.55898,2.5943,3.89836
3.76758,3.93284,4.51023,3.88516,2.8336,5.13208,3.57183,6.2963,5.73367,4.28655
5.2781,3.69972,3.25564,3.51083,3.11287,3.97589,5.05718,3.7436,3.66487,2.91626
2.96827,4.7051,3.34384,4.68618,5.38814,2.92795,2.5378,2.7212,4.33845,2.87295
4.70735,3.62813,4.48416,3.58456,4.05437,4.55888,2.21045,4.08621,5.39896,2.9248
5.38817,3.44245,4.56493,4.54511,5.85038,5.08826,3.05572,5.21169,4.81189,3.81656
1.91592,4.19225,4.62528,4.31803,3.13738,2.90211,3.11748,4.94368,4.06985,3.08832
3.42717,3.72363,4.26791,1.65191,4.53687,4.56281,5.19269,3.17632,2.99491,5.19068
4.85529,4.56729,4.85604,4.34635,6.62199,3.79687,3.85622,3.91142,3.95855,2.28147
4.25052,3.67307,3.74108,4.03877,4.3331,4.77496,1.84417,2.65094,4.94558,4.83511
4.16911,5.07711,3.34347,3.47363,4.18412,4.44769,4.54721,3.84676,4.70925,2.66654
3.54377,5.08917,6.95464,3.72147,4.678,4.26858,4.26273,4.03999,6.00816,5.11009
5.64446,5.56618,3.87438,5.72954,5.2498,3.45849,3.92795,4.32472,4.04964,3.86583
4.16988,4.13869,4.60768,4.48596,4.92492,4.64102,3.56251,3.71363,3.60338,3.71801
5.18208,3.76664,4.10393,3.8593,5.46649,3.18611,2.60942,3.94163,3.62585,3.74284
3.84288,5.96648,3.57135,4.33673,3.69618,4.28979,4.8182,3.68824,2.63734,4.80974
5.36357,3.67518,3.62993,3.43819,4.72814,5.92336,3.28262,3.79121,5.08561,3.51182
4.22988,5.61248,3.39831,3.88723,4.52941,4.04141,2.84561,4.3638,5.28155,5.58044
5.23354,3.51216,5.53268,4.30025,2.62453,3.15449,3.28107,5.3265,4.51351,4.11296
4.03117,3.34797,5.71696,2.60655,2.79845,4.1381,5.64291,6.01274,5.03803,2.1466
3.82857,3.01305,2.44047,3.92444,6.24689,2.87989,2.92282,3.58527,4.21154,6.3601
4.28343,4.01702,5.04847,5.19411,2.42866,3.75156,3.94608,3.64565,2.95534,3.62837
3.86949,4.68178,5.87631,3.13169,3.38085,4.80072,2.71682,4.08568,3.44362,4.24043
3.8785,3.75438,3.32901,5.46259,5.49404,5.31841,4.66752,4.20046,4.61557,5.08604
4.52821,3.51495,3.55906,4.23922,6.58682,4.65527,4.9015,2.68023,4.56889,4.25212
3.70289,2.8458,3.46582,4.80805,6.21183,5.28396,4.96943,4.17037,5.03261,2.22962
1.66927,4.88687,5.26292,4.04715,3.65111,6.39617,3.29787,4.07348,5.03557,5.02128
3.1517,5.85306,3.91928,3.80497,3.90853,2.53329,3.06719,4.62072,2.11083,5.73388
4.19835,3.59781,6.05704,2.94935,3.18354,4.10835,5.61453,3.21027,4.65496,3.05224
2.79561,3.90713,3.97967,4.3141,3.07174,4.63263,4.88639,3.92455,0.883408,3.48679
3.22114,5.12404,2.76045,5.24068,5.3781,4.4382,2.79738,3.08232,4.61659,2.04859
4.05871,3.61087,2.95567,5.09556,4.80991,3.45032,3.9717,5.24311,4.42633,4.34506
4.89817,4.86986,3.32587,4.21468,4.52991,3.35252,4.28291,3.58094,4.01129,5.20242
5.01373,3.00704,3.12028,5.02757,4.69877,5.16951,2.54415,4.83424,3.3253,4.10195
3.22485,4.51154,5.05055,4.78259,5.31682,5.17762,3.1858,4.64001,5.30121,5.64879
4.17715,2.79541,3.37286,3.82715,4.29096,3.21802,5.29916,2.06551,1.80595,5.04116
3.29094,3.10754,5.61592,4.36864,5.58349,1.60423,4.37258,5.15448,3.97393,5.0113
4.20839,4.83163,3.80516,3.10868,3.33755,4.37298,4.14269,3.2459,3.31224,4.78942
3.50855,4.58068,4.19229,4.37895,3.14443,3.65415,2.88516,4.29429,3.18232,4.80617
4.24783,3.92199,3.02877,3.9257,4.07561,4.30611,2.05143,3.87737,4.32832,4.63042
4.37962,3.56795,3.78722,5.68938,2.85236,4.46203,4.78421,5.58647,3.44566,3.81256
3.76604,3.94506,4.93579,4.72693,4.03652,3.8599,5.43369,1.73022,5.60525,2.61986
3.12002,4.43204,3.63972,3.36583,4.13791,4.77424,5.13231,5.48346,4.71194,2.18287
5.68013,3.75019,3.47655,3.05721,4.09001,3.74938,4.52826,5.11823,1.96712,5.52819
4.37997,4.40381,4.57997,3.73318,5.28823,3.61428,4.28323,3.70294,3.02518,3.38473
4.53257,3.19449,4.38187,3.67942,2.71563,3.91564,2.80649,4.87435,3.06456,5.68826
4.12657,4.41426,2.23837,4.51237,3.1616,2.30246,4.53973,3.96794,4.9457,2.65314
3.03587,3.73017,6.24803,3.46483,4.52164,5.18664,3.44725,3.61472,3.93197,3.55202
1.90968,4.36398,4.74222,3.44432,2.81972,3.25804,5.03337,2.72333,5.73609,3.30799
4.52505,4.66401,2.43601,5.35746,6.89874,3.51718,6.08378,4.15096,4.20595,4.98599
3.41774,2.34045,3.77502,4.32054,3.36088,4.38612,3.89613,4.37124,4.68,4.1045
4.26528,3.88701,4.22437,2.81392,4.74687,5.17456,6.66308,4.86129,3.49239,4.85199
5.05108,4.73421,3.49236,2.72751,5.88041,4.96865,4.05373,4.33234,4.77138,4.73613
3.30541,4.00236,5.32425,4.67107,5.65851,4.42604,4.00564,3.59107,4.13863,4.40682
3.39926,4.65356,3.73644,4.5383,3.10716,4.20377,4.59103,3.66126,3.79801,3.24581
2.98337,1.71193,2.91305,3.01504,2.91641,3.77395,4.16562,4.52387,3.50202,2.79029
3.56499,4.43889,3.77358,3.75981,3.16898,4.01552,3.36353,3.77047,2.37735,4.65245
5.0735,2.75734,3.27335,4.14954,3.48061,4.03057,3.04363,3.51337,4.06697,3.39671
4.88506,4.54373,4.34783,4.46308,4.7508,2.91402,4.96512,6.04131,3.9597,5.60189
4.27998,2.79095,3.98827,4.46703,3.16223,2.87937,3.52978,5.09641,3.33025,3.30787
2.73883,1.84144,3.49913,4.49798,2.69194,4.28652,4.21349,6.59853,3.28403,4.57268
4.0251,3.17996,4.44446,5.16744,3.05135,3.01497,3.78917,3.48357,3.83913,2.88545
4.59271,5.29825,4.5201,3.88396,3.64477,3.37698,3.5461,4.79929,4.13347,2.24242
2.88128,3.19874,3.69328,3.78083,4.05652,3.86884,5.08035,4.50597,2.10031,2.28906
4.38744,4.87462,3.36409,3.90844,4.52046,3.67034,3.60542,5.64721,2.82735,3.75792
6.35563,2.58802,2.76208,3.88489,4.40199,4.71309,6.42723,4.72053,3.70431,3.91465
2.71855,3.55954,2.3091,3.38637,4.28561,3.39991,3.81964,4.35614,3.82039,3.18711
3.03337,3.98148,3.57756,4.79032,2.89575,3.71987,3.49319,3.60114,4.23485,3.22956
3.1313,3.82334,4.68981,4.33801,3.35613,2.49282,3.48659,3.44258,1.89078,4.82776
4.8044,6.35245,3.46133,5.30455,3.85999,3.67149,4.13186,3.89874,4.07826,4.66493
4.61859,2.84636,6.1357,3.14287,5.89114,3.9803,2.12329,5.19808,3.89414,2.55865
4.75875,3.44178,4.13759,3.41741,5.22895,4.04505,4.02713,2.66043,4.55647,4.5686
4.37428,2.74437,4.01727,3.23306,3.4207,3.42396,3.59054,3.59665,3.56871,2.20106
4.49449,4.61369,1.84215,4.19257,4.12267,3.779,3.77694,4.39891,5.03085,2.67394
4.54961,3.71899,2.75831,3.5657,3.24115,4.42522,2.97192,2.50189,3.38251,5.37664
3.78084,2.31714,2.47401,4.45167,3.44788,5.50678,4.66415,4.24008,3.03362,4.41088
3.48851,3.37492,3.65162,1.66325,2.25868,3.54363,5.16464,4.25178,5.99526,4.83251
2.54033,2.94391,4.62796,3.64601,5.11332,4.37696,4.87005,2.19214,4.90306,4.74981
2.55078,4.54873,4.88198,1.90807,3.7688,4.52909,3.57001,4.15695,4.15526,4.20757
3.43334,4.24036,4.39437,4.10238,4.42597,2.66072,2.43387,4.71559,2.85346,2.9999
3.50568,1.04466,2.31,4.29105,5.53472,4.12754,3.32642,4.88597,4.87171,3.43651
4.60419,5.65313,5.05808,1.99801,3.94298,4.81317,3.73876,4.52721,4.9725,5.92041
6.01445,2.77705,4.67448,4.01974,2.03368,4.45791,4.5735,4.09234,4.85085,2.06075
5.33383,5.5822,2.75362,4.0809,4.81288,3.60125,3.91088,3.78824,4.58722,3.49333
3.78965,3.57792,4.01182,2.99304,5.41618,3.02681,5.46556,4.8967,3.61823,3.92782
4.69926,4.06941,3.95744,2.95932,4.55214,3.49993,1.45337,4.27729,6.32075,4.18543
4.09618,4.50525,3.9632,3.283,4.74095,4.33974,5.28749,5.12442,3.95928,1.6564
4.26137,3.94777,4.12977,4.72494,2.97459,5.05139,3.54487,3.81883,5.2136,5.89031
3.42643,3.71889,3.94797,4.26964,2.59736,4.24314,3.48139,5.6322,3.88028,3.0323
5.67877,4.94725,3.26946,3.3206,2.96456,4.45895,5.48649,4.0517,4.50595,5.06586
3.5891,3.27225,2.94966,0.761875,4.23526,5.64893,3.65644,5.26814,3.20575,4.46054
4.24008,4.27947,3.68814,3.52507,4.03782,5.15309,4.38432,4.48234,2.81962,3.81605
5.23778,3.28477,3.31518,3.72749,3.73416,2.99623,4.68659,3.90127,3.10827,2.46971
3.73558,4.30958,3.94333,1.75605,4.66086,4.56016,4.7005,2.49861,4.37433,4.32436
3.32021,3.44268,5.56648,4.00831,3.63707,3.44502,3.69912,4.40701,4.01911,4.93447
1.88462,1.97641,4.27215,5.23177,3.78994,2.04858,4.13011,3.75943,3.54818,4.68728
3.00017,2.58062,2.40882,4.61563,2.98319,3.91805,3.83688,2.27533,4.17682,2.59363
4.12768,3.30093,4.21533,3.83716,4.53772,4.16234,3.02135,3.02611,4.16809,4.96869
5.33653,0.814005,4.25125,4.25311,4.31101,2.96821,4.83558,3.21818,4.79504,5.47657
4.28059,3.83952,1.48868,4.05823,4.33568,3.16545,4.49005,3.53636,3.88506,2.40303
3.1366,6.29461,3.40885,3.50998,4.35159,3.129,3.46882,2.5245,3.73486,3.22612
3.67647,3.83379,4.66654,4.6543,2.25796,3.50667,4.36078,4.13011,2.29965,3.72333
3.9934,3.24555,4.40925,5.38388,4.29941,2.59041,2.10077,3.2839,2.92726,5.22682
4.42197,4.33774,3.76266,3.35452,3.7653,4.43813,2.01086,3.04765,4.24477,3.53683
4.90637,2.89147,4.47116,3.07043,4.46322,4.13021,4.75677,2.24138,2.54842,5.48525
5.05568,4.64079,5.12891,1.76702,3.69822,2.49804,2.72062,3.38723,4.60317,5.34953
4.644,3.64874,4.28835,2.51794,3.58738,2.53577,1.88159,3.18881,4.96303,5.63645
3.00492,3.51805,3.63153,2.72923,3.63485,3.08106,3.92341,3.72594,4.51699,4.71148
3.70493,3.05422,3.98214,3.56744,4.05444,4.05306,3.99732,3.19296,5.18123,4.35521
1.77068,5.11049,4.79047,5.79915,2.65782,4.41699,5.11873,5.57677,3.45341,6.02094
4.42867,6.37534,3.66344,5.64591,5.14231,2.53358,2.54398,4.10121,3.866,4.65192
5.99984,4.14799,4.91615,5.24523,3.04277,3.09892,2.98068,4.44209,4.05941,4.06175
4.38774,2.07626,1.87817,4.44073,3.82166,3.15443,5.60536,3.78129,2.9587,2.65749
4.92959,3.18763,2.78557,3.66852,3.37278,5.15399,4.63325,3.1023,6.28751,3.92195
2.43404,4.66417,2.54586,2.37073,4.79875,5.84211,4.40498,4.491,3.63444,4.38648
3.90488,2.13935,3.71332,4.81381,3.88035,1.46889,4.83262,3.10343,4.9515,4.616
4.25737,3.70351,4.07351,3.10786,3.79692,3.95502,4.38294,4.68564,4.01948,5.14468
3.56862,4.71942,4.85621,4.58378,4.54775,2.10599,5.34265,5.23202,4.63594,3.94196
4.24138,6.00976,3.50482,2.01728,2.67815,5.06618,3.63899,3.66148,3.75908,4.80934
3.69215,5.61599,5.42364,3.67671,3.6598,2.70531,4.85213,3.49265,2.93032,4.31316
1.86842,4.71251,2.87855,3.90864,3.66561,4.84411,3.01169,6.2621,5.47668,5.1925
3.37456,3.25748,3.19121,4.67957,3.5037,3.218,5.03642,3.2802,3.32052,4.69089
4.73835,6.52322,3.0225,4.18528,3.10014,3.36541,3.51271,5.03354,4.69713,4.45463
4.17833,3.60754,4.24202,4.01468,3.9168,3.28042,4.28449,3.27764,5.50669,4.35557
4.46617,3.07471,3.10192,4.42519,4.19979,5.11843,4.84415,4.80464,3.18461,3.80225
2.7762,6.37505,6.08239,3.98187,4.26312,4.49007,3.434,3.42739,4.9135,3.43643
6.47069,3.01791,2.0397,4.1446,5.7048,3.94523,4.6506,4.90564,4.16496,3.41368
3.52057,5.10974,4.40805,3.13551,4.50878,4.31537,5.267,4.45191,4.98027,1.65214
6.67962,6.04843,3.90177,2.7771,4.74018,5.78897,4.30021,4.12971,0.786057,5.57126
4.52763,3.36159,3.57822,3.96912,3.6446,2.15075,3.03921,3.75698,4.35697,3.61304
3.77895,4.30039,3.8832,5.21688,2.51245,4.60457,4.0325,3.90626,3.22831,3.79859
4.03064,5.08051,1.84876,3.87597,6.06009,3.58336,3.28024,5.03516,3.18616,3.66585
3.7955,3.27362,3.50163,3.43833,4.6163,4.25371,4.06803,3.64093,5.94357,3.72322
4.60185,4.33234,2.84158,3.8345,2.80417,4.68012,6.95209,4.84204,2.46572,4.15689
4.43026,4.65697,3.43543,2.63246,4.37082,4.64753,2.84002,4.81076,3.18132,4.12674
5.17347,4.5508,3.7815,5.97212,4.33159,4.92114,2.91605,4.59443,2.81556,4.52688
4.67081,4.33715,4.10059,3.7721,4.70915,4.10579,2.84305,3.26472,2.71386,5.71997
3.60587,3.49353,4.77327,3.78218,4.23414,3.09761,5.85271,3.41333,3.16547,5.23125
6.18068,4.20914,4.2292,4.60432,5.19147,5.92075,3.60731,4.20535,3.26033,3.76421
3.95578,3.88519,2.9835,3.22758,1.51868,2.43247,4.41122,3.99254,5.70455,2.64471
4.40274,3.52922,5.09877,1.15122,2.85883,4.29315,5.74898,2.85124,2.99472,3.42417
2.69734,4.31318,4.52169,6.04587,4.62285,2.05945,4.52706,3.56882,4.41743,5.76286
4.75384,2.82319,4.60108,3.81339,2.50806,2.92136,3.40369,5.73563,4.76007,5.1337
6.69684,6.07942,3.46537,4.17928,2.79786,4.38199,3.34023,4.08395,3.78054,2.58651
4.33161,4.05153,4.59812,4.13991,4.64272,5.42301,3.29791,3.49476,4.64213,3.61475
5.11628,4.49348,3.64263,5.10996,2.90759,3.36723,3.60431,3.33822,1.90402,3.94323
3.32285,3.00257,2.67037,5.29276,5.41075,4.48554,2.66879,3.83232,2.35924,2.59635
3.53716,5.27956,5.26157,4.96181,4.76794,4.55226,2.89182,4.32889,2.88621,3.93956
3.87602,4.0719,3.77175,2.55476,2.04407,4.30278,3.97382,5.65537,5.33049,3.44576
3.02176,4.18534,3.18251,4.64378,4.47312,4.05798,5.38932,3.49077,4.98805,3.44472
3.48916,4.5863,2.87296,2.04389,2.82541,3.89558,4.79095,4.83446,4.03525,4.08459
3.04344,3.66097,2.4249,3.78417,4.02013,3.40197,4.92582,3.01264,3.93263,-0.579441
3.40777,5.51187,3.92857,4.71839,4.22303,4.5517,4.12148,2.49337,2.83283,4.55014
3.76223,4.68246,4.92299,4.44923,2.97086,4.29542,4.58558,4.24676,4.467,4.3096
4.19359,3.26871,2.22248,2.68984,4.74467,5.62907,3.93852,2.93509,3.3264,2.82833
5.13724,4.26061,4.43191,5.25964,4.43461,4.8742,2.42546,3.88271,1.68642,3.56091
4.35494,5.04182,5.58141,4.55129,3.02306,4.71536,3.06943,2.34179,2.54055,4.42558
4.85927,4.96432,3.12493,4.252,2.82896,4.76713,4.60538,4.05574,3.25272,3.60056
2.89994,4.41797,4.36556,3.32448,5.21949,3.19128,4.28547,2.6842,3.73437,4.42959
2.83742,2.7227,4.70564,3.9737,5.68806,4.86562,4.41993,4.71849,4.15289,3.676
3.78973,3.78502,3.3526,2.52776,4.05293,2.66836,3.31975,3.56242,4.67572,4.17905
3.75171,4.97469,3.75722,3.17571,5.17168,6.90294,4.70216,3.84266,3.39306,4.63437
4.54275,4.61131,4.3887,3.61264,3.86573,3.96317,4.79227,3.97355,5.33077,3.43095
3.63662,4.06386,3.75383,4.42855,4.33355,5.76293,4.00362,4.87613,4.60536,5.49934
5.09563,4.85523,2.6364,2.08657,5.18811,2.23049,4.60544,4.18039,2.57901,4.17906
4.18912,4.63078,5.83341,3.98186,3.75512,3.41739,2.33238,5.6108,5.55945,4.96937
5.0762,2.45953,4.05225,3.56088,2.60691,2.98144,3.15645,5.05559,3.97077,3.50934
2.65306,4.03713,3.27896,4.76861,5.23352,3.53742,3.25908,4.94045,2.74855,5.1294
5.02431,3.02803,4.13724,5.03359,5.35757,3.89303,4.15811,4.02699,3.2682,4.21011
2.86333,2.75782,2.1703,4.50962,3.7136,4.32837,5.37704,3.60501,3.83609,3.68454
4.17823,3.2646,4.39362,4.70215,3.61733,3.90676,4.05211,4.02032,4.5199,3.6422
4.15744,3.69502,5.36558,5.27931,3.22223,3.8083,5.72053,3.87302,5.34625,2.31379
1.86919,2.39696,4.232,4.02996,5.90337,3.14931,3.75033,3.61547,3.05682,3.53591
4.27728,3.81586,3.01461,4.06344,4.11673,4.40149,3.34006,5.35287,2.78232,3.99808
3.17203,3.58573,3.4123,5.46965,2.22758,3.52322,4.87525,4.49779,4.42122,2.82353
3.99927,3.04858,4.9076,3.40796,3.12724,4.48107,4.24723,4.43228,4.12192,3.55046
1.5698,2.97047,5.44142,3.15615,2.96398,2.94186,4.08015,2.49673,2.95079,3.22245
4.20182,5.79738,2.43615,3.15673,4.98809,4.43432,3.28746,3.16911,3.75709,4.46017
3.23161,4.68729,5.94437,2.49017,2.87598,5.26075,3.4257,3.35207,6.30629,4.78869
4.74753,3.96656,3.05491,5.89505,4.52347,4.6278,3.13321,3.72779,4.24608,3.78894
2.64519,3.25218,5.60366,3.71198,4.22693,4.41599,3.41086,4.19608,3.43388,3.81781
2.24505,2.92378,3.40076,5.0127,5.08178,3.74601,4.56842,4.64147,4.5339,4.82062
4.558,3.84069,4.14808,3.19667,4.14448,3.57902,4.63921,4.48197,6.18985,4.67561
4.31924,3.41678,2.90607,5.38765,5.11241,4.13884,4.24749,2.52654,3.57284,5.57753
3.77735,5.10899,2.99935,4.15076,4.84879,3.02351,2.30494,3.33686,4.07749,4.179
4.97609,3.47507,3.15253,3.47369,3.18563,3.06385,4.57819,4.70556,5.32911,4.5161
3.69551,3.26232,4.20362,4.18569,5.07391,3.96395,4.65236,2.07392,3.38522,3.61545
4.6505,2.71259,3.36191,5.55212,3.02071,2.7453,3.31709,2.45844,3.71248,3.19847
3.22238,2.43007,2.96265,3.07205,5.05591,2.25784,4.27317,4.82604,3.90861,4.13847
4.28698,4.26878,4.16743,4.19643,4.58683,4.9905,2.17618,5.92143,5.06846,5.80491
3.76328,4.6969,2.83459,5.48078,2.54936,5.11485,1.8735,2.07018,5.57891,4.30645
4.37912,4.95708,2.54963,4.31605,4.70425,6.10089,5.09942,5.8637,2.91194,4.44143
3.75066,2.03642,5.52454,3.65399,4.80598,5.39396,5.24573,4.78805,4.72122,4.77351
4.96262,3.4075,5.56365,1.30319,5.85164,3.82957,4.93343,2.48809,3.74339,3.35643
5.63765,4.15856,3.78384,2.64974,4.43857,5.2931,4.49798,2.67178,3.12603,4.48132
4.79045,3.36917,4.02922,3.16083,5.12016,4.31687,3.11844,4.3298,5.81483,3.18343
3.01816,4.09739,3.57263,4.4628,5.30279,4.29883,4.03195,3.41122,4.14325,1.74493
6.32794,4.4738,3.69227,4.06598,4.80147,4.80457,3.62378,3.97563,4.45876,2.50052
4.57175,4.42269,4.5667,3.40285,1.83292,4.20489,5.18603,2.91838,4.36418,5.90871
3.64818,4.23487,6.38238,3.39279,3.808,3.64204,3.96437,2.15495,4.19284,4.40223
5.08398,3.9312,3.58223,5.69437,3.24643,5.80596,5.34025,4.37851,4.54978,3.1465
3.98116,4.92611,2.85699,4.71515,4.81181,3.04881,4.40382,5.03473,4.16907,3.42372
3.11065,3.87372,2.40032,4.39947,3.67582,4.19458,4.73193,5.1794,3.92046,4.51453
4.52726,3.57164,4.58981,3.05348,4.46453,5.3797,2.86572,3.73694,3.67589,4.64196
3.14883,4.19542,6.03417,3.46119,2.63544,6.23972,4.95188,4.86118,2.90621,4.46071
3.20594,4.17955,3.99125,1.99994,4.26268,5.05534,3.68713,4.68126,2.00393,3.37221
3.68875,2.4855,3.42694,4.1813,3.36608,3.79488,2.13271,3.62163,4.72894,3.87593
5.24906,5.02449,6.21113,4.28594,3.89056,3.44378,2.67425,4.72976,3.55614,3.54907
3.76408,4.22453,6.0817,3.45745,3.90959,4.70041,4.38484,4.11495,3.66654,3.16456
3.99859,4.66988,3.9992,3.57007,2.7549,3.33213,4.00055,3.75006,4.22616,4.27104
3.86531,3.89236,3.17442,3.8641,4.017,2.85632,3.13234,4.85454,1.49884,3.72129
3.48659,2.4549,3.43944,4.44801,4.79675,3.49554,4.12651,4.8649,2.81923,5.22764
1.6701,5.15491,5.73079,3.12902,2.6502,3.61453,2.78676,3.91393,4.38797,5.18713
4.69193,1.30757,5.12158,4.3235,3.35068,1.74526,4.95739,4.19421,3.64715,5.14491
3.45101,3.61925,4.0559,4.40953,3.30122,4.53189,3.15423,2.88215,4.28031,2.45732
4.37602,3.35719,4.68181,4.80651,5.36095,3.5751,5.02809,5.02765,4.28019,4.58889
3.95832,3.78797,4.09215,3.02259,3.80921,2.03338,4.37671,6.34807,6.76351,4.24115
3.84638,4.11357,3.26607,5.04716,4.90556,3.60123,5.0811,3.48264,2.30778,4.30702
4.79426,2.62805,4.18121,4.49437,3.82138,4.62108,4.83085,3.66149,2.56894,4.0029
3.11305,6.43311,5.19218,3.05959,6.55403,2.98957,3.24263,2.80383,4.87416,5.0162
2.98272,3.16102,2.68863,6.39372,3.88616,5.81811,4.142,6.2565,3.20557,4.19125
5.54828,3.74883,5.95431,4.64362,3.13999,4.82545,4.38948,5.24731,3.39703,5.18698
4.85838,5.5585,4.49421,2.96767,5.51386,3.18871,4.4187,5.12939,4.6139,1.8645
4.7045,3.41457,4.08744,3.92941,3.73388,6.27161,4.61585,4.30058,3.91132,5.39727
2.87277,5.50621,5.55052,2.96667,3.0488,3.97707,2.72998,3.76415,3.86158,5.15097
5.44464,4.88064,3.26435,4.21908,5.07057,1.7689,3.21635,2.20808,5.381,3.96125
5.87717,2.19722,3.99051,4.81181,2.96112,4.80379,5.31642,3.3102,2.60596,4.1173
2.58575,6.18959,4.84017,3.41523,3.5597,2.66032,3.17141,4.24574,3.17837,3.24239
1.06662,4.46086,6.40615,6.16308,1.64233,4.07221,2.49353,3.19403,3.28426,4.20445
2.97216,3.28195,4.79227,4.08967,2.74156,4.37641,6.04908,5.45572,3.97189,5.6778
6.59458,4.43264,3.10545,2.58281,3.83899,4.38502,5.33177,4.6488,3.11554,3.36785
2.46382,3.51913,5.22159,5.646,3.04094,4.08873,4.78526,4.64553,3.52148,4.41296
4.09774,5.46254,3.71551,5.51471,5.91436,3.15823,4.47885,3.59217,2.3698,2.67803
3.7111,3.57523,5.29659,4.96835,3.8223,3.31129,3.36287,2.3424,5.40946,2.6292
4.52425,3.4276,5.21271,3.89713,4.2773,3.49794,3.99404,3.33015,3.58177,3.67987
1.43768,2.95767,3.47119,2.1877,4.66586,4.28347,4.45445,4.66637,2.16681,3.27076
4.58151,6.23198,4.06154,3.33634,1.53348,3.17296,2.97788,6.28828,3.99715,4.58457
4.46451,5.66361,3.49234,2.02964,3.8121,2.52865,2.48871,5.56395,3.97764,2.72053
2.8688,4.83038,3.22311,3.65459,3.02754,3.07859,2.95402,2.83407,3.9575,5.95039
5.31312,4.83393,4.66592,2.74443,2.65424,3.02961,2.9436,1.95658,3.42129,3.31475
3.62436,4.967,7.43936,3.60263,4.10692,3.72219,2.28367,5.6539,2.56541,5.13991
4.22808,1.30951,3.24634,4.56902,4.64092,5.3162,4.58683,2.63662,4.08821,3.12816
4.06428,6.07635,5.68497,4.32157,3.39662,2.47694,2.3804,3.02348,2.35437,4.59467
3.29587,2.75092,5.44253,4.88525,4.15566,2.26434,2.9713,3.72493,4.26646,4.02328
3.26627,4.73126,3.37764,4.79922,5.47462,4.63493,3.72322,5.22978,4.48649,6.13903
3.73002,3.39091,3.72526,4.17992,4.19587,4.34885,4.14508,4.4287,3.62113,4.54877
4.22499,4.89517,2.53196,3.5467,3.51692,3.24214,3.97839,3.06896,4.11501,3.88241
5.02347,4.13131,3.3159,4.218,3.79685,4.40336,4.93359,4.52722,4.06876,2.61212
4.96052,4.72488,3.43906,4.90151,4.0375,2.77214,4.50184,4.65204,4.70688,3.68603
2.82597,5.03136,2.67145,5.30597,3.46176,3.56559,4.3239,4.35236,4.74211,1.16634
3.55451,4.69537,3.71612,4.12559,4.5956,5.49807,3.25837,4.58338,4.68727,3.18437
4.29545,4.56309,4.64235,2.9749,6.18223,4.70686,4.79622,5.11409,3.5042,4.67845
5.63017,4.09621,3.0556,2.84617,3.77576,3.53253,5.6841,4.43835,5.74672,4.9568
3.97453,6.08152,5.01666,2.76921,5.81316,4.17971,5.52745,5.04471,3.54151,4.18867
4.3306,3.4152,3.57457,2.96054,3.67996,3.0207,3.78093,3.8136,3.46525,4.64631
2.70267,4.46698,4.41882,3.75819,5.07906,5.89452,2.72363,3.25056,3.75604,3.79079
2.08077,3.52724,4.99428,3.91754,6.05102,3.32922,3.09638,5.05575,1.55537,3.23943
4.39432,4.84374,2.22067,3.27622,4.42606,4.11766,4.5765,2.7019,2.79899,4.66583
3.56776,4.46972,3.46842,2.69387,5.0642,3.57868,3.12201,5.16404,2.56334,3.14226
4.10693,5.24835,2.30318,3.3991,3.78385,5.73094,4.20228,4.40008,6.49938,2.46236
4.47684,3.2352,5.35266,5.03679,4.44845,2.77781,5.89855,4.92366,2.5591,4.49164
2.53909,5.46449,4.77859,5.09111,3.46761,5.1837,3.19302,2.74144,3.28292,4.30601
3.79129,3.26556,4.99165,3.78995,1.76887,5.20342,3.31649,6.25002,4.59799,4.2043
4.54049,3.13838,3.91169,4.51564,2.9104,5.3915,4.10427,2.92432,5.11618,4.44449
3.40114,4.27051,4.46609,4.33411,2.78322,5.43389,4.18061,4.18242,5.60214,4.07849
5.19867,5.38462,4.73001,2.57194,3.18556,3.48347,5.54263,2.41993,4.44125,4.76653
4.18059,2.9817,5.2402,5.31274,4.1012,4.54126,1.79484,3.2337,3.46307,5.50724
4.237,2.20797,4.61199,5.07854,1.77995,3.85399,3.725,2.77318,2.604,2.40506
3.82477,3.74985,4.99928,2.76906,5.24428,5.22297,3.06647,4.20794,3.88888,4.81326
4.36546,4.87543,4.73588,4.63311,3.21918,4.02944,4.93779,3.46701,3.6053,2.68747
5.87768,2.77015,2.84933,2.37798,4.08195,5.18913,3.50531,2.83146,3.32257,3.43735
3.17892,3.83651,6.52625,4.38824,5.31866,3.55035,4.68351,2.98465,6.21209,3.83494
5.55377,5.60859,4.17289,4.34502,3.34505,4.34928,4.61031,4.68915,4.11602,3.10201
3.41205,3.94475,3.27209,5.65543,3.99516,3.61765,3.97374,4.81934,4.14898,4.82976
6.34434,3.71886,3.08192,3.40456,3.79506,4.55371,4.4218,3.84205,5.42479,6.33075
4.54416,3.66668,3.35922,2.89476,3.6602,3.74162,5.30346,2.12214,3.94326,3.85115
4.29974,2.6812,2.29453,2.05272,3.52104,3.7568,3.52115,3.70427,3.71564,4.44077
3.12402,4.65519,4.16057,4.33913,2.71356,3.22258,3.18389,3.61568,4.23046,1.64455
5.84226,3.67269,4.46062,4.29306,5.2552,5.18362,5.25227,2.30606,2.60981,2.73261
5.13997,1.56003,3.79717,5.07882,3.41142,4.85598,5.10666,3.47522,3.82476,5.33663
3.28632,3.1636,3.01003,5.37535,4.90298,2.14304,4.60106,1.86218,4.45259,3.23348
5.845,3.09393,4.53996,5.63146,5.08498,3.45324,3.88881,3.46243,3.50398,3.12205
3.61719,3.7934,3.15258,3.44084,5.35097,5.0905,3.34891,5.18155,4.44073,5.13432
4.97768,5.52268,2.54864,5.70335,4.21324,3.29566,3.85716,5.10244,4.42946,2.92456
5.51778,5.38283,3.7741,1.58881,4.91354,3.21637,4.01958,3.53625,2.27669,3.27585
5.59638,3.44992,3.42307,4.30703,3.00837,4.74775,4.16344,4.28567,3.87725,5.72341
4.1348,2.95394,3.49605,4.48063,4.10045,4.83767,3.77063,4.39479,3.66145,4.18672
3.85186,2.22531,4.22574,3.16724,5.54915,4.4326,3.8766,4.25438,4.17066,5.48955
3.83834,3.55518,3.8392,4.11887,4.44355,5.94794,2.87818,4.15499,4.26647,3.68215
3.92675,2.5193,3.61609,3.96063,5.06436,3.09542,4.96221,4.44432,4.35204,4.38207
4.45785,5.27014,2.69109,4.8966,4.20757,2.88144,4.44726,3.8619,3.00355,4.20424
2.0476,3.93,4.53075,4.45549,4.15702,3.1451,3.56156,3.69726,2.89851,4.03177
4.46804,4.77872,2.82358,5.68078,5.42351,6.16974,3.51175,4.11165,3.45383,3.09733
4.43317,4.49969,6.23537,3.24354,4.89721,4.16745,2.31651,3.28993,5.16265,3.98554
4.17417,3.62299,1.98851,5.14023,4.31236,5.25073,3.9696,2.11228,3.67571,3.90634
1.88152,3.82189,3.31548,2.83838,3.47423,5.33864,4.58998,3.93907,4.13394,3.87504
4.7011,3.79758,2.61329,3.53271,5.41287,3.54703,4.18585,4.60449,3.57252,5.83809
3.50112,4.31911,4.01928,2.49353,4.50686,3.38822,3.85119,5.4636,4.63604,3.68365
3.88559,6.2361,3.67829,1.98126,5.58405,4.6115,2.91602,1.59664,5.24222,4.56385
4.91993,4.97791,4.50326,5.37176,3.7898,3.53932,4.79182,5.45564,2.26604,4.93557
2.07026,3.92499,3.91352,2.81453,2.24562,2.40727,4.31104,2.6869,0.878205,4.88637
3.04023,5.43425,3.78836,4.42581,3.96884,4.1363,3.61665,3.07295,4.21013,3.84111
1.4069,2.85887,4.28456,4.57721,3.80554,3.96574,4.12866,4.12675,4.87109,3.05449
2.49648,3.3221,3.19018,4.45774,4.40998,3.38779,3.93594,4.05145,1.83395,4.58619
3.33517,3.69187,4.72675,4.61567,4.84306,3.97552,4.65638,3.89555,3.3292,2.60136
3.1323,4.03649,3.40436,3.88488,3.98131,4.76068,5.52903,2.24355,1.96593,4.03114
4.41413,4.62363,3.79655,4.74193,3.89229,4.89561,3.46555,3.26685,5.59398,4.71688
3.3554,2.52886,6.14255,1.73584,4.20753,3.5522,4.37527,4.98995,3.70524,4.36977
2.07215,4.01277,5.2856,2.47536,3.83734,3.40451,5.15481,3.31738,4.51554,3.36158
3.19959,4.44476,2.80921,4.157,4.68939,4.8578,3.1241,2.94098,3.90372,2.76459
5.01214,3.76727,1.70438,3.05175,5.60398,4.17493,3.59996,2.56157,2.66602,4.99667
6.22061,2.48853,4.56641,5.1645,3.73081,2.09877,3.92803,4.6585,6.1457,6.84929
3.65275,4.45085,4.68185,5.30104,3.69547,2.78291,3.15357,4.29851,3.92436,3.76743
2.86322,4.61167,3.5224,5.16852,4.52855,4.85465,4.50839,3.65739,3.23396,4.72236
3.61252,3.39718,3.04877,4.41705,3.47744,3.60347,4.18332,3.81674,4.75933,3.83688
4.3489,3.93339,3.64926,3.66872,3.71997,1.59529,3.37426,3.50317,3.71906,3.06084
5.09186,4.36158,2.77396,4.6525,2.77072,2.86846,4.84116,4.78858,4.33169,3.76516
2.59409,2.71108,3.69553,4.66881,3.1862,4.34129,6.24278,5.74681,3.42715,2.76027
5.661,4.54215,3.4332,3.4587,3.03265,3.88932,4.07338,2.88904,5.40067,4.83075
3.61452,4.09434,4.35788,4.8618,2.43777,4.82134,5.41897,5.62402,5.15507,3.33927
4.8921,6.04834,4.30495,3.32879,0.912708,3.74608,3.90358,1.53822,3.69439,2.78617
2.69822,2.9319,3.34774,4.93647,4.02927,4.63347,3.27213,5.00604,3.60007,4.43344
4.01806,3.08096,5.38684,4.88798,3.21634,4.28217,5.27725,4.56809,5.52933,4.80311
1.90632,3.55061,3.6895,2.67716,3.01073,5.63823,5.17386,2.25845,4.20748,4.31972
3.15819,3.3329,3.31567,3.26714,4.69276,5.30562,2.88112,4.36001,3.86791,3.6699
4.48186,4.98755,2.12424,5.07674,4.08338,3.9167,4.37176,3.44506,5.04515,2.87083
4.99346,3.85552,3.28535,2.95389,2.574,4.52979,3.9277,2.7959,4.95443,4.86948
4.71784,4.36741,5.14635,3.19802,4.70114,5.71918,3.30895,4.09017,3.22392,3.10865
5.08098,4.51338,4.70466,3.06954,2.67909,2.59998,3.17031,4.36496,3.8865,5.58644
4.53797,2.18742,3.09323,4.54719,3.10953,2.72458,2.1259,5.37243,2.80403,4.72019
3.84269,4.87927,6.14065,3.58834,3.68146,2.61523,2.40359,3.54942,4.07251,4.76389
4.15223,3.76742,4.52627,3.89829,3.96182,3.25832,3.87156,3.82388,3.62823,5.29745
4.32314,4.82369,1.48502,2.96468,4.55391,4.0297,3.36323,4.9439,2.90435,3.92617
3.15654,4.16605,4.2166,3.51479,3.08682,4.33982,4.52185,4.93946,2.82276,4.04678
5.78132,4.41059,4.56753,5.78435,2.80476,5.06332,4.99411,3.34646,3.33655,5.44111
4.25146,4.80557,5.46268,4.48585,4.15784,2.33746,3.67865,4.02037,3.39,2.87034
3.05932,5.52095,3.57847,3.8125,2.47293,4.93596,4.41315,3.94211,3.10921,4.00699
4.77467,4.02451,3.23559,3.78594,3.70093,4.80136,7.68806,4.30718,3.31829,4.46748
4.48055,4.22095,3.26455,2.99,4.40644,4.05695,3.83995,4.02089,2.86557,5.43091
3.80825,4.87269,5.43589,4.69791,4.77602,0.963551,5.50991,4.46447,3.7354,3.12882
4.66515,4.44308,4.94669,3.18198,2.88159,4.46386,3.723,2.67265,4.87178,3.48068
3.92498,5.30902,3.31957,1.71256,3.22484,3.0065,2.7155,5.33495,4.96832,4.11417
4.14697,3.29348,4.46328,4.80837,3.47897,4.89808,3.563,3.35872,3.18245,3.61161
3.48261,5.50443,3.20665,4.45847,5.9991,2.41427,4.17574,3.30431,4.83728,2.4969
4.9392,4.62585,3.01495,4.68082,4.15849,2.98557,3.73439,3.78611,3.6862,6.4879
5.35705,3.91795,6.11643,3.92328,5.47433,4.54619,3.18797,3.08577,4.09688,4.17279
4.84539,3.60388,3.21301,2.04173,4.18536,4.29922,3.22657,5.00022,2.68954,3.7765
3.73858,3.05794,5.48288,3.93421,3.22336,2.92707,2.33507,3.84859,2.5385,4.28685
3.21854,3.29776,3.88171,4.71634,5.14032,5.17137,5.20614,4.13897,5.06289,7.6414
3.54059,4.00931,3.04518,3.6796,5.79297,3.17465,0.723463,2.85765,6.1457,3.34227
4.01994,3.14352,3.34127,4.10248,2.57936,4.3906,3.64328,4.26696,5.60196,3.69754
4.51186,2.06732,3.66803,6.10666,3.06,3.81951,5.23565,5.46601,3.88105,4.65461
4.10511,4.41264,3.25148,4.10368,2.26309,3.95335,3.85065,2.24898,3.81727,3.95013
3.9222,2.35204,4.61756,3.72368,4.28307,3.14924,2.50459,3.85646,3.78366,3.34161
4.56624,2.92487,3.77162,2.94482,4.00039,4.57993,4.14515,2.79112,4.9788,3.35057
3.04143,2.8607,3.55241,5.87135,4.087,3.11251,3.33374,4.19372,3.2845,4.26404
4.70182,4.94128,4.07865,5.96234,4.5912,3.21112,3.02708,6.18165,5.49304,3.73006
2.38689,3.09197,4.44828,3.50201,4.89876,2.88896,5.49273,3.17162,2.09276,3.67021
4.9598,3.50734,3.4287,3.46523,3.42738,5.69995,4.92861,3.47428,3.85888,5.19041
3.17869,0.799489,4.41409,4.55753,3.90827,4.51208,5.76325,1.94244,3.02418,3.30117
3.05084,4.18603,1.93924,4.26255,4.18648,3.91711,3.13687,4.83892,3.65985,4.19359
6.06661,3.98256,4.15869,4.68799,3.24126,3.34532,3.30332,4.64209,6.47398,3.18748
4.90481,3.99768,4.18066,4.46837,3.17256,5.93458,4.72188,3.18931,3.45344,4.47643
3.13994,3.75462,5.16882,4.44469,2.79884,4.74496,4.14655,4.08347,4.62335,4.4977
3.06715,3.08419,3.92043,4.33733,4.14719,3.19232,4.81478,1.5922,4.49467,5.49398
3.55486,3.122,4.00091,4.68517,3.2586,5.1404,1.97828,5.20346,4.53279,5.53527
5.97262,4.93642,3.28916,4.91916,2.83418,5.24228,3.28438,3.15476,1.68645,4.1148
3.14641,3.90747,1.5993,3.7318,4.28395,5.6217,4.82665,0.970016,3.97494,3.39699
4.78143,4.81108,4.87997,6.35419,2.37826,3.23541,4.01085,5.05968,5.53744,4.67799
4.87445,3.74553,4.19355,4.13597,3.43953,4.66887,2.93114,4.56703,4.24684,4.44934
2.1685,4.89701,3.92146,1.76354,4.73531,3.03894,5.62496,3.87344,4.05183,4.64121
2.56742,4.09372,4.95985,3.76592,5.92613,4.80875,5.18716,5.93684,2.89304,3.08451
4.05803,3.70475,2.83277,4.44299,3.63998,3.00216,2.9555,4.06273,2.68001,5.57065
5.48684,5.33024,4.50231,4.09329,5.61821,4.86654,3.79209,4.70213,2.82221,5.41343
4.40693,4.1396,4.09092,3.05933,4.36292,5.35617,4.03973,6.33375,2.63754,4.08352
2.57187,4.49844,4.27551,4.50028,4.14912,2.14351,2.63614,2.62123,5.49916,5.15953
6.2327,3.56539,5.65903,2.84535,3.05208,3.67373,4.62081,3.32749,4.33016,3.98049
3.76163,4.20495,6.05826,4.21204,2.1604,4.10323,4.62994,3.4385,3.51565,4.77266
3.72647,2.58822,4.90214,3.71806,2.52981,3.84396,2.70892,4.48619,2.52054,3.04359
3.13173,2.91953,3.58392,3.09903,3.89847,5.4421,4.5021,3.18977,4.91438,3.23135
3.52508,4.41581,5.17756,4.59496,3.10397,3.04741,5.43986,4.11757,3.49326,2.65719
2.55196,4.29815,3.63539,5.32484,5.41977,4.04418,3.97447,3.67176,4.33495,5.60102
3.85057,3.72668,2.60805,5.02653,2.7046,4.10749,2.88544,4.39607,4.40266,3.69605
5.2399,3.8679,2.22314,3.46093,3.39014,3.9001,3.83643,3.35242,3.0499,3.66554
4.84302,2.32024,3.68916,3.72486,4.02063,4.32945,3.67688,2.97469,3.19402,4.09123
4.10719,3.05358,3.6529,3.49933,4.24936,3.21284,3.0093,3.67243,4.7273,5.06426
3.01621,3.66564,5.84909,5.1494,3.80469,4.09206,4.18759,5.5447,5.01393,5.41268
3.40744,2.06576,4.18064,5.17843,4.26201,4.55405,4.13215,3.29772,4.3408,5.79873
4.23846,4.14251,4.85536,3.69903,4.1035,3.66919,4.13309,2.5923,5.30877,4.62357
3.98282,4.81563,3.7246,2.22493,5.07601,3.43835,4.4791,5.38123,3.28303,4.04094
3.75699,4.5614,4.93153,3.666,3.76221,3.76271,5.3261,2.72914,3.72234,4.35048
4.82452,3.80743,4.09911,3.52744,3.49707,3.97269,4.1767,4.74711,4.27915,4.19704
3.06887,5.71483,3.27106,1.71986,2.8262,4.16828,5.10657,3.03075,4.77226,4.88742
5.26986,4.20515,6.36595,2.48951,4.51085,3.9239,3.64826,4.19056,3.92705,4.35377
4.49595,3.80653,4.20671,3.11718,2.91975,2.79371,2.9567,5.03814,4.11094,3.88093
3.30087,4.37754,4.42914,4.12857,6.5098,1.06867,5.43591,3.75086,5.69511,5.09314
4.31325,3.59241,2.45743,5.06096,5.4046,2.50184,2.26468,4.3971,4.06369,3.65503
2.837,4.4018,4.87091,2.99134,5.91448,3.82506,4.24652,4.55563,4.83885,4.71048
3.96459,4.66211,4.4092,2.94582,4.4393,5.11636,5.68425,4.59975,2.96671,3.81533
5.05083,2.05435,3.43663,3.35643,4.70763,3.02097,3.87812,3.94558,4.12324,3.34361
4.46891,2.89225,3.36301,4.04252,1.60773,4.23147,4.96998,4.00939,5.18972,4.45975
4.01075,3.64409,3.7004,3.6602,5.10219,3.57569,2.84449,5.11016,2.90092,3.94059
2.4925,3.36008,4.30283,3.97986,3.45152,2.23686,3.72505,3.52555,3.07768,2.98107
3.15161,5.90216,5.17062,4.25349,3.61381,4.13098,4.10607,3.96572,3.39325,3.49361
6.14471,4.48479,5.04146,4.40649,6.7332,3.53655,5.89127,4.10411,4.62213,4.33941
4.37576,3.31294,4.45087,3.08786,3.1101,3.10802,3.98254,3.99203,2.55227,6.18322
3.96414,5.11007,3.20012,4.64021,3.53536,4.95352,2.28613,3.04705,3.23325,3.70788
2.53393,3.08635,4.57147,4.32721,4.51809,3.51146,5.03021,3.26998,2.87034,4.7614
5.26145,4.56328,0.880231,2.3,4.15688,3.15907,5.62273,2.28799,3.74362,3.42115
6.15267,4.4696,5.78805,5.05987,5.5934,4.40217,3.50512,3.04707,3.7862,5.54627
4.78535,2.38606,4.46747,2.60554,3.50287,3.56492,4.40123,3.79668,3.49768,3.0762
4.52073,4.6089,2.83624,5.05787,4.60094,2.84206,5.20828,3.09725,4.24732,4.334
3.80978,4.12219,3.10028,4.05594,3.97146,4.23616,4.4335,2.29637,4.68473,4.20557
3.53484,4.5255,4.64174,5.42284,5.21875,2.77034,3.90388,2.18157,2.67313,1.97583
4.18176,3.93036,3.01269,2.35197,2.97249,5.2507,4.9708,4.06926,4.4169,4.20219
3.54404,4.61252,2.67876,4.72054,4.00054,3.21597,2.79634,3.0333,2.55907,3.01001
5.10055,4.58105,2.23081,3.1933,2.72674,3.21713,2.73435,4.245,2.48713,3.8256
4.99573,2.68112,3.96722,5.76955,2.84983,4.19062,3.74178,4.19448,4.90276,3.90251
3.14703,3.95498,4.24339,4.50097,5.53824,2.69174,2.06671,3.85133,6.02927,1.96088
5.59938,5.54298,5.76883,3.05548,4.67089,5.24834,4.1083,2.92039,1.75661,4.08931
5.22376,2.07179,3.3358,5.13357,3.90608,2.79339,3.61868,2.34111,3.34876,3.45202
3.80705,3.24795,2.73445,3.20605,3.97391,2.58187,4.73893,4.66229,3.0584,2.97298
3.45755,6.39576,5.33043,4.62227,5.09563,2.93468,2.61249,4.27544,2.09294,3.808
3.73779,3.32021,3.86872,3.86681,4.00113,3.87186,0.85037,3.6457,3.34693,4.48047
2.98938,2.78495,4.38812,3.1828,3.09332,2.36712,6.1624,2.31349,3.76898,3.95504
4.77214,3.56238,4.9436,5.99552,4.87775,4.55481,4.15893,4.46371,3.51205,4.65279
2.91781,3.9131,4.68537,4.62533,3.30189,2.99007,3.65076,4.02432,3.8605,3.84819
5.79296,4.12221,4.96501,4.46804,3.90575,6.19579,3.72358,3.19295,3.42984,2.09404
5.32601,3.63617,2.58508,2.60472,4.56415,3.70726,5.23215,0.998598,2.81311,5.85578
2.2053,3.67279,5.12261,4.54568,3.36422,3.78485,4.42308,5.09208,4.0264,3.2099
2.06137,4.81849,3.10776,3.31734,3.89521,4.44475,4.50077,6.0178,1.36765,5.24176
4.0617,4.20995,2.92893,3.73466,5.74454,2.65446,3.00858,3.55506,5.02696,3.14823
4.43631,4.83976,3.22989,5.68411,5.35851,5.92625,4.34121,4.22655,2.92871,3.074
3.36305,4.24668,2.65262,4.07207,3.22405,4.99159,4.41043,4.34626,5.23119,7.26022
5.23511,2.38351,2.22677,4.60882,5.7507,5.34759,4.87686,4.94069,3.06443,4.01553
2.82871,3.54391,3.10396,4.16047,3.81055,4.04322,2.41409,3.19908,5.49574,4.42344
3.36356,3.73958,5.99444,2.727,2.61397,3.71487,4.48524,3.70451,2.49711,4.83584
3.73999,3.45059,3.34619,2.43634,6.21717,2.25062,3.19893,3.49236,3.9123,3.76984
5.57962,3.38835,5.25807,3.30907,4.30691,4.9116,4.03586,3.55798,3.81267,5.87291
5.12481,4.62882,3.45607,5.40508,6.49019,5.44305,3.47986,1.48225,3.56983,2.95081
3.80477,3.68632,5.94163,4.39629,3.19737,3.23325,5.66285,4.02643,3.76934,5.89447
4.17406,4.16877,4.21263,2.3638,3.15103,4.78383,5.30026,2.31003,2.90431,4.13649
3.02476,2.56094,5.85487,4.81516,2.93607,5.27645,3.83648,2.26802,5.62129,4.14457
4.23913,2.89088,3.89575,4.46991,4.43129,3.38157,3.20482,4.2423,4.07267,6.25494
2.97172,3.99022,5.01448,3.23756,3.21031,3.95492,3.85469,4.24846,5.83097,5.26675
4.24017,4.90517,3.75736,3.14151,3.8152,3.92496,5.34341,5.47641,5.59366,4.58804
3.57055,2.95258,3.29119,3.5919,3.57354,3.92358,3.24203,3.55885,4.07461,4.82286
3.21303,4.55148,4.79868,5.32775,4.33513,5.0981,5.37349,4.5516,3.87135,3.23207
5.12949,4.33675,3.85207,5.16342,3.27541,3.57319,5.04464,4.24632,3.9358,3.46232
3.73041,3.97863,2.19289,3.68041,4.04222,3.82418,2.9709,3.50421,3.49893,4.48148
3.98047,3.70716,4.6622,2.74536,5.1716,2.44092,5.47129,3.9858,3.60939,3.85274
2.38403,4.2532,4.13244,3.67074,3.05602,2.77916,4.32007,2.94559,4.75494,2.75931
3.29323,6.55483,5.37687,3.51214,4.82524,2.53201,3.30046,5.15172,4.48133,4.20849
3.17731,6.58496,4.68655,5.62378,4.72612,4.04342,3.29561,3.03768,2.96422,3.23585
4.40687,3.02156,3.1406,5.62709,4.83371,4.11935,5.04084,3.53997,4.27163,2.62101
3.84568,4.51918,1.52853,2.94931,3.32196,3.46257,4.16076,4.96966,3.30164,1.10318
5.03293,4.80904,5.84831,3.77643,3.73463,3.92139,3.6933,4.45706,3.0455,4.00452
4.95945,2.95091,4.1088,4.16174,5.07379,4.1759,3.62273,4.74221,4.50763,4.2527
5.45046,3.19124,6.13929,3.52269,3.50513,5.45752,4.87029,4.35903,3.49005,1.35001
4.05855,3.92642,3.00615,4.10146,5.71026,2.56858,2.47088,3.68735,4.27213,4.20344
3.35573,3.59306,4.18918,3.65089,2.90353,3.78259,4.21374,3.82837,4.55668,3.82564
3.33483,4.21748,1.04929,4.49349,5.45012,3.78416,4.16434,3.41561,6.04822,5.18174
4.41801,4.51664,3.92359,3.43876,3.52637,1.91617,3.31125,3.14455,3.3822,5.93884
5.68196,4.05152,4.99617,5.13059,4.74465,3.40041,3.45903,2.403,3.10635,3.10108
4.02627,2.9294,3.78035,4.85021,4.8465,4.22525,4.27689,2.39844,4.72626,4.16269
4.58356,5.2244,4.77073,1.68389,5.04502,3.56716,5.06324,3.68155,3.70735,3.81106
4.65332,4.0815,4.09588,6.8294,4.47352,5.92821,4.42327,6.7396,3.86285,3.64335
4.11107,3.90752,3.87505,3.65706,5.95288,2.94146,6.51215,2.88671,4.36446,2.59587
4.20782,4.93561,4.93078,3.18005,4.32487,5.16376,2.6869,4.83018,3.77656,5.77917
4.09586,3.43053,4.95453,4.72532,2.29136,2.94726,4.98629,6.01943,2.05541,2.78888
4.51093,4.10273,4.63367,6.09702,3.5828,3.88966,3.08281,4.81534,5.16312,4.82858
2.746,1.61842,3.45475,2.09174,2.23994,6.43459,4.28502,4.25777,6.0506,5.15156
3.85767,3.76976,5.73648,4.2236,3.68832,3.30358,3.83073,3.49435,3.74982,4.9707
2.95966,2.28658,4.58809,4.05604,4.67217,3.38418,2.38888,4.26735,3.78186,4.14147
3.36395,3.98016,4.73623,3.4998,4.67229,4.41229,2.66652,4.99138,4.90587,4.70419
3.43804,5.52567,2.17106,3.50412,5.9339,3.8741,3.99649,4.11413,4.10577,4.58799
4.58776,3.66066,3.13447,4.36703,3.84953,5.254,3.24018,4.07229,4.36227,4.8312
4.13711,2.3221,3.62174,3.8681,3.0301,4.87574,5.81012,4.0571,4.21057,3.571
4.88678,3.43619,2.13793,4.46571,4.15041,4.11132,1.65882,1.62391,4.17912,3.66309
2.89699,1.66724,2.10037,3.91161,1.7197,4.89476,2.10632,3.25255,3.31103,4.55427
2.79308,4.3513,5.14239,3.75336,3.20656,4.10752,3.55668,2.11475,4.69677,4.2112
4.73057,5.16797,3.31603,4.49325,2.1367,1.52221,3.04211,3.38032,3.32421,3.58317
4.44376,2.61969,4.01244,4.31089,5.5711,4.62077,4.97999,4.40674,4.98106,5.39064
4.60042,4.57125,5.64184,2.58563,3.16934,5.33986,5.00627,4.17783,4.91442,3.72896
4.12891,2.61574,3.09239,3.4258,3.3903,5.55554,2.7177,2.7546,1.68018,4.13813
3.08642,5.42827,3.90804,4.00861,3.99576,3.32345,3.46758,4.19317,5.41345,5.29717
2.98896,2.03269,3.2007,4.45927,3.46708,4.09359,3.76335,2.75157,4.24874,3.83751
3.54008,3.98836,5.44263,4.50622,4.20959,6.31568,3.46804,3.62608,4.04241,5.77498
3.68204,3.77638,5.39621,5.04727,3.06328,4.83248,3.1413,4.84171,3.91527,4.47662
3.21598,3.92486,3.09498,4.79389,3.67123,2.6325,5.35575,4.02742,4.6034,3.53088
3.62931,3.612,4.29961,4.46045,1.92281,3.1651,2.12356,5.50461,5.06601,5.48389
2.79182,2.52387,6.52301,3.88802,3.39065,4.5431,4.00111,2.61016,4.2724,3.92016
2.95822,4.05144,2.51778,4.27368,1.24131,5.74751,2.8329,3.34266,5.80309,3.1419
4.21718,3.16291,4.86723,4.31783,4.56322,4.64101,4.60593,1.70496,5.15184,4.36894
6.0666,4.3644,4.07801,4.02356,3.74334,5.25618,3.51117,4.93524,4.6452,5.90492
3.52415,4.1143,3.29821,5.36929,3.73062,5.69045,4.33352,3.63935,2.82389,3.32935
4.77057,3.77644,4.275,2.34496,4.1242,2.62511,6.033,4.43583,3.88092,4.42328
4.09431,3.08246,3.64909,3.25966,3.78249,4.1479,5.16546,4.33817,5.37843,4.21086
3.31874,1.56626,3.88114,3.48657,4.32699,1.98694,2.69921,4.56614,3.37182,5.1137
6.52093,4.89896,4.12461,4.59446,5.56852,5.29344,3.8077,2.83219,3.95544,2.50411
3.7692,4.74084,2.30661,4.39482,6.18296,4.69972,3.40583,5.77854,3.75454,3.62733
4.34138,3.52049,2.38081,4.09533,2.60666,6.68692,2.68078,5.36774,4.03486,4.84019
4.89923,3.38331,7.19246,4.80999,4.2523,3.05475,3.36775,2.64353,2.27514,4.50476
5.61964,3.43544,6.88542,3.74385,2.6657,4.14821,4.98998,2.002,3.52687,3.29894
6.00732,2.90055,3.28274,2.1692,3.44132,3.38508,3.70661,5.70998,3.75856,4.72553
4.34797,1.99288,4.83194,1.45904,3.22158,4.1085,4.31733,2.45031,2.52788,4.64697
4.74905,4.77821,3.27053,4.10716,4.05396,5.32379,3.09603,5.32396,3.36174,3.49975
2.83638,2.97274,2.83387,5.83777,4.60918,3.69495,3.49053,1.8852,6.23674,1.9475
5.77817,3.20177,3.93753,3.61015,3.44109,3.68273,2.69537,3.72873,5.35984,3.95104
2.6037,5.23524,3.91214,3.25231,3.80436,3.4538,4.97859,4.23563,3.0908,4.51058
5.75414,3.55142,1.79657,3.91353,3.91314,1.87494,4.1589,5.54519,5.19513,4.76815
4.2423,4.98688,3.83612,5.78736,5.67611,3.77151,4.3958,4.13678,3.42637,4.30685
3.97762,5.78048,4.12433,4.34715,3.52924,3.69257,2.5747,5.20992,4.94275,3.63382
4.23734,2.41021,4.79584,5.51527,4.09054,3.46883,5.68903,4.88074,5.60724,2.79199
4.25606,4.18147,4.05878,5.63344,5.52368,4.0589,4.78892,3.25496,3.95519,3.79678
4.08474,4.01714,5.26569,5.07436,5.81976,4.10309,3.24689,3.12419,3.02191,4.6782
5.41253,4.2872,5.43631,3.28057,4.07093,3.88005,3.71444,4.46605,3.96592,2.40285
4.51704,5.03199,3.97415,5.91069,4.8025,4.67467,4.29942,3.79644,4.50834,3.12878
5.66596,4.33727,5.12738,1.31835,4.14653,4.40551,5.42442,5.00116,3.56032,4.1858
6.5946,3.84034,4.41955,4.50686,3.88571,4.64254,4.90944,4.13943,3.24466,3.08912
3.70873,3.69481,5.60124,4.93152,4.78976,4.28472,3.66527,3.74183,3.15801,5.00782
4.25717,4.86566,4.87039,5.14573,4.30194,3.51938,3.29819,4.27637,4.07046,2.76936
4.90286,3.87193,4.04644,3.80446,3.96939,4.23683,7.06677,1.12985,2.81339,4.63126
5.96967,3.44574,3.44285,4.38464,5.30173,4.07312,4.49434,5.37298,3.34783,3.42421
2.55508,3.23832,3.07229,2.98342,4.68917,4.53104,3.91147,3.03884,4.20511,4.6597
2.18626,2.33713,3.44914,5.89161,2.04859,1.52453,2.43978,3.79562,4.43337,4.15053
4.1912,3.60576,3.24806,4.60062,2.90271,4.06538,2.91525,3.87162,4.75455,5.27816
3.1776,3.24145,4.44701,3.1753,4.18769,3.85712,5.41545,2.27158,3.84802,2.58992
4.52754,3.75289,1.96901,5.85815,5.18465,4.71846,1.95431,3.67244,3.95369,3.30858
3.30625,4.69391,4.58179,4.23951,3.47067,2.3028,4.41762,4.01587,4.86351,2.7026
3.44245,2.83969,3.17589,4.51885,4.62428,4.07909,4.29836,2.9797,3.92917,5.28986
3.60235,4.89717,2.4954,4.77295,2.71266,5.70847,4.7185,1.82212,3.72745,4.80024
4.73595,4.18048,5.08688,4.2398,4.95796,3.24425,3.99582,4.21512,3.18771,4.51339
3.94307,4.16361,3.57784,3.89037,4.64719,4.805,5.6599,5.32854,3.51593,5.09656
4.2314,2.12813,3.38814,5.17763,2.9753,3.95465,3.4365,4.38726,3.50491,5.23899
4.81277,3.52745,4.24214,4.38539,5.01201,4.3464,4.94637,2.79171,4.49639,3.52424
3.7691,3.20523,2.17377,4.83042,4.32234,5.40818,3.97028,4.88831,3.35131,3.8372
5.10993,6.15934,6.71145,3.97086,4.40815,5.5929,4.70059,3.23222,4.57401,3.02213
3.32364,4.44647,3.73334,4.70409,2.88472,3.83417,2.91839,4.80118,4.04876,3.99622
3.90394,3.28446,2.60109,3.03118,2.64052,4.03685,4.6384,4.29416,2.50496,4.10133
4.10959,3.0557,2.74057,5.22064,4.17756,4.77183,6.18661,4.65244,2.14128,4.4397
3.74401,4.72152,3.87981,2.15568,2.94912,3.51202,3.99563,2.97786,4.66934,3.14867
4.48848,2.24205,4.5039,3.73756,4.31736,1.65122,5.03963,2.63156,3.29335,5.06881
3.31603,5.61312,3.01397,4.99706,3.1625,2.68986,2.47833,3.04425,1.95014,3.64098
2.72516,3.20423,2.70926,3.69715,4.89497,5.31848,2.04602,3.00063,4.82613,1.69636
4.50561,4.4721,4.38357,5.07404,4.58155,3.88847,3.38203,3.52054,4.66116,4.64115
3.8931,2.91427,4.79309,3.39516,3.91093,3.81394,4.41468,5.98276,4.61381,4.55001
4.73099,5.73869,2.90255,1.72033,6.34,3.23129,6.32507,4.76597,3.28513,4.67771
2.78831,0.908723,3.32615,3.16558,6.32596,4.49401,3.35889,5.97012,5.24562,6.19505
4.52899,3.99553,2.58432,3.89774,4.01061,4.13884,3.98925,3.35473,4.41855,2.62857
3.35858,3.19983,4.22421,3.60245,4.27234,3.44003,5.2571,2.84809,4.51323,6.63689
3.41235,4.16289,3.81536,4.95931,6.19557,4.875,3.0707,4.60605,3.9642,4.38947
5.66358,4.14739,3.3095,4.67796,4.01529,5.55732,2.90504,4.99556,2.95073,2.59762
5.09577,3.80623,4.47369,3.79541,3.15782,5.21469,4.58964,5.1875,3.37524,3.32304
4.52047,4.29176,4.55696,5.66167,1.13383,5.70746,2.44466,4.89802,3.93759,3.63505
2.60569,2.03104,4.14376,3.13925,3.70188,2.74292,3.03283,3.51084,3.44592,2.75706
3.48036,3.80762,2.79475,3.54303,4.59071,4.00004,3.95602,4.08412,4.35784,5.21767
2.35387,4.13814,2.18992,4.60177,1.21155,4.25233,4.16678,4.21132,5.56323,2.46568
3.84861,3.22196,3.75379,5.12147,2.4866,3.71611,4.99539,3.94214,5.34788,3.70489
2.43908,3.34745,4.90808,3.50709,5.00757,4.20056,5.82991,3.57432,5.53001,3.84049
3.66682,3.63992,5.07811,3.41364,2.78392,3.24199,4.40364,2.62332,4.66992,4.95614
3.14532,3.51642,3.92976,4.24198,5.44732,4.94587,5.3649,2.99192,2.91049,2.10931
3.61161,4.3535,3.81787,3.02541,3.75586,4.2812,3.69951,4.80267,3.05356,4.77786
3.00472,4.28208,4.49608,5.23052,4.49717,4.07414,3.86966,3.78109,2.73223,3.24098
4.68148,3.19803,5.10595,3.68539,2.33717,2.88047,4.317,3.33204,4.563,3.94396
4.4416,4.40402,3.51602,4.98561,4.28541,3.59427,4.96509,4.64558,4.08895,3.81614
4.01805,3.37704,4.45102,4.6108,5.72437,4.0009,2.88589,3.09814,3.84116,4.91376
3.5478,4.69661,4.80499,1.61059,4.6714,2.80166,4.88268,3.8042,3.90054,4.05422
2.99765,3.45702,4.61485,5.3871,4.35158,4.78261,5.82708,3.79127,4.97309,3.33268
4.66783,4.24798,3.56364,3.46913,3.60066,3.34225,4.32396,4.56798,3.13001,5.32951
2.69575,4.05782,5.56083,5.09267,4.08724,3.36215,2.4327,2.92439,5.34107,3.09744
4.20459,2.72209,3.30193,4.21052,4.51887,2.68601,4.6411,3.80608,4.6349,3.98202
5.16778,4.14949,3.28536,2.52167,3.16445,5.34053,5.08304,5.61202,4.68409,5.52651
6.09772,5.38492,4.17354,3.66794,5.33998,4.97063,2.84709,4.99237,4.76206,3.8874
3.77989,4.24688,5.98574,3.44082,3.26004,5.32156,4.86049,2.57694,4.75636,2.95842
3.24931,3.06173,3.63969,4.31532,3.592,2.74275,4.9218,4.32879,2.69207,5.00672
5.02775,4.4646,3.68195,3.24619,4.69622,4.59826,3.27673,3.91124,4.00248,2.75072
4.57706,3.41651,5.9044,2.7012,3.06802,4.72285,3.63144,4.94127,1.95311,3.17157
3.78291,3.41159,2.95981,2.39836,5.86156,3.13098,3.86792,5.19711,1.41525,4.12319
3.50841,3.80552,3.82949,2.20313,3.83139,5.62345,2.588,3.2644,4.41107,4.94143
3.78813,4.25551,3.22638,2.99858,2.84631,5.19582,3.55046,4.96262,4.18295,2.89777
5.15051,6.28171,3.50695,3.50239,3.85407,4.85046,1.3011,3.57548,5.18084,3.95178
3.82482,4.25727,4.06895,3.05967,3.83852,5.0629,2.53999,4.68901,4.24792,5.19117
4.64787,3.208,4.85429,4.46557,3.69025,3.57106,5.05122,4.5358,3.03433,3.23197
4.17498,1.71107,4.17881,3.01328,2.13361,2.67609,5.12979,2.41773,3.18975,5.01301
3.87322,5.04782,5.00689,3.45232,3.19984,3.76656,3.20416,3.52059,5.09491,2.55814
2.6549,6.28829,5.60984,4.0983,5.17491,4.16471,2.8985,3.04849,4.15185,4.98479
3.2084,2.50923,5.05364,5.604,5.97999,4.30202,3.71104,3.8443,1.47075,4.12511
3.60205,3.75008,2.90025,3.50372,3.86601,2.93674,5.69275,6.70869,4.01722,4.57654
3.68274,5.0695,4.33416,2.30055,1.50936,2.75354,2.62435,3.05956,3.03763,3.65623
5.12885,4.28289,2.81097,4.91747,3.77923,4.29174,4.0952,2.81712,3.88915,4.65674
4.3615,3.53625,2.21645,3.77982,3.21718,4.09382,5.17255,3.17731,3.80901,5.23445
5.52149,4.3711,4.95676,3.56324,3.87147,4.03615,3.42782,5.20167,3.60796,4.11348
4.51247,4.66325,5.26305,2.78092,1.92936,4.60763,3.96977,3.31215,5.46172,5.99596
3.79916,3.61701,2.20765,3.12383,5.05127,3.76857,3.80575,4.55168,4.32016,3.5493
3.88282,2.63772,3.63928,3.9189,3.15899,1.48875,5.57439,2.70817,3.04543,3.09169
4.64897,4.5362,5.93874,4.46981,1.88074,3.1455,3.34855,3.55055,3.24862,4.35312
3.69432,1.75902,3.90786,4.41603,5.09389,3.15344,4.57285,4.83774,3.97517,4.24969
3.12133,3.0751,4.59919,4.87971,4.80485,5.04161,4.43322,4.07911,5.24094,4.53515
2.52741,5.34871,4.56537,4.23856,3.35424,3.14485,5.05934,5.04222,4.16888,4.36185
3.51389,4.75993,4.12603,3.43923,4.11144,4.31871,2.95945,2.76023,4.67349,3.84017
5.36003,2.83836,4.45617,4.48615,5.3775,5.44515,4.76939,3.83115,6.99489,3.8458
2.66602,2.56585,3.85299,2.74221,3.77581,3.3666,4.12984,3.67406,5.00074,3.60611
1.80671,5.08166,5.90154,3.63055,3.65447,4.72439,4.67528,3.78685,4.93613,4.85313
4.16306,4.80379,4.70728,3.44721,3.13122,5.71106,4.91708,4.93638,4.76551,5.13738
6.00456,3.3154,5.09934,4.24836,3.63223,4.68096,3.3058,5.07039,4.84089,4.08426
3.49482,3.0857,4.25022,3.96783,2.9833,3.47514,5.70224,3.57627,3.27299,4.1066
5.14927,3.32755,4.97606,3.31164,4.35141,2.73476,4.19029,5.5149,4.02323,3.18115
2.84219,4.50304,4.0318,3.24368,3.88646,3.51675,1.60936,4.47972,4.48907,4.89402
4.71658,3.93609,3.00316,4.21235,5.34782,3.88211,3.67847,4.04242,5.14366,4.40234
3.63786,5.47455,4.36849,3.02506,5.33479,4.45199,3.98851,5.23847,4.24837,2.24205
3.97277,3.05339,2.50202,5.13362,4.18861,2.15443,5.05732,4.44106,4.84732,3.1314
2.97473,3.59934,5.62604,2.673,4.95032,3.62222,4.10754,3.69234,4.37002,3.6315
3.38115,3.33195,3.36662,2.83109,4.71857,5.07208,4.40921,4.95856,5.64487,4.00418
4.96905,2.3666,4.57069,4.38346,6.04105,2.31483,3.59526,3.67483,4.40812,3.98871
2.90539,3.37005,3.01134,4.0701,5.13829,5.47993,3.87316,2.08588,3.41014,5.54486
5.91748,1.83933,3.90383,5.59037,3.98136,3.87925,3.19507,4.79566,3.5933,5.89885
4.51075,5.86225,2.84532,5.2743,5.23152,3.59103,3.81457,3.28365,3.87324,2.74053
2.25824,2.43329,4.65046,4.08841,3.22488,4.31284,3.97592,2.97085,5.03969,2.76718
3.87747,2.98232,4.39501,3.75291,3.68468,5.84289,3.43356,4.83705,4.64358,3.94706
3.99714,2.82071,3.76258,4.76879,3.55009,4.19115,3.14792,5.77651,3.91311,4.89602
4.07218,4.06125,4.48772,4.25175,4.19209,3.35009,3.58123,4.23048,3.66637,3.79667
5.50919,4.67643,5.16352,4.22095,4.2258,4.76929,1.22523,3.60948,6.80124,2.31234
4.58883,5.11365,2.9158,5.21272,3.9398,3.30457,3.92859,4.43095,3.29074,4.76915
4.4092,5.41177,4.4421,2.32031,3.94901,3.8723,4.02838,3.40201,4.22191,4.28406
3.43906,4.64787,4.59805,1.91112,4.58155,3.43377,4.27047,1.84346,3.74175,5.69118
4.44932,3.11077,3.12423,3.18398,3.73813,4.85911,4.1343,4.63551,2.52588,5.58744
4.53825,5.61358,5.46954,4.20691,5.97333,3.95593,4.70318,2.55831,4.20311,4.25603
2.00703,2.97853,5.07655,3.2243,4.37179,3.58998,4.3248,4.31303,4.33595,4.16149
4.90252,2.58673,4.66425,3.56036,3.67172,2.62491,4.38135,3.47755,4.50735,3.2963
4.5587,4.92828,4.50535,4.24426,5.22734,2.70135,2.48768,4.31379,4.26272,4.92192
3.04556,2.39157,4.4142,4.92812,2.57829,5.8114,4.83764,4.41307,2.97487,3.75254
4.41373,3.64863,4.67287,3.84079,3.35654,2.93695,4.40818,4.18269,4.64728,4.65192
4.65233,5.05678,5.09084,3.86151,2.74911,4.64588,4.40292,3.48319,6.33202,4.29521
5.30342,3.78302,4.55486,4.22727,5.43264,5.15111,4.03764,3.55863,4.73367,3.86279
4.38194,3.88555,5.64801,5.12385,3.49131,3.58072,3.65736,3.9609,4.55521,4.1375
3.1332,3.62586,3.92848,3.90039,3.5563,5.87902,6.1621,3.65676,4.31555,4.66893
3.99634,5.64856,3.41436,5.08551,5.01573,1.90169,3.26072,3.79893,2.01846,4.13784
3.3948,3.41344,3.30161,2.79533,2.6159,4.23111,3.50527,4.3247,3.18647,3.54594
3.68697,3.22952,2.72106,3.87732,4.86211,2.11522,4.46948,4.80728,4.78463,4.24878
3.91138,3.06873,3.41622,3.11656,4.92981,3.00425,6.2012,3.39019,2.01932,4.20459
2.33179,3.05188,3.51124,4.77777,3.95598,4.50116,3.73805,4.7301,4.28723,3.79633
3.48296,4.43751,4.70879,4.40559,5.91322,4.12592,5.50988,4.56907,4.303,2.94199
2.99479,5.24701,6.10631,3.5302,4.58961,3.15536,3.57759,4.29358,5.24985,4.31346
5.99559,3.34215,3.72459,3.00885,2.14595,3.54559,3.43773,1.40908,6.22912,3.29674
5.72792,2.54229,1.93864,3.35352,4.06956,5.06474,4.5748,4.95799,2.83975,4.80945
4.79608,3.84426,2.71372,4.08582,5.37089,4.53198,4.1745,4.23592,4.76905,3.71944
4.02892,4.13663,4.47371,4.35079,4.96811,3.06188,5.52504,5.08167,3.87573,3.71382
3.79933,4.77361,3.77447,3.43765,4.15591,2.94113,3.67745,2.7153,2.57572,4.52745
2.54666,4.33528,5.06444,5.0498,4.38522,6.04635,3.27381,5.21787,4.36507,4.51519
4.19982,3.11812,2.29465,4.41579,4.2818,5.38973,3.93617,5.47642,3.71396,3.13393
