10
3.79802,5.96186,3.26533,3.62784,4.49281,5.94372,3.73196,4.76819,6.23074,5.41757
5.26154,3.76478,3.8132,3.18699,5.07156,5.59659,5.22691,3.02997,4.7377,4.95457
4.40607,5.0736,3.89033,4.25274,2.76904,2.6814,4.53527,3.67849,3.66126,4.05787
4.12033,3.80726,5.41671,2.87326,4.92005,4.62183,4.10938,5.3273,2.93551,4.80599
2.91022,3.8091,3.30498,4.83377,2.36595,4.38485,4.09042,3.70314,5.70113,4.30709
3.38089,4.29679,2.23576,4.86054,4.96613,3.19338,3.3562,2.80206,4.21212,3.54425
5.10302,3.5896,3.94691,3.27808,4.14953,6.28295,5.45625,3.88871,5.0105,3.94747
5.42316,3.86649,5.57086,4.0002,3.61215,3.22791,4.89539,3.25292,3.25804,2.52565
4.81501,4.81645,3.25652,4.00156,4.45662,4.07353,4.1643,3.73826,4.41991,2.73839
3.97291,6.39566,1.53748,2.86737,2.26956,4.14564,4.07638,5.58302,5.03374,4.98874
3.74495,4.24255,3.66152,3.11323,4.82853,4.26868,5.02027,2.60904,3.17903,4.20784
3.76142,3.9566,5.37231,3.08515,3.58319,2.132,4.7829,5.45314,4.19453,3.0081
4.38486,5.23575,4.18504,2.89941,2.63204,3.52796,3.97126,5.14375,4.8854,2.02881
4.04322,3.09486,3.37855,3.76033,4.445,5.00436,3.34378,5.47298,3.12131,3.56427
4.43788,3.53438,4.14817,2.62184,2.83864,5.41963,4.02784,4.47705,3.39227,4.35588
4.2894,5.13163,4.39512,4.77881,3.71056,3.92855,2.8646,1.91489,4.67181,4.68828
2.65963,3.72484,3.70226,4.31947,2.52858,5.57835,2.66003,3.63057,3.64373,2.30524
3.68399,4.52063,3.7414,4.827,2.7079,5.0607,4.16584,3.51201,2.95474,2.78271
3.55064,3.71106,2.8335,4.60293,4.56196,3.29633,4.19774,4.04528,3.65655,4.15293
3.46204,5.14311,4.5954,4.35693,4.74576,3.17717,3.53763,2.06761,4.58174,4.87137
3.8906,4.34161,3.39707,4.43044,5.05911,4.27394,4.24812,4.66685,3.44693,5.00365
5.60661,5.4608,4.612,4.66531,2.83755,6.12852,5.95347,3.2645,3.33118,3.49897
4.83423,2.77924,4.18842,3.55606,3.5715,4.72391,4.65825,5.64362,3.23112,1.96877
5.46842,4.76888,4.18206,4.93115,4.8551,2.59194,3.60543,5.99109,3.57096,3.34908
2.80754,3.43466,4.62564,4.08732,3.76689,5.6543,5.07588,5.46523,3.40471,2.20662
5.00731,3.20967,5.95718,5.50499,3.8612,2.95836,3.51164,5.35389,4.04096,4.50237
4.10238,4.4026,3.79764,5.18662,4.70189,1.83676,2.57694,3.17715,5.39325,4.50662
4.96504,3.26978,2.37674,4.65122,3.19772,3.88413,1.84348,3.7805,5.22145,1.70925
4.53825,4.02206,2.85627,4.15151,5.52042,4.08869,3.72971,2.94989,2.2758,4.05095
5.87309,5.7498,4.20088,3.80927,3.20142,5.338,2.74685,2.95119,5.74274,2.89144
6.42574,3.23547,5.43324,4.62651,3.2849,3.47479,4.47362,6.01362,3.99757,4.20381
4.68247,2.75458,3.56925,5.41983,2.7064,3.76985,4.05359,3.40116,3.95096,4.22785
3.26833,3.45439,3.59995,3.63828,4.57722,3.55941,4.24514,3.0064,2.35521,3.97471
4.80169,4.80124,4.19046,3.70596,5.32042,4.55722,2.96175,3.99744,5.0754,1.50573
3.1786,2.95505,4.76826,3.34015,5.03594,5.47056,3.75065,4.13779,4.44372,5.42327
4.03753,3.24335,3.19894,3.30166,4.02221,5.66488,3.76146,5.50562,2.0876,2.25845
3.25559,3.7196,3.67136,3.77696,5.05406,3.05134,2.1924,5.54317,3.01706,2.99927
3.81593,3.24584,3.99994,5.13648,4.06066,4.34726,4.03397,3.8991,4.13381,5.39878
2.46423,4.48779,3.56184,3.30415,4.70523,4.23367,3.01719,3.32664,3.64228,4.99204
1.43949,4.6237,5.10097,4.56855,6.83482,4.16458,4.61308,4.62996,4.09246,4.32228
4.13323,4.87353,5.19432,4.29553,3.0396,3.57834,4.20776,3.89679,4.44398,2.96981
2.19108,3.33104,4.84329,5.41058,4.21045,3.97361,3.05474,3.29822,3.77635,3.24787
4.64285,1.9314,3.92327,4.62742,3.10521,3.59793,2.06655,4.46812,5.03514,2.45874
3.49182,4.74271,3.65647,2.75246,3.24145,3.21356,2.73401,3.87832,3.2736,3.26648
3.20948,5.72784,4.3994,3.97165,4.1709,3.89979,4.86113,4.26361,3.28384,3.24937
3.07375,4.10264,3.35613,5.2009,3.82215,2.23396,4.52135,4.56196,4.41862,4.04128
2.81144,4.29009,3.04963,4.06979,3.74297,3.79575,3.69278,5.0016,3.747,3.81529
3.4553,2.72968,3.8981,3.60801,4.04375,5.38026,4.54991,3.88069,5.01174,2.92442
3.72945,4.56385,4.3379,4.05793,3.75261,4.29913,5.06871,5.94293,2.57111,3.83457
4.75908,2.64505,3.93421,4.08839,5.5549,3.535,3.49091,3.54344,6.88201,6.3331
1.91135,1.99975,5.75967,3.49699,6.20317,4.43226,6.38459,4.22775,4.61082,4.01975
4.99337,2.6239,3.98568,4.34684,3.03068,5.44091,1.92102,3.27591,4.10876,1.89242
1.65829,3.4347,3.37532,2.34823,2.49784,2.70406,5.26033,4.48812,4.72846,2.22885
3.36863,5.27929,4.04634,5.78839,4.6478,4.94978,3.93829,5.65202,3.39214,3.96858
4.40528,4.02141,3.75925,4.05208,2.60812,2.90314,5.84376,3.31596,3.87341,4.40944
3.62435,4.43702,4.56714,2.95294,3.0296,3.95384,1.51172,3.15542,2.59445,1.17607
4.17289,4.14837,4.60145,3.71376,3.34787,4.95938,4.29997,3.8237,4.08695,4.27125
4.43319,4.06435,4.08715,3.40125,3.74609,4.57352,3.80518,5.59084,4.35459,3.64005
4.46856,3.5172,3.62387,5.12864,3.16835,5.35154,3.41739,3.45618,4.09797,3.18755
6.18476,2.26303,4.1091,2.69823,1.82275,5.39656,4.78862,4.53314,3.95533,5.48375
3.62984,2.53043,4.27112,4.44413,3.62805,4.58367,3.6497,4.90121,4.50344,2.26967
1.46161,3.70006,3.78086,3.01539,3.63732,4.50337,5.39573,4.1791,3.85876,3.26951
3.22093,5.25347,3.08825,4.74308,2.93509,3.79631,3.99767,4.33211,4.33017,3.55638
4.7518,4.13093,2.28649,3.53041,4.36895,5.18813,3.91087,4.9125,3.08633,4.4766
2.43808,5.91268,4.21882,3.22287,5.67375,4.54429,3.97369,5.26814,1.85862,4.07584
5.11774,3.41197,2.37982,4.47166,3.82201,4.58486,3.55476,4.11787,2.1811,3.77264
4.96395,3.72722,2.51802,3.73542,2.24924,4.32399,2.90071,4.40189,4.09415,3.27152
3.95691,4.86864,3.33314,2.79061,6.78947,4.22872,3.46055,3.39852,2.0945,4.06463
4.2717,4.14982,2.36909,3.37373,4.64482,3.92205,4.38959,4.76821,4.77346,3.49196
3.66173,2.95109,3.34149,4.66775,4.12244,4.97367,6.59546,3.5393,4.42579,3.35623
4.36056,3.99973,3.21585,5.3084,5.0906,2.76288,5.34925,3.70504,4.11625,4.10076
3.37703,3.09455,5.07957,4.63739,4.07894,4.59986,3.07883,4.26042,2.50366,5.46141
4.60314,4.06384,4.89388,6.05568,3.85884,4.49154,3.59072,3.19315,3.49106,5.01232
4.07863,4.4491,4.64,4.06454,2.43315,1.71198,3.0108,5.24038,3.89664,2.65967
2.76458,4.38473,3.71368,4.31957,4.58325,3.87727,4.23084,3.59355,5.17156,3.58835
2.81632,3.40363,4.85669,4.06893,5.93578,4.28317,3.74875,4.29088,3.11369,5.02362
4.96853,3.17589,4.10634,4.36217,4.00538,4.30943,3.60688,2.92817,4.48046,5.52727
5.20912,4.47418,2.99093,3.64063,2.9475,5.98388,3.59586,4.45397,4.48156,2.32549
5.20539,2.7876,5.21638,3.6832,5.15587,3.12303,5.36382,4.40088,4.85427,4.99836
4.89821,4.09575,4.20925,3.54828,3.16013,4.27973,4.08289,4.38598,3.18456,4.25285
4.81434,3.84235,4.42809,3.9542,3.8794,3.61596,4.00234,4.43982,3.51319,3.21743
5.06057,6.75184,3.91359,2.26983,5.91759,3.6196,2.31812,3.84525,3.34514,3.34342
4.33298,2.22205,4.35474,3.41984,2.34345,5.01405,3.49034,3.02407,3.96134,5.97897
2.42208,4.85862,2.37951,6.11949,4.38006,3.7968,3.99054,3.48864,4.59928,4.65763
4.5872,2.35764,4.11274,4.58199,5.31529,3.11593,4.26682,1.97894,4.87052,0.700242
4.55489,3.05715,4.25186,3.32659,2.68987,4.87594,2.83847,3.85535,2.92081,4.51798
3.40917,4.77944,4.26597,1.92825,2.65653,3.50278,3.18167,2.14885,3.96465,3.78728
4.88474,5.28841,4.82858,2.78347,3.25431,3.39081,4.40522,2.84405,3.82336,4.31034
2.00747,3.20754,3.85576,2.82584,5.31502,5.06685,4.84825,5.24169,3.76487,2.31502
4.15112,4.90083,4.05293,2.83239,5.10384,4.45778,4.26525,5.96378,5.3198,3.69979
3.29947,2.70539,1.83881,3.56592,3.72303,4.05819,4.84314,2.21238,5.14159,4.72165
3.38105,3.44832,3.27857,4.7759,3.5969,4.01314,4.78258,3.01106,2.57252,4.50748
5.29859,4.99671,3.52663,4.2737,2.37003,2.54227,2.71008,4.27135,3.93126,5.0238
2.93649,3.22898,5.67144,4.48321,3.80638,3.27936,3.38689,3.85375,4.55543,4.65482
5.0601,2.63553,3.90039,5.75314,4.83371,3.39663,4.30868,2.75095,4.32025,4.57802
4.49178,5.62256,5.04203,4.62454,4.3283,1.85559,4.88653,3.68057,3.44221,4.96708
5.3027,4.2592,3.92047,5.70441,3.332,3.4713,3.00676,4.41934,3.91336,4.25634
5.02136,4.05214,4.32098,2.75437,2.87885,4.17201,3.23804,3.34983,3.71001,3.38533
3.70651,3.63215,5.22054,4.91776,3.86163,3.57652,3.2732,5.60251,3.22441,2.8163
5.30889,3.42003,4.67385,3.48164,4.24067,4.18469,4.07521,2.31642,2.61744,4.34388
3.44123,4.50782,3.40358,4.8483,3.36242,4.67298,3.87637,3.93131,4.94527,5.55096
5.47509,5.79909,5.5556,5.05094,4.41873,4.76794,4.05939,2.18892,5.11128,3.39687
3.75958,2.76018,2.90939,4.01889,4.08526,2.77368,4.78747,6.19035,5.66802,3.72261
3.42458,3.90945,3.77575,3.71408,5.84125,4.75535,4.6215,4.72228,4.64081,5.18023
4.64193,3.5839,3.07548,4.99587,3.57001,4.55135,3.38807,5.31511,3.33868,5.20048
1.75049,4.67963,4.68864,4.86534,3.05162,2.55834,4.11588,4.4109,3.57026,2.94152
5.4686,4.74658,3.79488,3.40538,3.70205,4.22287,4.0549,3.98094,3.85091,2.36997
4.94943,2.97969,2.5872,3.75212,4.05463,2.66706,2.65119,2.17587,2.90806,4.52019
3.66893,2.50996,3.19876,2.99837,4.82405,1.59985,4.57137,5.5328,2.09894,3.22141
4.59835,2.85541,4.99782,4.54233,2.93117,4.53096,5.97626,1.353,2.87225,2.35255
4.46896,4.51241,2.02072,2.61885,5.10184,1.9483,5.90237,3.30635,3.22113,2.58215
2.92839,5.62205,4.1305,3.41264,3.39023,3.20396,5.28529,4.47339,2.1007,1.66759
4.56196,5.92254,2.34355,2.48775,4.45002,3.96017,3.2968,5.80115,4.61399,3.6658
3.53785,5.71013,3.91997,6.50075,5.13113,4.67961,3.92466,3.56346,2.71022,5.39802
2.53721,3.58615,3.54789,3.22352,4.37477,6.14548,4.32982,4.85647,4.39485,3.1289
4.70455,4.34795,3.39256,4.39977,5.09942,2.54495,4.2504,5.23136,3.52043,3.48102
4.17495,3.66441,4.12,3.6305,4.46147,4.57159,3.74616,5.55084,4.48203,4.16765
5.48199,4.55029,4.55472,3.56825,4.66188,3.77588,3.44777,2.63021,4.56036,2.13602
3.62218,2.45147,4.63943,3.65766,4.62444,4.61217,4.0207,2.46058,4.34487,4.91752
4.64023,3.94156,5.75013,5.26724,3.46254,4.85736,4.2879,5.16147,3.03142,2.03437
3.13214,2.06983,3.12795,3.75327,3.43714,4.29539,4.86005,2.72866,3.43027,4.55198
3.23617,4.21428,4.52289,3.70937,2.51472,4.31006,5.62249,2.93354,4.39085,3.24624
2.82479,4.9378,4.0047,4.69377,2.30026,3.95065,3.38456,3.28525,3.11243,4.40432
5.89185,2.7062,5.50823,2.81428,3.72467,3.10222,4.89383,4.90575,5.09724,4.90066
5.65247,2.3414,2.7944,4.28031,3.42105,4.19631,4.92945,5.37331,3.45628,2.6252
2.69215,2.0389,3.5878,5.74005,5.96542,2.95883,3.18597,4.901,3.0421,3.10536
6.05363,4.99258,5.4386,4.1801,5.36787,4.50256,4.86379,3.80076,3.60092,4.15577
5.82476,3.15236,3.69424,3.1298,3.60837,3.45254,4.37829,3.99971,4.56999,3.77102
2.17917,5.25841,4.45851,3.17732,5.70944,3.40406,3.30686,4.89454,5.32842,5.42868
4.37557,3.34511,3.05098,5.09767,3.51013,5.04238,3.09106,5.43928,5.43295,5.44125
3.78458,3.57388,4.99194,4.29657,2.10114,5.10724,5.08256,2.79653,2.90342,2.8512
2.79835,4.80724,3.45552,4.82783,2.76652,5.06114,3.14735,3.88561,3.93938,2.58201
5.06445,4.67782,4.89421,3.45328,4.99736,4.43245,5.40569,1.22292,3.43028,2.19623
4.10189,4.24356,4.51608,5.08106,3.72847,6.03098,4.32941,3.91802,5.43014,3.02312
4.18964,4.42725,2.90855,5.40844,5.27311,4.2927,4.48864,3.83632,2.76535,5.59805
5.38207,3.72247,5.16646,3.84736,3.80821,5.15321,2.95981,3.90723,4.5301,3.88587
4.19425,4.1583,4.34789,4.70554,3.46251,2.92327,3.80493,5.14616,4.66752,3.39119
6.47567,3.80494,3.95611,2.42299,1.76342,2.85655,5.12544,4.69264,4.87767,2.46777
4.26335,3.74527,2.84456,3.62149,1.92448,4.14593,3.3253,3.93499,4.13913,4.15271
5.14668,4.16499,4.74752,5.90317,3.61605,2.41717,5.6474,3.29972,3.59195,5.03729
3.48295,2.5332,4.76124,4.76454,4.40014,2.89374,3.36543,3.76704,3.1313,4.18575
3.56714,4.9421,3.70124,4.92225,3.78516,4.73244,3.45074,3.67633,1.94678,2.7381
5.18823,3.65021,4.40923,3.79584,2.84896,3.16629,2.17293,3.4069,3.5066,3.04895
4.40191,3.50087,3.85723,3.10536,3.55877,2.27289,2.62707,5.5332,4.5342,2.98739
4.94124,4.08671,4.95195,5.21404,4.37086,4.14643,3.84286,5.31149,3.17559,3.00749
5.70171,3.84227,2.97443,4.17754,4.93383,3.99675,2.04899,3.1505,4.04179,4.11296
2.78738,3.2288,6.1192,3.11657,5.0956,2.90122,5.61498,4.84834,4.62409,4.96501
1.44869,6.228,2.99719,2.97382,2.4607,5.21818,3.74777,3.41114,4.89434,4.21646
3.41534,5.01509,2.63331,3.54507,3.88067,5.97404,1.90049,3.29719,4.25945,4.35021
2.69473,4.73612,1.468,3.79656,2.14302,3.51409,3.09429,5.40939,3.25869,3.41121
2.3372,4.2655,3.34009,3.70858,4.31297,5.31897,5.24451,3.64993,4.14216,4.03051
4.08227,6.40671,4.37442,4.74141,4.02611,5.39036,2.54261,3.07182,2.71003,5.13022
4.86305,4.9767,6.09772,3.91935,3.81898,3.66586,4.1043,3.93276,3.68759,4.78889
4.34196,2.64921,4.24917,4.07546,4.33535,3.23156,6.40955,5.55985,3.92664,4.47598
4.05667,3.14845,3.3788,2.70035,6.07434,4.9552,4.61981,2.77904,3.30399,3.97387
3.95789,3.28045,5.90395,3.41099,4.82698,4.67602,4.82851,3.075,0.810175,4.37306
3.75718,2.92838,6.17174,5.35208,2.72644,2.67637,5.00007,5.63949,5.15409,4.51733
5.10251,3.66899,4.06846,4.13164,2.74628,4.89689,3.25504,3.78673,4.53969,5.72572
2.22705,3.34837,4.81335,3.64463,3.43448,4.94619,4.05341,5.30023,4.92144,4.3528
3.22708,5.50135,4.33816,3.73494,3.19059,2.69148,3.72339,3.38901,3.83798,5.07585
3.81689,3.27336,4.30029,5.42988,3.389,3.97803,3.15432,3.5009,3.68308,3.37096
3.46256,4.52257,4.54318,3.33744,5.41334,3.6059,4.71319,4.02836,3.50343,3.34606
3.8017,4.35041,4.09787,4.00325,4.23647,0.8315,4.77149,3.18969,4.1028,3.32242
4.44703,3.75096,4.09494,4.02424,3.82512,3.01368,3.13581,3.1592,4.98805,4.91976
4.14968,1.94507,4.66356,5.10599,5.04044,4.65052,4.96623,2.89561,4.56165,4.2034
2.83418,5.77753,5.00726,3.84868,3.7061,3.98209,1.69818,6.32411,4.34287,3.68586
3.85414,5.75405,3.62822,2.10422,3.12926,5.3233,4.58874,3.42703,5.00982,6.01176
3.34187,4.71213,3.76412,3.08968,5.05942,2.9944,4.70131,2.9935,0.290057,2.93017
2.62762,4.05597,4.53997,4.55832,3.27411,3.81637,4.57231,3.19103,3.30225,3.43311
4.37848,3.48264,4.3181,3.34685,4.10112,4.59256,5.53198,3.16969,4.66038,5.74063
4.17992,4.93302,4.69253,5.29645,4.45935,5.52789,4.3324,4.48698,4.37835,2.64454
4.02206,2.49207,4.35996,4.0492,4.3245,3.24209,3.3745,2.83065,3.63982,2.77665
4.72713,3.92875,2.89642,4.95374,2.91565,3.47565,3.9694,4.03479,3.58788,4.15243
3.43389,4.75764,2.82698,4.30875,4.56665,2.51342,1.72232,3.14517,5.01181,2.73019
5.02703,4.69605,3.35622,4.09423,3.31875,2.7539,3.68624,3.05794,4.29016,3.66939
4.63884,4.27061,4.63036,4.82057,5.73114,3.93265,5.88787,3.69329,3.63978,3.26314
4.68892,3.97223,5.25651,2.94296,4.4387,4.98207,4.61767,5.41629,2.04347,3.03983
4.15914,6.13729,0.776479,2.95834,4.5189,3.75835,3.94598,5.146,4.24204,4.59579
5.28173,4.18537,2.70898,3.73287,4.08933,4.07714,4.52206,4.24034,4.1009,4.62073
4.66893,4.40611,3.14262,3.79633,3.45717,5.32844,5.68889,2.0191,4.59519,2.2128
4.08087,4.57456,4.75752,2.96286,4.5532,5.21862,2.93985,4.51137,2.86004,3.57313
3.56501,5.51458,3.36351,4.02156,3.85743,3.76874,4.5402,2.49434,4.63673,4.50068
4.57975,4.15553,3.24054,5.62229,2.08295,3.11902,4.75508,6.65292,3.75512,2.65482
2.53532,6.38268,4.12227,5.46749,2.85431,4.33697,5.12762,4.63776,4.32775,5.18145
4.52031,3.65008,3.64264,4.33851,3.93771,4.25251,3.98187,3.17067,5.07877,3.81686
4.81754,3.65074,4.97199,3.5277,3.77371,4.7905,4.98495,3.6385,4.74777,4.68254
3.97726,3.904,3.22111,4.49783,4.78856,3.2869,3.25321,4.2203,4.85594,4.11126
5.03204,3.75092,4.30131,3.86714,3.64758,4.29371,5.40665,5.04947,5.35753,3.67056
3.35179,2.92577,4.67394,4.70927,3.85783,3.12087,2.82377,4.3773,4.36105,3.12781
4.39042,5.17716,4.75311,3.78212,4.78931,2.46192,4.59042,3.5511,3.87453,3.59825
4.46771,3.73626,4.40984,4.55588,4.17833,2.53353,4.49573,2.9044,2.7039,2.26928
4.28548,3.19222,4.70226,4.75993,4.5991,3.52369,4.91787,3.5485,3.10292,4.2406
3.7665,3.54734,5.05935,2.8174,6.00885,4.83839,3.46245,5.60795,3.05425,4.18444
4.89979,4.37383,4.37319,5.02966,4.40161,5.35035,2.78417,3.76448,3.94085,4.31519
4.75095,4.55318,1.8927,3.54526,3.4112,3.95632,2.61696,4.35419,2.27637,4.84193
5.85661,4.47859,4.00221,3.47433,3.4807,4.94042,4.16961,3.46849,5.06065,4.0477
5.16703,3.93497,3.6571,5.20227,3.96815,4.53533,4.2392,3.05412,4.26391,5.08966
4.45487,3.20013,2.65852,3.7895,4.04943,2.30148,4.6507,4.67977,4.83332,4.77679
1.31241,4.76006,2.35177,3.9999,4.30567,3.15492,3.49439,1.53752,2.58872,1.86583
4.31589,3.2043,4.05818,2.63514,3.96854,3.10245,4.4211,2.76971,2.80775,3.68984
4.36867,2.58973,5.04901,4.75639,7.06027,4.99715,3.93565,4.30233,5.6173,4.04071
2.11952,4.9191,3.65617,4.39557,3.39884,5.07406,4.00248,4.42582,4.55409,4.22176
3.3512,6.11326,2.37121,3.5685,2.03957,4.50576,3.53167,3.15651,1.96603,5.13902
3.17767,1.92622,4.48078,4.03175,2.52437,4.72717,5.16651,3.93781,3.51608,3.88261
3.03279,4.65603,5.11905,3.78724,3.60093,3.67167,3.65005,4.72382,3.64714,4.84359
5.43201,3.15438,3.43216,5.38207,3.36129,4.33239,3.41144,4.98418,3.88793,5.49558
3.76001,4.2001,4.45381,4.09817,4.07221,4.53297,4.35351,3.75148,4.89951,3.96034
4.21993,4.50506,3.35676,2.5556,3.78355,4.02018,3.48583,2.59642,3.60005,2.58279
5.55123,2.6306,5.62059,4.90743,3.62936,3.34044,3.93025,4.85823,4.66098,4.75201
3.50032,3.30477,3.85142,2.92676,4.52661,5.03121,4.07003,5.81511,3.71145,5.37645
4.25932,4.52306,4.22506,3.13618,2.42795,5.58142,3.74966,3.64904,4.94434,2.77137
4.36628,4.81742,4.7409,2.57006,4.13286,4.69204,6.20878,3.08732,3.49316,4.13096
4.33718,4.77691,5.29045,3.20065,3.51474,2.6528,3.4658,3.91497,4.44636,3.61896
2.90709,3.99182,3.84288,4.33001,2.04765,3.90512,3.55976,4.18482,4.40887,6.70953
4.36837,4.44846,4.0653,3.06852,5.76765,2.62576,5.27853,4.04987,1.97371,6.77013
3.94927,4.51623,1.94298,2.28954,4.74298,3.82131,4.3027,3.11434,3.93787,3.22739
5.87882,5.57341,4.0288,4.0349,3.98136,3.21989,3.18888,3.96206,2.62131,3.59032
1.93208,2.2281,3.99802,3.00304,4.34469,5.90672,4.2912,5.33164,3.58039,3.64827
3.74932,4.17532,4.14605,2.77991,4.68103,1.97026,2.47947,2.15759,4.22041,4.27163
4.36529,5.12519,4.48814,4.80703,3.52538,3.39412,5.39642,4.05796,2.96494,2.42633
5.06612,4.20435,4.52906,5.2316,3.90814,6.37107,3.75138,1.5221,4.22964,-0.388122
3.74015,4.97721,3.61282,4.83719,3.85424,3.60581,2.87004,3.57833,4.13047,4.87853
2.59333,5.3525,4.00725,3.23738,2.6725,4.6647,3.01498,3.13428,3.78547,3.94711
4.16762,5.69171,4.65177,5.24987,4.42395,2.42321,3.39339,4.26189,2.99146,4.75885
2.87008,4.6958,3.78486,3.27048,5.18196,4.39814,4.80323,2.26727,4.24914,2.09132
4.01156,4.06341,4.34983,3.70837,3.86567,2.21989,3.64065,2.73703,5.53154,3.41513
1.97168,5.33408,4.42654,3.58365,3.41018,3.42333,5.48637,5.00872,3.08936,5.44106
4.51686,6.40612,3.58992,4.02006,5.40488,1.52762,3.05838,5.63127,4.12879,5.18793
5.02373,4.15658,4.21094,3.4268,5.74171,3.86882,4.44462,4.14474,4.00133,4.70015
4.51389,3.77274,4.24671,4.35835,4.43973,3.51549,2.74054,4.07159,5.94371,4.2207
3.6288,4.3881,3.14311,3.43463,3.71138,3.28291,4.75491,5.07993,2.78021,3.23009
2.25631,4.02673,3.5548,4.29677,4.26179,3.69541,4.73022,3.042,2.55229,3.68965
4.56052,3.41431,3.98389,3.31511,4.706,2.81516,3.63549,4.35751,4.30115,5.75126
3.0339,2.62115,4.18561,4.00862,3.64797,3.3696,4.55451,2.14989,3.8239,5.19246
4.41332,3.87609,4.93632,4.89779,4.07039,2.7497,4.78222,3.76931,3.7079,3.42941
4.35902,4.52759,3.53206,2.17817,4.11225,4.33609,4.20562,3.26508,3.23617,3.35671
3.08549,3.01764,4.17326,4.76177,4.84637,5.08155,3.71,3.85545,6.32983,4.04281
2.79211,5.42749,4.63472,4.51418,3.77584,4.8991,3.51702,3.42235,3.02983,4.90291
2.81508,3.3972,3.48753,3.6349,2.63766,3.83836,5.10314,3.25543,4.14812,4.53196
4.49475,2.39382,4.36644,5.75703,2.7805,4.25745,2.54026,2.82302,1.72842,4.21984
4.40377,4.61053,2.8819,4.20551,4.57341,3.26675,4.16552,4.01488,2.79672,4.0727
4.16478,5.3794,2.99883,5.64763,3.20056,2.39829,5.03324,4.26699,3.58636,5.09112
3.77932,3.31559,4.34338,3.74575,3.93179,2.25467,3.82912,2.95546,4.75437,4.08603
4.38996,4.2293,3.40804,5.15956,3.74404,3.4177,4.5337,2.7537,4.14662,4.56913
4.05519,2.87831,3.75492,3.09116,5.47072,3.62708,2.82955,4.9352,4.13508,4.89921
3.96691,3.20728,3.7778,2.87517,4.83324,4.79319,4.53573,3.88119,4.13565,5.23259
4.24078,3.31484,3.56345,2.53284,2.27636,4.24396,2.61754,3.59623,4.42561,4.04333
5.27948,4.32568,3.18229,3.28524,4.76028,5.51453,4.16061,3.88114,3.00354,4.81052
3.80008,4.614,4.49573,4.05817,4.00287,4.16406,5.84142,5.23938,3.84169,4.04112
4.47966,3.52038,2.10437,5.62518,4.39623,3.51573,1.7783,2.94887,3.9134,3.71179
4.07235,4.1508,3.7233,2.02046,4.56414,5.0456,2.34605,4.31441,2.1623,4.55195
4.05281,5.03735,3.01302,4.12392,3.28376,3.44051,5.51993,5.76167,3.33749,4.35241
4.38318,4.44413,2.17914,4.475,3.44148,3.81405,3.74384,4.23673,3.88246,3.41955
3.43346,3.50769,4.48319,4.76607,3.13149,4.61035,3.74124,5.0714,4.62129,3.37298
4.26838,5.10195,1.82307,6.07898,4.07347,4.14334,2.8748,2.45003,3.59597,5.45785
3.36928,5.1717,3.63968,4.85036,3.16566,3.8554,4.23333,3.7897,6.00547,6.43651
3.28034,3.48672,3.51438,4.17398,3.81424,5.7969,5.25614,4.76644,4.35862,2.72983
4.69445,3.58056,3.7911,4.90892,4.69187,3.15337,5.09608,3.61215,3.1214,2.94047
4.84968,2.70569,2.18138,2.96756,3.04809,3.94194,4.98116,3.46976,4.47423,5.30171
4.23742,2.94584,3.60387,5.25819,4.58387,4.31875,3.2869,3.97297,4.02098,3.30562
3.86766,3.96059,2.65682,3.66887,5.22678,2.89506,6.21993,3.8914,6.45521,3.15125
4.28226,2.57646,3.99134,3.38916,3.75817,3.92052,4.05641,5.32809,2.59558,2.89706
3.95133,3.51392,2.87431,2.60668,4.41193,4.51204,3.88582,3.65759,3.57676,3.42911
5.65599,4.15536,5.5052,4.89574,4.97915,3.4847,3.31786,3.60224,3.83275,3.33501
3.4706,3.25278,4.1498,4.97306,4.21772,3.51208,3.11079,4.72798,2.68936,4.15231
5.48497,4.62722,4.24227,4.55719,4.60031,4.78473,4.48672,3.67311,3.67805,3.11118
4.65069,2.7302,5.91394,5.90142,5.14454,4.09877,5.46652,2.92185,4.97819,5.64867
3.71764,3.21789,2.16592,3.60748,3.22855,3.95405,5.35428,3.65059,5.64364,4.93179
4.92347,4.09019,4.28489,6.45395,4.46254,5.34597,5.8519,2.9909,3.06645,4.33813
3.51225,5.78748,4.7783,3.42367,2.94707,3.62366,4.83328,6.26431,4.16227,3.29152
5.02549,3.62377,3.56303,2.41833,3.33904,3.11512,3.8773,3.59593,4.023,3.59433
3.11241,2.779,5.05204,2.22378,3.16872,3.9538,2.70792,2.53196,2.96872,6.95573
4.78667,3.0281,5.56837,4.33099,1.43458,4.04456,3.93602,4.36672,4.79531,5.57851
5.85755,3.82531,4.95674,4.76508,5.63341,3.83488,3.88898,4.6175,4.45667,4.49358
2.11317,3.77052,5.39843,3.47132,3.9881,4.11286,4.46687,4.08966,4.68021,3.6787
4.87267,4.86905,2.9001,2.99938,5.59728,5.50178,2.95917,4.028,4.55823,3.72904
3.81999,3.11405,4.80401,3.86106,5.00616,3.67828,4.5589,5.37352,2.56104,5.69194
3.68682,5.7369,4.18611,3.8347,4.61308,4.28111,5.11252,2.71049,5.49478,4.61475
3.11305,2.96404,4.35041,3.05872,3.72902,3.83955,2.17638,3.93525,4.49028,3.9469
5.25145,2.91119,4.3751,4.1941,3.70786,3.64538,5.17185,4.49324,3.72981,4.6866
2.28168,6.38212,4.21944,2.21405,4.69075,4.50323,4.13064,4.53826,5.53027,4.88531
4.12251,4.2887,4.73032,4.28673,4.63443,5.28476,5.2549,3.06707,2.99499,4.22716
3.33062,4.0202,3.24473,5.22127,4.51032,3.08015,1.8778,4.67288,2.56797,3.54564
5.23817,2.85417,4.34506,5.21278,2.21329,3.92615,2.78265,4.55998,4.00806,3.2903
3.06544,3.92874,3.66181,3.00816,4.79345,1.9926,6.00795,2.41755,5.93753,4.41591
5.06885,2.11559,4.59539,5.03772,4.92135,3.41738,2.97725,3.24943,5.04708,2.79933
5.25811,3.14182,4.12212,3.85938,5.69646,3.94708,4.06918,3.33663,4.52756,4.40976
4.33756,4.07662,2.08028,5.33003,4.89551,4.58874,5.38367,5.07308,2.2181,2.70284
3.02485,5.17212,2.05505,2.86079,4.54705,4.08841,4.72726,2.92334,2.24903,2.63185
2.96825,4.05304,2.81801,3.04053,5.91514,3.66194,2.1918,4.68979,5.10011,4.9369
4.96598,4.30757,3.6366,2.20268,4.25865,2.98493,4.32693,4.37073,4.55412,4.95987
3.60943,4.24908,3.31817,3.68446,3.9983,4.88191,4.08041,4.0914,4.88667,6.36486
5.87678,5.28174,2.60702,5.52433,3.53099,5.05187,4.87514,3.89662,2.87686,4.88258
5.1062,4.47268,3.51877,4.17678,2.1647,3.63075,3.0842,4.12307,3.43498,3.02851
3.81182,4.47145,5.25134,4.63731,2.70623,4.63605,2.60289,3.40714,4.65996,4.2514
3.35706,4.00924,4.10294,4.89985,4.10454,3.00126,4.35005,3.29104,5.75989,4.92756
3.73718,3.21382,5.0899,3.53539,4.36072,2.73482,4.70739,3.93115,2.99168,3.09091
3.56313,5.3363,4.91086,3.54571,4.57708,5.45661,3.91602,3.85429,4.85112,4.70557
2.95737,2.61591,1.67536,3.30614,2.3911,3.43312,3.07821,4.92806,4.76145,3.69597
2.94251,5.25607,3.75459,3.13721,5.80685,4.87744,5.85022,3.55171,2.55461,3.89979
3.66684,4.32297,3.9549,3.77134,5.83352,3.24952,2.93651,5.62373,5.28839,4.68693
2.97377,4.7307,4.42039,4.0272,7.48607,5.2706,3.54668,3.23704,2.46283,3.13102
5.53522,3.06834,3.1095,3.68095,4.50607,5.27905,4.92217,4.66111,6.84933,3.36748
5.19138,2.89123,4.74374,3.09707,4.82849,2.99527,5.33375,3.72265,2.73732,2.74641
4.14617,4.12555,4.89653,5.41938,2.57202,3.67112,4.52446,3.43583,3.29677,4.46699
2.95139,4.06444,4.16412,4.02626,3.1561,6.3167,5.5976,3.16513,4.3497,2.60817
4.45713,3.21013,4.59556,3.31686,4.16763,4.05537,4.99065,4.60694,5.19992,3.16061
4.1522,5.02574,2.15811,3.13282,4.42827,5.49783,3.013,4.10827,5.03639,4.8117
2.85321,4.2914,6.778,3.86267,2.107,4.09521,3.76653,3.51398,5.43252,4.74379
3.4628,2.31416,4.51972,4.70896,1.69136,4.89997,3.60112,4.11998,3.57425,2.63677
3.70149,3.53351,5.09332,4.10343,2.58862,4.84318,3.07602,4.96558,3.15989,4.22096
4.1116,2.7784,1.3585,5.1606,3.26039,5.08307,3.59219,3.33329,2.6998,3.23535
3.86858,3.95058,4.76681,3.57603,3.78193,4.44562,3.44778,3.45501,2.74504,1.76286
4.44033,4.32318,5.07693,3.8759,4.62528,4.25739,4.48636,4.16334,3.04736,5.00736
4.18208,4.47347,2.89512,2.61807,5.02886,3.00669,3.12176,2.65195,4.29614,6.08008
2.80217,3.38529,3.0691,3.61027,3.95694,3.16323,4.1771,2.61492,4.09195,5.40443
5.01314,3.25567,4.82016,3.62503,2.6705,3.94761,3.44724,3.93013,3.20101,3.37537
4.4556,3.28962,3.83558,3.96947,5.58688,5.00351,5.00973,3.44436,4.6424,3.49265
4.06893,4.43578,2.36894,5.85745,4.91092,4.59965,5.11804,3.99544,3.35346,3.22027
5.14715,3.36458,5.51859,2.72296,2.52753,2.10436,4.19791,6.31879,4.10521,2.60344
1.98353,3.96687,4.72175,5.68682,3.50877,5.63286,4.66462,4.96107,2.61291,4.80992
2.20041,4.73055,3.41268,4.23145,3.70746,4.37475,4.4658,5.01996,2.35553,5.20978
4.25842,3.93269,3.03635,1.51361,4.24705,3.86798,4.45571,5.44797,2.20829,4.93676
4.47842,4.35943,3.53463,3.56913,3.01638,4.50601,3.52796,2.49864,5.46825,5.40191
1.73199,5.06945,2.84096,3.00885,6.37151,5.86941,4.95072,5.52122,3.68445,4.07651
5.38112,5.25011,4.3159,4.22595,3.8744,4.06982,3.43282,3.98263,3.88706,4.49733
4.78289,3.41441,3.58087,2.85411,3.77163,4.0811,5.00712,2.45264,2.10689,4.33671
2.52343,5.37174,4.89115,4.24087,4.52013,3.88428,4.1966,5.0853,5.09378,4.32643
4.99975,2.05327,5.19505,6.42731,3.82171,4.74214,4.23345,3.94191,3.76045,3.47915
4.32143,3.77822,3.23907,3.07815,3.38019,4.0705,6.22397,4.66355,3.4332,5.55136
4.37806,5.03543,5.49651,3.59014,5.3977,4.00682,3.22759,1.47418,4.14627,3.83615
3.02158,4.50922,4.30179,3.61308,3.26504,5.57842,4.03587,2.33379,2.65838,5.18583
3.82058,4.06845,2.90361,3.55208,3.81588,3.60874,4.03124,5.48588,3.95649,4.34994
5.24708,4.7514,4.21733,4.26525,5.14061,4.12219,4.86328,2.59548,5.69444,3.39411
3.79632,2.01614,2.8206,3.98743,2.17013,5.25581,3.82545,2.27904,1.72596,4.2157
4.67197,3.7357,2.85491,3.85797,6.29114,3.36758,3.44138,3.33083,6.01066,5.87044
5.4336,2.51547,3.4685,3.45382,4.67584,3.27878,3.40816,3.2039,4.65046,4.57381
4.49986,4.49693,3.51148,3.34342,5.12043,4.27614,3.6532,3.33179,3.77642,6.24132
3.93368,2.46274,4.71458,1.78821,5.75484,5.29306,4.41656,4.83553,4.1751,3.84297
5.26579,3.55944,3.99186,4.53353,3.36485,3.86308,5.90456,0.682251,2.76097,4.37357
4.19311,3.96966,4.58508,2.50842,3.75004,4.36955,5.26656,2.79377,4.14574,4.64181
3.69609,4.50816,3.6318,3.30242,4.69472,3.34435,3.21413,3.21423,2.25845,4.90461
4.63563,4.02353,4.03321,3.46013,3.35115,4.09765,2.10813,4.28461,5.07469,3.90186
5.05454,3.37489,5.79703,5.40511,6.39937,4.51192,3.64259,3.1368,3.3682,4.18476
4.91144,4.96418,3.58486,4.55205,3.43274,4.54011,4.35998,2.73852,2.0855,4.81565
3.9552,6.18794,5.23299,5.89375,5.20564,5.7288,4.3027,4.69846,3.2008,4.52783
0.801087,2.66701,3.83503,4.5338,4.41326,2.86743,4.47887,3.46482,4.26044,4.25232
5.62956,2.41028,4.3641,5.39071,6.05719,3.36715,5.61681,4.11848,2.50257,3.02962
3.36626,3.69108,3.51824,3.12408,3.25277,3.2356,2.85602,4.51927,5.08779,3.92302
4.28599,2.25794,2.4412,4.22507,5.42148,3.62138,3.60265,3.57901,2.23179,4.20302
3.38399,4.98724,4.79984,2.97101,5.05782,4.13937,4.53775,3.25178,5.18275,4.78226
3.38308,3.09527,3.16746,3.46007,5.16779,5.57402,3.94519,3.69465,2.38757,4.41522
2.26806,4.11102,5.57082,4.52354,4.20163,3.28811,4.86623,2.61411,3.80657,2.78999
2.48795,4.24274,2.42692,4.51215,4.16863,4.73383,2.74489,5.17427,5.04988,1.66155
3.95244,4.03925,4.34199,4.67481,4.58975,4.4398,2.78378,3.43956,3.65921,2.83303
5.30112,3.4457,3.0151,4.22667,4.89869,4.42458,3.2042,5.70937,4.36218,5.21621
3.58036,2.4174,4.46513,3.4844,4.68895,3.50868,3.27518,4.59363,1.76833,4.61086
4.94941,3.06863,6.584,3.76986,3.45691,4.06806,4.08297,4.2542,3.6278,3.95647
2.11013,4.36032,1.65744,2.98564,3.69649,3.28573,4.12629,4.51373,2.78559,3.09007
3.37785,2.97064,3.62814,4.15428,5.69634,2.85842,4.26219,4.44432,5.71029,3.57526
5.07438,3.96874,5.24577,4.15749,3.65439,4.41834,2.00943,3.32753,4.96329,4.60411
4.67017,1.48272,3.92492,4.47258,4.17616,3.69932,4.14432,4.83222,3.87371,4.98979
3.5331,4.69245,5.05983,3.24515,2.41745,3.22954,3.76001,4.58665,5.45341,4.50887
2.45224,4.62961,4.01249,3.48342,3.58571,4.16643,5.7333,4.49555,4.16467,6.55177
4.89607,4.22162,3.51358,1.63912,3.05107,4.08828,2.81621,3.53802,3.96296,3.48085
3.77411,5.51473,4.8344,2.96939,4.07307,4.58608,2.59946,2.83072,3.9983,3.43009
3.08807,5.41934,4.74417,4.67643,5.03908,2.78807,5.42391,4.62273,4.60829,4.59744
2.97737,4.23895,4.71135,4.81714,4.3083,3.51574,3.49867,6.42578,2.25078,5.55913
3.88937,3.31055,4.60405,4.53846,4.19653,4.50319,2.55075,4.38094,4.44436,4.54307
4.5261,4.48562,4.72699,2.48566,2.23171,4.8788,4.2723,2.74739,4.31377,4.98162
3.7474,4.21514,2.55772,5.10095,2.67555,4.31869,4.50751,4.95874,3.79883,4.71828
4.77113,4.12075,2.66201,4.82007,4.78884,4.139,3.84545,5.55314,4.28195,3.42025
4.06929,3.84653,3.18634,5.35931,4.2848,3.8548,5.09799,2.3547,4.19799,4.64791
3.49943,5.75823,2.79571,5.41747,3.6904,2.61521,2.76932,4.82508,3.67169,2.48913
4.90228,4.63881,5.28448,3.23512,4.14449,4.50475,4.66541,6.67702,6.34701,1.66577
3.48964,4.8418,3.24219,5.27181,5.52846,6.45585,4.91106,3.76222,4.46161,3.56771
3.04875,2.24759,3.84722,3.54426,2.67112,3.22001,3.23569,3.13405,6.47277,4.28076
3.62418,4.13247,3.18326,3.49124,3.70617,3.48397,3.92214,4.60769,3.89521,3.86384
3.2576,3.65571,5.23346,5.20419,4.24721,3.91769,3.02941,5.27628,5.80645,3.14372
3.62952,3.08243,3.2784,3.59757,3.70843,3.75669,3.34113,3.91177,3.96982,2.61189
4.18201,5.0633,3.91612,4.48829,2.88173,2.90693,4.45536,3.51861,5.81159,5.33999
3.45519,1.98112,5.12465,3.3097,4.82639,3.71161,3.89611,5.35931,3.77738,5.38429
2.38692,5.14272,3.89811,4.51084,2.58006,2.91833,4.16595,2.84303,4.46197,3.15224
3.10744,3.58182,2.41494,3.19053,4.85138,3.84628,3.3756,3.26331,4.03693,3.23225
3.22152,4.82103,4.03608,4.44745,3.76559,2.77775,2.61454,4.95596,3.83008,4.26565
4.38597,4.27112,4.44029,4.37584,5.26767,2.33904,2.7004,2.70205,5.02194,3.397
3.5475,3.18762,3.74231,4.08394,2.35856,4.29417,4.82057,3.43116,4.26068,4.16301
2.24855,2.77056,1.71664,5.46644,4.15235,4.59316,5.17017,3.63805,5.46894,3.57179
5.1211,3.89879,3.6847,4.27279,4.46504,3.82407,4.26734,3.51641,4.28616,3.38779
3.14148,3.47542,3.90515,2.60913,2.56467,4.5978,2.14554,5.71657,3.04472,3.75142
6.52183,2.98441,5.99436,4.46525,4.3818,4.43478,4.31001,4.19251,2.95023,3.20057
3.88666,3.74996,2.91708,5.70847,4.36229,3.61376,4.98598,4.4551,3.50425,2.37098
4.91187,4.09374,4.01507,5.5543,3.78215,3.33488,4.43611,4.96865,3.69116,4.10825
4.09571,2.24847,5.18775,3.5534,3.645,5.57064,2.97058,4.32461,5.18886,4.76067
2.27089,4.52112,1.74207,4.28793,2.70774,3.8541,4.25391,2.91095,3.90559,2.90045
2.00181,5.15275,3.70875,5.16267,2.59797,2.12775,3.08347,6.58377,6.03817,1.82793
4.04395,4.25986,4.77127,5.82601,4.00319,4.69028,4.50091,4.05655,2.82577,2.54307
5.284,5.20231,3.65217,3.67842,2.40345,4.33176,2.84608,3.52077,2.26765,2.88861
4.25183,4.70176,6.21291,3.23792,5.24579,5.10779,3.6158,3.38366,4.24999,5.66778
4.30869,4.59329,2.66406,3.64408,4.06357,4.32745,4.08668,2.92129,3.85914,3.49898
4.12516,3.42734,3.57313,3.43483,4.185,4.33916,2.95109,6.25946,4.41248,3.84456
3.25686,4.12059,4.85495,3.03479,3.34387,4.3137,3.49035,3.56136,2.32453,3.32399
5.56358,2.36306,4.76692,3.2729,4.19492,3.98331,4.0998,3.39023,3.10611,4.44346
2.53386,1.69243,3.63633,2.42342,5.79874,4.07981,3.73133,5.34417,5.05317,4.02311
2.77259,2.68202,3.90863,3.92603,2.95746,3.40598,4.46998,4.23094,3.62129,4.59004
3.27727,4.72514,3.1228,3.06437,3.86531,3.99042,3.11476,3.18249,3.39391,3.48208
3.50742,3.28005,4.54465,4.62736,4.88871,4.50204,3.39798,5.66248,2.75182,3.17962
5.00444,5.16715,2.97767,4.71532,1.64984,4.27751,4.49883,4.70109,3.90796,3.83255
4.79802,4.51633,3.1103,3.64802,3.81415,3.72818,5.22751,4.3429,4.03161,4.87358
4.57011,4.26016,4.53109,5.41266,5.62893,3.42308,3.49158,4.42341,0.505395,5.20961
3.15554,4.422,3.72661,4.05001,4.84925,4.02866,1.9768,3.87267,4.86892,3.92392
2.62304,3.5638,3.0404,3.91347,5.20959,3.12662,2.48113,3.34632,3.44809,3.77934
5.38327,5.38457,5.42206,5.20555,3.79923,3.02872,4.54085,3.37302,3.09364,3.51301
5.17767,3.7188,3.31358,3.1711,5.24125,4.79927,3.28994,3.8458,5.10494,3.95308
2.38348,4.78687,4.71297,3.39952,4.11072,3.31876,5.7949,4.49765,4.63487,4.31315
5.43304,5.21885,2.96512,2.65467,3.0862,4.69784,2.20389,2.93183,3.32094,3.5643
4.80267,5.86963,5.3548,3.65209,4.44315,3.23366,2.53214,5.24326,1.85044,4.87553
4.54879,3.35068,5.06416,4.72684,4.65097,2.02538,2.83172,4.39873,4.47699,5.0478
4.50155,5.47473,4.97389,4.86346,4.53392,2.97763,2.61085,4.61413,4.80543,3.61509
5.1162,5.86046,3.76942,3.89759,4.74119,4.26982,3.47442,4.07213,4.89011,2.91581
4.02099,3.15749,4.72193,4.4643,3.35203,3.42564,3.91571,4.14979,5.4472,4.7268
5.02929,3.30074,4.15865,2.12236,4.73561,1.98337,4.0651,3.2574,4.26716,4.01848
3.62764,3.70028,5.4183,4.92795,4.03996,3.97245,2.50754,5.47206,2.67643,2.86984
3.05514,5.12418,4.71435,5.15357,2.53434,3.32661,3.1184,3.21116,5.28281,4.61102
3.28034,2.83961,5.61205,3.39648,5.48638,5.61238,4.49298,3.89756,4.40734,4.77376
2.97547,3.61323,3.09486,4.18571,5.23351,3.82732,1.8874,3.8017,2.94795,5.8316
6.26919,5.5002,2.98654,4.4269,4.2782,3.58906,4.426,5.32235,4.4034,3.33916
1.43163,6.21631,3.47292,4.85395,2.89316,3.90689,5.8079,4.0833,3.04331,3.78411
2.94428,3.86635,4.03731,5.58079,5.01836,2.86874,4.00232,4.0979,4.03806,1.75936
4.44243,6.12197,3.71818,4.06005,4.65984,5.0427,1.81572,4.95974,5.28044,4.18059
5.03924,3.1084,3.7026,4.71225,3.92144,4.11308,4.31556,4.73188,3.84358,3.37481
4.03934,3.37315,2.88431,3.00163,3.71816,2.71968,4.53365,4.72437,5.94083,5.03055
2.63456,4.19273,4.7598,5.81472,3.8063,3.66585,2.20295,5.71843,2.88454,1.4451
2.84626,4.88219,4.38773,5.29296,5.53439,3.28532,4.49553,3.40002,2.38929,5.86433
3.82726,3.8199,4.37683,2.39035,2.97578,4.61174,4.15173,4.97915,3.40964,3.5345
2.22601,3.39569,3.1398,4.45579,2.51956,2.82469,4.87585,4.39751,4.5769,4.39568
2.62067,3.79457,3.08515,2.90577,5.36614,3.72821,4.44792,1.55918,4.20742,3.1263
4.13666,3.84092,6.12717,4.96174,5.74409,4.67995,3.72808,5.13042,4.41314,4.39901
2.99457,5.57154,4.25728,3.7584,5.04634,3.78275,4.49849,2.3026,4.70493,4.02819
3.17369,4.30165,4.7384,1.81262,4.02365,4.6863,4.90107,3.27624,4.87871,3.45618
2.76894,4.05857,4.43057,4.39159,2.40975,3.13341,4.44401,4.62511,3.32147,4.11889
3.43804,3.22703,3.19715,3.67637,3.39921,2.9021,1.76555,4.66453,3.3305,3.54198
3.94241,2.78361,2.6688,3.7271,4.75077,3.88648,5.71699,4.49514,4.2645,3.36858
2.2311,4.52684,4.16398,4.31679,3.78062,2.72562,1.66528,2.53206,4.89379,4.49493
3.26147,5.61028,4.5842,5.18071,4.32642,4.70305,3.30508,5.01328,4.57165,4.81935
4.03952,2.23589,6.11463,3.41464,2.42811,3.81272,4.85084,5.14109,4.2153,4.85221
2.84233,4.7861,3.63245,5.54373,4.5644,4.76476,4.20788,4.00989,5.28817,6.25589
4.41492,3.06132,5.01938,4.09826,4.05537,2.83103,3.66503,4.34087,4.49599,3.58736
4.51701,5.39817,5.07418,2.85213,3.46797,2.89267,3.98757,3.91325,3.15931,1.82919
3.9794,3.98692,4.9156,4.36741,4.18677,5.04128,4.08659,3.34838,3.25749,4.27558
4.47562,3.77635,3.34497,3.35803,3.76262,4.29317,2.44982,4.76266,3.60025,2.57245
4.5393,5.013,2.94495,5.79426,4.31226,3.5394,3.36681,3.76732,4.04555,4.54398
2.53522,2.96401,4.98057,4.83457,3.40232,3.41388,2.99995,4.2023,3.0761,4.76819
4.50953,3.42377,6.42071,4.30468,3.63038,4.98017,1.74958,5.16597,4.3484,5.27362
3.49136,4.50171,2.21048,5.5778,3.99587,3.13883,2.85599,4.78325,3.86631,3.54413
3.01746,3.96568,5.60568,3.71282,4.39784,3.90634,3.19549,4.48044,3.97945,6.71714
3.62858,4.66253,3.16868,3.41243,3.16433,4.86592,4.80867,4.48717,4.37376,5.61599
5.44136,4.07716,4.00641,4.18699,0.91472,6.25692,4.94874,6.30798,4.60768,3.79948
4.11583,2.47798,3.9228,3.46058,3.06706,3.12182,3.49057,3.4643,4.61701,4.60099
4.70642,3.61332,3.45374,5.96249,2.5022,3.95769,4.55865,4.00434,3.77615,3.14276
4.22459,2.88944,2.4393,7.60123,4.51742,5.20869,4.29819,3.81836,3.99552,4.34939
3.95221,3.32211,4.12494,4.00758,6.49343,3.05234,1.1542,3.61653,5.64637,2.89952
4.55215,3.93609,2.26525,5.27348,2.95249,2.65205,4.40577,4.94283,3.69719,4.92046
3.5372,5.91893,5.12783,3.05486,2.88929,4.86846,2.09059,3.47141,2.95601,4.39065
1.56915,4.13484,4.48949,5.30624,3.71706,3.52525,3.2596,3.82202,4.06378,5.47186
3.4086,3.84736,4.64364,4.60337,5.07925,3.42864,3.79149,2.66934,3.33699,3.85
5.09351,5.48196,5.4125,3.21435,3.11891,5.17458,4.29822,4.00547,4.40123,3.95738
4.5439,4.63663,2.79041,3.7963,4.90814,3.81547,4.57561,3.57539,4.21184,5.61482
3.97716,4.59552,4.22168,2.56402,3.04707,3.28301,4.00369,3.25188,3.85971,3.08925
2.94976,5.14341,4.78154,3.18891,4.69726,4.37127,4.03839,2.4772,4.95335,4.10089
3.76406,4.31172,4.07585,2.09417,2.62531,4.41388,3.45307,3.18245,5.73504,3.95366
3.13912,5.83141,5.2787,5.91258,3.98343,4.62971,4.7435,3.9918,3.36739,5.69464
4.3965,4.56339,3.82777,3.12286,4.40851,3.69763,4.49867,4.60094,3.49733,4.37824
3.87004,3.00201,3.42594,5.76006,4.03466,3.64225,4.30731,5.55145,3.77843,4.97963
4.70369,4.23564,4.123,4.90654,4.18107,4.45422,3.2492,3.62734,3.00431,6.26073
4.58574,1.78047,4.2042,4.28955,3.76122,3.98435,3.29874,3.40319,4.25163,4.34037
3.54947,4.16096,4.23763,4.05127,4.51068,4.30948,5.00752,3.72978,1.49398,4.60174
3.15408,4.56667,3.32172,4.39741,3.50968,3.67165,5.24934,3.91715,3.68252,4.89483
3.34703,4.47551,3.87002,3.8694,5.22581,4.69412,3.66822,2.90275,3.75006,5.09192
4.19856,2.61281,4.25403,5.07749,4.0364,3.80547,2.37711,2.5948,4.11508,4.05571
3.16849,4.23133,2.9702,4.32235,3.50981,3.87905,3.54629,2.97429,5.74825,4.28596
3.64053,4.33999,3.71897,3.05234,4.13887,4.56097,5.35858,3.69335,2.68962,2.72521
5.36207,3.38874,3.25963,4.65251,3.43254,4.98464,2.91379,4.02003,4.71427,5.18508
5.06672,4.36324,3.52988,4.20726,3.57595,4.64915,4.92118,3.9272,2.86307,4.83173
5.12483,4.41984,1.076,4.63633,5.36494,5.23871,5.174,3.91112,2.32459,5.6301
3.33817,1.89482,6.24022,4.55874,4.29723,4.41775,3.39064,3.75178,4.81038,4.49649
2.81333,4.25078,4.92471,3.80653,4.03784,5.3956,2.71946,3.77455,3.23125,4.8236
2.7684,4.62085,4.90875,5.43875,4.93403,4.65226,2.76007,4.10951,4.45077,2.13455
2.97437,6.03862,4.27572,4.6037,4.40713,3.70274,5.26107,4.8913,5.27181,3.48028
3.33276,4.1418,4.28025,5.31716,3.026,2.84068,4.66299,4.17813,4.08356,4.08561
5.04841,5.56047,4.51006,1.59375,4.23708,6.60614,3.92798,6.44307,1.91144,2.39585
4.2006,6.35298,4.10805,6.20786,6.46432,3.79126,5.90215,3.08361,4.31869,4.50394
2.26564,3.63414,3.33408,3.76197,5.07225,4.49628,3.83477,3.42916,3.41297,6.01792
3.49209,5.02171,4.67493,3.24821,2.53772,4.0177,3.36166,3.65232,4.85335,4.53905
4.81742,5.13853,3.40251,3.96323,3.75782,6.10495,5.1325,3.11325,5.03489,4.43339
3.18861,3.05086,4.22271,3.79327,5.19716,4.74034,4.8415,2.29085,4.12488,4.07802
3.45999,4.48443,4.19858,4.31471,5.19758,5.05146,4.25646,2.94239,5.68935,3.07293
3.97094,3.45254,3.55402,4.66617,4.31201,3.46639,3.01669,3.70655,1.7319,5.31458
5.00226,3.68249,3.35549,4.22474,4.32291,3.92923,4.76208,3.399,4.16862,3.5182
3.8769,6.00732,3.79261,4.66989,3.68531,4.29785,4.783,4.90492,3.59002,5.39511
5.08197,2.49332,3.40518,2.83203,3.72708,3.65516,4.95138,3.2158,4.14563,2.87625
4.15147,3.27034,4.64429,3.61072,4.10829,1.64155,4.7221,4.00385,3.88281,3.7048
4.79439,3.15079,3.21135,4.58691,5.07714,3.50801,4.09166,3.54113,5.38637,2.90252
4.30918,3.42033,3.02997,3.89413,5.47947,2.95131,3.10345,3.50302,2.72739,2.35117
5.05552,3.13525,5.14492,4.33004,3.56367,2.52696,5.88831,5.53791,4.95153,4.93461
4.82552,4.40073,4.65094,2.37376,5.41884,4.58599,2.82534,2.95763,3.28676,4.02578
3.75152,3.6029,5.75948,4.62385,6.07359,5.12662,3.92962,3.14906,5.278,1.21445
4.53599,4.84235,3.38922,2.52679,2.09672,3.08376,3.97881,4.62508,4.8512,3.58651
3.46683,4.22979,3.19253,3.45725,4.03051,4.74615,2.03256,4.99981,4.05171,4.43946
4.73729,4.04137,5.13882,3.91502,3.66388,4.44179,2.9267,6.51883,4.22236,2.56403
2.96126,2.68786,4.18589,4.40021,3.39025,4.6085,4.20608,3.74021,4.91723,5.24131
2.96662,3.72244,5.76104,2.64482,2.79911,3.91781,4.96023,4.81234,5.57289,4.99981
4.20023,4.4279,3.83674,5.58158,3.56117,3.59676,3.61198,5.29112,4.03277,3.48512
3.09092,4.47953,3.49616,2.28865,2.74963,3.99599,4.6856,5.5228,3.57372,4.09206
4.59145,5.76953,4.03975,5.00007,4.71052,3.86767,4.53674,3.46704,4.5656,3.60038
2.42433,2.02037,3.87122,3.79639,2.51243,3.11115,3.93422,4.01434,3.47138,3.60455
2.59101,3.41953,4.70824,3.6829,4.25571,3.67549,4.72462,3.80562,3.77539,2.91918
2.98625,5.52359,3.8462,4.26009,6.38556,4.05099,5.06118,2.97181,3.57615,5.00752
3.84066,4.20931,4.2097,5.39688,3.08804,5.06129,3.2636,3.06839,5.82895,3.76026
3.70214,2.96211,2.8601,3.55294,4.14996,3.63125,3.8487,2.99239,4.70374,2.62401
5.09246,2.85967,3.15592,2.9416,3.72868,1.60726,2.58665,3.81089,4.49017,5.09358
2.46532,4.8438,5.76879,4.30718,3.66296,4.52627,5.06724,3.06404,4.95666,2.955
2.82836,2.98141,5.25359,3.50749,3.61213,5.25293,4.11588,3.41307,4.52185,4.83921
4.06376,4.53494,5.11864,4.85456,5.65091,4.79153,4.73438,5.55681,5.07814,3.80605
3.4714,4.53693,3.38393,2.19932,5.17566,4.66948,6.15495,4.5934,3.23877,4.04457
3.00131,4.77304,3.45676,2.05147,3.82651,4.76348,4.98458,4.28309,4.88214,4.41147
3.97439,4.17456,5.82826,4.49914,4.17202,4.42274,2.38016,3.93222,5.56728,4.16679
3.74178,2.77011,4.99659,3.79582,4.09636,3.2856,4.84518,4.22063,3.66237,4.34503
3.54773,5.75437,4.10507,4.19238,4.26709,4.89421,2.96951,3.58278,3.33291,3.73521
4.23474,4.5123,6.20289,4.5191,5.00474,4.40173,4.6103,2.12544,2.76228,6.5979
3.66414,3.59901,3.1901,3.40439,3.84427,4.53698,3.44675,5.41952,6.31363,5.81936
3.1403,3.56582,2.97113,3.35668,5.64616,2.88354,3.22814,4.86971,2.41148,3.59584
3.94609,2.96889,4.27488,3.50204,5.4993,3.12218,3.33375,3.16718,4.73946,4.06584
1.4954,3.05835,2.80195,4.15898,3.37027,4.63069,3.14966,1.24115,2.83742,3.9457
4.9906,3.97912,3.60917,4.36961,3.27448,3.0125,4.66543,2.95593,4.23176,3.53444
4.94193,4.47262,4.82394,2.44323,4.44564,5.16433,2.82204,2.22634,3.13695,5.21177
2.45137,2.54466,3.10387,4.59925,2.39064,5.68883,4.67393,4.94255,3.42061,3.55442
3.61384,5.16259,2.70746,4.25664,2.83028,3.08596,4.67152,3.96212,4.67592,3.58196
3.66615,3.60435,5.46642,5.70385,2.97592,5.08045,2.45208,3.45188,4.22572,2.75587
6.18782,3.06653,3.61801,4.07557,4.95497,1.30129,4.49024,3.57418,3.44555,3.62618
3.94279,5.88571,2.35518,3.85927,4.36277,5.32873,3.28959,5.02101,5.9728,2.42061
3.96193,3.98539,5.06262,2.1196,4.75847,3.7109,4.11972,3.40255,3.28055,5.81076
3.95167,2.70812,2.3084,4.32008,5.12121,2.72202,5.55921,3.67725,4.96787,2.66104
4.47287,5.38683,3.37387,4.63828,4.34666,3.43444,3.95335,3.94638,4.04635,5.10204
2.48322,4.69951,2.70555,2.35659,4.15321,6.19244,2.04271,4.81787,4.66401,3.41632
4.21324,4.73729,3.70856,2.93648,5.30063,6.15502,3.10151,3.74296,4.58934,4.21188
3.07737,2.78727,4.43275,3.68191,3.66761,3.85323,5.38482,5.56642,5.16001,4.06599
4.01238,4.48858,3.37128,5.02232,4.56913,4.7832,4.48479,3.97374,2.55162,4.98037
3.37107,3.98718,5.24803,3.48982,4.82602,5.34192,4.83689,4.51428,2.30141,5.03913
3.81773,4.47227,6.02925,3.43816,4.83142,5.31384,4.02382,3.15563,4.15693,5.20936
2.92975,4.68875,6.55922,3.84534,3.84548,3.38907,4.25491,5.72204,4.13538,2.92674
4.57254,4.51855,2.7299,4.23599,4.73,4.28928,3.94241,3.54845,4.43431,4.32385
4.49619,3.55091,2.86765,5.01514,6.92603,4.03308,4.48823,3.35725,5.0101,2.77685
3.28124,3.01183,3.22236,4.03319,2.3088,3.2411,2.74495,3.57767,4.36965,2.84116
4.02749,4.21931,3.39848,4.1886,2.29376,4.48241,4.01536,3.80965,5.05293,4.92479
5.47273,1.86225,2.48107,3.51906,2.28039,2.99966,5.94219,3.62565,4.05822,3.90414
3.60027,3.05266,4.66092,3.73569,3.64372,3.17139,2.97552,5.03471,4.66399,3.19523
3.53112,2.99971,5.01,4.04596,4.29776,5.15476,5.38696,4.78124,2.68619,4.90025
3.88929,5.58887,4.62516,4.7872,3.80844,3.67414,3.43622,2.84653,5.41682,4.447
2.92474,3.07468,3.8685,2.92919,4.31127,3.69175,3.03172,4.54403,3.58686,4.34412
6.17025,3.76721,4.756,4.25736,4.84597,2.16348,5.12627,3.11504,3.82355,5.09314
4.90064,2.639,6.41465,3.32111,4.95379,3.70391,3.68738,4.61311,5.02757,4.98278
3.67677,3.7023,4.88189,3.51732,3.84169,4.6501,2.67194,5.1202,3.45885,3.77384
2.57506,2.66375,5.18943,4.41633,4.52285,3.67603,3.40895,4.22523,2.81336,4.89527
5.65776,3.83196,4.50572,4.06163,4.30313,3.90605,4.44398,3.6368,3.10172,3.82793
3.05534,4.38783,4.73717,4.46415,4.22403,4.08475,4.65221,3.70978,5.0153,4.23009
5.60808,2.20358,3.97727,2.55347,5.63485,4.1923,3.14495,3.32396,4.28027,6.52214
4.10745,5.59692,5.21118,5.16898,2.86955,3.18841,4.89534,3.4722,4.09011,2.82287
4.79426,3.74899,2.83635,4.3077,3.05456,2.68559,3.26417,3.58796,2.75969,3.51582
4.42047,3.46921,5.75337,3.91689,2.62546,3.31142,3.87597,6.21576,4.62259,3.74853
5.31581,4.39588,4.53201,4.58674,5.98224,4.18186,4.35882,4.32561,6.54098,3.82278
3.30484,4.44192,4.77152,5.0144,3.51731,2.77766,4.42141,3.19124,3.16672,4.36081
3.56755,3.2091,4.43526,4.71441,3.09148,5.01343,4.30218,3.19347,3.56395,4.34229
4.20992,4.3771,6.37643,4.26692,4.23413,4.12405,6.63843,3.9223,2.7692,3.34642
3.07506,3.80571,3.2068,4.38927,4.18802,5.16427,5.5917,4.60351,5.26477,5.38389
6.79773,4.0879,3.94268,3.48249,4.53306,3.42703,3.69521,4.69237,5.03263,3.0237
4.51162,3.76602,4.04573,5.7356,4.48594,5.01412,3.38715,4.1648,1.79374,3.39179
3.80733,3.85548,3.52766,5.18751,3.92191,4.68944,3.27523,4.95867,4.47428,4.41598
5.48864,6.17782,1.42147,4.1143,3.5231,5.26818,2.99812,3.98832,5.37169,3.84775
2.95236,2.93803,3.78934,2.17606,4.6076,5.11124,4.66173,4.28421,4.6001,4.02413
3.50421,4.04897,2.88811,3.86924,4.58886,3.74171,4.2395,2.51999,5.10202,3.22165
5.22245,6.22268,4.14103,5.33145,4.14439,3.40538,3.76084,3.87799,3.92294,3.82587
5.69987,3.91525,4.04546,5.2823,4.43351,5.35684,1.4933,2.72992,3.59756,2.75189
4.32543,3.08449,4.25806,3.62071,2.90603,5.74169,3.97863,6.30809,3.2242,3.08212
6.40561,4.51732,5.55925,4.58528,4.47093,2.96183,4.05203,3.947,4.66284,5.08897
2.39016,4.13515,4.60536,4.75856,1.36422,4.69424,3.94736,4.66702,4.71218,4.25539
2.39899,2.09171,2.39787,3.41027,4.01453,4.19059,3.09533,4.67598,5.52472,2.1798
4.90944,3.84582,1.79479,4.74029,5.41502,4.18371,1.9898,3.47887,4.62557,2.98934
5.06821,3.75035,4.32681,3.99581,4.77602,4.22287,4.85945,4.21223,3.68414,4.50654
5.38917,3.96651,2.78856,4.70548,4.79361,4.79597,4.85894,3.33275,3.33426,4.71586
4.30129,5.1313,2.82872,4.34491,4.591,5.4082,4.1286,3.70109,3.66247,2.86582
4.16915,4.18163,3.8666,3.0326,3.41856,5.15397,4.44723,3.56805,4.93128,4.15794
3.74216,4.16345,2.276,3.10379,4.17501,4.01738,5.55882,4.17544,4.08158,5.99939
3.43746,3.0683,5.1537,4.14964,3.58704,2.99517,2.99985,4.13586,3.31875,4.62925
3.85279,3.172,4.34162,3.41417,4.54746,4.13383,4.38708,2.3321,3.18889,5.0489
3.86522,3.9763,4.38363,3.9717,5.16385,4.07146,4.38633,3.85535,2.29248,3.9545
4.81105,5.02049,4.61075,5.06035,2.88733,3.27722,2.72532,3.11265,4.73944,2.44859
2.05423,4.785,5.07796,4.47274,3.27713,4.16933,2.17786,4.17667,2.60182,5.82529
2.97134,4.81924,2.75577,5.62463,3.98446,3.97657,5.12264,3.99056,4.20214,4.55318
5.03393,5.84736,3.66896,2.13188,4.33024,4.04332,3.63694,3.20408,5.44543,2.54893
4.11545,4.38944,3.85213,5.76035,4.20714,3.56492,5.94347,3.75809,2.29023,3.83623
2.64961,5.20049,4.79508,3.80893,5.02852,2.32546,5.07417,4.0572,4.91485,3.45356
4.82951,3.06863,4.24982,3.54392,4.79126,5.02258,1.87855,3.34671,3.01647,4.24917
4.12636,3.29355,4.89388,5.39744,5.16119,2.86259,3.84864,5.74607,5.73437,3.2644
3.65108,5.8856,4.1887,4.13933,3.50312,4.48205,4.99778,4.74073,5.40464,5.5703
4.06035,2.25988,2.72979,5.59603,3.80056,3.58285,3.03924,4.80309,3.88313,4.77498
3.78303,3.76322,3.69038,3.92155,5.03783,2.93666,2.6245,4.34518,3.33663,3.75064
2.82392,2.89621,3.96458,4.42537,3.31144,4.25166,4.10431,4.21177,4.17273,2.79123
6.04459,5.68281,3.97836,2.36218,3.63863,2.04509,2.84212,3.69218,5.21897,2.52484
4.74958,3.45275,5.05223,3.64776,6.67547,4.22512,5.73391,5.0422,5.9608,3.76666
5.40426,4.7284,3.68142,3.49278,3.39104,2.15575,3.13559,4.40837,2.63498,4.66745
2.77513,3.45996,2.69008,4.78287,5.48782,5.22551,4.74913,4.3399,4.88799,3.10979
4.2949,2.82586,5.30819,5.10255,3.63885,4.07065,2.98254,4.7743,2.15097,3.69019
3.43837,4.97289,3.84161,5.75102,4.44327,1.11609,3.48351,5.07769,4.09891,2.91134
1.48878,3.02195,3.76501,4.46723,4.88626,3.30506,4.13468,3.77813,3.08553,2.79501
3.87113,2.66343,4.59949,3.55987,4.44933,2.43326,4.01524,4.62337,3.20037,4.20291
4.78781,3.3526,4.1484,4.13152,4.42867,4.55061,4.49705,5.86648,3.07364,3.51121
4.69455,1.75736,4.16203,4.40523,5.62782,4.64041,2.93066,4.12228,4.86686,4.03471
4.25929,3.09369,3.85274,5.39292,5.05719,3.86991,3.18283,4.18891,4.42768,3.13475
4.32335,4.73929,4.2443,4.27833,3.35595,3.66936,2.41475,4.53262,3.70156,2.45087
3.00232,5.78992,3.94753,5.12656,3.74389,4.35219,3.87621,4.23841,2.93186,4.77292
5.32938,4.85135,4.9023,4.06891,3.0019,3.30316,3.74107,4.21289,3.75813,3.8218
4.56012,4.8326,4.66992,5.34104,3.37061,2.7015,4.13954,3.65723,2.56421,3.60376
3.76706,5.02581,4.44378,2.69331,5.75165,3.50152,3.34956,5.58003,5.08418,4.02382
5.49243,5.69594,4.74406,3.84942,4.27295,5.58175,3.99407,5.09777,4.70242,4.95192
4.13865,3.96753,2.68525,1.48056,4.51852,4.74116,2.69676,4.25801,2.78628,3.71942
4.25829,5.47083,4.06224,4.71158,4.56451,4.91015,3.71064,1.90864,2.97646,3.93829
2.50111,3.14905,3.58367,3.16628,4.01877,3.00873,3.78061,3.36549,4.12775,4.26178
2.97702,1.86002,4.12918,5.90826,4.76052,2.66289,2.74898,4.24165,3.00645,3.70056
5.63517,4.35607,3.75679,2.93138,5.78046,4.1907,4.42034,4.92148,5.22007,6.57971
5.83182,4.17085,3.76757,3.36279,4.69558,5.07097,4.00131,3.57829,4.71998,4.41557
2.2714,4.01121,3.55684,4.62063,4.13661,3.81381,3.45133,5.43371,2.33189,3.65897
4.65524,2.24959,2.13881,2.6887,5.58972,2.85115,5.08353,3.86683,4.07711,3.60329
3.91701,2.6823,5.98911,4.10668,4.56998,2.67152,4.1142,3.50514,3.93292,4.26447
4.30235,3.98848,3.42667,4.99644,2.44288,2.95077,2.1113,4.26251,3.9847,5.50144
4.88075,2.59642,3.80535,4.86712,4.43044,3.94316,2.95222,5.15142,2.66807,4.37407
3.50235,5.00536,3.82768,5.01966,3.22497,4.83062,5.16028,3.22429,4.02665,4.47096
4.70136,3.39957,6.29043,4.99921,3.88034,4.77497,2.3935,3.68696,4.64756,4.36439
3.46168,5.08981,3.91206,4.45611,5.20711,5.7271,2.8914,2.64767,3.55682,6.42002
3.75125,3.8401,1.75262,4.34416,4.0257,3.71829,2.23198,5.14045,3.39358,1.77464
2.456,1.71933,5.79072,3.62242,3.87768,3.95186,4.93736,2.90964,4.63984,5.17615
3.98616,4.19677,4.99977,4.52348,4.02285,3.30327,4.91425,3.37161,4.27401,5.62848
5.66533,2.13799,1.37315,5.75421,4.65531,3.46911,2.87533,3.07163,5.75095,4.52288
2.24944,4.54227,3.82614,3.94678,3.57926,3.40783,4.22665,2.20331,3.85399,4.62703
4.85169,4.58041,3.05486,2.95472,4.37823,2.90228,2.45374,4.27404,2.90515,4.15795
5.37428,5.89633,5.0364,5.00551,3.04449,4.51916,2.46449,2.22431,3.97701,3.35415
5.22502,3.24946,3.45443,4.79901,2.75381,3.74247,4.14969,4.49401,4.88854,2.98847
2.55471,4.50255,5.62802,5.41954,5.21437,4.39942,3.69566,3.99771,2.91248,4.48892
6.23799,3.63096,3.82475,7.04315,4.29059,5.23269,3.16597,5.02307,4.55348,2.71655
4.04715,4.58235,4.17805,3.99909,4.49539,5.77936,4.43655,5.54054,5.26689,3.1093
5.35949,3.72966,4.18896,4.96424,3.82364,3.68606,3.36552,3.25528,5.9047,4.01501
5.00931,4.9334,5.16607,4.4118,4.99015,4.16522,1.90431,3.80992,4.82636,5.45112
3.62633,4.80541,4.82933,4.74074,3.09976,6.4001,4.3072,4.38735,5.534,3.21066
4.91438,3.20225,3.4862,4.04232,4.56183,4.01926,5.17131,3.69089,5.31588,4.07426
4.61954,2.00674,5.31124,1.87369,1.97684,3.44683,4.64898,2.31501,4.0135,4.90427
4.01207,5.05079,4.12155,2.94301,4.13609,2.586,4.46637,3.49764,3.41181,5.72491
4.53359,3.20237,3.89129,5.56208,5.31765,3.18275,4.67253,2.71782,5.58405,2.74274
4.02396,4.48454,5.89855,2.04365,3.0793,3.44153,4.19718,4.50462,4.84159,3.97262
4.42335,4.99755,3.5461,5.66739,3.54264,2.49397,4.40388,7.06218,4.07234,4.25743
5.37801,4.00144,7.14166,3.31454,2.82523,3.22243,2.43271,3.80869,5.95268,4.2064
3.37743,4.61372,4.2357,3.6404,2.64972,3.45185,4.67136,2.75692,4.58672,4.01732
2.74728,3.66553,2.90365,4.33753,6.12414,4.76969,4.30719,2.88374,4.6236,4.84927
1.76256,3.91205,4.41227,3.03558,2.63186,2.47706,3.98473,2.19154,3.25545,3.7368
3.70501,4.79629,4.33198,4.62929,4.1146,2.94233,2.60172,3.26663,2.939,4.27408
5.09084,4.70592,2.16889,5.31789,3.02478,4.31481,4.09142,4.69765,4.88765,2.28307
2.64824,3.96602,1.66515,5.02829,4.49895,2.29358,3.66251,2.84558,4.73236,5.2638
3.75061,4.76676,3.56519,4.01778,3.71875,4.26251,4.34569,4.30769,4.81943,2.1243
2.87,4.21085,5.75069,2.78479,3.5041,3.50129,4.21279,5.65075,3.94665,4.5932
5.72604,4.06648,3.75745,3.12926,2.96601,5.40685,4.71231,4.88021,3.92778,3.17993
4.74184,4.77766,5.38197,3.81867,4.71882,3.98841,3.46134,4.21355,2.96329,3.8907
3.96912,4.03078,3.98735,1.9808,4.57103,4.1218,2.81185,2.62191,4.10718,3.4766
4.73411,5.25618,3.99872,3.31896,3.65027,2.4667,5.62992,3.72891,2.58809,4.4758
4.56481,4.25694,3.40958,2.86348,3.29049,3.64563,4.54461,2.73935,4.36495,5.73762
2.85303,4.52793,4.20382,4.82693,5.04018,3.0601,5.11759,3.85348,3.71163,5.16665
6.0461,3.82507,4.20566,4.59493,3.31284,4.0592,2.77422,3.33641,4.87445,2.4312
3.952,3.9399,4.80585,4.35926,4.38789,3.37773,3.81851,5.17642,5.04061,3.86083
4.92045,2.98709,5.90348,5.2653,3.15128,4.66079,4.80796,4.80398,4.12987,3.79297
4.65244,2.41453,3.15864,3.72334,2.41007,5.82957,4.33141,4.14789,3.90636,4.92193
0.955827,4.37323,4.20285,5.75339,2.82842,3.97086,2.8996,6.17962,2.4871,3.11029
4.72584,3.21336,4.42076,6.21503,4.41942,5.08989,4.68471,5.13461,5.02204,4.3375
3.94746,4.11305,3.04573,3.93864,5.42146,3.39169,1.96563,4.69274,4.33939,4.55728
2.96563,5.38022,3.14431,3.70526,3.06325,4.90652,4.98732,3.35481,3.49178,3.72181
4.38897,3.22794,5.90345,5.2514,3.20322,4.33802,4.27984,3.63191,3.66144,2.87456
5.05067,3.36953,4.09211,4.12837,3.68683,4.42306,5.37472,2.54386,4.10627,3.50752
6.16649,3.62032,4.63444,5.46928,3.15131,3.87371,1.75092,2.84545,5.09539,3.10777
3.04846,3.72806,3.6843,5.31508,4.51413,2.3891,3.17742,4.06836,5.30058,3.24426
2.02196,2.16037,2.76986,5.24909,3.46943,4.10363,3.72211,3.80749,2.5534,2.38498
3.57892,5.38646,4.6475,4.51158,4.57677,4.09156,4.58388,4.02135,3.15555,5.04198
5.74597,6.29615,4.33169,4.2541,4.70845,4.31457,3.00434,2.97894,4.33785,3.49402
3.34154,4.61873,2.81278,4.65358,5.22369,4.32134,3.84978,3.90641,3.09569,3.97999
2.28682,4.53237,3.23028,3.07499,3.89894,4.06902,3.90971,5.45771,4.17285,5.07593
3.69718,4.45211,4.05312,4.55194,4.02115,4.66513,3.21015,3.44166,5.52209,5.19735
4.33816,5.18406,3.90113,4.65526,4.61418,6.0744,5.57708,4.46953,5.22383,4.06961
4.68603,1.47675,5.42701,3.4665,2.9576,3.9163,5.42653,3.72111,4.09447,3.36621
3.01393,3.88559,3.53346,4.73277,3.47111,3.07596,4.13085,4.77267,2.67145,4.14042
4.18117,3.29537,1.65634,4.83269,3.84783,5.77999,4.54727,3.44605,2.57172,3.62802
5.39656,5.47136,1.83465,4.52462,4.39458,5.40294,3.45836,2.44798,2.83704,3.8816
2.91407,4.95205,1.80842,3.83441,4.20604,3.59673,3.3298,3.49099,2.62183,3.57401
3.76351,3.66516,4.85799,5.51228,3.67901,3.69477,3.84669,4.27171,4.62785,3.83283
4.7546,4.19513,4.68015,3.85251,3.50051,3.66472,3.33036,4.58199,4.93935,5.48407
4.14909,6.17005,3.91165,2.69706,6.20958,3.22525,3.20571,3.41397,3.78799,3.00574
4.73031,2.08324,4.81918,3.28541,4.4835,2.24498,2.8684,5.17928,3.75092,4.94931
3.10131,5.26686,4.27089,4.26277,2.7544,6.49973,5.38434,5.40467,2.87569,4.94602
4.03884,5.00669,4.78267,3.06642,3.69283,2.65756,2.49047,4.11374,3.61022,4.22744
2.2786,2.49869,5.99106,5.18202,5.21513,3.69979,3.9548,5.21679,3.46885,3.06089
3.79399,4.7113,3.63644,3.94546,2.63575,4.43599,6.16424,3.16394,5.35437,4.93586
3.06262,4.39627,3.63841,2.89824,3.12376,6.05153,3.02549,5.7797,4.35378,4.94874
3.29746,3.0432,2.4534,3.43166,3.02024,4.87223,3.08141,1.97833,4.23747,3.93912
4.45299,4.44873,3.89926,5.40812,4.90474,3.99372,3.37014,2.86425,4.37813,3.74724
2.80878,3.30733,4.04347,2.36317,2.88806,4.64945,3.89649,3.54875,3.10766,3.58952
3.09201,3.09207,3.03157,3.89674,2.75484,4.16624,4.29816,4.13114,3.42344,4.25948
2.50135,5.39763,2.46351,3.02233,3.92403,4.68634,3.42644,5.12995,4.86722,4.16198
5.1126,5.34087,4.35787,2.91775,3.61983,4.31774,4.23468,3.67596,2.25982,3.48592
4.56891,5.15287,4.21704,3.29966,2.88802,2.94664,4.1948,3.81283,2.77346,3.82251
3.29228,4.80457,5.82492,5.87307,4.36906,5.37611,5.29853,4.38839,5.23534,4.78801
3.95733,4.41145,4.7406,3.24327,2.58749,4.07358,4.38297,3.56792,5.00071,4.03161
2.10937,2.39188,5.85987,7.01152,4.21283,4.36173,6.30402,4.53438,4.11166,4.93997
4.24705,4.68567,5.11734,4.2766,3.95982,4.40083,5.77646,4.2643,3.59092,4.52972
5.89522,3.02627,4.90794,4.86349,3.50806,5.624,5.20581,4.26036,3.34323,3.83787
4.07566,1.91681,2.96769,3.45346,3.12313,3.93328,4.24902,2.98036,3.53945,4.56118
3.41878,3.37723,3.59199,5.92723,4.7171,4.00178,3.45872,3.50189,5.03736,3.45295
3.75852,3.11565,4.03691,3.71905,3.54011,3.91963,2.93202,5.59171,5.13044,4.38073
4.91841,3.43629,3.15219,3.98922,3.52142,3.95139,4.31882,4.5727,5.40112,4.71836
3.81984,4.17548,3.18536,2.29142,3.95294,3.47236,4.62747,4.06742,4.87905,4.14768
5.87627,4.42137,4.57795,3.85789,4.71107,4.64851,3.96215,3.34576,2.81803,3.56945
4.89828,4.27593,2.9088,3.1556,4.55372,3.61757,4.89269,4.32802,3.27459,4.2994
5.26409,4.59284,3.41332,1.26229,3.57807,4.75537,3.85551,2.06459,4.12519,3.52362
3.08824,4.00545,4.79242,3.52634,5.47015,4.61083,6.48191,5.30259,2.24035,2.18488
5.96899,4.74971,4.67481,3.97318,4.27662,3.97838,3.53796,3.30789,3.85762,4.79202
3.13017,4.8524,3.65015,4.04202,4.87663,4.80768,3.74105,3.78667,3.5464,3.84502
4.12943,3.97156,4.33232,3.9867,5.09155,5.0634,5.27177,3.6977,4.09475,2.97056
3.97464,4.07321,4.69627,5.82353,4.51689,4.61635,3.3723,4.50296,3.74535,3.44162
4.69032,4.73135,4.82297,2.4029,5.34904,3.77431,4.55288,4.71226,3.8131,2.55698
3.56152,3.827,4.54255,4.75212,3.76459,3.6143,4.9066,4.90093,2.69222,5.0819
5.90458,3.98222,2.20437,4.22718,4.64954,4.77936,4.7409,3.31104,2.16395,3.80153
4.47992,2.59103,2.7816,3.38274,5.24776,4.28214,4.16193,4.00267,4.58722,4.18023
3.09985,3.92394,3.38368,3.69546,4.46618,5.39051,3.82276,4.9317,3.53342,4.69063
3.84427,2.8758,4.6085,3.76767,2.49538,2.71245,5.58534,2.12118,4.59078,3.57239
4.66793,5.84087,5.14226,5.73876,4.36948,3.08077,3.79374,5.10295,3.05235,6.08603
2.76139,2.35216,3.96506,4.88056,3.22598,2.14396,4.94794,3.75261,5.05669,2.92576
5.10824,4.50344,5.77324,0.958765,4.04966,5.22502,2.79674,2.80748,3.04429,4.10563
5.09043,4.59092,4.40473,4.91004,3.45519,4.80086,4.38653,4.72302,4.04142,3.16081
4.28669,3.33124,2.954,3.74137,3.42129,4.37558,4.03516,5.1505,3.98326,4.77821
4.18763,3.73682,4.93638,5.22976,1.78823,4.092,4.97793,4.16403,3.64856,4.03008
4.26208,4.22295,5.84685,5.32212,5.24231,3.67406,4.02565,2.4911,5.68096,2.642
2.50982,2.86648,4.2706,4.3078,4.33126,5.00051,5.38182,3.92688,6.18828,4.50402
4.63385,3.97081,4.84301,3.65809,2.77732,2.65433,3.40811,3.42629,4.59541,4.18529
4.48099,4.24693,4.88186,3.62797,4.07728,3.59262,4.31058,4.63831,5.29387,5.77989
3.22181,3.29438,5.64307,3.3627,3.34776,2.88264,4.64621,4.61096,3.06072,3.33226
3.0058,5.04096,2.92754,3.94733,4.71805,3.37545,3.91191,3.77067,4.61834,4.1415
4.08752,3.35746,2.7599,2.83948,4.01254,3.92427,5.81623,3.46843,5.2073,3.74886
3.25602,5.15183,6.88707,3.73574,3.81899,2.87603,3.17386,3.98953,4.97619,5.43268
3.16758,5.20981,5.44279,4.68979,2.32638,3.88459,2.93358,6.6728,3.95117,2.25531
4.06368,4.64797,4.81852,2.8058,4.41706,4.1409,3.59405,5.0914,3.73048,4.30879
3.12667,3.98902,4.05093,5.58676,2.6056,3.66267,3.35643,3.6676,4.49624,3.66934
1.77733,1.97038,3.67217,4.97968,3.34751,4.10423,2.62761,4.15567,2.66659,3.6586
3.39377,3.18595,3.58055,4.33934,4.37494,3.77955,3.95971,5.48922,5.04791,4.80213
3.61573,4.42247,4.60824,4.22169,3.79777,3.619,4.62301,4.40541,3.5912,4.86755
5.44999,3.3065,4.49979,3.01663,4.70797,4.51571,4.07496,4.9793,3.47687,3.1632
2.85855,2.89122,3.93156,4.07205,3.82373,3.61659,3.82813,1.76327,5.4287,3.86239
1.96816,3.79051,3.41412,4.37227,1.84754,5.0497,3.8619,3.96774,2.58032,5.00731
4.72845,3.83689,4.525,3.68281,6.02307,3.59068,4.10807,2.55822,4.04663,4.51206
2.1606,4.89357,5.15045,4.62865,3.70899,3.45746,4.6111,2.8764,2.57134,2.1395
3.56533,4.33017,1.91498,4.16319,4.1168,2.67556,5.17709,4.97199,4.65079,4.70577
7.63839,4.40858,4.61888,3.51052,5.30215,4.35083,2.57613,4.51602,3.73181,3.40915
4.69432,4.48984,3.0824,3.07229,3.03927,3.49449,4.04422,4.88573,4.0768,3.19871
3.99831,5.45972,4.34677,5.06686,4.15686,3.83878,2.94581,2.94943,4.63964,3.45194
4.46844,5.48328,2.68093,2.57973,3.71298,5.03555,5.04129,4.02732,4.68208,3.13935
3.01137,3.76488,4.4458,3.46917,4.38941,3.73986,4.18092,2.45302,2.83245,2.663
4.09096,3.23475,4.24706,4.50542,3.34901,3.15817,5.25414,5.56862,3.77103,6.15045
4.21871,2.64012,4.53287,3.64093,4.57613,5.96504,4.7557,3.35671,4.45803,3.69474
3.70088,3.61655,2.58249,4.9396,4.31747,4.61614,4.83896,5.59419,4.72369,4.37376
4.89941,2.35469,3.33812,5.61887,4.89705,4.76776,3.73591,4.68325,2.35769,5.46926
4.36511,4.36026,5.44116,4.91091,4.71796,3.91819,4.68656,3.47463,6.16523,3.57149
4.157,4.6812,3.9844,5.25912,1.25645,3.96923,2.99275,3.64803,4.57946,4.22396
3.33068,3.01121,3.88197,3.41,3.2668,4.25197,3.75186,4.20341,4.39896,2.37182
3.20093,4.13991,4.04153,3.54135,4.98429,3.55688,4.03515,3.43003,2.93562,5.29757
4.39232,3.69662,5.2119,3.40925,3.1017,3.68412,4.60039,3.40836,2.57999,1.65704
3.22408,5.1754,4.58693,3.55847,3.60676,4.36256,5.22924,5.43729,4.54299,3.14388
3.22607,3.70853,2.51564,2.80988,5.0718,3.49008,3.84468,3.44191,3.68294,3.73839
4.70439,4.32801,5.28186,3.59771,4.83357,3.73674,3.95861,3.0475,4.1722,4.95309
4.55271,1.90673,3.62231,5.7834,1.54704,3.14517,4.94659,4.08695,2.73602,4.77199
4.97358,4.37367,3.99955,4.65857,3.56928,3.26371,4.28849,3.96538,3.61592,4.13695
2.9495,5.20991,3.04893,4.26059,3.27282,4.69838,2.89443,4.73955,5.04549,2.46166
2.93023,4.89603,3.50193,3.4966,2.95825,5.26639,5.61295,4.17181,4.37201,2.72828
3.84635,3.50087,4.27818,5.21721,5.4308,4.19153,3.03329,4.01682,4.36251,0.365842
4.30209,2.58583,4.2572,4.75895,3.39007,3.45138,5.31256,4.29088,2.8924,5.36075
2.35466,2.75865,3.94624,3.92084,1.92612,4.32862,2.29989,3.22521,3.54788,4.18984
4.55155,6.15897,4.7884,2.88659,4.87319,6.05424,3.00921,5.01942,5.069,2.47887
2.43039,4.9304,5.7348,2.74721,4.42089,2.39118,4.35735,4.34828,4.68704,2.49776
3.33824,3.05456,5.42897,3.22795,3.84833,2.80344,4.93395,4.59819,2.46573,4.736
4.21318,5.0268,3.33064,5.44485,4.14277,3.94813,3.42231,5.1584,4.1251,2.92673
5.32262,5.76472,4.67673,4.00321,5.26571,4.20323,2.98509,4.26184,3.13943,3.15932
5.14325,4.85522,4.82694,4.95049,4.9867,4.3076,3.05539,3.92893,5.06713,4.21112
3.36449,2.70323,4.65082,4.9205,3.5063,2.95499,3.56945,2.90388,6.64068,2.05351
4.80948,4.85573,5.26824,3.56923,3.419,3.87489,3.82529,3.94557,4.62633,3.92519
3.84007,4.30622,5.44546,4.04477,3.78684,3.61085,4.28399,5.65058,5.13409,2.83585
3.10722,5.32871,4.30767,5.00855,2.55843,4.50579,3.37004,3.7038,3.5978,3.44999
3.37591,3.47696,2.69681,4.10153,4.58143,4.98889,4.23347,4.69003,5.07841,4.98491
5.18017,4.38531,3.98399,5.35706,3.94213,5.09814,5.25152,4.08013,3.06546,5.11151
4.13224,2.4192,3.96834,3.42214,3.8457,3.8729,5.7004,3.41307,3.10885,5.39402
4.98306,5.36337,4.51311,4.7128,4.30473,5.09505,3.12985,4.5561,4.14544,2.86539
3.10444,4.14684,3.83366,3.64503,4.2349,2.79065,2.74009,3.84324,2.70517,4.06695
2.80635,3.45596,4.2924,4.78566,4.7241,4.5212,4.94107,4.00582,2.97267,3.76447
3.30208,2.5362,3.70506,4.07172,2.16036,5.11983,4.35463,3.07508,3.67863,3.89437
5.04592,3.36765,4.95775,3.53518,3.20068,2.19252,3.64479,5.30185,5.34432,3.79101
5.06737,4.02381,3.55629,5.36373,5.19139,3.17558,3.3557,3.7294,4.62142,4.12015
4.67102,4.19266,3.09282,4.28228,3.71369,2.40235,5.71155,3.48606,4.9704,4.09151
4.90438,3.88395,3.81259,3.46233,3.96361,4.59538,4.52065,3.44888,4.19066,4.10195
2.10147,4.60747,4.01968,6.17405,3.5294,4.05513,5.0536,3.17497,2.2259,3.62818
3.75502,5.29958,4.5259,2.2479,4.10575,3.45677,4.28934,5.02014,4.50437,4.1649
3.63033,4.9816,4.08289,3.66938,4.20542,5.27994,5.11196,3.6014,3.61831,3.93344
4.35079,4.65127,3.01526,2.21282,4.4703,3.48108,3.54091,2.56522,1.29309,3.86145
3.87465,4.23841,3.25944,3.88414,4.40937,3.82705,5.68838,2.79427,4.61066,4.76804
3.55379,2.91832,3.67952,3.36888,4.89366,5.77074,3.993,4.97899,4.20354,2.82427
3.82544,5.0251,4.36849,3.07863,4.28945,4.13386,2.2732,3.79368,3.68442,5.33737
3.94443,4.66309,4.96899,2.70814,4.48078,1.87412,3.26663,3.83228,5.60005,3.44882
4.12459,3.23001,3.64995,4.64203,4.6911,3.27595,3.35678,1.56483,3.62141,3.75565
2.81254,5.40724,3.25253,2.79571,4.75781,1.84149,3.46197,4.29198,3.07541,3.90199
3.41708,4.39084,1.384,5.20966,3.51981,3.39634,3.26407,3.10234,2.97738,3.0656
4.58414,5.74652,4.95808,2.59651,5.18523,3.99377,3.59505,6.02872,4.44232,3.35788
3.89599,3.49932,5.17445,2.05936,4.34732,3.83787,2.36742,4.23924,4.34312,4.13608
4.00016,3.4859,2.71501,4.28795,4.41974,3.35689,5.67181,4.50959,5.47319,5.085
2.8189,2.86905,3.85461,4.09573,4.22024,2.99999,2.72927,3.96785,4.67793,3.19794
5.94308,3.96956,4.51446,3.15142,2.75785,4.43013,4.91182,4.82617,3.96776,4.16745
4.98985,5.5149,3.86087,4.85661,4.36883,4.46863,4.19831,3.83126,3.52749,3.56904
4.51194,5.81196,3.79012,2.96386,4.73819,3.44314,3.42561,4.04764,4.99955,4.21257
2.03226,3.20193,4.19095,5.19721,4.89881,4.00033,5.35401,2.80718,3.47811,4.10511
4.13991,5.18873,5.22471,4.96266,3.90458,3.56527,3.93177,4.73732,5.03483,4.69203
3.69412,5.17818,4.5306,2.39529,4.08624,4.04832,2.76056,4.66302,4.64646,2.88256
3.18923,5.23491,3.43836,3.66902,3.19396,4.68876,4.81825,4.45452,3.27689,4.16765
3.04159,3.97541,3.64385,5.61861,4.94678,2.76079,3.68805,4.98732,5.76481,4.86698
4.8935,2.32936,3.98948,4.86526,4.51209,3.94949,3.81233,5.45941,3.68645,5.04419
3.52901,2.34583,4.35629,4.79699,3.48793,5.23916,3.83781,5.60515,6.30811,1.9228
4.15749,4.21145,2.69509,4.56254,3.63548,2.26056,4.82712,4.88413,3.8643,2.86206
3.17672,4.71124,5.21367,4.10189,4.04861,3.51477,4.91059,1.95505,4.62116,3.50647
4.25402,3.11239,2.95945,4.38309,4.47508,2.7866,5.15822,2.94673,5.93283,3.97701
5.30225,4.9131,3.31238,4.65045,2.90079,3.26113,2.88519,3.28744,4.24986,5.64167
3.31145,3.87551,4.02545,4.84872,1.84811,3.53287,5.22813,5.0094,4.14044,4.88062
3.83203,4.88173,3.58793,4.32583,5.56738,4.22861,4.6824,4.35975,3.54543,4.93734
5.84065,4.09027,5.25867,5.51785,3.91843,6.14659,2.23512,3.79633,4.75817,4.01658
7.1144,4.6582,2.88863,3.75006,4.42592,3.22941,4.52298,4.40295,4.63371,3.84823
3.33024,3.90567,4.28211,6.62956,3.49007,3.36403,3.76632,3.23725,3.77814,4.75994
5.11802,3.25615,3.32821,3.2163,3.51042,1.83054,2.61364,4.79497,5.99228,3.80269
4.77192,2.35191,4.34377,3.81169,6.53937,3.57953,3.29487,1.73897,4.46521,4.7159
2.32662,4.15459,4.12922,4.5513,5.18203,3.01223,0.505205,5.07935,4.11377,3.9419
4.96741,2.50064,4.32109,4.86386,2.86331,1.70351,4.68375,3.41188,5.06643,1.86142
3.61969,3.94687,2.4071,4.0111,5.27995,5.04023,2.65615,2.1972,3.17526,3.90443
3.55887,3.87659,2.49155,4.02524,4.20068,4.04117,3.1871,5.00328,5.47167,5.35125
4.4647,4.01463,4.0763,2.94316,3.50791,4.04254,3.0618,4.76566,3.961,3.78767
3.5903,3.85378,3.567,5.73765,4.34204,3.21174,3.47429,2.73448,3.05194,3.42538
5.92011,5.33283,5.74313,4.06008,4.8045,3.59731,3.36594,2.79148,4.43569,3.85206
3.79376,6.00486,4.29564,4.66296,2.57232,3.49206,5.18608,2.57701,2.96662,5.20442
1.61388,4.34865,3.6501,5.45337,3.45011,2.27951,2.09768,3.93221,3.59401,4.60807
4.57087,5.54757,2.15783,3.96937,3.48771,4.03716,5.00581,4.84487,3.09366,3.18347
4.66329,3.85739,4.79291,2.47417,2.41714,4.40046,3.74523,4.27115,5.08706,3.86568
4.40039,5.44553,3.16475,4.51089,2.9112,2.92973,5.33726,4.02114,3.22476,3.99347
3.44158,2.55013,4.43421,5.10738,4.56191,5.30666,4.12017,4.54173,2.31459,2.6686
3.66832,4.46587,4.94935,2.37517,2.69007,2.85528,4.47788,6.4334,4.24949,2.39159
2.85376,5.95422,6.46656,6.11539,4.7435,3.78859,3.92705,4.08385,3.78921,3.31608
3.88395,4.92657,5.64838,3.54954,2.77494,4.96881,4.52479,6.05573,5.20396,4.5688
3.53316,3.18148,3.47058,3.46967,3.02174,4.48006,3.51185,3.32004,3.80408,4.11965
4.68264,5.32694,4.84726,2.73035,4.60857,3.46457,3.68292,4.19503,4.3151,3.87173
4.89212,5.50376,2.76686,4.17771,3.26876,4.45233,6.68255,4.24732,3.84438,2.49843
3.17059,4.7094,3.44368,4.87746,2.06168,3.1222,3.12604,3.55883,4.91706,3.58567
4.85433,3.7999,3.07269,3.94175,2.9117,6.19244,4.34813,4.56478,3.61834,4.91062
3.46881,4.68166,5.31347,4.39245,4.32581,5.79827,4.91045,4.38656,2.55982,3.25487
5.23469,5.36185,4.15544,3.03253,3.08272,3.85283,4.28174,3.22532,4.75127,3.61964
6.41136,3.93583,4.60133,4.4361,3.00575,3.37552,4.01175,3.68403,4.14933,4.50616
2.99252,4.61506,3.06883,4.15777,5.64465,3.33058,4.51052,3.50527,5.24231,3.83084
3.76069,4.24425,2.14179,3.84686,4.3996,4.1873,4.36274,4.77574,5.0896,4.35473
2.46416,5.02353,3.70245,4.83096,3.61988,4.09465,5.72743,3.79689,4.83144,5.04257
3.57225,4.28703,3.79697,4.57259,2.84076,4.70204,4.51625,3.34043,3.12087,2.70413
3.82936,4.45589,4.24359,3.43658,3.96053,3.63686,3.04607,4.31353,3.86512,4.3725
4.7059,4.42564,5.69221,5.22283,3.22721,4.06955,4.51318,4.29083,2.94646,2.16638
4.12245,4.84246,4.26686,4.84241,4.32315,4.96192,6.4269,3.63529,3.08407,2.26863
4.41882,3.66951,4.21463,4.02544,3.34417,4.55851,3.64816,4.79946,2.6488,3.21586
3.16241,3.45149,4.38779,4.25625,4.95676,3.0622,4.35829,3.09537,3.82956,4.31147
1.66781,4.39626,4.65807,5.53615,4.16996,3.43624,3.91835,5.47145,2.73975,5.54529
5.49971,4.08468,5.21321,4.36876,5.67112,4.60252,3.73266,3.92164,3.39563,3.79597
3.65636,4.99961,5.20387,2.61181,4.53603,5.34032,4.4315,2.86635,3.20089,4.40238
4.42417,3.04576,3.91758,4.07385,3.4929,2.1399,2.83785,4.88957,4.36554,2.83188
3.69836,6.60073,3.99638,3.78303,6.70014,2.23478,4.99596,3.47617,5.09848,4.09485
3.33173,3.14422,5.34974,1.84012,4.6442,4.46062,4.14916,3.13464,3.22703,5.24443
2.9997,3.49399,5.25764,3.91279,4.52796,4.8534,3.57127,5.52489,2.36971,5.03495
4.60495,3.97912,3.73605,5.21576,4.71779,3.09142,4.5051,4.55236,5.57078,2.83434
3.93613,3.85061,3.33889,5.89327,3.62956,3.59816,5.00954,4.84144,3.94111,5.47421
5.18088,1.68904,3.74185,3.97314,2.67571,2.98956,2.87929,4.96531,4.57883,4.21664
2.90868,4.3383,2.68381,3.71479,3.48885,5.82535,4.89721,5.25653,4.06731,3.88009
5.12368,3.26853,5.49543,3.90827,3.22668,3.80279,4.54858,4.7605,4.78146,3.17948
5.77708,3.91908,2.65611,4.25105,3.77623,2.27813,4.14159,2.82426,5.97904,4.94766
4.9895,4.80779,3.46541,3.69358,2.79041,3.36298,3.7119,4.04682,3.77133,3.72616
5.27904,4.85228,4.68807,4.60995,5.48825,3.96007,3.21046,3.91916,2.61948,5.80702
3.38742,3.16599,3.16158,3.58157,3.28458,3.54685,4.37096,6.80193,4.8408,5.10165
4.56747,4.4874,3.55975,3.94856,3.86444,3.10094,3.08921,3.92745,3.52435,3.2745
4.52258,4.16222,3.35378,4.48247,3.50248,2.22119,5.54676,5.04031,4.23475,2.10936
4.52382,3.53943,2.33199,4.17819,4.50062,4.21901,3.78031,2.64772,3.9581,3.43468
5.3931,4.71281,5.12698,5.5044,2.96962,3.14608,6.13978,3.84889,4.68733,5.00251
5.16928,4.90835,3.20084,3.67802,2.85115,3.79838,4.343,3.51441,2.4258,4.49619
4.50643,5.17696,5.9615,4.23753,4.80662,4.86761,4.63752,3.54604,4.47579,4.01893
4.06506,2.13922,3.61716,4.61876,3.61985,2.60839,4.3992,2.80681,5.65542,4.17229
5.13407,6.26812,3.64973,5.1262,4.02388,4.01409,4.46713,6.82996,4.38205,2.81056
4.78449,4.86521,4.63461,3.02427,2.01485,2.21587,4.68148,5.11555,1.01355,2.62673
2.7911,4.31967,4.60206,3.94453,4.91171,3.78367,2.72034,2.44377,6.3097,5.29617
5.66135,4.25895,4.25546,5.17052,4.2885,3.28601,2.48434,3.0259,3.03981,4.23515
4.20936,5.18788,2.73867,4.11278,3.89727,2.41154,4.34439,4.65957,5.61857,1.93887
3.69089,2.93809,3.50977,3.32306,4.13367,3.81607,3.26016,4.46301,2.73408,3.31249
4.81018,3.47501,3.75684,4.0336,2.52037,4.41254,3.65436,3.64176,3.86592,3.4071
3.36699,5.28716,5.77148,4.9923,3.8189,2.73768,4.3754,5.76008,3.38494,5.96599
3.45746,4.39268,4.41712,3.73965,4.50889,5.92124,3.996,4.16845,4.71687,4.19366
2.9589,3.83824,3.51285,4.40246,3.08312,5.02618,4.23559,4.20721,4.06533,2.17203
3.8366,4.74785,3.93734,4.1236,3.47296,2.78535,4.53927,2.91885,4.9931,5.16884
3.72365,4.78661,1.50149,3.71402,2.2429,5.60217,2.06553,3.50561,3.54604,3.34695
3.1698,3.66858,3.76994,3.21897,4.51262,4.00064,3.8364,3.4861,4.84099,3.1622
3.04803,4.78348,5.55691,3.3836,2.56377,3.42819,5.64893,2.86489,3.2169,2.88364
2.82467,4.2567,4.40927,3.39182,4.06486,2.79194,4.52005,3.07968,4.58257,3.34596
4.83414,4.12652,5.21006,2.87047,4.33425,3.31458,3.71609,3.4072,4.55195,4.67702
4.97636,4.18458,3.91899,3.40184,2.88002,2.72296,4.84148,5.13367,3.20599,3.70934
4.73554,3.69009,6.37562,3.62646,4.23554,5.56453,4.60191,2.55371,2.29237,5.22118
3.02619,3.65055,4.97489,3.45093,5.13141,5.87876,2.9318,3.85756,3.78265,4.07908
2.55698,5.10045,5.03143,5.78189,3.96156,3.08538,3.39967,3.11157,3.36095,2.81711
3.83439,3.54006,3.67416,5.96798,2.96751,3.72495,5.22712,4.63305,2.06412,2.99477
3.91982,2.11001,3.17691,4.52457,5.47348,4.63889,4.16722,4.60419,2.714,2.89523
4.1764,4.09332,6.06441,4.87839,3.59743,3.67678,3.75599,3.92763,3.54204,3.80427
4.57672,2.82464,3.89537,4.76197,4.61303,4.46101,2.93627,4.7544,2.93593,4.92954
3.98191,3.19543,5.74163,3.75646,1.84233,5.51603,4.17221,2.68158,4.78439,4.51421
4.69196,3.60297,4.12836,5.69493,4.00325,4.27089,4.61068,5.19058,4.04076,3.44273
5.60883,5.09347,4.23592,3.22684,4.63748,3.33841,3.80688,3.55084,3.58647,2.67471
4.45026,4.32759,4.98337,4.866,3.04823,2.60495,2.86466,4.95537,4.35845,3.03582
4.88,2.88894,4.91653,5.36312,3.97023,4.34085,5.11291,3.07501,5.85676,2.67965
2.74845,4.05735,5.49347,4.55079,3.21376,4.47228,3.26037,3.75489,2.72773,5.23853
1.7575,5.71808,4.12474,3.44269,4.96448,2.12147,2.24518,3.80633,6.14135,3.4731
5.29381,3.20237,2.8998,1.60988,3.02299,4.18221,3.45452,3.92444,3.60042,3.72263
4.35808,3.61404,2.69901,3.70686,6.17423,2.90729,4.03701,2.32659,4.56663,4.13939
3.71905,3.72894,3.30635,4.29091,4.67831,5.64489,3.92694,3.15291,4.18116,4.09978
6.27347,3.84182,4.17109,2.8664,5.46318,4.11543,4.03364,3.0646,3.02451,2.62641
3.13679,4.35743,3.93414,3.49681,4.01901,5.04777,3.4008,4.00059,4.96117,2.31706
2.96594,2.43822,4.16907,3.79051,4.4161,3.91919,2.94973,2.33595,5.04751,5.28112
4.36838,4.08557,4.25584,5.24917,4.35607,4.61122,6.38347,4.32183,4.03242,4.00656
3.25623,4.35792,4.12255,4.20908,3.29291,5.06069,4.26569,4.93806,3.03424,3.12479
0.993871,2.93232,3.26486,4.52015,4.6482,2.28184,5.30853,4.80806,3.3718,4.07586
3.82694,4.63313,4.72016,3.50619,5.49158,7.03075,3.80682,1.94835,3.69365,4.83158
4.21617,3.01044,2.79692,4.64999,4.13861,4.28983,4.50912,4.97546,5.3275,3.42668
3.12647,4.95046,3.01106,3.2263,1.78267,3.1306,2.9518,3.02216,2.29759,3.84539
5.91412,3.81843,3.26755,3.79452,2.51824,4.76673,4.17806,4.33521,3.22164,4.79421
3.40805,4.48506,5.07101,5.56477,4.83095,4.72717,5.7725,3.46168,4.98131,3.36015
7.01708,3.48543,3.2844,5.44457,3.18379,3.30391,6.1397,3.37828,2.59096,3.18908
1.57036,1.88693,5.66024,4.03521,3.89125,4.49937,3.55229,5.93881,3.48319,3.82325
3.86848,4.44653,4.08106,5.61761,4.69725,4.6515,4.81852,2.81532,3.04136,3.94161
5.51089,5.38433,4.68799,4.83264,4.14217,3.98762,4.01319,3.18298,4.11227,4.42884
4.37936,2.80365,5.45304,4.01885,3.48215,4.37246,3.94525,3.4358,3.43973,4.7456
1.71909,4.57987,5.12796,4.42186,2.69016,3.61001,6.62936,4.71877,2.88404,3.07268
5.46986,4.24536,3.04279,3.55877,3.33796,4.55778,4.73204,2.21468,2.97029,3.56193
4.18467,3.87736,4.79413,4.61131,4.86727,4.81738,3.71281,3.92304,2.87821,4.84939
5.04013,4.69552,2.24749,2.30286,4.37937,3.29077,3.86331,5.44057,3.06711,3.79458
4.63121,2.86411,5.13105,4.02588,3.65766,3.16443,3.91419,3.96842,3.36333,3.61935
3.56468,4.14635,6.1734,2.15301,2.83586,6.5914,3.22061,4.70746,3.90209,3.72925
4.23324,3.21822,1.98344,4.65859,2.28131,1.75664,4.38954,4.71344,3.51058,4.73599
5.46827,5.00286,2.61413,2.60289,5.19098,4.82143,2.49703,2.3309,3.07721,4.36314
4.25351,5.31837,4.99895,4.48033,2.5963,5.18447,4.22092,3.59888,4.24862,2.48391
4.20429,3.90066,1.65647,3.13177,4.28462,6.31456,3.02502,3.51624,4.13563,3.52097
4.07301,3.09599,4.25821,3.35115,4.04791,3.48788,3.53885,3.91258,4.07742,3.93641
4.82034,1.63076,3.28936,3.78514,4.53292,4.71869,2.42878,4.90477,3.04333,4.03955
2.87269,4.78665,3.07303,4.9472,4.0613,3.11191,6.55783,4.78782,2.58722,4.09212
4.61034,3.49728,5.21451,4.90951,4.16238,4.43016,4.80109,4.7875,3.89639,4.73554
6.83891,5.27442,3.44216,4.55173,6.46791,3.70272,3.7802,6.51834,3.29435,2.92098
4.16967,4.41111,3.61504,4.46668,5.53347,3.41809,1.58053,3.8028,7.73567,6.04144
3.82848,2.67446,3.46726,1.10811,3.29051,4.49377,3.94031,4.20711,4.36704,4.75488
4.56574,5.34344,3.69776,4.03875,5.03597,4.49515,2.92329,4.37263,5.35609,5.8191
5.54129,3.13228,3.75403,2.49798,2.81912,4.11542,5.11361,4.82452,2.72364,1.88493
1.08516,4.27107,4.52624,5.33002,3.39165,2.41308,3.59863,3.32652,5.15862,3.32168
5.28505,4.38349,3.25824,4.37232,5.19464,2.87966,3.81041,3.58106,2.69892,2.67674
3.87173,2.59881,3.71651,3.32233,2.34468,4.06077,2.82251,4.9285,3.36831,3.69718
3.62612,4.73402,3.94185,4.24784,3.85867,3.02687,4.10427,4.67158,5.53335,2.69928
2.98643,2.32788,4.50135,4.22076,3.58392,3.0252,6.21205,4.4802,4.80783,4.58426
2.06633,4.01422,3.49783,4.25123,3.80112,2.82926,3.76182,4.36217,3.20873,3.06724
4.49187,4.57824,5.12363,3.64258,5.47456,5.3093,5.83478,4.35916,3.67256,3.17081
3.16156,4.50335,4.3637,3.98439,2.18078,2.5985,3.82897,5.7559,4.16385,3.26663
3.48209,3.37185,4.93929,5.14397,5.13665,4.57956,3.29068,3.20031,3.94811,3.50857
3.31691,2.61478,3.25062,4.15042,3.95296,5.14996,2.72475,5.87179,4.21695,4.21644
5.19398,2.90776,3.04729,4.42249,4.51719,2.92023,1.69054,5.22388,1.68434,4.4535
4.62887,4.07437,3.94744,3.27756,4.92609,2.63357,3.64831,5.06788,4.49496,3.07817
4.34381,2.91015,4.64418,4.99832,4.58857,6.43126,4.67902,5.38092,4.74384,3.44971
3.00399,4.97938,3.75846,4.58061,5.0832,3.07899,5.02062,5.90211,4.60875,4.70674
5.44282,3.14856,5.42195,4.49035,4.37646,2.44955,4.89305,4.37533,3.52722,5.21716
3.03245,5.73105,4.7281,3.69765,3.6317,3.84784,3.71545,3.6143,3.60004,3.37373
4.20558,3.78314,3.89154,5.2434,2.98863,4.56307,5.97971,4.80467,3.23462,3.43853
4.38926,5.93049,4.32463,4.5419,3.99194,3.40798,4.01251,5.58727,2.84205,4.08608
5.13596,4.1749,2.38993,3.63652,4.0941,4.24179,4.46598,3.7215,4.0736,5.14429
2.58188,4.57259,4.68084,5.2555,3.40257,3.36786,4.73919,4.98186,2.02183,4.05881
4.32006,3.83264,2.70566,1.78785,4.39985,4.93756,3.67957,5.04507,3.76345,2.8194
7.03156,3.47832,3.81457,4.34775,5.688,3.61326,4.0698,5.61717,3.14431,3.70462
5.5247,3.85427,3.83637,4.59784,5.63097,3.37819,4.21714,3.37878,2.86498,5.17087
3.57717,4.38085,2.58625,3.76065,3.05943,4.12966,4.72018,3.74854,4.09274,3.65874
4.76557,4.03977,5.26085,5.04389,2.98562,3.64707,3.62402,3.49284,2.73093,2.4724
2.7527,3.21156,4.6342,3.88068,3.80277,4.3609,4.11597,4.68393,2.18303,4.49966
5.31995,4.78592,3.50619,3.31751,2.70019,2.61852,4.77269,3.83893,2.84747,4.30393
4.02086,5.86006,4.81495,2.76066,3.15627,5.37524,5.24597,3.1234,4.1575,2.56803
4.39094,2.51254,3.92408,3.45688,5.64146,3.86393,4.90941,4.13691,3.38741,4.1172
4.65986,6.65557,4.63882,4.16738,3.11664,4.50391,4.29668,2.96029,3.97907,4.72588
