10
4.56793,4.61501,3.86487,4.56418,1.85186,2.93636,4.74734,5.21369,4.66218,4.76378
4.57708,4.17489,6.00858,4.53645,5.47304,4.29338,4.67983,3.40432,3.73381,2.8688
4.3545,3.9836,5.16596,5.00016,3.94503,2.74319,3.70602,5.02199,3.99316,3.99011
3.03506,3.98393,0.00452564,4.25805,4.26134,3.7866,4.19676,4.44423,2.28634,2.19706
4.11372,3.62535,4.92706,1.80538,1.4309,2.72197,4.65008,4.80896,2.92137,4.33919
6.52108,5.01579,2.93625,3.20217,3.6216,4.77357,3.88931,3.68041,2.83558,4.13798
3.35989,3.4505,4.81725,4.38587,4.86955,4.70255,5.53188,2.78469,3.3866,3.78858
3.7344,3.91626,2.70575,5.97119,4.03677,3.7343,3.04485,3.3434,2.20071,4.28009
5.0935,3.79454,2.65228,4.9119,2.6317,5.27647,4.80817,5.14804,3.469,3.46269
3.04444,3.79833,4.72509,4.99412,3.52035,3.05085,4.32853,3.60865,4.72599,3.88685
2.58545,5.13613,4.4816,4.58535,4.2358,5.7706,2.49458,4.36311,4.88189,3.88235
4.17991,6.05918,3.25115,3.77423,5.80629,3.50668,4.18741,4.09692,4.6644,3.88287
4.31448,2.72277,4.72577,4.36915,4.91581,4.76441,2.8968,2.47541,4.82508,5.28966
3.31972,3.38384,3.1743,5.17414,3.68923,5.96192,3.86973,3.65374,2.55876,6.16954
2.78717,3.42107,1.92026,4.14495,4.29753,3.2076,5.66077,1.91877,5.79299,5.00023
4.34642,3.17293,3.69782,6.10521,3.71841,4.01354,2.98397,2.66592,1.7514,4.96195
3.49032,4.42937,4.67182,4.64256,4.88112,5.1319,3.72344,3.6486,3.31195,3.68158
3.65367,6.63037,5.03709,3.55875,3.68158,4.97632,5.32895,3.67076,3.08034,3.5135
4.22588,3.06199,4.97715,5.18164,5.15402,4.60948,5.34354,2.50619,3.89882,3.04958
2.32097,4.20606,2.91935,5.1512,3.94777,3.63479,3.57686,3.96039,5.28836,3.97909
4.03039,5.66846,2.86757,5.79292,4.24093,4.99767,4.40661,3.60482,3.3335,3.16296
3.36378,3.32162,3.74721,5.4434,2.99384,4.99918,2.54844,3.68514,3.79898,3.92724
5.30955,4.65175,3.97405,4.12215,6.49353,4.1,4.70301,1.75667,3.08624,1.67875
5.03084,4.26409,4.11497,5.25311,4.79368,4.39013,2.1722,4.39104,3.90524,4.23521
3.38758,4.58631,2.23227,4.54077,4.43832,2.68852,4.82487,4.92654,3.83639,4.89004
2.82969,4.71636,4.15384,2.29794,4.13931,4.35437,4.02802,4.08194,3.54926,4.24851
5.8968,4.22552,3.01072,3.66983,3.99661,4.69195,5.02806,3.18632,4.37738,3.32877
3.46655,5.97083,2.94645,4.68825,3.36153,4.99568,3.7671,3.98604,4.37459,4.91907
3.38722,3.93317,3.00231,5.08968,3.88089,4.73594,3.50999,4.16763,3.35663,2.82916
4.06966,4.39121,4.26579,2.56096,4.49506,3.75462,5.96665,5.35692,3.65874,5.95882
4.36802,2.86398,3.39951,3.38308,4.99211,2.92658,3.97811,3.22452,5.11287,2.30256
4.37107,4.23076,3.469,3.92203,2.71149,4.16774,5.3788,3.17851,2.75334,3.51726
3.57968,4.05978,4.1526,4.7009,4.57363,2.80397,3.23074,3.58468,5.14072,2.32674
3.59265,4.68871,5.09044,1.67338,5.18711,4.95728,2.62301,3.48733,3.90593,3.79748
3.87863,3.75231,4.78334,3.20248,4.49287,4.09448,1.52568,2.22414,4.18289,3.04688
2.3025,4.21568,5.27615,5.38432,2.83461,3.41323,3.67654,5.20112,4.98104,4.07329
3.43099,2.31938,4.37947,4.80868,5.76593,4.03056,3.34297,4.3088,3.06807,3.36322
3.54096,3.83596,3.73577,2.67039,4.58914,2.9929,4.83559,1.87176,3.39736,2.11871
3.84512,2.33062,4.69839,4.39658,3.09861,3.95664,3.42466,3.90605,4.19254,6.15566
4.00387,4.99928,5.30569,3.77895,2.99521,3.31411,6.34253,4.10231,3.33345,4.57189
4.47272,3.99094,2.35325,3.57004,2.81207,5.24283,5.50566,2.17509,3.61728,2.90662
4.10268,3.79498,5.18971,3.01536,4.74691,2.96723,2.41922,4.53551,3.19637,5.14305
3.57743,4.10503,4.68982,3.45225,4.80706,2.69596,3.08577,5.35706,3.69085,2.52761
5.38934,2.54675,4.50738,4.67537,2.83075,2.97134,4.4289,4.73229,3.03159,2.48746
5.1641,4.20707,3.89282,3.9338,4.27893,4.81415,3.64284,0.948213,4.9547,4.1207
3.68851,4.95087,3.13847,4.58603,4.50135,4.22976,3.79585,0.949181,4.39979,5.99445
5.48988,3.30513,3.06876,4.18064,4.1947,4.01684,3.29828,4.25333,3.82083,3.76889
4.50633,5.67593,4.32349,3.48837,4.78619,3.72853,4.29098,4.26319,2.26535,3.8138
5.26431,4.97364,6.20156,3.37123,3.55328,3.82424,5.11773,4.32669,4.34685,4.06224
6.14583,3.76749,5.78673,2.46703,3.16705,4.55058,3.93012,6.12079,3.53563,3.55966
3.34422,3.4563,4.24966,2.79166,3.01276,5.06131,3.21804,4.71739,3.76372,3.16422
6.48763,4.74744,4.20489,4.73393,2.50203,3.79029,3.50333,4.61116,2.58362,3.32301
4.108,5.2338,3.00491,2.79722,4.10907,3.08766,4.41961,4.35259,4.23092,3.60797
5.13325,4.79542,5.53274,3.12301,4.60546,5.00866,3.95548,1.83328,5.05648,3.18911
3.96772,2.28984,6.94548,2.6786,4.90486,3.98691,2.76251,6.58731,5.02127,2.61116
3.92258,4.03702,3.30894,4.34814,2.51962,4.44141,5.29824,3.87059,4.50284,4.21799
4.48854,4.12714,5.98754,3.87819,3.84019,2.8891,4.09782,3.8896,2.52536,2.49833
3.20794,4.25597,5.8148,4.08811,4.2112,1.22711,4.74024,6.09164,2.99757,3.25786
3.49987,4.34984,5.27533,3.66371,5.45031,3.36102,4.04173,3.18888,4.73932,3.00484
2.55105,4.75803,5.38144,3.66117,3.99824,3.69773,2.98451,3.68148,2.68565,1.71413
3.27013,4.39306,4.55952,2.86222,3.56237,2.86021,4.53031,4.24721,3.5479,4.22598
2.64599,4.63451,4.00353,5.93622,4.86996,4.20636,4.4388,2.4796,5.48097,4.98034
3.3112,2.84656,3.46854,3.22227,3.21868,1.7155,3.65218,3.93903,4.17507,5.09007
3.92345,4.30373,2.12483,2.5217,4.8687,3.54353,3.66575,1.87486,2.60825,2.9798
4.71822,3.59661,2.85905,4.26766,5.15649,3.27314,4.74779,3.06037,5.8851,2.90467
4.30492,5.13212,4.59011,4.11213,4.99051,2.8178,3.82336,4.50547,4.91561,4.27764
4.76289,3.70119,3.03111,3.67764,3.28473,3.17197,3.501,4.64094,4.04982,3.25269
5.15865,3.73286,3.53702,3.01088,3.65985,5.1005,4.60852,2.14545,3.93341,3.9781
5.53746,2.49871,3.23763,2.90296,4.0624,3.71618,4.67109,5.05556,4.46293,4.32158
3.84974,3.58569,4.44644,2.42683,2.77832,4.61677,2.74492,4.37609,4.46036,5.54314
3.39809,4.70618,3.43677,5.11976,4.25832,3.55627,4.81039,2.38247,5.0185,3.13394
3.61867,2.37325,4.09619,3.42315,4.81804,3.0862,3.49471,3.69714,3.1571,5.6908
5.66307,5.51221,4.67483,3.34024,2.46931,4.26345,4.41648,4.39205,2.81129,4.79181
5.26293,5.75822,4.0753,2.61126,4.21024,6.38857,4.5395,3.243,3.56155,2.18114
3.3886,4.58766,3.37788,4.19781,4.2319,1.50656,5.72975,2.53198,2.38996,7.3321
1.78284,3.31772,4.31982,5.08494,3.96286,3.91873,2.51579,4.48076,4.76133,3.62905
2.4023,3.28454,3.49848,3.04962,2.11138,5.62675,5.29664,3.47542,3.6036,3.70164
2.92455,3.73968,5.31004,4.73952,4.57497,4.86049,4.31729,3.7935,5.67005,3.25797
2.44772,4.3767,3.25788,4.00552,6.03448,3.0099,6.02289,3.6512,4.39595,5.72366
5.29428,5.29371,3.92347,2.15238,4.99327,5.68108,4.26232,4.98144,2.96917,3.96227
5.31224,4.22882,4.28502,3.45191,4.28005,3.08859,4.34865,4.39788,2.15451,5.79095
4.99004,3.59346,4.43307,4.48552,4.26138,4.61822,3.3632,2.6359,3.11811,4.32034
5.38561,2.85704,3.40658,3.08375,4.55249,4.32768,4.33993,4.67063,4.8509,5.16289
2.48964,3.42031,4.51963,3.85988,4.8247,3.31011,3.70305,4.48628,3.24708,3.93708
4.28503,5.7723,4.44756,5.20766,3.58332,2.6506,4.81065,6.29958,4.59028,5.59631
5.42071,4.94741,4.10028,4.55703,3.39609,3.57566,2.37614,3.16272,3.51904,5.18099
3.82367,3.04864,3.46307,2.73041,2.97926,3.70191,3.68692,3.04604,3.478,4.37665
5.24043,4.04903,5.56572,4.22774,3.9064,4.18018,5.55318,3.86657,4.91471,3.44352
5.96005,2.8732,4.61416,5.0885,3.1091,4.97312,5.35014,2.76993,2.29871,6.36412
1.03904,3.3875,2.78954,1.73983,4.39174,4.81091,5.18708,3.9039,3.75031,4.00508
3.87953,4.92855,3.78307,4.62506,4.18001,6.22523,2.71707,5.52244,3.53623,3.46804
2.21021,5.07044,4.66422,7.56629,3.46925,3.12252,5.0636,3.84716,3.49539,4.33539
3.08239,3.67373,5.07937,3.08316,3.24667,3.8201,3.17882,4.50634,5.12907,3.92293
3.71726,3.79745,3.29958,3.65443,3.52518,3.49198,3.47855,3.79111,4.52,5.37293
5.13513,4.72808,3.07543,5.73271,3.98939,3.3542,4.7621,3.24949,6.41294,4.49445
3.47477,4.10474,4.15717,4.44267,4.15708,4.09254,3.75963,3.23177,4.16542,4.30369
4.11597,5.22085,3.31253,4.47247,3.09133,4.59431,4.46302,3.53665,2.99412,5.26305
6.01267,3.59515,6.44549,6.64694,4.23751,3.76928,3.83009,4.83551,5.03079,2.88775
3.57701,4.51644,3.14821,4.55458,4.92582,2.43566,3.87135,3.23413,4.13253,5.50589
4.35497,4.19878,4.87803,4.84021,3.65294,4.27455,5.27618,3.10015,2.76798,4.38123
3.94765,4.94934,5.25975,4.19829,5.84651,3.45911,3.4047,5.06796,3.06998,4.81782
3.61289,3.66394,2.5297,3.4313,3.69495,5.74553,3.84305,4.98409,3.70332,4.62392
3.65003,3.7926,3.09772,4.04301,2.90568,3.78757,3.71086,4.60274,3.93164,4.98357
5.41938,2.47286,3.93121,5.15571,3.61544,3.85533,3.99159,2.87518,2.44756,3.42157
3.51399,3.35404,4.19247,1.53157,2.44982,2.6322,4.12003,5.60965,2.98379,2.63189
2.18369,5.37788,2.31376,3.47272,4.08129,4.16459,2.29304,3.30201,1.97492,5.97275
2.97484,4.32911,4.81945,4.36336,3.57937,4.54915,3.63964,3.62231,3.15021,3.85277
4.23095,3.60254,4.40739,4.9201,3.16147,2.91605,4.95027,4.32038,3.14348,5.28641
4.47999,3.77788,5.07873,4.13868,3.47526,2.83566,2.94904,4.18075,4.59843,4.24663
3.90477,3.23616,3.67066,3.84795,4.03029,3.67058,4.40113,3.82143,3.98133,2.65544
5.02257,3.59399,4.08911,3.88477,3.00547,3.09862,1.18203,3.82932,2.7712,4.18297
3.10167,5.11101,5.21871,4.4954,4.29378,1.96175,6.13969,2.37279,5.07986,2.84133
3.0472,3.58521,3.33233,6.08675,3.9073,4.601,3.78957,4.77328,4.3573,2.5945
4.69488,2.51049,3.83547,4.31984,4.41794,4.13525,4.87046,3.90069,3.5148,3.38809
2.56947,4.8716,3.92032,5.88343,3.96881,5.1519,3.42401,3.79154,2.86321,4.13623
3.31264,3.13527,5.55589,2.91171,4.41723,4.66185,3.62806,5.70825,2.44641,3.41763
4.07557,3.48561,4.48985,2.17542,3.73799,3.03276,3.54508,3.69578,3.31539,3.33741
3.79297,3.86415,2.35674,5.03166,3.04077,3.07227,4.3806,4.94342,2.39387,3.19316
4.7988,4.55565,2.98774,3.32807,3.79804,3.36534,3.36065,4.09582,3.11515,2.87036
3.50241,4.94151,5.67003,3.49406,5.35813,3.72233,4.49673,3.13632,4.52523,2.8596
4.38085,4.57575,1.40996,4.2605,5.12738,1.80299,3.69127,6.14629,3.04661,4.21429
2.78398,4.30205,5.98013,5.62399,4.19025,3.01815,5.13565,3.17988,3.73008,4.20089
4.64084,4.93796,5.64936,3.10344,3.90943,5.34543,5.16715,5.77101,4.8395,2.98507
5.70837,4.79095,3.32478,5.98368,5.06718,3.53779,1.59768,3.23428,2.78986,3.76526
3.41711,3.28126,1.35895,4.67904,3.82915,3.81053,7.38349,4.73881,5.5724,4.06189
4.49051,3.42628,5.87178,3.96616,6.35499,3.37799,3.67527,4.23832,4.06101,4.22004
2.99742,3.64118,5.40809,2.86316,2.51572,5.32679,3.9675,3.53974,2.02991,4.03758
3.77261,3.61083,4.51237,3.48633,4.58363,4.9365,3.70812,2.53453,5.74772,5.17048
4.51004,4.05246,4.90799,4.39587,3.06836,5.53886,5.18818,4.48971,5.14204,3.85912
3.62018,3.24908,4.38039,4.10134,4.36984,3.67763,1.32516,5.5518,3.24663,2.58358
4.53736,3.81358,3.89255,4.29199,2.66493,3.82365,5.76602,0.468905,4.74568,3.49017
5.19145,3.7776,3.59042,4.53013,2.78631,2.90633,4.31852,3.28978,4.78359,2.33873
3.74316,5.57139,5.48305,4.97512,4.30551,5.12262,4.95423,3.59598,3.7781,2.973
3.95239,4.23476,4.47686,2.76731,3.43006,4.1,3.88586,2.56193,3.72169,4.85783
4.8207,3.41732,6.61867,3.02999,3.94261,5.28728,3.15619,5.09868,4.57318,3.68581
3.95357,3.8053,5.2296,4.53233,4.02454,3.31354,4.60737,3.37526,3.92263,4.59315
4.26062,3.35263,3.89135,4.65374,3.21824,3.64475,2.72336,3.98767,3.87974,2.532
4.58928,3.49935,1.04984,4.76518,4.37198,3.72601,5.43577,4.71116,3.01087,3.11538
2.51013,4.5361,6.43875,3.98513,3.05901,1.12446,2.8657,4.18129,3.22258,5.46797
4.55116,4.51477,5.55328,4.99,4.99193,3.90849,5.68621,3.37168,4.68471,2.84982
4.83217,6.09002,3.44481,7.25346,6.25678,3.86105,4.9264,3.4248,3.96668,4.81935
3.61586,3.54092,4.98814,2.80265,3.84108,4.03484,4.60152,5.15615,4.09051,5.50655
4.76851,5.13123,4.02685,4.68809,4.60397,3.91126,3.73873,3.86625,5.22543,4.3147
3.84885,5.54395,4.09179,5.36464,2.44569,5.27187,4.03472,6.35417,4.43582,4.26818
4.2426,3.60827,2.9575,5.29304,3.59603,4.00207,4.40191,4.49113,3.01873,5.63444
2.06033,2.26494,4.13813,3.85738,5.02966,4.46787,4.40884,2.62864,3.47105,4.19637
4.4634,2.9984,3.90106,4.31617,3.21218,3.47896,5.44232,2.37996,4.93649,4.03202
3.99285,4.68456,1.60292,4.6518,5.96177,3.31287,2.95813,3.77337,2.68759,4.1257
4.59803,4.56946,3.17594,3.9879,4.51301,5.64136,3.03297,3.42538,3.6792,3.95955
3.78425,4.17306,5.12247,4.73818,3.3487,3.51084,4.0561,4.92787,4.94825,2.49032
4.93073,3.46568,5.19667,4.47314,1.61154,4.22855,3.45969,4.17384,3.65212,5.89504
3.23857,2.85446,5.88187,4.37903,3.94962,4.57663,4.33975,3.18318,3.45469,3.01529
3.60454,3.75345,5.09258,4.88091,3.81584,4.86153,4.13171,4.32415,6.60007,4.05121
2.48217,4.74197,3.28607,5.02709,4.02444,2.13978,5.35696,2.76908,5.89756,5.27397
3.8724,2.05887,4.9422,4.75863,4.24708,3.6673,4.29698,4.03395,5.79281,5.34312
3.80289,1.41356,4.11959,4.63512,5.36087,4.45679,4.67927,5.71685,4.1162,4.1976
4.03671,4.31265,4.88919,3.78366,4.48007,3.43215,2.8009,4.12662,3.79195,4.20394
3.39811,4.77805,2.96343,3.81889,3.28473,3.5164,4.58234,4.97944,4.49038,3.9045
5.44146,4.56965,3.34161,4.24252,3.15709,2.84565,3.9575,2.80512,3.15164,2.87301
3.67346,6.21618,4.24808,3.65901,4.56057,4.63403,3.97899,4.80757,4.14018,5.45591
4.26706,3.89856,4.7042,5.29497,4.32101,3.1574,4.42956,5.50971,2.83733,5.93589
3.21274,4.04268,3.41692,3.51373,4.58268,3.27589,6.11254,3.48641,5.16212,5.06908
3.04141,3.12977,3.86416,5.27227,3.6513,2.87161,2.34886,4.13495,4.59491,3.65398
3.28048,1.97049,3.15754,3.92063,4.54592,4.83595,3.92436,2.38708,3.84511,3.28204
5.54334,3.49624,4.55906,2.77117,3.73236,5.18247,4.26184,3.13225,3.85929,3.18727
2.79208,4.09967,4.67409,3.74786,3.49745,5.76111,2.86939,4.24073,5.53987,4.22944
3.39445,6.00805,4.86391,4.77792,5.03615,2.56,3.53625,4.31947,3.30099,4.85301
3.91628,4.43416,4.11053,4.49634,4.79125,4.42002,3.09504,4.65352,5.51263,5.65785
1.59804,3.64776,4.28017,3.9858,2.5299,2.47389,2.52879,3.57026,3.17395,3.05948
3.52433,4.37795,4.1731,5.71137,4.13982,4.76869,3.65506,4.3338,4.68231,3.4837
5.72018,5.13896,3.83212,4.75708,4.66025,3.1581,5.81199,6.59818,4.64937,4.03119
5.90074,4.54831,3.09902,2.62341,3.45751,3.32107,3.36963,4.98268,4.83792,4.16059
4.66032,3.66667,3.69741,3.80329,2.96161,4.56474,3.70751,3.21178,4.98734,4.76138
3.06492,3.33789,2.99059,3.10863,5.14933,2.71966,4.66107,3.5934,4.08812,4.49726
2.8878,5.30188,3.4279,4.51589,2.4779,3.93911,3.3836,2.53176,6.30695,3.82627
3.45624,3.73082,4.03645,3.97892,5.26338,5.47611,4.12977,3.96254,2.0788,2.70731
3.70646,3.15794,2.9466,4.60107,2.70979,4.5136,3.72343,5.42254,4.20503,2.70894
3.03072,4.38439,4.08561,4.76758,3.58909,4.20232,3.04211,3.59327,4.19096,3.52691
2.95752,5.17784,4.58613,3.62653,1.67764,3.12704,4.83959,5.16549,5.14818,3.8592
3.54175,3.74863,6.25888,6.89118,3.49691,1.4663,3.67505,4.20379,3.65609,4.72402
5.08654,3.26208,4.13085,4.0093,6.61628,3.77927,1.46666,3.552,4.8787,3.80832
4.25143,5.05924,6.46927,4.37304,3.629,2.70971,4.4829,2.8165,5.14235,5.00724
4.96253,2.46913,3.63282,3.42005,3.41703,3.19023,3.90534,3.5291,3.86311,4.22962
5.98918,5.21249,3.62895,5.82461,4.14817,3.86668,3.92272,4.53843,4.17868,5.09263
5.46074,4.60573,2.59035,3.2088,3.61292,3.65133,3.55028,4.2175,2.815,3.4503
4.93655,4.288,3.26815,4.80024,3.79344,5.59983,4.49124,5.105,4.8681,3.46222
3.60176,2.03628,3.65943,2.30493,3.80881,5.96099,6.05433,2.6379,3.58375,5.41932
5.67402,4.06199,4.27667,2.99427,5.01066,4.0093,4.00519,3.08719,4.89277,2.52229
4.69346,3.5977,4.94028,1.34107,4.70767,2.28865,3.68712,5.03553,3.66049,4.14093
4.55598,5.99518,3.38013,6.07097,4.46186,4.03915,5.43743,4.64239,4.42831,2.11189
4.37376,2.20961,3.88886,4.92432,3.50945,5.77222,3.31859,3.6239,2.99978,3.77566
4.13875,1.50475,5.03448,3.30774,3.11899,3.65521,4.70813,3.41805,2.48347,6.35259
3.40722,4.63345,4.22153,4.29874,2.68768,4.33931,4.91246,3.49018,3.34707,4.08743
5.48495,4.11968,4.54776,3.78481,3.41324,3.14795,4.61068,2.62325,3.97573,2.23365
4.05494,4.70151,4.41485,4.28065,2.93928,2.54922,4.00121,4.28135,4.58361,4.30456
5.41867,6.01,2.66684,5.71867,2.17141,5.31013,5.02443,5.18875,5.42413,2.11844
2.86931,2.59678,2.90123,3.14529,4.00374,3.09914,3.46577,4.61314,4.11183,5.45314
3.11379,3.91462,3.37762,3.2663,4.57822,3.81172,2.80009,2.80476,3.92584,3.78701
5.30957,6.23704,3.07521,4.52898,3.35008,4.16576,4.29132,3.95414,4.30338,2.71963
4.84956,4.98072,4.41814,3.56002,5.03858,4.42698,3.74013,3.92491,4.63232,5.88606
4.50574,5.86138,2.93652,2.6211,3.83817,4.77703,3.53377,4.70695,4.76434,4.5107
5.54247,3.31445,3.59608,3.21672,3.06002,5.86595,3.138,4.36295,1.84727,7.16496
3.61217,2.63843,4.82413,4.19697,2.38095,3.15093,3.49108,1.53787,2.29318,5.60917
5.46286,4.32087,5.15265,4.18287,3.93802,3.77681,4.71656,6.07768,4.09018,4.67251
2.27991,4.62404,4.29218,1.72329,2.97446,3.72726,2.77936,3.55436,5.17021,3.33364
3.28019,4.40507,3.90128,3.80544,4.35163,4.06195,4.22943,4.02256,3.38756,3.77049
2.6484,4.48733,2.79086,5.08644,5.32899,4.15789,3.34533,1.45811,4.29329,5.8598
4.6597,5.44602,4.48492,4.09378,4.07202,3.26921,3.37739,1.85954,4.52072,5.36588
3.71802,4.18642,4.12556,2.41446,2.93747,5.42549,4.2513,5.31471,3.08004,3.86824
3.18199,4.22652,4.12942,3.01503,4.99995,3.08574,3.14371,4.91256,3.45503,6.33606
4.83666,5.3745,6.70267,2.63421,4.09273,2.71124,6.06163,2.81278,3.88504,7.09994
3.02938,3.63344,3.70464,4.8127,4.9991,3.26777,3.16081,4.35962,6.2233,5.54804
6.69179,3.20998,4.22084,5.27179,3.15761,3.43912,4.57172,2.11974,4.08379,4.15743
4.42731,3.04467,3.53247,4.12575,4.36038,3.02523,3.57235,5.47846,3.44543,5.07312
4.74271,4.59455,2.82117,4.58787,3.14285,3.32622,2.63851,3.48765,4.16302,5.01559
4.48373,0.950084,4.54194,4.0517,4.34373,6.63837,2.36166,3.74747,4.15031,3.37743
3.92588,3.34316,3.35535,3.42145,4.24601,3.78048,3.84874,1.65151,5.29123,4.54373
3.4116,5.56113,5.06353,4.28904,4.57201,1.66899,5.89039,2.71695,4.20367,3.8033
3.3503,4.23571,3.24213,5.91111,4.40563,5.40464,4.0441,3.94838,4.58041,3.54792
4.64717,4.31078,6.13952,6.10454,3.69371,3.02475,4.64818,3.91618,4.67541,4.39556
3.21049,3.61939,4.79423,2.68908,4.72065,5.81181,4.56383,4.12816,5.90402,5.1123
4.70571,4.75673,4.25807,3.1978,5.26335,3.84197,4.14389,3.93103,4.61668,4.29656
2.19676,3.61302,6.02475,3.59538,4.05598,3.85845,3.43065,5.46707,5.93839,5.54196
2.64624,4.33417,6.14679,6.6988,3.62123,5.04565,4.38517,4.44446,4.81219,5.2885
4.34911,4.78779,4.30328,5.46987,4.25144,3.18809,4.66583,3.16472,4.69835,4.66094
3.82556,2.76242,3.7906,3.14661,5.90874,4.36516,4.32406,3.12364,4.61852,3.821
3.02317,2.23952,3.69914,5.0377,5.79298,4.41328,4.16898,6.36375,3.29355,5.70926
3.93295,3.47954,3.87325,3.99217,3.78704,2.82231,3.43569,3.26379,4.32935,4.92377
5.55799,4.77308,4.32969,3.22257,5.85809,2.93113,2.19166,2.90654,3.55974,3.66364
3.85342,3.71384,3.97183,2.81438,3.48614,3.64698,4.83873,3.27697,4.72134,3.8718
3.20445,3.2128,4.02434,4.94892,3.73266,3.23781,4.92999,4.63907,5.06874,3.62844
2.83297,3.85039,3.2904,3.76952,3.54044,3.52899,2.27996,2.419,4.07421,3.18625
3.9058,3.60119,4.12499,4.24087,3.88948,3.89634,2.16684,5.73316,4.16132,3.90738
3.41997,3.28243,4.767,4.4619,5.16081,4.73407,4.15661,5.46639,4.98515,3.61405
4.45935,4.77798,2.89701,2.76021,3.01664,4.03162,3.41697,4.04991,4.19786,2.48323
3.86077,2.72952,3.10701,5.30501,4.14016,3.79115,3.40107,2.1949,3.98204,3.68406
3.01671,4.32911,4.89824,4.50376,2.79913,4.06393,3.95295,5.51832,2.78788,3.73658
4.87839,5.0363,3.65224,3.30971,3.75668,3.6406,4.57225,4.97846,4.42708,3.89238
4.89925,5.62078,3.05368,5.67579,3.13232,3.51887,3.19767,5.28693,3.55074,4.53146
4.32744,4.70607,3.54978,2.76329,4.5658,3.55393,2.20424,3.62196,2.52334,4.98056
3.15202,3.90438,4.10238,1.6075,3.85595,3.71295,5.5461,3.16965,3.72237,3.44646
4.62532,3.44106,5.06364,4.80681,5.44115,2.5179,4.2644,3.65385,3.44979,3.46676
3.40793,3.33011,4.56417,4.69995,3.1342,4.38446,4.67407,3.84703,5.55431,2.84702
3.36493,4.35639,3.98616,1.72537,5.08496,1.71045,4.17612,4.98165,3.31869,4.90989
3.50276,3.12499,4.22862,5.00702,3.55379,3.4536,5.86954,3.3639,5.94636,4.59967
3.03687,3.07872,3.26318,6.57379,4.42412,3.99157,4.75308,4.35164,4.26184,4.05357
2.1945,6.31827,3.86497,4.26938,3.42685,2.46782,3.09578,4.17111,4.435,5.0267
4.08718,3.50547,5.02787,4.04394,5.43166,2.51456,5.36683,5.24849,3.27597,5.30784
3.91557,4.82397,4.25025,3.91991,3.21924,3.85505,2.93025,4.77411,3.45098,2.78897
5.88625,4.51825,4.4893,3.14129,3.64027,4.03623,4.30495,3.2964,5.04984,2.42118
3.41096,5.04175,4.62264,4.40939,3.76996,4.1059,4.86258,4.89318,4.47609,6.15178
4.85921,4.00125,3.48363,3.55739,1.68486,4.15434,4.08045,4.74625,2.18055,3.71456
4.18208,3.31023,3.29838,5.43664,4.33462,4.13952,4.57742,4.53945,5.41332,3.29048
5.06762,4.45231,3.41969,3.40273,2.80358,5.67572,3.56,4.13322,1.92213,3.51442
5.38301,3.08768,5.03647,3.35093,4.48827,6.52632,4.89685,6.06575,2.90074,5.67004
5.77422,2.8528,4.16179,5.71284,5.17963,1.50513,3.27685,3.84674,4.67606,4.21257
5.09374,4.19048,3.4088,2.80489,2.18218,2.78398,3.38941,5.76947,5.4675,4.22801
4.46034,4.67189,4.49096,4.48566,4.87434,3.90418,3.53621,3.56071,5.81896,2.1637
3.10352,4.77347,3.88087,5.01485,3.6152,2.58147,2.69609,3.20217,4.32412,5.06099
3.34268,4.76086,4.98618,5.26592,3.14772,5.23177,3.64343,2.82938,1.94135,2.82
3.05606,2.91936,4.17984,3.56652,4.67592,3.79444,3.59354,5.65013,3.9984,3.18708
2.93651,2.55814,4.69114,4.85767,5.19981,3.90535,3.35864,3.75212,2.70955,5.66678
5.27742,5.42984,5.39469,3.86277,4.32788,4.03716,4.6707,4.47498,3.22978,3.24378
3.17296,4.87961,4.1996,3.31021,4.37784,4.78451,4.40761,3.18472,3.69909,3.23273
3.56128,5.37568,3.88108,3.11376,2.63913,3.10313,3.92951,4.12799,2.51935,4.27485
3.48715,4.85934,4.4942,3.61293,4.9455,3.96271,3.52286,3.28215,3.8714,5.36247
4.77153,3.57685,6.18129,3.80128,4.13104,2.50985,3.23752,3.90579,4.58022,4.80045
4.58212,5.79012,5.15054,3.874,4.87685,4.76002,4.28629,3.77094,3.88605,5.39184
3.53646,3.33018,5.31786,4.50456,2.50996,4.5249,3.52367,3.38957,5.03146,4.0079
5.01051,3.67242,3.57543,2.44139,5.32654,5.24394,3.40864,4.12629,5.54005,3.61539
4.59422,4.88235,4.1145,2.68252,6.00742,3.11746,4.7092,3.62736,2.97407,5.43276
2.7696,3.40617,3.11508,2.64481,3.91334,3.68213,5.43478,3.30308,3.96827,3.85638
4.16965,3.26571,3.44478,5.06339,3.61761,3.8343,4.24579,2.80938,5.05214,6.22379
1.86778,5.945,3.5658,5.85004,3.68595,3.83144,3.76594,3.20674,4.5185,4.94619
3.7606,3.97053,5.70351,3.78172,4.02726,4.91284,6.47295,3.06638,4.49344,4.02106
3.1964,4.91748,4.05049,2.46865,2.96701,3.7032,3.76262,3.94963,3.87542,4.93715
3.44022,4.5019,4.11921,3.85931,5.20343,5.37254,2.05834,5.22381,2.63267,3.81031
5.52235,4.38012,2.33602,3.75174,3.53749,3.39626,1.82785,3.77076,3.71628,3.65649
4.76227,4.76181,5.6039,6.37022,2.92748,4.35188,4.43002,4.537,4.03074,5.92232
3.73022,2.16856,2.90915,4.47857,3.76278,4.61455,3.88183,3.69743,3.19976,3.54727
4.48473,3.97371,3.51055,3.17678,3.90518,6.03652,2.40916,4.50458,2.16011,4.22862
3.88796,4.8578,4.13628,3.44266,5.30359,4.72754,2.47333,5.08421,4.77699,4.97096
1.89532,3.42268,4.19209,4.07706,4.06825,4.61176,5.86268,2.68721,5.00559,3.71466
2.8054,3.18642,3.21735,4.38741,4.7048,3.5345,2.50616,4.28597,4.75207,4.50202
3.81672,3.20125,0.952695,3.48865,2.60463,4.56813,2.78422,4.55685,4.58134,3.05127
3.07685,4.86634,4.15261,3.22149,3.73871,3.4312,3.45534,2.50885,3.41296,5.84406
1.90673,2.71975,4.48787,3.23665,4.46303,2.57005,5.15473,4.0398,3.98668,4.46378
3.67911,3.85762,3.32594,5.53739,4.82738,4.49816,4.35484,2.87285,3.52042,4.64922
4.84954,2.86546,3.77888,5.83348,4.78136,5.29323,3.31129,3.48156,3.18178,4.56978
2.51736,3.41322,3.42,2.83344,5.56443,5.26088,4.78853,3.46226,5.09196,3.29696
4.39289,3.47536,4.28988,5.04333,4.36044,4.17924,4.09194,4.20565,6.1006,5.01873
1.60638,3.82839,4.71038,4.03764,4.86574,4.82792,3.89026,2.68925,3.49683,5.5578
2.89677,3.05858,4.87666,2.93431,2.31853,4.39603,2.68127,2.65633,3.16156,3.74369
5.79325,3.73275,4.88827,4.66615,3.59654,5.60293,3.81828,3.54737,3.79666,3.35896
4.2869,5.8959,2.33068,3.81469,4.53274,3.82217,3.60703,3.96392,3.96859,4.47753
4.70542,2.83814,4.99167,4.83865,4.55326,3.80809,2.91493,2.70826,2.25904,3.91056
3.33132,3.60392,2.86481,3.61522,4.43979,4.67004,4.67693,5.45427,4.87579,5.04055
4.12011,4.72414,2.08492,3.5972,4.88038,4.65694,2.12727,4.60837,4.7841,3.14476
3.01612,2.78697,4.10025,2.1168,3.99169,3.57012,4.73886,4.1682,4.42686,4.90967
4.61988,2.33724,3.05455,3.77841,4.54452,2.45329,2.70501,3.15534,4.1651,4.70459
4.59721,3.40122,2.24308,5.40456,4.26283,3.44141,3.8408,5.52426,4.42336,4.74532
3.95758,4.24097,3.93001,5.07358,4.59137,5.22054,4.93961,2.94801,4.40085,3.40914
4.32496,4.36981,3.73612,2.90429,2.74289,0.84344,4.17046,1.46731,3.52564,4.60061
2.16698,3.8137,3.58313,3.6387,4.04352,4.05224,4.7959,3.89963,3.72353,3.26818
6.11824,2.98655,3.58571,4.0202,5.77744,1.15668,4.37404,4.99344,4.66257,3.49766
3.20898,2.62103,2.93659,4.2916,5.02855,2.24889,4.67781,4.14559,3.2188,4.8336
2.45505,5.23809,3.14469,4.30924,2.48541,4.17511,6.33104,2.93183,2.97619,3.28113
4.82775,4.14245,5.0148,4.93965,3.46422,3.84224,4.78238,1.49003,3.13164,4.37263
4.57112,4.90087,3.23067,4.77561,4.40168,5.80328,4.67637,4.45659,3.35544,4.99872
4.73405,3.22967,3.09037,4.47598,3.26772,4.65328,5.01961,3.30993,3.31435,4.50205
2.26887,2.40944,4.8253,3.31112,3.08033,4.27633,4.45519,4.79979,4.86793,3.0351
3.25505,4.68573,3.85169,3.02149,4.21084,5.0984,3.84441,4.30508,5.29845,5.05982
3.17783,5.11718,2.15716,3.99235,4.05892,2.63815,3.15854,4.71779,3.83098,2.84318
5.11468,5.47385,4.38462,5.56681,4.44648,6.04208,3.95797,5.62265,2.64188,3.48637
3.90182,5.39031,4.57794,2.72241,2.46805,3.08133,4.86376,2.78194,5.2204,4.23724
4.95849,2.71567,4.08306,3.71365,3.29565,3.04312,3.5973,3.79925,5.25757,3.05634
5.99609,3.93173,5.60244,2.23493,3.20972,5.04135,4.21504,3.31988,4.05854,1.88802
5.45614,6.74518,3.62253,4.50076,3.51215,3.62301,4.29106,3.37332,3.6912,2.17538
4.13734,5.27277,5.31173,4.19498,4.48164,5.03556,5.52015,3.08296,3.41671,3.60635
3.34253,1.60731,4.84873,3.22776,5.45549,2.9878,5.0911,2.23218,4.35189,2.90624
3.85355,2.53486,4.95519,2.963,3.98636,4.62344,3.91934,4.46468,5.66368,3.70763
5.2353,3.14241,5.85019,5.32743,5.7661,4.03045,5.69366,4.03786,4.49209,5.03385
2.64717,3.33503,3.0478,4.31044,3.87247,2.64543,3.47762,4.50997,3.24059,2.32474
4.50494,2.7938,3.87029,4.53877,4.62494,4.4576,3.01087,4.3411,4.5038,3.17542
5.38337,2.96584,3.92635,1.93796,3.14172,2.54617,3.11647,4.9315,4.08748,4.4754
4.84714,2.19367,5.41874,4.23237,5.25846,4.54963,4.45231,4.93163,4.33702,3.046
3.89372,4.13325,2.54396,4.82485,4.37601,3.35714,4.49302,3.26827,3.62681,3.76746
4.29665,2.79239,3.44693,6.51107,4.39483,4.96249,4.31885,3.43469,5.28793,3.09325
5.27165,3.69016,3.42799,4.62749,3.76481,3.89048,4.73042,5.40854,3.51871,4.04951
2.52296,2.22947,5.16311,3.37891,2.56793,2.81023,2.70171,5.35879,2.92935,3.87232
4.50273,3.95885,3.15588,3.48584,4.51366,3.59158,2.21656,3.91627,5.09665,5.30053
5.9843,3.75401,2.45476,5.52705,4.61403,3.26753,3.75494,2.63059,4.72961,4.15396
3.27322,3.76248,2.18663,3.12811,4.74613,3.85143,2.66619,4.43462,2.32645,3.41186
3.85824,2.90137,3.54559,4.57661,4.8839,4.70795,4.12605,2.3314,4.13305,3.39519
3.82129,5.86505,5.14171,3.42976,4.51238,3.00803,3.35542,5.2417,5.05257,2.97322
5.38403,4.18989,3.7169,4.92734,3.22702,4.62165,3.60304,3.0133,4.04781,2.93911
3.96412,6.23245,4.49365,3.87773,6.38844,3.71286,4.77876,3.78142,2.03702,3.49183
5.33568,5.63259,4.78622,3.75274,3.24866,3.92392,4.6599,2.79004,3.66782,4.57907
3.923,5.46829,3.32184,3.62015,6.89648,3.23676,4.60825,2.82903,2.80074,3.99449
4.23498,5.06578,4.71366,2.84724,2.41344,3.55352,3.08195,4.16309,3.51084,4.46853
4.54281,5.81933,4.04,4.31839,5.05222,4.31989,4.09794,4.708,4.95829,3.6805
4.70454,3.36757,3.57278,5.69475,2.94221,4.76135,4.14464,4.37601,5.04062,2.13144
3.89667,5.49357,2.76278,4.07205,4.05408,2.77223,2.72691,7.22749,5.29072,4.30923
4.28644,4.19336,4.21292,5.56835,3.9464,1.711,5.35255,2.79309,3.61215,5.45384
4.78621,2.79495,2.84036,3.9065,3.75784,4.16397,4.9211,4.82206,4.13491,2.4023
4.46776,4.0638,3.02751,4.49315,4.9126,4.08535,4.99456,3.30363,3.61677,3.82513
4.20364,2.29313,5.75112,4.89432,4.88254,3.90123,3.32555,5.94655,4.56091,4.04004
5.37032,3.46054,2.53635,3.76026,4.46364,2.51112,3.28299,4.62242,3.42731,5.31052
3.7998,3.08167,4.95639,3.60535,5.35888,2.3129,5.11105,3.62788,4.35697,3.66234
2.61274,5.83196,2.2673,5.36378,3.16813,4.61668,3.95783,4.40286,3.46012,5.36393
3.46748,2.86727,4.62843,3.33108,6.27154,3.42261,2.87696,3.76598,3.09506,3.81775
2.8279,4.54556,5.40678,3.26747,4.70853,3.6495,2.35943,5.04752,3.72813,4.62377
4.10339,4.96767,5.98292,3.50129,3.82892,5.31745,4.49195,2.78842,4.78968,4.46492
4.79123,5.03307,3.89903,5.4924,4.89116,3.9639,4.89335,2.70463,3.57331,2.90063
4.48964,4.61335,5.25037,2.94111,1.65516,4.67332,4.12223,3.99391,4.23377,2.58478
3.07443,5.59917,5.47599,3.40556,5.76956,4.26142,4.83242,5.32534,4.65599,4.61221
3.91647,2.49073,2.64554,2.76827,5.09103,4.92791,2.95487,4.46396,2.51133,4.00592
3.83001,2.56934,4.09885,2.41312,4.85507,4.60071,5.49518,2.82396,4.74022,4.55832
5.11445,4.66063,5.11255,3.66723,3.38767,5.0956,3.45968,2.96475,2.88014,4.1195
4.0812,3.70339,3.32704,4.05724,2.76035,4.37076,5.74308,4.30299,4.1271,4.05704
2.81338,3.32281,3.47012,3.90757,4.12621,4.10762,2.9697,2.99567,5.09486,3.921
4.43334,3.21856,3.64617,2.57593,3.54733,3.23875,2.92472,5.45272,5.27139,4.37724
3.02107,3.78939,3.86507,5.11241,4.65634,4.44527,4.1491,5.01482,3.25613,4.97569
3.9455,2.59217,3.78436,4.00509,3.34725,5.62547,3.614,1.97503,4.20233,4.26507
3.27871,4.32681,4.21777,4.80542,3.15941,4.8496,4.58713,5.65894,3.15849,5.52085
2.92724,4.67243,3.992,3.69144,4.53272,4.44022,2.58973,4.63817,2.69924,4.56824
4.42589,3.29205,4.76595,4.69671,2.3887,3.18436,3.58652,4.70567,1.28338,4.41064
0.82449,3.5689,4.30963,5.39658,3.07105,2.40919,2.38845,4.31111,5.5798,1.64751
3.58362,3.59963,3.9371,4.59715,5.44822,4.36322,3.29802,2.66051,2.65616,3.43534
4.54272,4.77348,4.61489,3.93388,3.34199,3.78252,2.36168,4.80215,5.32583,3.87461
3.31289,2.92929,3.94446,4.332,4.20661,5.07486,3.25858,2.8823,3.32198,7.05603
3.19952,4.73964,3.81795,2.79213,4.38947,4.08349,3.95822,4.23361,2.06277,3.96545
1.90287,2.92777,3.57175,4.72784,5.00688,5.23068,3.50666,3.92687,4.22468,5.09708
4.492,5.80428,4.10083,3.366,1.66442,3.3693,2.3834,4.54235,4.65553,4.93487
4.8386,5.77896,4.00621,4.96273,3.63679,2.80427,2.71605,4.62109,6.04588,3.85017
4.64609,2.36103,2.79097,4.45353,4.45726,4.60845,4.25125,2.78175,5.09741,3.79031
4.53532,2.26219,5.01791,4.31402,4.78414,4.157,5.83824,2.77366,4.3871,4.87737
4.14834,4.3524,5.0486,3.47347,3.36722,3.06244,2.78226,2.27297,4.43796,4.22547
4.11379,4.06216,5.12694,4.4243,4.68051,5.40933,3.81642,5.94282,2.94052,2.9864
3.93874,2.94977,4.71944,4.35564,5.39273,3.67585,4.56936,4.18047,4.11293,3.31391
5.35386,4.71297,3.7747,4.19922,3.10642,3.65163,5.56458,4.0103,3.86754,4.06908
3.8352,3.68981,4.58036,4.49699,3.61553,3.3399,4.02195,1.87536,4.26246,5.37809
2.98984,2.83729,4.05621,4.08125,4.53385,4.69533,4.21792,3.97728,5.75027,2.81904
5.10505,3.29153,3.96146,2.95722,2.51148,3.30771,2.55358,3.38021,4.4653,3.03444
4.13291,3.00984,3.43729,3.29599,4.64834,3.59369,3.9385,4.31338,4.29487,5.64864
3.56739,4.63865,5.35948,3.5163,4.25851,3.3585,3.35703,3.20484,4.47903,4.07319
4.11939,4.49364,1.93523,3.56134,3.41733,1.49873,4.58285,3.11702,5.04644,4.1249
5.26405,3.15084,4.2934,3.00491,3.74501,4.29072,2.75404,3.93471,5.96243,4.50113
3.43988,5.46177,3.3839,5.38197,2.72528,3.83169,4.89706,3.28082,4.34024,4.87267
4.13184,4.19367,3.36529,3.95701,4.81282,4.5881,4.27247,4.54437,2.84583,3.95423
4.59311,2.1597,2.4705,4.64888,3.5559,5.02338,2.81629,5.95541,5.32248,3.75489
2.59882,3.99078,5.75929,6.68128,3.96431,2.72002,3.40514,4.61424,5.34485,4.15452
4.28501,4.02939,5.714,3.12927,4.20386,2.39793,6.4245,4.60001,4.21621,4.87868
2.70566,3.37728,2.58626,4.29642,4.06212,6.33865,4.68036,3.88007,4.31192,4.47151
4.72848,5.3622,3.4037,4.25997,5.4413,3.38255,3.65727,4.17077,4.52226,3.53704
4.90298,4.50712,4.64099,3.48463,2.54693,5.17299,4.86972,4.56617,3.93818,4.20429
2.26906,2.59736,4.36286,6.12664,4.80615,2.54105,3.72006,3.23458,3.45428,4.75636
3.31485,4.57321,2.40301,4.50103,3.66555,5.37618,3.44582,4.38094,2.544,3.43047
5.96274,4.98497,2.67515,2.45395,3.53816,4.09178,2.85213,3.11327,3.14046,5.30297
1.72011,4.15842,4.22504,2.12904,3.76244,4.66505,3.90832,2.85199,5.24906,5.02269
3.81905,4.56438,1.45505,2.34085,3.25247,2.95749,3.35567,4.08073,1.76271,6.08946
3.48101,4.58982,3.12628,4.6942,5.67236,3.81808,4.32279,4.3337,4.89216,2.61511
3.32797,3.56771,3.70361,4.13563,4.9424,2.57203,6.29119,1.86195,4.57623,6.2803
4.10183,3.75753,3.89761,2.43944,3.12287,5.34623,4.64251,3.13176,4.2636,4.42301
2.72633,5.93923,5.68836,3.1302,6.57889,5.73245,4.80094,3.3317,6.18318,4.44676
2.57925,3.33755,2.5638,3.11285,4.60702,5.13191,3.30616,4.32406,3.62715,4.37492
4.091,3.82791,2.50864,4.24665,4.99809,3.68518,3.78435,4.47665,6.20031,5.80398
3.76509,3.93362,3.77747,1.94804,3.83674,4.51435,4.5786,4.21362,4.0925,5.40358
3.87742,6.32026,4.48478,3.91066,2.31961,5.48573,3.76237,5.12873,4.7689,3.07167
3.7959,3.70747,4.55832,5.19423,2.66339,5.04706,6.11948,3.75566,3.95897,2.98749
4.43428,4.19266,3.87837,4.21376,4.49999,2.60319,2.86185,7.40924,1.70048,4.08974
4.73301,5.2667,2.36168,5.26167,4.12696,3.19649,4.30984,3.53471,4.86309,4.27665
2.15209,5.08937,5.27159,3.97058,3.29118,3.58887,3.13138,4.3587,4.37511,4.77186
4.65143,3.23804,4.88229,4.91963,5.68205,3.22332,2.75213,3.01635,3.02181,2.94651
4.07645,3.93152,3.57646,3.35519,4.1491,5.056,4.3084,4.06812,4.83465,5.56928
4.61782,4.74595,3.87912,4.81867,3.44138,4.21167,3.2819,4.12188,3.18884,4.37506
3.33507,4.87776,4.64201,3.79232,4.00935,4.48188,3.91049,2.68029,4.57673,4.02893
4.23741,3.36712,3.52137,3.58134,4.61084,2.585,5.23431,4.02021,4.98572,3.06293
2.42484,3.53503,2.33427,3.05058,5.24702,5.01013,4.03053,3.98582,2.83506,3.64073
4.41776,3.61868,2.98534,3.96233,4.6736,1.73513,5.32751,5.76763,4.66445,2.84796
4.57441,4.32913,2.95035,2.89884,3.48357,4.97094,3.41108,3.43263,4.37159,3.47709
3.97946,3.07617,5.65009,6.61397,3.50692,4.33026,4.53427,3.89766,4.26365,3.07519
3.56381,6.01084,4.48515,2.83295,4.21901,3.84858,3.59007,4.84821,2.30179,4.10203
2.25648,5.00024,5.36489,5.61577,4.67799,4.62276,5.35085,2.77014,4.26288,4.32976
3.30154,1.94885,4.27717,5.30831,3.04525,4.36338,5.34308,3.24543,3.40247,3.86034
4.10914,4.16999,5.00198,2.48017,4.38233,3.03829,4.19463,3.5395,5.27667,1.7523
4.76048,4.18979,4.33945,3.31715,3.42994,4.50241,3.75497,4.58859,5.24181,3.02759
2.39863,3.87805,5.33497,3.73728,3.60668,2.9999,3.73988,4.34266,5.20636,6.14567
4.59869,4.59647,6.01849,3.48499,3.6432,3.6676,5.15459,1.54748,5.78165,3.61562
3.0313,5.10261,4.28063,5.04505,5.58049,6.03493,4.53537,3.09733,4.97959,4.04356
4.66894,2.54593,4.9351,5.17388,5.22576,3.45701,4.35964,4.05982,3.97759,3.52952
4.16252,5.48278,4.19216,3.10239,3.28013,2.81603,3.99008,5.51342,2.35844,1.72516
4.12957,6.66927,4.36905,4.31376,3.02877,3.67168,2.93228,4.64295,3.89608,4.55296
3.15533,3.87396,5.14173,5.01576,4.15693,5.46106,4.6406,3.9173,4.38785,3.86289
2.98804,2.69497,4.65241,3.7047,2.66936,4.74628,3.52462,3.89391,3.5698,4.62536
5.79612,4.35027,4.65967,4.54377,5.0455,4.17759,4.74014,3.17752,3.44178,3.29316
3.1271,4.21421,4.53937,3.48761,3.22934,6.21155,4.95424,3.91498,3.17857,5.22631
4.91948,5.37629,4.72559,4.89315,4.03629,5.12697,5.33575,4.39782,4.27536,4.15434
5.06968,3.04222,4.59308,3.87596,3.36625,4.86465,4.89195,3.88269,4.65618,3.41577
4.81124,3.83215,4.66918,3.84277,6.09542,3.25406,4.32432,4.6723,5.1261,4.40812
3.78806,5.2727,3.33552,1.789,3.69902,5.81312,4.11159,3.79516,4.20044,2.7689
1.24996,2.17107,3.68967,3.07527,5.79033,1.20308,4.27867,3.62976,4.49608,3.81242
3.97951,4.06451,4.94846,4.32031,4.06578,2.46712,5.13873,4.14613,3.85364,3.40196
5.81758,4.26999,3.89635,3.37245,4.98544,4.09217,5.68178,3.85025,3.32134,3.94671
3.80579,3.84712,4.38129,4.05394,3.73424,5.05042,3.21985,4.62264,3.73512,4.55242
3.03312,3.21548,3.04563,5.36167,4.30645,2.08995,3.93588,2.55264,3.87937,3.99561
4.73606,3.17734,3.94216,4.20877,3.66283,4.43789,2.21844,3.58561,3.78488,1.91982
3.12243,3.47176,3.12166,3.03485,3.96936,4.45493,3.33975,4.72387,3.53519,3.44496
3.93682,0.617153,3.24525,3.863,4.24923,3.70236,3.26373,3.71636,5.56538,3.86118
3.01705,3.01967,4.69316,4.82955,4.23066,5.22004,5.33436,3.8204,3.48089,4.53638
3.42072,3.49211,4.27896,2.77562,1.85604,7.07838,2.16633,2.83476,4.73168,4.68583
4.7777,4.01174,4.96608,2.77042,4.66063,2.81002,3.87152,5.5862,4.06578,2.78657
4.29043,3.3857,4.36957,5.217,3.79109,4.22245,4.128,4.40088,4.65318,3.60623
4.25084,1.99021,4.69424,2.95518,4.18209,4.23559,4.92877,5.05352,5.32157,3.94924
3.1348,2.18732,1.98889,3.34293,6.00565,4.16703,4.9142,4.8973,2.09493,3.81808
4.71603,3.55018,4.61677,4.86055,4.34627,4.58113,4.84153,3.34106,4.13078,1.86343
4.37298,4.27674,3.34072,3.50986,4.96316,3.51969,4.30173,2.54196,4.33537,4.41232
2.30632,5.02401,3.36355,4.4298,4.95524,4.89176,6.39934,5.29046,2.33099,3.64345
3.49895,4.37314,5.40809,3.92248,5.71281,3.84496,3.17144,4.5919,2.34357,5.69757
2.59142,4.43114,3.0021,2.62322,4.99694,4.75396,5.50844,5.03926,3.71444,4.0714
4.12942,3.73671,5.50017,2.52461,7.30278,2.40588,2.80574,3.11305,5.55179,2.7905
3.12515,4.74935,3.35117,4.00523,1.59033,2.18161,3.75072,4.53543,2.59787,4.87673
3.60672,3.41282,3.31096,4.40681,4.12026,4.13109,3.585,4.68244,4.15792,6.21905
4.50244,2.95164,2.66936,3.11581,3.73938,2.44253,2.74927,3.19986,3.94411,1.98808
4.86096,4.39697,4.71454,4.4454,5.16495,4.89392,3.8819,4.258,2.86452,4.83507
2.65749,4.21236,4.55146,4.32631,3.93696,3.71322,3.98867,2.93659,5.3985,5.52226
2.61215,4.19166,3.024,4.55165,4.2901,3.04878,2.55635,3.69491,3.49793,6.58626
4.56819,3.69077,4.8742,3.40702,3.62468,3.77625,6.19035,3.50883,5.65786,4.46974
3.61544,4.19261,5.83264,2.25587,4.0736,4.02497,3.04465,4.5184,2.93922,3.46043
2.95718,4.01958,5.97442,3.63859,3.52422,3.74685,3.91368,3.51833,4.50825,3.19235
4.50591,4.62614,3.55559,4.324,4.6624,4.05793,5.19843,3.84101,3.03286,5.37071
3.44935,6.19379,3.61078,3.42396,3.12622,2.25367,3.75317,3.93206,4.05162,3.21885
3.33727,3.69267,3.49893,6.69716,5.66145,2.62175,2.91552,4.98158,3.4907,2.78254
3.63572,3.52274,2.35112,3.49218,4.79015,3.67778,2.76768,3.64102,3.11739,3.6501
2.70612,3.78018,4.46798,2.70996,4.89287,5.09072,4.70251,4.3276,2.50833,4.49849
5.64551,5.24221,4.27773,5.24042,6.9077,3.13924,5.82206,3.86931,4.42536,4.60095
5.92158,3.97779,4.38877,3.70577,4.02902,4.03347,4.05913,2.94789,2.70933,5.33749
5.39293,4.27877,4.69824,3.42983,3.5235,3.32671,3.02391,3.10831,3.23268,4.60025
4.09285,6.14308,3.81081,2.71729,3.1841,5.01014,3.14489,3.1882,4.77598,3.99033
3.78038,4.78626,3.34461,4.54442,2.14471,2.20808,4.07208,5.74046,4.68398,4.19272
4.35759,4.9669,3.78287,4.7512,3.47215,4.60595,4.98176,5.64088,3.90228,2.82511
4.50984,4.1432,4.76389,3.50284,4.41382,1.81612,4.10241,6.2139,4.91623,3.35316
5.22662,2.74418,4.41747,4.85347,2.57039,4.53878,3.86752,5.25136,4.93307,3.9455
3.97713,3.03872,3.30576,4.67307,4.8168,3.59784,4.79548,5.26937,1.89454,6.63939
3.69767,4.72934,2.934,2.21048,2.05934,3.28335,4.97431,4.91895,3.58736,3.22757
3.34595,5.25389,2.67479,4.50129,4.9557,3.80069,3.23721,3.36857,3.478,4.14579
3.23991,2.97112,4.45015,3.65146,5.77285,3.53701,4.95721,3.91382,4.48909,6.1582
3.55896,3.93438,3.18714,4.24828,3.24078,4.43211,4.11538,5.46427,3.7291,3.67388
2.67369,4.90022,4.23212,2.59927,3.42922,3.83975,3.48975,4.52622,4.84855,4.32146
4.02167,4.86228,3.57322,2.17811,5.87312,3.47615,4.24612,3.29174,4.46519,4.27061
4.50012,4.90765,3.4402,4.35973,4.8375,4.02872,4.64972,5.32538,4.03496,3.13565
5.46522,4.93159,3.96833,3.58833,3.61136,4.61853,5.38138,5.06919,3.48668,3.77922
3.63545,4.63221,3.3787,3.39859,1.22324,5.6861,4.48479,3.56734,4.77494,3.52056
3.25259,2.87747,4.22153,3.12511,3.41411,3.86619,3.38668,4.87154,3.31533,3.68108
4.2247,4.22604,4.58382,4.22535,3.39435,4.55837,3.32665,3.49239,4.09191,4.53854
3.93842,4.39737,4.17783,4.65955,5.40918,4.90998,3.60879,3.26672,4.71983,2.9493
4.44033,3.31132,3.26781,3.55549,5.14423,3.57872,2.68606,3.40741,3.69076,3.5132
3.74111,5.41915,2.9838,5.0275,3.97252,4.35101,4.70012,4.81056,3.22399,3.85293
5.09861,3.70184,5.02492,2.53676,3.50835,5.46544,3.80009,4.32424,3.71492,4.54765
4.66914,4.40224,3.54514,5.02409,5.43861,2.28741,2.32055,6.1845,2.81762,3.11916
4.71636,4.36155,4.05788,3.66195,3.06496,4.57348,4.48495,2.7583,4.65891,3.25413
3.60421,7.28071,4.53508,4.11978,2.81815,2.38071,4.35184,5.0102,2.91484,3.57298
4.23055,3.89725,4.67892,2.06593,4.98893,3.38368,4.37719,2.17967,3.73963,3.37188
2.83272,5.40993,4.24413,4.31738,4.24482,2.46575,3.96406,3.92661,5.14948,5.97491
3.98999,4.32093,2.52301,3.01603,5.41783,3.53888,3.59906,4.60104,3.08467,3.36814
3.23256,5.3368,3.21155,2.98006,4.59624,3.53508,3.98023,2.71333,4.02279,5.8614
4.36262,4.06112,3.70715,3.25182,5.0499,4.31567,4.19324,4.84175,4.28896,3.79191
4.64733,3.56045,3.5784,5.44841,4.18938,3.71465,4.80748,3.74758,5.19782,3.79277
3.67465,3.46208,2.91773,4.64538,2.91189,3.47589,4.24317,4.88019,3.71429,3.53745
5.57229,2.68752,2.68267,3.47651,3.72108,3.45108,4.19941,5.61255,4.59394,3.2625
1.78269,3.102,3.49257,4.3064,5.04548,3.70194,3.4476,2.26408,4.92845,4.1743
5.01531,3.84766,3.37477,4.02783,3.75103,3.7362,4.8829,2.72775,3.94559,4.36314
3.53708,3.83343,3.14382,2.98403,3.29169,4.43531,2.28864,2.82564,4.00213,2.24857
2.90517,3.12834,3.40913,3.79276,2.85835,2.80294,5.80034,4.54263,5.62342,4.36623
4.60479,2.24408,4.58109,3.60685,5.96586,3.80986,4.31838,4.79252,5.32709,3.69984
4.88481,3.65126,4.93831,3.33986,3.98325,2.46378,4.40449,4.12127,4.73356,3.32493
4.20793,5.72855,3.35196,2.80942,2.55172,4.18983,3.02613,3.52306,2.66658,2.71181
2.97402,4.22461,5.41585,3.43445,4.0076,3.80606,3.48385,3.3097,4.66853,4.78305
3.07356,3.94715,2.9301,3.81116,3.67377,4.79594,2.80533,4.46526,5.14318,3.82809
3.02112,4.38689,2.63568,3.28217,3.47887,3.30456,3.73768,3.61083,3.69647,3.37094
3.77194,4.9575,3.40355,4.40291,3.98928,3.06763,5.85246,3.09346,2.5907,3.43823
4.85417,5.08938,3.66492,4.53983,2.86603,4.17652,4.84211,3.00771,4.14835,4.33812
3.1396,3.06348,4.38115,2.71131,3.65877,3.692,1.84009,4.73007,4.38724,3.29111
4.79605,5.0523,6.51994,2.98105,4.02421,4.55679,5.72303,4.98792,2.7488,3.80711
3.21922,4.23234,4.90757,4.28488,5.62212,3.88642,4.98349,3.19091,5.80796,4.1066
3.71268,5.84899,5.03661,4.59218,4.27247,4.2645,4.93525,4.30018,2.4177,4.30892
4.06805,4.64871,5.2224,4.4866,3.12033,5.19079,4.58628,4.62453,4.07477,2.72908
5.0163,5.16082,3.88441,3.14219,4.15344,4.30487,5.00597,4.32888,4.3126,2.95489
3.42422,4.91242,4.74933,4.40077,3.93895,2.6855,5.73701,3.51684,5.98712,2.78317
3.51026,3.34612,5.98463,3.42269,5.63262,3.15274,6.13589,3.12278,3.07475,3.63143
5.27087,3.97828,4.35943,2.95017,4.54131,4.54571,4.32653,2.60171,4.64998,5.28087
4.23228,3.47226,4.96812,3.68235,3.48944,3.54991,4.11309,3.00951,4.36437,5.25741
4.17838,3.71878,3.09213,5.79304,4.83662,5.21518,4.20315,3.57519,3.8878,4.41668
4.62824,2.85116,3.03789,5.59258,3.91859,5.38273,4.68045,3.12921,3.72431,3.70907
5.24324,5.97791,4.61807,6.45759,4.55975,3.54467,5.33401,3.18814,3.69079,4.19549
3.85061,4.19684,3.13076,4.85093,4.1956,3.60076,4.67743,3.72745,5.23459,1.60389
4.27208,3.73356,3.47647,1.54765,7.06952,2.33166,3.87648,4.85762,3.84695,4.98254
3.90486,4.96228,4.87353,2.97151,5.16254,3.46397,3.51079,5.46219,5.1073,3.5932
4.16008,4.87163,4.29607,5.12687,3.99516,5.33346,2.38429,5.06473,3.1986,4.21017
3.18288,4.36074,6.46656,2.66227,3.92849,4.065,3.54998,5.34898,6.07997,4.46105
4.58263,3.01615,5.23391,4.9859,5.9908,3.67,3.11096,6.76857,3.2311,3.95491
3.79517,3.93469,3.84969,4.43573,4.90778,5.89128,5.95397,2.71589,5.4023,5.12246
4.56024,3.66878,3.82657,6.40477,3.69217,3.59927,3.34804,2.22138,3.45752,3.57623
5.19801,3.59245,4.06817,4.18882,4.88973,3.24063,3.45714,2.28638,4.31538,4.20005
4.0629,3.98582,3.55582,3.22918,3.25364,4.66527,5.00554,5.01307,3.18139,4.5138
4.6699,4.55234,4.12597,4.50737,4.07665,4.36963,3.98808,3.5248,3.1916,3.9965
2.28578,2.65148,3.30007,2.57108,4.26029,4.04723,4.16302,2.28567,3.75275,5.89792
4.85375,3.30778,5.89413,3.34105,5.05556,1.59991,3.46811,4.25431,4.78401,4.06401
3.30068,3.74654,3.82806,3.39555,3.90627,3.31648,4.17965,2.55385,3.33037,3.29489
4.85531,2.41561,4.88973,2.95368,3.73174,3.32026,4.66289,4.58047,2.84148,2.82985
4.45676,4.14602,3.80749,3.87534,3.21563,3.03829,4.53232,2.15134,5.23506,3.59956
3.63891,2.71364,5.11297,6.32176,4.33895,3.48336,5.5567,4.0554,4.59659,4.46245
2.91987,3.80744,2.63108,3.68194,2.7002,4.15957,3.75835,3.53866,4.20438,4.26975
3.82076,3.80478,4.05094,4.22405,3.97448,2.5862,3.22311,5.71853,5.04995,3.34539
4.94409,3.91866,3.19227,2.22237,4.50599,2.45855,4.11898,5.93263,3.99492,3.73889
3.62664,6.27272,3.81688,4.07156,4.92478,2.24644,4.30378,4.07931,3.7236,3.06476
2.29667,3.78996,2.9047,4.45194,4.29495,4.63807,4.15354,4.25496,3.35835,5.76937
5.41068,2.78665,3.88824,3.26541,3.00968,5.8624,3.90844,4.62259,4.45385,4.3455
4.63122,3.73446,5.38049,3.89402,4.19449,5.8021,2.41653,3.62231,4.22488,2.07374
3.15338,3.66052,5.62832,3.18795,2.67986,4.32573,4.1186,4.15061,4.91452,4.35809
2.23507,3.30585,3.98348,4.75762,3.16278,4.15187,4.27937,4.44615,5.62553,3.92311
4.30883,3.61858,2.95923,4.16036,4.68338,4.0103,4.92617,5.09653,6.05367,2.67841
4.92151,2.70377,4.56919,3.38159,3.88091,3.58376,2.02458,3.5604,4.62135,4.26056
4.33998,3.09503,5.20662,3.39131,3.0563,3.27865,2.76086,4.72511,3.18446,3.09343
2.51396,3.96534,4.2315,2.62707,4.56165,4.73539,2.53671,2.89014,4.98151,4.70665
2.87202,1.47481,6.72882,2.71833,3.06401,4.00977,3.86029,2.96414,5.48643,4.36222
4.2417,4.80815,5.45692,3.73941,5.32685,5.83506,2.529,6.53104,2.8516,2.62449
3.13968,4.6757,3.32746,4.18012,5.4135,3.90904,4.08846,5.08502,5.06723,2.37173
3.04681,4.65272,5.67158,3.83908,3.983,4.14959,2.92284,4.3395,3.06594,4.64071
3.25598,4.21958,4.73292,4.43679,4.07226,4.77404,3.24973,3.95103,5.31219,3.66535
1.41406,4.40825,2.54807,4.35463,3.56495,3.69397,3.17954,3.13232,3.12675,5.30069
3.40786,2.94977,4.02396,4.34886,5.40074,5.10046,3.21705,4.09973,4.71275,4.61589
2.88848,4.05166,5.31303,5.62958,2.60843,2.88018,3.39312,3.67876,3.92858,5.17824
4.23486,4.46395,5.90223,4.10584,5.95038,4.31888,5.82884,2.43073,4.75846,3.4931
1.37899,2.08197,4.95301,4.46452,3.24876,4.45273,4.52118,3.80232,3.80068,5.45954
5.32816,4.15681,3.49272,4.09193,5.07933,2.14809,3.5992,3.65726,6.73365,3.71256
4.88022,2.56073,3.96885,3.84674,5.04431,4.24417,5.66316,3.78937,2.51728,5.32622
3.0313,3.66056,3.29075,2.40689,4.02992,4.13551,3.51158,4.91329,2.43109,3.36911
2.90273,4.12991,4.52969,3.9214,3.85598,4.37937,4.55499,3.50858,4.42218,4.88114
1.56943,5.17303,3.59108,5.49429,6.19425,4.19246,6.30886,4.90558,3.86361,6.62466
1.89975,2.8188,2.06118,3.6816,3.69237,3.98571,5.20118,5.16587,4.75211,3.61964
4.83111,4.62632,5.24749,5.32856,2.67328,4.6395,3.39955,5.20864,3.9415,5.93379
3.43144,2.91557,4.07939,3.27523,4.45429,5.33514,4.64864,3.58202,5.15327,4.60248
4.23321,4.68734,4.56471,3.27288,4.90039,3.83052,3.58523,3.93942,3.61967,3.65296
3.10903,3.9243,3.84437,4.89717,2.76421,3.36031,4.1151,4.57271,3.2413,2.15311
3.28613,5.39736,2.98385,2.27478,5.65228,3.20144,4.70162,2.1352,5.48786,2.86293
4.98477,5.35197,4.10636,3.09578,4.8701,3.58938,5.03139,4.66193,5.0352,4.42365
4.26383,2.26008,3.90945,4.03009,5.12466,3.63082,2.33009,4.88576,3.84163,4.06881
4.31903,4.00939,4.03904,5.21572,4.93618,4.48353,4.01353,4.01456,4.86289,5.93972
2.34226,3.97687,4.41476,3.95002,3.50166,2.61224,4.34778,2.37747,4.98995,5.51469
4.8775,2.54081,3.82632,4.61522,4.59335,4.15252,4.90807,4.1654,4.54153,3.42109
5.62681,3.46039,3.84099,4.00319,4.47677,7.01363,4.55727,5.20587,4.16921,3.56956
4.38569,3.55477,4.38551,3.69095,4.00173,5.29742,3.98523,3.52214,3.09966,5.20937
3.50844,4.69134,4.84693,4.27071,4.14669,3.39703,4.3881,3.77282,4.95661,4.66306
4.82527,2.46813,3.1134,4.32609,2.80931,4.08501,2.09493,3.19156,3.75813,4.69632
3.99892,3.82473,6.19625,4.44059,3.21954,3.63468,4.96692,3.82946,2.73947,3.89412
2.52947,3.72682,1.52233,4.02129,4.05204,4.53718,4.40042,3.49989,5.27628,2.64954
4.7108,4.76923,3.26017,4.59363,4.13127,2.50703,5.02535,4.33152,4.10865,4.7277
5.43161,5.36602,4.5054,4.29087,4.68614,2.87659,3.482,3.4745,5.043,4.90288
3.36719,5.5921,5.01091,3.58972,2.81687,3.49441,3.8386,3.62667,3.75405,4.71585
4.42039,4.22594,4.85016,5.74745,4.28784,4.74149,4.51163,5.28757,2.97504,3.8918
3.89781,5.54313,2.65455,3.86651,3.51265,2.38321,5.03365,4.60551,4.71914,2.2146
4.36478,4.95423,3.07467,5.37116,5.91387,5.56257,3.11416,5.2494,5.33734,5.95206
5.22169,3.02928,3.69728,3.807,3.6511,4.27932,3.03074,3.23141,5.495,2.27174
4.14317,2.92731,5.43724,3.13554,4.1595,4.50946,3.47173,2.37543,4.04813,3.43471
3.20503,5.00075,5.25333,3.19454,3.56181,2.63971,2.7918,4.67244,4.68237,5.3385
4.76117,2.87707,3.68049,6.09431,4.26026,3.70299,3.32383,5.09132,3.7478,3.23517
3.59146,3.51626,5.92141,4.5226,4.956,4.61297,3.57406,4.40042,5.5706,4.21709
2.33184,4.87946,2.95702,3.71795,2.497,4.93491,3.66108,1.70409,4.19549,4.48909
5.10793,3.50936,3.67861,3.88474,3.22918,2.71261,3.78118,2.76377,4.80123,3.2252
3.79822,3.08716,4.01796,4.09607,3.66163,5.16719,5.76054,2.60692,2.66289,4.76504
4.65034,5.47045,4.67361,3.92821,3.58978,3.85962,3.79846,2.90352,5.1635,4.13135
3.99182,4.22614,2.48313,3.56048,3.05745,3.50431,3.76887,2.69823,2.88615,4.66564
3.09258,4.14098,3.47066,5.51712,1.0318,4.73917,3.69579,3.17307,3.2904,3.99683
4.07146,2.60246,4.60903,5.61691,2.66356,3.35295,4.55733,4.49866,4.52405,6.09987
4.116,3.58454,4.03771,5.05951,4.30383,4.58234,4.04941,2.46226,5.75501,4.55723
4.70885,2.79078,4.63907,3.3156,4.94901,2.39161,3.36432,3.45995,5.03016,5.99652
3.76443,5.065,3.85351,3.31362,5.64336,2.46764,3.30841,5.00663,4.23566,6.03694
5.49857,2.62292,5.08763,5.05122,4.04945,4.11263,3.71802,3.50833,3.75873,3.39288
5.68233,3.56455,4.23713,4.52396,4.35684,4.52607,4.34879,3.64632,2.77019,3.46545
4.44313,4.88209,4.15263,5.58107,2.37567,2.98647,3.54375,3.67823,2.60183,6.5366
4.05079,3.89892,2.00962,4.65417,3.78216,5.24466,4.03039,5.14395,2.59518,3.5937
3.01166,4.9627,4.21609,3.55636,5.04407,5.08693,4.74639,2.14745,3.25597,5.2467
3.0841,2.163,4.56489,3.64316,4.97857,4.80973,1.78053,5.50312,3.67224,4.04427
5.10293,4.69451,6.25046,4.33161,3.23688,3.86765,4.35365,5.16045,2.46552,4.48247
4.31449,4.47728,4.90677,4.92105,5.73967,2.5029,3.99835,5.55079,5.31188,5.27073
6.08218,3.95247,4.48695,1.66499,3.65807,4.10124,2.41302,4.65211,4.87219,3.77371
3.71248,4.47294,3.84543,3.92997,3.51223,6.16084,4.71024,2.63857,4.43038,2.10121
2.01038,4.41651,4.9891,5.14865,3.37197,4.12454,2.27826,3.07502,4.02987,2.40676
2.16517,3.53925,1.57553,5.38358,6.2024,3.86491,3.86839,4.84941,3.63286,3.39132
3.43217,3.05068,4.53407,3.02109,3.28136,6.8248,6.76059,6.16249,4.54439,2.39931
2.68258,4.36609,3.77891,3.20496,2.05625,3.68214,4.53709,4.32383,3.64088,4.14162
4.22063,3.56073,5.20233,4.9395,2.77409,7.11801,4.39167,3.71195,3.16231,2.20649
1.98722,3.28946,5.44793,3.25172,2.69063,4.6011,4.51911,5.0434,3.7128,5.13808
3.41144,4.14527,3.0063,4.26815,3.74487,5.39527,4.52674,4.77373,3.64997,3.1071
4.7679,5.93647,2.13412,3.75008,4.1599,4.65941,4.65877,3.82328,4.46711,4.09364
4.0271,3.87156,2.42673,4.49927,3.68469,5.1848,3.86363,3.98767,4.6014,3.80995
3.67695,3.54032,2.9944,4.56561,3.81825,4.20889,4.49872,3.88327,3.76444,3.65461
3.90905,3.54427,4.68196,3.47477,4.00095,1.87882,3.29394,2.4572,3.21435,5.09443
3.50565,3.88513,5.23224,4.66077,4.22496,3.69877,4.44229,4.20544,5.31176,2.38824
4.80234,3.81381,4.95966,4.77914,4.24033,4.33168,2.62146,3.21078,3.31289,3.55791
4.64188,4.44229,5.39525,4.05259,3.05859,5.19388,5.0589,5.38941,3.71129,4.59488
3.45052,4.85044,2.85537,3.52009,2.33626,4.23022,2.98909,4.91727,5.43293,3.90079
3.74372,4.86189,3.63464,4.00457,6.50408,3.46584,3.25602,5.09067,5.29694,1.52768
3.51342,4.23281,6.10948,4.42345,5.39006,2.02614,5.74705,3.01728,2.91191,3.20209
3.56848,4.44237,5.25239,3.68399,4.03764,4.00755,5.37779,3.85204,3.93946,4.37991
4.01676,4.01851,4.9462,4.78407,4.90152,3.77345,3.40404,4.44097,5.3782,3.46388
4.15264,3.34855,5.01471,3.39869,3.7686,4.4944,4.80908,4.78172,4.52585,3.81679
3.47621,2.60746,5.44512,5.15077,4.7576,2.90182,3.8354,3.81239,4.20282,5.33619
3.84855,5.1651,4.2986,5.70295,4.61578,3.3884,4.26423,3.13245,4.00473,5.5474
4.15718,1.95874,3.57327,3.2086,4.09115,2.99153,3.91169,2.58792,2.63092,1.79791
3.45722,4.26244,3.59474,5.19159,4.45525,4.75371,3.79912,4.02293,2.71483,4.55333
3.22227,4.57209,3.5929,3.8656,3.96067,3.56461,3.87656,4.78976,2.70768,4.639
3.79224,3.85447,2.94019,3.84985,2.62978,4.79042,4.11247,3.91456,2.71303,2.79814
4.89272,3.16227,4.58895,4.40037,5.92351,1.07312,3.85826,4.41664,2.33564,3.00796
5.19004,2.75268,4.08004,5.17647,4.98649,2.46076,3.4991,4.58314,4.34329,3.90746
2.87045,4.0847,4.47895,3.40575,5.45704,3.73104,4.63694,3.69566,5.0008,4.37486
4.06734,4.4251,3.23446,4.43898,7.34112,3.619,5.02809,3.85397,2.07971,3.37033
2.90807,3.67085,3.64441,2.81018,3.50801,4.60258,3.21924,4.86298,3.60462,0.476643
4.23233,5.3971,4.23065,2.65389,2.45314,3.14699,2.91905,4.98728,4.65583,4.91535
5.52039,3.3711,3.88544,4.13159,3.30559,2.16835,5.2765,4.38385,3.69731,4.71102
3.88314,2.81918,3.87855,3.65425,5.26216,3.29419,3.59257,5.93648,3.83415,2.91825
4.98011,4.95413,3.87952,3.5961,5.70801,5.03208,2.71789,4.65078,3.55893,4.40044
3.75646,4.21753,5.68144,4.85511,3.40434,4.21311,4.61826,2.62678,3.40884,4.68433
2.61598,3.8984,2.88381,3.65934,4.25024,2.84044,3.4136,5.41451,4.31319,4.87084
4.82293,5.27203,2.95776,5.33119,3.38598,3.94116,4.88019,4.9164,4.06733,5.15657
4.42508,4.37893,4.02805,3.50386,5.04947,3.74081,3.11561,2.98207,4.87523,4.40313
5.66174,2.44436,4.06006,4.5021,3.83576,2.17919,3.32521,3.37617,5.30901,3.8522
3.32183,3.26166,4.99777,4.1487,3.19833,2.55197,5.37794,6.00025,3.81903,2.09272
2.52955,4.19668,4.71112,3.19945,3.82434,4.49094,2.71978,4.6799,5.77511,4.22413
6.18335,6.76705,3.39944,3.61062,4.53835,1.22854,2.62566,3.29596,3.69061,5.45406
3.41309,3.6333,4.69827,3.90011,3.05519,2.45699,5.67768,3.76193,4.83012,2.50752
3.82193,2.37001,4.85732,3.20473,2.60713,4.69452,4.76651,3.66429,4.69528,2.75712
2.72058,4.19323,3.68585,3.26207,2.96683,5.31039,3.98101,3.2811,3.91307,4.54559
3.60789,1.7656,6.82264,4.49313,3.92042,2.81169,5.18629,2.72585,3.07824,4.60879
4.91479,4.31046,4.13946,5.04103,3.56137,2.35756,4.44023,5.60154,4.5867,4.57989
4.51019,4.24868,4.03689,6.25672,3.01289,5.25992,4.12134,4.29907,5.67107,5.27859
3.55918,5.84798,3.96691,3.18987,5.57213,3.06669,4.27869,5.68628,4.21406,6.05825
4.555,3.39559,3.82598,4.20048,3.8903,5.32848,3.10202,4.63545,4.86179,5.0155
3.31328,2.84709,2.59837,4.61009,3.79048,3.36237,2.94958,3.48519,2.55047,4.53031
3.51915,4.89694,4.20545,4.81212,4.65789,3.85169,3.48891,3.98034,5.40479,3.53898
1.97792,4.10153,5.45979,4.04927,4.46365,1.58832,4.08225,3.45888,5.47034,4.64372
3.65277,2.76262,4.56356,3.62633,4.44927,3.21777,6.00814,5.15823,3.4253,4.88194
5.92143,4.18477,4.80679,4.12652,3.52612,3.60174,3.85323,1.5392,4.25955,3.97711
4.07534,5.3219,6.1388,4.12299,3.05189,3.97574,3.40271,3.58862,4.18183,3.35609
3.99294,6.53494,5.72295,3.27097,5.97519,6.10592,4.73738,3.4577,5.08114,6.44189
3.3088,5.40117,3.53213,4.61383,4.89031,3.04592,4.99605,4.93088,5.11599,4.16256
4.82156,3.65605,5.26292,5.12135,5.58202,2.96455,2.58997,5.39573,4.42116,5.0354
5.24028,5.17704,3.74769,3.17673,4.71601,5.89986,4.25796,2.83373,4.03242,4.75279
4.27486,5.39014,4.35867,4.2493,3.12969,4.2628,5.1739,2.23586,6.14302,5.41878
4.91333,5.27812,4.24509,3.94414,4.29677,5.19232,3.65027,5.05391,5.65096,2.46167
3.53446,4.38658,3.80081,3.89234,3.35301,5.57069,4.17905,1.43136,4.04506,5.14935
3.96941,2.91671,3.30189,2.63761,3.49046,4.25863,4.70067,3.33429,4.89926,3.24724
4.95978,3.53764,5.8925,3.92108,5.14784,4.15094,2.90339,3.51896,3.74911,4.04375
5.36223,4.17589,4.99822,3.76289,4.30813,3.70851,3.83965,4.86226,2.62325,6.18118
4.0849,3.32142,2.54829,3.8527,5.90628,3.58956,2.9881,2.55159,3.81394,6.5572
4.22197,4.01141,5.72693,4.30585,4.55337,5.55136,3.92637,3.28887,3.09301,4.62192
2.07089,4.23121,3.4289,4.36336,6.08666,4.06184,1.70709,2.81871,3.67597,5.21558
2.35505,4.4903,4.26325,3.1584,5.04311,4.20392,2.09404,1.55034,3.26407,3.05123
4.30087,4.48845,3.85246,3.0054,3.74129,5.12983,3.88839,4.80086,6.18594,5.13141
4.73227,3.39043,3.42203,5.25344,6.43152,1.33487,5.24667,4.80735,3.30928,5.20627
4.07389,5.24162,4.32621,5.08581,3.6037,3.62743,4.14408,4.6267,3.56693,4.19662
3.0216,2.6591,3.38555,2.72877,3.94194,4.30977,5.15538,4.47947,1.63911,4.0457
5.2605,4.58127,3.64543,4.038,3.39369,2.22334,2.89444,2.17535,3.90004,4.61977
5.81834,3.2663,3.32289,4.62636,3.03288,3.37508,4.45219,4.1537,3.95695,3.53394
3.98415,6.23715,5.32966,5.3061,4.47548,5.39342,5.1363,3.46444,3.89766,4.19053
5.31104,4.54765,3.69759,5.08809,2.27942,3.27921,1.87839,4.31985,3.55813,3.86993
2.3279,2.57446,2.18393,5.12143,4.1364,2.60875,4.59501,5.38038,2.28073,4.40126
2.66262,3.99425,2.36801,2.96746,4.50841,3.50973,2.62843,3.66533,3.85827,2.83103
5.52743,2.31801,4.79001,3.658,4.49776,3.72122,3.3434,5.12589,2.49569,4.42426
3.73615,2.24309,4.32531,3.11381,3.74756,2.14494,3.71565,2.88621,4.09866,4.29267
3.79023,3.38714,3.26727,5.43429,4.11449,1.84026,3.92356,3.67712,3.40235,2.42846
4.06323,2.61027,4.70649,4.2197,2.38139,4.6603,2.17932,5.82484,2.68132,4.40482
5.40155,3.62378,4.07383,4.88397,4.77427,3.9394,4.56104,4.15547,4.2188,3.82532
6.84194,6.11233,4.18692,3.59005,4.38273,4.76069,4.86276,3.51815,4.41959,2.95939
2.51181,1.65694,2.46092,4.25896,3.78328,4.61461,3.44708,2.88226,2.95889,4.43742
4.31579,2.95827,3.43317,3.64949,5.81631,5.364,4.72142,3.98185,3.56024,5.09797
4.52989,2.18175,2.52917,4.44125,3.17371,6.2395,3.63522,5.31994,2.85683,3.78479
3.39859,4.30517,4.34298,2.25896,3.739,5.05403,3.61159,3.48446,3.52965,4.01176
4.77543,5.89968,3.37859,4.58789,3.83873,2.8153,4.86569,3.95911,4.47118,5.80376
4.85058,2.6372,4.68194,5.21406,6.12971,3.80169,4.1922,4.80095,4.6743,2.53101
1.86018,3.32703,4.35178,2.38009,3.61777,4.65622,3.34869,5.34492,3.85358,4.76035
5.49376,3.53145,4.01952,2.52048,3.21419,3.77987,3.73823,4.13401,3.98087,3.3157
3.7033,4.39797,5.30161,3.05187,2.91628,1.70316,4.62112,2.791,4.01134,5.31068
5.12571,4.19853,2.30559,5.35307,3.00205,3.40595,4.1558,4.53816,4.13239,3.53731
6.60754,2.61074,3.27625,3.87888,3.19015,3.67663,3.81558,3.47087,4.64959,3.76761
2.93432,3.5283,2.83506,3.16673,3.37763,4.43449,2.69723,4.92595,3.5223,4.48226
1.99755,2.94783,4.45249,2.53903,4.56095,4.22814,4.24925,5.89524,3.59321,3.85411
3.39918,4.76655,4.12135,3.79169,3.31384,5.34465,2.64927,4.62493,4.95579,6.20878
3.05258,3.16119,3.89671,3.92498,3.85003,3.19549,3.54979,4.22744,6.06784,3.83257
6.14025,4.1788,1.16575,4.91608,5.58913,3.18008,2.39184,4.31568,3.64669,5.40026
2.12844,4.67471,3.34517,3.4294,2.95329,2.19791,4.58387,3.47637,3.5286,4.20251
3.12277,4.03907,3.94028,3.37433,4.60221,4.02483,2.66132,4.51144,3.65297,4.21582
3.68782,3.40695,2.89188,4.09475,3.55514,3.89373,3.72871,4.52371,4.63905,4.99177
2.79846,3.24431,3.00982,2.1798,3.81982,3.79762,2.43151,5.67527,3.69767,2.9295
5.03892,2.80803,3.72888,4.20606,2.8984,4.96651,3.56999,4.09413,3.66929,3.33112
5.59524,2.91106,5.71498,3.08064,2.46603,4.53185,3.91863,4.00556,3.7288,3.5294
5.64317,5.04187,2.54535,6.99612,4.55352,5.14089,5.80727,3.47735,3.13482,3.42013
4.62906,2.29478,2.38619,4.97296,3.42953,5.79771,4.51486,3.21174,4.35145,3.59975
4.56263,4.08989,2.91497,2.79231,5.28595,4.01251,4.38521,3.97822,3.05394,4.32263
4.05549,3.83882,4.15486,5.27929,2.97588,2.5879,5.05203,4.2126,2.14259,4.19069
3.90589,2.58467,3.55715,3.32808,3.88604,3.95597,5.38538,5.18454,4.08819,5.54013
4.8988,5.32413,4.61145,4.12357,4.35824,4.32237,3.34313,3.27195,4.50263,1.76252
2.10682,4.57864,3.62321,2.76466,4.2987,4.96588,3.48658,5.46642,5.09826,4.10359
4.35204,2.333,3.59179,4.37324,4.232,2.553,4.417,2.68217,3.82832,3.30141
5.04614,4.53485,4.6139,3.22202,4.62343,4.11713,5.47209,7.02384,4.05507,3.16552
4.71745,5.40595,3.57336,3.44329,3.08514,2.83378,3.36707,3.07635,4.31443,3.63259
4.94771,2.83449,5.65875,4.64573,4.1784,4.91858,3.83614,3.1876,4.26919,3.137
4.62106,3.11281,2.1731,2.29975,3.17984,5.61387,4.24489,6.02553,3.82496,5.14001
5.05479,3.73716,3.46954,5.52438,3.43281,4.79193,3.1328,3.97554,5.76659,1.74677
3.93303,3.7777,5.56044,3.91266,4.72297,4.29154,4.85531,4.62935,6.37826,3.59106
4.30399,3.49955,4.05206,4.49359,2.98203,3.27363,2.68136,5.61951,3.8933,4.10813
5.58624,3.35602,4.25468,3.03339,4.25186,4.61587,4.13777,3.13607,3.26396,4.01088
3.00576,3.03068,2.42995,4.31982,3.90935,2.81814,4.7069,3.25634,3.6174,3.07025
2.816,3.74772,5.10974,4.10135,1.54203,3.46445,4.67111,3.49289,5.49489,4.97984
2.91569,5.27157,3.37189,2.20317,3.36848,3.12509,4.49952,4.27569,4.01501,2.99899
4.84209,3.73629,6.32758,3.26687,4.04091,2.74129,3.80319,3.46397,4.54657,3.24928
5.30514,3.95689,3.24991,5.57979,3.25855,3.22812,7.2512,2.28982,2.96186,3.58072
2.72422,3.16943,2.64109,3.99688,4.38603,3.9191,3.52184,4.72854,3.83606,3.52711
4.12848,4.23315,4.93947,3.00231,4.90334,4.9783,5.35209,3.50052,5.02295,3.5199
1.67091,3.9397,6.67266,3.67252,4.2372,2.89145,3.42482,3.28299,0.936985,3.65613
4.4741,2.07113,3.66602,4.17735,3.35781,4.5173,3.13537,1.95298,4.66237,3.41253
5.65705,5.4778,3.88357,5.45913,2.19633,5.38495,4.86994,4.06808,3.79843,1.60092
4.7639,4.8552,4.82408,3.61998,3.30391,3.13637,4.54323,5.13598,5.00572,4.95342
2.40862,2.93022,4.38937,2.91695,2.5019,3.76142,4.0348,4.44493,3.05527,4.50133
2.63539,4.79477,3.83039,4.13513,3.37082,4.32855,4.45298,5.56037,4.21415,3.45786
5.03641,3.84914,5.12062,5.31718,5.03601,3.50371,3.66341,5.24116,4.08751,4.39177
4.72916,4.21248,5.10601,4.29061,4.83227,3.86046,3.265,4.5981,3.394,3.53095
4.40048,5.35442,4.31893,4.62483,3.21916,4.06158,2.12422,4.89052,3.71348,4.11872
4.81533,5.13762,4.67804,2.29306,3.72333,3.91185,4.32252,2.84098,6.64394,5.0682
4.05998,3.38089,4.60719,3.09992,4.94947,4.24773,5.00943,5.05894,4.41158,2.94236
3.46533,3.76788,3.13744,3.87955,4.52167,3.31782,4.31624,5.56508,2.53066,5.43953
2.65179,3.67712,2.80384,3.41365,4.11239,2.9246,4.08425,3.90647,3.01507,2.76638
3.36344,5.01995,2.60785,4.32947,5.28715,3.25206,4.50677,4.46349,4.90964,5.62129
4.17877,3.57844,2.69658,3.57898,4.04935,4.35834,5.66935,2.51678,3.06858,6.22177
4.61395,3.06304,4.30477,2.95857,4.06844,3.76805,2.32788,3.37178,5.08257,4.61402
3.28573,2.53564,3.17775,3.32575,1.80842,2.44311,3.29463,5.72451,4.07182,3.22725
4.53598,3.54891,3.49726,3.46282,4.1197,3.48585,1.69054,4.68772,3.81376,4.50513
6.76896,2.77506,2.66942,4.2207,2.88959,2.82362,2.71264,4.76641,2.72509,3.57474
2.75649,4.30156,3.90758,3.93534,3.4955,4.08685,3.38279,4.65713,2.54496,3.5631
4.33202,4.07721,3.77166,3.90258,5.17557,5.4991,3.91321,1.79557,3.29572,3.38177
4.01728,3.3406,2.90007,5.5552,3.30916,4.48318,3.80792,3.36071,3.92479,4.73302
3.59751,4.43544,2.55202,5.46261,3.16526,5.13673,3.50534,3.86895,4.27121,4.42285
3.7949,4.5485,5.0161,4.30739,2.84015,4.23121,1.53412,4.04127,3.48189,5.09111
3.20243,4.47997,1.70147,4.95422,5.11218,2.54639,3.26474,4.40697,4.88243,5.43455
2.73847,4.14291,2.83718,3.84299,6.8631,4.4087,2.86921,3.71149,4.25461,5.30851
2.03265,2.72143,5.03982,1.99619,4.43098,3.97075,4.58052,2.54773,4.65809,4.76787
3.91724,4.21978,3.37943,3.55623,2.60919,4.10909,4.86844,1.82907,2.87032,4.45019
3.26486,4.7112,2.42896,2.66261,5.31406,3.66322,3.06187,3.49097,4.97173,1.55699
2.72359,4.31292,3.69298,3.36084,2.92319,4.21207,4.34089,4.78372,5.68705,6.01868
2.51306,2.23164,5.34563,1.74836,4.13203,4.32666,4.53288,3.89169,2.5412,4.23513
3.31078,3.81439,3.69217,4.14822,4.45536,4.4126,2.62113,3.4331,3.74285,4.24242
3.63765,3.90654,3.98479,5.17994,2.26094,4.79564,3.94659,4.13992,3.65152,5.40997
2.76877,3.44972,3.52254,4.48848,2.74363,1.84655,2.67608,4.07736,3.96027,5.39553
4.53878,4.16381,4.75613,5.2128,4.79992,4.6723,5.36439,4.27687,4.53396,3.58999
2.67083,5.70976,3.97006,4.47939,4.79604,3.16857,3.5827,2.41063,4.86289,3.72375
4.35419,2.33911,4.08123,2.28644,2.63392,3.73401,4.02974,2.80848,3.71579,3.78922
3.74102,3.9015,2.8463,4.54544,2.12437,2.96578,2.41677,5.72883,2.65334,3.22501
4.81727,4.52189,4.29679,3.97541,3.11082,0.298041,3.57319,1.25413,3.18846,5.35072
3.74126,3.00245,5.99685,3.76846,4.22221,4.2388,4.827,4.36725,4.85081,5.78978
4.02519,3.97321,4.59651,4.24233,4.55743,5.44321,4.50818,5.42402,3.20926,3.14208
4.39858,3.73504,4.83152,4.57074,5.1738,2.15917,3.53647,2.87796,7.14414,3.74271
4.0625,6.58243,5.00603,4.21539,5.66732,4.67306,3.83117,6.45123,4.24556,2.65301
5.07964,2.88119,3.6749,4.27821,3.69305,2.68091,3.11769,3.02226,4.21632,3.52304
4.30376,5.77789,3.92589,6.98889,3.74568,3.79242,4.09935,1.76977,2.85386,3.94931
5.56773,4.612,4.56082,3.08759,5.86783,2.61051,1.70599,6.05104,2.90966,3.30168
3.86402,3.54165,3.48273,2.2775,3.84875,3.99238,2.84927,3.7889,2.1947,3.67786
3.94193,3.1979,7.07359,4.48877,2.31602,4.70847,4.81827,4.27868,4.83763,4.30652
4.02362,4.37506,4.24342,4.27594,2.79524,5.80005,4.89477,4.41561,2.89484,4.25165
4.96777,3.15565,3.56661,5.04221,5.55925,3.35168,3.73762,4.87186,3.52067,5.58608
4.89724,2.97179,3.55822,2.83279,4.21747,2.93092,3.77202,4.3894,3.72494,2.14366
3.54329,4.5754,3.8089,5.02575,2.76911,3.34054,3.21087,2.90482,4.95277,5.87018
3.06432,2.97427,5.02307,4.44112,4.26498,5.14182,5.79358,5.12876,2.87993,4.01614
4.65395,3.76421,3.7029,4.39346,2.13242,2.58059,4.22518,3.3998,3.7254,5.13873
4.60273,6.09019,5.63544,4.7468,2.11569,5.24816,3.77766,3.88505,3.52984,3.95996
5.06323,4.59877,3.30646,4.27843,3.38028,2.93752,4.08239,3.75711,3.32202,4.11746
3.56858,5.55664,3.73808,3.91194,2.9051,3.54439,3.90092,3.41658,1.92886,4.84725
2.97853,2.88174,5.2779,5.28092,5.43074,3.82112,5.4003,4.14885,5.49841,5.46069
4.63907,4.03003,3.88247,4.58755,4.93699,2.84587,3.99893,6.27959,3.33549,4.75817
5.55751,1.36187,4.97764,4.08623,3.58032,2.42389,4.06012,4.84305,4.23786,4.66337
3.67539,4.94137,3.48252,2.88465,4.74856,4.33462,3.75914,4.34133,4.35599,3.55726
4.43208,5.86284,3.29004,3.08255,4.97833,3.29476,3.30824,3.5913,3.13607,4.6788
4.9667,4.25686,3.57811,4.39096,5.07966,2.79501,2.08412,4.72682,4.18427,3.70178
4.50083,2.47035,4.32809,4.24392,6.50329,3.45289,3.08722,1.50221,2.77658,4.54059
3.46172,2.57492,6.15544,5.59315,3.87003,4.47067,3.19461,4.19849,5.80057,4.85095
4.05106,3.36089,2.29686,4.15013,4.51959,3.54194,3.33436,4.45719,4.04735,3.89495
5.74804,5.59908,4.66344,5.17186,5.45662,3.337,4.74974,4.19169,3.23532,3.90456
3.71402,3.34722,3.82175,3.1664,2.03154,4.10275,4.46847,3.02414,3.21931,2.62198
0.797457,4.62346,3.06025,5.10539,4.98363,3.74631,1.96783,3.95017,5.50994,1.38763
3.83675,2.38482,4.98343,5.88666,3.80271,2.16425,2.05818,4.59571,3.1924,3.25121
3.19972,3.77335,3.28094,2.79119,3.92598,5.72008,3.98571,3.88321,4.06653,4.56079
4.17861,4.40679,2.75243,3.60444,4.86633,5.02092,3.9365,4.42233,4.02189,4.43042
4.06036,3.77091,4.88783,5.63729,4.90343,4.26303,4.35313,3.85972,5.95084,4.63842
3.80731,3.16742,4.11683,3.3023,3.75571,6.46892,4.89445,5.59759,3.6429,6.31317
5.74567,3.03123,4.06351,5.22916,3.2601,5.96014,3.86453,3.67523,3.77224,4.24606
3.16787,4.06651,4.75041,4.31137,2.81427,4.6987,4.60826,3.57192,4.19246,4.40328
4.72971,4.50738,2.9497,3.94435,5.32431,3.43731,3.59323,3.82382,5.05324,4.32922
3.03452,0.441144,5.76103,5.24558,1.79888,5.86127,3.01488,4.34773,1.72142,4.29149
4.77549,4.45603,3.02392,4.62338,3.24529,3.96858,4.28618,4.34073,4.45649,3.90412
2.18826,3.84021,4.23378,2.39868,3.22914,4.70324,3.2762,3.5775,6.52828,4.76499
3.03326,4.48162,3.22291,6.34093,4.97848,3.55828,3.8429,2.91509,3.7186,2.75204
3.08034,4.74885,3.70104,3.7544,4.11158,5.33865,4.75899,3.19202,2.40693,5.08517
2.99088,4.92951,2.79455,4.8826,3.53938,5.08199,4.70926,4.1486,4.51033,6.14344
4.49516,1.4744,2.79418,3.68349,4.0043,4.73725,2.20888,3.21171,5.23959,4.43565
3.37872,3.79325,3.74796,3.25524,3.49127,5.61716,5.67347,4.51377,3.70626,3.12635
4.79827,3.45408,4.51571,5.63589,4.07749,4.88884,4.94177,4.0083,4.61662,3.26025
4.34973,4.85133,3.70845,2.92081,3.18026,3.35217,4.08395,5.46502,4.67747,5.41599
4.98368,5.21473,3.12344,3.88629,4.01914,2.34984,3.96865,4.94727,3.25083,3.92794
3.78424,4.47434,2.65475,2.8004,1.59333,5.17632,5.24417,4.44388,4.56907,3.23705
1.90891,4.79684,4.98394,3.38971,5.67952,4.18988,4.10248,3.79972,4.41655,3.26105
4.09618,4.62951,6.04075,3.38855,4.05466,4.24996,2.66495,3.21114,3.87864,3.41425
2.7283,3.79474,5.84497,4.89665,3.41434,5.40641,3.46224,3.411,3.87091,3.19598
4.09059,4.41514,3.99692,4.58189,6.13835,5.06654,4.84332,3.12773,3.92052,1.95522
5.75955,4.02577,2.3414,2.86165,2.29972,5.24875,2.62569,3.36369,1.99262,3.19272
4.37822,4.06007,5.71935,4.87869,2.77144,3.64525,3.47193,3.97729,4.81619,4.27657
4.0359,4.20459,4.15826,3.2912,3.79129,5.00834,3.2523,4.80553,3.36932,5.42371
4.72773,5.8751,4.91526,4.54864,5.39961,3.87939,3.31569,4.61632,3.94599,4.02411
5.47453,3.94091,5.78883,2.91271,5.78626,4.05194,1.5891,3.20383,5.35191,3.74367
4.74488,4.41542,5.36607,5.41611,3.39303,5.51476,3.93432,4.78332,4.14709,5.36187
3.79378,2.9898,4.13752,5.5782,4.271,3.40383,2.90468,2.98921,3.91485,2.72719
3.76764,3.18986,4.35081,3.05906,3.71775,5.24132,3.85489,3.15566,4.19454,3.92688
4.94347,3.14727,4.03582,6.54458,4.44155,4.98756,4.37518,3.76674,3.76809,3.91041
3.32721,4.86277,4.94985,3.04037,3.31502,3.33912,4.12953,1.7593,1.79295,3.20663
5.65839,4.0413,3.88892,4.13238,3.37729,4.03056,3.1031,4.58196,4.02833,3.28833
5.15511,4.03241,4.00365,3.51074,4.81212,3.07876,4.70559,4.76664,4.65339,4.01429
5.92046,2.2646,5.76541,3.98212,3.94479,5.52086,4.73671,4.39727,4.17251,7.28429
5.13486,4.98579,5.15135,3.86439,2.66484,3.25636,5.80207,2.81992,4.80317,4.80706
3.25132,3.39832,3.65477,4.05281,3.08064,3.85548,6.20268,5.13225,3.69539,4.04337
4.75596,5.12295,3.82635,1.97483,3.20715,3.63128,3.2756,3.2527,3.69832,5.06598
5.18674,4.84513,4.87343,3.31672,3.39853,3.00285,5.85072,4.40333,5.72583,2.57125
3.86251,2.86914,4.8906,4.5112,2.98916,3.83328,4.0137,3.80954,3.31803,4.17962
4.38394,4.32488,4.83405,5.68973,2.57198,5.05377,3.21729,4.23133,3.81041,4.11126
5.66344,3.54149,3.66273,3.45068,4.926,4.81593,5.62327,3.68165,3.71508,3.97855
2.43293,3.79787,3.18835,2.81653,4.16405,3.14407,5.49157,1.93046,5.74564,4.9595
4.44372,2.45043,4.81005,5.83416,3.55126,3.03457,3.77346,3.97147,3.53293,5.13289
2.8842,5.45251,4.31804,2.70199,4.20492,3.62554,4.29205,2.58729,2.97791,3.90924
3.98186,3.2155,3.54289,5.10585,5.28063,2.82997,5.10825,4.06566,4.16661,5.62515
5.38225,3.29168,2.09565,4.17675,3.91985,4.51273,3.25643,4.55262,3.03121,3.91086
3.88993,1.80739,4.0383,2.02563,3.89231,3.66483,5.86925,3.57019,3.71097,3.87873
3.15053,4.10184,4.94645,5.08604,3.87359,4.41629,3.5063,4.75793,2.97423,2.89619
3.67873,2.77174,3.37,1.89349,6.0651,4.79865,2.05768,3.84244,3.8197,3.39994
3.80488,3.38399,3.70735,4.2173,1.99758,4.85727,4.66868,4.37234,4.13139,4.18476
5.14522,5.11592,3.42521,5.5774,4.72953,4.02587,3.99824,3.50436,4.98857,4.47847
6.74617,4.00103,4.45517,5.25135,4.3971,4.29502,3.41377,5.0026,4.61343,5.24053
3.88863,4.82386,6.06665,5.44605,3.62772,5.67167,3.69774,3.32657,3.34117,4.84136
2.51845,2.74778,4.83733,3.43418,3.47207,4.75272,3.40469,3.93563,3.20716,2.42233
4.1954,4.1692,5.50834,2.86114,3.53505,3.78248,4.32149,3.82542,4.20688,4.70377
4.0329,5.10196,3.85131,4.00089,2.46344,3.84527,4.2101,5.79127,1.35334,4.87241
1.45656,3.80287,3.45666,4.6574,3.4892,4.98046,3.41175,3.53849,5.2986,4.20681
3.3586,3.16963,3.96161,3.47028,2.77635,4.93666,3.69368,3.62713,5.62532,3.8333
4.7864,4.08841,4.74225,2.33593,4.4327,4.05749,1.95752,3.10312,4.13936,5.0003
3.00391,4.47955,3.40469,3.16594,1.66594,5.32211,3.63685,5.88124,3.96997,4.17394
3.61541,4.02761,5.11218,4.30413,2.53947,4.24245,3.60461,5.66798,5.73799,4.24912
3.74736,4.68644,4.85022,4.25446,2.94566,4.52549,4.98415,6.45549,4.52773,4.37128
3.3355,3.40536,5.13211,6.02672,3.98797,1.92843,2.57965,3.40834,3.43387,3.72508
3.93898,2.71773,4.66343,3.54598,3.07824,5.99506,3.35688,6.24362,3.3695,4.5068
2.79001,3.2759,4.19542,4.07136,4.12355,2.96452,3.77929,4.79781,3.02559,3.46017
2.54579,4.26979,4.11874,4.05714,3.19407,4.57266,5.54853,4.77033,3.94128,3.00299
4.28758,4.14171,2.87874,4.18379,4.08587,3.95982,4.33385,3.84715,4.68784,4.63457
4.00498,2.28612,4.20771,3.57253,4.94192,3.58106,5.44156,3.85647,3.44134,3.67621
1.59565,6.0387,5.41593,2.18001,3.0234,2.82269,5.7451,3.42181,7.07942,3.62987
4.43188,2.21334,2.26816,4.19315,4.40866,5.24753,3.14973,4.63648,4.84169,3.71515
4.50732,3.5478,4.05204,4.02283,4.19188,4.95133,4.76388,4.4436,3.9256,2.7278
3.84854,6.51327,4.6971,4.6167,2.50448,3.88978,2.91908,3.67559,3.31047,5.31991
4.78108,5.55377,3.92657,5.27644,3.64304,4.86868,3.09504,4.16933,4.79411,4.8994
3.71561,3.93362,4.54099,3.68082,4.49184,3.09245,2.33327,3.37823,3.4763,4.30519
3.69185,5.52114,4.75088,4.36249,3.22925,2.09966,5.29359,4.21251,4.596,2.63552
3.22709,3.97848,4.6178,3.18767,3.83083,3.27303,4.06141,3.80684,4.37847,5.53075
3.95653,3.70494,2.67726,4.10381,5.43802,2.38962,2.4923,3.31729,3.34015,3.89617
4.54885,4.00851,4.02092,3.10706,3.72762,4.41894,4.80341,2.72826,3.16695,6.30505
4.69115,2.71608,1.98653,2.50866,3.50041,4.12913,3.91717,5.37384,3.35395,4.46884
2.69758,3.63178,4.16182,3.93654,5.42522,2.78507,3.98867,3.82856,2.84657,3.17213
4.76002,4.66149,2.80485,4.41465,3.5412,2.08341,4.94726,6.70765,4.55001,3.45964
2.1427,4.64836,3.28743,3.68098,4.61145,4.76001,3.54017,4.24591,4.79087,5.4507
4.24474,4.59654,3.06168,3.01066,4.61001,4.81409,4.03217,4.05311,4.32291,4.50522
3.67708,5.08031,4.51933,4.87758,5.8822,5.65981,5.33221,2.12049,4.84983,3.84149
3.6313,4.11811,3.83245,3.08377,3.26731,3.77379,3.10359,5.85467,5.85363,3.39902
6.02381,3.71222,4.88312,2.49238,6.16575,3.51671,4.12854,4.03395,5.2097,4.38246
4.00719,5.25211,4.68287,3.43055,3.63987,4.23251,4.13916,3.17632,4.22986,3.78119
3.74592,4.48809,4.29586,4.93683,5.23727,2.09452,3.94745,2.11889,4.23748,3.67849
4.94821,4.25733,3.29255,3.52005,5.56831,4.60247,6.07416,4.38914,4.40665,2.78767
4.26964,2.72638,3.68529,3.29561,5.26442,5.9815,2.34721,4.34196,3.01814,4.48426
1.54233,4.24997,5.51923,3.50555,3.05946,3.94579,4.29347,4.79163,4.36863,3.64284
3.74696,4.86498,5.46378,4.85926,4.70947,3.28353,5.34152,4.65662,5.63649,4.0409
4.7787,4.44064,3.82468,3.57743,3.31112,4.50067,3.8955,4.28978,4.81066,4.5706
6.29739,4.76715,3.5048,2.24289,4.89111,4.00557,3.74132,3.4694,3.04265,3.75699
4.32281,3.13441,3.91424,4.42558,3.03451,4.29547,4.87654,1.33468,4.5819,1.79989
3.85204,2.75455,3.59107,4.36876,3.35589,5.58099,4.06081,4.3827,4.06093,4.05243
2.73187,3.00724,5.9742,5.43247,4.80374,4.46973,3.7099,4.07892,4.44209,4.58499
3.0976,3.50527,3.91982,2.42915,2.60902,2.91759,4.03818,1.99405,2.47009,3.44373
3.28904,5.27058,4.67079,5.13009,3.05644,4.05827,5.4635,1.91929,3.54631,2.9861
4.46854,4.99653,7.80431,1.3863,3.12945,4.14742,3.68998,3.93571,4.88579,2.76842
3.85065,1.94396,4.87208,3.53745,5.67047,5.84735,3.34115,4.15172,4.29969,4.56419
5.1809,3.80678,3.13654,6.10184,4.93833,4.63218,2.78122,5.59699,2.82334,3.87701
4.45499,4.70023,4.75723,5.20908,2.06335,4.76555,3.79234,4.16373,3.26931,4.41801
3.98847,4.1879,4.60016,4.05744,4.49791,4.08323,2.97469,4.4995,4.38582,4.63464
4.19096,3.99113,4.13926,2.93847,4.34604,4.34578,4.37495,4.93859,4.03435,3.92469
4.69417,2.76219,3.68068,0.82824,4.73324,4.73526,3.17243,4.38733,3.68208,2.64005
7.18379,4.09673,2.48016,4.59973,2.681,4.45976,2.24683,4.54515,2.35743,2.89572
4.71105,3.12022,4.04454,2.42967,3.77536,4.42405,3.40744,2.23135,3.91418,3.45534
4.89964,4.58198,5.64769,2.95923,4.54967,4.0742,3.7616,3.02153,4.18805,4.36774
3.02086,3.76135,4.85881,6.20335,4.03447,5.03814,7.01085,3.03301,5.28506,4.37278
3.64518,3.61851,3.60181,3.11388,4.43916,3.47391,3.6445,5.09084,5.51784,5.30028
4.3734,5.99962,6.57772,5.28875,4.80428,4.38048,5.66649,6.04777,4.10451,2.8509
3.20949,3.37226,3.14687,3.34903,5.07347,4.50473,3.55067,2.5387,4.01738,4.66684
4.43935,2.59799,3.86279,3.2203,3.4227,4.48475,4.07083,3.49793,3.71495,4.59665
4.66496,3.56936,3.27119,5.67815,4.08291,6.23506,4.55799,4.61519,1.25861,5.00981
3.78163,5.21011,4.33096,2.26481,3.46736,3.83752,3.02632,4.00981,2.96691,4.24353
2.03129,6.03342,4.14223,4.43091,4.4965,2.87543,4.90697,2.24785,5.07375,3.91256
3.68568,3.42168,2.44234,3.96999,1.86614,1.91824,4.25731,4.46787,5.127,2.18788
5.74156,3.70675,2.77673,2.36228,3.58606,3.14773,2.97259,4.79037,3.25843,4.35708
2.30179,3.18384,4.68135,1.53585,4.28831,4.06647,3.71477,4.31964,5.37398,3.62886
2.87841,4.06103,2.68748,2.78518,5.07244,3.42878,4.50113,1.99738,3.83485,3.26221
5.44925,2.96589,3.01186,4.42647,4.00862,3.18143,4.05844,6.52696,4.3651,2.90274
3.4942,5.74262,4.66544,1.85581,3.42661,4.14156,4.60735,2.49911,6.03844,3.62991
6.81859,2.77987,2.67032,4.11508,3.46654,3.7344,2.66084,4.35462,4.58651,4.29357
3.51677,3.63649,5.37258,3.40146,3.70231,5.50706,4.3943,2.84011,3.8765,2.54296
3.99174,4.46853,3.12695,1.80758,2.286,3.17014,5.94479,4.04852,4.99612,6.00932
4.76412,1.93167,4.5247,4.11153,4.63836,1.70626,3.55608,4.08996,2.79024,2.9882
3.63772,3.64782,3.13246,3.75012,2.70104,2.185,4.1039,4.91305,5.59672,3.91346
2.21502,3.94626,4.10563,5.24479,3.42733,5.8966,5.08687,5.50527,4.08469,3.91736
3.22521,3.09954,3.95676,4.04308,2.75894,4.06891,2.96122,4.43811,3.60072,3.56944
3.36642,3.82085,5.63836,5.03661,3.26463,6.47831,4.01684,4.04829,3.98924,3.36965
3.28051,5.02382,2.63594,3.92692,4.71297,4.17123,4.1188,5.85155,4.14413,2.98508
4.20667,4.70751,3.42747,3.16075,2.89546,2.9581,4.58477,3.29329,3.96236,2.6748
3.09517,2.41634,2.94217,3.05112,4.79386,4.38706,4.1594,4.13825,2.79897,4.95698
4.07896,4.50743,3.48298,2.81171,4.04528,3.5534,4.43577,4.18289,3.85576,3.91191
3.81963,1.99118,4.00179,2.40493,5.43871,4.87507,3.83258,4.81148,4.88735,3.97624
2.13009,4.03307,5.92009,3.16387,4.56829,4.93761,4.83968,4.49275,3.17877,4.91451
3.67797,3.88697,3.72606,3.30434,4.03781,3.73279,4.42205,3.04327,3.88778,5.72094
4.78572,3.56479,4.9487,5.42732,5.54789,4.95776,4.34223,4.69521,1.7409,4.17497
5.25077,3.0782,3.48844,3.5744,4.31238,4.40198,5.02553,2.69511,3.83133,4.04187
4.47903,4.35118,5.14502,4.00432,4.53026,4.81864,3.08088,3.57067,4.47575,3.38604
3.11124,5.52827,4.2613,5.02817,5.68501,1.98833,4.56114,3.94311,2.84411,6.76716
3.47598,4.97292,3.55889,3.85949,3.86258,4.81348,5.33792,3.95269,4.05344,2.61223
5.46414,3.34673,5.16251,3.14776,4.18225,2.79721,4.02842,2.83132,5.66398,6.51821
3.84702,4.00597,3.36684,5.26574,2.07073,3.60962,2.67883,3.21185,4.82321,4.54823
3.51928,4.18205,4.91786,4.90485,4.87729,5.68898,4.8268,4.92826,3.69079,2.22259
2.966,3.60406,4.77356,3.97794,3.64205,3.73659,2.59931,3.47817,3.06293,3.66144
4.10826,2.93263,3.94209,2.61396,3.68424,3.01768,4.87622,3.89314,3.99309,5.38111
4.92067,3.47144,3.66668,5.83958,3.7461,5.35049,4.93845,3.92553,5.46496,5.40367
2.75159,4.82584,3.17897,4.28419,4.60727,1.82073,3.74954,4.34941,4.46887,4.64716
4.80421,4.80685,5.37713,3.24801,2.18912,2.48061,2.69989,4.67902,5.49017,3.02235
4.4799,5.11685,3.54725,3.58951,2.68922,3.03089,3.74771,3.87437,4.12413,4.61173
3.79477,5.49176,3.5569,1.36507,5.05134,2.64134,4.10671,3.29864,4.77345,3.38009
3.62162,4.67581,2.57927,5.14046,2.65127,5.40011,4.12333,3.47352,3.40247,4.85561
4.92098,3.35977,2.22591,4.23005,2.11257,2.54832,5.91043,4.2074,2.54198,4.03229
1.09981,4.46105,3.32279,4.64188,3.72306,4.02247,2.77234,3.03317,2.40489,3.84467
4.19863,3.86384,4.08217,4.45279,2.97144,4.76992,4.03502,3.84005,3.67681,4.30251
4.80882,3.23733,2.50711,3.22075,3.95477,1.54821,3.23394,3.27958,5.89713,5.6457
3.64365,3.42398,2.63648,3.31102,3.71729,4.56881,2.96705,4.2823,4.23207,3.46155
3.43339,3.3666,1.56108,3.11076,3.46548,4.30056,4.06101,2.48564,3.89976,4.25117
3.59066,4.67625,3.12964,3.38561,3.10064,5.82479,2.01813,5.93783,3.26424,3.87197
2.81505,2.47813,3.66904,5.41445,2.51496,5.53023,4.68172,4.00487,4.97296,4.65927
5.44074,4.72448,2.81809,3.42868,4.51236,4.43138,4.39236,4.09358,4.21883,5.02865
3.34885,2.62884,4.06136,5.39667,4.74451,4.49221,2.19353,4.25671,3.68564,4.03017
4.07477,3.58013,4.44815,3.91606,4.57597,5.04387,4.47495,6.33098,2.56789,2.52968
3.90985,3.58501,4.09792,3.67577,2.63082,3.02342,3.69569,3.68575,4.23845,3.50301
2.19325,2.60884,2.86993,3.86745,3.88514,4.65498,2.55283,3.96914,4.60461,4.46756
4.49975,5.47306,3.55119,4.55832,4.65955,3.79086,4.77117,4.41024,2.13475,4.70352
