10
6.21005,4.36921,4.94651,3.40442,3.38408,5.13147,2.3896,4.46016,4.20373,3.88263
4.548,3.50228,3.73856,3.17351,3.2661,4.45888,4.28549,4.52972,4.20365,4.87002
2.89383,6.12364,4.44326,4.8224,3.40601,4.86747,4.5348,5.12201,3.49327,3.94583
2.34551,2.75901,3.11928,3.22725,5.21156,4.70386,3.69662,4.54832,3.8202,4.04136
4.15769,5.35618,2.8888,5.74995,3.17658,4.90932,2.32363,4.91212,4.60671,2.30067
3.66764,4.07212,4.13097,2.35262,5.07133,4.3991,3.99341,3.90303,4.41292,4.517
3.09224,4.54609,6.15367,4.01004,4.38297,4.36446,3.85038,1.04329,3.3408,4.57536
3.32779,2.6459,4.76673,3.88743,2.01336,1.25666,5.0209,5.16038,4.56327,5.46765
4.20372,4.45997,1.8817,4.59883,5.88142,3.72476,3.94329,4.32671,4.07678,4.6455
5.24192,3.63594,3.69345,3.17168,2.3253,6.25207,3.83841,2.77364,4.15655,3.70413
3.76099,3.74899,4.44535,2.86278,2.59225,4.45268,4.34478,2.93198,3.62779,3.78595
2.8611,2.87822,3.70879,4.63803,5.30435,2.87287,5.42647,5.92631,5.41038,2.52605
3.39109,5.25148,5.31595,3.56698,3.41212,3.32118,1.28978,5.13907,4.89695,4.07571
3.5009,3.71893,3.50984,4.58246,5.76634,4.8341,4.58216,1.9731,3.62871,3.43435
4.63122,5.64298,4.98827,4.70326,4.48218,2.59261,4.4919,3.72752,3.45154,4.24026
4.73649,5.44713,5.21451,3.94061,2.1401,3.10949,1.7749,2.45017,2.24465,2.77199
4.07474,4.30671,4.39164,3.89106,5.48542,3.54776,5.06054,5.36245,3.57859,3.65522
4.56067,6.05349,5.57243,3.6448,4.89364,3.10907,3.65996,4.35178,3.08326,4.55771
3.28246,3.92701,4.37302,3.96488,3.87244,3.61243,3.65411,4.1364,1.61045,5.44394
4.03243,2.12263,5.16365,3.34084,4.10128,4.61362,3.32805,3.67481,4.53978,5.94356
2.6167,3.46334,2.79255,4.3008,4.28113,4.08699,2.30061,1.1844,5.22124,3.51577
5.23061,4.76423,3.49157,4.40543,5.02491,4.73549,3.7873,4.73027,3.44464,5.09685
5.64379,4.12276,2.57325,3.77216,2.54931,4.08634,4.93571,3.16265,2.79674,4.04717
6.03893,5.93609,3.72933,3.47447,4.44183,3.25534,3.8627,2.387,4.93436,3.77152
5.25939,4.08766,2.93991,3.11461,5.30783,3.09975,6.29176,3.19376,4.23688,3.15827
5.01414,4.35411,0.836446,3.83545,2.29094,2.49261,2.79981,3.50698,4.16001,5.82582
6.12564,4.28974,3.84382,2.34779,5.61291,3.1997,4.87159,3.90316,4.82264,3.6701
3.85871,5.01278,3.57986,4.85474,4.19085,2.93236,3.07759,4.16511,5.49343,5.62529
2.49151,4.00122,4.07732,5.28704,3.86576,3.08056,3.2231,3.77649,4.90602,2.7557
5.06936,5.12641,3.23951,3.74668,4.46359,3.11473,3.26559,3.29157,5.60636,2.19002
1.7848,6.19309,4.30659,4.76366,3.26238,4.88382,1.52126,3.91822,4.05005,5.31266
5.27234,4.18758,3.96276,4.02799,2.77601,4.65219,3.97974,2.99381,3.35404,3.50142
4.34798,4.37457,3.9766,5.33285,5.14973,3.40452,4.35299,3.63536,5.62885,4.49496
1.80371,4.8402,3.12522,3.23327,3.09014,4.5302,3.70713,4.38103,4.37214,3.92174
4.92582,2.54124,6.13771,3.07499,4.67038,2.54598,4.61088,2.07825,2.84853,5.56245
4.86648,4.7997,4.84671,3.54375,3.36899,2.7308,4.70582,3.73957,2.60419,4.62418
3.82765,3.48701,4.9595,3.32802,3.4563,4.30836,5.71795,3.39319,5.01389,3.98804
4.21524,3.70115,2.78595,2.39885,4.74841,4.32578,4.25725,2.65463,4.03912,4.40334
4.25194,4.01442,4.76065,2.27687,3.30862,3.66297,2.49732,1.83986,4.48311,3.81157
3.97161,5.13084,2.43667,2.08221,2.7837,3.57149,5.01926,2.20226,4.56855,5.38823
4.84529,2.77684,3.56926,3.28776,1.88472,4.98387,1.56507,5.58046,4.60608,4.43813
4.88401,5.2303,3.37741,3.6184,5.22401,3.87208,6.29614,4.01059,4.05763,4.30915
3.70255,3.18006,4.88373,3.18564,3.09998,3.0761,3.89956,3.01446,5.44454,3.81439
3.97701,4.87338,4.93619,3.54984,2.26106,4.07853,4.49977,5.2666,5.23161,4.03252
3.43176,4.60652,4.1596,2.70593,3.59388,5.67722,3.84532,2.92132,4.03947,5.06088
4.43535,4.35594,5.71031,3.0883,4.94951,4.32623,2.96826,3.92476,2.95666,3.33779
3.5618,3.3313,3.39051,5.32932,3.2269,6.5525,3.05412,4.32046,4.22991,3.49233
3.5956,4.18064,4.3399,3.43063,3.92768,6.02389,3.59666,3.27006,3.29793,2.90295
5.10362,3.54323,4.16362,2.48386,4.09155,2.19747,1.37929,4.95336,2.64719,4.81612
0.768802,3.47985,4.91031,3.46887,4.52257,4.35741,3.81187,3.6313,3.78108,3.75894
4.11295,2.72831,4.48378,3.11202,3.78107,4.34589,3.61146,3.50431,4.06393,3.44266
3.74527,4.32041,4.36157,1.96634,5.76583,4.17721,5.28508,4.32385,3.02279,5.49451
3.33295,3.68962,5.68489,3.70116,2.12731,4.24074,3.89055,3.80197,4.29722,2.17687
5.7197,3.15415,4.81153,5.16889,2.9477,2.75216,3.06468,3.42065,2.16367,2.80441
5.26902,2.54653,3.25703,3.88256,3.03112,3.09694,4.58399,4.29108,4.8617,5.68512
2.37815,3.74538,2.1279,3.4117,4.47266,3.47541,4.61293,3.60205,4.75191,4.93986
4.05161,3.611,3.39569,4.13115,5.58046,3.48453,4.14236,5.19671,4.30389,4.41534
3.13907,4.23842,2.63061,5.25466,3.72965,3.79645,5.08998,3.68707,5.50858,4.47207
4.92687,2.68318,3.17628,2.67991,2.82546,5.83836,3.7101,3.00074,4.63555,5.10894
3.88494,3.31964,4.89052,3.78023,2.99799,3.54775,2.67465,3.27217,3.38377,3.96657
4.41193,4.09649,3.81493,3.68473,4.41409,4.45989,4.9228,4.52971,4.39283,5.22029
4.34032,4.166,5.10031,4.36842,5.53721,6.00183,4.99678,2.57744,4.97429,5.08903
3.56261,4.86312,2.49476,3.38408,4.77165,4.04105,4.23267,3.56302,2.83552,6.18527
4.47618,2.10563,2.57931,3.90811,4.14549,3.24318,4.47501,4.80225,3.74111,5.40059
4.09901,3.75691,5.48386,3.37447,3.55065,3.34093,4.66516,3.39863,5.64578,3.80162
3.20192,4.01959,3.85777,3.81159,3.17392,4.38934,3.95473,4.60817,4.34744,5.74881
3.20484,4.57137,4.36959,3.69755,4.90485,4.23685,4.41107,2.58738,4.41706,3.40577
2.06852,4.5934,2.72249,3.79287,4.73252,3.01448,4.52593,2.95451,4.59069,3.90395
4.03293,3.31342,3.0249,2.86056,3.01893,5.40736,5.8819,4.30722,4.34191,4.53443
4.2876,3.86782,2.60185,2.76055,3.63574,5.32134,3.10457,3.18102,3.80592,6.11049
3.73971,4.18875,4.39479,3.4955,3.70727,5.07847,3.98774,3.32701,4.04284,3.95157
4.0055,2.45083,3.2723,4.32465,3.42119,4.66895,3.02443,3.8528,5.07411,4.72297
4.92872,4.89284,5.5043,3.23911,2.34204,4.35536,4.49323,4.15551,4.49737,3.17132
5.63821,3.63331,3.07597,5.68681,4.59242,4.73161,3.87875,4.13906,5.7855,3.95866
4.24797,4.58587,5.51122,2.87933,3.0266,4.43412,3.32113,4.62271,3.8131,3.47021
4.13548,5.42957,2.75286,4.76084,4.64437,4.38131,4.85997,4.24115,3.76005,3.1216
5.61212,3.54503,4.95948,3.64638,4.80236,4.73544,4.80513,5.11906,4.04947,3.87224
4.33719,4.93451,3.35995,3.76523,2.63413,2.91077,5.87481,3.77431,3.72928,4.14161
4.69031,3.95669,4.26522,3.24944,4.34978,5.78616,4.67512,4.15017,4.5194,6.03009
3.64544,3.29518,2.83667,3.3967,4.22597,1.75093,3.89357,3.84102,5.11612,4.86765
4.78329,2.76938,4.85312,3.29723,5.40878,2.49913,5.04316,5.37537,2.24953,2.87163
3.84672,4.91469,3.98285,4.51928,5.57131,3.05798,5.23541,3.5293,5.53827,4.68563
4.83809,3.68055,3.31271,5.8016,4.61928,3.88464,3.85476,1.6959,4.10384,4.82728
3.74334,2.67009,4.58257,3.52845,3.63027,3.07595,5.18509,2.6798,4.51864,4.22694
3.30961,3.19045,2.90213,2.88557,2.55092,3.68436,5.53749,2.67022,5.42823,3.06057
3.91464,3.15942,2.56731,5.55824,1.87175,5.5352,4.02934,3.85571,2.63422,4.93682
4.41975,5.59637,3.02931,3.16539,1.07935,4.52391,4.95141,3.23573,3.63022,2.32747
3.72895,5.23365,3.31177,2.47877,4.38683,5.16426,4.94924,4.07084,4.61397,4.43187
3.75319,2.7535,3.48712,3.2705,3.90225,2.71323,4.35868,3.90116,4.24459,4.65759
3.48553,5.30184,3.71782,3.9892,5.68726,4.08147,5.49277,5.49539,5.815,3.49201
3.5243,2.31944,3.77161,4.20751,4.52861,5.31025,1.37456,2.90603,3.07029,3.82591
2.85945,3.96313,5.18615,3.71996,5.20769,4.07821,4.13396,5.71654,5.50045,4.91512
5.02834,4.8631,4.33141,4.17024,4.25148,4.95037,4.43043,5.56852,4.81907,4.13778
4.96876,4.37679,2.19442,4.4403,5.08216,4.56153,2.82178,3.67183,3.77156,5.34517
4.68614,2.8051,3.14967,3.74127,5.33108,3.0766,4.60142,5.19144,5.26277,2.56256
3.20966,4.60897,4.89059,3.54466,4.86922,2.74298,3.66499,3.67599,3.31578,4.58204
3.22966,4.63762,4.02091,3.02084,2.90384,4.85817,3.6539,2.56744,2.35703,3.42093
4.09155,3.27294,2.83851,4.89001,3.07835,3.65581,4.36126,4.37401,5.63207,6.29194
5.85055,3.14343,5.31396,3.7213,4.78889,5.54914,4.53223,2.95635,2.63619,3.95416
3.52638,2.31671,4.42865,3.33265,4.72711,3.22107,4.81862,4.64398,5.38668,4.74104
2.40584,2.54987,4.1971,4.86412,5.10209,5.06739,3.90154,3.04711,3.69974,3.93576
3.27358,3.51583,4.17794,4.21844,4.30669,3.26476,3.81497,3.331,3.63223,5.11057
3.64642,4.29948,2.21622,3.91017,4.52091,1.98648,4.20724,4.47865,5.24972,3.5454
2.36609,4.04954,2.146,4.90775,4.30464,4.07108,4.87322,5.29047,4.99183,3.94505
4.5698,4.14416,3.53683,2.6334,4.47502,3.09909,3.07093,3.36661,2.85191,3.42318
3.14218,3.24834,5.21778,2.50645,4.2367,3.74503,4.71303,4.70557,2.88261,4.56462
2.58572,3.62085,3.67965,5.21879,3.56252,3.35301,3.42527,4.60539,5.74776,1.63894
2.03008,5.47287,4.99034,4.47442,4.8983,3.24448,4.09221,5.45931,6.18231,5.40148
4.4349,1.59896,3.94664,4.2576,3.89676,2.572,5.01925,3.43396,3.68639,4.76292
3.54368,3.99341,5.01095,3.63907,3.99474,4.2357,4.21662,2.9265,5.87349,4.66256
4.20484,3.46922,5.4753,4.36599,3.95829,4.2837,5.13549,4.07602,4.94397,4.49084
3.50263,3.05754,5.00165,5.35193,2.99614,3.76608,4.29711,4.08197,3.82431,6.40798
2.82714,3.56652,4.37207,4.21186,3.14502,3.36933,3.78325,2.163,2.97271,2.99897
6.09362,3.96185,4.23721,4.34717,4.24649,4.69892,3.86874,4.25548,4.51751,4.07839
2.87936,4.68839,3.53901,4.7311,4.57656,4.36843,4.03917,5.68265,4.86775,5.68014
4.09481,3.24245,3.75221,4.16735,3.48353,3.10228,3.89843,3.35388,3.3308,4.63546
4.57386,2.25344,5.65776,4.28125,4.71678,6.04398,4.84944,3.8126,4.81611,4.25727
4.78522,3.50606,2.09675,3.5585,5.69023,4.64113,3.79925,3.96431,3.1875,3.26652
1.65025,3.8436,3.6656,2.38766,4.38315,5.20548,3.67843,4.98225,3.34483,1.65362
3.41263,3.43764,3.02118,4.61695,5.44853,4.55008,5.07442,4.19461,4.2058,4.8691
4.14267,4.71602,4.11584,2.75907,4.37034,4.55955,2.90948,4.65119,3.0103,4.71747
4.39486,4.60363,4.84189,2.63734,4.22892,3.49767,2.47633,3.20272,5.4528,4.36147
2.11423,4.6413,5.35031,5.27094,3.74862,2.38763,3.95455,4.18751,3.46847,6.21007
4.49509,4.90434,5.10086,3.49296,3.36909,3.30385,3.81351,5.13494,4.87535,4.9039
4.63585,3.03992,3.83122,4.7508,4.05526,4.91146,3.95111,4.8356,5.39643,5.10019
2.62365,5.21584,6.66479,3.78451,2.36572,3.68462,3.77848,4.38332,5.65124,4.34993
4.43191,4.63444,3.88541,4.06214,4.56862,3.15393,1.97662,5.51948,4.07565,4.20879
4.37348,3.96774,4.11729,4.35435,3.43633,4.26351,5.17258,3.27241,4.5672,5.27008
5.33435,2.83209,4.01178,3.32086,2.66399,2.84058,6.22907,3.70138,4.68164,4.28398
3.77678,3.81962,4.54789,3.70103,5.26696,3.47796,3.02577,2.93445,4.37287,4.90355
3.84236,3.81871,2.29899,5.67765,3.44282,3.91485,5.49658,4.08999,4.64821,4.90652
3.68106,6.11496,4.0766,4.29085,4.21318,3.73815,4.61537,3.43191,3.54496,1.9683
3.25489,5.0875,5.38594,4.22231,2.66625,3.18536,4.33806,4.10019,2.66376,6.23567
4.7814,4.97744,3.96281,4.27261,4.47436,3.74058,5.21453,4.59782,5.51194,3.58255
3.60587,5.29142,2.99452,2.87167,6.00239,3.12201,6.15329,3.55301,4.01458,5.21708
4.4392,4.7956,3.73529,4.00226,4.8935,4.1341,4.01713,1.54893,2.89707,3.6635
3.86052,2.34745,4.84949,3.6861,4.10733,4.87579,1.88382,5.15029,4.08992,4.30609
3.95821,3.71792,3.65753,4.98574,3.37569,3.80337,3.22518,4.07358,2.18658,4.98566
1.71535,3.99784,4.35963,5.62582,3.77195,2.28021,3.89532,5.34779,4.69171,4.15559
3.97033,3.88562,3.37188,4.92338,4.35521,3.80684,4.73642,3.94427,3.68641,4.81202
4.24319,4.18875,4.53714,3.35668,3.87034,4.91239,2.98004,3.11375,5.19847,4.27402
4.03137,4.86831,3.18814,3.3591,4.41303,3.23524,5.05946,4.55243,3.6909,4.11094
4.12537,3.55707,3.07512,3.39157,4.52195,3.4541,4.41451,3.91245,5.98309,5.67651
5.2811,5.73867,2.63657,2.14095,3.8088,4.05317,6.13018,3.95117,3.50169,2.53818
5.45278,5.11831,5.17994,4.30698,3.99963,1.72817,4.99063,4.43124,2.01542,5.02364
5.54725,4.16129,1.92133,1.79323,4.24826,3.2283,2.47838,3.83401,1.75748,4.02412
2.41379,3.14705,4.24562,4.54178,4.27573,3.53106,4.24104,4.45048,3.60264,4.76998
4.91966,2.93812,4.4458,4.72559,4.53545,4.80862,3.05704,4.49098,4.13962,3.85338
5.12553,4.1012,4.97917,3.18791,4.23637,4.64842,3.9279,3.10356,2.15733,3.80044
3.61939,4.07829,3.38064,3.48525,4.14679,7.23494,4.16841,5.07034,3.21807,1.42523
2.7805,4.56741,4.43028,4.37218,4.40192,5.68797,4.95033,5.16654,4.33771,2.83585
5.9633,5.40466,5.16986,3.91511,3.08058,3.58627,3.26881,4.86812,5.92135,3.91167
5.4237,2.86415,4.23296,5.90156,4.79958,4.39844,4.99868,3.19017,4.45391,2.35944
3.89042,3.42431,4.06788,6.17165,4.244,3.53996,2.90016,5.45617,4.64889,2.76219
5.4068,4.70863,4.60589,4.78339,3.9986,3.6262,2.26944,3.69948,3.05473,4.54378
3.89553,5.13591,3.15232,5.0737,2.98935,4.85811,4.10352,2.16011,2.94001,5.52443
3.00697,2.95726,2.80802,3.17416,5.65117,4.90923,1.33189,2.45361,4.47435,3.70632
3.51954,5.59003,3.4,2.83491,4.63119,5.46328,4.20396,5.73789,2.63001,4.44369
4.35922,5.70112,5.41094,3.33493,5.36332,2.72683,2.59544,4.03135,3.56433,3.91986
2.93827,3.57069,4.87821,2.47996,3.02574,3.81208,3.71046,4.02288,1.32219,4.25139
3.38457,4.0943,4.26388,3.55046,4.13249,4.61514,4.08127,4.24622,4.81231,4.44012
4.96948,3.19002,5.61082,5.22675,2.4127,3.51809,2.51748,1.65034,4.17735,3.73122
4.7166,4.73921,3.64134,3.78425,4.38723,3.39731,3.5142,2.85252,4.04227,3.14885
3.34587,3.79294,3.96426,4.76994,3.93001,1.5846,3.63057,3.76551,4.23236,4.05959
5.69049,3.6048,4.01228,5.10442,3.538,5.9138,3.85609,3.03882,3.80231,4.0061
3.59174,2.18376,4.80879,4.63253,3.97434,4.32885,4.18793,4.81718,3.78039,4.70683
2.36017,3.78177,3.64458,3.08254,3.93063,4.7332,2.64607,3.85927,3.72401,4.00796
5.06926,4.57643,3.28895,4.60372,3.06159,3.43308,2.78611,4.07411,4.92455,4.85908
3.71098,4.21992,3.29633,5.05518,2.6099,4.70757,2.99478,3.42703,4.78276,5.50004
3.64385,2.58772,4.36668,3.80903,3.84876,5.30164,4.78252,2.53567,2.9074,3.87162
3.58944,2.48377,3.8688,3.71736,5.49779,2.11478,2.86959,3.18785,2.47586,5.79985
4.2652,2.92901,4.84076,5.24192,1.73531,3.51345,2.63967,3.52615,3.59833,3.80665
6.56705,5.91717,3.18409,4.81669,4.50222,4.70848,5.51077,5.13275,5.06584,2.4576
1.59786,3.29532,3.56785,5.62392,2.12047,3.6383,4.38086,5.04131,2.64346,5.12387
3.35011,4.11651,1.73964,3.29004,4.32119,3.52707,4.7895,4.32067,4.58524,3.17597
3.60505,4.46444,3.21124,3.30189,4.5882,2.77109,3.78399,3.71969,4.01149,4.44511
4.28444,4.2385,4.19368,4.65617,4.39585,5.14803,3.52666,3.31093,3.63863,4.55572
2.74733,3.59098,4.73324,4.5917,2.96558,2.85861,4.82922,4.3947,4.59127,4.15704
2.45668,2.90668,3.60559,3.99891,2.68342,3.3154,2.68811,2.92333,2.21398,3.10021
3.88222,2.43343,5.66884,3.63662,3.43396,3.64436,5.99456,2.99885,3.47508,3.93473
4.3594,3.31642,3.89618,2.36126,3.73934,3.1417,3.02118,4.69426,4.72753,3.46818
4.24116,4.26132,3.85748,4.53265,2.92908,3.60809,5.32294,4.45204,2.45802,3.61151
3.04336,3.9235,4.28567,2.5361,3.29343,3.59236,3.54819,6.11016,1.73312,5.21135
4.42557,3.63608,4.935,3.54638,3.26678,4.15181,3.29659,3.11948,3.95661,1.72783
4.10842,5.14089,5.84795,5.06764,1.52791,3.55622,3.6961,3.32645,2.96101,2.60904
3.29267,3.18706,3.35729,3.54341,3.12109,3.62398,3.84804,3.1627,4.23799,4.13223
2.73921,3.19525,3.3216,2.83704,0.539597,4.13197,4.21136,4.54881,5.18544,5.65635
5.16674,4.4533,3.62286,3.82135,4.57496,3.96846,4.74674,4.5406,4.12328,5.58417
2.38277,5.20186,2.24664,2.67412,2.91955,4.03246,3.89545,5.0495,5.88107,5.48497
3.45141,4.47448,6.8616,3.58241,4.64073,4.18562,4.25732,4.72307,4.10299,4.5936
3.36241,3.81482,4.0719,4.17181,3.70897,4.23355,4.2848,3.87574,4.0162,4.88101
3.43164,3.1266,3.73484,4.57144,2.30921,4.32993,4.41386,3.59045,3.09629,4.97468
5.4292,2.57957,3.8715,3.52029,2.99491,2.82569,4.01957,3.32502,3.46323,4.00418
4.8849,5.33332,4.64666,2.96265,4.89239,2.81989,2.05442,4.15016,4.00339,3.92774
2.49125,4.6743,4.30026,5.26381,3.35627,4.50251,3.32492,3.80287,5.47357,3.07641
4.89298,4.08952,3.78358,3.87981,3.29933,4.24358,3.31671,4.45443,4.97361,5.52121
3.87961,5.00433,6.88969,3.01396,3.85873,3.7675,3.32721,3.17413,5.42924,3.96124
5.16387,4.73058,3.43537,4.23008,4.21224,2.59267,2.83494,2.77024,4.29968,4.29704
2.55547,3.58286,4.38342,3.06665,3.95883,3.52725,2.17274,2.88218,4.24712,5.06417
2.59931,2.83161,3.57762,5.01806,3.65241,6.27219,5.509,3.84577,4.25478,3.39949
4.32048,2.47195,4.33363,1.41255,3.4997,3.85449,2.46258,5.67835,6.0394,2.17548
2.72123,4.81686,4.64712,4.05345,6.31414,5.2021,3.68826,4.37885,2.75775,5.06248
4.68559,3.91341,2.93335,3.99947,4.54155,4.18754,2.95652,6.88022,4.169,2.71904
1.95866,3.65121,3.89524,5.44469,3.43348,3.62833,4.41332,1.67101,4.27869,5.18389
4.14034,5.61399,4.93477,5.66377,4.57792,4.95863,3.14316,3.33773,2.13643,2.87418
4.23203,3.93728,4.13616,3.57544,4.62795,4.41917,3.61674,4.70057,1.83678,4.78395
4.16765,3.98115,4.66004,4.4177,2.73191,4.39243,2.3725,5.38959,2.49346,3.87437
4.62957,3.34472,4.73411,4.18215,4.14022,3.62345,3.55652,4.70207,2.94355,5.23752
2.7403,3.84537,2.26539,3.02225,2.84609,3.56119,4.82434,4.44007,4.62352,5.00942
4.76159,1.70683,3.56031,4.13221,5.57283,5.32016,4.91212,5.01542,4.20809,4.47503
3.69345,5.07293,5.47812,2.97101,3.32429,4.79254,4.51357,4.39187,4.17907,4.04694
4.26224,4.96217,3.49086,4.79654,4.39608,6.13899,3.83847,4.09115,4.98996,3.51663
5.03511,4.61226,3.8467,3.41423,3.18925,3.31146,4.77122,4.00392,3.53706,5.89458
3.4604,3.15116,5.02049,3.29394,3.32659,2.84285,3.65084,3.20222,4.26484,3.91087
3.58136,4.21976,4.75899,3.23388,4.99601,3.27194,2.99834,4.96365,3.66201,4.32206
3.95084,3.75152,2.92663,4.5076,4.32826,5.29884,4.06203,4.5616,4.4664,3.75809
4.75048,5.00946,3.95535,3.76829,4.83466,4.19621,4.78758,4.22846,3.99042,3.15706
3.64459,3.78684,4.6175,4.09235,2.70339,3.84071,2.65153,5.40793,3.50535,3.40787
2.61908,3.51084,3.34888,4.7935,3.51131,4.44153,3.48321,3.61501,5.76788,4.84498
3.3463,4.19739,4.10314,4.98673,3.917,3.39609,3.94214,2.98167,4.92496,3.75913
4.47644,3.19217,5.705,3.82245,4.18573,2.39754,3.45268,3.12167,3.21065,3.35509
5.04643,4.60441,4.3088,3.22372,1.31019,5.7353,3.75504,6.10375,3.17768,4.60298
4.29922,4.09554,4.95292,4.82494,3.13753,3.45081,3.04602,2.93316,2.82284,4.56621
3.83136,3.93471,4.35133,2.93771,2.93174,4.72136,4.80619,3.25703,3.2217,5.29655
3.3957,4.41457,4.72619,5.15501,4.1282,3.06253,3.60515,4.59843,3.36964,3.70538
5.65185,5.1402,4.55664,3.20942,4.30764,4.00467,3.2915,4.6247,4.59843,1.62633
2.85882,5.15441,4.57282,3.81325,2.74663,4.74582,3.2646,3.49253,5.02601,4.78246
5.02696,3.98093,1.58624,4.30542,3.44203,2.79973,4.42958,3.7416,5.14096,4.54373
2.5162,4.70785,2.84325,2.34156,2.42883,3.42298,3.09609,3.30866,3.1063,2.89124
3.88148,4.97996,3.14225,6.35322,4.59411,4.4554,3.11931,4.81538,3.61627,3.98986
4.14314,2.33127,3.838,4.35857,4.80421,2.40876,3.68305,4.48922,3.13979,3.95716
5.89154,4.22136,4.35408,3.95783,3.55923,6.27127,3.61538,2.57417,3.31809,4.64077
4.23182,4.56826,1.89052,4.74567,2.93926,5.16471,2.08999,5.35766,4.55409,4.22524
4.06544,5.33682,4.38137,2.93817,4.23025,3.23614,4.91388,3.56186,4.04325,4.38927
2.84179,5.51644,3.28575,3.54626,2.74488,4.18526,5.37843,2.70047,2.75443,4.14604
4.76363,3.5952,1.94815,4.35848,4.47554,3.60021,3.98417,2.5168,4.35939,3.30503
4.46003,2.57985,4.84265,3.63596,4.29616,4.03406,4.58362,3.14666,3.28873,2.42427
3.34636,4.0041,5.48541,3.66127,3.51727,3.67441,3.43151,4.4519,3.13453,4.70426
6.20666,3.42311,3.18903,3.39453,5.4113,2.29505,4.91621,3.44284,2.96953,5.24314
3.18401,4.89979,5.26013,4.15272,3.8891,5.30785,7.15533,5.00775,4.80509,2.78423
3.86134,3.75676,5.41507,3.06329,3.33643,3.6353,3.80749,4.15647,4.27892,4.64058
3.80636,2.69737,4.56673,2.89421,2.97137,4.28641,4.0713,5.06454,3.39864,3.59755
4.51601,4.78833,2.91933,3.89575,4.43481,2.7751,4.32473,3.8427,2.4807,2.89562
2.98754,5.39776,4.65073,2.08818,4.16137,3.01455,3.93154,3.88361,3.43244,5.3462
5.23609,2.6848,3.9607,3.85032,2.55467,3.11914,4.17798,4.9473,4.47847,2.80984
2.94857,3.94855,4.21599,3.82873,3.5715,4.66535,4.42041,2.8597,1.9487,4.9896
1.53161,5.88533,2.92848,2.75887,3.82676,4.57413,4.96138,4.99862,4.40589,5.0926
3.21961,3.76283,4.27086,3.08511,4.22298,4.50154,4.307,2.84987,3.8535,4.5067
2.63276,3.66662,4.10119,2.56686,2.55456,4.55521,3.28352,4.18955,3.42134,2.91909
5.49736,5.6686,3.86035,5.31859,3.57313,4.1663,4.6262,3.87274,4.08123,5.01027
4.81473,3.43318,3.67161,5.17201,4.4355,2.70399,2.78873,3.49956,3.46704,5.62794
4.04234,3.28344,3.69735,4.63727,4.02576,4.9944,4.38041,3.91212,3.95497,3.59851
5.04426,3.20492,4.67269,3.46609,3.8766,3.85011,3.77088,5.51886,4.51242,2.23509
1.81536,5.02164,4.16433,4.64247,5.44493,4.84419,4.53889,3.28838,5.89083,2.52375
4.97236,4.21972,4.16763,3.81556,5.42176,3.5971,3.44351,4.04818,4.61839,3.93021
3.88909,3.53759,4.44125,5.50664,3.46292,4.05254,3.13865,4.00184,5.27075,5.54386
3.2057,4.60839,4.24111,3.75831,3.62299,2.72652,3.59447,4.6446,4.75927,2.30462
5.28417,4.75589,4.67701,4.95027,5.1123,3.06606,3.66494,2.76477,1.86342,3.68305
5.45107,5.76987,4.25902,3.75883,3.15908,3.39783,4.07152,3.96233,5.0281,3.28157
2.03794,4.07645,2.48478,4.93666,4.61564,1.99791,4.92481,4.41187,4.13785,3.27997
2.5326,4.7318,4.3114,4.90978,3.41757,3.57815,4.30361,3.05384,2.86293,3.60799
3.81282,3.90378,4.91831,5.46829,4.38924,3.74863,3.46546,3.3572,3.73661,3.9433
4.43784,4.57274,5.65159,4.84166,3.98795,4.57815,3.83091,3.154,4.33573,4.35542
2.20058,4.83017,4.0532,3.92371,3.0226,4.64787,3.4287,4.52737,4.09181,4.66403
2.78366,4.84966,2.21365,2.64507,5.10282,2.43768,4.87033,5.26608,5.17508,4.6879
3.72747,3.80192,3.54872,4.63752,2.6312,3.95236,2.70713,5.15319,1.08889,3.22103
4.10455,3.22253,4.8508,4.25353,3.31381,4.43357,3.76283,4.03346,4.24781,3.61746
4.72896,3.84368,2.47553,3.40044,3.41913,2.45496,4.53411,5.13416,2.65748,1.82272
2.45787,4.41184,5.0077,2.41546,3.79014,2.66275,5.12563,0.991633,3.79328,4.86907
3.63675,4.4834,4.40059,4.05932,5.36309,4.41604,3.87939,4.88672,2.63699,6.78377
3.32797,2.44765,4.34194,2.51996,4.9407,3.89011,4.64252,5.54763,5.70098,4.12025
5.24921,3.45109,3.37396,3.72827,3.67993,3.96976,4.68625,2.53376,5.20248,3.38479
2.1515,3.25167,3.92034,3.85916,6.49078,5.26636,3.95372,3.16826,4.01536,3.75037
3.98636,3.56564,4.24188,3.95245,5.20068,3.31836,4.86628,1.83257,2.52806,4.56858
5.52359,3.5783,5.31091,3.70352,2.8251,3.86783,4.14377,5.22907,4.5327,4.94009
5.6207,3.40838,4.73321,4.30649,3.77339,4.68367,4.24178,3.02595,3.55258,4.52446
3.35901,3.94403,4.31667,5.49136,2.64964,5.22362,3.422,3.23633,3.19569,4.94404
2.55488,3.73911,2.31448,5.4563,5.09824,4.45816,4.9012,3.70116,5.01518,4.21547
4.52554,4.9039,5.25562,4.9595,3.80427,6.11457,4.10922,4.83991,4.22882,2.9745
3.02642,3.17215,5.904,3.24442,2.76869,3.48753,4.07554,7.02526,5.04014,3.56632
3.9578,4.94082,4.42149,3.48806,3.74129,5.18241,2.74798,4.5426,4.09508,5.41523
3.34944,5.19615,3.18103,5.01748,3.00784,4.15642,4.32055,3.10142,4.71327,4.24008
5.47146,3.66719,4.42313,3.3461,4.20682,5.95027,4.81353,3.56779,4.88222,3.49902
4.31474,3.44942,4.38916,5.02535,4.41164,4.38169,3.8674,3.66888,5.33187,3.90104
4.5039,4.51835,1.93023,3.79323,3.98988,3.8397,3.66853,4.79214,4.82154,4.74682
2.42942,4.43119,5.46268,3.17138,4.59471,4.17115,5.15809,3.91824,4.44715,3.72096
5.41953,4.0575,5.22501,3.90242,2.71884,2.92675,5.66714,4.62706,3.60702,4.3597
2.32872,5.22947,3.75072,4.6852,3.92564,4.25884,2.35357,4.98234,3.49811,4.2077
3.02993,3.89197,3.5154,2.94671,2.37302,5.29901,5.92469,2.90387,4.31842,4.22028
5.05497,5.69801,3.20957,2.47939,2.15168,2.62674,3.85522,3.81652,3.30578,3.25957
2.97894,3.15057,2.81844,3.11186,3.11451,4.20891,3.14328,4.03453,4.36278,2.14663
5.50403,4.24413,3.05154,3.54526,4.47887,4.38694,3.05077,4.05604,4.59669,3.09814
4.8541,2.5136,3.19853,3.06458,5.84932,3.45071,3.50608,3.49815,4.80533,5.31762
3.651,5.30878,3.59563,3.54702,5.57797,3.08635,3.44512,4.50321,3.78368,3.58246
3.68536,3.30082,3.62655,5.97292,4.21968,3.86822,3.10142,3.75252,3.63634,4.2019
4.07465,2.38037,4.34786,3.00777,3.93145,4.64164,4.74904,2.36187,2.66298,5.08343
4.72261,2.27397,4.06238,4.95913,3.41204,3.53746,3.96959,5.46016,4.15889,3.83971
5.62624,4.95719,3.94659,2.77799,3.80568,4.65995,5.31587,5.16119,4.21591,4.68547
3.12923,2.49455,5.28072,4.31872,3.68971,2.83323,4.74354,4.35187,3.22084,3.94035
5.03135,3.82644,3.54362,5.24684,5.6202,3.33114,5.44093,4.12003,3.51839,2.35041
2.60299,3.93587,4.39832,2.25181,3.80594,4.38099,3.62609,5.38647,4.32589,3.49884
2.87912,4.31796,3.93518,3.96311,2.78147,4.9082,3.38558,3.82095,2.24438,4.25367
2.5257,2.42917,4.44466,4.54021,3.40362,5.46438,2.70447,4.97693,3.87792,3.55735
4.52342,4.32007,3.05014,4.34168,4.20181,5.18733,2.75763,4.48772,5.15166,3.94746
3.07115,2.53475,4.64373,4.39871,4.81593,3.06268,2.35562,6.63793,4.53984,4.12852
1.78291,3.69201,1.85501,2.77853,4.16499,3.60228,4.54001,4.71728,4.42141,5.50098
3.27637,3.86931,5.26341,3.29411,5.02242,3.73892,4.53991,3.92069,5.1005,3.88695
3.64323,4.88529,6.1095,4.76154,3.89473,5.29604,3.19099,4.83278,3.12744,3.67444
2.76701,4.58517,3.95378,4.08283,4.57845,4.1334,4.84969,2.55176,3.97854,3.83351
1.87416,2.64211,4.82769,3.19244,3.35948,4.40621,3.74218,4.873,4.30361,3.73916
3.33065,3.70713,3.292,1.9851,5.27083,4.1645,3.69551,6.15864,4.22894,3.04352
5.31729,2.87177,4.04527,4.60462,3.37355,4.59985,5.55272,2.43467,4.39241,4.78793
4.17274,4.81486,4.30749,3.78882,3.5187,4.64796,2.52159,2.5488,3.1494,3.9934
2.64393,2.45559,2.91272,3.08317,4.50304,3.56724,4.28585,3.70914,2.24773,5.21394
4.95587,2.30886,2.84898,4.97104,3.5612,2.58316,2.30507,3.14159,4.15146,3.36824
4.10302,4.85066,1.71464,3.89898,4.09393,4.57879,4.01092,3.89116,2.05609,4.1405
4.17875,3.19564,4.47171,1.85528,3.9694,4.0494,3.40138,5.06582,6.48272,3.2872
2.5164,2.66359,2.45711,6.42836,4.64635,5.11266,4.00912,4.52212,4.50726,4.39815
1.94506,2.87514,2.97861,3.61315,4.35618,3.28013,2.12823,6.03377,4.90905,3.82686
4.28331,2.80519,3.42981,2.33763,5.10238,3.43694,2.81734,6.00979,3.16785,5.08682
3.1359,5.87018,4.21733,4.71328,3.62926,5.38502,4.50339,3.48373,2.84731,3.0023
2.6967,4.14548,4.30222,3.77091,2.4625,2.9158,4.85299,4.22184,5.03861,3.8444
3.1219,3.63347,5.40855,1.82435,5.38641,4.93464,3.83438,4.8891,3.27267,4.33034
4.24377,7.00494,4.13632,3.90154,4.09335,4.6235,4.5044,4.21734,5.1584,3.35783
3.70033,3.66136,5.0173,3.03802,4.41935,4.00437,5.33864,3.55747,3.54768,3.95074
4.84349,4.98442,3.79529,3.46256,3.69951,5.04896,2.80511,5.50133,3.57235,3.35191
2.77614,3.33348,3.75653,2.49646,3.88263,2.63414,5.84575,3.98814,5.7877,3.38547
2.27529,1.68637,4.14826,4.32985,1.49092,3.81264,3.94576,2.96825,4.91511,4.57544
5.39552,4.65663,2.93148,5.17532,4.6912,6.20963,4.54359,3.87413,4.31018,3.5169
4.14958,2.79294,3.70538,2.93636,4.83962,5.55375,4.90328,2.1222,4.04182,4.22706
5.26687,4.96415,4.17413,3.28381,3.63108,3.96596,4.33245,4.06128,1.85075,4.04387
4.74629,3.30039,4.81293,5.28282,3.04808,4.01097,3.8369,3.59636,3.44235,4.3098
4.35223,5.06042,4.1927,1.82029,2.98589,5.12841,3.7191,4.46517,4.29188,4.24136
4.55204,4.63458,1.72677,2.51463,4.59238,5.11217,4.07484,4.81406,3.61746,4.9654
4.19936,5.45667,3.6084,5.14238,4.08604,4.73695,4.18465,3.12043,3.24079,4.25697
5.5311,5.11672,5.23058,3.46976,4.79972,3.86153,3.75414,2.4783,3.26069,3.65703
3.61291,3.75172,4.3556,3.13597,5.43695,4.19346,4.71673,4.82108,3.12144,2.00552
3.98698,3.47358,5.43339,3.0835,3.6243,3.85834,5.63387,3.64598,2.65187,3.86139
4.39128,4.4508,4.62169,3.52327,3.08177,2.86282,4.87185,5.37353,3.19697,3.89133
2.77624,5.04261,4.7844,3.5624,4.18096,3.60618,4.10068,3.99906,3.40313,3.57892
4.07051,5.04731,3.47733,3.75148,3.95422,3.70428,5.62939,5.15556,5.62357,4.58983
4.67334,2.86466,3.42369,3.62701,3.13349,4.18959,4.18691,3.78758,5.79625,5.38673
4.68146,4.10622,3.32921,3.96297,3.95505,3.96387,3.54975,2.80585,2.93307,5.04644
3.99666,6.21367,5.82804,3.86008,3.1905,4.28431,3.8348,4.38169,4.81224,3.28759
3.31928,1.28144,5.65792,3.24124,3.64822,3.13425,2.59091,5.02796,2.33567,4.87587
4.82097,3.66212,4.95863,4.51226,3.35748,5.22984,3.60798,2.98211,5.22768,3.36576
5.00018,5.40772,3.76923,4.39844,3.208,4.59151,2.93747,2.57819,4.5765,2.72654
3.76188,2.32797,4.22046,5.04436,5.51523,2.95637,3.69946,3.69385,3.21146,4.24732
4.3545,3.49471,3.74745,2.68827,4.25527,3.25982,3.2903,4.11147,5.25301,5.81913
3.77629,3.83077,4.68258,3.75569,4.45897,5.29273,3.7055,4.95768,3.09185,2.73102
2.53654,3.85997,3.95627,5.6715,4.14274,4.44392,3.00403,4.60997,3.68876,4.7879
3.26319,4.20227,1.31204,4.64726,4.64531,2.23618,4.12137,2.23804,2.59599,4.70113
2.80348,2.58075,3.31299,5.61693,4.65968,4.10657,5.0098,4.70345,3.25971,3.72032
4.36799,3.88917,3.98204,4.60686,4.1064,5.40984,5.99318,4.78136,4.80417,4.06199
4.89397,5.67779,3.88272,4.65909,3.68094,4.29115,0.0082649,4.04733,6.03781,3.25075
2.7514,5.12791,2.81427,4.43582,4.98463,3.6734,2.0153,5.18833,4.12551,3.32749
6.06419,4.08172,3.00793,6.06331,3.90222,4.53014,5.23271,3.15315,3.2178,5.73743
4.25311,2.51402,4.05629,3.56859,5.36384,2.06625,3.18486,4.818,4.9773,4.16711
2.44956,4.64345,3.67766,4.21409,6.75726,5.01805,4.23566,4.21618,1.93469,4.37793
3.81712,1.86979,5.13076,4.48136,4.06,2.46246,3.15536,5.08335,4.75128,4.30755
3.51053,2.82624,3.82162,2.68692,4.15182,3.49618,4.73143,3.70483,3.35939,4.43953
4.00344,3.6094,4.62012,4.36549,2.22106,3.54183,3.18503,4.46074,4.24597,2.83071
3.89841,3.72293,5.66951,5.08187,2.55081,4.92529,5.31767,2.77288,6.41668,2.74443
2.94858,3.99676,3.82724,2.56,3.06598,4.07307,3.05615,3.54324,5.0805,3.06316
5.81702,4.89287,4.12004,4.23323,3.68292,3.14337,4.99126,2.92499,4.1059,1.97473
4.70305,3.53778,5.56969,4.23032,3.78879,2.05135,4.38243,4.16528,3.19869,3.84127
3.62918,5.00162,5.38951,4.7879,-0.0727242,3.56338,4.24451,3.81649,5.15504,5.13173
3.75273,3.56054,2.99574,2.59019,4.10637,4.18065,5.88355,4.02205,4.69726,1.64448
3.5208,4.89623,4.52363,5.14823,6.68769,3.12384,6.11498,3.50605,5.70941,2.62955
4.20558,2.71447,3.07223,5.21732,3.39216,4.40542,4.45211,4.92618,5.35009,2.95625
4.90605,3.92927,2.51128,3.69513,5.37476,4.96997,3.10766,6.21573,4.10592,3.76885
4.97999,3.97228,4.48596,2.78313,4.26815,5.29602,4.57672,4.6595,2.30841,5.34038
4.57912,4.28163,4.55852,3.09329,4.40649,2.83401,2.75881,2.38592,5.45197,4.55147
4.68099,3.59953,4.89624,4.30212,3.68595,4.13895,4.10257,3.34474,3.50403,2.02845
3.77811,2.78415,2.69458,4.41114,3.45935,4.90482,3.94643,3.02363,4.66155,4.33398
3.86507,3.82,3.13809,3.14816,5.14064,4.2128,2.68589,3.39985,3.27327,3.49995
4.08231,5.01756,3.56955,4.4424,2.79636,3.82596,3.38117,5.17731,3.98025,5.62839
5.30171,4.63389,3.91512,3.57245,4.18843,2.20775,3.26225,5.34459,2.86315,4.02851
3.99152,2.92656,3.30706,3.35236,4.95443,3.69558,4.10222,4.57562,3.72826,3.23733
4.71736,4.78443,3.84408,4.78489,3.4056,4.38077,5.03676,4.50947,4.49557,3.69635
3.36653,3.51264,5.82606,3.47384,5.56013,4.94185,5.79885,5.29654,4.54125,3.86195
3.30458,4.72875,3.50444,3.93014,3.94668,5.3176,5.24718,4.18588,4.18998,4.71792
4.17703,4.41002,3.28761,4.43913,4.50526,5.77848,3.56352,4.09879,4.6142,4.97746
4.37069,5.23288,5.72793,3.46306,3.17222,5.48866,3.07181,4.14861,2.95273,3.91925
4.0381,3.10886,5.17304,3.80907,4.89765,3.72119,4.47713,2.04398,3.19348,3.54757
5.22783,3.35462,4.0631,6.26873,4.01822,3.65265,3.45287,5.26518,3.69172,2.85221
3.85162,3.33059,4.40979,4.59354,3.41754,2.79942,4.6424,2.74261,4.63749,3.74948
2.73838,3.49914,4.80898,3.81765,4.39938,4.64812,5.24539,3.99547,3.30225,3.17065
3.2329,2.35373,3.62971,4.02139,5.14438,6.11787,4.38767,3.82743,4.6174,4.18029
4.16251,5.4588,2.68446,2.39199,3.52401,3.12577,2.85398,4.12596,3.31407,4.43159
5.73598,5.15296,4.56677,5.67477,3.73421,5.29026,4.2492,3.63055,3.73102,5.00253
3.82379,3.88905,4.04365,4.46533,3.81956,3.46921,5.2071,3.97293,3.55905,3.67927
4.20613,2.58787,4.16648,5.91064,3.34383,3.65725,3.615,4.47229,4.98659,3.64557
5.06987,4.22537,3.97701,2.62321,3.35411,3.06646,4.52383,6.12035,5.04958,2.41613
4.85168,4.63442,2.88072,2.41227,4.681,3.41551,4.29986,3.63037,5.18436,4.0427
4.06866,2.56416,3.44124,3.55836,3.04672,5.72703,3.66524,4.91602,3.76282,3.60333
3.17087,3.99867,3.25879,3.96831,4.7031,4.13758,4.22592,3.44054,3.21553,4.39983
5.72929,3.52875,4.00709,2.57951,2.63288,2.27071,4.09045,3.87932,2.91017,4.38923
3.46263,4.37377,5.10093,2.22154,5.0734,4.18102,3.90943,1.84477,3.1331,4.73285
4.27893,3.96837,6.18775,3.90948,4.67944,4.29409,4.05716,4.5434,3.98285,5.66136
3.61278,4.51936,3.90997,5.03722,3.82895,4.02432,2.71923,3.86157,3.03611,5.0577
3.38157,3.21303,3.77887,3.82791,2.96767,5.53009,3.00076,5.20535,3.9975,4.85521
4.46641,3.26998,4.22961,4.76169,3.59202,2.73401,4.10331,4.10498,4.4439,4.02965
5.2897,5.41158,4.14484,4.4897,3.06909,3.57971,3.02517,5.16517,6.07442,5.11826
3.40921,3.77397,4.97475,3.77962,4.01035,4.55417,4.62798,4.79546,4.71287,4.52278
5.77073,3.17052,2.98165,5.07558,4.81765,1.63075,3.5774,4.33925,2.64937,3.95487
3.1817,5.50888,5.32184,3.85511,4.31232,4.18698,4.06508,5.2508,5.26451,3.87153
3.90354,2.28606,4.5713,4.13443,2.80928,4.0435,4.52798,3.09522,3.22894,4.05142
3.39455,3.22941,3.98374,2.73475,3.81475,2.20316,5.79822,2.82415,3.88431,5.20422
4.79832,2.83268,3.70281,3.27091,3.16782,4.80605,4.17166,4.12438,5.75897,3.14357
4.25622,2.39026,3.88114,4.13323,4.76596,5.65701,3.11066,4.18902,2.92783,4.11128
4.98953,6.31967,3.46277,3.98963,4.53601,4.43989,1.49577,3.78595,3.53763,3.97306
5.74071,3.27855,4.35725,3.13969,3.23061,5.51523,2.28848,5.26459,5.25461,4.59979
2.58161,2.7076,5.59579,4.65729,3.2963,4.73494,4.35856,3.20912,3.82139,5.66589
4.87251,3.97208,3.32594,3.0065,3.67879,3.20398,4.56216,2.38626,3.83578,5.19488
3.7001,4.16431,2.71768,3.76713,5.6908,4.61731,5.47525,3.92943,3.7052,3.06076
4.86153,3.38739,4.90281,4.65481,4.40457,4.19453,4.26776,4.85101,4.86998,3.45348
3.5211,4.74135,2.06406,5.22567,5.52568,4.14714,3.49024,5.28221,3.08882,4.92559
4.88969,4.27361,3.62255,4.87619,4.21983,2.95393,3.52962,2.73696,3.53239,5.28461
5.23516,4.30141,7.09184,3.75111,4.10275,3.52418,4.1229,3.75222,2.13793,2.86056
4.13199,4.59469,3.4902,4.82347,5.04408,4.66964,5.59738,3.51089,4.91054,3.12347
3.30698,4.80672,4.27986,2.57551,2.80712,4.61452,3.37296,5.04108,2.72246,4.96461
3.99035,4.53763,5.20312,4.33337,2.78947,4.75983,4.22687,3.62842,2.0934,5.69204
3.95725,3.89361,4.79352,3.90499,2.7386,5.6524,1.54944,6.36654,3.54502,3.13175
4.8939,5.13102,4.1949,3.19153,5.46087,5.0391,4.37897,3.6431,3.7053,3.8702
3.49805,2.95604,3.04708,3.92355,3.88748,1.91477,3.40489,4.48336,4.67052,3.28634
3.0853,5.904,3.79858,4.62161,2.72749,3.416,5.33724,3.79967,4.69237,3.90439
5.58294,5.21074,3.45626,4.34086,3.07381,4.4322,3.32401,3.83011,2.69169,4.24265
5.60313,3.59153,2.34324,5.93379,2.04229,2.67114,5.48977,2.7636,4.28696,4.91297
4.20553,1.94059,4.87726,4.32051,5.20112,3.58181,5.27827,3.8293,4.9368,4.31628
3.87403,5.14161,5.65733,4.74948,3.60968,4.64578,3.13817,4.64291,3.34157,3.47012
2.82104,2.6814,3.1558,3.1377,3.52834,2.52536,4.8522,4.03394,2.40587,4.6581
4.35566,3.51625,5.35587,3.51007,5.40278,2.87704,3.78472,4.21862,4.09902,4.75633
4.80134,4.44242,3.86558,3.97358,2.14888,5.76047,3.92359,4.22002,4.67286,4.31521
4.77042,4.86233,4.77528,4.43196,2.97158,3.91356,3.62909,3.61188,3.12442,4.03231
3.4705,5.49945,4.49598,5.13867,1.89388,3.47703,4.14628,3.79899,3.14079,2.99887
3.12735,5.75641,4.4792,4.70577,4.28926,3.70295,5.76827,3.83175,2.66097,4.80937
4.54219,2.59799,3.8515,3.32947,5.13622,4.33487,4.31688,4.16195,3.24981,4.17142
2.51057,2.69217,3.60799,6.64778,3.72675,3.0696,5.21991,3.59451,4.90129,3.69672
4.13462,4.69704,3.91604,3.99257,3.17776,3.21166,5.04257,4.45551,5.16067,4.28556
4.07172,4.51396,4.18441,2.9798,4.88908,5.66715,3.5151,4.73964,4.66349,2.94974
5.65862,2.34039,5.50882,3.67054,4.5582,3.27762,2.25711,3.77747,5.95369,4.2172
5.07101,5.02677,4.32841,3.38285,4.05542,3.57781,4.21297,2.2033,5.55248,5.90372
4.3766,4.42394,3.86962,5.8924,3.14041,5.50118,3.41021,2.83967,5.54626,4.13659
5.99538,3.3684,3.98484,2.55477,3.44269,5.72684,3.53805,2.77852,2.76839,6.08752
3.68235,2.29175,5.62475,2.43882,3.40591,4.25927,2.60822,3.43564,3.41611,4.41691
4.91118,4.40973,2.45724,4.71154,2.13483,2.66105,5.17661,4.37017,5.75424,3.44513
3.48181,5.62586,3.72745,5.16587,3.55972,1.81841,4.34216,4.09892,4.74298,1.96302
4.57785,3.7412,4.1303,2.97024,3.3876,4.36915,4.84708,5.43008,3.13466,3.42976
4.66009,3.85386,4.09319,4.38163,3.84088,2.62246,4.5619,4.60133,3.82921,4.42236
5.10403,3.82384,4.01048,2.92299,6.4632,2.72535,5.53764,2.84929,4.5134,2.32154
4.99535,3.30707,2.69289,2.78401,3.32122,4.98363,2.87455,3.7031,4.04851,3.74996
4.22095,4.05305,4.98757,5.06686,3.45215,6.07863,4.5621,4.47077,3.67306,5.20709
4.07336,5.71238,3.36201,2.97092,4.46364,3.71243,3.72897,4.26203,4.14642,2.67867
2.74397,4.11339,4.76372,3.68744,3.57098,2.80665,3.90163,3.9316,5.36023,5.44021
3.71283,4.05716,4.42469,3.19724,3.55807,4.26887,5.00562,4.50251,4.65173,3.70699
3.37502,2.89286,3.18508,3.62249,4.44163,2.34474,5.94197,3.22141,5.24126,2.47382
4.86547,4.49102,5.6519,3.6615,3.23082,3.76048,2.94787,4.24025,5.25211,4.8687
3.74771,5.07868,2.937,5.41515,3.57289,3.33575,2.9231,4.95797,4.06303,4.54954
4.81085,4.70121,5.51954,3.81949,5.01413,2.634,4.27986,2.42556,3.05323,3.96267
4.49516,3.00028,4.42643,4.8503,2.73672,3.89857,4.20114,3.38334,4.27583,4.0724
3.5529,3.66634,3.09249,3.58807,4.46666,3.72036,4.64156,3.32314,3.65976,3.8022
3.81179,4.90731,3.25198,4.0066,5.96333,5.54635,5.52066,5.46142,3.68609,4.41393
2.6176,2.62043,4.82425,3.66568,4.68858,4.66276,2.89377,5.2114,3.93737,4.32945
4.95769,4.60985,2.60497,2.06243,6.43464,3.92763,5.19838,4.04248,4.79286,3.59206
4.16497,2.53772,3.00151,3.71495,0.935375,4.28526,3.96874,4.85302,5.26556,4.28717
1.8875,4.51643,4.71359,4.13835,3.45671,4.88698,3.66417,4.59661,5.07352,4.3421
2.39767,4.64309,3.65292,3.77969,4.66383,6.49444,3.79635,4.45763,4.69837,4.46256
6.90024,5.64036,3.87767,5.44261,2.99309,5.0939,4.55402,3.37867,4.46959,4.19249
4.24081,5.13229,3.71097,4.71878,5.76823,4.19814,3.84601,4.37275,3.20108,6.61807
3.14614,3.66544,4.18244,3.70267,5.19552,5.51574,1.52747,5.03546,4.32742,3.9706
5.48933,4.85457,1.97528,3.83754,3.24541,4.68752,4.00856,4.57148,4.36157,4.65398
3.28758,2.78213,2.78735,3.49936,5.16994,4.80582,4.03089,4.44057,4.11765,4.2958
4.99885,4.72069,4.89249,4.14211,2.48162,3.55468,4.90207,2.6372,3.74457,4.16908
5.78024,4.64204,3.21639,6.23791,2.77179,2.86577,2.0616,4.99057,4.79251,3.79257
4.26383,5.82578,4.73702,4.64462,4.8084,3.77497,3.77482,4.43101,5.57321,2.85004
4.72663,3.66193,4.52473,3.64594,5.70894,4.06621,3.9632,5.66341,3.76936,3.96257
5.09318,4.66233,3.07219,2.83233,5.502,3.5325,5.32254,4.01243,4.15108,4.00777
3.69903,3.87714,5.95961,5.5577,3.02264,4.03254,4.08247,4.48582,2.90494,5.25559
2.71127,4.05044,3.30319,4.33392,5.44037,4.41553,2.88885,4.21477,3.99579,3.76907
4.82424,5.12304,3.13097,4.1416,5.10223,4.40494,5.92166,4.10013,4.22576,4.26239
4.71728,3.36907,4.82142,5.68128,6.59856,3.10176,2.87983,4.53357,4.81391,2.43694
4.65497,4.2,5.7791,4.7096,4.85742,4.7923,4.58349,3.86184,3.81152,5.14137
3.47538,3.54009,4.17516,2.60391,5.06633,6.10472,4.53115,4.03617,5.84272,2.73863
5.5923,5.36348,3.85037,2.119,3.35246,3.21942,2.90099,4.91013,4.51607,3.84845
4.4763,2.98357,5.58028,3.907,4.67883,3.06208,3.82892,4.93405,3.00006,3.54905
4.651,2.20612,3.24134,3.73686,4.34434,3.56185,3.45651,3.97143,2.85763,4.59474
5.7481,5.38665,3.44298,2.77544,2.65179,6.22024,4.17683,4.78908,4.86686,4.42362
5.29204,5.40064,4.4248,4.18312,5.30674,2.35738,2.9735,2.90717,4.02857,3.83781
2.24403,4.15715,4.58945,3.81859,2.99112,4.02392,5.58849,3.90975,5.2403,4.23598
4.43891,5.86444,2.9739,4.12321,4.67471,4.17856,4.31934,6.43647,3.39895,4.08917
3.34031,3.48102,4.86868,4.34352,3.74417,2.84472,3.80811,4.16727,4.24134,4.13242
4.75717,3.87168,3.9273,3.48201,4.24553,1.82681,4.09046,5.18876,6.66061,3.70438
3.75169,3.66318,4.08858,3.22953,2.9984,4.07369,3.84016,2.61839,3.78585,3.02161
2.3535,2.4469,4.547,5.61637,2.82997,3.23705,5.31786,2.1335,4.59162,3.96255
5.48256,3.41875,4.56615,2.88589,5.2936,3.62378,4.99345,1.65429,3.76596,3.56356
3.64746,3.1144,4.31101,3.234,5.26276,4.8345,3.08219,4.15097,4.68401,5.1302
4.92587,3.19366,4.43575,3.94633,3.67939,3.71825,3.47704,4.03355,3.5491,4.43474
6.76525,3.93817,4.4423,4.27779,4.47956,3.06161,4.17556,2.57559,3.66975,3.32229
5.08986,2.97317,4.03874,2.96205,3.64548,4.48424,4.60169,5.14477,2.45825,4.28994
3.53112,3.08896,4.11687,4.70178,5.84512,3.87983,4.28765,3.73355,4.37484,3.76553
5.04563,4.40986,4.76199,5.80023,4.08916,4.39839,4.14854,3.29145,4.0125,4.30692
4.69143,2.98216,5.99917,4.14087,3.59385,3.31123,3.42508,3.64763,3.71403,4.73415
3.03204,3.9784,4.9913,3.86702,2.80056,4.97499,5.0468,3.93515,2.25933,3.24068
6.37362,5.69753,5.43553,4.26043,4.47359,2.90794,4.77164,3.48627,6.55204,4.97326
4.56393,3.6953,5.00989,4.80084,3.1107,3.40211,2.76328,4.6034,4.97087,2.90689
4.51681,4.40651,5.10675,4.69411,4.38449,3.01939,3.42332,3.34922,3.93799,4.59398
4.74502,3.96648,6.43606,4.58046,5.44808,5.0346,3.70802,4.26819,4.32515,2.64018
3.16151,3.97341,2.99841,4.33694,4.5473,4.99969,3.28041,4.17951,3.37873,3.18935
5.15823,2.028,2.7435,5.72452,3.06311,4.68053,4.3561,2.87212,2.54083,4.70847
4.60292,4.98463,4.2649,4.09268,2.76009,3.01415,4.83163,4.86833,2.29204,4.20892
3.26105,4.65944,2.76049,2.51402,4.31612,3.71793,5.06015,3.69409,3.89489,5.1985
3.20039,3.02776,4.43761,2.94179,6.28088,4.77816,4.11283,2.49071,3.39702,5.95707
5.42262,4.44306,4.27432,3.21632,5.18437,3.20914,4.57938,4.08185,1.48902,3.43859
5.31139,3.88762,3.19774,2.74435,3.82932,3.25572,3.1914,3.14578,3.15808,3.90404
3.56123,5.50889,4.48149,4.61656,6.66796,4.956,3.6416,3.72727,3.38516,2.23402
3.0339,3.86473,4.30519,4.07582,3.87771,4.70349,3.91614,2.83659,4.48469,5.54856
1.76063,4.24955,2.69018,2.91985,3.49437,5.69022,3.51334,4.21426,3.79678,5.92682
4.60641,3.51383,3.00289,4.15841,4.23157,4.29782,5.20446,4.88792,2.5572,4.35425
4.48385,3.57471,6.16124,4.6812,5.11061,2.21668,4.64116,4.12662,4.4574,4.69768
6.06183,3.24489,1.68374,3.36292,4.85798,4.58449,3.68839,3.92896,4.85235,4.12047
4.60488,3.97147,2.56762,2.49416,3.11643,3.20355,5.1351,3.92922,2.52034,4.40836
5.10951,3.8682,3.48113,4.13015,3.86301,2.5615,4.39819,4.29806,3.52903,5.26469
5.2734,4.05848,2.91132,5.84342,5.18396,2.42717,4.01356,3.39219,3.26442,3.30781
3.37696,2.7707,4.46171,3.70415,6.94585,6.03915,3.02417,2.23585,3.4694,3.54264
3.69184,2.93742,6.10442,3.33321,3.59847,3.19503,2.77694,2.79863,4.68704,4.26997
3.6045,3.29937,2.5558,4.0456,3.63774,4.32018,4.11233,4.46782,2.552,5.36745
4.20525,4.5885,3.63092,4.73033,4.37495,2.68576,6.04661,4.37142,4.20675,4.43005
2.58646,3.97619,3.59433,4.27086,3.97082,4.04301,4.24496,4.38739,2.75983,5.83519
4.29042,4.57936,4.69751,3.68412,6.12164,4.69789,2.18176,3.90808,4.42738,5.03682
3.59456,0.985565,5.12852,3.55632,2.61019,5.18362,5.9203,3.00877,3.90461,3.05275
3.60261,3.45279,4.23756,5.33591,3.71002,4.97053,1.87345,3.52287,3.05055,3.69994
3.77582,2.07894,2.74303,4.59142,4.82415,1.98615,3.53207,2.62071,3.26583,4.34915
3.8158,3.99644,5.12194,3.56386,5.01065,4.58072,3.20876,3.73368,5.30372,3.46897
3.03253,4.68922,2.93508,2.61933,4.59278,4.08087,4.43066,5.00094,3.95773,3.03552
5.18126,3.71835,4.25674,3.51402,4.73834,3.8757,5.38612,2.50723,4.19661,4.03356
3.97127,3.29265,4.52683,2.51559,3.45778,3.46808,6.29874,3.64111,4.75692,4.52165
4.46712,4.16505,3.84423,4.43228,4.04299,4.50872,3.60134,4.05153,4.08689,3.44568
3.86513,5.51282,2.52715,2.84229,5.34207,4.70544,2.31254,3.36967,3.53236,4.05114
4.02598,5.13784,3.68458,4.8772,3.98075,1.76473,2.46119,2.41224,5.55513,4.40333
3.153,3.95802,3.47079,5.36499,3.80969,1.88814,3.13739,4.05459,4.32714,5.90554
4.6308,2.656,3.83766,2.63226,4.47769,3.60866,5.53282,4.44838,4.14498,1.68576
4.31617,4.01013,4.3941,3.12158,5.06815,2.69287,4.45232,3.34278,2.67817,3.9276
3.4151,2.55084,3.23622,4.89178,5.85147,4.66112,6.3247,3.84999,2.8383,3.85961
3.38439,2.55292,4.69495,3.88873,1.38826,3.49834,2.94132,3.16248,3.93372,5.06206
4.01884,5.51086,3.20206,4.0247,3.49203,4.60136,1.56139,3.01901,1.07039,2.64766
2.94138,2.56666,4.20512,3.95353,4.07783,5.35225,3.64298,4.07529,4.63815,3.0341
4.29138,3.19723,4.98312,2.54197,4.03712,2.32891,4.07073,4.40988,2.53191,3.24112
2.71874,4.04862,5.07868,2.55894,4.61242,3.46172,3.69328,2.84325,3.66011,5.56489
4.13524,4.70264,2.97085,3.58829,3.34031,3.74394,3.14042,3.79318,2.50988,0.978504
3.46056,4.50715,5.25667,3.57291,2.62606,5.48968,3.43319,3.53474,3.65008,4.05738
3.64776,4.96894,1.98523,4.24384,2.05659,4.58059,3.75951,4.15332,3.09497,3.74473
2.17713,3.16971,5.88817,2.63424,4.57929,3.94565,4.56351,4.87602,5.13365,4.5732
2.91715,4.48447,4.13307,3.35399,4.55298,4.34857,3.46919,2.09787,2.65632,2.90501
4.37385,3.40349,3.54384,5.6611,4.80023,4.35021,3.28342,4.1136,2.95594,4.1493
5.00744,3.08656,3.07795,2.49394,3.37824,4.76475,3.34919,5.02326,3.72258,3.7053
4.67958,4.83368,4.66467,4.60272,1.98919,3.77867,5.3892,4.29577,5.21626,3.19328
4.03929,3.48963,3.2069,4.21778,5.58545,4.20224,5.23584,2.7314,4.31169,4.28732
2.05026,3.77516,4.2494,5.26712,3.60114,3.27128,3.81639,3.28699,4.06205,3.98962
4.88336,1.74935,4.22301,3.88403,2.98745,3.45541,4.46131,4.26732,4.32011,3.75571
2.03647,3.75748,3.92391,3.64645,4.88371,4.19412,3.96882,3.59784,5.07486,3.2333
2.87013,4.80454,4.54266,2.72824,3.75326,5.28876,4.80659,3.90601,5.43104,6.19885
3.8325,5.07193,2.40839,4.17591,4.1546,4.9277,4.60857,3.5084,2.881,2.92836
3.23299,4.60275,3.23426,5.0396,3.82299,5.08081,4.04037,3.4658,3.78547,3.7434
4.12201,3.32757,5.60044,4.67655,3.46041,3.78293,4.21051,4.2215,5.17134,5.51573
3.04116,4.51418,4.03867,3.42699,4.30224,3.0232,4.44262,3.0037,6.11865,3.86199
3.58007,4.0398,5.41543,3.88485,2.9978,3.55416,3.49408,4.8546,4.87923,2.9328
5.64846,2.9464,3.29536,4.26839,5.96749,1.87798,4.38166,3.80119,5.37846,4.05316
4.80442,5.03217,4.86624,4.8463,3.25162,4.17735,4.31214,4.5078,4.98429,6.03811
2.20699,4.07817,5.634,2.68783,5.52848,3.4574,5.06838,3.78087,3.43166,4.36091
3.32982,4.60226,3.16595,4.12015,5.20543,3.30954,4.41674,4.75463,3.19684,3.44463
2.48589,2.61008,1.49611,4.88438,3.13151,3.25356,3.13284,3.46331,4.21835,3.77809
3.96236,3.27961,3.80497,3.53298,4.14856,4.67746,2.72695,3.64591,3.91107,4.59192
3.9698,3.19971,2.73968,5.5021,3.28089,3.20595,5.16382,5.18603,5.02463,4.21149
5.83784,3.16889,2.91643,6.37029,3.23275,4.0133,4.11883,4.5521,4.48648,3.81449
2.66795,3.05611,3.87866,3.64408,5.06315,3.10937,4.21526,4.80057,4.56489,3.7405
3.17719,2.53812,4.60658,3.30596,4.6479,7.6298,4.46776,4.66956,4.25958,3.53004
4.01179,3.81516,3.71885,4.01069,3.19626,4.16572,4.83515,3.13733,2.08792,3.84532
3.23627,3.64975,4.89211,3.8977,4.47182,3.6954,4.5518,3.40253,2.46268,3.54672
5.06491,3.68369,4.10843,4.85477,5.34222,4.71391,3.85377,3.8998,3.32698,4.47328
4.77031,4.10641,3.46136,3.68249,2.7776,5.43669,3.8731,6.09524,3.55091,4.11627
5.31516,4.70696,4.78481,3.80124,4.1673,4.4564,4.48996,3.43087,4.51063,3.73275
4.14894,4.94686,5.23783,2.88298,1.42892,4.90851,4.06545,3.7347,3.61181,4.29999
4.07689,4.48631,2.57774,2.88517,4.02143,7.2155,3.26999,4.10777,3.52602,5.40216
2.87076,4.41724,4.72132,4.86897,4.41588,3.69192,3.69967,4.64971,3.54896,5.53196
6.73239,5.24263,2.03026,4.00698,4.49152,3.75495,4.61059,3.31687,1.69757,5.75096
3.14804,5.12263,4.54147,3.6284,3.24955,3.63455,2.54403,3.35991,5.16079,4.37981
3.00074,4.88186,3.8103,4.35517,4.6918,4.36362,3.69781,4.07531,5.40337,2.99108
3.54441,2.75202,3.91445,3.39149,4.11404,6.78406,3.47719,3.36248,3.26722,4.52862
3.8546,3.85952,4.23599,3.26,4.49053,3.77849,4.6814,5.50471,5.49133,4.39436
4.28542,4.47626,3.12456,3.14964,4.00961,3.06725,4.43715,4.87452,2.02523,2.29956
3.56841,5.54602,4.96628,4.08694,1.76896,3.51781,2.13223,3.33362,4.71267,3.334
3.74103,3.75626,4.02168,3.52097,3.68933,6.31868,3.75611,3.00949,4.02242,2.78701
2.65796,4.98928,2.90093,4.06134,3.07496,4.39608,3.28679,4.68623,4.47459,3.78991
3.34817,3.59473,1.96709,4.68862,2.26981,2.34473,3.12931,6.03165,4.33124,2.44518
4.29958,2.76067,3.82827,4.17764,3.91525,4.22299,2.33743,4.87714,1.95547,5.87499
4.04088,5.3596,3.23464,3.6968,3.97723,5.55617,4.09729,4.50266,5.23149,2.46548
1.88323,3.48461,3.6488,4.46637,3.73936,3.03538,4.88257,6.11011,5.99862,4.61041
4.23812,3.32938,2.67743,5.87835,3.01305,4.90189,1.75896,3.72386,4.1468,4.45341
3.99392,4.62627,4.4343,4.41823,4.5705,4.01712,5.24661,4.90426,3.60367,4.01072
4.2779,5.18805,3.55278,3.55772,4.91247,4.76823,3.90718,4.20299,3.95438,4.91755
4.066,4.35503,4.17702,3.12411,3.32254,4.15735,5.73172,5.39426,5.48284,1.90089
2.10504,5.09285,3.14153,1.52946,4.27336,5.14316,3.51777,5.56089,5.29678,4.54911
4.13225,3.91779,3.58891,2.17545,3.54158,4.45714,4.48192,3.38381,4.68488,4.04606
2.28417,3.60343,3.82015,4.87723,3.6327,5.23845,5.20617,3.02539,4.15342,4.04994
2.87343,1.84466,4.79193,4.32204,2.55729,3.16761,2.48743,3.41154,5.69596,4.40954
5.52669,3.40325,4.29687,3.92248,4.20547,4.67647,3.27961,1.35517,1.42265,3.73626
4.27141,4.92545,3.52171,3.03437,2.09185,3.62655,5.54223,3.40038,4.55387,2.89204
3.24256,4.66068,2.76333,2.73627,4.41685,4.1615,4.23718,1.76508,3.54801,3.44863
5.02034,4.1062,5.73658,5.48197,3.96752,6.44551,1.92458,4.69142,4.81358,4.20578
2.8045,4.64435,3.40426,2.95535,5.65043,4.07313,6.0061,3.30044,4.30785,5.49043
2.92909,3.39515,3.07963,4.0463,5.92075,4.11514,3.08948,4.90777,4.52698,2.13339
3.07764,3.84311,4.08546,3.69273,3.8021,2.13409,4.50378,3.30174,2.1777,2.46681
2.31757,1.72894,4.43326,4.04283,2.11732,2.72507,4.19042,3.51152,4.62577,4.18944
4.70001,3.29216,0.649018,3.926,4.69427,4.83224,4.57281,5.00872,3.07348,4.04098
4.42017,3.74436,3.5045,4.88797,3.40743,3.76062,3.12512,4.68255,2.71209,4.99875
3.22921,4.16332,2.99261,4.45268,4.24836,2.10033,4.3823,2.6933,3.18447,3.3528
4.28789,4.47885,2.651,3.22202,5.67296,3.34311,4.12198,3.65621,4.17012,2.70567
3.42579,2.96513,3.31953,4.66925,4.42007,3.00042,2.94958,3.68815,4.25127,3.69001
2.48468,4.58161,6.01307,4.33288,3.32235,5.5336,4.68498,4.73061,3.40617,6.95551
5.32871,4.90539,4.19004,4.1486,3.13355,3.41189,4.2997,4.32825,2.70117,5.18185
2.86483,6.11943,4.73,1.55922,5.89651,4.44671,2.14373,3.2023,3.40742,2.77968
4.70669,1.41236,3.27658,4.89169,2.45181,5.36962,4.51962,1.2754,2.01399,6.12612
3.24731,3.09642,5.46987,5.35161,4.86957,3.63136,4.93102,3.22351,2.81607,5.57399
3.37729,3.59981,3.56214,4.31719,6.32864,4.16373,6.51193,3.89213,5.0626,4.54238
5.03299,5.00832,3.5704,2.1333,4.82218,4.40419,4.56363,4.02484,3.7999,3.45275
3.03394,2.6797,4.30679,5.52592,4.20496,3.77692,3.16919,3.78873,3.43084,4.98592
3.18056,4.53795,4.55942,4.3659,4.43876,3.43342,3.1767,5.32602,2.28604,3.06439
4.33268,4.07426,4.71738,2.86899,4.62018,3.16912,1.77295,3.19223,6.21642,4.43947
4.69809,3.50524,3.24976,3.74544,4.67112,3.273,3.89275,3.2429,4.22645,4.42574
4.14418,4.59625,3.73924,4.12882,4.67928,4.16157,3.37766,5.46782,6.17275,3.85636
4.04829,3.23912,5.15495,3.57642,5.42259,5.20372,2.27788,4.38852,3.59878,4.06912
5.38279,5.09752,3.44379,4.19411,2.6571,4.5111,4.8665,4.36719,2.17591,4.1574
3.72399,2.62738,2.7346,3.83201,6.42589,2.07672,4.18008,3.93677,4.41357,5.91107
4.47775,3.82334,4.35084,3.49124,2.78286,3.70065,3.60833,4.51677,1.74004,6.7726
3.11222,5.74239,5.01955,4.95484,5.32134,2.56384,1.64918,2.25076,4.52497,3.40147
5.56855,4.2839,2.64674,3.22393,2.94397,0.99875,4.48989,3.40433,3.51753,4.39175
5.4021,5.44719,3.76135,3.67456,4.14775,3.3207,4.04407,5.82187,2.95466,3.27915
6.14609,3.40599,3.50521,4.06191,3.5375,3.38153,3.09536,3.16425,5.5381,4.24291
6.45129,6.08797,3.40735,4.38065,3.02569,4.26953,3.53042,3.3785,4.419,5.08272
4.24183,4.23584,5.50383,5.38925,4.61374,3.54344,3.86639,4.5152,2.8258,4.25648
3.80809,3.3498,3.98789,4.21345,3.43233,4.7228,3.87006,4.2438,3.82161,4.75723
3.15528,4.01321,4.61138,2.85654,4.43625,3.05061,4.28827,4.63315,2.71826,3.94822
2.88392,2.52819,3.56716,3.7519,3.02325,3.16813,3.73369,3.24504,4.84267,4.51982
3.03792,4.58508,3.69347,3.796,4.36685,5.28744,3.94359,2.86946,4.44245,3.77332
4.24209,4.63281,4.87842,4.78732,5.75592,3.6722,3.13019,3.08083,6.2879,3.24542
5.2327,2.69781,1.99269,2.31191,2.46602,4.13648,3.6742,4.55227,3.70368,2.63486
4.63758,3.57336,5.33762,3.78672,3.71442,5.22022,2.16793,3.43059,5.33627,3.5152
4.9579,2.04031,4.10089,3.50848,4.14628,3.49544,2.56292,3.10321,3.17443,4.69095
2.52528,6.29521,2.6426,5.86153,4.64929,5.38647,4.87347,1.91606,3.80435,1.38843
3.52583,3.37974,5.13975,2.59471,3.54237,2.9427,4.40365,3.44686,4.58702,2.50931
4.4863,3.57931,3.91862,3.23357,4.11184,3.38755,2.97183,3.26438,3.58133,2.79485
4.16326,4.44404,4.35607,4.6778,4.35263,4.87111,4.5095,3.556,3.02139,3.87813
3.792,4.90504,4.19579,4.65228,2.99204,5.7188,3.21609,4.48541,3.33547,0.89841
3.70761,3.05482,3.80926,4.86951,5.1682,3.91346,4.24677,4.44055,3.13367,4.79306
4.26484,5.64355,5.58218,4.06953,4.54285,2.37265,4.53118,4.40708,4.51631,3.44888
3.48993,5.2594,5.40841,5.80539,4.12597,2.19862,4.34456,4.07741,4.26455,3.93158
4.31378,3.87474,3.99262,2.99211,3.99962,4.84454,4.46835,4.97855,4.82363,5.10365
3.3317,4.35988,5.96023,5.5539,4.26791,4.43932,4.32042,4.37111,3.46575,3.62494
2.66935,2.75023,5.54224,2.76346,2.97965,3.83343,5.45589,4.33043,4.03015,4.26486
3.20054,2.15542,3.92459,4.60054,4.17974,3.99831,3.7812,3.69237,3.461,3.79169
5.90358,2.48613,3.46074,3.78338,3.7592,4.34752,6.07859,4.02728,2.82043,3.79052
3.72908,4.91943,4.34329,2.91535,4.10284,4.05041,4.57719,4.71354,4.53761,3.21329
4.66646,5.48298,3.86382,5.15983,3.86616,4.83618,3.61879,5.66627,4.67663,3.56226
4.74292,2.59593,3.42627,4.42371,5.10473,3.46952,2.93779,4.63185,3.81158,4.29652
3.95948,1.92109,4.65511,3.58642,3.71804,2.83825,2.94558,4.51986,4.22661,3.79142
3.82891,4.97747,5.47058,3.32606,3.76093,5.01386,3.73355,3.05738,4.17701,4.19306
1.33959,3.01941,4.52321,4.94448,2.69945,4.27074,5.82372,4.91218,4.67112,4.94742
4.54718,6.77061,4.15513,3.78665,4.75829,4.28187,3.5448,5.04039,2.93723,3.96607
3.49577,3.76453,3.00055,4.4826,5.23616,4.18323,4.98427,3.72957,3.24243,4.82097
4.38285,5.50084,5.88648,2.43029,4.34787,3.11689,4.12931,6.31476,3.25132,3.5433
3.78816,4.06065,2.62155,5.70907,2.78393,4.16659,3.06911,4.47769,5.32101,3.46902
5.31318,4.40891,4.62252,3.19883,2.43313,5.35419,3.90018,3.87063,2.81028,3.83536
2.42477,4.26294,2.83615,4.05188,2.62277,4.14452,3.71602,3.73885,4.62217,4.0652
3.92695,4.40677,1.92025,3.68834,3.79043,5.08914,3.16644,5.18118,2.28707,5.37484
5.17082,5.96098,3.2223,5.37846,5.07652,3.2533,2.31133,3.33467,4.01646,3.52761
2.52146,4.56427,3.16563,3.5632,3.87473,3.7275,2.81287,4.70168,4.52472,4.36682
5.43788,5.76976,4.25706,4.58939,2.81309,2.67644,2.06129,3.8746,5.09159,5.37025
5.77741,4.0491,6.41027,4.35155,4.29776,4.33691,3.93551,4.80966,4.90628,2.981
4.30024,2.50386,4.8901,3.95712,2.058,4.99507,3.44372,2.15408,6.1102,4.96196
3.78173,4.73255,3.10607,3.58954,3.68139,4.49424,3.30806,3.38836,5.28483,4.16516
4.55673,4.60463,4.44162,3.90272,4.48059,3.96593,4.35493,3.76544,5.2915,4.95185
5.05614,5.87233,2.60433,3.77417,5.12419,2.12456,3.3408,4.5807,3.09376,2.51764
5.44838,1.81213,5.33302,4.09446,3.65142,2.9099,4.06002,4.27546,5.39149,5.67365
3.74285,5.12048,3.4406,2.84792,4.50865,4.65218,5.75783,5.60662,4.55825,3.44089
4.35945,4.09742,4.81913,3.96337,5.65539,2.8122,2.62111,5.11785,4.42307,5.07352
4.11185,2.9952,4.34921,3.59728,3.52,3.33283,5.46235,5.13281,4.55127,3.57582
4.72134,3.10109,3.74585,5.30664,1.64929,2.2828,5.84699,3.81351,3.83785,5.06068
4.15893,4.78535,4.20137,6.33437,4.70565,4.53128,1.74338,3.30099,1.97646,4.41468
5.32692,3.96708,3.44224,3.29815,4.32572,3.19965,1.77072,4.65216,5.15154,4.74574
3.48124,2.38751,4.15967,4.11315,4.31897,5.37657,3.40844,3.73913,3.08875,5.28182
3.84027,2.872,3.36647,4.4005,2.97923,5.68949,2.95183,4.35563,4.40725,5.33255
4.29099,4.1983,1.89331,2.98456,3.10513,3.02612,5.19359,2.15854,3.44231,3.41546
4.22563,4.25498,3.7943,4.20206,2.93944,4.46775,3.34079,4.37335,4.49076,3.03511
2.23233,4.1539,4.61011,6.04398,2.25615,4.55848,2.66349,3.27202,2.95946,3.10356
4.20873,3.00083,3.93329,4.41184,4.43794,2.168,2.10149,4.14462,2.67486,4.18259
5.02757,3.36888,3.41877,3.91879,3.96137,4.54146,3.21657,4.82827,3.74054,4.29879
4.2329,3.39036,3.53018,1.47047,4.50568,3.36911,1.58979,4.71533,4.25522,4.51644
4.74809,4.19965,5.23748,4.71786,4.95647,3.30294,2.70257,3.96387,4.10182,4.14451
3.84696,5.46508,4.07038,3.04281,2.42414,4.50784,4.34634,5.15151,3.12559,3.81815
3.53688,4.56279,2.11509,4.65461,4.11608,3.78195,2.9637,3.28655,1.73285,3.01283
2.44176,3.50014,4.14495,3.67744,3.02493,4.91091,4.20527,3.60552,4.84383,4.5328
4.05001,4.64795,2.80312,4.5607,4.00168,5.3768,4.45884,3.51311,5.93436,3.71215
4.12877,4.61003,4.51814,3.34399,3.72415,2.83084,2.90889,2.90889,4.5751,3.97545
4.54332,3.28569,2.95609,4.03503,4.13886,3.695,3.8456,5.19817,2.02428,4.61264
4.76194,3.87695,3.3764,4.57691,3.66015,6.23491,2.5388,6.01112,4.17889,3.7507
2.9935,4.43451,5.1079,2.65797,2.53443,3.64603,3.32097,5.269,5.60416,4.33076
4.05791,2.39218,4.44338,4.74947,4.24908,4.18885,4.71141,5.43073,3.91849,4.49856
3.80286,3.27656,3.48852,3.19755,4.40974,4.73297,5.42271,4.22985,3.72083,3.12178
4.65451,4.34262,4.74883,3.52428,4.5086,4.23424,4.6857,4.56608,4.16849,3.94717
3.85747,5.85573,4.29077,4.39583,4.12036,4.93296,4.1871,5.01375,5.44058,2.83295
4.49728,3.74754,5.52615,4.29986,4.7839,3.68788,3.85494,4.45262,4.41312,5.62414
4.86946,3.44709,6.94382,4.14338,5.56427,2.41733,4.01928,3.8331,4.65206,4.9178
5.33472,5.01001,3.21115,4.7264,3.82296,3.37087,5.02226,4.11748,4.9018,3.84585
4.33194,4.8041,4.36946,4.15327,3.82468,4.70927,3.10163,5.04593,4.75618,5.6073
3.1714,4.29442,1.99438,1.54219,5.24791,4.41604,3.5815,2.70405,2.26208,4.28132
2.01753,5.38523,6.05544,4.81682,5.24559,4.04093,5.50115,2.67593,4.25675,5.23337
3.21218,4.39006,5.71145,1.34212,2.47049,5.46872,3.66201,3.15767,4.59197,3.77467
3.50331,4.18242,3.12137,4.09374,4.26123,3.11322,5.79377,3.7007,2.79696,3.77656
3.00401,3.46967,3.88178,3.52289,2.81173,2.91929,3.93089,3.83449,4.3329,1.98849
6.38058,3.37451,3.96071,2.19752,4.11756,2.09111,4.75724,1.92086,3.62911,5.14457
5.11993,4.44162,2.68609,5.20932,3.43066,4.32981,3.97639,3.34243,4.06818,3.24723
4.63995,4.43588,4.12501,4.29088,4.92108,2.88115,3.39109,5.23047,6.5764,4.25264
5.67449,5.84013,3.95104,4.60859,6.19608,4.37147,4.48316,3.15819,3.20085,3.14249
4.58322,3.72254,4.0307,5.69355,2.90563,3.98048,5.00537,4.19077,3.55391,5.30986
5.27521,3.64033,3.90924,4.82145,3.81988,2.91359,6.62173,4.9095,5.18928,3.78284
5.27571,4.51054,5.13786,2.29433,3.30945,6.94241,4.36868,2.69012,3.772,3.2886
2.63449,4.12208,3.55443,4.71768,3.85359,4.22634,3.4392,2.62735,3.44184,5.62505
3.657,3.86718,4.02771,3.65303,2.95968,3.98016,2.23927,2.9975,5.60458,3.38512
2.76385,3.86381,4.01736,3.73554,3.43869,4.32585,3.75683,4.3797,5.93261,5.45
5.62371,5.19196,5.6525,4.31844,4.38868,3.14807,4.25629,5.48904,5.14798,4.84217
4.06351,3.90047,4.81926,4.02078,4.99514,4.57657,5.19057,3.98971,3.75992,3.10451
1.72986,2.92073,2.77283,4.05799,2.84427,3.50252,5.34171,3.70339,5.85308,3.92735
3.38709,3.51848,4.24924,2.37435,4.15895,4.49833,4.08781,5.41424,3.46211,5.04254
3.05483,5.8105,5.28049,3.99688,4.14288,4.53876,3.36239,4.21026,5.08168,3.66755
4.08287,3.81297,3.83515,5.62572,4.32804,3.23214,2.63059,4.35029,5.04607,2.91102
4.63642,3.71291,4.69488,5.22127,4.7798,4.3161,2.26095,4.78382,4.75144,1.71747
4.61476,4.86752,4.20034,4.4609,4.44181,5.76151,4.04665,5.95837,3.83929,2.32614
4.57748,5.14093,4.22232,4.6377,3.43228,3.66624,6.65547,3.81469,4.62102,4.51436
3.59878,5.24695,4.71485,4.87645,4.04249,3.76082,3.9519,3.40298,5.06699,2.753
4.55683,5.6095,3.8823,4.51874,5.36945,1.82588,4.92703,3.72331,3.36753,3.87773
6.15936,5.20055,3.03479,4.8446,2.58034,2.51789,6.09333,5.40718,4.58571,2.88237
4.48516,3.9489,3.6479,2.95654,1.68126,3.64894,4.66018,3.70325,3.00142,4.87828
5.04456,4.29992,4.54766,3.58551,4.75025,3.55495,4.24134,4.18538,5.53065,4.16896
4.59001,2.86124,4.96721,5.07097,3.53328,3.46915,3.37972,4.56751,4.17371,3.58719
3.80617,3.95321,4.74606,2.40507,4.2192,4.57752,4.18342,2.36728,5.69108,4.56182
5.07262,4.21245,6.07238,3.08375,4.32706,4.54776,4.4722,3.64974,3.33091,2.54214
4.71743,4.46111,3.76511,2.70835,3.35552,3.23342,3.94587,3.19033,2.13169,3.63296
4.23588,4.2141,3.63638,5.10332,3.04815,3.43644,5.83695,3.30755,2.69329,4.1097
4.52489,4.7441,3.7141,2.44046,3.63401,2.58638,2.54497,3.95247,5.04537,2.99053
4.41153,3.88842,4.5534,3.34904,4.55172,5.91037,4.56329,4.40794,4.05395,5.18776
4.3133,3.09442,2.75698,5.30834,5.19399,5.15808,7.09535,2.90846,4.31713,4.35256
4.03707,2.81545,3.40686,3.87414,3.23891,5.49833,6.1692,4.55144,5.326,4.06363
3.8969,2.617,3.12556,5.23677,3.33418,4.82165,3.86352,4.23502,5.55927,3.17695
3.46675,6.84627,4.86303,3.10379,4.75512,3.26256,4.23055,3.02462,5.09856,4.59792
4.05801,4.42411,4.34152,4.65385,5.39739,6.30631,3.6735,4.80789,2.88882,4.40027
3.13842,5.63584,4.68938,7.015,3.01787,3.99467,4.96331,2.45612,4.69511,4.89308
2.55878,3.85699,4.9647,5.9384,3.37411,3.32263,4.036,3.85555,3.5942,5.34092
3.25065,4.6391,4.62215,4.34377,3.28843,4.31149,6.34239,4.99772,2.70439,3.01538
4.31346,4.66488,5.52463,1.94633,3.40347,4.63285,4.13253,4.40565,2.40487,4.30697
3.51164,5.73411,3.13906,4.07374,4.27411,4.73207,3.28706,2.34908,4.43261,4.55532
4.65751,5.11959,4.36535,3.7905,4.10781,3.905,3.40779,3.88058,4.02546,3.4607
2.56565,3.89484,2.58776,4.69896,2.96154,2.9207,5.14398,3.42173,7.5661,3.36102
3.12122,4.7439,5.28313,3.95641,2.54113,3.10294,3.8437,4.15569,3.64911,2.58762
4.81819,4.35952,2.55201,4.37158,4.61486,4.86923,2.63471,2.51989,4.61995,1.99573
4.25088,5.27986,5.43893,4.95132,4.40811,1.69733,4.96786,3.3349,4.60287,4.44429
3.59135,4.9469,3.94021,2.82354,4.73849,1.75581,5.20365,3.28507,4.80231,4.42635
2.86746,4.6364,2.15154,3.56616,3.6867,4.62247,4.08162,4.9435,3.94885,2.21284
4.78276,4.08549,2.84361,4.70735,3.93552,3.76028,4.33416,4.36324,4.07385,3.78949
4.88672,1.66783,5.39435,3.42836,4.82634,3.94775,3.61161,3.21969,3.44156,3.12998
2.71576,5.05451,4.56093,2.92986,4.0009,2.90586,5.60305,4.42746,5.0315,2.32706
4.68926,3.67312,3.97191,2.55615,2.481,4.87472,3.11344,1.33099,3.88998,3.57428
5.3084,4.2173,2.02752,6.29719,3.23334,3.74149,4.62651,3.60704,5.24494,3.39435
3.95682,3.19195,2.6083,2.80708,3.58815,2.9567,3.78725,4.89518,2.83257,3.56753
2.94247,3.3142,4.05956,3.77431,2.92538,5.07968,3.71959,4.20105,4.94001,3.22754
2.99932,5.41124,4.78717,4.04676,4.58016,3.03069,5.12047,4.21357,2.057,4.26766
3.75872,4.75255,3.01676,4.82166,2.54343,4.14782,3.54968,2.40337,4.02196,4.48448
2.74107,4.40533,4.50629,5.54545,4.52458,3.9926,5.08974,4.57085,5.84029,3.32728
4.88429,4.5609,3.52349,3.64914,2.84388,3.98663,3.62645,3.41804,4.60703,7.80086
4.1538,2.21365,4.08604,4.21627,3.50046,4.54139,6.00067,3.71365,5.69244,3.36619
5.23164,3.31119,3.01331,3.12223,3.65138,4.07083,2.60049,1.65935,3.2963,4.20035
4.08551,2.70886,5.25728,5.88314,4.62574,2.64209,3.12167,4.06733,3.92089,2.9697
4.25337,4.392,4.91661,3.26774,2.86687,4.24468,3.82949,5.04713,4.20242,3.22901
4.50058,3.04107,4.44721,5.69462,2.86982,2.3004,2.19867,5.58199,3.01798,2.35835
5.35949,3.7796,5.59696,3.44962,2.84856,1.93902,4.33882,3.85028,3.14005,2.47569
4.29285,4.58143,4.65751,4.75814,4.03334,4.81359,4.30937,3.52422,1.51508,3.22662
3.27454,2.64479,2.97186,6.16825,4.61855,3.62502,5.72914,3.31833,4.03042,4.07776
2.78185,4.86526,3.13548,4.35951,4.0112,2.71977,2.41463,3.70293,3.44443,4.40705
3.22567,4.107,4.36522,3.97279,4.02486,2.64726,3.94448,2.93385,3.39008,4.71031
3.90817,3.6159,4.39835,3.88976,5.94569,2.41662,5.06983,4.52835,4.54803,4.80642
4.86075,3.27502,4.74903,4.45589,4.53056,4.348,3.94799,4.12651,5.60183,4.07706
6.07724,3.42303,5.24655,4.97449,2.27996,2.94804,3.3331,2.95479,4.94157,3.45965
3.4914,4.85943,3.24284,3.68645,5.94733,5.07356,6.09369,3.9703,3.98154,4.12245
2.58781,5.12886,4.54544,4.02687,4.95684,2.88402,5.41002,5.45746,2.47279,5.56427
1.07228,3.06843,4.79452,2.69001,1.82732,4.98594,4.74251,3.20909,4.2657,3.95651
5.44764,3.65793,5.00314,6.94071,4.11191,3.6058,3.11274,3.71956,3.23456,4.72951
3.26501,3.89724,4.39978,3.86717,4.51542,4.46508,5.26708,3.83743,2.34415,4.47207
3.90552,2.9154,4.77263,3.10352,1.35468,4.03102,1.73845,6.07043,4.36023,4.14747
3.93991,3.30863,2.86947,3.7114,4.15439,2.73541,4.8659,3.77193,2.6136,2.51546
2.87485,3.08257,3.85627,5.21816,4.06506,3.38858,1.65861,4.04991,4.98898,4.77256
4.50617,4.26471,5.78948,3.89002,3.3128,3.61728,3.17691,4.61105,3.55167,5.63077
1.83214,3.85486,4.32024,2.27974,3.58046,4.38839,2.4429,3.89846,3.61056,4.28218
5.08533,4.91023,3.20226,2.26657,4.43677,5.22587,4.79317,3.55925,4.09588,3.2795
4.43691,3.3828,4.68262,3.52146,2.87689,3.78864,4.09684,4.40562,5.74299,5.33657
3.3793,5.15054,3.95823,4.17622,4.45209,5.20706,4.04525,4.04767,4.36362,2.83162
3.03221,2.9479,3.19047,3.15703,1.85539,5.08756,4.01203,5.58819,3.57202,3.77543
3.80461,2.23755,3.89604,5.84405,3.5979,3.81488,4.81131,4.17033,3.38835,4.85909
3.2434,1.9443,3.87675,3.82882,3.74595,4.15172,4.114,2.30023,5.0537,2.94364
5.06243,3.76667,3.12463,4.55654,4.31537,5.37157,3.70958,2.62843,3.4772,0.992368
3.60354,4.80918,4.3422,3.97181,3.55737,2.41989,4.21273,2.58026,5.29658,4.96036
4.75528,6.07013,3.05507,1.25813,4.08481,4.72873,4.10126,3.24244,2.67195,4.57212
3.9479,2.89132,5.43752,4.22998,4.0917,4.79971,4.51526,4.73105,4.00253,2.18537
4.90201,3.15905,3.29771,4.04251,4.83884,3.16912,3.76267,3.69778,4.2448,5.68165
3.12714,4.03979,5.47978,3.98901,5.00981,3.96962,3.24785,2.37318,3.21643,5.43555
4.20214,4.14724,3.6953,4.72994,3.27241,2.80746,2.63647,3.38611,3.46703,3.52483
4.37005,3.03576,5.60479,5.65289,4.62933,4.09337,5.50269,4.12489,4.46045,4.41252
4.25724,3.44893,4.10608,4.01646,2.66748,5.32796,2.14979,4.89989,4.54829,5.02764
4.07115,3.65949,4.70237,5.56181,4.33267,2.16003,4.35945,5.66196,5.21637,5.34546
3.9336,3.63726,3.47388,4.57516,5.35362,4.10819,2.42254,5.26683,3.86251,5.57206
4.07349,3.94652,1.96511,5.12053,4.67102,3.36828,2.67792,3.92228,3.50565,2.95222
5.54507,4.36381,3.25795,3.36136,3.09101,3.69931,2.72769,4.75685,3.29309,4.26449
6.20487,3.26927,2.57125,3.22519,5.89015,3.98105,2.98563,3.33733,2.88408,5.75821
5.80577,4.00461,3.55061,3.46371,5.02119,3.42094,4.69481,3.40263,4.50623,4.27125
3.59699,4.87653,4.18751,3.21788,5.88907,6.33568,1.6492,4.86346,3.68367,4.878
2.21478,3.05859,5.96729,3.46566,3.33005,2.27861,2.85026,3.56688,4.5304,2.5441
2.5368,4.48653,4.37962,3.00143,4.53568,2.52716,3.32828,5.12135,4.40845,4.51136
3.9297,3.46106,3.74788,2.84965,4.97976,4.17944,3.96033,3.26049,5.58137,6.04353
2.81998,3.56936,3.46681,3.48656,4.03746,4.06407,3.8015,4.46989,2.90416,5.42526
4.8078,4.06509,4.78031,3.27033,6.07922,5.43214,5.43072,4.73226,5.17423,3.84694
3.57868,3.36911,5.92552,3.73565,5.15754,3.11041,4.75969,4.05348,5.28816,2.94191
3.93223,3.56538,6.06326,4.13926,3.59652,3.48959,3.27656,3.49169,2.76626,4.89796
1.63898,3.02857,5.7245,4.1517,4.63791,3.88684,3.07304,4.2237,2.76067,3.76497
4.7458,4.58548,3.35943,2.84682,3.41116,4.20578,4.93991,2.06135,3.25898,3.00136
4.09171,4.18017,4.28437,3.69851,3.76886,6.38096,3.09025,3.07209,4.85725,5.60326
4.21756,3.73204,2.58294,3.79696,5.03375,0.994858,6.24327,5.95866,4.5936,3.64578
3.20663,5.07511,2.53839,5.83886,3.92138,3.44864,2.91525,3.46016,4.98106,3.49437
4.27181,2.1858,3.77636,2.29976,3.03545,2.90668,3.79502,3.5025,3.68139,3.73029
3.64043,4.23746,5.49466,5.56086,5.60723,5.46742,2.83669,3.23992,2.68109,4.71694
6.75581,3.3477,6.78391,2.07452,4.59016,4.74836,4.07291,3.40717,2.61069,5.87184
4.55138,4.07217,4.72281,2.68014,4.34035,4.15376,3.37437,3.72998,3.38142,3.7876
4.59852,2.63956,3.17466,3.95394,2.81876,3.96986,3.55096,4.67,4.0154,4.54451
4.25864,5.60382,3.08553,4.08235,6.45789,4.7104,4.30268,3.50011,4.03953,4.44182
3.23823,4.72121,5.20901,2.55904,2.50585,1.76487,4.41891,4.52856,4.7755,4.54322
6.57625,5.08476,4.506,5.29121,5.08311,3.4409,2.39291,2.66423,4.41879,5.36802
5.01766,4.61322,4.8603,4.30875,3.35193,4.86778,3.05042,3.63499,4.11283,4.48647
3.11499,5.92408,2.65291,5.09215,1.7698,4.4588,5.79105,4.85827,1.83419,3.52876
5.68763,5.06938,4.60933,3.4808,4.13829,4.13617,4.34655,4.04012,4.5873,6.42207
4.24347,2.23578,4.75373,4.69339,3.97322,5.70669,5.52646,5.34005,5.99272,4.40342
3.48141,3.89486,3.43815,5.85594,5.48262,3.90301,5.17013,5.95508,5.27988,4.48902
4.9974,4.54091,3.98894,5.73364,5.40597,4.61741,5.3377,3.5904,1.69434,4.24003
5.04448,3.2146,2.40531,3.46286,4.84447,4.0513,5.51625,4.66257,4.76291,3.98607
4.73581,4.01007,2.22825,4.05755,4.32254,3.50648,6.0384,3.7209,2.86736,3.28882
2.30109,5.41102,3.93229,3.91124,3.70252,4.78396,4.66944,4.81568,2.60054,2.14168
3.26471,3.20058,4.23725,4.82679,4.08411,3.76014,3.08462,3.46635,6.44552,3.1611
2.14943,3.40911,1.91995,3.64935,3.02025,3.12845,5.16163,4.71792,2.2724,3.6768
2.92298,2.87835,3.56409,5.35634,4.38439,1.80628,4.55628,3.77973,4.63926,3.49151
3.94669,3.50482,4.03428,3.72231,3.55719,5.02324,2.97036,4.88226,3.46575,5.27236
3.47547,4.05957,3.38936,4.04688,4.68894,4.56724,3.29666,5.37593,3.85653,6.00003
4.28761,3.88598,4.14715,4.95425,4.81486,4.18178,4.0594,2.58035,2.15427,4.06215
4.12766,5.04729,6.37553,3.83992,3.71469,3.23228,3.83899,4.7375,2.91234,4.85612
3.18472,2.47716,4.71679,4.07358,4.56006,3.96299,3.81294,3.30322,3.87831,3.29955
3.29807,6.06335,3.58332,2.82943,4.27303,4.05272,4.05119,4.076,4.72251,2.87898
4.72758,3.98855,5.32738,5.37726,3.81283,3.73802,4.09174,3.31655,6.26862,4.08558
5.86158,3.9,3.81734,4.03259,3.04809,2.9282,2.15213,4.22285,4.21645,2.61224
4.74867,3.49679,3.04498,4.47065,3.74297,3.16873,5.0151,4.10489,4.41043,4.17774
3.97699,6.94238,3.14726,3.45399,2.42136,3.48881,4.11826,3.39379,2.76992,4.53991
2.29895,5.18035,3.477,3.28903,3.79424,3.77985,5.03249,3.03805,3.55645,4.07727
4.36577,5.19426,4.51325,4.31724,3.27959,4.86057,3.13731,3.77266,2.84572,1.7936
1.83313,3.59439,4.64594,2.68866,4.25986,3.89758,5.59738,2.96317,3.4074,3.69474
4.7225,5.16442,3.10726,3.73047,2.83934,4.90388,4.4869,2.91557,2.42514,4.63812
2.61791,4.29808,2.99348,3.95104,2.6557,4.64629,3.57946,3.59721,3.04991,4.24505
4.18871,3.16031,4.72445,7.16498,4.82103,3.05515,3.29462,2.50148,3.92881,3.12975
4.95438,4.53146,1.98543,4.20132,4.13744,3.04737,3.15645,4.3104,3.97591,4.10244
3.8708,3.52589,4.66323,4.98905,3.0845,3.94088,3.61731,2.93132,4.73143,4.0645
4.38244,3.32484,3.32246,4.55131,4.51906,3.34632,3.34256,2.39071,3.69304,3.39036
4.50245,2.38309,3.98523,5.34967,3.18311,5.60196,4.48063,3.5392,3.61239,4.61429
3.13156,4.28147,2.90147,4.67925,5.89154,4.84893,6.81564,4.7014,3.70588,4.28635
3.44665,3.4024,3.68493,3.24523,3.28134,3.24555,3.37872,4.35288,5.39415,2.47539
4.05322,4.67124,4.27222,3.61915,2.39167,3.28677,4.19482,4.12139,3.62328,4.77933
4.78154,4.66336,6.34902,3.42687,3.54212,3.32831,3.49718,3.002,5.20575,3.78441
3.37042,5.77664,3.78965,2.83145,4.39643,3.65495,5.1773,5.27737,4.15179,2.36681
4.40446,3.93639,2.92511,2.18792,3.71959,4.16226,3.56615,4.34377,3.60693,3.83749
2.68488,4.75315,4.88546,4.66855,6.50202,3.00504,3.5106,3.09961,3.78116,3.94178
2.71041,5.09383,2.19328,4.0951,5.50974,4.37118,4.42081,5.48966,5.68892,5.04387
6.48355,1.70885,2.25803,2.92911,3.63128,3.31011,5.61451,2.92252,4.58787,1.98902
3.92777,3.11003,4.88507,4.11566,2.61474,4.79858,2.767,3.32287,4.35349,3.48433
4.761,2.80449,5.2347,4.83595,4.26401,2.97614,4.62243,4.93396,5.31691,4.80879
2.88215,4.25116,3.20519,3.92128,2.26609,4.48546,5.74492,4.44353,3.64191,4.32661
6.84025,2.93239,3.27767,3.27775,5.76613,3.83927,3.68072,2.70371,3.57488,4.13159
3.35705,5.76814,4.22088,5.2826,5.39599,1.90789,2.94849,2.76573,2.7366,2.79447
4.08639,2.3328,5.53871,3.3845,4.72597,4.13977,5.92098,4.33684,4.84045,3.89434
3.23846,2.2243,4.25272,5.22117,4.888,4.22871,1.18439,2.53251,3.39922,4.3241
4.08098,4.6089,3.73393,3.05543,3.31415,6.14896,4.7631,4.02341,1.28833,5.90257
4.71223,4.0308,3.21975,4.27354,4.65289,3.5684,3.52322,2.32361,4.11155,4.31647
4.29109,3.19099,4.45467,3.96396,3.94104,4.41753,5.65559,4.03849,2.68606,4.2911
2.46549,4.86827,6.61796,4.61105,5.60508,4.33907,3.59904,5.24019,2.45586,2.02647
2.62004,2.98391,5.16333,5.49118,5.12194,6.40177,4.14007,5.51223,5.1405,4.06891
3.46836,3.83875,4.89538,4.78958,6.18921,3.71483,2.85054,4.54956,3.51849,0.548465
5.41721,4.03252,3.22514,4.10413,5.47746,3.15495,3.2032,4.44026,1.95742,4.13908
3.17252,3.39354,2.22266,6.20673,3.38982,3.67243,4.09612,4.23676,2.62863,6.31883
3.67568,3.8922,2.7612,4.31653,4.6438,4.75052,5.4796,2.33685,3.93015,2.71427
3.16105,3.6136,2.45974,2.88023,5.55986,3.43563,2.90589,5.34319,5.69372,2.52428
3.65544,2.95196,4.04135,2.89946,3.32603,5.34891,2.64536,3.97996,4.91152,4.95941
5.79853,4.95877,4.48285,4.41478,5.1163,3.93193,4.6269,3.65218,3.55293,4.86627
3.53612,2.30853,3.09535,4.39769,4.25492,4.89677,4.38834,4.43822,5.22084,4.28615
3.1551,4.59285,5.8468,2.50524,4.54929,3.26194,4.75232,4.58022,2.79346,6.16385
3.66018,2.9469,4.11751,2.25207,2.76663,4.73762,4.65414,4.98094,6.16641,3.91755
3.32631,3.63537,4.25253,3.13818,3.29345,2.99996,4.48502,3.0493,4.77123,3.64778
4.53202,4.48594,4.36792,4.11355,5.38282,5.26737,3.76748,3.48304,3.02569,3.5583
4.4536,4.79408,4.5788,3.1126,4.48705,4.77302,5.33198,4.455,2.59746,3.41574
2.88873,5.98889,3.21283,5.08608,3.85917,3.51819,2.894,3.60424,5.57222,4.42659
2.43271,5.1698,3.11808,5.66144,2.05147,3.10226,4.05591,4.61169,4.94001,4.58967
2.45421,3.76165,3.06071,3.84713,4.84802,4.5802,4.57956,4.83947,3.58573,4.92812
4.78512,3.41968,4.10335,2.81503,2.54549,3.11855,3.14755,3.91364,5.35514,4.90003
4.2753,6.13676,3.8688,3.77212,3.51091,2.51421,2.958,4.47013,2.86454,5.71168
4.95229,3.21337,3.81564,5.33109,5.83095,3.7604,6.07254,6.85402,3.83826,3.76185
2.82437,3.36295,2.17402,3.15913,3.72821,5.30363,3.78614,6.27703,4.53232,3.8896
3.294,5.67375,3.78612,4.8641,2.76878,4.798,4.23308,2.9299,4.14217,4.34339
2.34439,4.97537,5.86638,5.60685,4.96526,5.07883,4.28036,3.10134,5.33331,3.69982
4.74036,5.87434,3.12032,4.55402,3.26954,2.49646,5.22902,3.8444,5.24536,4.14868
4.48428,3.94414,5.69375,4.46531,4.74279,3.92793,4.34284,3.86398,4.87776,4.74773
4.54453,5.25553,4.23768,4.22766,5.78151,3.91763,2.71418,2.27576,4.99653,3.63548
4.46718,3.1911,4.50057,5.56845,2.73764,5.06034,2.78218,3.7115,4.90664,4.47533
5.78953,4.98862,4.92771,3.9948,4.4342,2.37231,4.35326,5.14824,4.18793,2.46792
5.71362,3.51013,2.84055,2.74324,3.65338,2.47499,4.26562,4.06836,5.55898,2.54397
3.16089,3.57968,3.63066,4.06413,2.99281,4.63955,3.96992,2.88258,5.63909,4.86032
4.04387,4.53988,4.48448,3.43834,2.10668,4.73604,4.54642,2.28419,4.13745,3.93985
4.91684,5.24765,3.03274,3.58989,3.66788,2.79701,2.08888,4.93361,5.28955,3.63422
3.07286,4.88079,3.03116,2.86542,4.48417,3.64488,4.27245,6.47321,4.43793,3.33764
3.47999,3.30781,3.92278,4.94365,5.80076,4.16949,3.75529,4.397,3.83196,3.87899
3.37378,2.97378,4.66765,3.52474,4.59155,5.028,4.94295,1.97874,6.86357,5.28881
3.47472,6.12811,2.29068,3.62264,3.35549,3.02764,4.33288,4.2355,3.57528,4.10325
3.15275,3.22072,4.3671,2.91569,4.5369,3.80619,4.16086,2.64923,5.14179,4.2283
4.44596,1.74058,2.78423,3.29908,4.33943,3.66607,3.64277,5.56456,5.04015,5.06023
5.66743,3.57715,4.09884,3.02194,3.2718,5.08027,2.321,4.61579,1.78814,5.41795
3.90651,3.9606,4.25293,3.17769,3.12214,3.7382,4.47136,3.80505,4.59773,3.60067
7.13675,3.5703,3.02761,5.20917,2.71854,4.33246,5.26733,4.57942,3.5128,5.74862
3.33881,3.93529,3.86596,6.4621,3.05103,3.71789,2.9789,3.56896,3.51661,3.22218
3.10288,4.85488,2.40976,4.63119,3.59177,2.4186,5.34371,1.70486,3.05126,4.36439
4.13511,3.20837,4.46136,3.01672,4.44231,4.10265,1.37747,3.69967,3.29748,4.62653
1.8162,5.58056,4.60258,3.1618,4.07713,4.80075,2.90082,4.05749,2.16544,3.80056
3.08185,3.19332,4.37927,2.70871,4.041,3.15546,3.13989,3.5966,4.66207,3.65221
4.41462,4.4481,3.42884,3.7459,5.23554,5.55013,3.72858,4.93055,2.91505,3.53487
4.68507,4.1968,5.67503,3.52107,4.36684,4.00099,3.6315,4.77649,3.96027,4.77465
4.51018,2.89939,5.27851,4.84085,2.60071,5.14723,4.42284,3.30972,2.68982,4.37143
4.29908,3.46116,5.37192,2.71254,3.29052,3.86517,4.14547,4.82158,4.19362,3.88698
2.61,3.04528,4.04157,4.7405,4.69621,2.86682,3.73981,4.47766,4.56305,4.48004
6.76433,3.8929,4.11517,3.65364,4.02686,5.43002,3.30678,4.55043,6.70572,3.24693
3.64762,3.23655,3.33055,1.66098,1.55044,1.71621,3.67774,3.0993,2.41098,3.70834
2.94898,2.89348,4.47028,4.66067,3.97964,4.87463,3.63651,1.30937,2.88149,3.90002
5.44702,3.98918,4.81704,3.46239,3.58082,6.11491,4.53575,5.79276,3.35528,2.22542
4.45634,2.89856,2.07248,4.66104,4.05948,5.42868,3.86406,3.35471,3.20227,5.11166
4.41562,4.44939,3.75703,3.25911,3.30242,5.10465,3.41554,3.02415,5.15612,3.05178
5.73614,5.27997,3.38123,5.18119,4.36387,4.25972,4.96433,3.15776,2.92517,3.85716
3.9694,5.2071,3.9086,5.37158,4.34499,3.60476,2.83919,4.13043,4.17712,4.07619
4.09663,4.01829,3.65494,3.62567,2.91042,3.40714,4.8934,5.83832,4.28772,3.72696
3.79015,5.60957,4.85159,3.83545,5.47543,4.8053,3.87954,2.90898,5.36711,3.64678
3.52237,4.01511,5.02143,6.56697,4.18148,5.27974,4.56381,2.20081,4.74701,4.00402
4.06114,4.52132,4.06209,6.00556,4.00263,3.49061,3.95164,4.61698,2.57856,2.39627
0.695254,6.02888,4.41174,4.11526,3.72684,4.59746,4.68793,4.42737,2.94729,4.86478
3.77085,3.10332,3.33837,5.28986,3.49141,3.89756,3.7791,4.83304,6.46396,4.66853
1.8802,4.56173,3.99613,3.11066,5.99542,4.97887,2.52555,4.94654,3.41053,4.35968
3.89379,5.10224,3.10616,2.99419,2.73104,2.1235,4.0906,4.42234,4.34678,5.77273
3.42322,3.28758,3.5431,5.33081,3.88772,4.38784,4.31742,4.6158,3.81668,4.08678
3.72988,3.59484,4.59933,4.59262,4.82305,5.08635,3.47866,3.35793,2.7981,4.5899
3.36366,4.0852,4.83952,5.71757,5.07274,3.40102,3.20589,4.49241,5.60572,3.86666
2.54794,3.30274,5.2041,4.86188,5.16577,1.43734,4.39065,3.92708,1.56697,2.90002
3.15783,4.51421,4.91527,5.28271,4.37288,1.58841,3.4715,3.24704,4.34347,3.21505
5.60797,1.52424,3.6098,4.4973,6.12517,2.98593,4.48152,4.70472,5.19403,3.58365
4.53251,3.17092,3.89822,3.59262,3.62731,2.23126,3.02059,3.6625,2.43591,3.19834
4.61712,4.60978,2.9929,4.1033,5.02185,4.69193,5.39519,2.51136,3.72743,4.31323
3.11993,2.32847,3.64303,3.86368,4.66447,4.48812,4.46752,2.55015,2.61783,4.33738
3.59315,4.83153,4.10568,3.50743,2.3606,4.08761,3.57604,2.9032,3.29852,4.92661
4.5082,4.14009,3.80299,3.93591,4.03615,2.83248,4.28523,3.51123,3.54843,2.37221
5.54855,3.9414,7.26949,4.96396,4.40533,3.92266,4.47173,5.2835,2.60304,3.87086
3.98259,3.97548,2.26361,5.6175,2.12181,4.98633,3.60681,4.31773,4.31157,4.05176
3.39259,5.3296,5.37817,3.30305,4.46719,4.45449,2.19818,3.90081,4.72427,3.63682
4.06068,3.37216,4.1504,4.26808,4.16954,4.25785,4.4188,3.93082,5.43761,3.31389
5.40803,3.45049,1.5785,1.67182,4.70605,1.39636,6.86463,4.71583,4.67723,6.3116
1.481,4.98286,5.04806,3.74668,4.68853,3.74843,2.92821,4.91568,4.34222,4.8595
4.04118,4.86701,5.54866,3.12462,4.48964,3.25154,4.64962,3.9308,2.92465,4.05632
2.73891,5.03174,4.67687,4.19412,3.53074,4.68778,3.7618,5.38319,5.13791,3.73437
5.02304,4.55969,3.62824,3.85952,4.71602,3.70113,4.85273,4.7578,1.01496,3.87663
3.04785,3.7042,2.11935,3.91596,2.20286,4.46754,2.69326,4.25782,5.48788,3.68189
4.69745,4.4778,2.70893,4.68696,2.91638,2.05697,5.07638,3.52398,4.59825,3.72141
3.52027,5.16581,3.83428,3.2233,1.4711,3.36357,3.81991,1.71835,2.55916,4.5984
2.47707,4.25314,3.88322,5.88952,4.70894,3.59428,4.0525,4.10873,5.12922,5.23514
1.92032,4.201,2.69004,4.70203,4.54146,3.67372,2.30032,3.77513,4.70553,4.47656
4.51498,5.42638,4.47498,4.70211,4.09805,3.16107,5.11801,3.90257,3.78995,4.64165
3.86119,4.10983,2.74481,5.35274,1.92937,5.31398,3.46565,4.73664,3.61273,2.86124
4.8953,3.95116,4.79402,5.54117,4.47213,2.55857,3.04522,3.69166,3.38449,4.5748
4.50117,3.08819,3.18739,5.70226,3.77112,3.01674,2.34698,5.05647,3.00381,4.60725
4.27079,2.81413,2.0565,3.3134,3.11793,4.56551,4.14698,3.78403,3.38358,4.8922
3.41949,4.07533,4.792,5.15665,3.97814,3.08408,4.32096,4.62665,4.15651,4.09952
3.53401,6.74217,5.44891,4.53599,4.41428,3.36759,3.66104,1.63149,3.11594,5.23098
4.63532,3.86505,2.81133,3.61663,3.29056,3.8777,3.40345,3.96195,4.11585,3.01518
2.74672,5.21126,3.96023,5.0424,3.86788,3.35631,3.81439,4.40617,5.27993,4.47005
3.5777,3.10856,3.4527,3.89538,3.45482,4.15476,4.56952,4.71678,3.18615,4.74333
4.01596,3.7745,4.80931,4.08938,3.19617,4.00388,3.68726,3.84688,3.05719,5.72653
3.90214,2.74574,2.18096,2.80734,3.69504,4.1223,5.0009,5.04306,4.56243,6.58298
