10
3.90561,3.15976,5.45503,4.53968,5.34433,3.96538,2.13492,3.54787,5.35068,4.33464
3.56137,4.91698,4.70561,3.59882,4.02808,4.82387,2.82513,4.92631,4.39171,5.0888
2.14058,4.5543,4.93689,3.70689,3.62192,2.93655,4.13693,3.35562,4.2873,2.81803
4.32037,3.3848,3.44559,4.02397,4.05343,5.73294,3.68545,5.19778,4.80836,2.20776
2.96226,4.59565,5.478,3.87852,4.53961,3.6205,6.35665,3.92571,2.65814,3.58397
4.01254,3.90923,4.42288,4.93118,1.89667,2.67417,3.32844,2.88393,5.99172,3.92442
4.24213,4.17852,5.49755,4.82734,4.87185,3.13469,3.71248,4.64534,3.44515,3.1359
4.75732,4.61385,5.84265,4.4762,5.27236,4.60708,3.30733,4.94303,3.08771,4.60767
4.55769,1.7489,2.69944,3.32379,4.6562,3.53854,4.28318,5.89459,3.47727,6.58979
2.98814,3.44836,3.34858,3.99888,3.56493,3.93196,4.70937,3.73753,3.20555,4.22471
4.36975,4.17154,3.13931,4.43623,2.7318,3.69452,2.89154,5.73553,3.51042,3.28529
4.28867,4.50783,4.76563,5.38843,3.47005,3.21214,4.6827,5.20145,4.51169,3.70498
4.03328,3.81287,4.73687,3.10642,5.01747,5.58822,6.11254,4.57537,3.60357,4.90752
3.80243,4.62719,4.67641,3.76039,3.75646,3.95354,5.0803,4.10706,5.13668,3.03885
3.94487,3.55107,3.43493,3.14232,4.56962,4.74666,3.8811,2.99766,4.59404,3.773
2.9924,5.64025,5.31203,3.40297,3.88937,3.58765,6.45282,2.53484,5.46842,3.58256
3.87497,4.17666,3.28156,3.89384,5.01332,3.91493,4.18067,4.10284,3.4736,3.43556
5.82281,3.99257,5.49796,4.05154,5.19656,3.02357,4.16978,3.90905,6.22601,4.89661
4.09114,3.94023,4.8535,4.42428,4.68354,4.13779,3.83168,4.98741,2.81009,5.74065
4.10488,2.82128,4.51558,3.93108,4.22173,3.36833,4.54758,3.64436,1.85728,3.02153
5.06856,1.64715,4.37838,4.9135,4.24609,2.91771,1.87183,3.36046,4.81972,4.42151
4.47342,3.77433,5.32908,5.09854,4.10588,4.62213,5.03676,4.79735,2.32111,4.15675
3.55414,3.0267,3.01674,3.18652,5.33614,3.74342,4.00583,4.29986,3.61852,4.60981
3.74162,5.00733,4.5971,5.79068,3.53634,3.75755,2.20459,5.77125,4.3077,4.62545
4.16441,5.20238,6.03195,4.41939,3.636,3.99335,6.24108,3.65427,3.47058,4.74474
2.51714,3.74561,3.23644,2.84765,2.6622,4.00481,2.74069,4.10882,4.594,4.29302
4.06758,4.54275,5.30399,3.36686,5.0094,3.29367,4.06189,4.12237,4.64648,3.55326
2.60932,3.42856,3.42071,3.67689,3.27764,2.41688,3.70226,3.8688,3.7453,5.85186
3.64718,3.64752,2.65616,3.88347,2.59765,3.25648,3.62874,3.4269,4.57575,3.19802
2.68779,2.80203,3.39283,3.86095,5.07845,5.778,2.60615,4.68706,4.91554,4.28219
5.15509,4.85997,4.71016,4.6438,5.61061,2.96701,5.59926,3.19376,3.31477,3.57692
2.49364,4.07323,4.9953,3.66835,4.3035,4.19352,6.14316,4.96619,2.1443,3.52566
3.89157,4.13559,4.88635,1.7673,2.86346,5.02923,3.96774,4.2802,4.06329,5.2538
4.22369,4.15347,3.74399,3.64564,4.01115,4.9121,5.3415,3.65871,3.56949,3.41721
4.6637,3.13377,2.48697,2.78351,3.15986,4.48279,3.71878,2.62474,4.44465,3.83333
2.96425,4.43732,3.30559,4.64799,3.90604,2.79538,3.62686,4.4474,2.94447,3.83633
3.02629,3.57341,5.4489,3.39337,3.95954,4.05274,2.50518,4.75662,4.16246,4.00581
5.25491,4.26134,5.27767,4.99133,3.48947,3.68715,2.75041,3.87789,3.40728,3.94497
2.37654,3.28095,1.32187,3.22744,2.57749,4.31752,3.44296,5.72317,6.41128,4.42195
3.7056,5.12567,3.60275,2.42537,4.19793,3.76474,3.4117,4.17111,5.04427,4.11707
4.02243,4.5354,4.76148,3.92953,3.24013,4.00257,4.27035,3.67771,4.61854,4.7345
3.95421,2.51213,4.56317,2.52451,0.948007,4.98125,5.54162,4.29264,3.86823,5.11923
6.75966,4.19446,4.66509,4.88944,2.91892,1.44052,5.21615,3.78238,2.94157,5.24833
3.56104,4.27732,2.0463,4.17984,3.86187,4.7132,5.7662,4.78116,4.54814,2.64465
6.1547,3.3162,4.19353,4.8544,4.69115,4.23058,5.14485,6.09018,2.42549,6.20062
4.24419,4.69673,5.13245,5.22852,2.96669,4.25624,4.778,3.74207,4.34495,4.95044
2.41374,4.40671,3.79977,3.15377,5.44835,3.42948,5.12659,3.13796,4.27941,5.17605
4.46248,3.64208,3.5763,3.93726,4.16625,3.52622,4.70742,6.57396,5.22217,4.88689
4.48549,3.80669,4.69296,3.69017,4.55246,3.89953,4.625,5.08586,2.61645,5.39875
3.42686,3.74306,2.44433,2.19583,2.92867,3.80909,4.30083,5.08217,2.61593,3.76537
3.5549,3.47734,3.54247,5.18743,5.53131,4.24291,3.6845,4.30675,2.35399,3.27574
4.42012,3.9094,3.87411,5.3992,4.48255,2.33429,5.54741,3.86602,4.40634,4.97808
4.15188,4.8512,3.72644,4.45238,3.59735,6.84269,4.89117,5.49242,5.78752,4.96367
4.32066,3.10186,4.36692,6.33539,3.3405,3.03872,3.82143,2.16152,2.60166,4.67893
3.6475,3.89991,3.06292,5.31243,4.40913,3.5737,5.61373,3.93605,3.45859,2.8062
3.81282,4.21827,4.7982,5.76295,5.27998,2.45008,5.00203,3.20357,4.4855,5.06239
3.50218,3.35952,4.23711,4.93845,5.41046,4.17544,4.34868,5.45698,4.19317,4.01383
5.0039,2.24654,2.87883,4.29851,4.52903,3.4927,4.91688,4.99386,3.04412,3.66264
4.23309,4.37012,3.32868,4.56572,5.30862,3.98142,5.47903,2.39905,4.62142,3.9443
3.82783,3.78205,2.05049,3.40342,4.34721,4.33592,6.3285,3.63417,4.37454,3.8918
4.16347,4.85076,2.82855,4.87937,3.54187,4.89268,3.04487,4.85959,3.72703,5.91179
2.33804,3.40389,4.18056,5.32872,4.01298,5.01048,3.69512,4.40738,5.89203,3.44532
3.94151,2.21167,3.60226,2.81246,5.13754,4.76624,3.90938,2.5952,3.64441,2.66528
2.76982,4.73773,7.16385,2.91351,5.13872,4.81156,3.34163,3.61554,4.14372,4.32206
5.37388,4.78325,4.26663,4.87173,5.25552,5.46047,5.26533,5.1847,3.71414,3.96916
4.28129,4.45064,2.53797,3.7596,4.35249,3.15496,2.69063,2.91206,5.05743,4.53008
4.9977,4.8262,3.8622,4.78973,3.71343,4.25911,4.93046,5.31767,5.01397,3.10732
4.18324,2.83279,3.336,5.37865,4.34495,3.78006,3.51612,3.6788,5.47126,2.51674
3.97419,4.52481,4.16826,3.91293,4.28116,4.32166,4.0788,2.85819,5.0819,2.32056
3.73517,4.40302,3.10105,4.5148,4.05601,5.83848,4.44215,5.85929,4.00027,2.7695
3.19263,3.83525,2.85819,2.84807,4.68716,4.98047,5.53515,4.96144,3.47063,3.96924
3.79338,3.79792,2.13092,4.98832,5.85802,3.43179,4.81534,3.16124,3.32663,4.36281
2.93633,5.23334,3.2535,3.7536,2.63884,3.90348,4.75654,4.15752,4.3966,3.49246
3.90639,3.83787,2.97049,3.91494,4.43164,3.29976,4.07251,4.19699,6.40117,4.6634
4.72686,1.31034,3.95757,2.5266,3.81754,2.653,4.50888,4.06573,4.24786,2.28593
4.10993,5.48012,4.44226,2.38421,2.94468,2.71754,5.19829,2.70291,4.93508,4.1268
2.43243,5.06968,5.0306,2.66832,3.96405,6.01869,2.85022,5.34143,4.5459,5.10608
3.59154,5.54394,4.15744,4.16845,5.2968,3.48468,3.97121,3.38584,2.55992,3.09934
3.08376,2.98326,5.5869,5.65816,2.87441,4.20466,4.04508,3.65007,3.89605,4.5364
3.01809,4.8735,2.30341,3.7068,2.43436,4.06396,3.73329,4.53148,3.99757,4.26068
5.2877,3.57295,4.81287,2.73141,4.39353,2.12484,3.67701,3.1397,3.94804,4.51866
6.1263,4.73542,3.67769,4.5971,4.45874,4.37441,3.20412,2.98435,3.41409,4.72179
3.17637,2.57866,4.63869,4.62182,4.57426,4.19495,4.38857,3.68621,4.44295,3.37695
3.14205,3.6959,4.2001,4.54341,3.07804,3.53996,4.88711,2.69401,4.38216,3.45029
4.06733,5.18819,4.51274,5.0552,4.02454,3.52577,5.41629,5.28561,3.93723,4.9692
2.78099,2.26404,4.06404,3.6777,4.23522,3.79662,4.32641,4.3981,5.43924,3.53999
5.46966,3.88884,4.9149,3.49529,4.63983,4.84596,6.56032,4.62826,3.12082,3.20135
3.38045,4.01305,4.3327,3.99146,3.22657,2.08969,3.46019,4.21129,4.58724,5.00637
4.41705,1.97524,3.57046,3.59198,4.81263,5.55667,4.90168,1.93213,2.17339,4.99317
3.0398,3.73349,3.12472,3.52893,5.14352,2.50066,2.91502,3.70723,4.71356,3.29991
2.7829,2.54004,2.49519,2.93323,4.91564,5.00169,4.85527,3.62575,4.31856,3.22567
4.79217,4.46227,3.37858,3.32684,3.17953,5.29985,5.34619,3.33286,3.0789,5.16296
5.14391,4.12424,3.1065,3.11917,3.71863,3.70442,3.65645,4.11122,4.57837,5.18206
6.17199,1.88978,4.0057,4.93422,3.40714,3.52338,6.15163,5.07715,4.08027,4.21075
3.08917,3.9515,3.66289,3.79213,3.98227,4.8238,3.16715,3.76053,3.40484,4.15647
2.78614,3.70469,3.21972,2.80332,3.61381,1.16628,4.07486,2.65615,4.38509,4.96655
4.17093,5.60256,3.959,5.4515,5.9818,3.25732,4.44768,4.43753,3.8942,3.39667
2.28719,5.18959,1.49476,3.13466,5.40172,3.88698,4.73456,3.93343,4.35592,2.98195
5.29778,3.41066,3.89699,2.51832,4.84656,3.13209,3.62845,2.58091,4.80585,3.94531
3.58059,4.35789,3.94952,4.4933,3.13475,4.2514,5.42564,5.40198,4.01431,3.78082
2.62572,4.31496,3.30613,3.36184,3.27884,4.14706,5.73903,2.75018,4.38389,2.49694
3.60258,1.86653,4.90371,4.37486,6.05712,1.94809,5.84073,5.24819,5.47388,4.86102
3.44945,5.39534,4.46375,3.2103,3.8034,3.89256,4.34418,3.8992,4.09007,2.08989
5.27355,4.21775,4.35028,5.6929,4.49695,1.63003,2.38017,1.49048,4.2242,1.40824
3.43492,4.76823,2.98029,5.01877,4.08717,3.20206,3.90881,4.39933,4.85526,4.80681
2.77266,4.60109,4.59172,3.56511,2.22437,4.17802,4.27975,6.22378,4.83361,5.59175
5.44959,2.07376,4.01819,4.41401,3.55413,4.23283,5.04423,5.38993,5.99462,4.41756
2.48892,4.13144,3.83597,5.38678,3.81593,5.70757,3.40479,2.8407,3.80746,2.86548
5.0423,2.72773,3.20689,3.28337,3.23701,4.1131,6.4085,4.39417,3.74174,2.69532
3.30669,4.12836,6.01607,3.03901,5.14897,4.05677,6.1145,4.9178,2.50718,4.78819
3.52681,5.60918,3.04417,5.43483,4.7235,5.70099,3.28215,4.58927,3.93825,3.92769
4.40543,2.45797,2.58558,3.40637,2.86524,4.56788,5.10815,4.74339,3.30941,1.74413
5.79029,4.75153,3.82898,3.79207,3.19731,5.05624,3.51472,3.54123,3.44216,1.62935
3.83104,5.1103,3.36745,5.51939,5.30084,3.76744,5.21233,3.84938,1.9338,5.68677
3.54333,3.91627,4.66949,3.8688,4.45725,3.99647,4.62999,3.35127,4.81597,2.70782
4.56598,4.47057,4.87704,2.88236,5.59141,4.26358,4.42427,4.97859,3.11645,3.74422
5.09762,4.02773,5.86467,4.61419,4.71138,4.55776,5.17036,6.66085,5.59389,2.86007
5.02489,3.729,3.47064,3.57856,4.41993,3.53966,2.98356,3.46541,3.37137,4.59438
3.74885,5.41836,2.80113,2.50426,4.19192,1.49793,1.8589,6.3786,6.62331,4.08308
4.05373,4.06379,4.15974,3.74255,3.98869,4.92577,4.99625,4.79103,6.01272,4.97544
3.75389,3.46293,2.94498,3.23026,2.69119,4.31373,4.65325,3.51523,3.48587,2.93488
4.99988,4.38633,4.29399,3.77841,4.62823,3.66691,5.4477,5.06699,4.19586,3.92515
4.1029,5.54635,3.53404,3.69574,3.26254,4.13835,3.06908,2.36296,5.09822,3.68069
3.79984,3.16538,3.99828,3.84881,3.90985,6.53192,3.49735,4.08805,3.48402,4.65926
2.8815,3.94408,4.81737,4.05184,2.72143,4.32255,3.34773,3.54521,3.82211,3.94511
4.63835,4.488,3.47358,4.56856,3.35122,8.00721,4.30032,5.16401,3.44,3.96519
3.77285,2.99529,3.54457,3.85233,5.49226,3.01956,3.61116,3.78485,3.54808,3.82856
3.25916,5.70548,4.69274,6.06426,5.51587,4.31836,5.70747,3.2283,3.8648,3.52626
3.68216,4.36236,3.68639,3.73126,4.50315,4.21415,3.54513,5.26988,3.63069,3.56116
3.60447,2.20067,5.38392,4.93093,3.99362,3.01412,4.56415,5.37828,4.03362,3.98943
3.01,4.14339,4.38943,1.41444,4.02713,4.75169,4.88101,5.45858,4.14274,4.10472
4.9286,4.99363,3.83902,2.29027,3.9816,4.98045,1.90064,4.29244,6.88318,3.76874
4.48265,5.91376,3.29995,4.64262,3.05784,3.1828,4.15721,4.29757,5.79314,3.52143
4.49089,2.90508,5.61298,1.12655,2.51065,4.28545,4.07098,2.91735,3.65475,2.59945
4.44369,1.92941,3.22323,4.65524,4.12619,4.07458,3.73445,3.59726,4.42272,5.34369
4.50328,4.46245,4.49543,3.86835,0.731675,3.93444,4.08182,2.87689,4.34173,4.07368
2.8751,3.97697,3.26569,5.15085,3.46621,2.76902,4.71126,5.0466,4.47948,4.65151
5.61616,4.12201,5.0849,3.23775,2.69424,5.32478,4.35503,5.29865,2.85153,4.10502
4.74568,4.84552,4.09691,3.91139,4.96752,5.36272,3.46172,4.96947,2.75095,3.96352
4.90544,3.16223,4.32325,3.9456,3.55334,3.88902,2.04235,2.97399,3.7366,5.3958
5.32393,6.07796,3.23661,3.5191,4.66577,4.77807,3.44609,3.97,5.46468,5.22155
3.01074,4.4194,1.59158,3.55877,5.12616,3.19436,3.82845,4.69415,4.20273,3.70619
4.27066,3.22094,4.06195,3.42365,4.91737,3.7558,2.02079,4.41387,3.28617,6.29289
3.77227,2.36184,3.48544,3.63745,2.34813,3.82056,4.04786,4.70396,5.2823,3.01597
2.99128,3.8667,4.28305,4.89582,2.97672,3.97446,4.18159,4.56064,4.36049,5.04852
4.09493,5.34863,4.74367,3.66039,3.29015,5.20085,5.03824,5.1208,4.15655,4.30134
4.05039,4.2618,3.21051,5.06078,2.57968,5.11864,5.7177,5.19757,3.47465,4.75344
2.41152,2.01948,3.95332,5.70696,4.28315,2.12761,4.3115,3.40315,1.25262,2.63503
2.00326,3.35704,4.89272,4.97405,5.0267,4.36668,2.87085,3.92781,4.00008,3.90218
4.27131,5.5765,4.39304,3.33376,5.04693,3.8267,3.25028,3.81814,3.69667,5.46854
4.08104,3.87662,3.34084,5.12426,2.93575,4.46588,3.52896,3.79019,4.95702,5.01496
3.57414,2.26807,5.02901,5.23428,3.98003,4.02523,6.00042,3.96438,3.87617,3.31975
3.03348,2.42662,4.26646,3.51352,5.15249,4.12974,4.05859,5.34072,3.99196,3.4318
3.01111,3.23373,5.68021,4.8238,3.09326,6.15766,4.07435,3.48487,4.11153,4.09759
4.34819,5.53988,4.28182,3.61193,7.28515,3.91536,3.74006,4.86738,4.00377,3.42236
4.02363,3.83485,4.59035,3.30892,5.87684,4.36725,3.16054,4.23782,5.03942,5.58927
4.26136,4.70268,4.87048,5.33462,2.95446,3.6071,5.02569,3.99713,4.02483,3.71541
4.02035,3.20807,3.97244,2.10802,4.24469,4.23054,4.01247,5.20595,4.64334,3.45042
4.83724,5.86528,3.06332,4.59546,2.75134,3.29162,3.27052,5.01017,5.46631,4.03643
3.11562,3.46171,4.81321,2.64896,3.50232,2.93662,3.64958,2.60644,3.85276,3.09952
4.11,4.29839,6.64176,4.63178,4.56127,2.48423,4.43249,2.58912,5.74592,3.58227
5.26649,3.57261,4.41397,4.76819,2.53928,4.40375,3.14773,4.22751,4.86307,1.67251
2.16096,4.80523,4.81574,4.291,3.94869,5.10732,3.80037,3.6642,3.49901,3.75939
3.60799,4.38154,3.21322,2.42776,2.52331,4.57536,2.87582,2.10094,3.32183,6.09159
2.36471,3.30718,4.6202,3.64606,3.03319,5.62675,5.10084,2.8463,2.82515,3.65799
5.06307,3.78017,4.43363,3.07627,4.20779,2.89946,3.23656,4.47821,2.17196,3.3403
3.66343,2.46818,4.04023,1.63496,4.91978,3.18288,5.53285,3.85108,4.17967,2.74176
3.83004,3.96227,4.21145,3.88639,2.6989,3.48762,5.26881,4.04154,2.6722,3.94768
2.12331,4.97182,3.51357,3.77101,3.29981,4.05537,4.30976,3.80303,3.71538,2.83768
3.6045,4.58133,4.2772,5.45613,4.54317,3.3951,5.69787,5.39767,5.3212,1.85202
4.88197,4.42049,3.56451,4.4129,3.52709,5.13059,4.09669,3.77365,3.78587,3.62516
5.65478,4.68145,4.55417,5.81562,4.74154,3.53277,3.72452,4.95007,4.33355,5.13983
3.12297,5.87554,5.73057,2.58939,5.85552,4.87194,2.47652,3.81911,4.52444,1.53499
4.57276,3.55744,2.62428,4.14263,4.14784,4.09045,1.74109,4.41637,1.75451,3.57113
2.21123,2.83262,4.76225,3.8904,3.81829,4.94339,3.8216,2.04057,5.18805,2.37023
4.63737,3.32535,2.87289,4.63437,3.1638,4.84532,4.35388,4.39622,5.06689,4.89438
4.92439,2.59397,6.53084,3.00557,4.26256,4.26766,4.04649,3.12748,3.87879,4.08238
4.65338,4.35624,4.07163,3.44253,2.8272,2.89554,2.22196,5.31164,4.87334,3.30444
4.59039,4.17499,4.20176,2.75837,4.29001,4.48619,4.53532,2.55413,4.66372,5.64363
2.96394,3.47786,3.33693,4.69499,2.70277,5.30614,4.22588,4.281,3.83734,5.70627
3.91083,4.18818,5.30564,3.87572,4.08281,6.06859,3.90294,3.1649,5.07451,4.71593
4.44488,3.55863,4.22231,2.3096,4.11599,4.6017,4.06019,3.94441,7.16494,4.66965
5.18208,3.54457,2.22577,6.11069,5.73469,4.56692,4.53854,4.76419,4.97572,4.52377
3.60332,4.51267,4.64108,3.3237,4.81729,4.56213,5.16566,4.59683,4.58645,2.46355
4.01022,2.95924,2.5585,4.68478,3.71435,3.03807,4.24372,3.15169,3.76574,3.96561
4.35249,5.13177,4.21929,4.26354,5.24771,3.38462,4.99956,4.19852,5.70431,2.79537
2.65613,3.46113,4.51512,4.93058,3.17209,3.11063,3.04513,4.79768,5.00299,3.96458
5.18316,5.71737,3.25613,4.93492,4.05343,4.836,4.70902,3.82578,5.18606,3.02428
5.93574,4.93234,5.29675,2.90731,3.67992,3.74028,4.17655,4.52327,5.32043,5.70509
5.26945,2.58171,4.12268,1.04122,2.32602,3.62738,2.55548,4.89808,4.31915,4.857
2.81188,3.57761,4.1325,1.82942,5.37741,3.40172,5.10609,3.52577,3.611,2.83168
6.0526,4.40451,3.6614,2.50223,4.34227,4.97536,3.27861,3.67675,4.39165,3.31146
5.43228,2.79342,2.47725,4.89934,6.59041,3.58491,4.8792,2.75604,2.42772,4.11777
5.30638,4.16842,3.58133,2.7932,4.19703,3.55074,4.64473,4.9603,3.05853,4.64283
4.32818,2.70076,4.21502,3.82615,3.86811,2.56804,4.32682,4.71024,3.02781,5.09783
6.05498,3.96308,4.37506,2.50873,4.28538,4.35531,3.6618,2.91675,4.81075,3.90581
5.3859,3.86913,4.63595,3.34837,3.39472,3.51251,4.19775,3.435,4.54446,4.54296
3.46096,4.02362,3.72046,5.01287,3.38954,3.92588,5.39037,4.71471,5.3976,4.04056
2.39296,4.43862,4.34525,4.95616,3.56072,4.37543,4.3139,4.45685,4.23129,5.30033
2.86342,1.80058,4.46902,3.63499,4.52857,4.66271,4.10158,4.55507,3.52842,4.5396
4.12812,3.76963,3.31899,3.3165,6.14778,2.59768,3.81552,2.58461,3.9774,7.41445
4.11001,5.09726,3.09912,4.45584,6.91388,4.29275,4.6084,5.53425,4.73932,2.17721
2.42421,3.60975,2.68136,2.56989,4.65846,3.97937,4.11191,3.73172,3.63282,3.34193
5.19232,3.89068,3.59791,3.04064,4.57366,4.11804,3.82827,6.03857,4.02151,3.43462
5.83328,3.50202,3.0531,4.49035,5.09013,2.69727,4.39553,3.61534,5.16057,4.24076
4.44911,3.41444,2.62622,2.59121,2.86046,3.69841,4.93752,5.44638,5.10582,4.88031
3.37017,3.14107,4.22735,3.5655,3.65732,4.35613,6.29667,4.73516,4.64381,4.86034
2.64374,4.96107,5.09381,4.47112,3.27903,3.44421,3.83871,5.02354,3.47763,3.54412
2.3614,2.71958,5.1518,4.3863,4.35827,5.001,5.75716,3.86277,3.59058,4.15878
4.68591,3.86731,4.34446,4.97777,3.60799,3.74015,4.32738,4.14586,3.68713,1.66603
3.38754,3.95847,4.80798,4.36046,3.80552,3.80618,4.14651,5.20184,3.55844,4.3227
1.9948,3.59829,2.9544,3.33141,4.84495,3.40827,4.41743,3.91122,3.44024,5.06024
4.27493,5.32593,2.90058,4.48931,5.53027,2.53222,2.5483,4.05443,4.67731,2.9881
3.73778,2.79073,3.1779,4.59997,5.23855,4.83159,3.92983,2.91771,4.06933,3.43476
5.9226,5.0379,4.70874,4.39244,4.64896,3.51756,4.21701,3.34583,3.41325,3.64339
5.11563,3.8469,3.9007,1.85969,4.45951,1.80668,2.9004,6.39106,5.2695,2.27574
2.50865,3.00205,5.21119,3.75437,2.56742,3.55587,3.84732,3.3898,3.97263,3.38978
4.30685,3.9251,4.64012,6.111,4.81833,3.6416,4.97021,2.53383,3.44308,2.02531
4.16293,5.01348,2.45802,5.60005,4.33382,3.62176,3.03776,2.94888,3.26634,5.39338
4.92099,3.86187,4.21347,3.67022,3.40405,6.25366,3.69096,3.42493,4.5867,3.65051
2.63335,4.89005,3.47891,3.34532,3.88457,3.20838,3.12855,3.01923,3.76782,3.77604
4.34052,3.73077,5.8555,4.08776,6.26213,5.70181,4.5977,5.55577,3.56099,4.49198
2.25215,2.6576,4.59228,6.00836,5.7056,1.53362,3.13766,3.12911,2.3207,3.36391
4.537,3.05844,4.01503,3.4937,4.44277,5.1284,3.57055,2.85947,3.84734,3.85655
2.60111,3.94393,5.19841,4.34319,3.88193,3.61124,3.08304,2.5408,4.02008,1.59644
2.65627,3.75775,3.57654,3.92943,5.22722,5.29454,2.94823,5.47512,4.32713,3.65699
2.8958,3.15632,6.00833,5.61595,2.27558,4.15649,2.40206,4.80338,6.67734,4.13475
6.12884,5.53895,4.2064,3.78159,3.80523,4.52856,3.48978,3.45609,2.27681,4.18927
3.16327,4.15744,4.05606,5.71787,3.59622,5.55752,6.37092,4.4752,3.60374,5.27999
2.88544,4.85191,1.32014,4.55796,4.16353,3.88533,4.07292,4.58573,3.1768,4.73888
4.70736,5.39861,5.14137,4.30114,4.16039,4.1782,2.92179,4.28525,3.2553,4.58028
4.47479,4.64552,4.55658,4.91478,4.63627,4.42686,3.64111,2.53214,3.35767,3.50075
4.61149,4.09952,3.66919,4.55071,3.9872,4.66309,4.36401,4.9379,5.17466,4.7304
3.7706,4.39905,3.27727,2.57528,6.14463,3.99324,4.01978,5.54775,3.15337,4.43322
3.19524,3.58605,1.89208,4.74389,4.39515,5.88986,4.16988,2.91985,3.5131,2.70641
3.9051,2.38208,3.76582,4.60949,2.33565,3.78462,4.89963,3.5276,4.84451,4.04961
3.36323,4.29265,4.09362,3.44084,3.47973,4.65158,4.29334,4.50444,4.87271,3.139
5.80581,4.38705,4.77812,4.74725,3.93044,5.27316,4.31165,3.80596,4.14975,5.92137
5.66854,4.94161,2.78006,3.36036,4.09301,4.41804,4.70237,4.89364,5.45155,4.1427
4.77509,2.99405,4.4652,4.13419,5.27365,4.75977,4.04232,3.87368,4.17109,4.24707
4.58957,4.92615,4.14135,3.9941,3.03987,2.89631,5.47008,3.07157,4.20622,6.52353
2.9552,3.93962,4.25773,4.04037,3.1528,4.13313,3.49851,4.07047,3.90326,3.37097
3.89718,3.99392,3.51312,3.58879,3.12993,4.35087,4.77227,4.06043,3.45504,3.31871
4.83751,4.50368,5.39719,4.73777,4.64158,4.85106,4.35581,3.35409,4.18325,5.86925
2.92532,4.8241,2.56427,3.29227,4.8435,4.77727,4.85817,3.7838,5.63767,5.0491
3.60425,4.36262,4.93605,2.09785,3.55567,3.76133,2.02025,5.23647,5.27079,3.9739
3.44229,6.59812,4.40851,3.86738,3.34241,5.18985,4.3438,2.95223,3.87795,5.71061
1.96435,4.33966,4.47355,4.34665,4.33767,3.44025,4.06846,3.07801,5.55499,2.9414
1.95998,3.79821,3.20555,5.42655,5.74811,5.87528,3.46916,5.26766,4.72993,5.06566
4.55844,4.6405,2.64579,3.13602,3.32155,3.94413,4.022,3.74516,4.56143,5.33991
3.37639,4.87044,4.55013,2.56906,5.46809,5.03011,3.75368,4.38676,3.66029,3.91217
3.44907,4.16124,3.3166,3.35173,3.00301,3.85926,3.55067,3.77277,1.79069,3.48216
4.9905,4.56899,3.14619,2.12891,3.89159,5.67107,5.49669,4.44438,4.4032,3.27694
5.12309,4.19206,5.43997,1.95051,3.8591,5.11034,2.9141,6.44326,5.01185,4.23862
4.05673,4.7367,4.7311,5.11493,3.50783,4.76185,4.15059,4.51874,4.64924,4.33734
4.75455,3.70285,3.70596,4.45667,5.20341,3.58245,3.29595,3.82862,4.11445,3.64176
4.49743,3.67787,5.16121,5.06911,5.09703,4.06269,4.4893,2.38288,3.24898,5.3257
3.28367,4.00651,3.48431,3.80407,5.30536,3.7391,3.96702,2.60216,4.72156,2.66076
4.40705,5.37174,4.54866,4.67256,1.01696,3.96027,4.50566,4.89072,5.16321,5.37081
3.91221,3.72073,2.74181,3.85055,6.05736,4.82851,6.30721,4.12846,4.58796,5.25578
5.24565,4.9358,3.66559,4.6929,3.38549,4.77696,3.79084,3.47979,2.96719,4.94867
3.73892,4.16128,4.31905,3.73943,5.44093,3.4713,5.03868,3.45645,2.57292,4.32668
4.06841,3.87325,5.8752,4.61418,3.50754,4.37037,3.40033,4.29786,3.35841,3.90638
2.3366,4.87136,3.94054,5.49866,3.00355,3.34611,4.4622,4.70064,5.13252,3.6953
3.63051,4.98159,4.16363,4.18067,2.41464,5.29049,2.56689,4.29163,2.93271,4.17882
5.5341,4.43234,2.88739,4.85794,6.17277,3.11078,3.32541,4.01217,2.8813,3.64993
4.25058,5.21386,4.28633,4.6994,4.61127,4.90007,4.01448,3.04606,6.11526,4.24733
4.51652,5.38292,4.46751,4.15522,3.12765,4.26337,3.72578,3.39349,3.20599,3.49781
6.23415,5.63707,4.9657,1.90181,4.23244,3.58801,3.98954,4.94187,2.98148,4.1387
4.75827,4.56547,4.15687,3.71911,3.70461,4.93084,3.41805,3.09633,4.96723,4.72722
4.3931,5.87106,3.83474,3.38697,3.22642,3.24188,4.28822,5.26674,5.13798,3.66084
4.60853,3.84531,5.15809,3.95129,3.07318,4.19816,4.3212,3.09859,4.2565,2.76181
2.06698,4.83511,3.9818,4.21452,3.94218,4.28496,3.58192,3.46924,3.48288,3.47704
3.07943,4.31543,4.78974,3.49002,5.0216,2.20797,5.0373,4.37996,3.86129,5.54646
3.9359,3.27435,4.66261,3.42323,3.35214,3.77119,5.27535,4.19718,4.28498,3.91357
3.88337,4.40434,5.13702,6.08405,5.40966,3.59271,3.85307,3.69593,4.26673,3.76758
4.90043,3.55031,5.18302,4.86147,4.74039,4.09686,4.16028,2.09119,2.66208,1.52879
4.19447,3.35495,3.05336,4.22035,4.3545,5.08267,3.53847,3.28238,4.306,5.85357
4.07071,3.16161,4.92339,4.28275,3.57542,3.76997,3.67862,3.76785,3.9421,4.36388
5.10718,3.53181,2.14256,5.45919,6.24466,2.41658,4.64197,2.96262,3.47722,4.77054
3.08215,4.87407,2.93056,4.74753,3.47347,3.54271,2.4163,3.20543,6.06275,2.63814
3.83536,5.02729,4.3164,4.21418,4.01619,3.3722,5.85941,4.75107,6.14515,2.42721
4.57323,3.15871,4.24498,4.4574,5.78162,4.67183,3.39871,2.16711,4.31275,4.59096
3.21856,3.67317,5.05959,2.84689,1.57129,4.34442,3.3396,3.87129,4.76246,4.73199
4.74645,3.2869,5.26657,4.60691,3.78093,4.84772,4.30585,3.86683,4.19722,4.98001
2.96631,2.20484,3.78284,5.44882,6.54251,4.1171,3.82972,3.36343,4.45511,4.07638
2.24188,3.58725,3.93338,4.11349,4.82237,4.21174,4.06778,4.74407,4.79718,3.7558
4.03725,3.76496,4.20262,5.35683,4.63294,4.75053,6.34199,4.75734,3.50356,4.09225
2.95736,1.31315,3.52713,2.24856,3.50237,4.02494,2.83771,5.09645,4.26844,2.98644
2.92738,4.28529,3.43515,2.41958,4.02479,2.65242,2.92146,4.72083,3.92795,4.16721
4.84694,4.63222,4.68711,3.54424,4.52708,3.92587,4.33727,3.82725,4.26953,3.51502
4.11385,3.80523,3.79843,2.93776,3.31808,5.61778,4.98804,4.26676,4.90433,2.76341
3.08954,1.37266,4.39424,4.43068,3.08255,4.73099,3.75884,6.33045,4.56456,2.84318
4.75406,4.25266,2.91318,4.06599,3.20208,4.41251,2.12895,3.90176,3.76561,5.74031
3.73206,1.2739,6.46884,6.22352,4.75096,2.33056,4.36549,1.67181,4.54724,3.97937
3.93481,4.51069,3.54858,5.53358,1.83527,4.57379,3.4344,5.2283,2.54213,3.07802
2.49829,2.7674,3.57874,4.27867,1.2663,4.01642,3.73833,3.50078,4.05761,3.96867
2.10346,3.95804,3.14905,5.3291,3.18001,3.84575,2.8737,2.98104,2.58173,3.79199
3.72592,2.17584,4.24427,4.64138,2.84877,4.98645,1.96931,5.45838,3.2942,3.21093
4.50292,3.48133,4.26324,6.04833,3.27414,5.15942,6.20389,3.87138,3.34813,7.47688
3.54,4.5548,4.25983,3.94228,3.32028,2.33682,4.93291,3.25749,3.54763,3.22512
5.37235,4.2369,3.55382,4.53844,3.92391,4.5157,3.20211,3.26977,3.57407,5.58276
4.47525,2.85563,4.13485,4.15966,4.41237,4.87571,4.68274,4.28483,1.32592,5.0337
3.94144,3.06377,3.66662,5.70688,2.56128,4.78441,2.46987,3.40953,5.87194,4.2439
4.71067,2.29712,4.89715,4.64225,4.74506,4.13391,5.44399,2.88351,2.70696,4.63711
3.49799,5.0723,6.73311,4.68574,3.70178,3.93855,2.37628,5.10858,3.29826,2.92689
2.87466,3.84751,4.4018,5.10384,3.81231,2.74394,2.42227,3.94737,2.9923,4.26574
5.03147,2.90126,3.23072,3.4615,4.56805,3.26846,4.12849,3.21104,3.83263,4.54151
4.63454,6.30824,2.78752,4.00349,5.40256,3.08631,3.71773,3.944,3.11004,4.4678
4.22543,3.46099,5.1332,3.18834,2.85572,3.78532,3.71831,3.90844,4.6995,4.85029
3.47377,5.67293,3.20309,2.87127,3.16686,5.25391,2.61859,4.3288,4.24129,4.43537
4.09845,3.61773,3.08701,4.48317,3.6261,3.68803,2.9244,4.5494,5.91657,4.6203
4.41098,3.82384,3.04258,3.24544,3.68966,5.14773,3.68083,3.65097,3.72282,3.81946
3.55972,5.59625,4.2582,4.66362,3.28259,5.38719,2.91181,3.19918,4.69361,3.12791
4.00747,1.55896,2.59453,2.7897,4.60096,3.46164,4.99102,2.69504,4.04831,4.1168
3.81774,2.54259,2.87096,3.17142,4.28613,3.58213,3.25914,2.70839,5.49352,6.24334
4.15466,4.64409,3.41769,4.6411,4.02635,3.30847,3.52764,5.56073,2.89216,2.92167
3.70812,4.17616,4.21064,6.56159,5.24696,2.69385,4.4001,3.75318,4.00159,3.03695
3.08892,4.86343,2.90808,3.53429,3.77453,2.96965,2.5101,4.61002,4.8221,3.5117
6.44393,4.45127,2.11425,3.20642,5.66223,4.84603,5.33567,4.14824,5.50393,3.64845
3.72082,3.63317,5.2806,4.65908,6.3101,3.44449,4.33974,3.88919,3.6686,5.0142
4.59566,2.43253,3.73803,3.89542,3.77294,4.23734,3.39273,4.2892,3.34207,5.37624
3.70288,4.01928,3.08876,4.81667,5.17635,5.95783,5.4555,4.2885,4.16088,4.69669
2.86503,4.31197,4.58139,1.10143,2.43543,4.41526,3.91901,4.07186,4.42101,4.57309
5.80338,4.07513,2.40711,3.78274,3.3506,3.09892,4.03803,4.80667,4.6557,3.67577
4.36826,4.05877,3.12355,2.75463,5.8165,2.71149,3.31752,3.53355,4.83506,3.01929
5.37534,5.26625,3.06418,3.73656,3.78317,4.10192,3.64626,2.88729,2.75229,3.63236
6.32029,5.33507,4.02727,4.39209,2.61291,3.61927,3.8581,4.55509,4.56478,3.91443
4.00179,3.69424,4.13066,2.80215,3.97841,4.34024,4.12001,4.45672,3.96317,4.78847
3.99902,4.77235,3.04601,4.90797,4.02834,4.79033,2.83951,5.32324,3.60464,1.42579
4.97331,4.16259,1.56964,4.39518,4.70606,4.78098,4.61868,3.24836,4.67296,4.35945
4.86245,2.91929,4.62908,3.23518,3.53019,6.33028,3.17235,5.23761,3.60135,5.02138
3.50255,3.55113,3.4738,4.65188,5.42078,2.98196,3.80588,2.66218,3.13914,4.02225
4.52661,2.93891,2.37867,3.72749,3.98682,2.69968,3.6796,3.03645,3.05261,3.98673
4.42441,4.73682,4.83942,1.37881,3.54125,4.82093,4.79141,4.22876,2.92225,3.54713
4.52671,2.75899,3.28404,5.60811,2.70811,5.80143,4.31998,4.96068,3.6843,4.5567
1.95265,5.0856,5.00866,4.86354,3.27936,2.49275,4.57276,4.2084,3.9551,5.7396
4.06261,4.63757,2.97407,4.41884,4.53081,4.86208,4.85827,2.56041,3.63498,4.01134
2.79627,3.00216,3.92304,4.6283,2.93281,3.52786,4.32226,3.0569,3.84707,3.53512
5.96785,5.2462,3.52097,2.04344,4.44582,4.79095,3.6078,5.99535,4.0144,4.80729
4.62863,3.72851,3.35175,4.75832,3.54736,3.08937,4.0083,5.19618,3.78186,2.0857
4.32759,4.86504,5.76015,4.51895,4.02043,5.06727,1.61366,3.63313,5.39083,2.34056
3.44414,3.54916,3.19814,5.32656,3.77225,5.8938,4.85949,3.51423,3.45564,5.26335
3.72369,2.19377,3.99449,5.67573,1.47967,3.57782,4.99121,5.45162,3.65125,3.42062
4.36051,4.05772,4.32031,3.93905,4.32383,4.2657,6.34543,3.34239,3.13188,3.93321
3.29404,3.90685,4.50929,3.20322,3.15442,3.6563,4.40935,4.37275,4.3213,2.7141
2.61972,4.13511,5.28098,2.26834,3.69295,3.10068,3.96959,4.60124,4.64997,3.8173
3.1705,5.34927,3.50865,3.23799,4.99448,2.98225,2.30992,4.25711,3.56101,2.59898
4.85125,5.06184,2.9537,4.1553,5.01155,4.35111,4.50387,4.56609,5.14569,5.20852
4.64555,3.80068,4.36802,5.45616,3.24884,5.33143,4.57665,5.34665,3.04217,4.21729
3.25229,3.20907,3.32633,5.42343,5.24291,2.32019,4.75892,6.02508,4.95392,4.23402
4.00639,1.54999,3.97502,3.7635,5.46385,3.50596,5.68454,3.63898,2.75064,5.05598
3.01653,4.98377,4.01483,5.48364,2.61269,4.22696,3.47874,5.59982,4.74455,5.7461
4.01014,4.68339,3.61319,3.64468,3.48492,5.21332,3.95491,4.34998,4.02951,2.74742
5.40283,3.49997,4.35277,3.6238,4.59384,4.88301,5.11133,1.88082,4.85912,5.10932
2.68892,5.17915,3.91562,3.07451,2.81982,3.12226,3.85407,5.47905,3.62682,3.53782
5.39299,4.45273,5.57103,4.68189,2.35593,3.34963,4.26614,3.78969,4.8111,5.00665
4.7312,3.66877,3.99323,2.14608,4.67693,4.46404,3.39512,5.79342,4.77098,3.34709
3.24094,4.64095,3.83539,4.37764,3.84574,3.42018,5.25928,6.11985,3.59612,2.31595
3.08374,4.00801,5.40156,2.63423,5.12973,5.28508,5.08866,4.84706,2.9964,4.08352
4.01483,3.98695,5.25643,3.38889,4.99032,4.23042,5.23492,4.02648,5.01122,3.83858
1.81608,5.58907,5.48773,3.04367,4.59152,3.85724,5.47702,2.02777,4.3487,3.50218
2.76708,5.04148,3.58124,3.73961,3.35935,3.34328,4.16802,3.09587,3.7428,3.41048
2.55191,5.87925,3.42242,5.01,3.28237,3.45862,4.9336,2.64009,1.5474,3.85165
2.90501,2.74553,3.9807,5.13969,3.28558,4.49838,4.06376,3.09919,1.58218,3.90598
4.0756,3.22644,5.00917,6.03627,5.13167,4.59892,2.36614,2.64666,4.20043,5.29231
3.92566,4.93114,6.07089,5.06151,4.04009,4.16705,5.08676,2.27798,2.47471,4.28238
5.20943,3.72073,7.67805,4.76235,3.09153,4.11845,3.25984,4.18559,3.41072,4.65559
3.37683,4.23587,3.08699,2.88841,5.18315,0.0591511,5.34491,3.39774,4.97309,3.26875
5.29897,2.68798,4.25355,3.16654,2.70561,3.31989,3.42547,2.50954,4.33348,4.32762
2.65543,2.43267,4.39609,3.7384,4.0106,4.06477,3.41424,4.05461,3.04607,4.03425
4.9845,4.5562,2.5247,3.42957,4.50085,3.87326,0.757647,5.98323,3.8818,3.79967
3.96896,5.43205,3.99854,4.50168,5.78987,1.76161,2.31399,3.93669,3.9292,5.37985
5.04173,4.37217,3.63945,3.53554,2.81157,3.82578,4.37814,2.77635,2.2229,3.67951
4.60086,2.98298,2.38258,4.8818,2.47449,3.2636,2.84254,4.1461,5.47589,3.21881
4.90171,4.74373,5.15602,3.19715,3.32885,4.01674,3.04492,4.69494,4.02367,4.96661
3.79423,3.47148,3.72614,3.22294,5.60726,2.95079,2.91049,3.78447,5.30521,5.26407
2.30368,3.63474,3.80637,4.70454,4.7448,5.22083,4.2631,3.72739,3.11008,4.37019
4.36105,3.14763,4.34041,2.19674,3.20226,4.69112,3.29006,4.05603,3.88282,2.56862
3.66487,3.4236,3.62937,4.84775,5.05759,5.31187,4.13038,4.56571,3.9345,3.59422
4.0682,4.56605,5.81354,3.48274,3.89702,3.38608,3.42603,2.90703,4.90849,4.27394
3.23815,3.72348,4.70736,3.38441,2.99659,2.88351,3.43499,5.81264,4.14845,2.53831
2.82938,3.78718,4.52543,4.31097,4.99347,2.11515,4.45773,2.6942,2.803,1.85672
3.58206,3.53658,4.15571,3.19175,3.80542,2.02965,2.79919,3.19378,4.42565,5.08098
4.98688,3.74506,4.62323,3.95899,4.66619,4.10362,2.58808,4.44469,3.84705,2.14206
4.69902,4.26086,6.25533,3.04584,3.96337,3.5718,4.4565,4.56793,3.66552,3.70297
4.12008,3.18212,4.83022,3.52876,1.14267,3.59748,0.520118,3.71578,3.76648,4.20585
3.82197,3.23542,4.07802,3.79119,5.83226,4.99045,3.0055,3.95651,4.01751,4.50058
3.20564,3.44621,4.44589,3.81351,5.37701,3.3157,3.67518,3.88411,4.16842,3.11399
4.9582,4.98721,2.02839,4.62902,4.37191,6.02947,5.45566,4.91611,3.36345,3.24771
3.65125,3.90404,5.62355,3.64784,3.56743,4.23339,4.44455,3.03672,4.40401,4.17864
6.04702,4.69957,4.20434,4.47287,3.74155,5.8663,6.14929,4.6073,3.98262,5.1178
5.86825,5.75676,3.43054,5.18348,5.01336,4.47282,3.44165,4.15409,4.51879,2.51406
3.13844,4.64003,5.25903,3.14318,2.16453,4.12585,4.39548,4.64955,4.46137,2.87185
5.19633,3.68348,3.14086,3.77982,2.66972,4.3616,2.43742,3.55217,5.04253,5.69873
3.69838,5.66574,4.37595,4.0088,4.59587,3.36199,4.40731,4.4692,3.01984,2.32567
4.49722,4.19335,4.05366,4.20377,4.8984,2.30191,3.48158,3.77874,2.60452,4.79827
4.12224,4.09614,4.3924,3.42765,3.16421,2.74148,3.48664,2.77558,3.96355,3.28254
0.612004,4.44277,3.45648,4.23157,2.9129,6.3994,4.49079,2.62219,3.07413,4.62876
4.6252,2.66227,5.41049,2.24962,4.47503,4.31687,2.5245,3.18088,4.0059,4.44012
3.84826,3.15801,3.80655,3.7326,3.91146,4.63896,2.95058,3.88197,4.96425,4.64272
5.44762,4.11895,3.9999,4.25193,4.61251,1.51784,4.82703,6.26197,4.24481,3.98113
4.16943,1.55425,3.7623,3.54798,3.44952,3.98616,5.82772,3.0001,4.49535,3.59021
4.16686,3.84026,2.87734,3.60369,3.59719,4.24936,4.80474,3.52789,6.30051,5.31894
3.9172,2.27921,2.94172,2.87422,3.57141,4.60734,6.49351,2.42378,5.14998,4.48774
3.66899,3.07819,4.39691,4.52113,4.34508,3.66098,2.52165,4.28616,3.56394,3.83816
4.11747,3.17727,4.86317,4.14932,3.28075,2.96031,5.31111,3.54221,4.49744,1.55374
5.49742,5.29972,5.28617,4.37968,4.37434,4.39624,3.97324,3.22097,4.65004,4.24085
3.52281,4.20191,3.86561,4.49105,3.70756,3.5928,4.71639,5.07736,4.68772,5.08256
3.45171,2.23802,3.65369,4.32834,3.92474,2.64582,4.5503,3.85024,3.15801,3.59417
4.44267,4.73584,6.24429,3.75529,3.26485,4.70194,4.47581,3.89153,3.79647,4.25776
3.16934,4.26124,3.55962,4.6619,4.85958,4.20129,5.2127,4.84534,3.41692,4.38212
4.4731,3.84805,3.53712,3.97946,2.97643,5.33696,5.30706,4.04893,4.37335,4.67527
2.78643,3.84067,5.26436,3.40903,4.74351,3.52198,3.53295,3.15299,2.77669,5.61037
5.06486,1.87569,3.99445,3.32307,3.96489,4.69354,4.29898,3.34202,3.37409,5.64204
3.10482,3.37128,4.34107,4.19793,5.05297,4.01409,5.25632,5.69894,3.51641,2.29864
4.59576,3.04735,3.15561,4.32108,5.87367,4.65367,2.36871,6.56916,4.47014,4.69714
2.72345,4.29139,3.5489,4.1648,3.67565,3.22429,5.38843,4.08357,3.06924,4.79911
5.59991,4.67577,4.74225,4.74257,3.73007,4.05004,3.92699,4.65602,4.99274,3.04548
3.88833,4.47529,6.01556,4.05851,2.85465,3.56906,4.37737,4.23775,3.16442,4.90739
4.20049,2.53513,4.70178,3.55712,2.79619,2.22971,3.77651,3.81419,4.12574,1.96507
4.23129,5.71118,4.55806,5.56787,3.6902,2.41961,3.46018,4.20718,3.52359,4.11219
4.75949,3.82029,2.5141,5.61276,2.44423,3.50525,4.67004,3.83235,4.77854,2.62133
4.22753,4.30714,3.0093,2.56942,3.95225,3.89548,4.09108,3.20843,3.09235,3.93703
2.80671,3.86253,5.58651,5.19636,3.61089,2.43,3.7595,4.06472,3.0228,3.99045
5.05697,3.86395,4.07702,4.04478,4.85172,3.95984,6.67277,3.1833,2.98977,5.25079
2.71338,3.16884,4.83359,6.09158,4.47384,3.7742,3.44112,4.09169,4.16008,4.88014
4.2513,3.95357,5.13107,3.73494,4.44522,3.9472,1.82527,5.9963,4.75443,4.74435
2.31958,3.31146,3.40728,3.47927,4.11249,5.17933,5.27658,5.65745,4.09427,3.51162
3.21873,4.3953,3.97757,2.05667,4.3503,4.50445,4.30993,5.49231,4.65981,3.62602
3.10952,4.51328,4.97498,2.26486,2.18449,5.1187,3.84666,5.65834,2.42662,3.08759
4.18244,2.34461,4.34171,3.63419,4.17423,2.19743,3.55697,3.99708,4.61791,4.98973
2.43833,4.39572,3.52086,3.55267,1.77241,3.23746,3.03515,3.40045,4.58922,3.03849
4.13163,2.29548,6.14563,3.28826,3.43965,2.43301,3.95043,3.57871,4.52221,3.43382
3.98394,3.67296,3.84012,3.25681,2.97556,4.5001,5.66748,3.49497,4.82294,3.19902
3.90409,1.28979,2.9567,3.1535,3.97695,2.82525,4.61816,3.75202,4.10374,4.66326
3.82764,5.03404,4.48936,3.68164,2.80354,6.21636,5.8506,4.93802,5.30037,3.76319
3.63448,4.10949,3.9461,6.27598,4.18188,3.98115,6.32307,3.98243,4.36681,2.90762
4.26705,4.50016,4.62971,3.96641,4.4202,4.35212,3.69166,4.66961,4.22022,4.68789
3.31919,2.67077,2.61106,5.25325,3.26095,4.04083,4.92689,2.55788,3.86916,3.78837
3.51598,3.78055,4.1504,4.30377,4.46714,3.28959,3.53875,4.10192,3.70229,4.33203
3.9671,5.35704,3.83699,4.67805,3.07103,1.85005,4.6963,3.86232,3.05763,4.06141
3.96458,4.25285,5.17268,4.33403,3.69869,2.97529,6.13909,3.89171,3.99799,2.99757
4.71894,2.73979,3.55544,5.29697,4.55523,5.17811,3.49295,4.35902,4.35752,4.74884
4.25667,5.10882,4.0199,4.21503,4.43626,3.14517,4.18039,2.89197,5.93962,3.35327
5.06712,5.77166,4.21243,3.64489,3.86881,4.31905,2.71093,3.09444,5.71697,4.16521
5.3256,4.48176,4.6953,5.32217,5.0689,2.95999,1.84866,4.15375,4.15423,4.99366
3.5484,3.35402,4.13592,3.86608,4.66525,3.302,5.06169,5.15162,2.99358,4.97722
4.07523,2.34258,2.89807,5.30297,4.32849,3.17028,3.15158,2.61987,4.27592,3.15589
4.0963,4.79467,4.54646,1.44735,3.33796,2.45504,4.95168,3.233,3.41555,4.84338
3.51104,2.27774,2.37313,3.93152,3.44664,3.22378,5.27465,3.86126,3.76698,5.14259
4.73812,3.67545,2.88029,5.85694,3.54669,4.39066,3.76615,3.87969,2.64624,4.28214
3.63481,3.78235,4.14203,3.12693,3.48885,3.3095,3.83888,6.18961,4.48303,3.21021
4.7675,4.79705,3.54968,3.65682,3.35877,5.31322,3.27476,4.84277,4.65637,3.68204
2.36514,5.16246,4.75931,4.53085,3.81455,3.25522,3.91035,4.16165,3.89943,3.89654
4.5945,4.6156,3.36652,2.60159,3.43086,4.42478,4.31882,4.99226,3.54641,3.31292
3.03164,5.97706,3.06088,2.33955,4.07877,4.39257,2.9138,3.97354,4.32681,5.56275
4.43821,2.69265,3.53777,4.96762,3.02057,4.76313,4.91594,4.16767,5.07508,4.83309
3.84982,4.50331,4.69807,3.78415,3.16553,4.01168,4.84039,2.6661,1.95856,4.52283
3.13036,5.43719,5.33149,5.20466,4.59154,3.12018,3.17748,3.73027,5.35749,3.90985
3.58853,4.31301,5.54805,5.05877,2.94907,4.84252,4.24899,4.87595,3.93513,3.65447
4.7372,3.90967,2.94597,5.11737,3.36818,2.62462,3.28801,2.97086,4.6505,2.50025
2.33796,4.08969,3.6454,3.13894,4.71151,3.73523,4.35443,4.12746,3.11541,5.84287
5.25332,3.99828,3.63884,5.28612,4.79033,5.03757,3.3688,2.60096,2.39894,3.89326
4.34414,3.55968,3.52423,2.58036,4.32376,4.89716,1.9733,6.05477,2.03043,6.24883
3.32145,3.15297,4.10786,5.08971,2.8984,5.35747,3.86466,2.10003,1.97305,2.10905
2.34492,4.93589,4.64787,1.72804,4.35228,5.31481,1.88203,3.38715,5.6006,4.01355
1.60722,2.64284,4.37982,4.88596,2.78031,4.86872,4.95115,3.06203,2.1721,3.56449
3.47139,4.04086,3.90857,3.25876,3.30416,3.68312,2.88031,4.28741,4.73346,3.5678
5.01135,3.72464,2.96885,3.88495,2.43658,2.25447,2.69155,3.39713,2.85187,4.03281
3.34704,3.55254,4.25326,4.4041,4.36827,5.25604,3.67925,3.54294,4.00901,2.51661
3.97626,3.6607,2.3987,2.49879,5.89223,6.66131,1.881,4.43684,4.85503,3.88437
5.60871,5.18031,2.26954,4.0113,3.66329,4.1579,2.95115,4.85939,5.41378,4.62073
4.51209,4.30499,3.51339,4.68369,2.90431,4.52853,4.99203,2.51329,5.16678,3.30597
4.7774,4.70068,4.0418,3.56265,4.79717,3.13655,3.04575,4.59935,6.81893,4.83902
6.36917,4.22426,5.23734,3.87786,5.28802,3.66365,3.65086,4.69243,4.20185,5.06822
4.0849,3.5603,3.20872,1.81016,3.39455,2.73581,3.1929,4.23434,4.82649,4.40152
3.44604,4.05011,2.88479,4.30061,5.60963,4.64588,2.95339,4.56289,4.2535,2.49178
2.76245,4.49748,4.64429,3.78464,4.42415,3.89135,2.05273,1.58487,7.38501,4.10599
4.26054,3.0587,5.59293,4.41931,5.74343,4.19461,4.96246,4.86095,4.74391,2.41324
4.84729,2.84293,3.94239,3.60328,2.91884,3.10039,3.47168,4.41479,3.81507,2.44895
3.98181,3.83856,3.63131,4.86389,4.12674,4.10097,3.41338,3.56337,5.43859,4.91019
3.0155,3.72405,4.21349,4.4775,2.24844,4.45121,3.45405,4.35652,4.28224,2.68608
4.50257,5.21557,2.68293,2.52061,3.08328,3.15182,4.30682,4.04538,3.76125,2.94564
4.14723,4.19075,5.85932,4.79848,4.02185,5.21586,3.72851,4.97368,2.70917,5.47797
3.6787,5.57449,4.90489,4.26901,4.54711,4.46495,4.55698,3.71773,4.0155,3.34473
3.95162,2.32445,1.49208,2.6922,2.88387,3.11097,3.96789,2.52035,4.24107,4.51949
3.21214,4.41101,4.18124,5.40096,5.03248,4.68148,4.38188,2.14738,2.73099,4.62139
4.38258,5.06937,4.5296,4.4654,4.5558,5.01987,4.00354,3.40091,1.91002,4.70866
3.33985,4.00751,2.23244,6.71247,3.67293,3.61465,3.43261,5.26662,3.55277,4.79594
3.48171,5.41685,3.77383,3.79723,3.3952,3.97046,2.53795,2.68875,4.05709,4.27113
3.74745,4.57988,5.68104,3.9901,5.46043,5.84684,2.97333,3.45656,3.82858,5.0024
3.84815,3.08379,2.12377,4.3684,2.78156,4.98566,4.09053,2.51906,4.32409,5.20484
3.05472,4.22614,4.71755,5.97507,3.24949,4.68231,2.17747,3.0507,6.19858,4.53694
3.99556,4.02281,5.78386,4.45207,6.01778,4.56571,5.06097,3.98534,2.6146,4.43499
4.26946,4.51593,4.08288,2.72568,3.59829,3.4573,5.22507,4.95835,2.75893,4.62779
3.08329,4.36674,3.80518,4.65813,4.34323,3.3141,4.80047,5.5634,2.41421,3.82889
3.53135,2.14204,5.50352,2.46153,4.55165,3.40543,4.87261,4.99013,4.04078,4.77791
3.59491,3.47368,4.45856,6.0117,3.60736,1.81392,5.07942,2.83669,3.98517,3.55011
2.97983,3.19187,3.98036,4.20973,3.64487,3.57396,4.22381,4.46501,2.39803,3.97842
3.25964,3.73246,5.51169,5.74891,4.34517,4.64799,2.69313,3.51876,5.00957,3.38922
3.69662,4.94708,6.00323,4.57169,4.19594,5.50344,3.72319,3.12173,2.59414,3.78523
3.81517,3.67018,3.64067,3.36816,3.08009,3.88872,3.22838,4.65434,2.20101,4.78771
5.47886,4.10618,2.18179,2.71768,3.28054,5.0346,3.25445,3.92591,4.96849,3.76177
4.69821,3.69315,3.09019,3.35339,4.59984,3.05576,4.20232,5.29051,3.64228,4.77144
2.95278,3.69483,5.20048,3.8206,3.23387,2.798,5.29998,2.7125,3.746,3.28505
5.13889,2.48315,2.85561,4.59334,4.75975,4.68721,3.37828,1.90947,3.21136,3.72152
3.81738,4.12573,6.44547,3.82063,5.16305,4.19893,3.67879,2.59192,3.86658,4.20711
3.22645,4.39936,2.7792,2.58012,5.06157,3.01227,4.72635,4.34008,4.62264,3.51731
4.50962,2.94393,4.59833,3.41281,3.26554,3.66064,3.06676,5.19727,4.14004,3.3114
2.80998,3.9567,2.91233,4.73417,2.75787,3.86367,2.88026,4.33049,5.04276,3.24734
4.31287,2.49745,3.36811,3.24893,4.671,3.54942,5.10356,2.35951,3.38116,4.71029
4.98681,5.36995,3.65092,5.84954,3.46221,4.40336,4.5518,5.06413,2.5673,4.3852
6.13755,4.49971,3.0946,3.42294,4.68906,4.24864,5.08776,2.86308,1.70044,2.76166
4.02394,4.14317,3.48147,3.3954,3.31442,4.06775,4.07081,5.22828,2.80463,2.18203
3.72816,3.71863,3.85512,5.01549,3.0354,3.75992,3.82564,3.96591,3.88632,2.7754
2.48856,5.48308,2.5723,3.48115,4.63118,5.64792,3.4071,4.04445,4.00096,3.72433
2.50967,4.26963,4.63631,2.7021,3.77135,4.16407,6.0342,4.3911,4.27374,4.93526
1.12304,3.11407,3.581,3.25422,3.40465,4.65705,3.24325,5.13756,4.00971,5.44721
3.90318,4.50262,4.51922,3.16421,2.75949,3.66044,4.44315,5.36879,4.75785,4.66569
4.43618,4.34537,4.22466,4.31956,4.10915,3.49496,3.57042,3.56264,3.73921,4.23858
3.49353,3.51877,4.83515,3.90683,5.37729,3.8433,3.25287,4.48493,4.11662,3.65083
3.1517,3.04447,4.46943,3.61776,3.74086,4.21241,3.09254,2.47927,4.19986,3.65508
3.90532,2.61235,3.3284,4.15719,3.8494,4.02946,3.18732,3.59941,4.11752,2.32527
5.36722,4.35654,4.03115,1.82532,4.0743,4.44038,3.53004,3.57699,3.24425,4.23059
4.89721,6.61917,3.4491,3.88698,3.71426,3.40917,3.2822,5.25395,4.21426,4.28216
3.25696,5.04026,4.96936,4.46178,4.16427,4.78893,4.69197,5.91782,4.52688,4.58491
4.54784,3.57655,4.28995,4.09782,4.05837,3.27072,4.4874,4.91299,3.27381,3.34467
3.35786,2.12866,2.6073,3.14413,4.72346,4.46765,4.43123,5.03358,4.8462,4.96248
3.56495,2.82645,4.36101,2.73311,4.53012,4.34826,3.30544,4.87803,4.44787,2.26793
3.28497,2.34999,5.83964,5.41462,3.70325,3.28833,1.23179,2.20037,5.2168,4.70508
3.34725,3.96179,5.32211,4.01256,4.3592,3.0339,3.00347,6.06735,2.98714,4.51599
6.29099,3.61788,3.6781,4.06529,3.31895,4.30309,3.75553,4.51432,5.29614,3.85835
4.87161,5.05511,3.84984,4.50178,4.66588,4.62419,3.80978,5.31622,3.02308,4.23901
3.18323,4.7405,3.66757,4.21602,5.76539,3.40304,4.11233,4.84338,4.63855,4.24079
4.08285,4.38927,5.06476,4.61611,6.82648,3.21773,2.64429,3.89517,4.77403,4.63836
4.87271,3.19529,3.66158,3.383,4.53986,3.01242,4.74926,3.34515,4.93417,3.49631
4.11542,7.07871,2.45031,1.8233,1.94401,3.56025,3.00487,2.81042,3.37229,2.8472
2.5224,4.58437,4.03161,5.57448,3.71934,3.87174,2.2424,2.6877,5.72703,6.71406
2.88649,3.29415,3.80204,3.51258,5.16148,4.0383,6.47131,4.85857,2.53188,3.86382
4.55503,3.67496,4.13736,2.82579,4.45559,5.25436,4.26014,2.91527,4.65693,4.10796
3.68618,2.3942,4.74867,2.51738,3.96238,6.10659,4.91596,4.74259,4.53414,4.04028
4.78021,4.54238,3.68765,3.73787,4.20613,3.09604,3.40269,3.95851,3.2838,3.08098
3.07838,3.84245,4.20142,5.65148,3.20908,4.89265,2.22111,3.26413,2.8102,1.95681
4.67732,2.16534,3.37119,6.21984,3.93228,4.89262,3.27576,4.66277,3.49785,4.72573
2.41311,6.06942,4.18727,3.79434,4.47378,3.66129,4.64257,1.86739,4.35083,2.55366
5.10508,4.40459,3.24431,4.44316,3.81525,4.5555,3.00321,5.14667,2.994,2.33137
3.4325,2.87577,5.16387,4.69882,5.91492,4.68273,4.87551,4.68694,2.25028,3.73685
3.08577,3.44124,4.81445,4.0046,3.26843,4.22102,6.238,5.06497,5.11984,1.80926
3.24714,4.73575,4.92104,5.13553,3.33388,5.18272,2.99639,3.69994,3.90334,3.05056
2.82174,3.08277,4.15941,4.77258,3.30996,4.12673,5.80288,2.84768,2.65395,4.99359
4.87548,4.75852,5.58638,5.01018,3.06605,4.10646,3.57164,4.41963,4.98667,3.00292
4.66131,3.26391,3.51905,3.63611,5.17714,5.50614,4.67324,2.77942,3.31992,3.87698
6.67921,4.5639,3.84095,4.13102,4.34348,3.8024,4.90853,4.74722,6.0274,5.35035
2.9169,3.02626,5.11149,3.62203,6.51493,4.5244,4.25665,3.29139,3.06731,2.9
2.60173,2.46911,2.7883,4.72101,5.53113,3.7609,4.46551,3.9236,2.51843,4.77471
3.86654,4.41473,3.82995,3.2632,3.39418,2.88016,1.59617,4.40821,2.16586,4.00307
4.1192,3.94445,4.18579,4.2288,4.56581,3.51257,3.44064,2.99752,5.23985,3.54359
3.0742,5.30286,5.14415,2.23859,4.27105,5.46981,3.69083,4.21499,3.29452,2.95996
6.09384,4.55132,3.1229,4.54837,4.8819,3.06365,3.27681,3.71635,2.85848,4.04378
3.88324,2.47258,5.43326,2.61787,4.78544,5.55322,2.90934,5.31776,2.47895,3.44921
2.88636,4.2587,5.64468,4.29318,4.64022,3.41664,4.12709,4.54377,3.36351,3.74205
5.10018,5.37881,3.69879,4.76569,3.51878,3.74266,4.08791,4.79757,3.50309,4.95857
4.62935,4.41986,3.77223,4.02991,1.08938,4.27534,4.19134,4.98317,3.62446,4.19295
4.20967,3.76004,6.11474,2.51175,2.7686,3.61553,5.51616,3.73233,4.3122,3.33123
3.50847,3.44263,3.6837,4.19139,3.5809,2.88235,3.12157,3.82675,5.75583,3.92666
3.52727,4.14903,2.69969,3.94733,4.2584,4.18272,4.33393,3.75867,4.5828,3.67923
3.07879,4.84489,4.16983,5.12964,3.67689,3.66463,4.69619,4.84562,6.16098,4.99272
2.69541,4.13238,3.26993,4.79296,5.85382,3.47853,3.86018,4.42949,4.09951,4.93788
3.76713,3.46795,4.02204,3.70602,4.86741,4.12547,3.56661,3.43717,4.40599,3.49769
3.60182,5.43149,4.26982,4.0553,4.39713,3.68365,4.20293,3.35865,2.9973,1.86189
5.22689,6.26214,3.9349,3.65341,2.8252,3.09661,3.53875,3.93786,3.4489,4.75758
2.81049,3.25776,2.58496,3.10684,3.73906,2.53518,2.54647,2.72823,4.41315,3.00528
3.9744,1.49617,2.11367,5.13913,3.43502,5.57534,3.81781,5.32742,3.71086,5.01537
4.50349,1.58457,3.44006,4.68597,3.50545,3.90765,5.61552,4.19902,3.37637,3.29248
2.76124,4.13908,5.38646,2.80813,4.16233,3.31522,3.73579,4.65007,4.46843,3.40014
4.60713,4.62896,3.16005,3.53453,3.19642,4.51599,2.51359,3.86058,2.60616,3.05096
4.7485,2.58815,3.91309,4.36564,4.03361,5.61154,3.99961,4.55835,5.21059,5.62702
5.03267,4.47154,5.16582,3.80949,5.32854,3.15947,2.39843,3.4643,5.2539,4.81005
3.87141,4.51728,5.29806,1.57931,5.66491,4.04239,2.82419,3.40831,4.0634,4.36708
3.53498,3.96346,4.40323,6.60418,3.56844,4.55809,4.69517,5.52467,4.37211,2.99141
3.43636,2.7412,3.67371,3.89167,3.40275,5.79173,4.24742,3.90946,4.1476,3.91697
4.706,4.91377,3.16982,4.62319,5.91703,3.47131,3.41966,2.28413,3.09798,3.76998
4.57277,4.55343,1.32037,4.6817,3.52667,6.0883,5.67646,2.77131,4.9318,2.61701
5.23011,2.44019,3.10658,4.03359,3.63855,4.04985,4.52736,3.796,3.08128,5.03358
2.02566,2.92481,5.31832,5.02578,4.35749,3.60867,5.27145,5.07422,2.54555,4.75733
3.28816,2.77582,3.1414,4.16963,2.4256,3.35884,3.64311,3.75186,4.1606,5.99306
6.05808,4.45742,4.24684,3.55062,3.90057,4.9265,4.17257,5.67895,2.67396,3.57276
2.57115,3.69707,4.90014,3.486,2.72681,2.67686,4.83358,5.12404,1.77815,5.34333
5.35415,4.14772,3.09315,5.22398,5.37172,3.64865,3.46084,3.11647,2.82434,4.83065
3.77126,3.5393,2.24333,4.27015,5.32761,4.42007,5.45691,4.61951,3.76019,4.71539
4.58134,5.11445,3.31756,3.33799,4.23371,4.52304,3.14127,5.27235,5.27968,3.18735
3.89567,4.19605,5.09305,4.20632,4.4213,3.30262,4.26453,3.61688,3.5871,2.99742
4.61502,4.45152,3.21784,5.54687,5.56661,5.42361,4.47679,5.24588,4.2838,3.0464
2.42968,5.20975,3.48323,2.71855,5.28239,2.22575,4.78381,3.5856,3.44984,2.83581
3.16189,2.44433,4.60399,4.35043,3.72249,4.32394,3.70504,4.70377,4.32161,5.38972
4.43842,5.25119,2.94733,2.0103,3.47496,4.15713,3.68196,4.06599,3.97501,3.15316
1.31751,3.58853,6.53587,5.00019,4.89764,6.22814,4.73506,5.72623,3.5261,2.52494
1.7266,4.20681,3.45493,4.21015,4.32626,4.72317,3.32301,4.46173,5.1831,3.89698
5.93585,2.08165,3.23354,4.68743,3.25559,3.64431,3.70112,5.05277,3.89288,4.83539
3.95332,3.95202,4.23178,3.10397,4.37805,4.00322,6.50481,2.40226,4.51613,3.10737
4.23351,3.31351,4.65866,2.97265,2.93768,4.20816,4.74142,2.82666,2.97049,4.54738
2.95879,3.11973,5.07976,4.47969,4.02644,2.28302,5.26149,2.42054,1.81985,3.57962
4.17282,4.90447,2.88735,4.265,5.62353,3.35091,4.20642,5.1371,1.9636,3.71942
3.52871,4.61697,3.44662,2.47353,4.46896,4.91407,3.19711,3.43961,3.71877,3.42127
4.23221,3.71527,3.94003,2.23952,4.12898,2.80427,3.6372,3.9301,2.91657,3.98472
3.08331,2.85072,3.90352,1.98709,2.89299,4.03527,5.27479,4.20358,3.6782,4.06092
4.32655,4.08396,2.92181,2.88003,3.92518,4.1687,4.88628,5.03401,3.43934,3.62199
4.25487,4.30863,3.6408,2.75526,3.17981,3.61752,4.2448,3.29592,4.96034,3.83055
3.61568,4.43985,2.76329,3.99607,4.08559,3.06799,4.45016,4.82904,4.10605,4.81585
4.06419,4.79182,1.56383,5.48851,3.76424,2.77768,1.96069,3.69619,4.12125,4.40496
3.72307,3.10418,5.08977,3.44228,4.29121,3.27409,3.41299,3.61318,3.48696,3.3464
4.60371,2.04027,3.44493,2.86772,4.28166,3.61424,3.04881,5.06475,4.55228,3.37798
3.22222,3.97587,3.04353,4.13817,3.36165,3.55257,5.09079,4.4181,4.11339,4.32799
3.77504,2.58799,4.2411,5.13584,4.12099,4.29024,2.71008,4.18528,3.45793,4.03152
1.77674,3.04153,3.8747,4.14841,4.4226,3.41268,4.61016,5.51347,3.97197,4.46853
4.65366,4.44956,2.73942,3.48858,4.52514,3.914,3.23425,3.60639,3.73919,5.34444
3.42933,4.79012,3.26181,2.95284,3.17916,3.70105,3.46048,4.37026,4.98598,4.77918
2.76244,4.1978,3.73489,2.91111,4.33934,4.47855,3.30829,2.07558,3.73877,4.72451
6.26461,3.56912,1.85607,4.65457,4.31543,4.60786,3.18734,5.8408,5.69271,4.24368
2.59599,3.42042,4.12285,4.68517,5.61682,5.07304,3.95507,5.23407,2.74447,3.71168
4.96905,4.78992,2.70987,4.69079,2.59101,3.98571,2.91695,3.44726,3.73332,4.53871
4.36263,3.6443,5.49646,3.90679,2.95364,3.74349,5.454,3.58856,2.6097,6.07077
4.56772,4.80868,3.12907,4.02536,4.55829,3.84637,4.94512,4.22419,4.16703,5.29633
3.54,3.82082,4.24536,3.88401,3.78671,3.32283,4.42974,4.36788,3.37279,4.1284
3.28009,4.60939,4.17175,5.41662,4.19322,5.04748,4.27013,3.16974,4.89112,4.88593
3.44501,3.31855,0.260586,4.57949,4.07156,3.66046,5.01139,3.96713,3.02412,2.39497
4.50298,3.0039,5.02437,4.59253,3.47339,3.2276,3.72731,4.93501,1.62956,5.10931
3.01424,3.4157,4.28239,3.82873,4.48051,4.3692,4.04642,4.73475,4.60683,3.31666
3.69194,3.96186,4.23066,4.11837,3.77661,3.14855,4.65294,3.4462,3.67641,3.71711
4.3166,4.51155,4.16064,4.90142,3.65785,3.42039,3.81095,4.44436,3.51708,3.44532
5.32353,4.5498,3.96803,3.38937,4.59712,4.32731,3.20041,3.86732,2.31217,3.90063
4.0965,4.30107,3.45587,3.88239,4.3913,2.54452,3.66784,5.02251,4.75446,3.68065
2.93457,3.99072,3.73708,3.70869,4.46691,3.4519,3.01919,1.66309,4.6084,2.40264
4.93602,3.72707,3.77323,3.87598,5.47509,4.10186,1.98929,4.0646,3.41042,3.466
3.74418,3.09599,3.12414,4.119,5.11993,4.81162,4.23327,5.20475,5.60176,4.31414
3.6264,3.69544,4.5904,5.39153,4.48712,4.87113,1.76055,3.27355,3.50027,4.54155
3.94141,4.36852,4.88528,4.58539,4.80415,5.05958,4.84695,4.55209,3.91699,4.34143
3.89677,5.01754,3.89949,4.10746,3.81173,3.83104,4.16677,5.97452,4.6324,2.99879
4.53305,3.07142,3.43471,3.26996,2.7689,3.2545,3.57279,3.46426,4.93956,2.29819
3.05473,4.84429,4.31359,3.47402,4.92181,3.97979,4.01934,3.77982,3.02654,4.20605
3.06137,3.71639,4.22469,5.30936,4.12263,4.59679,4.26534,3.34266,4.13568,1.24815
5.5163,4.19539,4.02387,3.05647,3.24357,3.31649,3.20194,3.39642,5.01407,5.77725
3.59233,4.81761,5.37157,5.00601,4.2209,5.62927,2.60474,4.94356,3.49355,3.29819
4.51215,4.44888,3.54989,2.7422,4.6779,3.8631,4.9395,3.06722,3.22817,5.56029
4.35281,1.3249,3.29761,4.71161,1.90236,4.64726,3.56602,4.01953,3.22548,3.71742
4.35333,3.71809,1.01424,2.47802,3.98533,5.88238,4.53075,4.65502,4.12837,3.82604
4.84251,4.24547,3.15174,5.13074,5.95567,3.34106,3.92481,4.08138,3.42207,5.32549
3.50517,4.15156,2.83739,4.50972,4.27379,2.56816,6.31584,3.50596,6.49171,2.3963
2.79294,4.24436,4.87108,3.02543,4.5183,4.76893,3.70036,3.02094,3.55513,4.94384
3.81365,4.03691,3.75926,3.05869,4.42482,4.20637,2.71304,5.1256,4.02845,2.58866
2.49818,3.29192,2.72579,3.07772,2.9884,3.15205,3.51094,3.36732,3.58802,4.02159
4.80448,3.09366,4.16144,3.63958,2.23071,2.43158,4.4791,4.08043,2.8161,2.54755
3.46697,4.23418,4.36684,3.41746,4.75226,3.70727,3.37153,3.53861,5.04207,4.48408
4.96973,5.1296,2.36353,3.27627,3.45931,5.43793,3.0772,4.00766,4.61299,4.28231
4.64865,4.86438,4.04097,4.4545,4.78087,4.66504,4.31391,4.88842,3.62801,3.60339
2.39203,4.27011,5.83657,3.7576,4.02136,3.29791,4.22482,5.07458,5.01659,4.44732
3.11613,3.41168,3.67775,4.04907,3.56336,3.9613,4.61207,3.46328,4.82802,3.80858
2.08798,5.07944,4.51329,5.98001,4.58946,3.93263,2.10302,5.29576,5.3304,3.74366
3.86544,2.69539,3.70049,3.73742,4.98377,3.14256,4.50322,5.63811,4.66406,4.42809
6.29023,5.06318,5.25354,2.63706,4.6806,3.09362,2.90801,5.8344,4.68892,2.52266
3.71335,2.85404,3.49847,3.42161,4.75843,4.40891,5.11256,3.65495,4.69062,4.25856
4.85861,3.6474,2.37994,3.66323,3.81725,2.89147,6.37903,3.67094,3.53607,5.66423
1.97178,6.29671,5.06913,3.93282,5.24864,1.69296,5.08425,4.70474,4.66049,3.50855
5.81093,3.44056,3.5704,3.69201,3.89394,5.35982,2.92914,3.21051,1.94868,3.5523
2.60627,2.48369,1.83558,4.67706,3.56069,4.62647,3.15943,3.39009,6.30933,3.51816
4.45327,3.62404,4.89933,1.80977,4.6857,3.70931,5.33597,4.26653,4.85407,4.54968
3.07331,4.32739,3.43196,5.41838,5.91367,3.79236,3.69728,3.25057,3.54761,2.47297
4.90949,3.83333,4.96207,3.22382,3.7874,4.79406,4.10722,2.78096,6.24491,3.62303
5.14166,4.52375,1.1724,5.21681,3.20732,2.3857,2.5161,3.10982,3.5309,5.14637
4.99801,3.06433,3.78781,2.99312,3.50549,5.02693,4.32725,3.30025,3.01284,3.33762
3.4138,4.73111,4.28927,4.85187,5.27675,3.52777,2.67335,4.29715,2.82368,4.08213
4.56094,2.89942,4.36592,4.3162,4.78045,4.60024,4.09527,3.51272,5.078,3.91792
4.32168,3.67472,5.26769,4.26924,3.42993,5.29895,3.52012,2.96034,3.34353,3.84998
4.61035,3.59196,5.07986,1.04543,4.71086,4.63062,3.82539,2.32272,3.7495,3.77342
5.14506,4.35915,3.59417,3.09535,4.08613,5.17706,4.42462,5.39215,5.13423,4.12553
4.80803,3.06466,4.22591,5.43146,5.88546,5.51828,2.86681,4.53869,5.17077,2.5552
3.99885,3.74249,5.27612,4.54651,3.89504,5.44766,4.77343,4.42746,4.16643,5.02613
2.00121,3.63215,4.19616,5.15062,4.45629,4.62717,4.47484,4.05742,4.44721,4.44895
4.60538,3.9106,5.59551,5.283,2.59528,5.52834,4.14741,3.66012,4.42862,4.17712
4.0875,6.16009,4.92419,4.04133,3.96758,4.82133,5.07121,4.17921,1.97695,4.25771
3.26516,4.10194,4.51259,2.97726,3.51222,4.26571,2.83271,4.16513,3.24882,4.1106
5.0146,2.92957,4.97195,4.99631,2.65281,4.43089,1.81644,3.89368,4.66086,6.00665
5.26858,4.82638,2.9362,3.72622,4.07103,5.34631,3.95227,3.30751,5.56033,3.51381
4.55349,4.29525,5.23959,4.28288,3.03329,2.92375,3.31383,4.16916,3.93945,2.92726
3.76967,5.20605,4.07542,5.21988,2.75532,4.57406,3.6164,1.53972,3.62264,5.22233
4.23039,2.59581,3.2446,3.9184,3.65303,5.17193,4.07785,3.22497,2.17781,3.18054
2.9003,6.80257,3.15494,2.98107,4.465,5.96776,4.30686,4.6967,3.05526,3.46213
4.1649,4.67896,4.18447,3.1834,6.40265,3.50053,4.28169,3.18651,4.69911,3.14067
3.90351,3.81876,4.39112,3.76982,3.45886,3.7285,2.68671,3.35673,2.60585,2.93417
5.34741,3.98365,3.7608,3.85851,5.72344,5.0353,3.76608,5.75488,3.73289,3.47651
4.37493,4.24609,2.57146,3.30175,4.22149,4.23574,3.41637,4.25765,3.57958,4.46499
5.79188,5.23052,4.88307,3.55094,2.61747,3.36884,4.14358,2.60404,6.76015,3.58467
4.37339,3.3445,3.54086,4.12135,2.49364,3.43172,4.86401,3.71966,3.24596,3.48019
3.54671,3.4605,4.34975,3.71352,2.88623,3.87232,4.71985,2.80034,4.33141,2.98104
3.77198,4.03886,3.00996,3.8777,2.00058,3.67843,3.13096,3.68183,2.8358,4.67491
4.70355,4.18248,3.5233,2.86369,4.13081,5.72089,4.56387,3.50174,3.69753,3.66625
2.49306,4.57232,3.03276,5.46891,4.84389,4.58065,5.11203,4.03165,5.59776,4.22076
5.0001,4.80642,3.10372,3.84882,2.37044,3.2742,4.24025,4.08277,4.74213,3.90064
4.03202,5.66375,5.48238,3.63835,3.80258,3.50909,3.95464,3.41502,2.96964,2.90521
4.79656,4.01356,5.4144,3.53631,4.78604,2.37515,2.84377,7.16503,4.01498,4.16588
3.00772,3.59232,5.71642,3.48953,3.73845,3.67817,2.56237,3.97662,3.62014,5.46994
3.0518,3.39322,4.93206,4.32001,3.45122,5.1738,4.55583,2.92612,4.96781,3.60299
4.01213,3.97896,3.4,3.22016,4.9006,3.3063,4.31811,6.19935,3.28182,4.78485
2.91167,2.27875,4.53791,4.12921,4.49909,4.92461,6.17345,4.18428,3.59882,4.62437
3.03785,3.88136,4.82325,4.09995,3.06406,4.26313,4.77373,4.98404,3.53126,4.95325
5.28792,3.79265,4.49167,4.02269,3.23171,3.76998,4.15359,2.79729,2.15255,5.18276
4.40241,3.90235,4.02135,3.57427,2.51153,6.27304,5.41188,5.41873,4.77348,3.01475
3.42359,3.17533,4.58111,3.93465,5.85585,3.91805,4.05103,3.25097,3.52699,5.09954
4.37587,3.81336,3.96292,4.70131,1.54256,4.4751,5.01962,4.38319,4.22769,3.86192
4.49794,3.9219,2.74376,2.44427,3.15991,5.12983,2.91802,3.33632,3.60485,4.6942
3.47279,4.17868,3.86989,3.42187,4.42645,4.75284,3.99216,2.80316,4.15363,4.30225
2.00782,3.29018,3.89105,3.95796,4.5023,3.99526,2.08289,4.25037,2.71736,4.90962
6.84546,2.91948,4.61407,4.74311,5.9664,3.89339,3.4719,2.76618,4.31816,3.47934
5.27216,4.77159,4.34508,3.27552,3.56081,2.61943,3.3967,4.52067,4.88886,4.31978
4.46411,4.13931,3.84602,5.11773,5.01512,5.62996,3.21063,2.88108,3.58901,4.22282
4.06359,4.82309,3.49906,3.83869,3.4383,5.14175,3.6941,2.51812,3.92035,3.43733
3.5796,3.61312,4.99146,4.75083,4.69691,3.72366,2.51876,4.2301,4.8927,3.09762
3.31474,3.64879,4.28715,3.71239,4.20237,4.62009,4.41515,4.71634,3.32434,6.46658
4.82965,5.10366,4.60106,3.55449,2.88208,4.95805,1.89209,2.916,3.61832,4.44669
4.11127,3.69948,4.89975,3.00671,3.979,4.54787,5.05519,3.21534,3.99068,5.71581
5.69586,4.16264,5.09199,4.33531,4.55122,4.45418,6.42526,5.14254,3.58757,4.56807
5.60272,3.72496,3.56857,5.87351,4.55473,5.19229,2.64465,2.76561,4.1074,5.02565
5.50684,2.68326,4.48658,2.27903,2.79076,4.29764,4.11767,5.98704,6.55811,6.62599
4.58915,3.47577,4.2238,4.53129,3.08135,5.04767,5.47252,3.85352,4.01201,5.52381
3.60159,3.51029,4.99249,2.40766,4.0568,4.07781,2.87225,4.4686,3.36857,3.24529
4.10874,2.2,4.40316,4.29334,3.55873,5.72046,3.2211,2.99991,3.41998,3.12611
5.08967,3.76837,2.6676,3.13181,4.45605,3.56838,4.93637,2.82922,4.36092,3.86896
4.579,4.28608,2.80865,5.3692,2.00305,2.35673,4.82283,5.43168,4.48149,5.47401
3.99011,3.376,4.92891,4.58747,3.29296,3.14552,4.44725,5.35377,3.67318,4.36928
5.60377,2.95762,4.55529,3.62105,2.68713,5.9318,2.8991,2.79314,4.22684,4.85791
4.69914,2.40979,4.33285,5.27931,2.40523,3.79867,3.92524,4.22978,4.88974,6.90994
1.79423,4.59015,5.44735,4.64922,5.29444,3.36149,3.48554,4.20782,3.54277,3.47555
3.86436,3.71238,4.26323,2.33255,2.43496,5.42876,4.35637,3.69687,3.14856,2.45566
2.94227,4.69315,4.22489,4.27053,4.32928,4.11262,5.37907,5.50833,4.11366,3.67404
4.95112,5.12601,5.03547,3.35779,4.6789,5.26315,2.91766,4.53206,6.35531,4.311
5.02276,5.0294,2.83986,4.05259,3.11495,3.21787,4.19257,3.71665,4.44608,3.20502
6.22777,3.3415,2.77898,2.77725,3.64603,2.86224,5.27489,3.10704,3.43044,4.4439
4.32096,1.67625,5.22632,4.21231,4.03692,3.77121,3.31791,2.1911,6.69831,3.04011
2.76036,5.1365,3.55689,4.4889,4.32393,4.14553,3.92937,5.37117,3.6189,2.27601
4.64932,4.06463,3.08513,5.39963,5.90572,3.51708,2.39377,4.83587,4.1411,3.78592
4.4484,4.43396,4.82625,5.16264,4.73092,3.88603,4.58863,3.29884,2.14368,2.0951
4.37952,4.14041,3.5847,3.67995,2.89236,5.40301,3.64247,3.90193,3.55747,3.87206
2.90244,5.27303,4.11995,5.94927,4.26945,2.64599,5.31693,4.86272,4.88665,3.33266
5.17847,4.54189,3.70057,6.45708,5.09714,3.69811,4.5467,2.86021,4.36161,2.88329
4.62458,3.8852,3.76078,4.26471,5.35995,4.07756,4.1557,3.71595,4.1048,5.54293
3.89443,3.066,2.84201,3.67398,2.70684,3.79557,3.43507,4.38915,4.48418,3.58495
1.62815,3.94018,2.10764,3.96974,3.75319,3.96109,2.67099,4.19097,2.28578,5.21896
2.80942,3.24131,2.28918,4.78573,4.02988,4.64832,2.08645,3.25759,4.37592,5.26914
3.07488,4.44247,3.86116,2.07559,4.53806,5.10956,4.62453,3.46467,3.4985,4.88967
3.14277,5.42905,4.45188,4.9964,4.4208,5.25014,4.34385,4.29836,4.61496,2.88642
4.29927,3.31629,3.69916,3.66815,2.38622,3.28261,3.53366,4.82795,5.6186,4.00677
5.29421,3.88119,5.85528,4.16077,5.56467,3.09183,4.77548,4.09114,4.52307,4.63228
3.72149,3.11717,4.06519,3.80665,4.05814,4.49537,4.81935,4.49194,5.87408,5.03461
2.8655,5.52853,2.33174,4.56923,3.95492,1.61121,2.34955,5.3603,3.41391,4.84823
3.6748,4.45187,4.02526,4.52706,2.49335,4.06394,4.08369,2.03884,2.98486,4.94763
5.00719,2.43921,3.50544,3.97163,3.70135,3.53171,3.73107,4.55753,5.78174,2.50587
4.26068,4.11918,2.42313,4.53028,3.58834,2.20649,4.07032,4.64145,4.74546,5.49969
3.24091,4.28933,3.75582,3.94536,3.12286,4.95496,3.94915,4.87639,2.61399,3.18831
3.44115,1.95867,3.87364,4.1059,4.52269,4.21165,2.6623,5.25437,3.10369,5.31701
5.18329,4.00098,2.62754,2.58327,5.1769,5.12445,3.9646,5.26625,2.98829,3.23038
4.36939,4.00549,3.55971,2.84661,6.20583,2.23354,4.03364,4.57583,3.73317,3.44816
1.91026,4.10182,3.27364,3.69609,4.90455,3.52337,3.62729,3.66351,4.68436,5.19205
4.35372,3.13642,4.64371,3.57041,3.95066,4.7006,4.18848,2.58835,4.89149,4.51988
4.48583,2.6763,2.72758,3.89518,3.62494,3.00378,3.20609,5.03549,4.61631,3.77794
4.18817,3.9321,3.0982,2.93577,5.30651,3.75465,2.18429,5.37733,2.61773,3.65851
2.28102,5.62297,3.31102,4.21613,3.64801,4.74191,3.99373,3.75277,4.80185,3.69328
5.40263,4.34428,5.63443,4.94419,4.48181,3.98974,4.30935,4.15117,5.01592,4.3449
3.28284,3.44307,4.96791,4.49541,4.18919,4.47308,5.76149,2.27256,3.48878,2.87281
3.69887,3.85032,3.61385,4.23371,4.7687,5.65803,3.62751,2.78804,3.67155,3.18777
5.6478,3.19526,3.27225,3.27982,3.53759,3.89698,3.79535,5.56677,2.19466,3.45965
4.47685,4.37096,3.98571,4.17683,3.63065,4.52476,3.71995,4.93162,5.65134,4.06782
4.20382,6.16015,5.50062,2.80304,3.85259,5.54521,5.38692,4.70609,3.61424,3.32522
6.50521,4.19443,4.69963,4.30758,3.01552,4.16779,3.21532,3.50557,3.5008,1.80921
2.34585,4.68134,2.99731,3.12787,4.94004,4.34314,5.39297,3.26875,5.0124,3.33705
3.37351,3.26212,3.8418,2.66013,1.99781,4.18146,4.59039,5.1624,3.23226,4.00085
4.55353,2.50983,6.37771,4.86327,4.94538,4.69148,4.81652,3.1782,4.77995,3.20071
3.58041,3.01752,5.05938,4.92033,2.97355,3.37671,3.1902,2.63724,4.43118,3.62011
5.7649,3.99592,2.59143,3.96127,3.89481,2.29631,3.88633,3.08009,3.29951,3.07976
3.10005,5.55657,5.24202,2.88102,4.51095,3.84394,2.98692,5.01191,5.29074,4.31568
4.47067,5.23183,3.73485,2.14141,5.69142,3.93519,5.10851,5.56181,3.86218,3.1691
3.26536,4.63711,1.73275,3.41955,3.21138,4.11617,5.2087,3.79995,5.32574,3.45978
3.12359,2.71609,3.2876,3.54494,4.08578,4.85292,4.78132,3.75632,4.70406,3.05064
3.42784,4.64626,4.19227,4.10922,4.15266,4.6126,4.85519,3.52897,4.05585,4.9387
6.4117,3.20211,3.77698,4.89421,2.45157,3.86499,4.29364,4.01107,3.98341,4.27365
3.81694,2.94445,2.86882,3.87312,5.7577,5.47659,3.42506,3.70478,4.62992,3.98461
4.15675,3.40997,2.75012,2.21781,4.81565,2.93013,4.62564,3.08162,3.40234,4.46663
3.39249,3.5787,5.05517,3.82446,5.03546,3.88148,4.95802,3.20018,3.51683,4.89152
4.25422,4.53029,3.19618,2.33953,4.89049,3.12624,4.90549,4.02492,6.15288,5.05681
3.49913,5.18785,4.19514,3.07934,4.67256,4.46969,4.52644,3.24121,4.59839,4.46071
5.59495,4.10006,4.11267,3.7519,4.46243,3.40278,4.28906,3.61583,4.29312,5.1739
3.16889,5.06093,5.41952,5.31663,3.04724,4.00297,4.96161,3.89685,2.4605,3.95917
3.09989,4.24755,4.39129,3.30485,2.42091,4.8184,4.41347,4.22474,4.31645,3.99869
4.61944,4.49205,2.54872,0.811865,5.73652,1.18609,4.80541,5.56493,4.01863,3.15971
2.59517,3.55689,5.04903,3.13373,4.3937,4.19317,2.76553,4.24357,4.47349,3.07786
3.53502,3.81536,4.79584,2.95999,5.18764,2.24542,3.10606,2.71609,3.79131,5.08637
0.531204,5.74334,5.23073,3.97958,3.71624,4.53763,4.62535,3.16697,4.10093,4.42685
6.12211,4.70493,4.07768,5.16997,4.54716,5.0657,3.86137,5.01205,5.23463,4.12192
3.8887,4.44058,3.9391,3.62255,5.86007,2.46415,4.81018,6.018,3.1145,4.56135
4.42509,3.38737,3.11761,4.43919,3.97346,3.65923,3.36326,3.47248,4.70378,4.77785
6.38689,3.87349,4.07349,4.10081,3.55534,3.33,6.08529,3.78282,5.37812,3.78314
3.72865,6.13333,4.75704,4.8417,4.07496,4.94513,2.45748,3.34633,3.87549,4.19593
4.08761,7.09149,5.43477,5.04346,4.34959,3.14311,3.73004,4.56566,2.96226,3.39909
7.40322,4.19956,3.6261,3.60493,3.63084,2.57266,4.43204,3.52036,4.23216,4.38961
3.71628,3.84377,2.76934,4.98604,4.44874,1.43855,5.37646,4.1804,3.71522,3.43666
2.57625,4.74014,3.9451,4.03936,4.19067,6.06577,3.60759,5.35976,3.61281,2.70772
4.35455,1.62066,4.58736,5.03314,3.52072,4.19521,2.66708,4.50092,4.31817,4.72297
3.47833,2.29021,3.46378,2.78365,3.93464,2.84023,5.18071,3.44579,3.53113,3.8851
4.6093,4.72205,4.39972,3.46255,3.67419,4.80518,2.93237,4.35093,3.75806,4.93366
3.7057,4.04196,3.26576,4.31436,4.10146,4.78314,4.82905,2.73763,3.71717,2.97956
3.98755,4.93791,3.4369,4.43262,4.94717,3.23972,5.96787,2.81905,4.52444,3.10651
2.21672,1.97189,2.91323,4.96836,4.20518,3.08829,4.64614,4.31328,4.30622,4.14164
4.9701,3.00511,1.89313,4.67889,3.4567,4.79711,3.9927,3.57246,3.513,2.55277
4.50814,3.49136,2.23714,4.09019,4.93623,3.84826,5.40739,1.7803,4.94704,4.3628
4.51104,4.9854,6.78808,2.96852,3.26182,5.08485,1.3528,2.83247,4.21556,3.80765
3.53932,3.21928,2.29875,3.11386,3.20426,3.59366,4.21809,2.86752,5.02632,5.7857
3.93148,3.72566,4.82045,4.28144,2.92882,2.32285,3.69411,3.16475,4.33898,4.97288
5.14529,3.68381,3.96346,3.14074,4.56871,3.16395,5.13391,6.51809,4.27078,4.86177
5.49976,5.51059,4.27107,4.31286,3.58985,2.1542,2.81253,3.54456,5.12348,3.17034
5.19644,3.33629,2.3793,3.7872,3.73144,3.30103,3.42319,3.12156,4.28695,1.87984
4.68017,3.52362,2.62915,3.39262,3.88877,4.14126,4.28591,4.04129,4.9713,5.6207
4.17558,4.6056,3.47464,3.58273,2.46878,3.95736,3.77764,3.04715,3.61768,2.52947
4.89689,3.90426,3.68401,4.44014,4.17019,3.87305,3.45545,2.19407,2.73885,5.85747
5.34187,2.76296,3.7785,3.77177,2.7171,4.16045,3.08802,5.52815,4.41251,4.03886
4.12339,3.66652,3.04886,5.01726,3.89851,3.98246,2.73634,4.66718,5.52336,4.73711
4.73875,5.36988,3.67209,4.01359,5.21243,3.17621,2.33704,4.16903,3.36424,5.77359
4.30292,4.49864,3.671,1.53428,3.90234,4.15623,2.98252,3.70028,4.40602,4.83589
4.46516,4.84036,3.17829,3.08501,2.99583,3.63025,3.49879,4.00026,4.66022,4.51099
2.80274,1.6882,6.09498,4.466,3.06203,2.77083,5.47817,5.76466,3.66031,6.1691
4.56784,1.86127,3.61364,4.08232,4.2839,5.2563,4.25912,3.9161,4.79301,3.37354
3.88851,5.40043,5.91503,5.1678,3.94286,3.39254,4.64877,2.57726,3.8652,2.5919
3.43372,3.75375,4.90856,3.36002,3.0816,4.2365,3.12503,2.02647,2.96385,4.67248
4.0456,4.19673,4.77047,4.59011,4.76621,3.64247,2.04397,4.6705,3.50925,2.7738
4.53065,3.79312,2.41715,3.33755,4.07448,4.36618,2.53441,5.10006,2.81191,2.98098
4.1627,3.65627,5.99808,2.91805,5.63996,2.42113,4.97891,2.98729,2.48539,4.89713
2.81447,4.78162,3.74509,4.18396,3.3678,3.86172,4.0245,4.18202,3.60764,3.40027
5.40459,5.3102,2.99368,3.92152,4.48432,4.73335,4.37952,3.6672,3.82734,3.74353
5.83098,4.18118,3.72253,4.98118,3.5196,2.14897,4.26562,2.23619,3.55455,4.65706
1.69378,3.92863,5.64902,3.78028,3.4433,4.7466,5.16796,3.17748,4.33822,3.52573
2.67844,3.17235,3.11553,4.01724,4.05475,4.61481,2.24466,1.77152,4.0603,5.65854
3.26739,5.23545,6.24512,4.57765,2.77844,3.4226,4.18949,3.12797,4.38465,3.43326
2.9394,4.3363,2.87385,3.35485,3.48306,6.21479,3.4632,3.98095,3.93624,4.77923
4.35729,3.90115,3.4834,4.71123,5.21628,5.24988,4.61571,3.40854,4.61887,3.72302
5.39988,5.45644,1.75889,3.54828,3.85754,4.2083,5.43241,4.12803,3.40585,5.50539
4.12436,3.0827,4.54823,3.48785,3.49973,1.94534,4.69719,5.2064,5.51756,5.69488
5.64052,5.63352,4.74884,3.08389,3.04557,3.09149,3.75576,4.51345,4.09353,3.96194
3.22407,2.7743,4.82318,2.42066,4.28431,3.11789,3.72181,6.02954,4.6404,2.73725
4.46342,5.76773,3.37829,4.09735,2.91665,5.5964,3.7805,4.4739,5.51937,3.28431
2.59457,4.25298,3.31143,3.02045,3.96916,3.44903,4.74249,4.7077,4.57562,3.9169
4.47594,3.57561,4.0599,3.95991,2.8648,4.38113,5.11782,3.01955,4.74044,3.13242
4.00652,3.17898,3.37935,6.22105,5.85647,5.51362,3.72749,5.92795,3.06548,3.96596
3.42654,5.37207,4.86246,3.1863,3.28842,2.39539,2.89164,4.60104,5.4669,4.30811
3.53148,3.15588,4.14178,3.50352,3.70996,3.04348,4.3251,2.83358,4.47629,4.31721
4.21796,4.6436,5.46143,3.61259,4.03023,2.878,5.34096,3.87332,3.27192,4.33608
2.28,3.55265,6.17008,4.76993,3.96831,4.51039,5.1427,2.53792,5.82535,4.75104
4.21376,3.70428,5.55528,3.548,3.16865,5.03054,3.19878,3.57754,3.96897,4.19132
3.67996,4.03429,3.68832,4.34776,4.15396,4.68282,3.12147,3.41998,5.7146,4.01762
4.97746,4.98615,2.76008,3.54161,5.90821,4.18198,4.8583,2.64219,4.65215,3.42368
3.16803,2.25002,4.76815,3.21434,4.14266,3.64338,4.16097,3.21946,4.16115,2.60396
4.64746,4.86927,2.87941,2.06661,4.1105,3.19633,3.62374,4.60588,2.99746,3.65163
3.33555,3.56019,4.9023,5.06588,4.35241,4.00832,3.59425,4.88922,3.86562,4.38479
4.46756,4.99595,3.00062,4.29306,2.9666,3.67773,3.43471,3.31143,4.66079,4.56771
2.92579,3.52387,2.96286,4.35135,3.89112,5.02733,4.48895,6.11271,4.40078,3.48074
3.60222,4.02933,3.24263,2.94661,5.74033,3.26475,5.41841,3.63805,3.16919,4.28588
5.91865,2.22789,3.42166,4.7143,6.05042,3.48001,5.98515,5.87365,3.75467,5.82529
2.83224,4.15869,5.73788,3.71932,4.04321,4.0445,3.10548,3.78287,5.96147,3.76856
6.19544,2.84915,4.38815,3.63586,3.15903,3.179,3.22933,1.78547,4.54436,2.81947
5.09984,2.92605,4.9792,3.2212,4.75385,4.36466,2.90458,4.67699,0.854202,3.84968
3.98632,2.75295,3.88959,2.24794,2.20255,3.52062,3.67139,6.4911,4.62616,5.08469
4.18328,4.62933,4.40881,3.5146,4.87936,3.91232,4.93403,3.75833,5.83515,3.42884
3.46274,4.97863,3.01444,3.96608,3.43393,3.53975,5.08189,3.94336,4.62192,4.14361
5.19749,5.4184,4.58287,4.21947,6.184,3.29207,4.31471,4.40454,4.5725,4.14227
2.68004,4.47682,4.37391,3.50526,2.58943,4.44806,4.72571,2.49398,4.51119,4.24609
3.77131,3.65058,4.38678,3.10916,4.30812,3.37341,3.43589,3.70203,5.04736,2.90337
5.21335,3.35069,5.39831,3.754,3.95937,3.29672,4.20475,2.53438,3.39982,3.43821
2.959,3.94683,3.55747,4.59237,4.78359,3.46569,5.43606,3.70201,3.59013,4.46912
4.59866,4.06195,2.20865,2.67549,3.95518,3.24951,1.31436,2.04974,4.82014,4.59391
3.23499,4.6012,4.61986,4.25807,5.93998,3.66721,2.19086,5.15312,3.39885,4.97584
4.16439,3.56821,4.77189,3.77564,2.83464,4.60497,4.3683,4.24214,4.07931,1.5939
3.72382,4.54402,5.10981,3.94609,2.55069,4.47232,3.03096,4.30525,3.67461,3.97464
5.68318,3.00644,3.85376,3.95149,4.03852,4.43248,5.66689,5.88015,3.85249,4.6667
4.78354,5.60778,2.4039,3.97961,4.54095,3.51846,5.46338,5.35458,3.02396,4.97467
4.67165,4.43151,3.04941,2.13064,3.70446,2.61305,4.09925,5.59486,2.77099,3.78531
4.29993,3.02693,3.28134,4.13422,5.01291,3.43987,2.18497,3.25384,3.69542,4.39384
3.50772,3.9013,1.80206,3.9685,2.94951,6.29152,2.89485,3.3515,4.81266,2.96214
4.37591,4.24179,4.64698,3.14554,3.23222,3.2713,4.44043,3.70393,4.84962,4.01471
5.40658,3.39118,3.65291,5.26364,3.60584,4.03152,6.27623,1.1668,3.44663,5.42019
3.94637,3.22999,3.08249,3.11799,4.38363,4.0488,4.25361,5.02608,4.31155,2.4667
3.8283,4.60933,2.28944,3.73363,4.79166,5.27619,3.79667,4.80691,4.48364,3.43136
3.21179,4.46846,4.12897,3.93748,4.92343,3.89455,3.26945,4.56028,4.3202,3.89045
3.67502,3.07286,5.58004,3.01271,1.88404,4.07435,3.84961,3.44599,5.32598,4.32438
3.45724,5.09778,5.83566,3.72522,4.61795,4.62302,5.76658,3.79903,5.06201,4.67442
5.6482,3.34524,5.03716,5.73637,3.00082,4.66451,2.42885,2.70644,4.47743,4.87789
4.06703,3.29369,5.34305,3.31384,4.8271,3.11575,3.93682,5.06768,2.00239,5.27428
4.40972,4.86302,1.23162,2.04796,5.12176,2.55756,4.06098,2.87788,4.15286,5.34472
3.70797,3.16588,4.29295,5.26629,4.5312,4.12355,3.85212,2.66682,2.01828,4.64083
3.51616,4.02534,4.39411,3.10526,4.21095,4.38679,3.31366,2.90322,3.91305,2.78075
4.99015,2.63962,4.67765,2.08331,2.77568,4.62226,2.66468,3.51445,4.07139,5.35389
5.84219,2.99791,1.45935,3.97466,3.07127,3.66069,3.69762,4.75744,2.74975,5.11565
4.7845,2.26958,3.29905,2.56214,3.98159,3.35789,4.18947,3.09124,4.85263,3.21771
3.71945,3.30006,5.47343,3.4002,4.00879,4.82657,4.30645,3.88509,4.15454,4.28323
4.44367,4.97078,2.39229,3.35735,4.12189,4.32611,4.47411,4.25878,5.11666,3.18812
5.22309,4.60986,3.03928,5.78253,5.26846,2.00526,4.97575,3.53765,4.14853,5.32445
4.31688,2.87082,5.12381,3.99042,3.57752,3.08059,4.22626,3.22337,3.18948,4.83884
4.0753,3.87552,3.93073,3.0971,4.60128,4.65045,4.09862,4.01657,4.56608,5.00026
2.16076,3.6798,5.11677,4.68211,4.61882,2.95509,5.00794,5.33494,6.09695,3.88048
3.77575,2.97426,4.12717,3.60013,3.35544,4.38358,4.00553,4.37726,2.80938,4.25386
4.75184,4.10364,3.46999,4.69178,2.98645,2.3105,3.1173,5.10863,5.44604,3.59651
4.54883,5.06857,5.63685,5.09379,3.02555,3.5519,3.88616,2.86416,3.52042,3.26933
4.52256,4.88008,4.26032,4.56381,4.65944,2.89819,5.15084,5.01216,4.0266,3.24841
6.49544,4.48826,2.97675,6.81386,3.98763,3.89486,4.55071,4.99224,2.44599,4.17361
4.9583,4.62938,3.67578,3.96484,4.47342,4.69525,4.28,3.0582,2.41561,2.7749
4.30754,4.39406,2.30067,3.54536,3.92096,3.5824,4.01471,5.62728,3.16134,4.28051
4.04669,0.920754,5.17882,3.52382,3.77612,4.05977,3.66142,4.50274,4.10138,4.31763
3.00345,4.37592,2.25042,5.72375,2.37734,4.27958,4.4166,4.027,4.31614,3.90938
5.25955,4.79799,5.54394,4.21005,3.97436,3.52462,3.44491,4.62168,2.67301,3.65489
5.54122,4.1813,3.2136,3.94031,4.5057,2.57888,4.0015,2.1919,4.0609,4.08428
3.00652,2.97075,4.08404,3.96487,5.73389,5.40923,2.21071,3.5101,4.0124,4.01571
3.88791,5.8128,3.97573,4.73696,3.89742,5.01031,5.48184,5.49953,5.27485,3.82153
3.25401,3.92801,3.74396,5.01765,2.28198,4.87327,4.21211,2.89634,4.39327,4.23138
4.96168,3.50033,4.44379,5.63893,3.7203,4.60204,2.95093,5.1323,4.38507,1.86022
2.3733,3.8538,4.068,3.43218,3.11464,4.43752,4.65593,3.72492,3.14074,3.78534
3.77638,4.09134,5.48686,4.15347,4.77648,3.44931,2.70939,4.42715,5.06732,5.76372
5.46371,4.17387,5.30637,4.8165,4.60778,4.35832,2.03651,1.6869,5.22411,3.931
3.71977,3.86105,3.92847,4.48558,3.82412,3.39185,2.90071,4.68285,4.25546,3.71173
4.1336,5.76652,2.404,3.31904,4.09219,3.86976,5.75126,4.63607,5.16154,3.21414
3.37061,4.21148,4.03357,4.35241,4.61272,4.49064,3.78268,5.52292,5.45376,6.01529
3.49072,4.45605,5.40183,4.97297,3.52117,2.90611,3.2216,4.77476,4.11879,3.72174
1.53758,2.96113,5.6325,4.17554,4.94279,4.69229,4.77782,2.94955,3.77678,3.67881
2.59541,4.82742,4.47708,5.02542,3.44142,5.84174,4.02377,2.99403,4.27214,4.04824
1.9419,4.32252,3.49966,4.75759,4.20332,3.61837,4.82905,4.46374,2.56458,4.37364
6.30356,3.64438,2.62327,4.78244,4.41125,3.30589,6.66342,3.88357,4.38265,5.05539
3.46093,4.20684,4.38858,4.71698,3.36866,3.40159,3.39773,3.44701,3.97377,4.28969
4.34576,3.39763,2.97468,4.29481,5.36354,3.5965,5.25842,4.92902,4.80577,4.62441
3.97271,3.78709,3.37175,5.33278,5.06146,4.48289,4.63915,4.50931,4.45483,4.1371
4.76814,3.88569,4.27679,3.28812,3.79698,3.37312,4.05305,3.86623,5.41382,5.5676
5.94087,4.12744,5.31333,6.10702,5.1357,2.76553,3.89445,4.57731,4.47559,3.76451
3.85131,3.66387,4.36309,4.28426,4.23413,3.55899,1.90042,4.86233,4.17192,3.1074
4.69646,5.05314,5.35039,2.62818,3.71867,4.12435,2.11582,4.35436,3.41102,3.58738
5.99797,4.82659,3.80243,2.23587,4.92301,3.73729,2.24328,4.96227,3.15038,2.78503
3.63112,5.19676,2.18782,4.74933,2.2767,5.18529,3.86131,3.03688,3.63514,4.83022
1.84579,3.42043,3.47757,3.20005,3.21854,5.38514,3.34347,5.08722,6.73187,5.55029
4.55218,4.83353,3.24976,4.52521,4.36387,4.23047,3.08101,4.55355,5.53499,5.25274
4.43102,3.61997,5.42817,3.20259,3.87953,4.6639,3.84693,5.22292,3.38629,4.32534
4.64519,2.34191,3.26574,3.01119,3.1678,4.52522,4.3392,4.19641,3.8784,2.24848
3.18084,3.82116,4.00122,3.08227,3.93018,3.96315,4.32353,4.97456,5.76868,4.94322
3.38287,2.64213,4.02553,4.85718,5.05994,3.11989,4.37383,3.41726,4.15796,4.32071
3.00436,5.4954,5.10268,2.79304,3.60243,5.40321,3.89259,5.68893,4.06708,3.28709
3.66038,4.34663,3.5661,3.33297,4.01883,2.52193,6.56923,3.7992,3.91229,5.57132
5.18114,4.0545,3.7278,3.38367,5.22015,4.63224,2.06304,5.15179,4.76713,3.55644
3.13108,5.04769,4.55524,2.36512,1.88623,5.08059,3.08114,3.11459,4.44484,4.55533
4.64085,3.687,4.44289,4.55244,4.25335,5.09465,3.65172,2.19287,3.4922,5.5627
4.32294,6.60152,3.29576,3.48939,2.28204,6.05263,2.79743,3.77049,3.75559,4.49229
3.44136,5.27196,4.63796,3.97344,3.25757,2.54508,2.35985,3.81323,4.21787,3.23851
2.50244,4.71673,3.81352,3.44391,3.05361,5.10054,5.06778,4.9006,3.05569,4.28701
2.31187,3.38598,3.98533,3.8095,4.29316,4.70504,4.45812,5.81958,5.07487,2.66706
5.09819,2.98991,3.31739,2.71401,4.50797,4.28991,3.55848,5.09151,5.16489,4.21773
2.1713,4.85392,4.15005,4.56837,5.23018,3.23606,4.79136,4.31347,3.44276,5.94181
5.64718,3.89894,3.00073,3.70051,3.75057,4.17854,4.35515,4.41514,3.30309,4.36646
5.59885,3.8521,2.58777,4.54241,3.93256,5.73796,4.68268,4.0269,3.24849,3.66993
4.81666,3.06716,3.4118,5.16298,5.015,2.9165,2.13056,3.48162,2.07519,3.91133
4.8759,4.94925,2.30251,2.63977,3.85674,5.4161,2.87492,3.22678,4.69365,4.94356
4.38715,5.22595,4.87195,3.66045,3.3382,4.17345,5.19449,4.47141,6.13493,6.44616
3.81255,4.08315,4.25862,3.57705,3.43087,3.65006,0.841876,4.44733,4.32047,1.84856
3.67194,5.01379,3.49622,2.97158,4.05248,4.38609,3.37281,2.21936,3.19368,3.64886
5.229,6.11124,3.04923,4.40539,4.85557,4.21155,4.30814,1.50111,4.4748,4.03484
2.24543,5.13699,2.92113,4.2725,5.05213,4.08094,4.53073,3.02826,4.75093,4.9226
4.15272,4.57472,4.53692,6.78301,1.93909,5.491,4.53993,6.36345,5.60016,4.11413
6.21557,4.48678,3.50934,4.67344,3.18759,3.06344,2.65957,4.56157,3.48634,4.6818
3.13838,3.70716,3.96385,4.45676,4.72364,4.88886,3.24877,4.98192,2.21497,2.47475
4.2749,3.38991,6.22822,4.6002,4.58446,3.94995,4.12827,4.29131,3.85253,4.52098
3.5492,3.13032,4.86579,1.71778,3.66027,2.38207,2.13113,3.95993,2.88843,5.34687
4.77536,3.74537,3.38612,3.34065,4.94778,3.87662,3.99189,5.2881,3.17906,4.65863
2.77724,4.303,4.41285,4.25552,4.05804,2.75986,3.23401,2.28277,3.18654,4.76893
4.17058,2.34078,5.22778,3.90235,2.70115,3.3332,4.42981,5.35293,5.53707,4.2757
4.43676,4.33907,3.88183,4.0058,2.99243,4.64557,3.08412,3.05918,2.74276,4.83353
1.67208,2.74165,4.06224,4.27832,4.37581,5.29015,5.11568,1.98473,2.84601,4.64247
3.42412,6.21124,5.35748,6.76969,4.53895,2.45532,5.55247,4.53816,3.27484,3.48014
4.61784,2.9803,2.91946,3.92794,4.93562,5.05494,5.51023,3.84936,3.76052,4.30802
5.35004,4.55478,2.31381,3.6889,2.92718,3.14999,3.3157,4.68973,2.52629,5.58888
3.78136,3.06958,3.94601,3.74033,4.69751,3.35819,2.29095,3.59683,6.15692,3.87607
3.90085,3.94925,5.10849,1.48545,4.07588,2.64699,7.01088,2.69084,3.3899,6.10577
5.03141,4.01531,3.56825,3.77956,4.23368,4.07008,4.86559,5.75367,3.38294,4.06218
4.82247,4.67495,3.10278,3.01099,5.15601,3.68699,3.76895,4.60768,3.63393,4.19427
4.11554,3.56265,4.15253,4.24629,4.65354,4.33331,4.58435,2.69612,4.13149,3.57863
3.31882,4.01171,3.83628,4.12625,4.47859,4.54963,2.15352,5.17999,3.55743,3.17547
4.08571,5.19395,3.95631,4.53999,2.55378,4.72586,3.22135,4.3763,4.69262,4.99601
2.67084,3.29428,4.17931,3.78546,5.65627,3.94199,2.7898,5.47389,4.6615,3.67536
4.62651,5.41083,4.65605,5.10297,4.72541,5.96005,4.45887,3.23031,5.66866,3.43958
7.00936,2.19174,2.99364,3.9825,3.30099,4.7953,4.87526,4.88279,3.73091,3.43927
3.48508,4.42351,2.37408,4.7708,3.87714,3.80982,2.21367,1.92339,4.9765,4.25193
6.21449,5.1193,3.96529,4.82739,3.82161,5.26567,3.90787,3.41041,2.79015,2.57199
4.45771,4.29261,4.78667,5.52206,2.51159,4.21713,4.52189,4.26147,4.44063,3.89181
5.36359,2.87963,4.8621,4.51667,4.81705,4.04725,3.97076,2.66749,2.63775,5.62089
3.91142,6.25035,4.86712,3.86776,4.14473,3.55155,3.5177,3.18853,4.33605,2.85326
3.91133,4.57951,3.64536,4.9431,2.91505,3.72473,2.66449,5.2625,3.07289,4.74925
3.79464,3.85637,4.16408,4.95338,3.49866,5.28545,3.519,4.27166,2.65173,3.68615
4.62628,4.65306,4.50381,2.4568,6.06083,4.59316,5.69858,2.93226,4.1132,5.09406
3.13178,5.64907,3.29698,2.41583,2.75398,3.79905,4.62338,3.78535,3.54655,2.59242
4.1407,4.30222,3.35131,5.60751,3.87782,4.47822,4.87717,3.89957,6.41829,4.05701
