10
4.62691,3.81488,2.59398,3.06239,2.13511,3.85374,5.41334,4.55986,3.54813,2.44225
4.40904,1.8846,2.8584,2.37726,5.50852,4.21796,4.38145,3.92985,4.50934,2.52098
4.67201,4.60028,4.66958,5.55055,3.82236,4.17851,2.61702,4.91554,3.62286,3.32405
4.1962,2.77936,4.78654,4.13744,4.85345,3.17,5.80793,3.12224,3.36466,4.7028
3.43502,4.32423,3.44317,3.16793,4.26864,3.4801,3.81936,2.81919,4.81123,4.63582
3.76681,5.06384,4.4185,5.45229,3.96469,4.8223,2.19412,4.50998,4.60259,3.20059
4.38095,4.17936,3.66799,2.99772,4.52931,2.06793,5.35592,3.57129,3.60655,3.97927
3.48888,4.65895,3.59875,3.18031,6.25654,4.22192,4.78198,3.49716,5.43904,4.38447
3.60779,4.30482,4.17218,4.09371,3.62488,5.51733,5.0456,4.53795,4.34638,1.92757
5.09677,4.06391,4.22699,6.34472,4.83235,5.76017,4.02546,5.08569,3.10267,4.01744
5.30404,2.87846,4.81735,4.88996,3.50859,5.66346,4.72653,3.68887,3.65789,2.44355
2.04382,3.16296,4.07518,5.77092,2.91026,5.04949,4.98938,3.00642,3.24045,4.94828
4.83869,2.59758,2.91705,5.32416,2.116,4.28635,3.93644,3.65358,4.27882,3.83509
3.93163,3.08262,4.84252,4.15967,4.98043,3.3477,3.34193,3.02081,5.5644,4.35499
3.27731,4.41123,3.75261,4.39107,2.42554,3.36085,3.98248,4.0423,4.45805,1.11564
4.90729,2.54694,3.59904,2.8181,4.79717,2.4663,4.75751,3.76864,4.30598,5.78281
3.98898,4.10859,4.60216,4.0596,3.01696,3.9732,4.61965,4.16752,2.70351,2.84567
4.23789,4.75893,2.63922,3.83926,4.35468,4.34489,6.80861,1.89972,2.99585,2.83908
4.40327,6.03744,4.56429,3.70932,4.5051,3.85947,3.66051,2.97002,3.49211,3.08613
4.06613,3.50227,3.33953,4.51907,2.90284,3.57219,4.15376,3.22461,3.45784,3.31866
4.13254,6.01894,5.30316,3.73854,5.97224,4.73253,4.18232,3.88884,3.86348,4.16751
5.83082,4.84769,3.79158,6.20528,5.10314,3.13196,4.3321,5.38275,2.65207,3.85356
3.14327,3.63104,4.90059,3.08859,4.4151,4.26774,4.37969,3.36439,3.48542,3.13404
5.49519,4.40923,3.21072,5.57299,4.74953,4.01054,3.0958,4.03532,5.37999,4.51308
5.68748,5.16193,2.86713,4.39775,4.11794,2.24873,3.83748,4.20605,4.41788,4.24544
5.92767,3.72291,3.81904,4.47464,4.35882,5.88464,3.59121,4.32461,2.83844,4.93801
4.87759,4.76345,3.1281,4.44046,4.04009,2.72804,3.46655,4.4139,5.70098,2.94969
3.78985,3.32955,3.66061,5.536,4.87708,4.16912,2.93882,3.63791,5.97697,4.36036
3.67827,3.80808,3.66706,3.11902,5.06905,2.981,3.61171,5.84888,5.19443,3.07991
5.49041,4.32387,4.53581,4.59853,6.44269,4.35375,1.5872,4.24015,4.677,1.96055
6.1692,1.70773,4.58397,1.95582,3.54331,3.42792,3.97965,3.01044,3.92425,4.16143
3.00749,4.58462,3.53143,5.24555,3.70057,4.45845,2.91432,3.87096,4.71659,2.02644
5.92962,3.20475,4.41132,5.16946,4.67099,5.98632,6.41191,3.32535,5.47916,4.49012
3.50644,2.25003,3.33268,3.89199,5.32011,6.76525,0.915138,5.8451,5.45036,4.92159
6.23056,5.46514,4.58365,3.73657,3.11822,3.10193,4.28747,5.12567,3.66044,3.29396
4.05178,4.12937,3.66508,4.66362,4.39712,4.2818,3.96744,2.96661,2.70065,3.53193
3.12659,5.12498,2.27109,5.37983,5.11153,5.1594,2.39077,5.89221,5.72132,2.78604
4.18067,3.20691,1.01518,3.02914,3.11109,3.93942,3.29516,4.88607,3.32631,2.29264
2.7932,3.83211,4.65411,3.36322,2.83164,3.46386,4.14861,2.37075,4.04486,3.94476
5.44448,2.52004,4.69918,5.74458,3.23579,4.5649,5.74797,3.67931,3.91276,4.29954
3.49424,3.22366,6.43007,5.147,3.41018,3.67535,4.42309,4.47236,6.47563,3.85138
3.33194,3.28549,4.16879,3.19199,3.67141,5.30205,5.65763,3.59995,3.98906,2.33579
3.10478,4.40887,4.10355,3.92448,4.62296,5.14738,2.82825,5.24051,4.91016,2.4601
4.05357,4.67923,5.01797,4.78832,5.15059,3.79867,5.79871,4.17112,3.9211,4.03437
5.16089,3.46223,4.50847,2.83066,6.02845,3.60634,3.76437,2.61261,3.92309,3.50975
4.07103,5.75849,2.03927,3.02245,2.87163,4.9827,4.07148,5.13823,3.89279,3.3394
5.00232,4.04556,5.19137,3.15164,3.23071,4.19279,4.12334,1.84744,3.34356,3.58336
4.78182,4.34726,1.97723,3.9601,3.38463,3.35754,2.15836,3.97934,3.88195,2.4738
3.99217,4.22932,4.70711,3.12476,4.1787,1.63493,3.56301,4.75989,4.13388,3.57991
3.3082,4.05677,5.218,2.79737,6.73271,2.89512,3.15253,4.67836,5.50821,4.4914
5.85043,3.01193,3.3311,2.79629,3.04301,4.61754,2.66914,4.68242,3.88734,3.28092
4.14098,3.89628,4.77664,5.0843,5.49742,3.83997,4.04274,2.93353,4.62539,3.53649
4.0034,5.37484,3.94818,6.97286,4.64661,4.44929,4.51698,5.80111,4.89596,3.65181
3.28286,3.35501,2.9609,3.31877,4.09809,4.92454,4.45214,4.1838,5.04352,4.63284
4.74403,4.01972,3.15918,4.61682,4.53603,4.7794,1.09459,4.47651,3.19218,4.09447
4.51017,3.83582,4.61389,4.25676,4.26253,3.45918,3.2553,4.66507,1.95205,3.70708
3.5992,4.14176,5.25192,5.01311,4.56497,3.83473,6.08571,2.40229,2.66962,3.20578
3.5851,1.81722,3.43603,3.94668,3.92875,4.29694,5.05616,5.23346,5.46248,4.42035
3.88363,5.08884,3.57096,3.1779,4.55649,3.67942,4.11005,5.3263,3.85168,3.94532
4.75926,5.7724,2.37059,5.49072,3.6087,2.94819,2.4549,3.84802,2.48874,5.75469
4.27588,4.0192,4.18018,1.80319,5.48676,4.5257,3.85535,2.2485,4.09165,3.70172
2.61445,2.41809,3.93504,4.45811,3.34619,6.3219,6.38887,4.63079,2.91959,3.28911
4.93403,5.18643,2.71128,4.01588,6.19935,3.68187,4.22943,1.9619,2.78771,3.31992
4.46487,3.27584,3.29739,4.86208,3.36886,2.83967,3.33222,5.24841,3.81494,3.61981
3.78227,3.48174,3.1498,6.50858,4.33327,2.84351,4.10364,4.09285,4.14961,3.00782
3.93761,4.23057,4.2216,5.13805,4.56401,3.9074,2.25413,4.05195,3.6682,3.98783
4.55385,3.59396,2.20899,4.27721,4.04494,4.37946,3.15555,3.0279,4.16059,5.19018
4.70751,5.79492,5.43694,5.28957,3.15455,4.75092,4.02645,3.43558,3.4006,4.41692
4.48333,2.95299,3.52141,4.80653,5.32952,2.65048,4.51682,5.85238,4.52275,4.67521
5.11868,2.91981,3.6082,3.68588,4.47836,3.9797,3.64802,4.81987,2.19729,2.73524
4.94295,4.29797,5.55183,3.74937,4.20345,3.8457,4.3088,2.75759,3.72607,3.56355
5.11259,5.03252,4.93137,2.70755,5.08136,4.01241,3.44857,3.75436,5.73561,3.75563
4.20032,1.96305,2.16557,3.57695,4.99682,4.608,3.14023,4.79296,3.34435,2.07467
4.52478,4.02088,5.51195,1.73687,4.42538,4.28019,3.81413,4.22379,4.30838,5.14086
4.05404,4.6362,4.43074,3.03913,5.09038,1.73696,4.87898,3.20004,2.5138,4.5955
3.70472,3.22645,4.57225,5.06749,2.91094,4.64954,2.77847,4.07516,5.01857,3.66277
3.30578,5.01956,3.87621,3.80874,3.90593,4.97241,2.92479,3.05936,5.01197,3.29851
3.28339,4.14457,5.42205,3.35499,2.32069,3.2494,1.81166,4.03675,3.12404,3.44293
2.13411,5.91903,3.38373,3.90276,0.379182,2.5687,4.48345,4.11998,4.06824,4.29143
3.47549,4.32444,3.20346,3.79979,4.32026,2.58213,5.61498,4.63859,3.53104,4.4909
6.43874,6.86586,4.29061,2.02701,4.48175,4.86575,2.84425,4.48128,5.07169,5.82489
3.96279,3.4573,3.41167,3.17639,3.60661,4.70486,4.19609,4.45167,2.84133,4.76388
4.29206,3.14936,4.36442,5.13329,6.01481,3.99314,6.64418,5.24514,4.59161,4.0995
4.3777,4.52403,5.53599,4.68974,4.88686,4.29807,5.00204,4.3645,4.89702,3.03498
4.1044,5.26552,3.76163,3.11092,3.49709,3.17866,5.81471,4.00907,3.5074,4.30217
5.3161,4.34233,5.14394,4.5876,5.77315,5.76927,3.09145,4.84993,3.86782,3.47023
4.89553,3.16328,3.19245,3.6144,3.03402,3.66346,3.74798,4.21895,4.72918,4.43422
4.39798,3.91824,3.21003,2.35013,4.44076,5.29731,4.46048,3.39523,4.56458,4.62844
4.75294,3.79826,7.20723,2.99768,5.56428,4.89897,6.04903,3.78687,4.70735,3.46558
5.03158,4.67896,2.68548,3.87943,3.88177,2.74654,5.08877,3.30501,5.00378,3.64548
4.16775,5.23379,3.68676,4.07867,3.98045,3.15816,3.95945,2.61754,4.86431,3.92576
3.2109,4.34478,2.59438,4.38198,4.56742,5.25835,1.88364,4.15456,4.74525,4.03592
4.15558,4.51496,3.84586,2.21541,4.01826,5.11053,3.60379,3.88696,5.32456,6.08176
4.48878,2.36925,3.14628,2.37715,5.20451,4.74411,2.86101,4.41339,2.33539,4.5321
5.13001,3.81429,4.45723,4.93781,3.36267,3.2952,3.78069,3.89169,3.24514,4.71838
3.25797,2.48154,4.29268,4.42538,4.5687,5.05202,3.75807,3.41209,3.74764,3.06725
5.10488,4.07298,4.21339,4.46231,4.51984,5.42808,4.9489,5.56568,3.98453,3.69113
4.10182,5.27953,3.90286,2.90332,4.00973,5.03231,5.81376,3.07403,4.19482,4.63475
2.21394,4.25675,3.10738,3.44801,4.8237,3.32794,4.66595,4.36033,3.40574,3.54066
3.06653,4.70837,5.0861,3.77496,3.97362,2.59775,3.16907,3.94007,3.99521,4.00938
3.55967,3.32071,3.93355,4.41122,4.22247,5.52687,2.92858,3.63019,3.36423,3.20461
3.85223,4.34013,3.3801,2.10503,3.02964,3.56847,5.26896,5.05781,3.4008,3.15206
6.40957,4.86011,4.47584,6.2389,3.86686,3.65576,3.49393,5.06455,3.38153,4.97877
3.56216,4.55215,3.59684,3.3873,3.41208,4.11567,2.95195,4.95517,5.01851,5.02339
4.3353,3.01487,3.82932,4.61858,4.27408,3.46756,5.19836,5.34303,3.3683,2.83261
4.01804,4.97504,2.20987,2.43167,3.22513,4.83759,4.08344,4.97705,5.16628,3.37385
3.9109,4.80778,2.39722,3.43957,3.95767,4.33404,4.30236,1.73947,4.4183,5.38231
4.53047,4.18172,3.27523,4.06875,4.40347,3.18678,3.75937,5.21299,3.88419,3.10791
4.02247,4.59889,5.51896,4.51116,4.9653,4.08929,3.40493,4.25521,2.96915,3.40368
4.64826,5.23431,3.27567,2.59459,5.48398,5.11557,4.79656,3.07504,5.18998,3.52131
2.56612,4.04392,4.3614,3.82888,3.68234,4.5511,2.96801,3.33576,3.74797,3.50445
4.6404,4.42694,2.80254,4.98517,5.31312,3.82534,5.26536,4.64762,3.70557,3.8886
4.34649,4.56451,5.44326,3.9944,1.94989,3.65603,4.36672,3.82204,4.04773,3.54936
3.37993,2.55984,1.42678,4.28347,4.90932,2.02632,2.98923,3.44041,4.69303,3.10812
2.86119,2.04487,3.12321,3.79358,3.90943,3.4599,2.96241,3.992,4.11193,4.24685
2.18248,4.52409,5.1363,3.15249,4.83724,4.37165,5.65825,3.74769,3.54274,1.25177
4.66141,4.47164,4.8381,2.98015,2.83759,3.77011,2.68614,4.95986,7.08343,3.35307
4.61898,3.58304,3.9392,3.94274,3.83761,3.45512,3.30737,3.89178,3.30701,5.38942
4.5795,2.7493,3.30364,4.16458,2.80361,4.86828,4.80142,1.67175,4.09656,2.77174
3.33176,4.13346,3.26365,3.35834,3.36202,3.30955,5.27496,4.4823,5.58986,3.8263
3.76232,4.1027,2.81068,3.61775,4.50181,4.79364,3.86581,3.00952,4.46562,3.87233
4.67872,3.24485,5.59169,5.25894,4.56837,3.84998,3.79053,4.20624,2.88489,5.13216
4.29444,3.72328,4.39929,3.71916,2.59092,3.35651,3.51885,1.12283,6.42183,5.37048
3.86222,3.6772,3.45162,5.20458,5.70596,4.67392,4.22907,3.91737,5.42276,3.19744
4.26476,4.3432,2.27958,4.22616,4.80658,3.83064,3.08949,3.39864,4.48519,3.18989
5.28714,2.80276,3.39113,3.77994,2.75453,5.29974,4.87734,3.70769,1.90947,5.20954
7.04869,3.17889,3.02611,3.00266,4.43891,3.10244,3.28836,3.22298,2.61484,4.93445
5.15109,4.95879,2.27758,4.40247,3.41292,3.81581,5.07098,4.26656,4.63119,3.01056
5.95145,4.46525,4.1998,2.62263,5.47682,4.40958,4.17777,5.53147,3.9918,4.48445
4.35627,5.20369,5.16827,0.983157,4.44031,3.30656,4.3065,4.5371,4.38357,2.6889
4.5665,3.12413,4.48844,3.5803,3.72485,2.76715,3.93485,3.60636,3.44093,4.4058
2.78172,2.83327,3.8142,2.35524,3.56569,5.26826,5.85088,3.72159,4.76252,3.09544
4.2269,2.75189,3.50941,4.21035,2.58208,4.34305,4.81479,4.73534,4.31233,2.79086
2.04251,5.99365,5.18274,4.61244,5.24761,4.64298,3.96807,5.1903,3.84682,4.02751
3.47881,3.73928,2.95447,5.67334,3.71527,6.08507,4.59194,4.71578,3.14498,3.80595
4.28567,4.30828,6.09474,3.87683,4.59319,2.27383,4.08326,4.89905,2.80893,5.13723
4.28918,3.65974,3.75916,3.94013,2.82851,3.62747,3.6071,4.46055,1.88127,4.7121
5.38016,3.61409,4.57141,4.03072,3.73717,3.96521,3.67611,3.13714,3.95381,3.15505
5.87756,4.66189,6.55263,4.72836,4.43905,3.70725,3.71725,3.55927,3.50338,4.64143
4.5016,3.29004,3.68018,4.35156,4.52334,4.6334,4.96537,4.03464,3.4292,4.04129
2.73532,4.77638,4.67691,3.61196,4.11426,3.46575,4.10973,3.95854,5.6424,3.81113
4.96339,2.8883,2.89318,4.68152,2.37259,4.7622,4.7821,4.88714,3.92391,4.48426
4.19775,4.17049,4.25224,4.66223,2.61892,5.706,4.02282,3.45337,3.93545,4.91497
4.99078,5.76211,3.46587,4.55155,3.60401,3.17714,3.09764,4.56553,4.55311,5.31656
6.7106,3.14091,3.29463,5.47569,5.21139,3.00391,4.88484,3.80717,3.47356,4.35639
3.43447,4.73824,3.03928,3.00392,2.85279,4.18657,4.97948,3.57255,2.72625,4.84405
2.83094,4.24372,5.84947,5.21879,5.3402,4.31138,4.934,3.15023,2.86072,4.45935
4.33116,3.64565,3.9929,3.76959,1.99062,4.34246,4.60732,4.39523,2.47722,4.94983
3.60349,4.82421,3.8905,5.16913,3.95071,3.97744,3.67754,4.5238,6.00168,1.93627
4.78101,3.97317,3.37303,4.39317,4.59241,5.65583,3.71844,4.71523,3.47648,3.10771
3.69909,5.81259,4.07048,-0.233683,4.07554,5.12843,3.21975,5.13618,5.02641,4.79873
5.63265,4.23006,2.67197,3.39247,4.54494,4.48803,5.702,2.69095,4.5953,4.96983
4.40191,4.36089,3.08118,1.61113,5.7213,4.90704,4.79968,2.6333,3.87659,2.44075
4.66382,2.90953,3.77573,5.45265,4.24303,3.04041,5.27416,3.70134,3.59918,4.12873
3.04503,5.75303,3.01251,3.23509,4.59982,5.03741,4.08616,2.7414,5.00305,5.55099
5.77341,4.85543,4.08343,3.21593,3.05045,3.89035,3.80617,3.95335,3.43272,4.14687
5.62424,5.49914,4.93244,3.41588,3.65489,4.59707,5.26891,3.29735,4.30276,2.79127
1.91407,4.54876,4.72813,2.72427,4.5919,4.61003,5.26995,3.7852,2.78564,4.04087
5.15945,4.57525,3.94595,6.58957,5.85437,3.66529,4.58502,3.31466,3.39778,5.05592
3.84733,4.08261,2.9158,3.0759,3.47079,5.27155,4.39145,4.22942,5.26893,4.08432
3.77418,5.78525,3.93707,4.94984,3.98444,5.46853,3.1212,1.24338,3.42636,4.55815
4.32512,4.03426,3.24157,3.26845,3.79069,4.68448,5.00146,2.99526,4.97808,4.40194
3.26833,2.46719,5.19062,3.64885,4.75173,4.16691,2.59692,4.78679,4.00786,3.02736
4.68112,3.23507,3.33912,2.82613,2.43838,3.80138,4.33259,3.83602,3.9882,5.43971
3.88655,3.18125,2.60235,2.08086,5.88684,3.767,2.24433,2.78437,4.43441,3.0503
4.68601,3.72034,5.04989,3.23081,4.08467,4.55784,3.12622,3.12861,2.74756,4.59212
5.32049,4.72725,3.96253,4.76514,3.46487,3.61336,2.807,2.40663,5.444,4.76393
6.04856,4.18111,5.46376,4.06959,3.13989,5.25594,2.58563,2.2453,5.31698,2.48999
4.5505,5.04444,4.25871,2.73158,3.79308,5.1263,5.43529,4.66144,3.99641,5.18163
4.98326,4.06502,3.2126,4.62295,4.06467,3.4313,3.63777,4.20086,4.69437,3.21469
2.60878,3.67853,5.24748,4.0283,1.89825,5.44679,3.21809,2.60679,4.07152,3.17559
3.05444,6.36239,1.6461,4.3547,3.16086,4.08912,4.55987,1.44429,3.92993,4.15511
4.07646,4.80647,5.04496,4.04123,4.69153,2.74045,5.03269,3.68036,3.38262,2.61601
4.9571,2.84867,4.54552,4.32205,5.82886,4.32477,5.40791,3.491,4.45216,4.65278
4.45802,3.60786,3.83812,2.70289,2.91898,4.21146,2.94795,4.13941,4.40462,4.04765
4.27925,3.30768,3.6064,6.4492,3.28921,4.72475,4.98778,2.86073,3.55665,4.03504
5.17749,6.62622,5.89753,3.87504,2.83342,5.08335,4.9338,3.75824,1.3693,6.15429
4.56304,3.65941,2.28535,5.91038,2.6811,3.51087,4.70522,3.92499,5.32209,3.50776
1.86294,5.35206,2.69717,4.65287,4.28019,2.79822,4.58968,4.05861,3.50289,3.97435
4.41777,1.88174,5.30317,5.38858,2.87431,2.22682,4.74022,1.71488,3.22602,4.68446
4.65771,3.47625,2.92688,4.99697,4.33317,4.28654,5.19722,3.53448,2.68349,6.16494
4.20908,2.5529,5.01152,3.38276,5.16967,4.89885,2.83746,1.60288,3.75382,4.40446
4.8092,5.57732,4.47761,3.14218,3.95722,2.60227,2.10678,5.09409,3.48437,3.85946
2.35842,5.8331,3.73559,4.38759,4.77772,5.34393,1.81676,2.6779,3.50454,2.72323
4.29666,5.40779,3.43317,2.7863,3.62149,4.92678,3.71028,5.03566,2.63554,2.31808
3.51443,3.9438,4.45345,3.41627,4.10165,4.60689,3.161,3.58054,5.15084,3.83587
3.73843,5.06152,2.60471,4.15472,4.96575,4.69467,4.68203,3.57503,2.97836,2.29223
3.53962,2.80774,3.02056,4.20348,5.23847,1.50485,2.59395,4.57563,2.75099,3.53418
2.23761,1.85868,3.0237,3.74278,4.36132,2.18047,4.73327,3.51666,3.84327,2.51128
5.21082,4.51461,4.42511,7.07777,4.19875,3.81906,3.28732,4.8551,4.74406,4.13563
4.73163,3.92895,4.28506,5.73925,3.76054,4.31753,2.56632,2.69868,3.13804,2.65134
4.63634,5.90985,3.27226,3.0687,3.67716,3.2781,4.55867,2.90869,4.31796,4.94625
6.32816,3.15273,4.68268,4.51726,3.587,4.15445,6.60633,4.23447,4.11927,3.92702
3.33732,3.06377,2.05931,5.55363,2.76428,3.84141,4.20264,4.6882,5.34958,4.09798
3.18125,4.99682,3.87662,4.04228,3.91661,4.07876,5.77181,2.12208,4.81442,3.32592
3.61306,2.49579,4.75073,1.75457,3.14297,3.74182,4.20889,3.77673,4.86553,4.24265
3.38528,5.25383,2.85496,4.36547,3.97856,2.95329,5.6099,3.87881,4.70998,4.59605
2.85236,1.91211,3.30753,3.86563,3.69693,3.87931,4.0803,3.05349,4.82058,1.04273
2.9176,4.21761,3.78518,3.7349,3.9656,3.96634,4.72832,5.15463,4.61098,6.06704
3.40537,3.91116,3.65565,4.7498,5.38147,3.07572,3.99357,3.7445,4.2638,3.63321
4.22694,4.04402,3.75306,2.82833,3.10339,4.11251,4.81141,4.03274,4.11888,3.00851
3.88656,3.12613,4.55095,2.58116,3.6349,5.20868,3.12196,3.34145,5.64855,4.28813
4.4027,4.27362,3.86688,2.94102,5.10041,5.37293,5.56409,3.65213,3.9373,2.24263
4.17203,4.14059,4.59997,6.17997,3.40507,4.09745,3.87934,5.72639,3.85282,3.42601
3.45031,6.59478,5.91822,4.20018,1.78988,2.657,3.32365,3.00648,3.89347,3.53837
3.29752,1.05142,1.87852,3.7541,5.84118,3.68026,4.88121,3.82841,4.1884,2.79219
2.51183,3.40992,4.71914,3.84156,4.0794,4.93828,4.053,3.77197,3.67887,3.86367
6.68709,2.09972,4.09901,4.32107,3.06731,4.612,5.13172,2.40958,4.07853,3.99402
3.2684,4.66169,3.58552,4.69276,3.21598,5.74112,3.0074,4.83788,3.84576,4.24726
5.90611,4.76049,4.96439,4.4628,2.9667,3.41629,3.23666,5.4544,3.90185,6.23912
3.18145,3.43529,4.90093,3.3267,3.93584,5.79256,3.19224,2.3555,3.65624,3.61896
3.59885,4.6705,4.33761,4.59286,4.34604,4.52479,5.52784,5.50479,4.97127,3.728
4.54491,5.95922,4.9545,3.57849,3.33188,4.16908,6.4273,4.33731,5.75164,5.35443
3.57772,4.3254,4.64994,4.04101,3.43959,5.06348,3.22587,5.5634,5.28896,3.48439
6.39976,3.34032,4.36377,3.70216,2.76512,4.0117,3.27223,3.34136,3.62972,2.5494
1.10882,3.70532,3.98464,2.8447,2.25885,3.93777,1.95451,3.84838,3.01306,2.91132
4.68389,3.6788,4.5353,3.79573,4.3111,4.09368,4.0821,4.52681,4.10156,4.0206
3.03235,5.25088,1.63643,3.62523,4.02752,4.7846,3.58828,4.44902,4.21484,3.22762
4.12559,4.08643,5.87324,2.3979,5.48191,4.52382,3.19682,3.38786,3.79736,4.91843
3.65094,4.71121,3.15957,2.73383,3.86991,4.41204,4.00932,5.59022,3.19378,3.51431
6.7309,3.74606,3.87607,5.24103,4.09625,5.53925,4.40019,3.63745,4.9389,5.23154
2.05176,3.44018,3.86231,5.38985,1.41947,3.5727,5.72553,2.94011,2.7511,5.09093
4.427,4.81888,4.31965,3.18502,3.29553,2.77435,2.81381,4.61904,3.54767,2.40086
4.57291,3.44116,4.99793,4.4249,3.60631,3.75187,4.37452,4.37037,3.71558,2.519
3.76989,5.8033,3.83673,3.5096,4.7287,3.56653,3.90134,4.67196,6.35347,3.8411
3.60758,5.32685,3.73795,4.43393,5.17262,2.77759,6.97646,3.77685,4.4246,5.3315
4.47298,2.92778,6.79853,3.74753,5.55354,3.96734,4.54311,3.24648,4.55277,3.19106
2.76336,4.64704,3.39266,3.73386,3.8255,4.10298,4.67223,3.16047,3.37877,5.48294
4.98212,5.68396,5.17688,5.46247,3.68268,4.82309,2.1161,3.53677,3.18904,6.12253
4.01749,5.92472,5.54573,5.34036,4.78354,3.34148,4.34381,4.66593,4.42819,4.01067
4.95145,5.16276,3.50956,3.84295,4.28003,3.60392,3.7875,5.28674,4.7101,3.34788
2.36927,3.2205,1.75008,4.76038,5.13037,3.48034,3.87117,4.44381,2.87914,3.71833
5.853,4.60978,5.01258,4.08143,4.14327,3.57626,5.13867,3.19193,4.16065,3.0486
3.41765,2.52301,4.67148,4.14609,2.86098,3.35749,4.47302,3.92428,3.63536,2.85443
2.92685,3.06172,3.31,2.90558,3.48077,5.22273,4.16941,1.16589,3.28218,6.25144
3.05036,3.03507,4.79233,4.223,4.39564,5.78735,4.9964,3.6519,3.0521,4.7093
5.49183,4.52346,2.04535,3.00683,3.89541,5.47992,3.43332,4.48471,4.75769,3.71871
3.87596,2.28343,4.11748,4.34694,3.33594,3.23965,4.6489,3.46564,5.45844,5.2489
4.62602,6.06639,3.60683,3.38736,3.54981,2.60933,2.69633,5.15307,2.78296,5.00271
4.49695,2.70151,4.37675,4.67462,4.21415,5.20301,3.54067,3.17,2.73091,4.23144
4.85823,3.00003,4.52952,4.53388,3.78277,3.39845,2.83981,3.01858,4.42801,5.8439
5.40253,5.50554,4.74205,3.30942,3.78169,4.03504,3.28294,3.40985,4.48556,4.7982
2.86581,5.10561,4.39389,2.88005,3.96008,5.85181,2.3623,3.08526,4.44503,4.17252
5.69886,2.56332,3.92999,4.31,3.17733,5.08059,5.43424,4.15575,3.27222,2.57713
3.73697,3.40926,2.52072,4.43266,2.58652,3.36411,2.34248,2.89826,3.56294,2.24053
4.26041,3.85205,4.49941,6.86722,3.48349,4.31764,5.1289,4.26877,3.07307,6.41796
4.28912,4.10788,1.648,2.9891,4.36058,4.16355,3.19188,3.4763,2.844,3.78513
5.10537,3.05308,3.44594,4.75931,5.74726,4.31087,3.35174,3.0784,3.7976,4.69729
3.51435,4.51552,2.79793,4.25125,5.34835,3.0182,3.8033,2.03404,3.80559,5.23852
3.89479,4.01177,3.51815,5.06268,3.91192,4.20813,5.30856,3.11818,2.98137,5.13278
4.30165,2.93591,5.22949,3.0169,5.12628,5.77399,4.80909,5.81891,5.30504,5.34235
2.81766,5.25962,4.32976,3.24858,2.68242,3.24958,4.97167,4.70052,5.083,2.06234
3.6141,3.19093,3.04831,3.7756,3.26569,4.98411,3.55988,3.13191,4.71804,3.62955
4.03013,5.65554,5.2805,4.96967,3.80142,4.15204,4.30511,3.60197,3.67648,3.73359
4.82459,4.68491,4.86318,2.9269,5.49186,3.9954,3.89626,5.83096,2.62115,2.41552
2.50315,5.18056,4.5167,4.75763,2.8971,4.36806,3.89033,4.58155,4.08053,3.28845
5.0061,3.23186,3.17439,4.20499,4.20546,4.95406,4.75153,5.95988,2.98281,4.95204
4.52332,4.08183,3.04893,2.34492,4.09151,3.88374,5.74226,4.159,2.97485,3.39141
4.47808,2.85086,2.53452,4.72977,2.4922,3.52919,3.46002,4.79264,5.00166,3.89959
3.63384,4.2701,3.93402,5.04457,4.38089,2.17425,4.27246,4.81168,3.34817,4.20855
3.32209,4.58541,5.01375,3.43151,5.49478,3.36044,3.26202,4.13212,5.87491,2.42146
4.20341,3.47467,4.53477,4.04642,2.85975,4.32092,4.74188,3.49693,3.88278,3.55831
3.74005,4.37949,3.16744,3.69876,3.34307,3.27068,3.95132,4.68337,4.71326,4.64368
3.32966,4.95802,4.21872,4.22337,4.02399,3.14619,5.59494,3.60858,4.3578,2.86217
3.88458,4.48635,5.13722,3.21245,1.97039,4.56441,4.83169,4.20329,3.99372,3.82286
4.21993,4.1396,3.3992,3.18117,5.82671,6.4011,4.18193,4.59137,6.02727,4.52982
3.87217,2.83266,5.28395,3.59864,2.98651,5.48432,5.40765,2.80674,6.84317,3.54605
1.59963,5.60153,5.02505,5.48815,2.19377,5.03165,2.21024,5.10456,5.01302,5.57697
6.08055,4.91184,4.6772,3.60727,3.60201,2.06508,3.29604,3.79158,4.87777,5.23493
3.31036,4.22779,3.91373,3.68158,4.19671,3.98548,3.93409,6.22221,3.07184,2.41463
5.47133,4.49674,4.33856,2.95535,0.937193,2.83878,4.77658,5.92889,5.23919,3.91952
3.35562,3.92905,2.70826,3.9949,5.60209,5.79248,4.96944,4.17621,2.19875,4.15838
3.1506,4.39452,3.48473,3.93327,1.75987,3.48374,2.50477,3.68218,3.48387,4.07658
3.28404,3.76034,3.84441,4.76827,3.7953,4.13443,4.5393,3.75451,3.64319,4.47343
4.60979,2.97258,3.94657,5.06578,4.40672,4.38969,4.35238,5.82706,4.39115,4.4223
5.00154,5.05559,5.8576,3.87703,3.89924,5.64388,4.57184,3.33654,4.9273,4.93632
2.48158,3.51813,2.67035,3.23919,3.5593,6.03518,4.00029,4.887,5.33872,4.82738
4.22662,4.52956,2.45309,5.02336,1.7807,5.99238,2.9106,5.68846,3.70685,4.69174
3.28498,4.10222,3.8517,4.68958,4.50673,6.59375,2.48621,4.30748,4.29298,2.76156
4.40982,4.2037,4.07662,3.02058,2.65914,3.30829,2.74132,4.58737,2.91787,2.80109
3.33326,4.86967,4.79914,4.72667,4.83612,4.86062,1.8454,3.96499,3.88823,1.58662
4.43421,3.96794,4.95039,4.02891,5.78446,5.52252,2.11053,4.02841,4.5489,2.69758
3.09401,1.4706,4.49139,3.69077,3.85342,1.76744,5.64089,4.16161,3.34536,3.92756
3.84257,4.32924,5.35166,6.09522,3.69993,3.72157,4.24378,5.31336,3.87952,3.26572
3.32018,4.91353,3.76952,3.64427,4.15841,4.8121,5.8885,3.84985,4.28617,4.3745
2.2134,3.36596,3.87941,3.98094,4.59927,3.80368,5.33921,4.67859,3.77539,3.78289
4.2434,5.35069,4.30606,4.80954,3.86632,2.91416,2.57563,5.53547,3.70439,2.332
4.12152,2.46065,4.89953,4.37379,4.59009,2.51027,4.36626,3.40588,2.27096,4.3858
3.64683,4.29107,2.4074,4.68741,2.66498,6.02396,4.41553,4.79111,4.04532,3.44823
3.61525,4.08436,3.1689,2.80314,2.23528,2.8883,2.76197,3.62986,3.18939,3.88004
5.64841,3.96493,2.51994,2.47337,1.46555,3.93816,4.09585,4.04042,2.86566,3.16582
3.30838,3.85283,6.24394,4.17601,3.24116,3.44225,2.32679,5.78659,2.8058,3.53015
3.80732,4.98326,2.16679,3.14465,3.51482,2.77913,3.92366,4.85854,2.06004,4.80674
3.75088,3.23849,3.14599,4.74148,4.77567,3.82988,2.52672,2.20043,4.136,4.31134
3.86011,2.76133,4.92361,3.89358,4.16186,3.93401,3.00985,3.23642,4.44998,4.75944
4.53215,3.93665,4.20964,3.83106,4.62463,5.08279,4.58189,4.73662,5.55997,4.38504
3.31729,2.43815,3.48082,5.3325,3.54352,3.1744,6.2336,2.07825,3.41073,4.03081
3.13603,4.77211,4.33819,3.87321,4.04581,5.33686,3.61221,5.92062,4.91385,5.72386
4.0396,4.32371,4.13228,4.37257,3.58143,4.23623,5.21833,4.10705,3.73813,4.72737
2.72676,4.07981,3.91915,2.48979,4.98028,3.67527,3.06063,4.02897,3.26001,5.31397
4.6322,2.67919,2.79469,3.82235,5.34261,3.47735,5.15779,2.11887,4.58288,4.65475
3.8982,5.22187,2.87532,4.32562,2.4123,3.70578,3.83601,3.35553,5.65777,4.12769
4.34928,2.14483,4.13444,5.90881,3.62997,4.45314,3.21198,4.24312,2.92255,4.56821
4.80691,4.95951,3.75707,5.43207,4.63959,2.92062,3.5738,3.90805,4.35496,3.2424
4.34022,4.05787,4.29911,3.37078,2.42226,2.14661,4.81549,3.15768,4.96071,3.47516
2.55321,4.28444,4.45299,4.29222,3.88252,4.0344,3.53192,4.85119,3.78401,5.97102
3.76771,4.18605,2.28535,3.54734,4.75022,5.1769,4.59323,2.23799,4.48531,4.02503
3.18796,4.16778,5.03614,5.0033,4.93314,4.97183,5.42235,3.96611,5.12622,3.43864
4.34953,3.51439,5.48074,5.56438,3.38235,3.7378,4.08303,4.69011,4.68557,4.72344
2.95344,3.91759,3.04536,3.3882,3.27821,4.12255,3.71575,4.51228,3.70611,3.49328
3.67361,4.7401,6.09057,3.59558,3.029,3.96303,6.25824,4.40477,4.66204,1.45995
5.68199,1.69333,4.61528,5.23814,2.74916,3.79199,2.96301,3.99448,4.71828,3.92472
4.97474,3.75454,4.96122,3.24035,2.62395,3.58456,2.25658,4.71751,2.88895,5.43076
1.30674,3.68054,2.90836,3.55551,4.1753,4.89921,4.64237,3.84185,3.99868,5.18916
3.11725,4.6607,3.01603,4.15824,3.92745,3.31118,4.95923,4.71175,3.59147,4.54193
5.74494,5.27127,2.29738,3.97677,2.82491,5.49514,4.58271,4.40105,2.25842,4.76704
3.51143,3.27821,3.35027,2.80512,4.31278,1.5918,3.16402,3.08241,4.23286,4.09342
4.04961,4.47554,4.9489,3.58978,5.31367,6.29912,4.53625,3.15281,5.26889,3.75888
3.43345,3.58031,3.7975,3.54227,5.35776,3.81355,3.7657,3.36096,3.53049,4.49907
3.95844,4.81838,5.27037,4.0056,3.26947,3.53041,5.76591,3.92804,3.67762,5.23405
5.45175,2.77817,4.6806,3.67324,3.12911,2.78852,4.18395,4.34177,2.56935,4.21368
2.18751,2.90532,3.36573,3.66532,3.48539,4.19414,3.11209,2.80202,3.65192,3.85287
5.42965,3.39619,3.54969,6.23568,4.06417,4.33426,3.73697,3.67183,5.40488,3.79444
3.22032,3.61369,5.14177,5.11836,3.35063,3.38704,2.9442,4.71287,2.40722,3.65557
3.29008,3.63892,5.52618,4.92827,2.83779,4.31501,4.8527,3.86455,3.28081,4.8
4.88362,3.58275,5.06836,4.08158,5.39158,4.25215,5.37304,3.81439,2.15274,3.95991
4.97768,3.75383,4.10346,3.60158,2.87272,6.19961,3.59127,3.92543,4.31574,5.04591
1.4022,4.62279,4.04417,3.95886,4.33777,3.30393,2.79759,3.19183,4.68063,3.94361
4.09835,3.87813,4.36992,4.7207,4.4144,4.74599,1.70361,1.65441,3.88077,4.04106
5.14993,2.70886,3.14779,4.728,3.0425,2.36047,4.62165,2.6737,4.41352,3.55968
2.11398,3.66973,2.99408,3.6396,2.46432,4.13553,3.71271,3.48481,3.32535,4.6323
4.06854,2.86496,4.7179,2.10018,3.59092,5.46764,5.89316,4.0773,4.21636,4.16162
2.95757,3.83454,3.31971,4.31476,4.04465,3.93842,5.76677,2.95564,3.5252,4.21013
2.11073,4.16812,2.69299,3.64782,3.70567,2.71245,4.7553,3.19398,5.56659,3.98747
4.73311,3.77831,3.26392,3.78854,5.3203,6.09505,4.21797,3.04069,2.75066,7.35495
3.79567,3.09244,4.61746,6.52753,4.77472,2.97518,4.55792,4.34354,4.91553,2.21091
4.18429,3.63905,3.4617,3.89106,4.00985,4.32731,5.39747,2.89355,5.49613,5.20187
4.17568,4.97358,2.79811,4.39327,3.55245,3.2293,3.23104,4.37751,4.35933,5.6202
3.95753,1.62813,4.8005,5.08003,4.57488,2.94843,2.86748,3.61436,1.45094,5.26718
3.17808,4.31828,2.58222,3.97489,3.30132,4.36031,4.43514,5.03039,3.22652,4.77085
3.20116,7.11519,4.65754,3.47809,3.03858,3.93961,3.9586,4.42844,3.21632,2.32995
3.21652,5.92557,3.77276,3.22497,5.35416,3.6255,3.37606,4.00286,5.23653,3.55191
3.59399,3.17119,4.68824,3.07908,4.59635,3.89828,3.58609,3.51057,3.79268,2.7102
2.50888,5.27384,1.73121,4.36666,3.7208,4.07947,4.64415,4.60515,5.90521,5.34138
5.24102,4.12951,5.51524,4.23747,3.77144,5.22432,2.66618,2.35667,4.03462,3.89637
3.40433,4.38318,3.0044,5.28039,3.43007,3.38186,3.81452,3.96362,3.191,4.27204
5.05405,4.25778,2.5023,4.50311,2.94821,4.75744,4.04061,2.34483,4.78356,5.00018
4.83867,3.5603,4.90009,3.26569,3.43767,4.13448,4.07088,4.67001,6.05505,4.24624
3.5498,3.71415,4.88374,3.99906,4.24019,5.99116,2.29054,4.97095,4.10052,3.23333
5.05141,5.86233,3.70757,3.75762,4.1045,4.05419,3.87956,3.42826,3.78753,1.8812
2.38555,4.80902,4.51465,3.54025,4.73341,2.70802,5.09411,4.05842,4.65053,4.51231
5.37006,6.04245,5.33312,5.23875,4.64318,3.76029,4.57706,4.66624,4.07472,3.79399
4.46469,2.14997,3.08624,4.72706,3.14403,2.82935,4.57514,2.90263,3.56533,2.95334
4.73041,5.41314,3.76125,4.39366,3.789,3.33602,4.52216,2.0893,5.46326,4.93499
3.552,3.9409,2.12,3.45721,5.55523,5.21051,3.30009,2.39664,3.45295,4.28902
6.04403,3.93449,2.45831,4.84072,2.51042,3.55338,3.78502,4.0439,2.70178,4.47191
3.70688,4.23969,4.56115,2.37442,3.52231,5.65204,3.48144,4.32338,4.73021,5.46864
3.96887,2.91964,3.09094,2.93132,2.85513,3.06161,2.33046,3.65449,1.91239,3.68989
4.06892,3.53943,4.21932,0.964485,3.52456,4.65976,4.30994,4.22605,4.58826,3.79817
2.87138,4.60446,1.68629,4.07359,3.48361,2.86648,3.78071,5.79853,3.07343,5.27955
3.68703,5.76661,4.55283,1.59814,3.97379,3.18901,2.51453,5.62856,4.00435,1.99718
3.22745,5.17067,4.7954,4.14247,2.98397,4.16895,6.19207,1.62529,1.37047,4.75875
4.48421,2.28361,2.68413,3.01346,3.97159,3.55378,4.23702,3.94141,4.17059,4.07594
4.42448,2.57408,3.12224,4.68571,4.18468,5.91372,4.34679,2.99995,3.36606,5.10286
4.58577,4.17058,3.20108,4.37929,3.76949,3.46321,4.46424,4.3104,3.41079,4.79637
3.03129,2.05732,4.19512,3.86214,3.60413,2.76264,3.58005,3.89784,4.24412,2.80165
4.56805,4.93591,3.53103,4.66164,5.04213,5.71153,4.06553,2.84004,3.71649,3.58932
3.31919,4.03215,2.97592,3.97999,3.6042,5.69043,3.32894,2.6054,2.70371,4.73856
3.88402,5.25202,4.90486,3.66778,4.30367,3.35194,3.47578,3.97808,3.87727,2.89368
4.27081,4.89946,3.8902,3.06648,4.43299,2.99917,4.72165,3.19416,3.64508,4.46168
4.70047,3.6696,3.49934,2.99995,5.87192,4.70874,5.40684,2.92089,3.99216,4.80243
4.17771,2.91339,5.34641,5.24104,4.25203,4.80521,5.34595,4.32758,3.38383,5.15347
3.98731,5.13254,4.19885,2.31629,2.81719,3.79963,3.91897,3.8422,4.9333,5.13449
5.67139,3.04702,5.75441,3.26857,4.11243,5.06419,5.28361,5.21021,2.85481,2.63568
3.27395,3.80204,3.21442,3.44067,3.19493,4.52546,2.95836,3.37876,3.80849,2.683
2.7001,4.93695,3.52439,4.195,2.90819,4.74637,2.10796,4.33523,4.15766,4.36067
3.25088,4.09433,4.11021,4.44548,4.37826,4.17146,6.29671,2.65357,4.68614,5.08276
4.03006,4.30068,5.48463,3.4707,5.47438,4.41571,3.65353,3.83634,4.76601,4.37465
3.44852,4.03337,4.96794,4.82877,4.61093,5.58351,4.73208,4.34878,2.66216,3.96461
1.66521,4.45459,3.84046,5.76929,3.87705,3.70595,6.23734,3.86006,4.7431,3.99177
2.77329,4.15532,4.18365,5.39029,4.66745,4.88929,2.96578,4.66429,3.7812,2.94494
4.43116,4.87873,3.65606,1.7728,3.84933,4.23895,4.11342,3.78045,4.9643,4.54396
2.78888,2.81999,5.43676,4.78679,3.45284,4.10194,5.90695,3.99808,6.22003,3.21108
5.78901,4.93761,4.49595,3.82325,2.30524,3.728,4.98222,4.64262,4.41307,4.19399
4.19367,4.77651,4.26002,2.71731,2.74557,4.42488,5.18359,5.58874,5.22501,4.12548
3.84996,3.07092,3.10102,2.33547,2.53457,5.09014,4.40764,4.55117,4.06634,2.77392
1.53138,4.91,5.26672,4.461,5.07163,4.85483,3.54654,3.1484,4.76295,1.9516
3.7017,3.04309,2.73947,4.67232,4.64517,3.7646,3.46964,3.03585,3.66155,4.1968
4.95705,4.00614,4.72075,3.60735,4.00522,3.1089,5.94667,3.87417,3.60482,3.02319
3.4195,3.53613,4.20563,4.42085,3.15207,4.69016,3.94152,3.64293,3.75878,5.77559
3.66491,4.17416,3.61704,3.60426,3.62531,4.4335,2.37194,2.71426,4.8599,3.78586
3.91333,5.82498,3.34425,3.29978,4.14192,5.49459,3.78533,4.8337,3.50788,4.45122
4.57493,4.21421,3.83927,3.86422,2.81879,5.64801,3.42814,4.48904,6.49983,3.74982
4.73131,2.84474,4.6802,5.70702,5.32051,3.74273,3.4326,5.52437,3.00115,4.06752
4.53974,4.37586,3.33856,4.7413,4.80002,3.10078,4.77058,3.28249,3.12455,3.83642
3.94639,3.59173,2.38816,3.33537,4.40338,4.53433,3.83212,3.85782,3.22053,4.22524
2.86944,5.62359,4.18167,3.40977,3.44693,2.92208,4.01244,3.74518,3.82908,2.9711
5.25316,4.48981,4.93977,3.99603,3.94731,2.84719,4.36909,1.91867,4.6276,4.5778
4.04896,3.44728,2.39498,4.22096,5.60241,5.86361,3.78324,5.34147,4.57353,2.04609
4.27879,4.32694,4.58731,4.53677,4.46957,4.58439,2.12448,5.02647,3.38196,3.40669
3.69132,2.94454,2.75287,1.57307,3.92999,3.33913,3.96587,3.69716,4.62177,3.94436
6.03728,5.62274,5.37244,4.85576,2.54352,3.61161,3.3891,1.6817,2.94444,4.51768
4.94937,3.71665,3.34333,5.13065,4.39115,3.27933,5.697,4.19887,5.53721,5.69183
3.51901,2.89678,2.69304,3.65919,4.11689,3.39817,3.56759,4.04567,4.88417,3.95623
3.69422,2.31093,4.34142,3.16679,4.21113,3.22213,5.0133,3.4716,4.42853,4.9475
3.46212,5.27578,4.49833,4.17738,3.64271,3.8342,5.39072,2.80687,4.21444,2.43304
4.29899,4.31308,2.33812,4.55525,5.1891,4.09169,2.36252,4.51086,2.54675,5.1432
4.02154,2.78899,2.78202,4.67088,5.04411,4.55547,3.78056,5.54116,4.0867,5.20307
3.59849,4.68493,3.38262,6.03228,5.02742,4.36558,5.81176,2.3632,4.55315,2.90332
4.43791,3.73764,5.05224,4.19538,3.72406,2.99889,4.55498,3.40342,2.67006,2.10941
4.71852,3.20813,4.1648,2.21255,3.78127,5.48096,3.76798,3.84904,1.76707,2.03085
3.0375,3.60727,3.31517,4.54468,3.96193,4.44005,5.63652,3.97019,4.66028,4.95719
4.77306,4.10552,2.24986,2.42656,2.95941,3.59337,3.79111,3.10741,4.21425,2.85708
3.96207,4.71834,4.9316,3.64455,5.21605,4.09651,5.16288,4.78383,5.01346,2.88493
4.31834,4.84184,5.90139,3.94188,5.44033,5.0247,5.11662,6.36595,3.83241,2.5892
4.32801,3.82415,4.65081,2.73415,3.66005,3.52262,4.67079,3.67963,5.42894,2.18638
3.62383,4.47367,2.11693,4.41996,3.71688,3.68469,3.84341,4.23027,6.46349,2.82356
3.26358,3.95448,5.39043,3.16654,3.17355,3.27633,3.2689,3.43172,3.19034,5.38604
4.56029,2.32425,1.76831,3.95553,4.12839,4.50173,5.24818,3.55236,4.10829,5.20175
5.18709,4.48998,3.99355,4.94156,2.77418,4.42511,4.41505,4.11979,3.12368,4.32166
2.9678,2.47282,3.73051,4.90379,4.16988,1.63842,3.66155,5.77699,2.64877,5.23003
5.11844,3.40539,5.30164,4.48595,4.3606,4.35889,2.15643,5.3411,4.45484,3.37516
5.56117,4.6829,5.30928,4.45165,1.91949,2.6994,4.04218,3.49043,4.82881,4.48526
1.9977,3.84622,3.18417,1.46367,4.09236,4.94999,6.04306,5.2336,3.63554,3.69136
3.74867,4.70352,3.48989,5.11005,2.50529,3.70926,3.61237,3.30447,3.80287,2.71559
4.12548,4.04181,4.99393,5.45351,3.3485,5.10922,2.52242,3.72731,2.91479,5.27482
3.2433,3.2468,3.21318,2.93062,4.26068,4.31254,4.58594,3.70032,1.30719,2.83653
4.14735,3.80325,2.84759,3.84577,3.53509,1.97219,2.38716,4.41771,4.25458,4.74342
2.96451,6.29376,3.37122,4.3342,3.60315,5.12833,4.0212,2.78103,3.38927,3.60923
3.84287,4.28901,2.71214,4.52544,4.2255,2.67558,2.1659,3.36856,5.19739,3.73616
3.12591,4.6427,5.05939,3.67115,4.92238,4.36805,5.08136,3.58788,3.49715,3.46665
3.41183,3.96518,4.27934,3.67721,3.2441,4.86481,4.06811,3.62749,4.32058,4.34875
3.18879,3.91295,3.46933,2.98706,3.16051,4.48035,2.44606,3.70718,3.9312,6.09579
0.467271,3.83317,4.2807,4.64601,5.23948,3.6141,4.36894,3.41313,3.76962,4.61811
5.13458,3.93084,6.26431,2.96824,3.61324,6.27326,4.1367,6.47882,3.97599,3.49514
4.91081,4.65798,4.37257,3.73937,4.08691,3.87093,4.02408,5.04379,5.94786,1.99308
4.71259,6.033,3.4021,4.06624,4.08264,4.16528,4.30726,5.64103,4.92697,4.08977
4.6272,3.07722,4.07455,4.16043,2.93521,4.86495,3.18304,1.64445,3.85307,3.43946
4.06987,4.85946,4.16059,5.52368,2.63733,1.99366,3.42663,2.66782,4.29651,4.35656
3.02046,4.26481,3.80844,3.38803,3.17152,2.38289,3.29585,4.64695,2.20355,3.29828
5.3712,4.20253,2.69217,4.87549,4.37806,5.42428,5.11962,5.23849,2.08967,3.81735
3.48555,3.22058,3.89635,4.76777,4.99316,4.33132,4.61685,3.60787,3.11783,5.22654
3.3899,4.20727,3.57451,5.33486,4.56571,5.12683,4.14123,4.54621,4.88698,4.47923
2.81092,3.38365,3.60457,5.18604,3.4716,3.66268,3.07058,3.35451,2.82528,3.16219
4.29995,3.84167,3.9438,5.4925,4.04012,4.77528,2.09283,2.06489,4.34538,3.47486
3.52685,3.91821,2.83213,4.30409,3.39529,4.22427,3.63344,4.44407,5.73001,5.06888
4.64328,4.48381,3.84051,4.89786,3.92694,4.90319,4.22695,3.70731,3.78948,4.70794
3.36892,4.67481,2.62443,4.67613,5.3027,1.82448,4.06084,2.95236,3.80795,3.51758
2.89912,3.26463,4.22675,5.19106,3.89206,3.86733,3.82642,4.33109,3.1954,3.55963
4.0418,4.57889,3.70914,4.1911,3.23717,3.58587,3.72874,3.89379,2.93954,3.29267
3.15951,3.82293,4.13266,4.36043,2.50781,3.48159,4.25447,2.76012,4.83571,5.1296
5.75792,4.00786,2.99381,2.90569,2.0121,5.64192,2.27191,5.35227,4.69488,4.0345
3.45488,5.39194,4.6215,3.69258,4.40615,3.6781,5.13891,2.90538,4.39681,3.6444
4.60705,3.53856,6.82348,2.50601,2.91913,6.2518,4.66244,4.57083,3.63142,4.55559
5.05703,4.59876,3.40842,4.90106,5.51358,3.69908,4.97733,3.07146,4.05359,3.14348
3.88531,5.09245,5.04189,2.16671,4.62602,4.81049,2.82005,2.4434,6.53268,4.06589
3.26901,3.63857,3.79278,4.7552,3.53354,2.92018,4.3177,4.31881,3.08545,3.91621
2.16036,4.68818,2.20985,4.56809,5.26881,4.10814,3.90285,3.28949,3.82003,5.15132
5.34273,4.63277,2.9358,4.5695,4.84554,2.73522,3.04185,1.51784,4.2343,2.7164
5.09624,3.82564,3.89538,3.43572,3.29267,5.12329,4.91444,4.31962,3.79048,2.47614
4.43439,5.72834,4.52431,4.13083,4.3825,2.69919,3.8987,5.42715,2.67756,3.30302
3.14704,3.59097,5.0584,5.33991,2.69068,4.81357,3.42005,3.96062,4.99724,4.65442
3.9223,2.59179,5.07529,3.25952,3.38635,3.59386,3.90124,3.98231,4.45903,5.02176
4.24991,3.38968,3.57991,3.63505,5.43426,3.79133,4.02599,3.86236,5.29665,4.84035
2.64808,3.71339,3.49096,4.51298,4.70146,6.67631,4.40471,2.9844,3.51557,4.76658
3.05255,4.7089,4.06768,5.89592,4.4119,3.95497,5.03367,4.16333,3.91153,4.72946
4.44082,4.60582,2.41881,2.59262,4.2678,4.18518,3.86821,3.38188,4.84753,4.63068
4.13815,3.80487,4.0272,3.71314,3.39345,5.47337,3.71324,5.02022,3.6522,3.64717
3.28565,4.91403,3.41673,3.75239,3.06534,1.45158,5.08907,4.01993,4.72457,1.26104
4.82036,4.74248,4.02199,3.80035,2.6663,4.29643,5.24339,3.67788,5.35489,3.9395
1.24927,3.43939,3.4962,3.42054,4.44409,4.49887,3.66408,4.58958,4.7998,4.39112
3.41988,4.61232,5.45875,6.88322,4.80953,2.8121,4.58823,3.13684,4.48776,2.85187
4.07439,5.03203,5.61283,3.48688,2.84819,3.17911,3.18491,4.0798,4.78223,3.56462
2.81297,3.4747,3.07186,4.11059,5.73609,2.55468,2.99862,3.9374,3.78215,4.18813
4.39078,4.1808,3.28685,4.33973,3.46032,4.03365,4.29756,3.38228,5.51395,5.3823
4.85779,3.05886,5.09205,4.76227,4.91794,4.54092,2.00421,4.03193,2.01041,4.09929
3.93622,5.47364,4.08965,4.92985,2.63498,3.3351,2.78072,4.19267,5.31256,1.9041
6.46467,4.24434,3.51622,5.23962,4.61562,3.52756,2.99074,0.989867,4.94966,4.5581
4.4814,4.22918,4.00558,3.56742,3.90731,4.57532,4.79798,3.05987,3.69143,2.34781
3.19207,2.63853,3.75845,3.27961,4.05155,3.98818,3.95625,4.63749,4.50304,5.0302
3.69968,3.90163,3.46764,4.53192,2.98486,3.8029,2.79158,3.37156,3.67538,2.70511
4.68379,3.16421,2.7049,5.72535,4.2029,4.05014,3.50193,2.74806,5.27532,3.33278
4.90056,7.0607,4.97639,5.93292,3.97387,4.72155,4.44594,3.58299,5.03449,4.64975
4.81262,5.16654,4.50092,3.1058,3.14158,5.22038,4.34907,3.55206,4.87815,4.28423
5.76131,4.22043,3.26235,4.34866,2.78404,4.85918,5.19112,4.5609,4.02607,6.90429
4.1614,4.76173,3.62453,4.1304,3.78762,3.20832,4.65363,3.62215,4.25406,4.94418
4.42696,3.20627,5.38754,4.06055,4.28017,2.67335,5.33481,1.4054,3.53392,2.0699
3.50877,4.45764,4.10888,5.59251,3.20164,3.99426,5.40983,2.24655,4.9994,5.73102
3.33588,4.27946,3.26642,3.15979,4.39618,4.54527,4.23172,3.60144,5.31123,4.14774
5.33662,4.21914,4.67831,4.7271,3.07479,3.85704,3.16746,4.18576,5.51026,6.6142
2.42059,4.72965,4.4662,3.80231,4.4276,3.37789,4.52238,3.38902,4.49643,3.03487
3.77787,4.36168,4.56178,4.41005,4.46123,4.24296,5.27626,3.88526,1.01539,5.32718
5.31264,4.15248,4.36374,3.04985,3.37794,3.64541,4.01241,3.85983,3.62693,3.31388
5.22863,3.36367,4.19869,4.51495,4.36398,4.61545,3.97662,4.47162,4.00073,3.46058
3.18128,2.80752,4.04377,4.84951,5.27114,5.15905,3.51615,2.03044,3.65129,3.87965
3.78646,5.25387,3.99838,4.96652,3.36411,2.75209,5.38719,5.74593,4.41647,3.96723
5.02174,2.77128,5.58192,3.99543,3.22701,2.80632,5.53033,3.87083,2.89832,4.74119
4.13662,2.50744,2.95994,5.9358,2.92816,5.9341,4.35581,4.11617,4.59667,3.65184
3.87047,3.17766,4.56631,5.5945,3.57069,5.05697,4.29255,3.95129,4.26149,4.38977
5.16979,4.26649,2.10635,4.41201,2.73528,4.87133,5.55604,5.39846,2.61623,3.75011
3.9275,1.47658,4.9669,3.4466,5.34424,3.34381,3.05652,3.62157,5.28751,2.98047
3.96115,4.08161,4.23522,4.39864,2.80105,2.70374,3.61552,3.31465,3.97268,3.79216
5.55597,2.86752,4.44447,3.72175,3.14679,4.02058,4.08699,3.27729,4.84053,4.09732
3.64456,2.65108,5.53965,5.60141,4.73569,3.10941,3.90729,2.72659,3.68007,3.40719
5.08935,3.7791,4.76677,4.23581,2.2582,3.48631,3.74844,2.844,3.55632,5.3618
5.36545,4.8973,4.10554,5.27631,5.52144,3.97874,3.71431,2.81214,5.80458,4.15124
2.887,4.39206,3.31983,4.43359,2.97178,3.11302,4.16705,4.86675,3.91193,3.56828
2.44238,3.06067,5.16635,4.27537,5.65932,3.08299,4.62311,3.51163,3.65782,4.40117
4.12591,4.84907,2.09827,4.58156,3.47277,4.90032,3.3872,3.74018,2.26646,3.15413
3.28416,4.11886,6.04523,2.56211,4.36505,3.71438,4.6669,3.38066,4.81516,3.37369
5.01063,4.09379,3.87616,5.21408,3.69145,4.17391,6.12573,5.13255,4.70361,3.30071
3.46533,4.12752,3.74962,3.34612,4.03972,5.6296,3.34726,3.74287,4.67861,4.77967
3.99521,4.17799,4.63365,5.04417,3.41085,4.73588,5.16195,3.58135,3.56171,5.48493
4.57763,4.4718,4.51813,1.99904,2.91254,4.30112,4.30878,3.65189,5.12013,5.01254
3.16811,4.29498,5.00307,3.5271,3.66652,4.81887,2.35303,6.14813,3.13464,4.11922
5.48288,3.99787,4.23739,4.1174,3.06223,5.31925,4.39117,4.50512,2.71475,5.11965
3.63909,3.54573,3.19646,3.41269,3.54198,4.74739,3.06549,6.00732,2.9695,3.35355
3.11031,4.0146,4.64961,3.32358,4.26548,5.2829,4.60765,5.0211,3.22938,4.37538
4.91713,4.53881,4.82215,3.81678,4.73027,5.43259,2.46523,1.72566,5.37751,4.79341
3.99183,2.42757,4.19466,3.78307,4.57916,1.97683,4.363,5.32515,4.0505,2.98857
2.16048,3.6333,4.18501,5.07028,2.27365,2.79688,4.69522,3.49219,3.86629,2.81424
4.59293,5.30954,3.52032,4.32746,2.93581,3.35655,2.95514,5.65752,4.27457,3.94147
3.08193,5.23465,4.22546,2.89445,3.82242,5.38566,4.43384,3.6023,4.31316,5.38391
3.91142,5.54181,3.77419,5.69077,3.82048,4.20126,3.85968,4.57269,4.3477,3.06437
4.80791,4.45594,3.2103,4.53394,5.54313,3.8351,4.71066,3.58582,4.2415,5.71057
4.30983,4.77992,3.21887,4.73129,5.99889,2.19646,5.506,4.03577,1.53501,3.47526
6.29802,5.47692,5.17201,4.47807,3.90621,3.00033,5.22008,3.27674,3.99547,3.6455
3.27049,4.807,3.98851,5.3772,5.09351,3.56657,5.86039,4.18395,5.62317,4.06802
3.45721,6.19526,3.15096,4.42849,4.32278,3.05169,4.86959,2.75453,6.10262,6.49711
5.7149,4.57913,3.69214,4.90444,5.76348,5.85928,2.71612,4.37173,2.22058,5.83626
3.1564,5.47271,4.76416,3.62109,3.648,4.65624,4.76956,3.79276,3.49949,4.61801
4.50268,5.59022,4.13789,2.527,2.8642,4.29519,3.70484,4.6336,2.38669,4.58422
4.33665,4.23761,3.99141,4.6086,4.605,3.78965,3.03536,1.98024,3.32411,3.3954
3.34523,2.68684,3.72492,4.2013,2.74276,3.91977,5.37414,3.54285,4.79365,4.39358
4.24,4.32781,3.34434,3.44426,5.05583,2.87328,3.5923,3.73393,3.71022,5.37942
4.32125,4.2203,3.50583,2.54225,4.17949,1.23926,2.96297,2.82169,2.88655,3.58341
4.94136,4.78791,1.92813,2.48929,4.22079,5.33405,3.90147,2.86713,2.97345,4.86571
4.15383,3.47852,5.05822,3.80083,4.9644,3.73699,3.57562,5.12635,4.21563,3.34969
5.1354,2.36981,7.05865,4.55446,3.71815,3.89786,4.25673,3.53323,4.16494,3.59238
4.03623,4.2361,3.25847,3.07149,4.61893,4.03857,3.97134,3.63985,3.64892,2.53127
4.63679,3.79706,2.30412,3.61423,3.87548,2.09317,2.32104,2.96165,2.23897,5.28982
4.16639,4.92083,4.56563,3.78536,3.71401,2.68363,3.50961,5.32156,4.8798,5.32898
3.36384,3.64929,4.27801,3.30822,4.73952,3.8326,4.47077,3.23846,2.75526,3.62783
2.31375,3.63967,1.6591,1.28907,4.75331,3.09214,3.96777,3.11114,3.86691,4.07512
4.35906,4.75023,2.8379,3.25586,2.70521,3.22472,3.60173,5.2005,3.34522,4.44601
6.03452,2.9936,2.68843,4.06913,4.97666,4.13149,4.00659,4.76021,3.04464,3.83615
3.92397,4.09052,3.82032,3.02208,3.5118,5.22468,2.19956,3.26691,3.44003,4.48219
4.04749,5.38572,1.88416,6.45198,5.41151,3.55141,4.7163,4.40886,2.16895,5.20618
6.18879,3.22621,4.32417,3.56422,5.22782,3.17535,5.04017,3.5932,3.00846,5.02006
3.258,4.17555,4.50619,4.85615,2.99315,4.4323,3.46959,3.23907,5.29338,4.17439
3.90735,3.8237,5.96517,5.7371,3.8549,2.77371,2.64699,4.49621,2.70536,3.87208
4.09229,2.96353,2.43338,5.16543,5.04755,4.73226,5.01347,1.53761,3.61106,1.78513
2.33024,3.57632,3.56205,4.21333,5.2619,3.46172,3.3528,4.34401,4.12336,3.48495
3.49722,3.46426,3.69289,3.55171,3.11805,4.69015,3.72614,5.832,3.38727,2.70966
4.7621,5.50909,3.92136,3.46499,3.82596,5.05356,4.11647,2.51848,3.45394,3.71075
4.70663,5.76717,2.63623,3.67355,5.21251,3.92974,4.0686,3.70501,2.2137,4.82556
2.67936,4.38355,3.76905,3.92639,3.61833,3.06135,3.35371,5.00637,4.76489,4.5907
5.92973,3.42058,3.28755,4.52079,3.75473,5.75779,5.04249,4.43456,4.73256,3.25132
3.01843,3.63822,5.23182,5.2972,6.06974,5.56521,2.89075,2.50573,3.39546,4.60182
4.70217,4.07836,2.56096,3.27452,3.77193,3.69563,3.332,3.14049,4.06916,2.95065
4.2528,3.88157,3.08684,4.00734,4.65269,3.7448,2.818,4.31117,5.02552,3.32789
2.94052,4.7534,3.93473,3.48479,3.66572,6.39929,4.17952,4.70817,4.55688,4.95572
4.29721,3.50603,2.42218,4.23612,3.5699,4.40913,2.65845,5.61605,2.1509,1.50429
3.65232,5.41884,5.53896,2.42095,4.05234,5.04085,3.93679,3.42268,3.69639,4.08391
3.96471,4.48486,3.06005,3.73521,3.99373,4.46377,3.48512,4.34247,3.82689,2.71457
5.19304,3.27201,3.15313,1.59873,4.82486,4.4764,4.17017,2.9291,7.13428,3.07781
3.77092,5.61064,5.43977,4.23849,2.92939,3.54038,5.29732,3.44109,4.06798,3.49256
5.44783,3.97891,3.14724,3.29168,6.68967,4.31136,5.25543,5.22236,4.11546,4.67816
3.61927,5.23424,3.52615,5.25491,5.61572,4.10164,3.36539,4.72693,4.47867,4.11379
3.81297,5.12587,3.82226,4.14349,2.20381,3.95735,5.57394,4.33701,2.84029,5.89412
3.66446,4.02413,2.71383,3.39288,5.07571,4.01373,3.90079,2.99397,3.13622,3.89098
4.25944,2.7061,4.84897,3.22001,6.69945,2.66551,3.18692,5.10198,3.67221,5.12991
4.63682,7.30875,4.09879,5.19467,4.15583,3.72178,3.77223,3.09891,3.69198,4.42833
3.44752,4.68557,4.59062,3.48896,4.39804,5.11074,4.13156,4.00557,5.79121,4.63621
4.40713,3.12583,2.79502,5.60467,3.9553,5.29802,4.05266,4.32331,4.04189,3.30835
5.65307,3.13939,3.83402,4.21223,3.89209,3.57209,4.57364,5.1882,5.35399,4.67758
4.41858,2.16645,3.55778,4.25046,2.01725,2.95428,4.66433,4.10961,5.24053,3.88177
3.64221,4.09944,3.64216,3.83521,5.40956,3.17681,3.05113,4.3602,6.34294,4.38472
5.11733,1.77552,2.25724,4.88618,5.11289,4.91401,3.89987,3.15493,5.48981,3.61352
2.77496,5.22006,5.7549,3.15512,3.87503,3.94028,3.78826,4.73123,5.77069,4.02029
2.74074,5.06073,3.5918,4.62599,3.35986,4.58363,2.7225,4.72166,4.85784,4.58359
2.33623,5.82751,3.86197,3.27033,2.87261,2.76231,6.51483,3.55459,4.2209,4.14475
2.93898,4.40359,3.11061,3.38299,2.93889,3.49717,3.73697,3.93582,4.5316,3.26838
3.20279,4.7392,4.31708,4.52185,4.79701,3.92688,3.44788,4.2699,3.33402,6.16876
3.50933,4.42268,3.27737,3.60214,2.61835,3.33484,3.8207,5.48851,5.64263,6.094
3.9445,6.33147,4.27882,2.91147,3.64157,4.76645,3.69221,3.00715,4.36645,3.54133
3.38046,4.46855,2.3857,3.88019,5.90101,4.03177,5.38125,2.84891,4.40686,3.51928
4.46624,3.80215,4.44916,5.11955,4.02786,3.19331,4.41557,2.50013,4.87518,4.25493
5.11276,3.63001,6.4129,3.8907,4.36963,3.79152,2.32375,4.63199,2.14738,5.15289
2.46092,3.82714,4.42431,4.79129,3.93396,2.58079,1.41876,5.24703,4.83719,2.6958
3.62443,2.43149,4.28998,4.20901,3.99173,3.86702,5.25164,1.99498,2.98729,6.1811
4.83808,4.85603,3.04558,1.53073,3.13428,4.91678,3.471,1.63004,5.92431,3.75153
3.44348,4.52942,4.33426,6.07822,3.45238,5.41333,3.56428,2.56752,3.73544,4.59209
4.39617,4.22032,3.54248,5.90081,3.65501,3.88248,4.69368,4.21433,2.02467,4.07413
4.01795,4.32564,5.79037,4.25824,5.14061,4.84494,3.26165,4.90101,4.04821,4.14451
4.13794,5.03064,4.35229,4.69332,4.7192,3.06548,3.54638,5.01546,4.82934,3.27514
4.0052,3.38932,3.15616,4.64637,3.79045,4.11965,4.39023,4.08838,3.14483,4.25881
1.8732,5.14108,4.94542,1.57033,5.26378,6.54292,5.91562,4.11762,5.1625,4.45532
5.82103,3.79042,3.02604,4.47466,3.20647,3.62467,4.79046,4.02498,5.04742,3.53127
3.65662,3.98498,5.33018,4.13757,4.13238,4.02391,1.70109,4.99955,5.84562,3.20374
3.19688,4.56902,3.21955,4.54336,3.62019,3.46285,4.31756,3.87837,2.4824,2.9052
3.80265,2.79674,4.46283,5.15214,6.11252,1.45487,4.51347,4.48894,4.13162,4.76528
2.25329,2.53248,4.49521,2.24001,3.09073,5.04406,3.82702,5.06449,4.74555,5.73825
3.01258,4.73581,2.61102,3.20882,4.41052,4.02922,4.05137,5.35885,4.30341,3.77404
2.92373,3.70477,5.96782,3.18423,4.51041,4.43802,2.11276,3.61588,3.12373,4.93497
4.42713,4.99558,4.21486,4.41386,4.20216,3.53755,4.47883,3.56606,5.27621,4.48096
3.68558,4.06464,5.50861,3.56753,3.86188,3.16482,4.3182,2.94767,3.39274,3.5561
3.26717,4.04171,4.40336,2.52687,4.87764,6.50759,5.74069,5.51589,4.20482,4.86372
3.99849,2.91473,3.52158,4.83,4.60859,4.12721,4.8915,4.63136,4.3399,5.86522
4.20638,5.03077,2.70306,2.69838,2.41612,4.36496,4.03637,4.69246,3.7072,3.58979
6.07143,4.61594,5.57897,2.70794,4.17452,4.27393,3.87452,3.71168,3.47896,5.05233
3.93543,4.41854,2.97629,4.64487,3.03699,3.75266,4.29915,5.65944,5.13148,3.5787
5.63576,3.71043,5.55078,2.58892,6.38401,2.55933,4.74701,5.87598,3.9113,2.0719
3.85245,4.11133,5.26346,4.52168,4.10984,3.62931,4.72028,4.2852,6.42483,4.29152
3.43747,4.03601,5.7072,4.26229,3.96395,3.01289,4.31249,4.76683,4.73499,3.8621
3.56721,5.21426,3.42118,3.14175,4.46863,1.03297,2.61696,4.32377,1.99,2.92139
2.45427,3.77688,3.24059,4.21823,2.92498,2.39452,5.41248,3.46563,4.66588,3.90673
3.15065,2.61482,3.48858,4.47285,4.94383,6.45532,5.05897,5.66532,4.75296,4.24447
4.65126,3.41602,3.11578,4.75903,3.13756,4.55787,2.85752,4.10053,3.13253,5.27809
5.05018,4.96922,4.44939,2.31955,2.527,3.61274,4.92373,2.98001,3.79159,2.60344
4.92893,3.22229,3.61946,4.03649,2.9172,3.17846,3.27199,3.48575,3.68426,3.54685
3.98004,4.22665,3.36445,4.33781,3.4898,4.17815,3.382,3.89812,5.6399,3.65958
4.13394,3.08833,2.72086,4.34195,5.16781,3.65575,4.84564,4.27513,5.35118,2.68623
5.2911,3.72337,5.0181,4.23202,2.12251,3.46052,4.62162,2.96377,2.28618,5.07049
4.32491,4.28253,4.98484,3.71447,5.64599,3.72951,3.84887,4.3107,5.50788,3.62986
4.83796,5.41282,3.48619,4.46081,4.86353,4.52428,2.58876,5.88574,3.39384,3.34129
4.69479,4.03003,3.73906,5.21739,4.79272,5.78293,2.57866,5.04242,4.48763,4.50748
3.06479,4.38774,4.63611,4.40321,3.99539,2.86278,3.3431,5.17367,5.63174,3.03062
3.81605,5.02738,2.71501,2.43497,3.33154,1.98309,3.63837,3.87323,5.20676,3.00313
3.52706,5.02929,4.5525,3.86499,2.7991,6.49106,2.60033,3.41459,5.43763,4.36551
3.67427,3.7703,4.70847,4.4924,3.08125,5.22245,4.96756,3.88916,4.11092,1.79323
5.65909,2.96291,4.87507,4.0198,5.20441,4.75065,4.72875,4.73667,4.1391,2.08117
4.41818,5.2673,4.93952,2.00941,5.63167,4.29974,6.3825,4.23895,2.60077,3.27407
4.59014,4.64154,2.69786,3.70476,4.30568,4.16953,3.18301,4.86744,1.89579,4.6115
5.51617,4.75911,2.11592,4.04074,2.92539,3.83331,4.90596,3.75692,4.18371,4.73739
3.81037,3.03102,2.46497,5.4562,3.68415,3.25384,4.84729,4.31928,2.78462,5.45852
4.17348,4.49711,2.77612,3.39001,5.93592,4.9475,6.06189,4.13092,5.20377,4.69865
4.36344,4.63539,1.50719,3.66812,2.61077,3.27928,4.53764,3.19222,2.7511,4.27599
4.7047,4.88711,2.12665,3.79061,3.34803,3.66395,4.58858,3.4674,5.86879,4.92127
3.57858,5.86559,3.43389,3.50249,5.11686,2.80918,2.36754,3.37714,2.30625,3.98027
1.8805,3.86667,4.45696,3.06975,4.66645,1.35999,3.95079,4.70579,5.28963,4.15182
4.75575,4.8088,4.45402,6.45562,2.63097,3.09615,6.53241,4.66298,3.42507,2.5673
4.98401,4.71481,3.08646,5.05142,3.59004,2.95324,4.43441,4.15692,2.60368,4.61775
4.77242,2.78475,4.66,5.31301,2.3679,4.33748,3.40763,2.4364,4.80017,4.02793
4.48169,3.76359,3.51639,4.9346,4.91651,3.22643,1.60143,3.87129,4.63562,3.59905
2.09771,4.52134,3.32519,4.40315,4.22209,2.76809,4.77902,3.30823,4.69659,4.88052
5.22616,5.86558,3.50973,4.15573,4.28717,5.07134,2.67853,3.43168,3.45205,3.62249
3.15262,1.93125,3.23058,5.41864,3.38261,2.58978,2.54552,5.18152,2.50445,3.41218
4.59075,0.55161,5.20597,7.05811,4.06932,3.36143,3.39053,3.76747,4.06891,4.07217
3.98584,5.35236,5.48319,4.76653,4.00938,3.71202,3.73464,4.93956,4.81871,3.81914
3.49069,5.54192,1.17865,2.69652,5.58809,2.5094,5.0033,3.24724,5.11143,4.50016
4.06535,5.92736,4.9898,6.3741,2.18383,4.49255,3.6974,5.33879,3.52956,3.83254
5.19324,4.10472,4.34919,3.32626,3.67954,6.11261,4.67258,4.05958,5.84851,3.59493
3.29279,3.36475,4.61035,4.79414,3.71703,3.26906,4.48752,4.61425,4.29119,5.10675
5.84575,4.16821,5.08561,4.73822,5.28562,3.18616,3.26003,1.8688,5.55914,3.08537
4.38846,2.59714,3.51875,3.13835,2.99209,3.77847,3.90762,5.29641,4.34376,3.96276
3.75683,3.76907,4.36196,4.19497,4.19585,3.65103,5.48214,2.82516,2.81024,2.97209
2.93498,5.6692,2.96816,4.12217,3.61085,4.63509,3.58865,2.42943,3.65062,3.84633
5.79038,2.03244,4.83731,4.00897,3.31104,5.43487,6.20035,3.76279,4.61298,4.90671
3.45704,4.12126,5.45094,4.42306,2.82159,3.83242,5.49969,4.05631,5.28328,5.15698
4.83893,4.06215,3.97134,3.42322,5.18013,4.18864,4.38467,4.01211,5.07815,4.43077
4.77711,5.67929,4.43132,2.01718,2.15439,3.37299,4.21457,3.48348,3.26311,4.72083
3.11379,4.38937,3.44389,1.95773,3.38756,3.77412,3.58451,3.26206,5.44634,3.92673
3.56566,4.28568,4.60509,3.80459,3.57604,5.54788,1.85688,4.4306,5.19431,3.4807
4.3284,4.44786,3.58773,5.01414,4.72988,3.09851,4.31111,3.20374,3.06746,4.23887
1.3422,3.7418,3.78039,4.57561,4.16056,3.68392,3.55815,4.88312,4.88717,5.87778
3.80394,3.83898,5.5911,2.46413,5.00668,3.91355,4.80433,2.29472,3.30279,3.11745
3.20774,2.15728,1.82219,5.24059,3.45356,3.64936,3.91788,3.18867,3.10457,3.91856
4.16438,4.57419,4.85559,4.94429,4.63755,5.17122,4.56878,3.38015,4.34368,4.18708
5.0643,3.56845,5.9687,3.39977,3.15394,4.29181,3.84152,3.44934,4.94621,4.2189
5.10378,2.84414,5.2515,4.61533,4.25784,2.81166,2.38499,3.33808,2.46637,4.17393
1.10975,4.97307,3.82187,5.75928,2.23108,3.9749,3.99586,4.27673,3.09191,4.73129
5.67667,3.65129,3.48849,3.59946,3.12017,2.13367,2.54724,3.96379,4.06318,3.71477
3.17217,5.60537,2.51384,4.56476,4.7203,4.30214,4.49264,4.90634,5.71848,6.44694
3.70701,2.68727,4.28743,3.62822,2.61762,2.43772,3.29482,4.5539,2.74786,4.9648
5.36023,3.54547,4.65191,3.55899,2.81374,3.61885,2.96009,3.9875,3.69322,5.68512
4.4776,3.67672,3.95748,3.00765,4.6429,4.40187,4.83487,3.24465,5.83605,3.77385
4.57388,3.89267,3.05208,4.01089,3.36346,3.75447,5.72226,4.1419,3.89118,3.91351
3.8046,3.23546,2.41417,4.80171,3.42403,4.34634,3.31014,5.68024,3.43201,3.27316
3.88367,4.9225,2.93938,5.72219,4.86431,3.55316,5.23978,3.71679,4.02718,3.55695
2.46904,4.27209,2.54601,4.84296,1.96922,4.16132,4.3554,3.53457,6.43079,2.86268
3.11489,3.1356,4.96803,4.67538,2.61485,3.88801,3.63896,3.7076,3.64496,5.75508
3.99458,5.32488,3.54617,3.12543,2.90941,2.6015,4.39801,4.18067,3.73335,4.33621
3.29256,2.88258,4.65621,4.93142,4.0497,4.04106,4.36312,3.52119,2.63623,1.11082
3.37293,2.78632,5.2053,3.06594,4.53366,3.4794,3.47284,2.66056,3.47709,3.05359
5.76516,3.18091,4.35686,3.82437,4.45152,3.30562,3.80837,4.57557,4.20441,2.35588
4.71163,4.77034,4.14069,4.79915,2.12407,2.32679,4.39075,3.5877,4.46629,3.89327
2.04022,3.08728,3.99418,3.91589,4.74224,5.33043,3.37335,4.91632,3.6025,3.73413
5.57377,4.11564,3.70203,2.76616,5.22844,6.05103,4.52053,2.79698,4.01147,3.59184
4.35725,3.36058,6.41898,3.59459,3.77714,3.00756,5.06104,5.21493,4.06726,5.66296
5.08512,5.1688,3.809,4.67671,3.47817,1.30524,3.94293,3.62859,5.07658,3.61737
5.28642,4.12124,5.93967,4.3401,3.83401,3.31736,2.06416,3.26516,5.23089,3.87743
3.64982,4.28379,2.62998,4.8086,4.08781,5.17581,4.52263,3.20654,4.08213,4.56318
3.33101,4.87039,3.26219,3.01217,3.73885,3.7831,4.18713,4.13377,2.25419,2.51684
5.86393,5.01361,6.55135,5.8335,3.54679,4.15534,4.82956,1.06209,4.10315,3.68416
4.77212,2.2808,3.28233,5.32138,3.68518,3.92944,4.62071,5.85425,2.90833,2.03947
5.95571,3.48891,3.79087,4.58075,3.65772,4.61279,4.11773,3.08322,2.35438,4.80029
4.46397,4.7056,2.31041,5.22367,2.0108,3.03531,4.39748,5.37538,4.34535,3.82219
2.28445,3.09969,3.16591,5.05694,3.50202,4.18994,3.88658,4.40655,4.05679,3.38602
4.78256,5.18957,3.458,4.35808,4.01356,2.70023,4.27952,4.02441,2.66237,4.6508
3.04361,3.34471,2.35414,1.80015,3.55259,5.82059,3.18497,4.35162,4.97138,2.59932
3.13804,3.45442,3.5315,4.46917,2.18493,3.09944,1.97945,4.12542,3.00691,4.03419
2.53298,3.0834,3.46407,4.62456,2.94334,3.31368,3.57266,3.53939,3.93471,4.87168
5.38379,5.40858,2.25177,3.26132,4.37589,4.61209,2.81983,4.67476,3.31428,1.47518
3.73559,4.38851,3.3873,4.60729,4.82041,2.87104,3.12065,3.45191,3.43027,4.24682
3.99663,1.967,4.16049,3.49127,3.06483,5.30437,4.81546,3.51463,4.30807,3.95845
2.77017,4.0716,4.0576,4.98545,3.06173,4.08732,2.26194,4.00441,2.15186,3.90827
4.70713,4.73323,3.20741,4.20615,2.09264,4.90954,3.48688,4.19422,3.33172,2.07351
3.7717,4.76648,3.31175,6.11175,4.69753,4.66888,2.27091,3.49583,3.59497,4.90011
6.00056,3.86451,4.48756,4.48329,5.10315,3.8793,4.44067,4.33652,3.65451,4.70514
4.23059,3.24945,4.16509,4.14606,5.32718,2.45862,3.75001,4.04224,5.23124,2.33716
3.99471,2.83264,4.35617,4.77022,4.73986,3.76399,2.6244,4.08308,3.75455,4.68527
4.17283,4.49408,5.77522,3.48896,5.11115,2.4494,3.67148,3.87544,4.76264,5.55858
4.27581,3.99169,4.99406,3.50712,4.10753,4.95612,3.16765,3.07957,3.50379,4.79485
3.61203,3.24133,2.33175,4.36691,4.39645,4.72411,3.91559,3.3134,1.02064,3.49456
3.09922,4.98047,2.75173,4.8956,3.30686,4.34405,5.2052,3.54034,5.18799,3.61239
6.15334,4.31892,2.33522,4.66982,4.26945,3.95622,3.24391,4.55622,4.42104,4.36458
3.11203,4.24247,2.77026,3.84736,3.32991,5.14056,6.73428,2.21578,4.15252,2.93052
3.60865,3.54414,3.97082,3.3042,5.50833,4.53061,3.347,3.23732,5.00794,5.00147
4.8748,4.13445,2.30098,4.03831,4.91626,2.60087,3.50383,3.30005,5.12709,5.62226
2.74312,2.76542,5.00521,3.68238,3.03805,4.015,5.03298,4.13479,3.39237,2.75728
6.03742,3.32898,2.03192,2.46716,3.86778,2.26523,2.13178,3.85611,5.10738,4.20649
3.35416,3.83101,4.44704,5.27479,2.55676,2.0668,4.3057,3.74887,3.74636,3.38305
4.35107,4.81711,2.43741,2.74693,4.04311,4.6286,3.28879,3.7446,2.62133,4.77217
3.3291,4.21329,3.48645,3.04629,5.09658,2.77777,3.56436,4.24898,1.75282,3.96637
5.13127,3.3244,3.22441,2.06693,3.84636,3.71235,4.15549,5.39709,2.95662,3.11222
4.96018,3.10389,5.90562,2.6599,2.75121,3.62304,2.75982,5.38859,4.24873,4.04941
2.81282,5.19671,4.15456,4.84095,3.50771,3.87169,2.55765,4.24461,3.17522,4.39979
3.15981,2.94933,3.20671,4.91551,4.17776,3.00974,4.286,3.81228,5.11974,2.05994
3.29559,2.82245,2.70767,3.79112,5.68495,3.74938,3.57211,4.03301,3.94082,2.70029
4.88098,2.83663,4.65914,3.74204,4.16983,3.7118,4.42305,5.9996,3.73088,4.03468
4.66968,1.77697,4.18796,4.15364,5.00481,4.75524,2.92441,3.41135,6.19352,2.76728
5.27336,2.30713,5.81828,3.7032,4.50283,3.63928,4.99659,4.29116,3.07374,5.7611
3.908,3.21865,4.46532,2.89946,3.13255,3.58676,3.01555,2.8789,2.85437,5.79454
4.56073,3.84953,5.14294,2.5255,4.64972,2.8972,4.01249,3.81843,4.25754,4.5159
5.58797,2.75992,4.44909,5.33777,3.30544,4.10219,5.58642,5.06584,3.84259,3.87775
4.58417,4.48413,3.32213,4.19829,3.27649,4.08585,2.8049,5.24582,4.44972,3.50494
4.01037,5.35896,2.7933,3.88329,2.95594,3.79232,2.2614,5.55876,5.14825,4.79011
3.75821,3.86518,4.29447,2.53663,5.38745,2.55635,3.56861,3.80815,2.09275,4.47583
3.79351,3.0529,2.18343,2.95911,3.0982,2.96306,4.11768,4.03389,2.76762,3.66523
4.48517,3.8623,3.29119,3.74727,3.81207,4.67817,4.7348,3.11743,4.52195,3.72749
3.51946,4.65966,3.47904,2.16441,4.00066,4.46229,2.66654,4.01008,3.54999,2.46621
5.10182,4.75349,3.77435,3.73949,4.47542,5.07785,4.41217,4.19128,3.19131,2.88429
1.88445,4.29877,4.62031,3.72557,4.78075,1.92918,4.61756,3.82082,2.76926,4.68226
3.80863,4.48581,3.97248,3.30422,3.89488,3.863,4.57336,3.85399,4.96026,4.75245
3.62075,5.39383,5.23762,5.66108,2.31113,2.80323,3.44075,4.37035,5.34925,4.18788
4.8735,3.95165,5.50201,4.67352,3.37625,3.41601,4.37722,4.10656,4.96695,4.73977
3.84528,4.92767,3.11494,4.85369,1.94987,4.45715,4.8851,5.40535,4.38236,3.02309
1.9824,3.73613,4.07183,3.47263,4.37629,4.04721,4.86197,6.04041,3.95629,4.59972
3.84497,4.23973,5.68553,3.10929,4.19935,4.05625,3.81172,2.57801,3.87446,5.40811
4.37068,4.37684,4.65069,3.61555,2.40807,4.37855,3.35248,4.36477,4.10188,4.71154
2.30173,4.56137,4.31556,3.09627,4.88176,2.90263,3.66185,3.49208,4.31549,3.61276
5.4553,3.52045,4.06654,3.78499,4.45207,3.81144,5.59407,2.98821,3.98294,3.21747
4.96455,4.28166,4.65731,2.01544,3.6138,3.3798,3.13714,2.88928,3.58167,4.41716
3.13403,3.33944,4.28359,1.70986,2.54028,2.25299,3.92572,4.07307,4.85299,2.69635
4.63357,2.99412,3.46773,4.34824,2.95564,5.11112,4.6035,3.4448,5.16665,3.92587
3.78925,4.31999,3.12696,5.51007,5.99387,3.49847,4.732,3.85209,3.76205,5.34341
2.39947,2.77816,1.32059,4.04719,3.13759,3.26347,4.15345,6.06282,5.71737,3.83803
4.50687,3.61043,4.72563,4.28783,2.13182,4.18872,3.26186,4.47905,3.37382,4.03685
2.56804,5.28434,4.25624,4.94631,5.24995,3.12083,4.9483,4.31764,3.59086,3.10862
4.52483,3.80455,3.69803,3.89236,5.21424,4.18562,4.60622,4.04903,4.70177,4.85351
4.38947,5.06963,4.47156,4.63594,3.3153,4.51167,3.95293,3.36356,4.9673,3.94945
5.74346,3.02645,3.277,3.46806,3.55762,5.35914,4.95461,4.09805,5.03947,4.96347
2.36894,5.19695,2.94856,4.70611,4.51495,3.89329,3.15994,2.8603,4.21434,5.87344
2.87015,2.21723,3.74164,4.16828,4.53684,2.5012,4.16342,2.62399,3.93287,3.19001
3.17241,3.19511,2.68057,2.79672,2.53836,4.92344,4.86441,3.38574,3.29084,4.7821
3.67854,4.10003,3.86249,3.38227,3.46867,3.35756,4.15631,4.12845,4.34134,2.60241
4.41362,3.2009,4.02124,4.04881,4.69054,3.84792,4.44599,3.83066,3.47343,4.61937
3.34277,4.05085,4.25893,3.66978,4.36551,4.46985,3.43104,2.88227,3.98921,4.11809
4.59919,4.69313,4.93455,3.66268,3.94583,4.11506,3.86521,3.82233,4.96598,6.41036
4.01566,4.609,3.31432,5.00817,3.33409,5.43536,4.33697,3.67632,3.90286,3.7062
3.71715,4.29205,4.03344,4.19049,5.2358,5.14106,5.163,3.60978,5.18649,5.78518
3.6535,3.82795,4.96199,2.60707,5.27972,2.06219,4.31748,4.11742,3.1511,3.72417
2.73507,3.45483,3.72151,4.2948,5.08905,3.02505,4.29003,2.28936,3.13164,5.10287
6.6527,4.02217,2.83784,3.77069,3.63339,2.02601,3.38211,3.89564,3.56897,4.92194
5.24185,3.93496,4.32146,4.6346,3.81619,1.62643,3.80613,4.20376,2.75562,5.14511
3.88921,4.78687,3.76605,4.62404,6.16407,5.44169,2.05642,4.55097,3.09256,5.465
1.85213,3.90646,3.96711,3.9501,4.22973,5.02186,3.46173,5.12259,2.11757,2.54173
4.74365,2.96279,4.64744,4.30382,4.40809,2.95909,2.70287,2.44042,4.25106,3.5963
4.20858,4.93979,3.47697,2.20888,2.6112,2.85687,2.60588,4.0164,4.86339,4.60421
5.42821,1.96043,3.23273,3.78769,5.46095,3.68366,4.20735,4.69913,5.91484,2.91854
4.10061,3.19408,4.22531,2.90441,4.78687,4.60597,3.72895,5.05714,3.1763,1.91842
2.93242,3.45609,2.59126,2.5139,2.37444,4.3704,5.87022,4.57139,5.49216,4.09395
3.79447,4.79372,3.39201,5.06277,4.84852,3.20135,1.85056,4.70703,4.17655,5.31582
4.79544,4.90902,3.18805,3.30288,4.22573,4.54107,4.22682,4.65853,3.87085,4.82849
4.31749,2.18558,3.87256,3.66503,3.73455,4.15086,5.82267,4.13272,2.18152,2.66132
4.53572,4.5064,3.79659,4.21257,4.8557,3.64565,3.84094,4.16103,5.42574,3.6543
3.08598,3.90756,3.39411,2.99062,4.13756,4.49607,2.3732,1.97309,3.65907,2.45461
3.16626,4.34157,3.92182,1.39459,3.96033,5.11057,4.13254,4.42279,3.14408,3.43741
4.93761,5.58553,2.90177,3.8986,3.61791,4.89354,4.12639,3.57358,5.65712,2.0578
4.56237,4.52578,3.80285,4.55052,3.24718,5.11398,2.52751,5.48951,2.69621,3.82597
4.86983,4.02414,3.07224,5.07116,4.8659,5.85844,5.19298,3.91702,5.5022,4.15135
3.90828,3.29871,4.37216,4.22604,3.8329,3.12265,2.06766,2.55293,4.28472,4.22337
4.83856,4.86203,3.79241,3.30761,3.72004,3.72258,4.45604,3.31793,4.00407,4.84118
3.73762,3.27788,3.29555,3.61556,4.67446,2.96502,3.91689,3.60006,1.19816,3.42327
4.29852,4.20248,4.16425,2.64972,3.16288,4.61875,4.49936,4.98692,3.90387,3.50943
2.74361,3.04761,4.18844,3.66356,4.37443,4.65367,3.94481,3.94207,2.17296,4.3044
3.5671,3.60258,4.38252,4.21444,4.53596,3.40463,4.90552,3.68539,3.69891,3.2329
2.30519,5.46375,4.06763,3.94009,4.53127,5.12676,3.70848,5.38063,4.72427,1.45403
5.24733,2.52348,4.71702,3.95583,3.09602,4.96595,2.82247,4.1255,4.2193,3.75342
5.08825,4.22504,3.88778,4.27919,3.81477,3.38395,4.64089,4.97004,3.30963,2.35939
4.0448,4.1193,4.2644,4.31781,3.8408,3.05557,3.41842,3.74232,2.13865,1.28073
4.28235,3.43047,3.48877,4.73045,2.96842,1.42731,4.47426,4.56885,4.83628,3.43846
2.94832,4.49519,3.90831,4.68663,4.46305,4.77706,3.38604,3.40849,5.0512,5.111
4.86377,2.13913,4.59387,3.73626,3.4045,5.63769,3.13796,4.30537,4.38722,4.7945
3.57028,4.65484,3.79239,5.68627,2.53085,3.6721,5.33824,3.59523,4.50735,4.19148
3.44967,3.69733,4.59785,4.85114,1.46528,4.33479,5.06379,4.72908,3.50319,4.48739
4.95419,5.33626,3.86241,2.5172,2.88621,3.83752,4.75499,6.06842,3.2263,5.04155
2.73001,4.66981,5.21056,3.13972,5.78087,3.69306,3.28012,4.62917,3.75802,3.83662
4.2195,4.01865,3.39643,5.13247,2.71488,1.84333,2.91812,4.69331,4.00305,3.61175
3.27819,5.11065,2.66076,4.29572,4.09773,5.47031,4.93704,2.67281,4.16259,4.77353
3.15363,3.25985,4.82113,6.00838,1.65459,4.98093,4.57627,3.92238,3.55941,4.87264
5.39112,3.162,4.06877,4.29753,3.74438,3.28026,4.29836,3.59625,5.0604,5.23011
3.7949,4.08258,3.6806,3.72667,2.80232,5.05348,4.04449,4.60409,3.58901,4.17283
4.30247,4.10559,6.46083,2.88137,3.74776,4.47955,2.18914,2.29574,3.16119,3.14971
3.3964,3.55403,3.38244,7.43902,3.41563,4.15994,5.26748,3.93452,3.6282,3.57295
4.43023,2.66317,2.20689,3.19544,3.70371,5.47805,5.14766,2.27234,2.77419,3.72984
2.92369,3.60663,2.55433,3.19023,5.09331,3.16486,5.22708,4.33251,4.13742,5.31097
3.7459,2.13386,4.18111,5.47931,3.52451,3.50412,4.40327,5.30191,2.21032,4.19707
3.64701,4.34265,3.96829,1.77556,4.55224,4.40022,4.18878,4.55239,4.48259,5.07039
2.9218,4.46681,4.50858,2.59635,3.43883,4.50373,6.1573,4.15492,4.85879,3.47239
5.40792,3.69231,2.56519,3.50308,3.95298,4.04192,4.3947,2.77065,3.96497,4.55474
5.95545,3.69903,1.41597,3.28936,5.04835,2.53586,5.89802,4.33,4.98869,4.59883
3.00485,3.85454,2.83108,3.3425,4.01456,3.36067,3.19134,3.95304,3.21438,6.74665
4.14891,4.54678,5.23933,4.86685,3.31063,5.56033,2.11901,3.60425,3.74003,3.54645
4.66663,1.70398,5.27131,4.6417,3.21348,5.29517,3.79673,3.1999,4.4256,4.22475
4.19741,4.13178,4.28612,4.17293,1.7503,5.16875,4.11277,3.33463,2.9826,3.34032
3.01784,3.43486,3.08591,4.2178,3.32005,4.1176,4.31802,3.88484,4.59158,3.48006
2.65283,5.02401,1.59394,3.61913,4.86243,4.89798,4.30538,4.70991,4.43208,4.42723
3.05024,5.72389,2.82629,2.2808,2.69899,5.21835,3.8899,5.20502,3.80027,4.14694
4.31631,4.95463,3.54656,3.96874,3.79304,5.01674,3.12043,2.88835,4.71276,2.11336
4.21773,1.81316,4.27963,3.89557,4.25626,3.34487,4.34015,5.69777,3.86293,3.71959
4.08057,3.22019,4.04562,1.15448,3.6212,4.22811,2.04767,5.71977,5.46365,0.932291
3.62659,4.03213,3.84531,4.6579,4.33027,3.11905,3.15275,4.52354,2.6431,4.23123
3.25968,4.6328,4.40823,4.39984,4.4999,5.21286,2.12167,3.20006,3.238,4.58607
2.06874,4.04622,4.58231,4.73511,1.98626,3.7493,4.40436,3.65348,3.12935,3.20031
3.96341,4.76866,4.8058,5.92098,5.91044,4.12251,3.86824,1.78231,2.79017,4.11752
4.80771,4.54642,5.41815,2.84436,3.28124,2.98419,2.77591,4.97071,3.27792,3.69334
2.56095,5.12496,4.62557,1.84453,3.23907,5.3334,4.56036,2.39145,5.16749,4.56729
4.1916,4.72583,3.39532,3.6448,4.49256,2.77822,2.03138,4.47191,4.22209,2.96099
4.30624,3.17477,3.9763,4.95992,3.9729,2.78595,3.84287,6.06037,4.25954,3.45438
2.70125,3.6788,3.04356,3.91567,2.95038,4.15413,3.09253,4.55592,4.86803,5.17342
1.94388,2.1308,2.42234,4.93744,4.88317,3.94794,2.06126,3.84118,4.92264,5.08243
3.60381,4.31166,5.45012,2.36213,4.71845,2.74154,6.06185,4.17605,3.05812,3.00971
2.95212,3.91012,3.99489,4.15468,3.7417,3.03687,5.10801,1.84392,2.43587,5.00021
5.00974,2.45091,3.26567,2.82637,2.94114,4.45104,5.03867,3.79656,5.67254,3.57954
4.95346,5.63463,4.97789,3.00358,4.79769,3.8481,5.41352,4.58098,3.40185,3.22331
2.65868,2.93011,3.90067,2.98724,4.20325,4.3255,5.25162,5.18722,3.81537,3.82943
4.25237,4.08295,6.29605,3.52097,4.02672,4.37589,3.75874,4.55407,3.68666,5.92778
4.78308,4.64718,3.88584,4.29042,4.33395,4.24686,4.68779,5.68857,3.42602,3.31757
2.69589,3.91526,2.72531,4.46458,3.24953,4.73362,5.56086,2.53698,4.71975,3.14632
3.30222,3.82335,4.17636,5.73964,4.07238,0.965378,6.68466,4.86368,2.54132,4.73714
6.09898,5.08873,2.86215,3.4868,4.91852,4.76109,3.30149,2.37439,4.39206,4.84655
3.86284,4.55866,3.65624,5.83199,5.00469,4.40882,3.12885,3.34246,1.91668,2.137
4.4473,3.91536,4.53528,4.66864,2.43883,5.68079,4.2314,4.41838,4.76895,3.80927
2.45661,4.21655,2.75826,3.9823,3.88837,2.7639,3.93737,3.61148,4.62919,2.85556
3.32311,4.57287,3.59497,4.86614,5.11278,6.02908,5.63744,4.07479,3.46517,4.56568
2.46947,3.23592,3.4972,4.75337,2.97931,3.52407,2.8673,4.59955,1.83001,3.91251
1.86695,2.70986,3.4608,4.91091,3.45822,3.44334,3.92996,1.9228,3.93738,4.00972
3.87818,3.21145,3.69904,5.45285,4.72484,4.4493,4.79068,4.81982,3.0178,3.97332
4.35865,2.2911,5.20341,3.57992,4.53852,4.50911,3.8655,2.82036,4.44269,3.57512
3.09152,6.12015,5.42723,3.21085,3.9777,3.59454,5.68951,4.00458,2.85171,4.77949
2.62381,4.80303,5.04225,4.72032,4.1435,4.59724,3.58951,2.0404,3.02898,4.17838
4.59093,6.00816,3.29964,3.83465,4.07576,2.75927,4.4324,3.35697,2.82117,3.83365
3.11042,3.77171,2.66962,4.33488,5.42464,4.91481,2.28575,3.85773,1.97881,5.22888
2.10579,3.77013,3.59317,3.82743,2.69479,4.00611,4.16914,5.10067,3.89597,2.37054
5.02297,4.29658,3.98837,4.95463,3.69433,4.10877,4.38448,2.60069,3.69205,2.88249
3.75498,5.30759,5.70996,3.81138,2.26429,4.87026,4.58485,3.59733,4.15805,5.66458
3.1468,4.4714,4.18652,5.36083,3.16856,6.2737,5.47393,3.77326,3.63484,4.97835
5.20115,3.49502,3.67939,3.77966,3.90384,5.68341,4.95554,5.10789,2.54311,3.71793
3.85426,4.02951,2.60681,5.88537,5.10406,2.77958,3.56191,4.97941,6.09749,3.07777
3.38391,4.1247,4.46901,4.13382,4.96787,4.66359,3.072,4.84908,3.28068,3.33695
4.04698,4.37838,4.946,3.24845,4.59866,4.05534,6.02028,3.50241,4.29117,4.304
4.81405,5.53472,3.00481,3.34001,1.5358,4.21902,4.60823,3.87192,5.67472,3.78809
3.29511,4.97332,4.65749,3.7322,3.42007,5.66065,5.01401,2.93876,3.49093,3.49241
6.06732,4.2557,3.48846,2.01262,5.48621,4.51874,2.91309,5.3813,3.40874,3.15776
5.23561,4.19891,5.10446,2.40799,3.89421,4.26475,3.90595,3.48708,4.48116,3.25523
2.07474,4.03601,5.64012,4.9173,4.34897,3.66128,4.37568,3.06108,4.16135,3.13292
3.21658,3.54935,3.93331,3.88349,6.39151,3.10645,2.82832,3.8029,5.76429,3.62276
3.32438,4.71773,2.87229,2.55772,2.08851,3.40337,5.15306,4.35539,4.92592,5.62004
4.53862,4.05831,6.0954,4.00496,4.13718,3.23258,3.68324,4.16825,3.81292,4.64382
4.93868,5.20601,4.42145,4.7796,4.86637,3.3174,3.3084,3.53992,3.23373,1.8851
3.5899,5.87244,4.772,3.23423,2.98775,5.21505,5.45191,3.66577,3.83053,3.52733
2.6942,5.40434,4.42776,5.63129,3.50902,1.92406,4.00448,2.80926,4.17109,5.26332
5.15934,4.0952,5.42136,3.11058,4.77678,5.53535,4.39059,6.49958,4.24001,3.14401
3.31071,4.06523,4.4902,2.53714,5.04334,4.30159,4.25292,3.48958,4.43792,4.36757
4.04226,5.16655,6.11311,4.23559,4.19289,3.34994,2.38284,3.6754,5.45361,2.56771
3.40844,3.99748,3.09747,3.74317,3.58055,4.23054,4.43529,4.07722,4.10818,2.99956
4.73917,5.14406,4.19979,2.89404,4.23847,2.90324,4.96284,2.83075,3.13868,3.61045
3.47797,3.25812,4.90052,3.29938,5.96423,2.72879,5.25555,3.91369,4.55408,5.59377
3.75024,3.0027,3.57308,2.54809,3.83416,4.19637,3.73011,4.73775,2.79953,4.1928
4.77925,4.41269,3.87849,5.09762,3.50098,4.38572,3.55879,5.09921,5.682,2.45877
3.80326,3.81856,3.89377,4.89725,4.16117,5.38773,3.76434,4.93555,3.32706,4.01458
3.91386,3.85359,3.34665,2.63389,4.76825,2.94325,3.42253,4.38316,3.92105,5.38437
5.69941,3.67205,4.9006,3.12737,4.4237,1.70164,5.52071,5.74762,2.9675,4.49652
4.66445,2.93145,3.57674,3.99123,4.81243,3.26146,4.75307,4.8037,5.43088,1.91852
2.53021,3.67349,3.77508,3.15099,2.62752,5.63061,3.5144,3.26897,3.94301,4.03445
6.2753,4.37014,5.37279,2.70682,3.30051,3.17064,4.27355,2.20511,3.52247,4.32328
4.3031,3.54651,3.63758,3.31811,3.98237,3.73587,3.13205,5.10019,4.51126,4.15238
3.60617,4.48243,4.32333,3.61314,3.90478,5.51714,4.19154,4.52623,3.81261,3.65049
4.08702,4.79764,3.46369,4.24939,3.56403,2.56794,3.93108,2.39529,4.2322,3.66901
2.28174,4.03769,5.27204,4.41239,4.55596,2.9243,4.81461,5.11947,3.81249,3.65044
5.15697,3.98226,3.12803,4.98611,3.85039,4.97881,2.06003,5.85285,5.96964,3.39876
4.12773,3.90422,4.779,1.65398,3.90783,3.98898,3.70101,3.30249,2.87311,3.40506
2.85966,4.65934,3.37449,5.38266,3.51252,4.29189,3.55759,5.08171,3.97581,3.82361
2.31675,3.64217,5.01957,3.34933,0.137247,2.73765,4.20427,3.79146,6.20879,5.50105
4.28307,5.55,4.10349,2.64538,4.08036,5.51514,4.31525,3.81268,5.06557,5.255
4.68306,3.98424,3.01078,3.55987,2.69024,3.26416,4.94169,4.55268,4.81986,3.06023
4.42808,3.99868,2.90723,5.16664,4.19724,3.65386,5.20168,1.33721,1.70741,6.06218
4.90839,3.66453,3.80721,4.66991,4.42365,4.56251,4.40465,4.27004,3.60307,3.16468
3.45616,1.9064,2.09431,5.29787,3.81509,3.04659,3.52271,4.20621,5.81948,2.67067
2.79609,3.87453,3.48964,1.65553,4.65042,3.61412,3.32422,3.04017,5.03181,4.40916
4.32943,4.4623,4.88023,3.96606,3.77145,2.61595,3.93166,4.02932,4.04961,5.09139
4.14433,3.69173,4.40747,4.6912,4.1653,4.74028,3.60348,3.74275,5.24398,2.2819
4.75716,3.41069,4.53105,4.17203,3.28948,5.33348,4.5965,6.39466,4.69226,6.49904
3.05004,4.22132,0.728049,4.58277,3.26238,4.19681,4.00399,4.07321,3.64313,2.05405
3.1642,4.18014,3.93431,5.89838,4.15916,3.56742,3.01043,5.03004,5.68117,5.77408
3.94985,4.00228,3.39944,3.91846,3.46245,3.93744,4.42238,4.08123,3.75031,2.75337
6.29929,5.81948,3.99112,1.97462,2.14341,2.63395,3.95638,4.0748,3.65279,3.63541
2.69154,3.35867,4.36836,4.53956,4.41189,4.58043,4.16559,3.9822,3.78933,3.76394
5.31495,3.81171,3.58996,3.0891,3.41132,4.13492,4.06661,3.49135,2.77101,4.37137
5.38565,4.55637,3.77556,4.24663,1.94791,2.12403,4.12839,5.36078,1.67093,3.37506
4.44835,2.55241,4.59798,2.22988,4.45992,3.65833,4.44564,3.75269,3.69521,3.80747
5.04125,5.61738,2.59446,1.67292,5.20087,3.56403,3.85786,5.09481,5.90537,3.52468
2.69669,4.59286,3.16595,4.35868,1.86874,3.86277,3.67618,6.08155,4.51083,4.37822
4.05628,2.52255,3.81062,4.4293,4.43983,3.31977,3.48327,4.32312,4.19165,3.9028
3.3078,2.91946,3.36067,4.42829,3.92738,2.90241,5.08909,3.49432,3.59821,2.62199
4.51878,3.66517,4.28143,3.57503,5.15376,2.64117,2.74361,3.55735,5.84347,3.84103
3.69776,2.53772,3.30577,4.29487,4.31434,3.53297,4.66952,2.56526,5.26025,4.36991
3.71263,4.50052,3.34169,3.4396,3.06533,4.64025,5.18052,5.52514,4.27657,2.29086
3.57504,2.49951,4.21317,3.93458,3.81411,3.48312,4.15185,3.57163,3.69275,4.27897
3.54112,3.85268,3.17222,4.60757,2.93246,4.82423,4.01742,2.49254,3.22621,4.3775
5.0952,3.72853,4.32444,3.49872,3.00827,1.91133,5.49183,3.11125,4.68613,3.4019
3.88334,3.86922,3.5493,4.0824,4.56812,2.23701,4.08861,4.7329,3.86181,4.04811
2.35558,2.60832,4.1756,3.37549,4.61019,3.90746,3.87281,3.776,5.45292,3.87835
5.03282,4.72275,6.14151,3.60832,5.16469,3.85144,4.71142,4.2317,3.06574,5.89098
4.63862,5.98324,4.06121,1.41687,2.75063,3.24352,2.4529,4.42527,2.9977,4.47866
3.01681,1.86053,3.59657,2.28988,4.01073,3.33516,1.86758,2.00109,3.97591,4.94973
1.4721,3.89644,4.32029,4.07514,1.29051,3.55054,3.69355,4.28656,2.92962,3.85667
4.80118,1.72855,6.24273,3.18272,4.87291,3.98186,4.71367,5.15727,3.15897,2.81109
6.02097,3.61789,4.77002,3.41362,2.3351,3.3317,6.23682,2.12212,3.16345,4.55052
4.49395,3.16698,4.81405,5.60154,5.80736,3.58219,2.14112,3.82339,3.34996,2.43526
4.21572,6.65738,4.69966,4.1201,5.09226,1.96028,2.86929,4.49186,3.09992,3.8978
3.65664,3.8432,3.15331,2.87719,3.55201,2.73579,4.69668,5.27394,2.95744,3.75749
4.03496,3.22162,3.14655,5.74264,3.78971,4.26971,3.95892,4.59697,2.67203,2.31526
5.7259,5.89883,3.63651,4.62809,6.46272,3.20099,2.62537,3.90849,3.67065,1.11204
4.29785,4.98869,3.22418,6.03301,4.99491,5.63809,4.21566,1.51729,2.946,3.73956
4.3623,4.73534,4.24575,5.57608,5.27793,4.80538,3.85741,4.61569,6.39157,2.65793
3.52037,2.52183,3.68895,4.19936,2.62196,3.7625,5.20531,2.59706,3.67444,5.97754
3.05933,5.55888,4.44639,5.20644,3.07709,3.1977,2.28801,5.60096,3.28062,2.26852
4.65695,4.63127,4.78669,3.87965,3.34007,2.8606,2.2571,4.18004,4.75835,4.32242
4.98003,5.73791,4.35474,2.84028,3.10137,2.7369,3.80234,3.77353,5.62948,3.79866
3.36124,6.16599,3.00683,3.36278,2.94978,4.21223,1.95199,4.73496,5.12498,2.46128
3.60759,4.10267,4.33619,3.82903,3.6905,3.75904,6.15036,7.00103,3.8861,3.09626
3.39713,4.45019,4.17437,5.64466,4.54605,3.68473,2.13471,3.96463,4.58689,3.59137
3.4181,3.19786,2.38636,4.67134,3.96592,1.7585,4.32169,4.35817,3.26382,5.36927
4.63448,2.06111,5.52985,4.64286,3.71046,3.83784,4.24847,4.26631,4.40905,3.68561
4.77403,2.73756,6.00266,5.48873,4.28289,3.27637,4.10563,2.75214,4.05408,4.4108
3.71464,4.04677,3.72443,3.08174,4.30937,3.13038,6.18661,3.70618,5.01046,2.64097
3.56873,3.09398,3.66699,3.00809,5.56938,4.18979,3.0771,3.50231,5.43514,3.6
5.26013,3.94208,2.70249,4.0052,4.61609,4.00235,3.15723,2.98439,3.27635,3.16369
3.52204,3.01687,4.57678,4.07673,2.55078,4.56775,6.04382,4.14392,4.76605,4.0969
5.63097,4.97485,4.2866,4.59071,4.8725,2.39929,3.6721,4.28236,3.72033,5.50984
4.10775,3.33839,4.81395,3.72373,4.66998,5.26348,4.31821,4.20298,4.55033,1.88533
3.22514,2.89894,5.04504,4.38658,5.74556,4.44018,3.37899,4.03752,5.03492,4.44677
4.19245,3.97866,1.94996,3.89691,4.45141,5.08968,3.77203,3.66464,3.51851,4.98287
4.71257,1.15898,2.87104,3.16762,2.89263,5.49627,5.03943,3.70741,3.20023,4.53831
5.31935,4.67496,2.03971,4.42386,4.94293,4.6737,3.71229,5.59474,6.92224,2.42707
3.29702,4.72835,3.12681,1.91819,5.25792,2.50306,2.69411,4.10302,4.75242,4.95157
2.96349,3.02734,4.72168,4.64167,4.06393,5.23366,5.11585,4.05807,4.87243,3.46998
3.622,5.24591,2.77681,4.0546,3.2515,3.33459,3.53685,3.05957,3.47723,3.57653
3.93636,3.9609,5.01133,5.42645,5.3568,3.82689,4.01272,4.41631,3.42354,2.08895
3.37039,3.23907,4.64252,4.64593,3.09215,3.62935,3.4248,4.02226,4.44023,3.05506
3.31126,5.15183,1.88862,3.44677,5.13489,3.35303,2.99677,4.08755,3.17855,3.50819
4.34398,3.71331,3.65531,4.22284,5.68759,3.36563,6.48691,2.8056,1.96006,5.24573
4.14566,5.87633,1.94569,3.78753,4.77709,5.03291,3.77149,5.59169,5.41887,3.25958
2.33282,2.87266,4.98801,3.7055,2.31916,5.27801,3.59612,5.33735,4.61631,4.57066
3.33495,6.97167,4.13165,5.63407,2.90361,3.91424,4.81391,2.42168,3.52279,3.94585
2.68796,4.47348,2.83574,1.48393,5.64686,4.1964,4.083,4.63215,4.97061,4.67422
4.00706,3.87374,5.87137,3.49944,3.63899,5.74267,4.33753,3.60185,6.04523,4.3384
4.26524,3.80272,3.2681,4.17124,3.92004,4.70099,3.24271,4.7307,3.09163,5.09288
5.32679,3.40307,4.71098,2.94856,4.41959,3.52765,3.46972,5.93717,5.10144,3.22371
4.27915,4.22974,4.07086,2.30839,4.66736,2.30546,3.09931,2.93834,5.27652,5.20389
6.01787,4.30608,5.09465,4.81025,3.22079,4.80379,4.32259,2.62975,3.42128,2.81067
3.97695,3.25371,3.89175,1.77861,4.12737,5.00144,3.32972,5.54938,3.16839,5.11066
4.9964,3.46645,4.10373,3.93373,2.66034,4.61538,4.82156,2.21532,5.21199,2.57387
2.96059,2.23419,1.46888,4.35397,4.71216,4.03849,3.56043,3.93104,4.96409,3.47252
3.3323,5.23059,2.13474,4.01686,4.0389,2.60315,4.56927,2.67819,2.15724,4.63567
4.1318,3.04914,6.83582,3.56823,5.04096,3.41209,4.88419,5.2186,3.99303,3.73753
3.20407,2.53167,3.86145,3.68843,2.7072,4.30964,3.37735,4.28274,4.05677,1.81245
3.70139,4.31998,3.88184,4.87603,4.93281,3.25644,4.80828,4.36932,3.0469,5.698
2.78947,5.05766,2.51771,3.6921,4.99949,4.22756,4.73817,4.86386,3.86852,4.24379
3.04822,4.39444,3.91939,4.05082,5.15114,2.84847,2.96956,3.35249,3.63365,4.78527
2.65482,2.10379,5.17121,4.02269,2.72998,3.40138,4.18097,4.22713,3.40886,2.71853
3.89611,3.79711,3.80621,4.38504,2.6001,5.27158,3.1975,4.92051,4.63664,3.31118
4.77885,2.3713,4.0442,4.60582,3.23299,4.64286,2.78207,3.54727,6.46027,4.67244
3.57715,3.3914,3.8437,4.68544,3.3528,2.09809,3.05012,5.47804,4.05677,4.94727
2.88983,2.30063,4.27035,3.16605,2.88868,3.23791,5.52138,5.28073,3.16879,3.12825
3.5494,4.01117,3.69718,5.82856,2.82464,2.11443,2.78242,4.21073,2.72143,4.65103
3.63131,5.67498,3.65953,3.36118,4.10521,3.1348,2.54445,4.52353,3.13971,5.26393
