10
4.59765,3.57355,4.61076,3.81413,1.67494,4.3584,4.89934,3.62294,5.97135,5.19022
3.03899,5.55016,2.49535,4.77524,3.46672,3.91284,3.01319,6.78987,5.30477,4.13229
3.86602,3.41604,3.45473,4.88511,3.22737,3.95596,3.55343,4.64381,4.66334,3.71467
4.79063,3.43535,3.78459,4.06772,2.19615,3.63922,5.97822,6.1217,3.70374,3.90115
3.67581,3.3789,3.84414,3.24832,4.24049,3.97253,6.24738,3.48363,2.06114,5.33018
2.15678,5.59417,3.21309,2.87179,5.0295,3.61901,3.93381,3.47969,4.0093,3.53325
4.46491,2.23144,2.19225,4.57613,2.74292,5.89839,4.73303,4.37694,4.49461,6.30083
3.92666,3.60425,5.86257,4.99642,3.94348,3.3972,4.52607,4.66264,4.23472,4.40996
2.55551,3.95231,3.67078,5.0378,3.68163,5.22952,1.92613,3.61577,4.2889,3.86132
2.99499,3.40278,3.55509,3.1042,2.34871,4.34097,5.07948,4.92388,4.65207,3.97485
3.64797,5.66038,3.7865,3.96328,2.32537,3.94074,4.70471,2.38738,4.26708,4.83558
3.62324,2.47797,5.15177,5.82205,3.70021,3.29062,4.26681,3.86978,3.76558,2.95839
4.04219,3.8432,3.44581,4.50976,3.26161,3.91106,3.55995,2.73118,3.28577,3.90587
5.00895,3.34693,3.44155,4.79809,3.92054,4.1409,4.51908,4.58841,3.64844,6.20033
3.40383,3.26628,3.4477,3.5037,4.01259,5.11113,4.69629,6.19279,3.20924,3.03387
4.4305,4.22103,5.80492,5.94943,4.98902,3.30208,4.19819,3.40443,5.02294,4.60168
4.15481,5.68524,3.93828,4.23164,5.28395,4.09035,1.71872,4.89644,1.99025,4.3329
2.79653,4.60421,4.04171,3.70159,4.04959,3.56278,3.67215,4.39522,2.90471,2.20456
2.66749,3.96466,4.86773,3.74378,2.09652,5.53667,5.04818,3.88305,5.22021,4.21444
2.75364,4.86483,3.30816,4.90562,4.88072,2.52063,2.4867,2.59136,5.19436,4.10786
4.29183,5.67406,3.59787,4.86208,5.99557,2.0495,2.6452,5.10328,5.39105,5.30866
4.63404,4.98744,3.1455,4.20702,3.49319,2.00003,3.53465,3.19853,4.26954,3.1102
4.24247,3.89757,4.0013,4.43046,1.88115,4.66452,2.65065,3.93319,5.9431,4.50825
4.14958,3.99067,3.44597,2.79374,3.19844,3.67242,4.53042,3.28416,3.92816,2.96615
3.3171,2.98676,5.57257,4.72071,4.57177,4.00433,3.72431,4.38816,3.49901,3.45985
4.11284,5.00068,4.28979,3.83889,5.40885,5.41961,1.26307,4.54811,4.06143,2.55117
2.51663,3.03158,4.41694,2.9173,2.0186,3.58838,5.10427,4.14637,4.09793,3.0414
3.43161,2.76635,1.83117,4.97839,5.34067,5.08576,4.08111,3.616,3.15111,2.58538
4.79777,3.82481,4.55867,4.57733,3.05479,4.7502,3.12877,3.93168,5.03926,4.947
4.96918,4.71859,3.85405,3.55383,2.49376,4.02292,2.72997,3.17008,4.40405,5.41796
6.58774,2.22973,5.63303,3.90792,4.28142,3.9236,4.74861,4.4363,4.13093,4.83977
4.1463,5.2791,4.8404,4.65454,4.51273,4.5723,3.27119,4.65669,3.93232,3.82516
2.85791,5.5134,4.47599,3.87378,3.14363,3.48636,3.85835,3.0949,6.4683,4.20681
6.05318,3.3057,4.00724,3.24051,3.47169,3.20293,4.8136,2.39175,3.41429,4.51611
5.93471,4.85616,4.01883,2.00065,2.42234,2.95791,4.45664,3.36527,5.48192,3.02422
4.4522,3.38217,5.36903,1.91876,3.43144,3.7287,6.6818,2.32776,2.72496,4.51528
2.67374,3.34195,3.60716,2.53113,5.40775,2.98021,3.91019,3.91037,3.79728,2.49727
4.16763,2.84847,3.93604,4.26953,5.89574,5.4003,3.02937,3.86795,4.01631,5.31198
4.02654,4.08391,4.78622,6.07217,5.01127,2.93855,3.51856,2.96082,5.82088,3.43473
4.56603,4.81529,4.17482,5.44704,5.10826,3.57876,3.53209,4.59746,4.09041,3.01342
3.71407,3.92847,3.16899,4.50923,4.51268,6.02088,2.85334,3.35676,3.60611,2.73371
3.20998,3.42824,4.89224,4.63154,3.03243,4.24174,3.83238,3.34089,4.39942,3.62936
2.64408,6.14118,4.08519,4.56654,4.1177,4.5482,4.29696,5.0159,4.40336,5.30333
4.18955,6.09912,3.94567,5.47425,2.86956,3.2028,4.2808,3.64571,6.776,4.01105
4.58382,5.4722,4.02673,2.70652,5.32648,4.69708,2.23923,3.23887,3.08371,5.35846
3.88611,3.70244,2.79875,4.10333,4.30458,4.36637,3.87962,4.05892,4.98017,5.24455
3.78333,4.11106,4.48296,2.54538,2.9648,3.49387,3.38401,4.5596,3.26463,2.24385
4.04712,3.37976,6.22435,3.41302,4.02587,4.37084,2.31036,3.68041,4.16881,4.50388
3.50675,3.57568,4.7417,4.90532,2.89486,2.95289,4.88016,5.95472,3.99516,4.66474
1.43228,3.75307,2.34483,3.85153,5.48621,4.06028,4.63705,3.77901,3.30277,3.9796
3.47456,5.79887,3.44533,3.0236,4.92017,3.68832,4.9817,6.04208,3.98918,3.77775
5.17763,4.50556,4.64897,3.51003,4.82747,3.22606,4.19199,4.7625,5.94927,4.6293
3.73914,4.62904,3.87272,3.10984,4.21224,4.56927,3.68732,4.73653,2.32028,5.05506
3.95599,5.31002,4.69899,3.35809,2.85419,3.39177,4.0333,3.46411,4.58989,5.13466
3.12294,3.57244,4.63062,2.83097,3.62352,2.43753,3.59571,4.59778,2.49243,5.41799
4.53939,3.31888,3.809,4.21174,3.93908,4.97569,4.55861,4.19904,4.56774,3.02808
3.88191,2.64426,2.58093,3.88566,4.53376,5.61072,4.50658,3.11669,4.86451,4.45233
6.52602,3.61323,3.34382,4.37357,3.69447,3.30058,3.9494,5.08079,3.01673,3.41721
4.09871,4.84386,4.73967,3.95979,4.30423,4.23898,3.71428,2.74252,5.28084,3.02349
3.70304,3.62316,2.01817,4.05223,6.2769,4.99635,3.25019,1.78676,4.46282,5.20199
3.46771,5.03343,3.47939,6.7449,4.61421,4.72122,4.47345,4.36415,4.47034,5.48949
2.04513,4.43445,5.87397,3.50113,4.24722,4.64726,3.34963,5.10257,5.88086,4.36756
4.47268,3.61758,4.34281,5.38558,4.86282,5.95757,4.99602,4.04947,2.61281,4.6957
3.61282,4.04596,5.30592,4.30575,6.15177,3.94248,4.66726,2.71758,2.80348,4.37996
3.57085,3.30048,1.74338,4.86847,3.96802,3.42722,3.49102,3.69355,5.52838,3.37624
1.96705,3.87924,3.20063,4.7041,5.34146,4.59274,3.83145,4.93634,4.86916,4.63802
4.05339,3.14807,4.15104,3.49867,2.19154,2.70911,5.3445,5.65387,4.83004,4.00277
5.16894,4.77031,3.55171,1.99758,1.85242,5.26914,4.33143,3.84925,3.02937,3.70355
3.19284,3.35248,6.005,4.06683,5.63294,4.76836,3.78699,5.55259,4.20524,1.78188
2.62768,3.44585,4.31468,3.90365,4.80833,4.22532,3.2652,3.7876,5.06565,3.43721
5.94443,3.69575,2.86522,6.44228,3.43929,3.85659,4.94924,4.11757,3.13907,2.94031
4.50604,5.21417,3.45178,4.44436,3.63878,3.49938,4.9165,5.93034,3.10651,4.57268
4.90458,4.39727,4.34085,4.07467,2.72615,4.74904,3.73424,3.8408,3.07569,3.53838
5.71107,4.4984,3.4854,3.16913,2.87814,4.27984,4.53264,4.94797,5.40794,4.15793
3.21096,5.31338,4.16247,4.7849,4.92194,3.05254,3.69942,3.21069,3.46704,4.57826
2.17101,5.3549,3.45802,4.06231,3.41744,4.93747,3.48603,4.33418,5.77068,3.48237
3.00838,2.46388,5.88795,4.04372,3.65427,4.64585,3.37338,5.99037,4.38721,2.81041
4.3759,2.4858,3.43522,2.36856,3.60298,3.93497,4.14594,6.09503,3.89438,5.77312
4.51619,5.41,2.87929,2.99356,3.42958,2.52884,5.90814,3.61951,3.94524,2.83316
5.32596,3.95209,3.63293,2.77003,5.68863,2.98191,5.00885,0.809479,3.42305,5.11949
4.81172,6.0421,3.18081,4.68423,3.69789,4.90658,5.71036,4.6131,5.01147,5.10359
5.66188,5.7296,3.71632,4.21525,3.5159,4.56501,4.12037,3.14178,3.42362,4.01508
2.21024,2.65865,3.11575,2.78561,3.52112,3.82322,2.19401,4.01329,3.784,3.25675
3.47644,3.82867,3.79185,3.31922,3.63078,2.75763,3.01042,2.33069,5.11255,3.63286
4.02861,3.58691,3.51879,3.67803,4.36553,4.81432,2.62484,2.69299,3.66641,5.50418
4.79447,2.44646,4.21046,3.46757,4.7255,3.38998,2.51016,3.52329,3.89219,3.41591
3.55234,6.28247,2.53349,3.59668,3.59432,4.21489,5.59615,4.40404,4.00658,2.66363
5.81746,5.08823,4.19204,6.43034,2.01543,3.86379,3.43,5.18619,5.23635,6.54582
5.27274,3.18136,4.46362,2.5835,3.88674,5.24198,4.89257,5.73608,5.60321,4.96424
4.25909,5.74208,5.04295,3.08162,3.2082,4.51275,5.36103,3.08142,4.71514,3.46493
2.8405,3.36259,3.24192,3.03257,5.30029,4.54716,3.02754,3.7561,3.26228,4.6361
4.30586,2.48247,3.11168,4.53816,5.20185,4.94754,4.21706,4.07334,4.83933,4.39588
4.12525,3.05704,3.41065,2.45438,5.303,2.9561,3.59897,4.08501,1.91087,2.63123
2.63833,4.84028,3.31923,3.02998,2.52064,3.74267,5.08282,3.704,4.56016,5.94375
3.37724,3.88292,3.51114,3.54172,3.36585,4.06758,4.57045,3.39692,4.57826,2.29481
4.27248,2.53228,2.43925,3.8537,4.86792,5.73619,4.62663,4.56117,4.89526,4.24863
3.36997,4.38126,5.86289,4.77901,3.38067,4.17968,2.97104,2.89652,4.22779,5.52857
4.71872,5.62469,3.55815,3.68224,3.23725,3.96973,3.45259,3.56448,4.5158,3.65121
4.66855,4.32386,4.96382,4.1512,3.65792,4.48423,2.36798,2.51395,6.17344,5.29068
3.49728,4.18909,4.01194,4.20315,2.01817,4.42985,3.9287,4.38226,4.10285,3.67807
5.14648,4.8379,5.62362,3.72421,4.78646,3.50861,4.48425,1.9868,3.31945,4.32112
5.75081,4.52959,3.47937,3.39032,4.11368,3.81349,4.40669,5.42834,3.96155,3.00739
3.47174,4.03408,2.48738,5.03124,4.63402,5.29112,4.71597,3.03253,4.77861,2.84927
4.2341,2.89624,3.84793,5.43766,4.15298,3.06509,2.94812,5.14076,4.17988,3.24896
3.88544,4.64681,2.07994,3.61401,3.65349,4.4144,4.11734,3.60934,2.96161,4.11538
4.44246,3.15632,4.45156,2.04498,5.49976,2.29558,3.18796,3.9855,3.64589,2.85005
4.35699,3.05481,3.0041,3.85482,4.79226,2.96534,3.00874,3.30273,4.62031,3.69544
3.52558,4.79088,4.15931,4.42709,4.0829,5.55049,4.29726,3.64334,4.25087,3.16123
1.88711,4.07159,4.15054,2.35392,3.91992,5.36432,5.14303,3.39765,5.0202,4.02469
3.40364,2.68082,3.02609,4.07017,4.42205,5.01127,3.06349,5.08486,4.9348,3.75118
5.38323,4.97064,3.58012,4.09339,4.05017,3.67184,4.17519,4.18882,3.13357,4.74492
3.0538,4.08513,4.46654,3.9268,4.41222,3.40069,3.47129,4.10142,2.03036,3.24643
4.36899,1.90526,2.77346,3.30742,3.60735,3.9107,5.26464,4.83041,4.06824,3.06136
4.40959,4.95984,2.61164,4.40701,2.4987,5.28157,3.64308,3.40832,4.29717,3.508
4.35727,4.74023,4.15466,5.86323,4.45457,2.82685,0.936977,3.12527,5.17698,4.23706
5.40229,4.28887,3.25625,2.41456,5.06462,3.90301,3.43778,3.25251,3.3844,4.14255
4.62715,4.37131,5.09451,5.70807,3.42758,4.17536,4.30102,3.46836,4.04044,2.82256
4.23114,4.74631,3.93487,3.355,5.01708,5.11412,5.35787,4.61923,4.96373,5.35466
4.81317,5.73747,3.70675,4.77026,4.5398,4.49991,2.75081,3.35768,4.15706,3.60165
4.74238,3.44309,1.78473,2.51724,2.94109,5.33944,5.12941,5.71433,3.11916,3.9253
3.71194,1.81009,2.9772,4.36455,5.3895,2.14347,5.14445,3.67439,3.68659,4.47968
3.53459,4.3404,2.70496,4.22181,6.43973,4.07525,2.45946,5.38993,1.93159,3.66695
2.48335,6.03896,5.06561,3.03943,3.95941,4.14422,3.70152,2.94322,5.02352,3.80012
3.98366,4.95578,3.49665,2.88582,5.54537,3.42873,5.19425,2.20925,2.95565,4.59666
3.56346,4.37368,4.38122,4.48192,2.53354,2.0925,3.8387,5.25874,4.03177,2.69536
3.30578,2.6411,4.34859,4.00444,4.11973,3.94574,4.52761,4.12641,3.41233,4.39555
4.15265,5.50145,5.02734,6.60918,4.61628,2.21874,2.87426,5.4996,4.84932,4.00161
3.42084,2.82433,2.43987,3.82881,4.64099,2.36386,3.19713,2.95991,3.69246,3.29636
4.45304,3.40785,4.49697,4.96734,5.19331,2.27704,2.71412,4.49544,4.06218,3.99108
2.83847,4.64768,3.12336,4.49668,3.9456,6.24059,2.99228,3.58131,2.83768,3.34825
3.06742,1.93636,3.39169,3.53367,0.515963,3.88512,3.91052,5.40359,5.33926,5.07907
5.29075,5.65203,4.82629,3.78912,4.45818,3.29299,3.38164,3.64435,4.44711,3.18862
4.84047,3.78927,5.00196,4.9275,2.61641,2.6838,3.02646,3.1729,2.69381,3.02897
3.93472,4.05628,3.23414,3.99027,4.28385,3.01092,3.86016,5.1551,4.02093,3.92023
5.20697,4.64435,4.17424,5.14049,3.67821,4.51819,4.36074,3.49487,3.75671,3.84215
4.60546,3.07709,2.47534,5.86296,3.98437,4.19235,3.44471,5.13946,4.07706,4.02965
3.57331,3.10798,2.55162,3.1399,5.72799,3.87649,3.99468,3.78028,2.85084,3.46132
5.65466,3.80086,3.949,4.33152,5.33784,3.73658,2.58292,3.38521,4.42383,4.13201
4.66215,4.01991,3.21083,4.4515,2.77073,0.793526,3.25625,3.74798,3.55445,3.69132
1.24824,5.09629,1.74615,3.91481,4.096,2.38004,3.36633,3.55498,5.17808,4.06442
3.94351,3.55905,4.29403,2.49595,3.09707,4.63425,5.8602,4.77034,3.67697,3.73966
4.10718,4.77111,2.8171,2.35929,4.44007,2.21138,2.55295,3.41002,2.97565,4.24371
4.51866,3.41514,3.02295,7.02049,2.51044,4.1913,4.40227,2.46477,3.58267,4.83381
1.87528,4.48761,3.84195,4.25899,4.49424,5.25963,3.83758,4.58046,3.6217,4.12979
3.73631,4.37371,4.5022,4.87554,3.13846,5.33889,2.33104,2.89011,2.64265,4.19956
4.44666,4.13745,3.70881,2.75469,3.62511,3.49382,6.35197,5.2018,4.29112,5.01417
5.32078,4.68311,3.88356,4.10222,4.57518,3.43058,4.097,5.49753,4.65698,4.40711
3.93377,3.37749,3.67586,5.39662,3.91619,5.94676,6.71165,4.16002,4.68264,3.13613
2.01562,2.10524,3.39363,4.82594,3.25593,3.77785,2.95737,5.68554,3.89477,3.281
3.97601,5.59244,4.95632,3.61836,4.89075,4.68221,4.94056,2.49906,4.95812,3.11864
4.02144,3.13877,5.3163,3.56956,5.5081,2.95118,4.31629,4.90361,3.85437,2.93395
3.93961,2.96021,3.66266,3.17075,5.8734,4.10318,3.59719,3.679,3.50957,4.84933
4.79426,3.80563,2.56664,4.53306,4.1678,4.54245,3.23164,3.87419,2.47187,4.4949
4.18694,4.96028,5.6058,3.8316,5.23072,3.37173,3.50234,3.9346,4.40531,5.16429
4.37301,3.986,2.13415,4.90862,3.46519,6.07611,4.41483,5.31573,4.03459,4.57129
3.77745,4.23702,2.45019,4.40804,3.12286,5.35229,4.1805,4.21397,4.35324,5.20661
2.37903,4.82037,3.55229,2.21861,5.04135,3.62731,5.73399,3.64589,3.39801,1.96269
3.31585,3.62151,3.41149,4.03864,1.86552,4.2088,6.01266,5.61934,2.67607,2.92729
3.27144,3.36063,5.78259,4.72643,2.75139,4.96221,2.42525,4.29772,3.58648,2.68299
4.71294,4.7463,5.54393,4.12154,5.40298,4.3178,3.64301,3.75757,4.97398,5.72241
4.15254,4.47625,3.73018,4.44613,3.64878,4.67891,4.91274,2.79433,2.69107,4.02029
5.1008,2.99438,3.77775,3.85785,3.08958,5.53194,5.23036,3.70015,4.65257,5.46393
3.68895,2.04272,4.68523,4.80857,4.30069,4.78266,4.2651,5.30371,3.47909,5.98545
5.34058,3.99545,3.43307,5.07435,4.42426,3.06629,5.87843,3.4351,4.32631,2.77607
3.44011,4.37995,2.72482,2.98512,3.71267,5.84401,4.18069,4.60844,3.57347,4.36605
3.72674,5.35091,3.43581,2.92724,3.67998,4.16198,3.52961,4.0336,2.71444,6.17411
3.68366,4.92029,5.41313,4.51994,2.97599,2.5402,2.09606,4.88535,3.28224,6.48381
3.02991,3.90708,4.3126,4.12666,2.48082,4.60342,4.08308,3.72956,3.80693,5.63685
2.91941,4.92587,5.41616,3.44969,4.41492,4.13374,5.58108,4.86275,4.95155,3.67686
3.57875,3.9161,3.1587,4.93675,3.10935,3.63046,6.21656,3.18569,4.2365,2.21224
4.17045,3.02532,3.2492,4.95287,5.58765,5.8328,6.05739,3.28867,2.57842,5.66055
4.54623,3.66723,4.41331,4.68175,3.63212,2.4986,4.99976,3.34489,3.06121,3.91122
3.12991,4.05824,5.98418,4.94615,3.5683,4.06935,5.07571,3.90862,4.17128,5.20357
3.73236,4.25039,5.26033,5.28964,3.1656,4.18775,4.33516,4.09819,3.74096,2.48789
3.79067,4.43902,3.77612,3.06428,3.83039,3.27269,3.65006,4.46011,2.70758,4.78378
5.47131,4.04697,5.38451,3.65854,4.06496,5.41913,5.06038,3.39097,3.05529,1.72257
3.46639,4.32285,4.93394,3.33055,4.34415,4.97709,4.94316,3.0534,4.54868,5.45655
7.94572,3.68763,3.20132,3.67257,1.98816,4.8407,5.56579,5.09338,5.67432,4.93198
4.35501,4.73431,3.56447,4.2893,4.5261,4.83531,4.65209,2.47398,3.13767,3.34812
5.46841,3.92063,4.18824,3.73074,4.7203,3.25654,3.23388,5.17768,4.21415,6.07017
4.50659,1.79396,4.3546,4.97905,3.76957,6.63903,3.63242,4.57365,2.94125,4.64643
2.7392,3.53408,2.68084,3.37667,3.01524,4.07354,3.13168,3.40489,3.25411,4.00148
4.56373,4.10855,4.69356,2.14995,4.63389,4.03517,4.11847,3.97437,4.20804,4.90451
4.35521,2.44345,2.75332,3.87895,4.83309,3.17482,4.76095,3.30678,4.13439,3.94562
2.24281,4.95561,4.70814,5.54273,3.6988,3.80948,1.98543,3.9903,4.02036,3.3748
4.43415,3.52375,3.72903,3.20148,2.3309,3.89824,4.82059,3.19607,4.73139,4.77849
4.59181,3.56609,2.91158,3.29438,3.66578,3.31393,4.37101,3.38622,3.45637,3.75442
3.92706,3.58971,3.81566,4.56001,4.00639,3.25368,4.76006,2.87264,5.23608,4.70736
5.26107,4.43329,4.07506,4.44705,4.87677,3.12383,3.78103,3.52729,3.56945,3.33597
4.79523,4.01909,5.57508,5.85196,4.48698,3.35105,4.1677,1.73975,5.02663,3.82318
2.8895,3.52785,3.22756,4.06576,3.66602,4.08529,5.92624,4.69352,3.79995,5.67825
3.4013,3.88937,4.45067,5.82625,4.95873,4.4575,3.03191,4.93807,3.96961,4.42199
2.68109,4.17067,4.70624,3.29844,5.69887,4.30397,2.89162,3.07252,5.17568,4.04234
3.60011,2.14307,3.90307,3.44121,3.94888,3.19248,2.92748,3.8404,3.6451,6.47958
2.56097,4.71265,2.718,4.13372,3.23054,4.65308,5.1848,3.69311,3.63291,5.29415
4.32549,4.18413,4.78916,1.70097,5.3192,4.96327,4.66783,3.87532,4.25409,4.72584
5.631,4.21685,4.38669,3.70391,4.55831,3.97096,5.47117,4.63188,3.85216,5.04081
3.29678,2.39024,4.87681,4.28513,3.18513,5.10073,3.60139,3.90366,5.03497,4.74162
2.55219,3.28008,3.8644,3.82342,5.53984,4.99054,3.49255,3.84927,4.97083,5.65178
6.04923,3.49001,3.53041,5.05347,3.43173,5.35887,4.89607,4.95877,5.48702,3.5209
5.3538,4.35997,5.11081,3.47431,4.00372,5.49993,4.56789,2.67146,4.3357,4.01554
3.39666,5.05632,4.25657,3.41598,3.67435,2.59645,4.48287,3.93459,4.21961,3.58532
3.26323,2.49427,4.50757,3.74192,2.77626,4.80659,3.97675,4.56916,3.66299,4.53354
2.84689,5.20183,5.19062,4.59183,4.12398,4.66846,6.81788,4.98551,2.37032,5.55406
3.7375,2.60875,4.09704,5.43622,4.86276,4.00207,5.4623,4.03199,3.78302,4.36966
4.61035,3.67608,4.34726,2.55467,5.67942,2.35968,4.76498,1.4109,1.40134,3.01192
4.0314,3.76802,3.00257,4.00173,5.30185,4.18208,2.8089,4.34034,5.24396,4.83239
3.8379,2.76356,4.03163,5.67244,4.21378,3.74429,4.02138,4.99257,4.34737,4.12414
2.78076,4.75952,6.49403,4.08755,2.90137,4.58613,2.24216,6.14636,2.23515,4.00586
3.63422,3.86964,5.28047,3.38617,4.56052,3.94129,4.87027,3.83483,3.57736,4.84177
2.85819,6.26467,3.71292,3.65753,4.74712,4.97293,3.35233,5.28724,4.9526,3.66119
2.75808,5.0165,3.66527,4.26834,4.87241,3.23515,3.47302,2.00915,3.4032,2.6531
3.18447,5.0726,3.49446,3.99482,2.0939,3.92607,3.87704,3.13169,3.48611,4.49117
3.62765,2.47396,4.16115,5.44689,5.15885,2.60805,4.34989,4.02893,5.31112,4.58095
4.05928,3.33139,2.30496,4.96089,3.77683,3.6396,3.27201,4.58948,3.84842,2.93691
4.68389,4.12247,4.85943,4.41291,2.85687,2.64414,3.01336,5.89682,4.13549,3.31081
4.05488,3.38732,2.52918,2.77277,3.38273,3.35119,3.93372,4.06643,2.76471,4.45225
3.06813,3.46941,4.34925,5.34201,4.42825,5.0069,2.67558,3.51867,2.7717,2.95651
4.96076,3.63724,4.55057,4.03372,5.38339,5.0064,4.37564,4.82493,4.93785,3.98585
3.69102,3.55134,5.11091,3.23274,4.72017,3.11971,3.37377,2.76926,2.72728,4.16836
3.57786,3.72252,3.05375,5.8316,4.27366,3.52622,3.54035,4.41818,4.84623,5.44823
3.59093,2.18286,5.15346,3.6568,4.698,3.42785,4.70978,3.66661,3.54198,3.35771
3.20371,3.35375,3.16232,3.63745,5.71357,3.38156,4.48028,4.1099,2.8677,3.81925
4.0095,3.95312,3.8557,3.56969,4.34296,3.78966,4.28462,5.66304,2.65507,4.10212
3.9655,2.52738,3.4436,3.85964,4.56315,6.46212,2.76779,3.63289,2.85981,3.4822
6.10606,3.66412,4.45076,3.75357,4.28094,3.05314,3.8995,2.25197,3.58487,3.08397
3.98411,4.3466,4.73585,3.32052,2.64401,3.82994,4.80034,2.54114,3.63928,3.64064
4.15812,4.3409,4.34442,4.32803,2.92219,3.24714,2.52857,5.48533,3.92531,6.24013
4.4469,3.1732,3.90698,3.33152,3.06828,6.04503,4.00946,4.29211,4.73857,5.14256
2.53723,2.82656,4.30626,4.87984,3.17823,3.51083,5.29948,4.4623,4.81199,2.56756
5.85241,4.64583,6.45722,3.61076,3.28652,4.87256,3.0756,3.95213,3.10157,3.42348
4.8141,3.81099,5.56842,5.47981,6.0939,3.38496,3.26095,3.59086,2.23714,3.9098
5.31797,4.87198,4.43197,4.67118,3.48718,5.95619,4.00243,3.10149,3.11632,5.75136
3.7521,3.8564,3.55843,3.7237,2.72657,3.6473,3.83572,2.9375,3.71723,5.28549
3.20249,3.3288,3.51739,4.32053,2.30752,4.55012,2.72939,3.71221,2.9866,3.29853
4.4764,3.93571,3.49694,4.51015,4.16504,3.3508,5.03103,2.95346,4.42035,4.29939
2.52518,2.98949,3.25159,4.27601,4.91366,3.82281,3.76888,3.03519,4.3151,4.13496
3.84149,4.40792,4.34677,4.96736,2.45317,2.79605,3.73078,2.34321,2.5903,3.04559
2.88338,6.0996,3.52697,4.31211,3.27512,4.04561,3.99012,2.40552,3.64957,4.01525
4.16183,4.41235,2.8357,4.75235,4.51065,1.58435,2.35655,4.86129,4.53422,3.97817
4.27432,4.5565,3.51931,3.862,3.91542,5.57915,3.49291,4.40446,4.04297,3.73276
4.40449,5.01073,4.91748,0.543779,3.25115,5.1211,4.65401,3.65689,4.81965,4.94267
3.61573,3.03601,3.68817,3.37501,4.00428,4.32038,4.77698,4.35109,2.47241,4.35853
4.95064,4.4712,3.54025,5.25916,2.96937,4.1666,4.83572,5.45523,2.71061,4.50127
2.96676,4.40548,3.26836,4.8474,3.89567,3.65259,3.64586,2.63939,3.46624,1.87302
2.57915,3.94993,4.85447,2.42652,4.92391,4.57097,5.0626,4.72846,4.40523,6.63154
4.40842,4.63345,2.98858,4.28545,5.20839,5.50651,4.0218,2.49479,4.22094,5.052
4.39487,4.33032,2.56844,3.22059,4.95596,3.16975,3.81892,5.32075,2.32122,4.53978
2.33489,3.15046,3.60749,6.0462,3.73129,4.34095,3.4215,4.17134,2.37642,4.28053
3.61293,4.98,3.75024,4.63157,3.65341,5.13845,5.72692,4.8987,1.9959,2.14649
5.35772,5.31328,4.49016,4.56346,3.27819,3.10101,3.97233,2.76467,4.2021,2.74668
4.21277,6.09653,5.08843,1.88767,3.95171,2.21746,5.55123,5.97626,2.89565,2.81208
4.88481,4.17739,4.75167,3.72502,4.93875,4.20128,4.37166,4.87683,4.35581,3.85438
3.40133,4.21319,3.85496,4.30684,2.99541,3.43046,4.51189,3.48068,5.79711,4.13492
3.44664,3.24253,3.91195,3.04075,4.22368,4.48328,2.57405,3.11255,2.63363,3.78399
5.54957,3.10617,5.08137,5.28256,3.22725,3.30967,4.04954,5.69184,3.70776,3.31929
4.87284,4.92118,4.19922,4.50994,2.99621,3.19948,4.7511,3.74201,2.5741,4.54564
4.44665,2.43263,5.66001,4.42559,5.83057,4.12993,4.68954,3.88311,4.98126,4.68005
4.35083,2.87255,4.52667,5.18734,4.66718,2.48512,3.97526,2.60288,6.28758,3.92193
4.17805,3.392,2.91442,3.15078,4.7414,3.43505,2.48752,5.23856,2.96145,3.31339
2.9687,3.90642,2.36689,3.30289,4.3943,2.27143,5.27424,3.98192,2.81534,3.82263
4.25097,3.19423,5.44405,4.53422,2.77593,5.15741,5.25706,4.30742,2.39283,2.86297
3.94385,3.07485,4.02816,4.26903,2.4457,5.51542,5.42716,3.24753,3.88991,5.56935
3.74275,3.11117,4.3888,4.51452,5.10917,5.05988,5.92706,4.61845,4.17194,3.62625
4.43855,3.97029,4.87343,2.41266,4.84133,5.03486,5.67809,4.64623,3.96259,3.94805
4.11425,4.43199,4.55853,5.14782,5.32578,4.00482,2.54483,4.39609,4.85126,3.8249
3.67488,5.62552,3.75953,3.05255,4.99352,3.49402,4.64828,4.39806,3.0594,3.06437
4.73394,5.10578,4.5826,3.81375,3.59276,3.62168,5.28191,3.94763,4.83738,6.3742
3.88146,4.14319,4.48365,3.431,2.65497,5.39101,3.80815,3.84978,4.24747,2.48858
4.92029,4.04361,3.64223,3.08524,3.48225,3.4257,5.64483,3.86054,4.16381,2.96556
4.65045,5.35034,4.2782,6.3028,4.17636,4.42285,5.67347,3.57735,3.50036,3.27724
3.44045,3.30404,3.42108,3.0698,3.72777,4.08798,4.8931,4.1782,3.18512,3.31061
4.30771,4.31647,4.40867,4.05165,4.73958,3.84374,2.35045,2.70638,3.3584,2.26261
3.41194,2.84433,3.56977,3.67484,3.14904,3.16377,3.09932,7.08419,4.0237,2.40673
4.17668,5.41236,5.90303,4.14662,3.84752,4.24865,5.14785,3.24723,3.61109,4.55277
3.57926,3.69291,5.1198,3.94229,2.95031,5.52224,4.45971,3.83618,2.09865,4.09002
2.84466,4.52439,5.66306,5.92376,4.64581,2.92856,2.17638,4.41099,4.4223,5.99406
3.03451,3.68745,4.24668,4.43025,4.95402,3.76409,5.36921,3.12125,4.16405,5.80167
3.41028,4.59309,5.08855,3.07819,5.25885,3.72917,3.22202,4.17543,4.7632,4.19582
3.75336,3.09235,4.98813,4.38169,3.6785,2.49352,5.55674,5.66318,4.58504,2.22631
2.99481,4.17315,4.45025,4.33029,3.66364,3.7746,3.38624,3.25692,3.29797,4.0814
4.53537,5.8072,5.66251,4.53941,3.03688,5.40613,5.64591,4.87006,2.35312,4.46812
3.19043,3.14796,4.08091,4.62224,3.03064,3.25401,3.80375,4.28672,4.64841,3.28251
4.21643,3.89085,5.02246,3.6449,4.81656,3.69815,4.79893,3.66846,4.01903,4.43346
3.98099,3.89996,4.69808,4.35974,4.36983,4.34319,2.77431,3.97028,4.54368,3.50201
4.17662,2.72202,4.39016,5.3916,3.32125,2.38363,4.17052,3.46172,2.9418,4.9495
3.2359,3.83115,4.97274,5.06256,5.2505,3.40266,5.09235,3.76197,5.59761,3.81979
3.06942,5.51235,4.06267,4.6852,3.54377,3.90624,3.27633,4.53942,3.68521,2.59185
5.28756,1.75491,3.64141,2.63664,5.09339,4.30939,3.19929,4.51797,3.79971,3.1739
3.70212,5.4228,2.96032,3.80411,4.72554,3.47461,5.70564,3.74536,3.26827,3.76377
2.78821,3.22443,3.18884,2.22066,3.27514,3.49532,4.7905,4.14787,4.64398,4.18824
5.81571,5.48837,5.30233,2.50376,4.07294,5.74009,3.72588,4.59193,4.7148,3.33924
2.40168,4.67436,2.22362,4.67729,3.93146,4.08895,4.05893,3.11668,3.14394,4.57705
3.94517,3.79468,3.42283,5.07952,3.0189,2.41444,3.18493,3.08696,4.17571,4.31206
3.67307,3.70995,3.17364,3.20682,4.16407,4.32031,5.42993,4.3186,3.49641,4.19904
4.015,4.61767,3.26087,2.94515,3.29779,5.16889,6.32468,4.60012,3.54907,3.77313
4.14728,3.84321,3.83393,5.03398,3.30232,6.01928,2.99257,5.64915,1.34423,4.5322
3.66491,4.27212,4.87622,5.55038,2.44378,2.9372,3.6006,2.85052,2.605,4.12946
4.32931,3.11425,4.19293,3.35248,2.94856,3.06084,4.23043,2.61258,4.29703,3.20085
2.32157,4.10761,4.15131,1.30003,3.52467,2.80087,4.2168,2.28899,2.96709,5.68296
2.4419,6.6746,1.21973,5.02609,3.85153,5.2304,3.39042,2.17948,6.27571,3.18964
2.94827,4.23837,4.07614,3.98021,2.91255,5.05438,3.20584,2.88781,4.00107,4.74382
5.2489,4.24106,4.31712,4.60239,3.38564,5.62882,4.91377,3.63654,2.66795,4.7156
2.8082,4.01351,5.03463,5.83335,4.45289,4.40049,5.14928,4.49358,2.92136,3.18869
3.86707,3.46391,2.83296,3.82076,3.86924,3.32507,4.64902,3.73247,4.39962,5.47688
3.51848,4.00049,5.26389,5.7389,3.76839,3.12119,2.73292,4.93568,5.76184,4.27949
4.95823,5.41323,2.98827,5.44195,5.25729,2.89732,2.60011,6.4337,4.48989,2.89661
2.35843,3.74715,4.32357,3.61118,3.52504,3.79746,4.36754,3.44144,4.37407,3.59979
3.00226,4.94203,3.10216,5.54717,3.70726,1.48767,2.53932,4.08127,3.92222,6.06748
2.23331,5.66967,5.44729,4.32535,3.72082,4.26123,5.15711,3.25948,4.95024,5.21267
2.57379,5.8337,4.30001,3.7668,2.64536,4.06457,3.19465,1.28243,4.69099,5.18367
4.63239,3.55456,3.15634,3.08115,4.00705,3.0811,3.97263,3.76903,3.20677,3.96977
3.5147,3.25133,3.89604,1.7125,3.72332,3.71434,3.50352,2.54959,4.21651,2.84559
2.85241,2.87458,4.55474,4.24157,3.93304,5.31312,3.01439,3.91398,4.74984,5.24863
4.09515,2.54503,4.29595,5.56836,5.57896,5.83953,4.03633,4.83226,4.74978,5.28298
3.60975,4.53774,5.56987,3.55647,2.68998,2.67934,2.8748,5.78765,2.60852,5.27027
3.36179,4.63607,4.46961,4.58838,4.41451,5.24019,6.8247,4.44665,2.53255,4.66327
3.94763,4.76851,4.23955,2.89992,5.41926,2.99169,4.07484,6.01869,3.30629,2.45747
5.02271,4.95438,3.26094,4.03969,4.27511,4.91282,3.7297,3.43592,3.61593,3.34597
2.88865,3.45382,2.42612,5.07959,4.89049,5.75415,4.25567,3.92854,4.6604,2.06747
4.09263,3.95907,1.97273,2.73585,3.40671,4.80895,4.58625,3.86845,3.48894,5.3831
2.15046,3.78627,3.61167,4.37201,3.92469,4.29016,3.87481,3.54549,3.099,3.07301
3.15455,4.23251,4.33734,2.96182,4.90756,3.96548,4.4863,4.5924,4.31783,3.76302
1.61291,4.53314,5.46288,6.55852,2.16565,5.33304,3.4821,3.34161,4.35158,5.35073
3.60431,4.64826,5.09378,3.3506,3.37022,3.60121,1.9898,2.52573,4.16086,4.28404
4.20068,3.53226,2.30569,2.52215,2.22998,3.54003,3.79246,5.79443,3.11655,3.84584
6.26101,2.75776,6.0207,2.18449,3.83078,4.79217,4.69626,3.47293,2.34404,4.86145
4.45082,3.63556,4.75594,4.34558,3.62008,3.84054,1.92546,4.13747,3.30645,1.93311
3.67129,3.43064,4.45605,4.13747,3.5456,4.53851,4.27559,3.56645,2.66847,5.35018
4.17034,4.72258,4.03746,4.04294,4.31448,2.62663,4.94198,2.1478,4.23631,4.13683
4.5654,3.46046,4.842,2.59286,4.15717,5.50324,4.18326,3.26748,3.07295,3.24703
3.90558,4.11728,3.8389,3.30471,5.16686,5.49578,3.35995,3.44697,4.80381,3.85988
4.80538,3.6578,5.84999,4.77647,3.08983,1.88559,2.68987,4.39126,4.44384,3.88794
4.39555,3.67877,5.15418,5.80132,3.75723,4.98137,4.05971,2.95465,4.14435,4.5736
2.66804,2.4793,1.90394,3.92224,3.25245,4.58455,3.96176,4.56616,3.58154,2.46629
3.16247,5.15941,3.8635,3.28376,5.69669,3.48653,4.59676,5.03405,5.34616,2.30275
3.35301,3.70608,2.90423,1.65509,4.45642,5.10481,4.52975,4.88357,2.12987,2.82473
4.05778,4.69606,6.23115,2.60349,2.82273,3.93951,4.29379,3.18349,2.07366,4.42466
4.49877,3.46192,2.47726,4.4098,2.2769,2.59097,4.22028,5.91277,5.24186,2.4363
4.85654,4.67003,4.24965,5.07035,3.21438,4.23536,4.56051,5.02343,4.45061,4.63913
2.58298,4.30729,3.84333,1.45638,2.78871,3.63198,2.67994,3.74027,3.27745,4.5967
6.18798,3.03525,5.07976,3.91324,2.48338,4.79934,3.2356,4.28074,2.40781,3.31768
3.32893,4.77624,1.96212,3.80281,3.01509,3.11901,4.92691,3.15944,2.58031,4.53242
3.2329,5.23833,4.03701,4.65408,2.49792,2.1846,5.85475,4.31242,4.17763,3.19951
4.4266,4.29362,1.86222,3.34186,3.42026,4.23318,3.35475,4.69104,5.71923,5.0862
4.69031,3.73058,5.03973,4.64087,3.96423,2.9502,2.84524,3.5812,2.97798,3.92044
3.60319,4.37791,3.231,3.96278,4.52352,6.28218,4.65014,4.56645,3.65844,2.22254
5.71029,4.69168,4.21304,3.26343,4.61734,4.31013,3.13086,5.09143,5.82359,3.72439
3.95721,3.05794,4.76682,3.53395,4.57116,3.6202,4.11102,4.452,4.80317,4.20029
5.05685,3.75187,4.55056,3.96891,6.02492,3.73176,3.13606,3.60834,5.12823,4.2135
5.23633,3.15353,2.63237,5.18738,4.93545,2.32212,2.43667,3.57548,5.62545,3.44561
3.23643,1.98838,4.54781,3.47763,3.06059,4.34569,4.33412,4.80632,3.54551,5.07644
3.48197,4.2789,6.01997,5.05494,2.61907,3.86595,1.14965,6.95198,2.46356,3.58449
3.33878,3.8503,3.86156,3.73369,3.7615,3.31874,3.07724,4.01344,4.33585,2.56096
4.2176,4.46913,3.98867,2.12125,4.14096,5.01943,2.61344,4.3506,3.36795,4.6117
4.27344,3.99882,2.77034,3.15738,3.37548,3.43343,2.72864,2.94202,3.57876,4.18504
2.18209,5.26466,4.6825,3.84866,5.3854,4.16513,3.90326,3.72931,3.4,3.39778
2.62722,3.72915,2.2435,5.58579,5.06083,2.57629,5.91551,1.79885,5.31014,3.57704
3.19949,5.28107,2.94751,3.80357,2.69289,2.8627,4.98344,5.30344,4.76334,3.2846
4.29906,4.46889,4.82653,4.18241,2.92778,3.55677,4.90806,5.85692,4.16036,2.71451
3.80877,4.5208,2.19438,4.07715,2.69159,3.2861,5.09625,4.84633,4.6471,5.24456
6.51167,3.92909,4.18137,4.62595,5.67688,5.79998,3.3113,2.78246,3.9549,2.55605
3.18623,3.02715,3.76115,5.43656,4.33042,4.73994,4.15127,3.24288,5.60899,4.16349
3.07873,4.16924,4.34828,3.50479,3.56662,3.68979,3.29447,3.49716,4.33315,2.77437
5.67306,3.47573,4.25913,5.5919,2.82226,3.91709,3.37818,2.16926,3.03031,4.19573
4.74682,5.08041,5.08037,3.17603,3.49033,3.02697,4.90777,2.24112,4.64853,4.53533
2.82627,1.78716,4.60741,4.0704,3.54124,3.88979,4.54069,3.24538,2.25857,4.0666
3.05625,4.98831,3.39279,4.53124,3.81158,4.34081,3.64578,4.72619,1.9796,5.01947
3.03856,5.28699,4.52069,4.19675,4.82231,3.95399,4.1114,5.6396,5.10882,1.56943
4.10129,4.08105,2.49785,3.2234,4.55535,3.69149,5.10621,5.23338,5.24359,6.42688
4.41021,3.60334,2.72548,4.33213,4.84059,3.67339,2.77858,4.68829,3.29354,4.32291
2.31022,5.49692,5.00216,3.37167,3.28552,5.53342,3.46759,4.12619,4.38784,4.73314
2.13938,2.93452,3.67786,3.57125,3.38097,4.22099,4.43893,4.58171,3.60005,5.39794
3.27809,4.31272,4.55172,3.58838,2.83031,4.99976,5.20123,3.25307,3.6907,4.3078
3.91738,6.03701,3.50377,3.35273,4.56149,2.67072,4.51165,2.67104,3.12006,4.88684
4.9839,4.3027,4.53359,5.07031,3.63233,3.01779,1.23285,1.9728,4.01362,5.08574
4.32154,3.37046,4.11766,3.48176,2.50872,3.77526,5.39866,2.6461,4.07386,4.18567
4.22986,3.05171,4.74531,4.9193,5.61277,3.50531,3.63954,3.7471,4.11631,4.81226
4.92518,3.44778,3.9604,5.35144,5.01494,3.82729,5.70688,3.57572,2.78205,5.13059
3.67265,3.03077,3.28334,3.43259,5.31368,3.4219,4.00863,4.72688,4.0606,4.14699
3.13709,3.71441,6.56726,4.82587,5.0875,4.36934,3.25916,4.69767,4.37021,4.82541
4.1105,3.61416,4.26581,5.11531,4.04133,6.42673,4.95622,4.63556,4.78984,2.21588
4.45609,4.55493,2.19918,4.84607,1.26475,3.61437,3.22724,2.8193,4.90221,4.52476
4.02601,3.35485,4.13872,3.04167,4.30604,2.47826,3.4005,4.44858,2.24747,4.29196
2.91231,5.23363,4.84406,4.18137,3.56659,4.19765,5.34286,4.10193,3.72659,4.99447
3.23546,4.48099,4.13563,3.3473,2.973,4.70046,4.78053,2.97606,4.72203,4.8455
3.91254,4.35721,4.0001,4.48776,5.76651,4.5668,3.88242,4.22396,3.35605,1.53646
4.58167,5.77428,4.85168,2.73098,4.02558,2.71952,4.99322,3.5247,3.88432,4.0787
4.82273,5.23533,3.66225,1.78117,3.65507,3.37291,5.29233,4.50474,4.00561,3.37608
4.22804,6.50789,5.09613,4.70327,4.40576,3.01923,3.60666,4.50451,5.46703,4.30204
3.61988,4.35062,3.97514,5.12677,0.972386,3.13877,3.83624,6.08658,3.04978,4.44454
5.10975,3.12892,2.83944,2.9463,5.55019,2.67151,5.58996,3.07997,4.3241,4.30222
3.19882,3.89572,5.45702,3.67658,3.98776,3.26969,3.41071,3.42951,3.66438,5.66836
4.8043,3.30317,5.15452,5.22645,5.27228,4.2111,5.84518,2.72626,2.643,4.00152
4.19262,5.47706,3.90161,2.82736,4.10567,2.40403,4.22221,4.21415,3.25766,5.88798
2.34575,3.07576,3.17882,2.59714,2.84912,3.2118,2.77361,2.86531,3.18236,4.44016
3.55607,4.27375,3.24378,3.47469,3.7953,5.69994,3.16614,3.58637,5.39418,3.86893
5.1947,3.6553,5.28248,3.86993,3.68095,4.44173,4.9381,2.76675,4.06223,5.50247
3.88551,5.16085,4.62147,3.49919,3.1206,3.93765,4.76038,3.69997,4.32111,5.40705
4.46767,3.28452,5.78767,1.7,3.63324,2.46946,2.51507,4.2325,3.40173,2.45777
6.40169,4.44335,4.37523,4.91676,2.83984,4.21527,4.09298,3.27095,4.13487,2.86339
3.88481,2.01366,4.73303,6.72876,5.24621,2.68999,2.22197,4.71494,3.92182,4.01471
5.53689,2.98713,3.44683,4.82383,5.35363,4.45599,4.11215,4.57623,3.73513,5.73901
3.60612,4.40894,3.45252,2.29723,2.99445,2.10403,3.01885,5.16518,4.99643,3.99526
3.86302,2.81343,4.2461,2.93543,3.93576,4.92265,1.78435,5.02656,3.43447,4.02825
4.53836,3.68268,3.4022,2.93917,5.25152,3.78528,5.84248,5.13041,4.21704,4.15529
6.24716,5.09179,3.30817,5.36349,3.17744,3.71683,4.09137,4.29649,4.83555,3.1575
3.83492,2.59989,4.87134,5.12213,3.95944,4.12413,4.36429,4.8187,4.6098,3.35329
2.28108,4.98242,4.55887,2.94358,2.94276,3.82567,3.95557,2.91719,3.4092,4.76214
3.30891,4.52633,3.0248,3.14691,4.19327,5.67834,4.8525,5.0748,3.49187,4.95463
5.88909,3.9677,5.95016,2.86494,4.53188,5.26081,4.95776,4.06606,3.36857,4.68254
4.86158,4.90339,4.07044,4.37641,3.96663,4.48027,4.08784,3.03104,3.38752,3.93708
3.86246,4.32057,3.90991,2.90797,4.17447,3.34927,3.91555,4.08653,3.15966,3.83626
5.87002,4.58508,3.4761,2.62238,4.77746,2.48861,4.06537,3.39622,2.24659,4.31221
3.48651,4.77886,3.88881,5.49267,4.37568,2.81147,4.88529,2.62675,4.21495,3.70112
4.12335,4.14165,4.39111,4.0418,4.10925,3.15638,3.85031,4.89696,6.23843,4.1987
4.38082,1.50289,4.82872,3.65134,5.09534,4.37362,5.89885,5.26355,4.30092,3.79128
3.18602,4.06522,3.36775,3.15524,1.72014,2.41487,2.82927,2.36505,5.0938,4.23261
4.5448,4.10812,4.38653,1.06946,4.51304,4.6245,3.79865,3.30035,4.93464,3.71219
2.81752,3.04557,2.77336,5.3986,3.93984,3.13117,3.11727,4.84326,2.72481,4.26707
3.92217,5.113,3.11561,3.16105,3.21128,3.78184,3.34478,4.7033,4.81988,4.09491
3.04525,4.23527,2.43647,2.15424,3.24626,4.0662,3.42577,4.14341,4.15752,5.62432
3.85997,2.98594,4.47113,4.60322,4.87207,2.85896,3.70956,2.68499,3.90717,2.77465
4.53477,4.35442,4.90494,4.79674,3.08247,2.79608,4.00102,2.79043,3.85936,3.55123
3.24218,2.82902,4.70681,3.79222,3.88159,4.67212,2.74157,3.20293,5.66059,4.30935
4.62399,5.03479,4.86778,2.4332,3.62103,4.45836,4.12354,5.29893,5.02645,3.13431
4.8816,4.39733,4.30537,3.06401,3.82287,5.16236,3.60453,4.481,4.9174,5.72916
4.75427,4.2756,3.55673,3.76493,2.36476,4.00457,4.26691,3.13458,4.14196,5.38685
4.24695,4.37663,3.10941,2.89396,5.69686,3.83454,3.88187,2.25353,5.82375,4.1798
4.09364,1.29181,3.11523,4.62082,4.79961,2.63316,4.1607,3.20627,3.64832,3.33139
4.15619,4.23338,4.34815,4.79544,4.36401,5.97178,3.61171,3.25568,5.24454,2.19595
3.44535,4.66104,2.99776,3.96288,4.26096,3.95447,3.69282,3.76853,1.85459,3.80906
2.9501,3.96191,5.8723,5.0135,4.29296,3.51484,3.69702,3.7509,6.27019,3.76723
4.92431,3.20066,4.43573,2.84719,2.3909,2.69934,5.16351,3.67087,4.2012,4.57423
3.62498,5.40482,2.74761,2.41236,4.12432,3.34908,3.58809,3.11948,3.38933,3.40903
3.10362,2.99721,3.30102,4.18839,2.35267,3.03307,5.32466,3.35241,4.34895,5.46615
3.5211,3.3235,4.30451,6.04512,4.55379,5.94921,3.82092,4.58188,4.26498,4.98056
3.60291,5.40466,3.8925,5.65914,3.80758,4.24633,2.00821,3.12042,3.43756,2.49107
3.76081,2.92734,4.27997,5.24517,4.25406,3.6122,6.03351,5.11351,3.67423,3.8966
1.54173,4.04893,4.22261,6.04474,3.00607,2.53091,4.41733,3.45539,5.25673,3.91232
1.0326,3.72439,3.47183,3.23511,5.96652,3.19406,3.99294,4.17707,5.00976,2.41631
3.78766,3.74916,4.31232,4.16345,4.01044,5.55436,1.34831,4.09121,4.61937,5.04005
3.57536,3.06482,3.64024,2.97384,5.5468,3.77112,4.71958,3.73354,6.60186,4.5079
4.49482,5.48958,3.80588,2.9167,3.54463,4.20654,2.48466,5.26885,4.00582,3.74988
5.16952,2.9671,2.33366,5.62394,4.83526,3.23264,3.61356,3.45719,4.3386,4.29124
2.96277,6.64048,3.18268,4.26698,3.69504,4.75603,3.94694,5.26394,5.37749,4.25304
3.13614,5.00314,4.91145,3.26776,2.6702,1.94251,3.59079,4.54195,4.53777,3.61465
3.72646,4.32123,3.9281,2.41051,4.13188,3.12163,3.17176,6.15344,2.9386,5.18171
4.43586,4.15776,4.7952,4.10875,3.57694,3.10814,2.79163,2.59385,5.99602,2.573
4.4469,5.2249,4.33685,3.38066,4.63344,3.425,4.00323,5.20694,3.89013,4.32553
2.97245,2.94989,5.90387,2.976,2.16118,4.7023,3.64872,3.83773,5.55798,3.65979
2.93178,3.39216,2.95516,1.68218,5.18538,3.7655,6.13072,5.12819,3.67248,3.29363
4.23041,2.55082,5.06677,2.96269,4.67391,3.26164,3.53123,3.48918,5.43217,3.87054
5.44931,4.73298,2.95817,3.25031,3.79778,2.65794,4.19848,5.37249,3.72722,3.91168
5.34085,5.46118,3.17258,3.90553,3.15886,3.68864,3.92073,3.03198,3.94832,3.72853
4.10335,4.11952,4.44495,3.00632,5.39739,3.78945,4.66942,5.80105,2.75941,3.95584
4.03451,5.84271,5.27514,4.31122,4.88716,3.6214,3.19507,3.29869,3.70479,4.36213
1.82612,3.72377,4.7889,4.14038,3.78445,5.16976,4.05273,4.61719,3.11436,6.0662
3.97047,4.19637,4.10484,0.252047,2.83665,3.39582,4.00832,3.12839,3.46393,5.29072
4.23439,4.0325,3.683,2.51384,4.39712,2.97743,4.51755,4.37131,1.31218,3.99472
4.95079,3.70386,2.85468,4.60848,4.71179,3.87563,3.63339,3.22351,2.71561,4.6623
4.50861,2.16062,5.46913,4.46266,4.15074,5.7753,2.10471,5.08953,2.44254,5.17818
2.9966,4.82538,3.12478,4.82763,3.72171,3.00926,2.9823,1.42107,2.60768,2.84061
4.8349,2.89581,3.36801,3.41455,3.69599,6.26524,2.90451,3.323,2.9135,4.0511
4.53624,4.06696,3.78728,5.57942,4.86883,3.90663,4.24485,4.69674,5.0498,3.81394
4.00822,3.83036,4.84959,2.17256,2.61082,4.15871,5.93681,4.62947,5.59455,3.7531
3.70896,4.15894,5.55945,2.2697,5.52363,3.25199,4.24095,2.7284,3.54948,5.51842
4.31816,3.73095,5.40982,2.6493,2.40694,4.83857,4.74261,5.25209,4.68891,4.73658
4.70755,3.78671,2.45987,4.87665,4.84455,3.18883,2.73173,5.06108,6.01131,4.50408
3.42911,4.67156,4.53451,2.90897,2.73144,5.52918,3.34555,4.87366,4.90797,3.43607
2.37144,3.84452,3.0643,4.39034,4.11465,3.4261,4.70828,3.14009,5.35711,4.24468
5.23092,3.51918,3.68767,2.95102,3.81892,3.98526,3.42524,3.98213,3.42074,5.50077
5.05187,4.47247,4.20722,4.91855,3.52184,3.10709,3.4472,3.17326,4.45295,3.26368
5.21779,4.01265,2.75836,5.03744,3.14659,3.96888,3.28859,3.75639,2.0789,4.61725
4.72495,3.06598,4.47793,3.39568,3.52707,4.8468,4.99251,5.07005,3.48131,4.24092
2.36985,4.9219,4.54572,3.96931,4.07741,3.44234,3.77623,3.77294,3.14312,2.62624
3.48988,2.88016,4.86415,3.91147,3.86243,4.40894,3.84822,5.481,3.84161,4.12478
3.18267,3.24514,4.90551,3.33009,3.33932,3.26542,2.25293,3.97339,3.38875,1.65159
4.59885,1.92322,2.99178,3.80935,3.97653,2.65231,4.90034,3.45177,5.84961,3.5137
3.14255,4.10788,3.57693,4.40695,4.39098,3.09659,3.84701,5.75621,3.40894,2.66271
5.88022,5.90908,3.81031,3.23777,3.9583,4.01223,3.34153,2.55468,3.66569,4.06367
4.92863,3.29589,3.90041,3.41104,5.34329,2.17209,6.31222,3.4468,1.61653,3.33577
4.15742,3.9257,4.45709,3.63195,3.1881,3.6629,2.33375,2.35306,2.77024,4.74491
6.63676,3.36069,3.36208,5.28257,4.95134,3.19903,3.6356,2.33648,2.33078,4.64764
4.48809,1.84265,2.72197,3.5518,3.51088,5.52553,4.10263,3.10277,3.23178,4.5645
2.76991,4.87783,1.79007,4.75388,2.0804,1.77745,4.24741,4.5494,5.07594,5.39933
3.77978,4.8689,4.75542,4.5164,3.60287,4.57908,5.82957,5.99855,3.87879,4.65307
3.59835,3.5076,2.88303,5.07135,6.35047,5.32685,4.75959,3.53801,2.64641,3.70833
4.74659,3.7428,4.38999,3.53724,3.86877,4.02232,3.64218,3.90716,6.02342,5.03001
4.39142,3.20737,3.68757,4.23425,2.08364,2.25008,3.84465,3.56524,5.39894,3.92132
2.21486,3.80338,4.35164,5.23859,3.29215,3.81092,3.61351,3.55441,4.16053,5.362
3.63965,4.93975,4.05624,4.45447,3.38521,4.42092,5.11624,3.99166,3.37873,4.6755
4.47883,4.12711,4.37432,4.0381,3.196,4.25858,3.91078,3.53056,4.40549,2.28437
3.97467,3.38932,4.11211,4.88449,2.95941,3.40123,4.95002,5.77699,6.72231,1.81793
3.38817,4.33902,3.47101,2.94602,3.96348,5.05515,3.40978,3.17346,3.76199,4.57375
3.7228,3.47034,3.48789,3.97269,3.51914,4.40885,1.8784,2.71768,4.4903,4.00242
3.71778,3.99697,5.3322,4.22942,5.77077,2.61012,3.49098,4.24005,4.76485,4.62358
5.93881,1.52974,3.74431,3.43527,1.65736,4.35036,4.15976,2.55569,4.23218,5.0774
4.74898,3.3186,2.99001,5.46911,4.76835,5.20997,4.58267,4.87872,5.37951,3.22559
3.95709,4.027,2.92896,3.2514,3.25594,4.23593,6.1971,4.98283,4.80622,2.17664
4.92958,3.5984,5.74846,4.98314,2.9692,5.87793,4.6941,2.01985,3.4345,3.23622
5.11771,5.26949,2.81295,3.30369,4.46228,4.79381,4.08139,5.11792,4.38251,3.93789
4.50119,4.3359,4.74376,4.66862,2.56091,3.56839,2.99782,2.2137,3.00239,0.919968
4.47717,4.59955,5.83917,3.79108,4.07632,3.82424,4.80747,3.08352,3.50239,4.37475
3.41752,5.00958,4.2006,2.88896,5.43416,3.27571,4.41326,4.43328,3.81345,5.55716
3.84081,4.39877,5.32479,2.99521,3.18321,4.11833,3.30774,4.16796,3.99354,3.13502
4.11159,3.0579,1.7184,4.64831,5.3972,4.42884,3.27862,4.8835,3.04366,5.02499
2.97304,4.24738,5.5985,6.46598,4.37172,3.47093,4.19208,5.28671,2.60672,6.08766
4.5385,2.55562,3.05214,2.91459,4.47323,4.98456,3.20367,3.07935,3.08446,4.31477
3.72903,4.11037,2.91044,3.83551,5.02333,3.23405,6.53256,4.17788,4.43848,4.1662
2.44913,3.72309,4.45785,4.34527,2.62649,3.65426,4.17892,4.19516,2.52185,4.29115
3.75549,3.66778,3.43056,4.9808,2.93032,3.80721,4.48189,2.23243,4.89405,4.64395
4.23934,4.49224,3.43806,3.32626,4.37537,4.20152,2.7736,2.81698,1.78573,4.72512
3.90943,3.12378,3.21416,4.08207,4.20538,3.91309,4.46043,2.64584,3.48429,4.31781
2.48656,5.08409,2.68,6.01659,3.00466,4.08207,3.99578,2.91316,2.97067,3.68275
4.62005,3.48759,3.47596,4.52344,2.53733,5.35675,2.41143,3.4994,5.72264,4.69553
3.33127,2.91966,4.8218,6.49663,3.73827,3.70915,6.10183,4.37234,4.41943,5.01704
3.87678,4.07788,5.94932,3.57807,3.10326,4.53069,3.97406,5.24498,4.13925,4.19625
3.59003,3.76541,2.61527,4.28531,4.64925,1.37268,4.9851,3.71205,5.01858,3.63308
4.20272,3.10799,3.39631,3.47816,4.74897,4.89028,3.47952,3.68391,3.23463,2.38978
4.69444,2.99899,5.58363,2.9405,2.83216,3.55268,4.51355,3.37559,4.91509,4.13801
6.67502,4.109,3.91215,3.37171,2.99492,4.19367,4.75816,4.58122,2.3974,2.54127
5.0712,4.95959,4.8426,4.39304,4.68963,4.09559,6.51021,3.40748,5.08621,3.19926
3.56952,4.33565,2.73777,3.13676,3.58726,2.64856,4.28237,3.19902,3.65572,4.86179
3.78175,3.97838,3.3413,5.62136,4.78612,2.76788,3.72934,3.40152,3.69565,5.90156
3.3313,5.63575,3.35917,0.398889,3.67294,2.76898,5.70094,4.64444,1.82923,4.32531
2.76611,5.19203,5.0264,4.76654,3.73687,3.58868,4.2775,3.25241,2.71798,3.36831
7.03494,4.1644,4.78471,4.64305,4.08577,4.52137,6.64724,4.33373,5.33754,3.99825
4.43703,4.46557,5.79691,5.78285,4.41169,4.28776,2.34996,3.79032,3.15185,5.32145
3.43708,4.95372,1.97433,5.48131,4.59594,1.30297,3.43439,4.31142,4.35458,2.0525
3.88176,3.16431,6.27395,3.37331,5.16628,2.41063,3.65964,3.46235,3.49874,2.66691
3.55207,3.67392,4.00583,5.07587,4.49037,4.86891,4.02393,5.17433,3.70632,5.45587
5.22494,2.78389,4.58217,6.67002,3.42688,4.42404,3.25255,4.77161,3.66691,4.74407
2.53859,3.98087,5.16591,5.05702,3.92697,3.59098,3.93021,3.79111,3.09104,3.4927
5.13198,3.26721,4.37743,4.46795,2.04575,2.19065,3.36932,5.12752,2.7999,4.15659
3.79654,4.70652,2.44307,4.29781,3.02564,3.23508,3.91741,3.01253,2.38409,3.44368
3.65264,2.65458,2.94116,3.80057,2.99729,4.70019,5.1197,5.31532,3.60614,6.04878
4.75407,3.73733,4.60082,5.67284,4.75806,4.05069,3.3281,6.74026,4.56367,4.17364
4.69352,2.25197,5.72108,3.31619,4.41875,3.85885,3.68023,5.45977,2.62283,3.46019
4.70773,3.05939,4.12523,3.63143,2.86683,4.39639,2.98621,4.89183,2.74429,3.97407
4.68363,4.2989,4.61775,4.29717,5.65469,3.68566,4.78542,1.92372,2.39921,3.64716
4.44889,4.30437,5.66611,4.47639,4.9423,5.74809,2.48123,3.7325,3.01307,3.10012
4.61091,3.22115,3.84704,4.05012,4.24933,4.5891,5.45807,2.34864,3.79274,3.49178
3.88136,4.54616,4.7588,5.96587,3.29288,2.38382,3.33072,4.122,5.53278,5.05857
5.17404,3.80749,4.72952,3.95381,3.90649,3.31129,3.56902,4.49502,3.65717,3.14179
5.25664,3.77868,4.63342,5.01495,3.84537,2.99913,4.27858,5.176,4.30622,2.33898
4.19049,4.1246,3.17846,3.81459,5.71831,3.29205,3.88679,4.30327,4.12951,4.49888
3.5543,3.90568,3.06682,3.09717,4.05387,6.36836,4.5413,4.38079,3.93868,3.2043
1.46848,3.97006,3.47448,5.30452,4.23344,4.03889,5.98127,3.80964,3.19048,5.98342
4.62167,2.80181,3.90535,3.88849,3.31534,4.4504,5.33223,4.03135,4.79012,5.56999
4.52724,4.35278,4.00898,5.74519,4.85992,6.0273,3.84859,3.45435,3.84792,3.93964
5.9649,4.5491,3.65349,5.0453,4.98291,3.8211,2.4218,3.10385,3.91704,2.45001
3.81261,4.59993,4.61241,4.80527,6.44798,4.96116,3.40592,3.27794,2.54942,4.67049
3.49495,4.40617,3.97448,2.98944,3.38802,2.33795,4.2286,4.56878,4.04515,2.40852
4.27293,3.93662,3.85373,4.41308,2.98288,4.90792,3.63433,3.53454,5.30687,2.04466
3.04378,4.00983,3.9415,4.35649,3.93649,4.08662,4.53102,3.09381,3.56267,4.31605
5.41803,4.90182,5.13703,3.33894,3.43228,2.69812,5.52121,3.72019,4.01111,4.76504
4.43203,4.80725,4.51146,4.70877,2.26135,5.46579,2.64864,4.14558,2.41021,4.65147
3.77665,4.53526,3.68446,5.43284,6.69721,3.96765,2.49476,4.32146,5.21895,4.39021
5.17543,6.75101,4.48736,5.9353,2.16396,2.71494,3.50594,3.55418,6.68169,4.57026
3.01894,4.02385,4.92305,4.31586,3.77799,4.99387,6.51061,4.52262,3.87206,4.69927
4.62276,4.13138,4.75454,4.51826,3.66816,3.40745,3.94628,3.9178,2.98861,4.70684
4.27758,4.01035,5.59509,4.90815,4.09627,5.08973,3.7464,4.18122,4.11884,4.51522
4.35213,5.99522,4.55684,4.48104,5.12439,4.52518,4.44268,3.21213,6.07793,2.78154
4.24757,3.91266,4.6361,4.25567,4.99792,5.0515,3.52034,4.21235,3.87114,4.35418
3.87834,4.54135,3.13779,3.9992,4.22305,3.72884,2.31373,4.4216,4.11271,3.4979
5.40567,5.6412,5.36791,2.58524,4.4774,3.17507,3.45349,3.21022,5.17813,3.14357
4.21012,4.58224,6.55178,4.12865,4.46486,4.79117,2.97106,3.9731,3.71565,4.08952
4.76313,4.9725,4.2768,4.10028,2.97377,4.76619,3.33033,3.06804,4.29178,4.85186
2.88132,6.03588,4.09247,5.11904,3.36064,6.02011,3.54016,3.91019,3.02112,4.58101
4.8459,3.14546,2.81606,3.16112,2.7224,4.57447,3.49409,3.28947,4.44971,6.61121
3.85046,4.3603,3.99688,3.36018,4.93529,5.79587,3.95514,4.93863,3.46928,5.17055
4.98671,3.81681,4.58822,3.1251,3.4879,4.10708,3.52458,5.29518,3.7783,4.61153
4.77598,5.2739,3.00022,3.20413,3.85332,4.22444,3.51915,4.28553,3.41108,2.77197
4.54939,5.35586,5.18497,5.70973,4.56674,3.78187,4.35424,3.61487,2.52046,4.4857
3.97334,4.99032,3.31742,4.75754,5.4045,4.06205,2.48267,3.27675,3.89431,4.84489
4.48109,4.22279,4.36415,2.70605,6.92317,4.0064,5.122,3.64905,4.69892,5.24372
3.59323,2.61945,1.58323,4.27858,4.15074,4.43719,3.68679,3.84101,2.31892,2.08342
5.59319,2.56556,3.92709,3.34217,3.82019,4.6146,4.6791,3.18201,4.59234,4.58808
4.97619,3.30869,3.15463,3.77679,2.95985,4.14823,3.14708,2.346,4.60094,4.36197
4.83601,3.16554,3.51714,4.70145,3.77819,4.09352,0.965756,2.87832,3.7997,3.42081
2.87636,2.87799,4.09582,3.68181,4.85696,4.21678,2.80421,4.53876,3.22665,3.63889
5.44359,2.73418,2.64428,4.81248,3.255,3.97442,6.92263,3.81803,3.63442,2.42885
3.5188,0.133947,3.52514,4.5629,4.07955,5.61773,4.75458,2.85007,4.3309,4.64912
4.29556,3.62105,4.66908,5.04498,3.8682,2.0445,5.60906,4.17152,4.51447,2.59246
5.07677,2.9952,4.56685,3.56425,3.55921,3.98806,6.16834,4.41194,5.88363,3.47529
3.54892,5.13878,2.41076,4.17656,3.82404,4.28904,5.96153,3.99589,5.28895,3.32973
2.73938,5.33137,4.61809,3.58677,4.33081,3.25318,4.2134,5.80677,2.76025,4.15443
4.05858,5.16538,2.47176,3.0462,3.64365,3.93082,3.41782,5.35246,5.64787,4.12181
5.22256,2.82214,3.95238,2.77387,4.01686,4.33689,4.46701,4.51406,1.72888,4.86194
3.41496,3.37324,3.53931,4.57868,4.85321,3.96532,5.32735,3.96772,4.73098,3.62257
3.45189,4.00061,5.22684,5.45632,3.91308,4.38897,3.47161,4.0374,2.68039,1.69148
3.37835,3.11821,3.77956,4.03268,3.80156,5.43663,2.35099,4.07655,3.76534,4.78016
3.01249,4.89576,5.66553,2.00866,4.90369,4.07311,4.27832,4.67129,2.74967,3.86671
3.84119,4.71975,4.73584,1.9007,6.30707,4.66743,2.9467,3.71575,4.67687,3.58878
3.70558,2.94418,3.36192,3.99121,3.95579,3.81362,2.15378,4.60858,4.39278,3.69418
2.93975,3.13951,2.73983,3.3469,4.3663,3.08664,4.16,4.79472,3.48406,3.36241
2.25668,4.59029,4.02636,3.73501,3.92469,3.28876,3.0367,2.7925,3.48942,2.63288
4.63945,6.1589,4.08159,2.50924,3.60743,4.38774,2.71052,3.96708,6.34763,4.27014
4.21206,4.35563,3.90292,4.32562,1.21394,3.77098,4.178,2.6988,4.41658,2.54364
5.80515,5.71218,5.00739,3.89505,3.6988,4.47786,2.42452,5.98147,3.28829,5.5514
5.3223,3.50078,4.13948,4.42273,3.74995,4.63207,2.52141,4.69362,4.5252,3.51914
4.2636,4.51913,4.01142,4.33645,3.30454,6.34914,5.46947,2.67679,3.74065,3.91969
3.95567,4.80219,4.71865,4.6269,2.67755,3.32514,3.68616,4.82012,4.40033,3.17141
3.99387,3.98572,5.93619,3.76519,5.35396,4.21065,3.22207,3.74404,3.4025,3.04576
5.39868,3.40315,3.68946,5.08776,3.39562,2.18149,3.38815,4.80312,5.98007,4.22387
3.98933,5.43877,3.61119,3.82689,3.66447,4.15679,7.00672,6.24547,4.8476,4.37118
3.57955,4.20487,5.40731,4.18724,4.69921,4.78871,5.35121,4.42897,4.31029,3.76735
3.82455,2.51589,3.3576,5.78791,2.9458,4.65702,5.04784,3.75628,4.51097,2.552
6.53871,2.2127,4.73816,5.37719,4.98604,5.1561,3.3693,5.78287,4.90409,3.91113
3.18499,4.91868,4.09104,4.10103,4.73538,3.56092,2.45494,2.80435,3.86316,3.49677
1.99199,4.5316,2.01118,4.76519,3.47063,2.60176,2.83043,4.63621,3.77852,2.13821
5.24937,3.34833,3.39062,4.13719,4.68499,4.67475,3.78427,3.84567,2.41204,4.47581
2.89615,1.79907,4.02068,3.17912,3.13282,4.0901,5.41862,4.0326,4.00003,3.1888
3.33534,5.55648,3.97155,3.87643,2.45953,3.7868,4.74028,5.6851,5.24176,3.81011
3.93903,4.53758,3.18142,4.31499,4.15704,3.47099,2.89509,2.32741,6.99804,5.82425
4.92349,5.8538,3.14552,3.17812,4.89138,2.19756,2.07969,2.95463,3.60599,5.0495
2.4977,2.7121,5.81122,4.98971,4.77588,3.89725,3.49912,3.4698,3.15825,2.66207
4.17292,3.06153,2.09481,2.62412,3.0804,4.10564,4.78274,4.33108,4.41844,3.6333
6.04657,4.49673,2.30925,5.10199,3.43409,3.43885,4.36528,1.88771,4.06457,2.55303
4.31557,4.05686,3.94736,4.06364,3.85193,3.52589,4.43358,5.50136,2.35065,4.6063
4.66499,3.91027,5.71573,6.28298,3.95751,3.41333,4.84851,4.04045,5.29844,6.16863
4.30629,3.74473,4.21477,2.35223,5.77734,5.60305,4.90685,3.3213,1.63107,2.06983
2.97271,4.04786,4.33113,5.83908,5.35983,4.83512,2.51954,4.00038,4.63799,5.44622
5.54595,4.29693,3.06338,3.31087,2.55498,2.23639,5.12054,4.27808,4.03907,4.74207
3.98079,3.67739,2.80051,3.81645,4.45431,5.03016,3.75797,3.33604,5.37656,3.19511
3.94782,6.12109,4.3528,3.32432,5.17145,4.74961,3.09569,5.11784,3.80927,4.29542
3.36787,4.58721,2.3665,3.62626,3.63262,4.54544,3.35446,5.31675,4.56663,4.56017
4.23977,4.32336,4.3567,4.04538,4.24237,3.01565,5.51493,3.9869,5.89722,5.60337
4.36439,4.3205,3.19935,4.68761,4.40701,4.48721,1.6998,3.88886,5.00352,3.93705
4.99461,3.91405,4.32841,3.14692,3.07229,2.43534,4.08456,2.97696,3.99434,4.78833
2.84297,3.15541,5.23151,2.30376,3.92188,3.8044,5.63731,3.10859,3.91566,2.55902
3.88054,5.54066,5.52164,5.33366,2.5595,3.75115,4.34187,4.41093,3.81716,5.35826
4.09334,4.26071,3.30881,4.22932,2.57995,3.41476,4.09364,5.23678,4.07756,2.96937
4.42292,3.6633,2.63743,4.06862,4.14643,3.98955,2.88213,4.0052,3.29674,4.4533
3.8047,4.44573,4.38212,5.76091,5.40841,3.57532,6.06836,4.70512,1.5133,3.93195
3.30451,5.12773,4.77639,2.24326,3.98712,4.1505,4.78671,3.21639,7.5191,2.0367
3.87494,6.09901,6.89544,3.57257,3.63721,4.23703,3.89844,4.13297,5.62815,2.28517
4.67078,1.72413,2.78079,5.20257,5.71219,1.61224,5.32884,3.78647,3.42988,4.35318
3.83269,3.99922,4.13915,3.7751,3.51527,3.7095,4.02602,4.46321,5.63693,5.12275
4.55893,3.1816,3.00444,2.01995,3.88944,4.27175,3.80372,4.95006,2.18668,2.76144
3.78513,2.52729,3.63056,4.2059,4.29305,4.74617,2.98082,3.30618,4.73234,2.91205
3.01631,2.6227,4.33461,3.49844,5.66344,5.27932,2.92304,3.19187,4.76092,4.73933
4.76858,5.11942,4.77389,5.79865,3.65491,3.10952,6.00883,4.38048,2.91574,4.83574
2.55109,3.8109,4.40425,3.76731,5.63246,3.36042,2.44674,4.47637,4.48968,5.03904
5.31291,5.43382,4.83814,4.91948,5.10074,4.08917,4.44139,3.83134,2.93596,4.66459
4.85112,3.65014,2.29056,4.36968,3.30296,4.23073,4.47,3.93458,4.55015,2.68207
4.70867,2.53551,3.96454,4.30163,4.90018,2.08443,3.47332,5.21852,3.14524,3.76455
4.79711,4.15845,4.19391,3.16318,5.06621,4.69802,3.78997,3.89601,4.5473,3.34818
3.46616,2.72617,5.02041,2.69401,5.01471,3.81414,4.13124,2.63218,4.407,3.25333
4.06012,4.05516,6.03505,3.42876,5.71162,3.9237,4.74284,4.07537,4.11608,3.77907
4.96822,3.99941,4.9088,4.05841,3.61,3.46719,4.95525,4.91744,5.89161,2.26499
4.31015,2.73341,4.30891,3.67601,2.59916,4.79206,1.86184,3.97438,3.46043,6.07267
3.59906,5.53985,4.23619,3.96092,3.01288,4.30165,3.16117,2.65374,4.5077,4.28142
3.61208,3.89402,2.46573,3.49161,2.8235,4.4546,4.32211,4.77828,4.09175,4.35639
4.49088,2.54096,3.43513,5.31412,4.39708,4.8202,3.23345,4.26624,2.65198,4.84166
3.83185,2.38531,4.40495,3.82774,5.38847,3.89066,3.60653,2.39895,5.74937,4.9589
5.44212,5.41354,3.77334,2.88734,4.49461,1.33591,4.64306,4.42245,4.7152,3.03789
4.25427,2.66746,3.69972,3.12797,5.26047,3.69893,3.20907,4.33954,3.91796,2.5402
4.47145,4.89849,5.1367,4.41371,4.66582,2.73547,5.01077,3.91953,3.5966,4.10152
3.51885,4.45347,4.68905,4.27107,3.55414,5.44097,3.32454,3.27297,4.40505,4.01425
2.81783,3.86146,4.2125,5.11387,2.7536,3.92683,4.56361,4.48048,4.55124,4.23687
4.74387,4.64566,4.77547,4.77909,3.83217,5.00868,3.80239,3.99141,5.33323,3.26077
5.46916,4.18805,2.85484,4.93992,4.39307,2.57866,5.82072,3.96922,1.89292,2.31337
3.63093,3.94598,3.8149,3.75098,4.84591,4.22118,4.67794,1.55871,3.83176,3.09005
3.22672,5.15939,5.82717,4.72045,5.61029,5.02671,4.50282,3.57362,3.41771,2.57594
6.27666,3.97925,6.41977,5.12863,5.83186,3.04425,5.0739,3.95515,3.27635,4.37547
4.07044,4.42185,4.82516,2.35872,4.15883,3.45376,3.93748,3.21375,3.62466,4.24115
4.23505,3.09318,4.73012,4.88842,2.22341,6.24852,4.36473,5.78394,3.10229,3.22833
4.88577,3.8646,3.13282,3.94892,3.07067,4.39611,4.8383,5.5611,3.39075,4.25863
1.97392,4.35513,3.73866,4.92628,3.74595,3.83559,4.9796,3.56097,4.42172,4.59905
4.20812,4.84618,3.56398,3.35039,5.41002,2.17742,3.52123,4.52786,4.17149,5.20579
4.72533,6.40845,2.80892,3.49909,3.57796,3.62498,3.09532,3.49126,4.65061,2.98404
4.01433,4.88146,5.03251,3.91462,3.97045,2.43313,4.27047,5.67049,3.94915,1.98637
6.20361,3.67528,3.85532,3.71161,3.65254,3.20212,5.52118,3.74648,5.52728,3.97299
3.13738,3.76298,4.91477,3.75864,2.35838,4.20149,4.58316,2.77764,3.10939,3.98407
4.18314,3.49427,3.51681,3.37781,4.6264,3.13416,3.19251,3.94739,3.24392,3.88852
3.46106,3.7232,6.10091,3.75354,3.75324,3.6275,3.03205,4.85284,5.8059,1.43611
2.91046,2.83205,5.77321,3.44647,3.31892,3.46324,2.73728,2.41797,3.86394,4.83544
3.76595,4.96975,5.87393,5.09231,2.87653,5.40826,3.96502,3.95968,3.04087,3.94711
3.81356,6.11489,3.73381,4.65501,5.30257,4.03598,3.7371,3.93884,4.50698,1.11858
6.37604,4.00847,4.01853,4.44211,4.09489,4.58213,2.34726,2.91885,6.35346,5.7235
3.90026,4.08601,2.97428,5.04772,3.84572,5.49763,3.29101,3.9824,4.21898,6.73358
6.72197,6.87848,4.70643,2.94339,3.11317,3.76273,4.28811,3.53918,4.45941,3.21405
4.45884,3.52471,3.23981,3.65604,3.23002,4.97893,3.93685,4.98505,5.26723,2.91055
3.38673,3.98622,4.07302,2.73122,3.21225,5.48929,4.38567,3.63498,4.38483,2.87677
3.06389,2.52613,4.58116,4.41447,3.738,3.24616,3.24621,5.00798,4.13248,3.86021
2.63409,4.30842,5.80114,4.7295,3.69638,5.31728,4.53947,5.11647,3.80468,3.50386
4.15502,2.63144,5.23303,2.86872,2.3542,3.79041,3.94506,2.80959,6.00801,4.52424
4.30274,3.47147,2.68291,3.46655,3.03829,3.56054,3.84221,3.74061,2.84567,3.4052
4.5057,3.38291,4.25766,5.7522,4.78578,4.72895,3.46248,5.16154,3.01236,4.8074
2.95025,3.50928,4.65252,4.46914,4.64584,6.10426,3.32409,3.65214,3.37028,4.93557
3.67933,1.56675,5.43427,6.02672,4.35084,4.32282,3.48202,3.34473,4.88999,3.50018
5.17967,2.5047,5.98973,4.82319,3.88511,4.07217,4.06084,3.2776,3.53677,6.03952
4.63024,4.21456,5.12224,4.8135,4.27448,3.79745,2.32112,3.64496,4.07422,4.54617
4.64728,2.67448,5.37789,3.41635,3.84013,5.3442,4.31237,2.49014,3.42055,4.16932
2.33639,2.7832,3.04333,3.54785,2.78626,4.13142,3.52567,3.82292,2.80243,3.38198
2.92394,2.97313,4.71344,4.0982,3.12629,4.73846,3.09347,3.17458,4.35493,3.18258
3.93523,3.85642,4.76354,4.07386,4.06533,4.35258,4.24568,4.91161,6.39797,3.79851
2.58929,4.11607,3.19516,3.91337,2.05222,3.11545,3.33711,4.44291,2.77159,2.88981
1.90803,5.37956,4.87651,5.38862,3.26226,4.49689,6.08066,4.99179,4.35102,5.22369
4.7436,3.5124,4.60198,4.49306,3.41499,3.58207,3.68377,2.98132,4.9842,4.14265
3.24659,2.89206,2.72651,2.79594,3.68382,3.82476,2.82268,3.79923,3.95461,3.91509
4.39457,4.29558,4.94598,5.29727,2.12884,5.38938,3.58548,3.65432,5.31291,4.62992
2.36508,3.92745,3.80236,5.0977,2.53868,3.01282,4.01007,3.92958,3.50813,3.70336
3.8115,3.39966,3.28877,4.49002,3.88783,3.48298,4.9141,3.00402,4.77651,5.59973
5.94325,3.06544,2.66745,1.80839,4.55583,3.17149,3.4392,4.01925,6.16152,3.37473
5.82209,5.06785,4.5936,3.95753,4.38915,4.08095,4.7391,5.52993,2.63383,3.34514
2.59698,3.35121,4.20466,5.24719,3.29653,4.33889,3.39549,5.56668,4.13169,5.07154
4.17124,3.73509,3.21701,4.67459,4.73077,3.58463,4.5404,3.61533,4.79297,5.27546
4.61562,4.01596,2.51827,2.91591,5.35762,4.5724,4.04367,3.10395,4.28957,3.91756
4.01424,4.20462,2.84247,4.34069,4.25824,3.51045,4.98741,3.01366,3.25955,4.08493
3.28781,4.2193,3.9958,1.91821,3.77762,4.01226,2.71258,5.36118,4.19133,4.02828
5.0969,4.8147,4.5186,4.98618,3.96506,2.92527,4.59093,3.61972,4.82006,6.17533
5.58714,2.26628,4.98692,3.15231,3.49343,5.09436,2.85587,4.16732,2.80246,3.10169
2.37751,4.17901,2.92151,4.60967,3.80154,4.15271,3.97309,4.01163,3.29291,4.70147
3.26333,5.62225,4.30974,4.2779,3.47664,3.43737,4.75197,4.48534,2.79964,1.98398
5.48557,3.42092,6.11523,3.0792,4.1122,2.18645,2.26252,4.04745,2.49607,3.77752
5.82428,3.87214,3.5534,1.9441,3.46375,5.0214,4.64001,3.21644,5.89293,4.703
3.64375,3.33043,5.7187,3.5193,4.87778,5.35774,4.55,4.06729,5.1442,3.7995
4.68062,3.16166,4.78254,4.33819,3.27612,4.33446,2.83731,4.53513,5.00039,4.04245
4.55504,3.03881,4.30812,2.76918,5.43438,4.95988,4.13677,3.55106,3.98347,4.21387
3.48549,1.88498,4.26268,3.57207,3.97559,2.89487,5.90575,6.10135,3.13688,3.0053
4.26091,3.15818,5.55634,3.31763,3.29706,5.84915,4.33045,4.24337,5.34846,3.96322
3.57188,4.20303,5.12211,5.1242,4.94605,4.41615,2.72628,4.894,3.15661,4.59327
4.35132,3.59463,1.64704,3.67205,4.80843,4.0713,4.76412,2.9481,3.30636,4.38751
4.87399,3.81876,2.99924,2.87741,3.13353,3.70715,5.03686,2.77545,3.02191,3.71628
2.80633,4.10105,4.48471,5.80178,4.57076,3.38387,4.90462,5.4381,3.54852,2.81679
2.25749,2.77451,3.41541,3.8345,3.76448,4.11687,4.26689,5.58642,3.61497,3.98237
5.93071,4.97058,3.62505,3.36091,5.9914,4.98006,2.61253,2.66107,3.52188,1.77018
6.15126,1.72658,4.15878,3.7831,3.20802,4.29614,4.77122,4.43997,3.29691,2.92987
3.2999,4.2308,3.47355,3.57658,3.74393,4.34843,4.56365,5.03678,4.77341,5.37279
4.29299,4.95916,4.49768,3.80246,4.68483,3.97242,3.67624,5.6175,4.13068,4.00617
4.15067,3.04726,4.87128,2.29534,3.3876,3.48798,4.58584,4.1666,4.80899,3.87052
3.55942,2.98885,3.02003,3.99103,4.96478,4.14026,5.16419,2.02358,3.58357,4.99312
3.1865,4.82529,3.48014,5.35685,3.80285,3.86674,5.03159,5.91916,4.13325,3.96513
3.36262,4.91029,4.01777,4.43672,5.46843,3.69658,5.43499,3.42224,5.95976,5.42876
3.83876,2.34368,3.76467,3.48028,5.41482,3.3363,3.48814,4.89323,5.56199,3.80323
3.83305,2.87156,4.68713,4.08695,5.70234,2.12304,3.90082,4.63774,3.47962,3.42094
3.67529,3.98791,2.69093,4.78521,4.36106,3.63956,4.42443,3.85195,3.81239,4.31289
5.03461,3.58629,5.07227,3.76527,2.79752,3.31778,2.69861,5.24085,2.91116,4.64471
2.90383,3.90016,4.9184,3.78585,3.64651,4.58388,3.50863,3.21596,3.82007,4.74129
3.26984,4.42129,3.53804,2.33054,4.17126,3.72538,2.73579,4.48493,5.25396,1.45893
4.27617,3.49397,4.97747,4.39415,5.09448,3.5297,4.16299,2.29977,4.49263,4.11253
2.7464,3.89493,4.2789,3.6535,2.61739,4.23844,5.79688,4.55837,4.47244,5.43292
4.85106,3.46258,4.00828,3.04925,3.01748,3.70436,4.00298,3.21995,1.24437,4.1877
3.74933,3.63676,2.48046,2.99757,4.0486,3.69271,2.09459,3.9223,3.9824,4.04683
2.8729,3.81364,3.50708,4.2188,5.42231,3.08406,4.16564,5.25806,3.63958,5.09912
4.33408,2.92924,3.92416,3.46624,4.25323,6.71166,3.46937,5.11428,3.53923,4.988
6.18669,2.84715,4.99258,3.49575,4.46881,4.62156,3.83228,4.28304,5.05034,4.96704
6.27278,4.5867,5.63072,4.0917,4.52294,1.7893,5.40819,5.05629,4.60781,4.13427
2.88985,3.91522,4.21731,5.47233,3.42963,3.74738,2.63842,4.43276,3.49584,3.03367
5.52197,4.47977,3.47942,5.84577,4.88935,4.08978,4.7044,1.0566,4.38662,4.01102
5.86151,5.31505,2.92255,5.66062,3.72543,3.8946,4.19364,3.43426,3.88679,3.50641
3.54947,5.8093,6.65098,3.70992,2.87222,2.99296,4.97141,2.84884,3.57995,5.24058
4.31313,2.97873,5.05451,4.48188,4.3164,6.00012,1.78179,1.92722,3.37673,3.90683
3.7166,5.41284,4.23749,5.06371,2.65892,4.74624,3.82298,3.57432,2.74058,4.03516
4.02253,2.60076,5.87858,3.72719,2.88815,4.4703,3.35451,4.32181,4.68122,5.84466
3.00843,3.1251,2.63389,6.25149,2.87054,2.80455,4.78808,4.79412,3.83764,5.7699
3.59412,3.95265,2.46774,3.48055,4.01991,5.29476,2.54036,1.1925,5.24682,5.48883
6.00284,3.51637,3.27439,3.24084,3.85203,5.33354,3.92517,3.8943,5.38006,3.69238
4.0166,3.37077,3.36917,4.04103,4.41233,4.98929,4.22816,2.39815,4.90955,3.01775
4.43203,5.15032,3.88622,6.68169,5.39931,2.99379,2.50214,2.77023,3.17017,4.56164
3.72051,4.85639,3.78971,4.14912,6.56603,4.68295,3.57597,5.91642,2.48828,4.76436
4.17959,3.11963,4.5658,4.85732,3.86812,4.77038,3.46597,3.31136,4.58589,3.71265
3.31899,3.89466,3.37344,3.30649,2.85661,2.76922,3.17115,4.35647,5.06226,3.38288
4.87934,4.4603,3.06785,3.96168,3.73972,4.58719,4.00145,3.40874,3.88549,4.54986
4.64424,3.23872,4.98527,1.35985,4.11463,2.84389,3.61906,5.62671,5.81866,4.60395
3.30862,2.05739,4.19875,3.07164,3.91977,4.51877,1.89319,3.40556,4.03601,4.46038
5.07667,3.17644,3.73951,3.66563,2.45879,3.42752,5.41189,3.66498,3.55655,5.15912
4.3172,3.62656,2.1303,3.32364,4.36334,3.48501,4.13102,3.09627,2.54784,3.77723
1.46066,4.37552,6.46972,3.27261,2.76996,5.8306,4.367,3.79396,3.68964,3.49212
3.08756,2.52029,3.6138,3.82381,2.04514,3.92244,5.62025,4.78416,4.63542,5.41786
3.05104,2.81034,3.95956,4.95868,3.8449,4.84418,4.03415,2.87433,3.48768,3.15764
5.02859,3.90475,4.00957,5.07602,2.43894,3.99156,3.82172,2.12084,2.6543,3.85758
2.39734,3.4486,1.97032,3.53637,4.06711,2.2604,6.60369,5.27238,3.36652,3.51061
3.66028,4.39661,4.02553,5.33303,1.9029,5.65726,2.79661,5.01374,4.58189,2.59344
2.43675,5.77883,4.52861,3.14773,3.52023,6.02168,2.84242,4.80728,3.36453,4.57915
3.49425,3.47949,2.66648,4.36901,4.06394,4.2004,4.77237,4.74716,3.16141,3.64005
3.16712,3.29158,4.10207,3.3629,4.9775,3.62587,3.59745,3.73386,4.43825,3.38424
1.54947,5.52958,3.5158,2.89222,4.96427,5.42989,4.02681,2.7229,3.84772,4.25701
4.70029,3.9343,3.25202,3.45365,4.4077,4.92429,4.46431,5.39322,3.07163,2.58082
4.67955,4.37618,4.09366,3.02512,2.40651,5.08829,4.62109,4.22479,3.43939,5.38002
3.63385,3.27488,2.63661,3.0407,4.97046,3.24761,3.36431,2.74871,3.36666,5.17061
2.2304,4.41784,4.05908,4.62201,4.89618,4.7293,3.84869,3.61021,4.07487,5.45082
3.81252,2.93538,4.66492,4.28011,5.42429,4.48166,4.31466,5.01261,2.68961,3.09771
2.33017,3.25781,3.68949,2.88727,4.44512,5.0519,5.92842,4.57506,3.39772,4.30693
3.50109,3.19606,3.41361,5.56636,4.77934,3.6404,6.4265,4.57871,2.70623,2.74999
4.69645,2.44853,4.19282,3.30215,4.93261,5.33467,4.13706,3.58441,3.6475,4.04936
4.7892,2.73438,4.7418,3.12763,1.92564,3.34528,4.22801,4.14622,3.82641,5.32402
2.66932,4.52153,5.81517,2.48513,3.17805,3.45744,4.55157,3.27186,2.20215,4.30545
2.59518,4.45316,4.30284,3.6628,3.8835,2.9483,5.43331,4.56798,3.93911,0.862047
3.48887,2.68755,3.48577,3.50947,3.22199,4.62004,5.80805,4.2282,3.10965,3.90622
2.01114,4.96825,2.9816,4.14774,5.38004,4.18821,3.5356,2.1539,4.88761,5.00659
4.15279,4.67351,4.84458,5.47646,5.43148,4.77027,2.74155,4.16737,4.18018,3.62541
4.71968,3.3487,3.73735,2.28323,4.44034,3.95302,4.81457,4.09629,4.05531,4.73726
2.31322,4.47117,3.998,3.20012,4.20458,5.09552,5.33836,5.16804,5.14543,3.56605
5.30814,5.4699,3.16389,5.67809,4.50778,5.28129,3.02973,4.66633,2.77578,3.38892
3.86983,2.49529,4.84879,3.81182,4.36445,4.31543,3.40172,4.10249,4.37353,2.58407
4.1543,3.1163,3.78381,4.65525,4.62158,4.94941,2.98539,3.23434,3.46949,0.979049
3.27102,3.24949,4.75153,3.00001,2.04862,3.01744,3.15191,3.36223,3.87273,3.76215
3.2346,2.71202,4.43191,2.93888,5.17589,6.20122,3.12797,4.08491,4.40113,5.40446
4.79135,3.64724,4.1473,3.94169,4.71446,4.13859,3.44576,3.10438,4.21243,3.84924
6.12225,3.02704,4.21633,4.12373,4.76412,4.15494,4.04969,5.14523,3.02966,4.85363
3.77482,2.0933,4.46893,4.22782,3.39758,4.98361,4.92518,4.55392,6.57634,4.01162
2.18417,3.67875,3.87151,3.39012,3.77766,4.60073,3.34094,4.19748,3.10492,4.16192
1.30284,4.70638,5.00735,3.90583,3.51915,4.75092,2.92598,3.43388,3.0274,4.64671
2.63177,3.77257,4.83652,4.00474,4.86628,5.32198,4.2016,3.27486,2.80727,4.4166
2.2503,3.23576,0.47899,3.68214,2.8672,3.13625,4.04395,4.1046,4.19894,1.40891
3.00877,3.46143,4.20091,4.7176,3.74465,4.78479,4.33576,4.60058,3.99785,2.1067
4.81768,4.10485,3.56722,4.15455,5.3689,4.35672,3.673,4.58977,5.44832,3.27494
5.15222,3.93775,4.41075,3.84488,4.63156,4.07842,3.77525,3.14391,2.76331,1.9537
4.13226,4.2131,3.30965,3.25374,5.0795,3.89506,5.01806,3.61264,4.61513,3.04297
3.6052,4.02084,4.10521,5.20739,3.5289,3.7699,4.49237,4.03175,4.33283,3.29127
3.72287,3.77626,4.03548,2.83326,4.29325,4.65485,4.84919,3.92222,6.11406,4.88556
4.99801,4.14207,4.49612,3.74106,4.85837,3.74533,5.19901,3.57336,5.33586,4.71773
4.18282,3.77757,3.8636,3.3934,3.85407,6.24253,2.19871,6.19145,3.87518,3.98859
2.79199,4.62235,3.87627,3.63584,3.65707,3.67114,4.38036,2.61152,4.30109,4.57441
3.96264,4.0863,3.66694,3.51206,5.52775,4.34716,5.42826,3.59344,4.40096,1.93338
4.40646,4.38308,2.79723,3.62166,4.29306,5.22522,4.10367,4.22169,3.61056,5.6441
2.66193,5.50835,4.33118,5.09769,4.2068,2.99387,4.06831,3.8113,5.87072,2.83836
4.57985,4.09734,3.3367,3.86531,4.79331,1.73259,4.56067,4.80813,5.47913,3.95836
4.07025,5.89929,5.02728,3.65933,3.56932,4.72016,5.1598,3.37105,3.12006,4.55245
4.44902,4.41864,4.73184,2.98154,3.06295,2.1699,4.0916,3.56703,4.67175,4.94327
4.67578,3.96298,5.00052,4.30814,4.74745,5.0846,2.41834,3.3116,3.28687,3.95116
3.95169,2.8425,4.5005,3.45749,3.89245,5.51419,4.26261,4.18555,5.0861,3.73165
5.14332,2.73054,5.44224,2.91593,5.0991,5.43527,3.52298,3.66517,4.20258,6.07209
3.19585,3.12385,5.26649,5.65021,6.52948,3.62398,4.2661,3.5681,3.17604,3.82559
4.39787,1.23811,5.13325,3.92373,4.04994,3.52751,3.1469,1.66171,2.94969,3.73614
3.56454,4.54115,4.32445,4.31296,3.3719,4.80267,3.2552,5.70249,5.44199,4.64721
3.74921,5.60738,3.40362,5.22477,3.14595,2.8935,5.49259,3.39945,4.07496,4.41399
3.13263,3.85955,4.44371,3.97677,2.66449,3.34022,4.63907,4.33094,3.3288,3.38822
4.55283,3.94111,3.20837,2.89031,3.40552,4.65166,4.01098,4.92245,4.38642,4.00502
5.23515,5.7327,3.38184,3.99707,4.55962,3.54603,5.28817,3.87791,2.9947,2.96535
5.53127,2.68646,3.68249,5.60484,4.98676,4.20113,2.93157,3.08809,4.21562,5.1058
4.41081,4.55462,3.40948,5.33102,4.57909,4.3999,4.00863,5.30576,2.21695,3.15703
5.38115,4.24975,4.55567,6.06208,3.4001,4.60616,4.22107,5.23533,5.52054,5.22008
4.2064,3.91936,4.12348,4.92253,4.01086,3.16146,5.95369,4.60062,3.40979,5.98897
4.10723,4.7309,4.61308,3.57107,4.55822,4.12845,4.32371,3.86659,5.7185,4.47821
3.76766,3.27002,2.47223,2.87896,3.49623,4.53183,3.60434,4.2483,5.97301,4.00749
3.54147,5.09898,4.65824,4.18088,3.61971,3.93243,3.77434,4.75912,5.34026,4.00615
3.40824,4.61008,3.86945,2.19554,3.66067,3.28867,4.47505,4.30862,4.30031,4.29657
4.32252,4.73244,3.39633,5.93605,2.65152,2.53117,5.84445,5.80136,4.53048,3.83974
5.365,3.5308,3.87777,3.45226,1.66133,4.70657,2.50692,1.70709,3.24872,2.53246
4.10249,4.38647,1.96119,2.89442,5.24544,2.97295,2.02457,6.15467,4.17267,4.86081
3.91645,1.92659,3.81013,4.13489,4.88627,3.03736,2.5869,3.75589,4.09988,4.50543
4.60934,3.34254,3.40273,4.62994,6.90483,4.21921,3.14943,4.35078,4.33148,3.39038
5.42426,4.39635,3.65255,4.60452,4.02454,4.15439,3.68931,5.75767,2.44107,3.99084
4.19509,4.28122,3.68681,4.73063,4.65719,3.85758,4.47968,4.30722,5.1256,2.81968
4.59935,3.85069,2.79092,2.10533,6.19921,2.90977,2.27363,4.24878,3.81528,3.43504
4.19378,4.60897,5.52298,3.45285,3.5789,2.70338,4.58534,3.02462,2.63797,3.37252
3.27996,4.26835,2.58288,4.3926,4.64051,3.0555,3.50375,2.69794,4.68154,2.12786
4.03071,5.37,4.13472,3.19201,4.06639,2.94993,4.14448,5.45415,4.64772,3.88149
3.55737,5.06173,1.62643,5.80004,4.23681,2.62593,3.39981,3.577,2.6206,5.15362
5.43999,2.25612,5.83266,3.8903,4.41906,3.82679,4.50829,4.28639,1.8699,2.56278
2.99831,4.99703,2.61527,2.79269,4.28403,4.06934,5.48649,4.80503,5.1843,5.28099
4.53046,3.14774,4.00633,4.71056,3.6346,4.62233,2.52265,3.27755,3.57101,2.64943
5.27768,3.40562,3.65778,4.0992,2.91382,4.5816,3.10308,5.1943,4.8223,5.28232
3.53638,4.64195,3.5677,4.6699,4.09842,4.13733,4.14426,5.20084,4.27242,4.10112
5.20502,2.40207,3.16437,4.32312,4.01665,4.98296,3.30293,4.2441,2.31265,3.79177
4.13965,3.88345,4.20073,3.86999,3.81326,5.33097,3.04077,3.30365,4.88302,4.73612
2.82248,2.90772,2.84377,3.88315,3.90105,5.19918,4.82658,4.96034,3.02216,3.9046
3.77224,4.35037,5.26217,3.28842,4.13397,3.89794,3.79897,3.88605,4.97163,3.51003
4.5718,3.86386,2.80036,4.01555,3.24081,5.61268,4.20949,3.08831,2.06635,5.40782
3.86282,5.13892,4.43303,7.32045,3.32743,1.63159,5.89432,3.42339,4.42055,5.10665
5.32906,3.22719,3.4191,3.48343,4.73578,4.49239,3.44458,4.20935,4.5344,4.18609
4.9554,5.02918,3.38337,3.74526,2.84002,2.74901,5.45245,4.62595,3.58698,5.32348
4.43056,3.47327,3.54768,4.17159,4.54232,3.12472,4.74472,3.1323,4.1399,3.56386
3.65316,3.56955,3.11483,3.47094,4.7255,4.02355,1.94063,3.67831,5.68053,4.51352
3.81084,4.37461,4.40673,6.23123,4.659,3.4503,3.67302,3.9646,2.70278,2.94517
4.18992,3.84979,4.83757,4.33876,3.76488,5.06735,4.29166,3.71913,4.08512,3.67432
3.12319,4.25696,2.1141,3.29772,4.50192,3.69685,5.75828,4.88236,3.90548,3.62969
4.46166,1.24821,2.60868,3.49616,3.01379,3.65199,3.60503,3.22605,5.34294,4.27337
4.99554,3.9382,4.47714,3.99714,2.64049,4.31735,4.44987,6.77655,4.4659,4.1367
5.09241,4.58426,3.76325,4.40862,3.78844,6.88784,4.88633,5.94478,4.3733,5.58251
4.26106,4.85438,3.36168,4.60905,5.53253,3.09969,4.04365,3.23809,4.446,4.3957
1.06005,5.09685,3.32629,1.62561,4.54026,3.09424,4.27573,2.24677,3.85486,1.98441
4.9898,4.48619,3.21141,2.4075,3.04922,3.47593,5.07082,4.67867,3.73497,3.2538
3.92096,3.46707,4.44587,2.51655,4.69279,2.06111,2.5866,4.96998,3.88522,2.70924
3.55509,4.322,4.90729,2.43653,3.50529,3.34898,3.80023,4.65193,2.70619,5.51129
3.63294,4.45517,3.82599,4.1709,5.14126,3.93303,3.58338,2.94296,3.5869,2.4546
2.05707,5.1634,3.96034,4.46308,5.084,1.98693,4.3767,2.76546,3.80564,3.98922
4.21403,3.69411,5.14639,5.29849,3.68248,5.21012,6.77398,1.96473,3.4181,4.31688
2.35519,4.47742,5.13004,3.76907,5.20892,2.69349,5.34712,2.98918,4.11374,2.98445
4.73485,1.94163,4.53093,4.86114,3.86725,3.04926,2.64674,1.94853,4.0131,4.61052
3.55455,3.29615,3.97515,3.38845,3.2326,1.88774,3.01427,4.08295,5.24056,4.80339
6.03483,4.95365,4.91181,2.55248,2.8611,4.60748,3.25049,5.35551,1.85488,3.5004
3.67072,3.73118,3.12275,4.13303,3.76043,4.12692,3.49708,4.72194,4.16203,4.59448
2.44402,2.90812,3.74729,4.81273,4.41639,4.1242,3.35782,2.71022,3.487,3.18584
4.73997,2.99143,3.99083,4.04285,3.52342,4.04154,5.47218,5.16788,4.65886,3.86363
4.9888,5.41512,3.58258,7.13946,5.24422,5.52603,1.17539,4.11048,4.57066,2.59243
3.43632,3.54462,4.62225,3.87949,3.91545,6.0145,4.42164,4.53879,4.29662,3.81394
4.14086,2.1879,3.58157,2.22974,3.02682,3.85337,2.97467,1.60123,3.09739,3.91475
4.82656,4.484,4.24262,3.46262,3.36638,5.73527,4.01506,3.49071,2.79608,3.34982
2.8647,4.89091,3.19877,3.51796,5.06442,4.38934,4.07337,3.80911,4.2267,3.5313
4.5871,4.46935,4.88213,3.25595,3.79118,4.11583,3.81504,5.02017,3.93171,4.16542
3.17347,3.32054,2.55083,4.58096,4.81837,2.37835,4.90188,2.96814,4.29804,5.168
2.73863,3.0327,4.28751,4.83271,5.3906,4.90699,5.9709,2.5783,4.69798,4.43744
3.47056,3.14137,2.63549,3.04663,4.04278,3.11687,5.06447,4.00792,5.00112,5.17984
2.94472,3.17567,5.24145,4.11796,4.7155,4.48808,2.29611,4.81556,5.57285,4.15277
3.28368,2.87779,4.62202,3.95852,4.15212,4.32778,4.10741,4.86817,5.01244,5.09699
3.10664,5.09317,4.7643,4.92495,2.18639,5.27933,3.7696,4.92139,3.4059,2.9824
4.41816,4.15654,3.44826,3.46172,2.8627,2.96689,3.77245,4.49334,3.89938,4.7117
4.63232,4.12625,4.257,4.94197,1.49451,3.67358,4.55875,4.73782,2.88426,3.94688
4.44163,4.43935,4.00324,5.34656,5.15282,5.2609,3.31298,1.61901,4.7687,2.19344
3.25426,3.06572,3.18933,4.2776,3.42312,4.43636,2.61098,5.3138,3.22057,5.03749
5.49186,4.68634,3.10389,4.36829,3.0707,3.85136,4.69138,4.23918,3.75871,4.81784
4.30905,4.04409,3.48939,2.83506,4.07344,5.64261,3.076,4.69935,3.84007,6.2942
3.39217,3.8491,3.12138,6.30736,5.21623,3.57984,4.32235,3.54565,3.68866,3.76359
2.68679,3.74185,2.78733,5.3279,3.93211,4.44075,2.45188,4.07795,2.74393,4.24381
4.69761,3.46672,4.77102,2.51021,4.57067,2.41312,5.01629,1.29261,5.25999,2.62141
3.25102,3.26062,3.20075,4.81257,4.4448,5.34363,3.05943,3.20783,4.9749,3.35908
5.79584,2.29552,4.20163,2.30076,4.66854,3.94123,4.7938,4.72813,4.18203,1.9723
3.84972,4.03201,6.33162,2.98771,4.72413,2.66698,4.43447,5.0044,4.15992,4.39516
4.39508,3.64445,3.47826,4.60123,5.6605,4.09743,3.99128,3.21378,2.15706,3.25892
3.66862,3.58236,4.31662,3.38292,4.70997,3.35871,4.66431,1.72794,3.8585,4.14127
3.42309,4.22499,4.90013,5.21411,4.29232,4.61859,3.95777,4.18709,3.83799,3.50275
4.65264,3.90536,1.76313,5.49717,4.14587,4.0194,4.90907,2.56328,2.80973,2.60271
4.10197,5.23082,4.97889,3.18569,3.90327,5.31824,2.77752,3.05451,3.12563,3.88084
3.77058,2.54365,3.65757,5.2735,2.21934,3.39525,3.74869,5.31483,4.4609,4.94273
4.11533,4.50534,2.56915,3.8019,2.91779,3.76192,4.24254,5.17934,2.47973,5.50583
2.80707,4.5932,4.04207,3.66177,2.89596,3.88017,5.00128,2.8703,5.16414,4.02016
2.33797,3.95938,5.40696,5.86728,3.44079,3.54099,3.84377,3.64002,3.63987,4.28845
4.54921,4.31515,3.76792,3.83482,6.26752,3.37423,2.9263,2.91258,4.50497,4.69114
4.03015,4.87093,3.28089,4.90142,2.99628,5.83932,4.52344,3.07138,3.7449,3.94137
4.17683,3.78547,2.6998,2.31821,3.27643,3.19338,3.5553,5.97613,4.46942,6.37529
4.77504,3.24886,4.48734,2.45732,4.23095,4.06061,3.83129,3.7,5.18648,3.03471
4.28755,2.95653,3.91143,3.3353,3.49661,4.90529,3.38628,4.4128,4.13103,3.72848
3.21329,4.39752,3.92897,4.41609,4.02638,4.19249,5.32683,4.04336,2.95215,1.33988
3.82599,5.82415,6.90557,3.98244,5.41931,4.10167,3.314,2.7916,2.20849,4.37248
4.40633,3.29438,3.80583,5.16292,2.67423,4.78353,4.22112,4.06973,2.91532,5.10917
4.71539,2.59835,3.55463,3.75875,3.2936,3.98638,3.61268,5.28934,3.73135,3.30942
3.64131,3.18958,6.07949,4.15935,4.13575,4.28242,4.15295,2.40801,3.41747,4.52339
2.718,3.2796,4.90066,3.11704,3.62735,4.78793,4.18033,3.91169,4.02151,3.58309
4.06686,2.9581,3.48539,4.25107,4.92902,4.24323,3.47099,4.7244,3.90814,4.77384
4.28636,3.52434,3.06964,5.35741,4.34225,3.48154,4.16697,4.65883,3.41664,3.3659
5.38565,2.08723,4.96362,4.6672,2.64089,2.48895,2.85749,2.46278,3.95039,3.24835
4.13264,4.60398,3.8663,3.54407,5.29315,3.81034,4.0697,4.6235,4.21867,3.22402
2.93474,4.76758,5.01741,4.81372,4.09863,3.41021,3.46851,2.7626,5.07255,4.15292
4.46998,5.77218,3.96958,4.28341,4.24934,5.67486,3.16533,4.80862,3.70386,5.12183
2.42999,3.91903,5.34414,5.04439,3.57386,4.75178,2.02545,3.5361,4.67119,5.04049
4.78168,4.45099,4.57029,2.85149,4.40582,3.74186,3.93394,4.43424,3.60744,4.82724
4.91344,2.7193,4.04812,4.26946,3.63949,4.34439,5.55344,3.65335,3.85651,2.5268
5.76003,4.00024,2.82889,4.78621,4.2506,3.80364,5.91568,2.1942,3.89034,3.98969
4.64246,1.95256,3.41665,3.75411,3.32513,4.86728,5.44766,3.88035,4.54373,4.38396
4.88348,3.98659,4.5033,3.73892,5.27411,5.6741,3.61383,3.86531,4.74053,4.49855
3.8185,2.88977,4.86122,5.68878,3.81219,3.77588,4.7512,2.37597,3.39984,4.68329
3.63744,4.2572,3.93002,3.23636,4.37084,2.07091,3.93883,2.7758,3.84161,3.90533
3.43897,2.75068,5.46729,3.29359,4.39466,2.52709,4.49749,3.91955,4.39816,2.84371
2.34583,5.25394,5.99553,4.09975,1.87017,4.38599,3.46124,3.23128,3.29094,3.92521
4.13514,1.52735,1.79359,2.26759,3.70092,2.26318,3.44679,3.52275,3.37811,4.03932
3.36425,3.86033,5.14431,4.51211,2.69761,4.46659,6.05165,3.25896,5.15727,2.92542
1.45837,3.92017,3.83277,4.443,6.0084,2.60283,3.17677,4.05216,3.38098,4.90737
3.10389,5.10175,4.25438,5.50546,3.55211,4.10342,3.25281,3.70854,3.77127,4.91568
4.42022,3.07731,3.01407,3.80017,2.83585,4.46046,2.92047,4.53084,1.56292,3.66062
5.12508,3.32729,6.13536,4.03959,4.75576,4.16827,3.08309,5.53911,4.34342,2.70871
3.25051,2.90701,4.16739,4.9954,4.54767,5.67058,3.88411,3.237,3.64181,2.87019
2.67011,5.12659,4.33674,2.52454,4.10727,3.10198,4.41277,3.58477,5.88121,3.44344
3.66237,4.39551,5.21503,4.60648,5.319,4.05687,5.1557,5.23473,4.97029,5.1522
4.28533,5.68192,4.90847,4.31056,3.12311,4.9035,4.50665,2.30709,3.93785,3.29628
4.57566,4.05482,5.17027,4.75094,4.56677,4.39174,3.67019,3.63266,3.62218,3.56116
4.6881,2.08997,2.53057,4.87852,5.73121,3.70661,4.10012,4.4174,4.40726,3.33271
4.10218,2.63828,4.32416,4.92064,4.1791,3.25713,3.08411,4.33445,4.42014,2.31592
4.82005,5.21912,4.02317,4.29977,6.30597,5.44146,2.71838,2.05548,3.38252,5.75087
4.08875,3.57918,4.38118,2.84303,3.30162,4.221,2.7475,4.50925,4.24296,4.05962
4.38907,4.82862,4.70616,3.9365,3.75294,4.13305,3.93315,3.01871,4.27132,5.44656
2.5715,2.67545,4.03684,5.71768,4.129,4.04652,5.24079,4.18439,2.7,4.35772
5.22849,4.03564,4.72569,3.16224,4.58999,5.17612,3.20114,5.29125,3.73117,3.34134
3.99562,4.98399,3.02993,5.35086,3.80519,5.88326,3.54354,2.61826,3.79555,3.07286
3.95664,6.01993,4.38932,5.18842,4.66154,4.16062,3.07304,2.28031,4.30693,5.8429
5.19137,1.7856,3.99045,4.80576,5.74564,3.86252,3.32194,2.80498,2.97437,3.86952
4.20948,3.44254,2.41293,3.28332,4.85109,3.75796,3.2433,2.4533,4.12549,3.36297
4.01282,5.40646,4.35779,4.21288,3.34023,4.29428,2.82878,4.81618,4.7838,4.34623
1.38124,3.27625,2.71471,5.1781,4.03093,4.33476,4.29058,3.90535,4.15539,3.94655
3.41248,3.32588,5.66708,3.93756,3.20432,5.10518,4.42366,3.91527,5.51373,2.47261
1.89512,4.98749,4.30078,3.87222,3.98128,4.28873,2.95707,4.77174,3.72201,4.29132
3.95081,2.79987,3.55604,3.56355,3.32249,3.58457,3.88575,5.38749,4.20273,2.99655
5.50529,3.55602,5.52069,3.16125,4.4091,4.37725,2.24594,3.76512,4.16835,2.82887
3.55982,3.76187,5.2435,3.34646,5.09374,2.28048,4.14518,3.37949,3.98629,3.9735
3.49716,3.43283,4.35591,2.98962,3.50841,4.61018,3.73466,4.09507,4.78802,3.96615
4.75589,4.37396,3.64736,2.33118,4.86661,4.59921,2.37957,3.02273,4.91031,2.68421
2.27367,3.56668,5.82585,3.73325,4.46795,4.59823,5.8581,4.93541,4.04265,3.31444
1.41378,3.8189,4.17365,3.11989,3.53705,3.482,3.94333,4.25081,3.81009,3.93988
5.46417,2.79256,3.55631,4.32683,4.4638,4.80376,2.76428,3.68403,5.52929,4.37667
3.8845,3.85625,3.90264,4.10658,2.70519,3.52328,3.38531,1.33513,4.1116,2.73568
3.39952,2.8787,4.70668,4.70834,3.85722,6.14858,4.17752,3.03958,4.56574,5.58779
3.82759,4.32246,3.81624,5.07554,3.60271,5.50096,2.50517,3.46771,5.144,4.22973
3.02039,1.7624,3.57604,3.1583,3.47584,5.90511,2.94143,3.41167,3.88895,4.30411
4.19645,4.07038,3.81258,3.76504,5.43687,4.09679,3.49075,3.5419,2.19603,3.76177
2.41681,3.23485,3.73966,3.25202,4.316,2.56875,3.17189,4.48386,4.11078,3.23478
3.74106,4.8271,4.64099,3.5903,3.79242,3.71738,4.42316,4.60237,4.05505,3.39221
4.37286,3.75359,4.2502,4.65309,3.79177,1.89671,3.14916,3.14262,4.9819,3.16102
3.45673,4.72171,4.24223,3.63416,6.93492,4.35186,3.97717,2.8992,2.99273,3.94756
5.0527,3.23196,5.6473,3.72247,3.33919,4.32063,5.70403,1.16561,2.63442,2.79341
4.42502,4.99928,3.64672,5.19752,3.83652,1.86831,3.30799,5.06813,3.36212,4.16721
3.27616,4.00358,3.856,2.60719,6.00085,3.03205,2.94324,4.7045,4.79151,5.34839
2.17783,2.33598,2.86637,4.75307,4.18227,4.73771,6.42029,2.77738,4.72576,5.68562
3.76981,3.3235,4.741,4.95185,4.82067,1.38542,4.81987,1.86433,3.23422,4.99628
2.97708,4.41491,6.61375,3.39235,4.17794,3.29454,3.32601,3.29623,5.11255,3.95494
2.3016,4.52345,4.16798,4.16112,2.91374,4.04848,3.82003,4.50738,5.54193,3.28139
