10
4.06988,3.51726,3.24843,4.0223,3.18842,3.39901,5.22937,3.79188,5.86298,4.8573
3.82429,3.92155,4.50479,4.0622,3.62399,3.33217,3.80208,5.85167,2.35545,2.37203
3.46925,3.75788,4.16777,3.47893,4.68213,3.05783,4.9611,1.91332,3.55674,4.10013
4.4384,4.60256,3.91985,5.2224,3.71074,5.56367,2.75365,4.36188,3.52856,2.68521
4.51312,1.93938,4.29331,2.66583,5.26159,4.44301,3.9481,3.40898,2.89088,4.11335
4.29462,5.21286,3.60585,5.55136,2.25707,3.19101,2.67884,4.98886,2.82158,4.50227
5.86791,3.98806,5.56374,3.2038,4.11077,5.35939,3.34293,5.5175,4.2819,4.12273
4.6817,4.05104,4.32148,3.79553,3.4565,3.86814,5.19245,2.26074,5.10556,3.34631
1.4351,4.74927,4.79205,4.31578,3.93136,4.04987,4.94706,4.92649,4.82505,5.98265
3.12303,3.12558,4.46487,3.22994,4.79904,3.38436,5.97662,3.36557,2.6693,2.37129
2.03002,3.49904,3.65886,5.7394,4.60683,3.83995,3.73989,4.17175,2.90525,2.11638
3.1751,4.26572,3.93393,4.26962,3.41278,3.66599,2.0815,2.94616,3.3002,5.39322
5.10386,4.04559,5.11965,3.66165,4.51457,3.54414,3.63947,3.929,4.65518,4.01692
3.10664,2.12621,4.33975,3.53962,4.41875,4.87783,4.15856,6.02673,3.78005,1.80807
4.22435,4.38272,2.91834,2.45696,3.65007,3.13662,4.56137,2.71252,4.21384,3.28879
3.04822,4.9483,2.13887,4.02993,5.81317,3.13638,2.94831,5.2187,3.11131,3.12771
5.27992,4.71617,3.99062,2.86165,4.27964,4.1569,5.31597,5.47164,3.01564,4.37122
3.872,5.77476,5.08417,3.05001,3.55378,3.36487,2.72693,2.73671,3.5585,5.37153
3.00189,4.34127,3.93903,5.20392,2.21033,3.69056,4.38705,4.32093,4.0968,5.3926
3.87902,2.95191,3.36658,5.01946,3.38901,4.76759,3.77601,3.45651,5.35478,2.40045
3.08351,4.30933,4.84967,4.22795,4.29423,2.42399,3.21894,2.85423,2.96492,4.73087
3.65983,4.29422,4.48678,4.58613,2.80643,5.00593,4.53868,3.97034,2.63938,2.78328
4.15963,4.30158,3.70573,3.12552,6.11126,4.47029,4.27389,3.77236,3.86243,6.14149
2.83266,3.62177,2.51159,3.30308,4.22685,2.30995,4.34471,3.28829,1.03826,5.17693
3.45171,5.53887,3.82643,5.56906,3.71831,4.65415,4.51514,3.87542,3.03121,5.68069
5.11488,4.02281,4.14024,3.64999,3.81874,5.30299,2.3934,3.74538,4.32639,3.44441
3.51992,2.22479,5.17479,2.89294,5.01733,4.72717,2.86724,4.89082,4.61,1.28998
5.35763,3.83146,4.1933,2.87116,1.8742,2.81695,4.36314,5.46387,3.08381,3.80491
5.26539,4.89005,5.05111,4.29148,4.4469,4.10355,3.48948,4.74554,5.14374,2.33282
3.79881,5.48448,5.12696,3.56616,5.50182,2.90269,5.67409,5.15524,4.45551,2.97887
3.369,4.30199,6.92259,2.82201,2.80808,4.00602,5.08147,5.80715,5.20688,3.28875
4.14548,2.65221,4.04779,3.76227,4.07,3.14268,3.02985,4.07534,3.46718,3.21817
4.12699,3.13269,5.90802,3.75802,4.12789,3.91609,3.13239,3.82735,4.37488,4.26076
3.67107,4.49684,2.77871,5.12122,5.75258,3.60545,3.96581,4.03197,4.16425,3.68754
3.59956,3.36606,2.29888,4.83513,4.87612,3.60676,3.45314,5.69655,5.8448,3.8573
5.54944,3.08041,3.69848,4.11218,3.52098,5.39902,4.51509,3.98427,3.93757,4.01028
2.98807,4.5841,4.88388,4.3047,4.66558,3.51648,3.77056,2.50314,4.25498,2.99968
3.86766,4.86895,3.50333,4.73377,3.86764,3.83723,3.44244,2.65216,3.73126,4.01549
4.7172,3.38586,4.22119,4.4029,4.53248,3.88971,2.30207,2.0196,3.96618,5.40809
3.89853,3.88945,4.8166,5.68708,3.82546,4.74191,3.65317,4.05002,3.725,3.63523
4.3268,4.65367,4.56821,4.53838,4.4272,4.12946,5.7264,3.37515,3.36989,5.38317
6.13971,4.3458,6.08344,3.00471,7.26629,5.23485,3.42646,5.62089,4.5225,5.47594
4.19891,3.18374,4.36183,5.87046,2.93083,4.49174,3.58998,5.36182,4.77083,3.854
4.57602,3.56639,3.28637,2.79183,2.96386,5.57487,3.65833,2.76025,3.67631,3.85666
2.81668,6.04098,2.41676,4.44874,4.30738,5.82855,4.17452,2.64477,3.65705,1.19735
2.2976,2.78779,1.48226,3.21675,4.66484,4.80933,3.13334,4.24309,3.25834,3.73605
4.28198,3.14553,5.25519,4.50455,3.93989,2.31512,2.96747,6.27567,5.66214,2.70056
3.75108,3.98378,5.3728,5.10571,3.89289,2.14909,6.03081,3.80146,3.07545,4.91548
2.83408,4.07193,4.85241,5.54506,3.89526,3.47351,5.75654,4.1175,4.67123,6.42487
3.96135,3.04644,5.66916,4.97092,5.25364,4.21644,4.78523,3.10469,3.2715,4.43419
4.12034,3.92517,3.57544,4.39771,2.17343,3.4614,4.30823,5.35332,4.27755,4.63721
3.76945,4.98939,4.85756,5.09,3.14737,4.03079,4.64204,4.39581,5.64505,5.18772
4.32938,3.49184,4.15493,5.47066,5.59896,3.36315,5.06135,4.16252,3.2816,3.97902
3.98715,3.1522,4.86422,2.86536,5.0891,3.80984,4.93456,2.95945,3.47381,3.78067
2.86022,5.09776,4.62184,4.55946,2.82763,4.59698,3.07867,3.39954,5.13747,3.70468
1.86734,2.35428,5.62758,4.20474,4.09459,5.37982,4.016,5.45982,2.96585,4.14366
2.14613,3.25349,4.23518,3.89814,4.92987,4.82306,2.23364,4.2529,3.88428,3.89843
4.05302,3.82647,3.58961,3.78202,3.83605,2.24828,3.60511,4.98425,3.61028,4.23135
5.32051,3.25683,2.26926,3.16246,4.28245,4.89045,5.11776,4.10463,2.52541,4.03319
2.94425,6.10803,4.87392,4.56044,3.63286,3.01356,4.28247,4.24882,4.02317,2.00045
4.08558,3.79628,4.46292,2.32296,2.49445,4.39353,3.63484,4.62027,4.39347,2.78531
3.71728,6.59217,4.42931,4.31464,4.32456,6.13345,4.48486,5.0834,3.76958,4.66075
4.25459,3.68241,3.28459,3.23874,2.76946,3.91063,3.23359,4.72554,2.94018,5.53267
2.24784,3.91763,6.41768,5.40881,4.09175,6.02511,4.50639,3.08812,4.5551,3.7629
2.93735,3.9529,4.68092,7.25515,4.73608,4.7474,4.90276,3.75637,5.15751,3.51741
3.18768,2.95306,4.71534,3.92232,4.31893,4.32606,3.98428,3.98849,4.69615,6.06998
3.40779,5.35781,4.40071,4.65685,2.31581,3.30331,2.43001,4.92708,4.10095,3.64354
3.95733,4.79024,4.21239,5.23881,6.33549,4.94912,5.55285,3.4863,4.4953,3.89404
4.02402,3.4646,5.11543,3.75677,3.25383,3.8375,4.69592,4.20341,4.12495,5.81258
3.41339,5.2067,3.8793,5.62248,2.69759,3.09065,4.25447,3.10749,2.85011,5.76505
3.35928,2.19957,2.62487,2.75892,4.7692,3.25485,3.24263,3.65784,6.07888,4.08019
2.4778,3.52495,4.15854,3.99881,4.15886,3.05806,4.49601,6.12886,2.99128,2.84489
1.99713,3.22677,3.82276,4.50365,3.1763,3.92601,3.59504,2.87215,3.85472,5.18922
3.88934,2.37225,4.42249,3.92821,3.48336,4.21155,4.56421,4.42108,5.26665,5.53724
3.65653,4.33112,3.83072,3.65105,3.26708,2.52894,3.27333,4.56004,4.38067,4.34738
3.39117,4.20739,2.81152,4.83028,3.58508,4.25431,4.45744,2.63727,3.15157,6.27389
2.74487,3.69566,4.18546,3.03709,3.46289,3.29672,1.60595,4.02426,4.86756,4.09533
5.60134,3.3808,3.09971,3.53403,2.03246,3.90284,2.8204,4.7045,5.31064,3.44552
4.70104,3.68922,4.93652,3.65844,5.80144,2.41389,4.71484,5.53208,4.92289,3.88546
3.8178,3.84842,4.43676,4.59985,5.95771,4.75613,3.51255,4.14659,3.54689,2.82409
4.48723,5.15844,5.10826,5.38115,3.1462,4.07574,2.1029,4.0837,4.00338,4.8461
5.48098,4.04486,5.39825,5.84096,4.55076,5.30353,4.19753,3.63589,3.97314,3.15174
4.74656,3.0797,2.85457,3.47375,3.25627,3.60929,4.40729,3.14153,4.85256,4.20233
4.2588,4.88816,3.00627,6.66918,4.58596,1.98967,3.89632,3.92904,4.30474,3.59516
3.43173,3.07911,5.95744,1.70067,2.93021,2.06492,4.07058,2.69987,3.98419,4.35665
2.5364,4.12379,5.5376,4.53162,3.83042,3.41615,5.28313,4.83382,4.21899,4.69976
3.7247,3.80128,4.47049,4.83921,4.62139,3.82708,4.62968,3.50528,4.56554,4.23414
4.19593,4.62765,4.76067,2.18074,5.76237,4.99452,3.30486,3.74742,5.82528,3.87603
1.89651,3.96172,5.23508,5.59608,5.68033,4.0847,4.35815,4.55132,3.93794,7.15238
1.97128,3.97037,1.9335,0.978673,2.91673,4.53105,3.17402,4.24577,3.2831,2.26832
4.21136,3.52101,4.51166,3.27267,4.59585,4.45071,5.99332,2.89463,2.74588,3.47445
3.54788,4.64117,4.94102,4.37645,3.83511,4.3316,2.91503,5.2321,4.3792,3.19374
2.91584,3.50681,3.59726,4.8633,3.79624,3.68029,3.55846,2.72476,3.67906,3.0919
4.85523,3.94695,5.37093,3.0591,2.83189,3.99083,5.66493,1.7021,1.89512,2.03319
4.82221,4.34613,3.02362,4.95847,3.93326,2.92675,4.20536,3.82471,4.22519,3.99721
3.80147,2.99869,5.0038,3.89109,4.24181,3.7308,3.9006,4.07074,4.53914,5.12997
5.13108,5.34314,4.80218,3.83255,4.16756,4.21261,2.77047,3.23528,3.5526,5.13914
4.84784,4.26662,3.97276,4.61898,4.8588,5.2774,4.16817,4.21086,4.64618,2.3518
1.94467,4.76822,4.172,4.37922,5.53628,3.75936,3.779,4.12384,3.24948,3.408
5.30891,5.61453,2.76856,5.20772,2.78702,4.06956,4.58,3.25885,3.524,1.7314
5.65849,3.77293,3.17413,3.85141,3.07509,4.24196,3.3425,4.46621,2.51483,3.39005
4.93296,3.82375,3.27615,4.81217,3.55181,3.46896,5.17419,5.24461,3.66698,4.43606
4.25364,3.44314,4.34606,4.97893,3.46445,4.66639,1.39707,3.69447,4.66826,5.86767
3.39195,4.86641,5.14114,4.45032,4.55931,2.9865,1.84967,2.30888,4.38149,4.14624
1.85754,2.25095,3.96884,3.46127,3.47724,5.20391,3.54311,5.2046,4.06195,3.73108
4.78909,3.06868,1.62783,4.64429,3.95104,5.32125,5.24947,2.49455,4.78256,3.48689
3.04938,3.16318,3.00885,5.16911,4.41664,4.48779,3.68825,6.25408,5.17547,5.52905
2.29965,3.38122,4.93524,5.00892,3.86639,3.45504,2.52682,3.42966,3.99022,4.07244
3.68722,4.92986,2.58555,3.62845,4.59217,4.59802,4.21919,5.96444,4.44625,2.52274
4.82864,2.50412,4.45857,3.51983,4.90309,3.57305,3.90559,3.53465,2.11529,4.38287
1.26666,5.30963,4.10338,2.53641,5.48533,2.94849,3.4641,5.61899,3.99056,3.68225
4.41169,3.16041,3.47468,5.73363,2.63578,4.48256,4.82995,3.27349,3.89246,4.55275
2.42856,4.42836,4.05704,3.43617,3.54896,4.2093,4.25145,5.04126,4.49572,5.68831
3.67583,4.23505,2.38911,4.96873,3.73942,4.85624,4.08304,5.26589,4.35571,4.09721
3.93927,2.82266,2.12636,4.64164,3.96067,4.89772,4.26144,3.70464,4.07307,6.09508
5.38597,4.29787,5.26109,2.97465,4.5469,4.3255,4.04941,3.68517,4.43696,4.11306
3.92705,3.81522,3.72939,3.31151,3.60018,5.24963,2.67355,4.88727,4.32518,2.03501
1.93342,5.41268,5.41489,3.74402,4.64371,3.77588,3.5246,4.61638,3.53402,3.47233
3.44505,2.87964,4.98074,5.03534,4.62738,1.99148,4.78668,3.93298,5.04197,3.65608
4.67691,2.94993,3.01889,3.80571,3.97123,3.8463,3.1427,5.83217,5.62981,4.76469
3.61912,4.21582,4.05281,3.91692,4.51646,2.00666,5.001,2.72087,5.1009,2.78596
4.87451,4.19694,5.05169,3.02834,1.68414,3.59523,5.02183,2.25201,3.1553,4.11171
1.78116,4.99733,3.03323,4.36781,4.98142,3.47401,4.29381,3.11822,6.18875,4.73126
3.98169,3.35355,3.69379,5.70661,5.72803,5.48468,6.12255,4.70213,3.3546,4.47663
5.56478,3.88533,4.89209,4.99288,3.17903,3.72512,4.74058,4.2591,3.02487,3.77916
4.8009,5.15102,2.39218,3.89274,3.69195,5.1178,3.53376,2.97732,3.87427,3.45268
1.86288,4.54024,4.4123,2.50357,5.16225,4.58315,2.71701,5.94946,3.30494,4.57749
3.94152,2.99963,2.58834,0.496109,3.29932,4.69773,4.32242,3.69822,3.20845,5.60367
4.58617,3.5448,2.204,3.09238,5.2447,4.25594,4.56667,3.85066,3.96285,4.91728
4.28617,2.93954,4.38506,4.51524,2.5958,4.56418,3.8701,4.0474,3.12501,3.396
4.59724,5.05009,4.22703,2.34438,5.38127,4.88202,4.53453,4.55304,0.945439,3.81202
2.32323,2.26449,3.33194,4.57559,4.7435,2.97806,3.07623,4.52811,3.73792,4.89329
4.31939,4.38529,2.91516,4.44643,4.26634,4.2316,5.14285,2.91174,4.30613,4.51846
3.54965,2.70479,3.60238,4.21197,5.95827,5.30057,3.95636,4.56314,4.47191,3.42014
3.3488,4.25354,3.91219,3.69659,6.32874,3.46268,3.9788,4.59326,4.43084,4.12578
4.78214,3.69025,2.82943,4.31887,5.21804,3.52051,4.59639,3.33808,5.4738,2.2989
4.50054,2.86027,4.33904,3.60159,4.17939,2.33985,4.51452,5.50413,2.86485,5.34686
3.68928,3.31851,3.29044,4.05859,3.76455,5.40628,3.40258,4.92505,3.20113,2.69732
3.98542,4.6862,3.98385,3.59268,3.39643,4.59132,3.73379,3.48444,5.53988,4.08825
2.96032,4.74264,4.77006,2.04352,2.99732,2.38897,3.32218,4.61792,3.95224,3.09946
3.36213,2.87007,3.57999,4.76204,4.76001,2.57891,3.16508,4.70863,4.87335,3.90584
2.82189,5.69063,3.77693,1.60018,5.20323,2.75939,4.62545,2.77699,3.99263,6.46674
3.49704,5.65296,4.38987,2.70371,5.38066,5.20708,5.43092,3.39951,4.18233,3.34865
2.99879,3.3544,3.34053,3.2122,3.13362,2.33499,3.86932,3.23336,3.51144,4.20908
3.34089,3.29178,4.12232,4.88483,5.04855,4.04546,5.81153,4.63604,4.09699,4.0318
3.33943,3.51236,2.71043,3.68775,4.09028,4.17595,3.53278,3.82781,1.19573,3.44089
3.17448,2.88413,4.35526,4.53874,4.54983,2.94284,4.80724,4.70709,4.21467,4.53215
4.27107,4.05622,4.05584,4.07834,1.62434,5.09845,5.63378,3.29294,2.84388,4.13133
6.73087,4.35042,5.43392,3.9967,2.03747,4.81956,4.43626,4.31202,4.63224,2.65936
2.23369,2.85412,3.49895,3.85059,3.69812,4.21123,3.26852,5.46597,2.9961,3.15357
4.78999,4.08316,4.10012,4.85357,4.39749,2.96077,7.21546,4.4894,4.23208,5.04011
2.29115,2.68179,2.56517,4.43586,3.47344,2.52681,4.36124,5.03708,4.44053,3.68291
3.92186,3.73341,1.77814,3.15968,5.90656,1.64618,2.22063,5.06987,4.55762,4.56235
4.69016,3.43396,5.41139,3.49031,2.89368,3.06634,4.92081,5.29932,5.27504,4.87823
4.7314,3.79479,2.691,3.01831,3.81913,2.27188,4.20311,3.78266,4.61066,4.38152
4.03007,4.14774,4.80831,4.13827,4.58579,2.96576,5.55969,3.57375,5.67484,3.51436
3.91615,4.22994,4.46062,3.89367,5.85947,5.40508,3.12024,3.3798,5.22794,3.95478
4.29895,3.65453,5.02752,3.44416,4.47686,3.84989,4.67244,3.25086,3.6907,3.52216
5.11895,4.99393,6.07749,2.64584,4.27064,4.9349,4.49656,5.631,3.43003,4.01415
3.71944,4.46758,3.08887,3.35126,4.19952,4.76155,3.83433,6.88087,1.75393,3.93687
5.38389,3.98154,2.99567,4.13219,2.54579,3.04031,3.50048,3.83164,3.16614,2.88142
4.05105,4.76408,4.67559,3.26272,3.46252,4.99745,4.24721,4.92231,2.90724,3.41153
6.32702,4.9813,3.79278,4.34336,4.29118,4.08664,4.85536,4.34819,3.63712,4.52626
4.45589,4.473,3.13064,2.93459,4.50562,4.39042,4.38442,3.02047,4.41562,4.82414
3.86773,4.9865,3.80525,3.13704,5.04173,3.6517,6.24062,3.69844,3.69514,5.10973
2.56863,4.74017,3.18928,4.25577,1.37011,4.43912,2.72576,3.00597,2.57835,3.5036
7.01858,5.16086,4.12449,5.49618,5.02621,4.74176,3.27246,4.93218,6.0887,4.81364
3.45707,5.07581,4.2745,3.65003,4.48037,2.52074,1.71558,2.71275,2.79298,4.27502
3.13924,5.65789,3.98957,3.79448,2.39589,4.43571,4.86419,3.90928,4.63794,2.6283
2.83959,4.22371,2.4638,3.3194,4.19004,4.65018,3.8748,3.58136,5.55568,3.9531
4.98839,4.50232,4.72489,4.24755,3.48136,4.04575,4.04455,6.26139,2.06774,2.3061
5.04088,2.35612,6.07474,4.38067,5.44382,5.78679,3.47884,2.26129,5.70563,4.52806
4.0335,3.28878,4.18232,4.12154,4.54573,4.05777,4.37657,4.16817,4.94196,3.44868
3.91034,4.72794,3.91236,3.5975,3.33699,5.29652,4.97532,4.39856,4.45869,3.79352
4.08015,3.19451,3.1216,4.11529,3.17905,2.04465,5.88549,4.38293,3.0351,3.94057
1.68136,4.79707,4.282,2.21474,3.52919,4.13651,2.37544,4.13538,2.42552,2.78722
3.12947,3.19677,3.0337,5.17735,2.84071,4.74352,4.91452,2.68561,6.31361,2.98171
4.86624,4.39758,3.59835,3.34822,4.03042,3.43638,5.20233,5.52051,2.96613,3.86273
4.10152,2.57463,2.2281,3.86502,5.31846,3.69203,3.41506,3.64895,2.18665,2.42528
4.31391,5.14921,4.63615,3.89339,3.28049,2.91458,4.43024,4.23935,4.02495,0.244441
3.24426,5.14416,3.79357,3.38071,3.7071,3.01929,3.61566,3.16247,5.32077,3.95626
5.31172,3.6193,4.87302,5.56957,4.2662,5.03666,1.22879,2.81251,2.20541,4.30343
3.34295,4.29819,3.02872,4.12424,3.97119,3.40468,3.24518,5.11427,4.67807,3.5597
5.5218,5.39347,2.48459,2.75887,3.77021,5.48519,3.94476,3.22085,3.66397,4.24943
3.28428,2.67481,3.55022,4.23871,1.49009,3.89876,5.75162,4.1252,4.68654,3.6644
1.7876,3.3964,3.12096,3.97425,3.30163,3.58947,3.37201,3.74702,4.31708,3.74577
2.9652,5.59588,2.72237,2.87481,1.76957,3.2251,6.11434,4.84624,4.74009,3.55025
3.20768,4.36542,3.99527,4.35598,3.50609,2.89544,2.92636,4.56291,3.42169,3.815
3.49559,5.3614,5.38568,3.77704,2.47655,4.33098,4.38944,4.09925,4.38468,4.19025
4.7692,4.76902,3.38552,3.53388,4.91652,2.84309,3.65947,4.96401,5.18342,4.3391
2.81729,4.35814,3.83952,3.44055,2.20558,4.40227,5.71204,3.64971,4.503,4.97219
2.59927,4.94421,4.99,3.47109,4.26344,3.68185,3.00332,4.03299,5.19959,4.95154
3.15731,4.18876,5.14738,4.6702,2.88624,3.15542,4.68356,4.09288,4.67408,4.87936
5.74441,3.73206,2.65801,4.96366,2.49519,5.17849,3.79337,4.17558,2.84048,4.03147
4.47482,2.9457,3.10432,3.5768,3.52302,5.05022,2.74933,2.58426,4.72902,3.29897
4.0976,5.39836,3.34621,3.06034,4.60231,5.61668,3.90556,5.75357,5.4846,2.99593
4.54,5.50289,4.11924,2.92857,4.80321,4.39481,4.25738,3.25019,4.15846,3.22525
4.19835,2.01589,3.43476,5.35826,3.13158,1.81103,4.99018,4.88756,4.43503,4.90846
3.83322,3.81813,3.93024,5.42421,4.83634,3.4168,3.04864,4.1587,4.26959,7.0088
4.05395,6.04798,4.38563,3.38893,5.16032,5.56987,5.58676,3.87323,4.53177,4.27248
3.09591,4.01314,4.46953,5.47687,3.32615,3.96282,4.88533,3.57165,1.62209,4.16468
3.47952,5.35961,5.08402,3.83443,4.14743,3.96605,5.31422,3.34214,1.98941,4.90194
4.24526,4.00733,3.40793,3.79094,2.57966,4.64915,5.12667,3.12261,2.77781,1.72488
3.80772,5.92805,5.3916,4.81108,3.46617,3.05868,3.50947,5.96117,3.7764,3.55412
4.57628,1.84763,3.47069,3.21621,3.69641,3.28728,5.25961,3.46256,3.19715,2.76669
4.4362,5.6756,2.90245,4.12787,3.50819,5.73205,5.39969,1.95393,4.38979,4.52738
4.02102,3.77777,4.85691,3.06722,4.89149,3.43392,3.78815,3.72083,2.08161,4.14141
3.26178,1.95756,3.95231,4.49513,3.01114,4.87216,4.44493,6.13445,3.24525,4.41527
4.62559,5.06587,3.21065,3.76649,5.04221,3.3146,3.25649,3.94292,2.40283,3.57443
4.04746,4.6817,4.75571,3.25963,2.06314,3.29164,4.13611,3.91136,5.05556,4.54137
6.20574,2.09268,3.73258,4.46428,4.41078,4.93247,4.34956,3.63315,4.98817,4.61715
3.66988,4.83173,4.90947,4.02372,4.49757,5.54109,3.05057,4.36964,3.69248,4.16199
5.48916,3.88871,4.52549,4.11518,4.21076,5.01563,4.12913,4.03433,4.79605,3.74683
4.65889,4.31586,2.79249,4.58709,3.88932,4.96141,2.62821,6.43371,3.82283,3.59586
4.04695,2.75444,2.87636,2.87773,4.9539,2.14446,4.97456,4.00077,2.88617,5.61874
3.97452,3.1259,5.32678,5.11648,2.9366,3.15153,4.02917,5.40014,2.24187,1.80368
4.58336,4.24737,3.6042,4.27164,2.61207,2.45201,4.1706,3.36031,4.07402,4.54806
5.07935,4.113,3.09837,2.5216,5.4454,3.99457,3.61386,5.3783,3.5737,3.09379
4.76895,6.10175,4.06975,4.62731,3.40268,2.8727,4.70135,4.59111,3.50466,3.10045
3.70001,3.41821,3.60486,5.18131,3.86374,2.18919,5.23629,2.34264,3.83833,5.09799
4.49244,5.27019,4.58957,4.53634,3.89619,4.52483,5.64868,5.12025,3.81555,3.60165
3.28435,4.14069,5.89022,3.78347,3.55293,1.90516,3.9861,4.52303,3.19705,3.84566
4.00815,1.45024,3.28399,5.85443,4.56843,3.4467,4.27584,3.10138,2.28752,4.1458
5.2566,3.90059,4.25891,4.93669,3.34768,3.58005,4.73105,3.13242,3.99752,3.49584
3.79268,3.64371,4.9,4.23983,4.51761,4.93247,4.81929,2.94692,4.1116,3.89871
5.02169,3.21632,3.44123,3.37667,4.11224,4.17731,3.97339,3.47654,3.48897,5.24585
3.3857,3.28632,4.07289,6.07661,6.69602,4.18693,4.0115,4.35138,3.84094,4.00776
5.83363,2.14469,3.49566,3.79231,4.05643,4.67519,5.0081,3.6158,3.61139,3.8088
4.40255,5.81776,3.43099,4.28845,3.44373,3.09409,3.75419,3.64346,3.29683,3.85931
4.31863,2.81832,3.79717,3.81632,4.63136,3.74907,2.52712,4.52592,3.99545,4.70473
4.93753,4.27952,4.03257,4.8438,3.88726,5.84884,4.42987,4.8301,3.24667,4.47118
3.5784,3.81475,3.99583,2.87062,4.88532,3.51191,4.27332,3.49905,4.53924,4.65469
5.10457,5.75447,3.82273,2.77402,4.55823,4.507,5.2615,4.02483,4.73891,5.31037
3.06081,3.18349,5.02145,4.02611,4.10189,3.48041,5.19721,4.55878,3.94828,6.07606
3.10838,5.20031,4.27414,4.08692,4.57495,4.97374,5.36936,5.05614,4.96644,5.39808
4.66852,3.74376,4.43482,5.79577,4.17924,5.18023,3.38204,3.21545,4.26025,5.02228
3.31258,1.96121,3.78809,5.06537,4.02569,3.38238,3.97715,1.18881,5.25356,4.52243
4.11668,1.93521,2.37107,4.30122,4.72773,6.52747,4.14157,4.65844,6.27428,3.27589
3.59429,3.4851,2.64045,3.252,4.98858,5.03112,3.15267,3.60878,5.75555,4.41113
3.14886,4.87012,4.28372,3.76613,3.40541,2.97819,6.03643,4.36621,3.21226,2.51123
3.34941,2.40624,4.537,4.41811,5.32604,4.2656,4.58105,2.90406,2.85647,3.8968
3.31212,2.36271,3.44865,4.28575,4.92532,3.40848,3.35023,3.1171,5.43652,5.55616
3.82283,6.03149,5.7958,3.6424,2.16323,2.28909,4.5391,6.44367,3.71501,5.05109
3.96781,3.51598,3.88138,3.04089,3.68937,4.08585,3.78795,5.56916,3.79205,2.72487
4.54013,3.81253,3.71345,3.47979,4.06903,4.09242,3.46863,2.68678,4.4814,3.83059
3.77683,4.22268,2.22199,4.73218,5.33501,4.14983,4.11907,4.59935,4.32495,4.58674
3.2583,4.21564,5.7921,4.61867,5.64499,5.54977,4.94433,3.61953,3.87902,5.69963
3.919,4.92183,4.75617,3.98019,2.92193,3.62458,4.75082,4.63445,3.34842,4.77428
3.27812,5.22703,4.27273,3.75049,5.25945,5.0506,4.18369,5.57473,3.8839,3.71327
2.55671,4.15885,3.96483,4.0441,4.18708,4.53972,4.04803,4.1976,2.43757,5.29178
3.52895,3.01471,6.29837,3.2999,3.80251,5.60357,4.34225,2.92664,4.05677,3.30687
3.98909,3.90241,4.82474,3.94772,3.36038,3.97395,3.39115,5.26306,4.75335,4.09525
4.8222,2.375,4.81421,6.32546,5.00269,4.54546,4.78394,4.53642,5.3435,4.84572
3.43209,3.81032,2.63078,4.03316,1.81616,2.01033,4.25335,3.04011,3.87174,4.01738
3.30223,6.1313,2.44801,3.82429,4.18268,4.46472,5.47449,4.10666,5.4954,4.65285
2.70012,5.49057,4.63179,4.9185,4.89641,4.69386,2.87231,2.64376,2.9331,3.40927
3.21111,4.36283,4.21581,4.52793,3.55043,3.48702,2.32193,2.42594,3.54179,3.26705
3.86612,4.7554,1.93145,3.94346,4.33429,2.82828,5.53538,3.51383,3.42073,4.56695
4.73067,3.98697,4.29402,3.24236,2.43775,4.33921,4.61067,5.22734,4.23797,4.9422
4.23545,1.93917,4.40133,3.90053,3.83148,3.83028,3.14743,3.82306,4.64674,5.38468
2.92789,3.99328,5.23689,5.2706,4.39734,3.90725,5.00194,3.68461,5.11995,1.63149
4.51457,2.56163,4.40863,2.88239,4.04058,1.74927,3.33882,2.91209,3.71303,4.28782
5.37244,3.72022,2.26855,3.63205,5.24932,2.50009,3.25012,5.88173,5.47054,3.41429
3.95073,4.14161,4.86585,3.05101,3.11337,4.83515,4.77999,3.60946,3.35526,3.91423
3.76112,2.55134,3.64196,5.25632,3.34856,3.48464,3.48812,3.7245,4.66223,3.87472
5.48762,2.95877,3.94211,3.07163,3.82618,3.04383,3.7563,5.64572,4.8727,4.03068
4.31409,6.03761,2.49944,4.70013,4.69196,3.67777,4.35375,3.91579,3.33585,2.32432
3.29722,3.1864,2.65817,2.98928,4.49391,2.48885,5.17393,2.74072,2.16566,3.78393
3.70048,3.68849,1.87305,3.77964,3.50673,4.62788,4.38732,4.94374,4.16529,1.27597
4.72496,3.24316,2.01028,4.68179,4.81139,3.24508,6.51222,4.82254,4.54614,4.25409
4.7615,2.834,3.68159,2.17915,3.94826,3.19263,1.86415,3.81501,3.74184,4.43079
2.68219,4.65212,3.07187,4.27709,5.94292,2.39867,3.66545,4.53158,4.5496,4.28164
3.81935,6.46984,3.99085,2.60159,3.77701,4.62754,4.80671,5.00272,2.82505,3.72762
5.37575,4.32409,5.05611,4.12326,1.75863,3.14185,3.59375,2.46408,4.18345,2.85655
4.03595,1.40047,3.2012,4.64035,4.72582,4.51779,2.94177,4.76137,3.2535,4.10084
2.99409,2.48115,5.15769,5.097,2.94339,4.76642,4.68302,5.35841,2.78465,3.445
4.60223,3.9305,3.73555,3.39351,3.95311,4.50821,2.9101,3.42059,4.14726,3.92311
5.48561,4.01679,4.76255,4.25671,4.32518,2.86402,4.2724,2.11084,3.98226,4.6979
3.686,3.48089,3.87711,3.9193,3.08041,4.80097,3.26802,4.16412,4.11219,5.18516
5.07792,4.46383,3.82635,5.74263,2.92685,3.63532,2.8872,3.39572,5.55957,4.65469
3.06441,4.95393,4.10525,4.29817,1.89823,3.85333,4.30266,5.35611,5.31201,2.57317
2.88909,2.7526,4.08044,3.93017,2.39258,4.11909,2.76558,4.04201,3.44354,3.43775
3.06955,3.83782,5.44949,2.77341,5.25706,4.919,3.85547,3.63632,5.19424,2.85045
4.66042,5.09162,5.16041,4.33023,3.14213,5.00791,3.00022,4.584,5.112,3.49099
3.94884,3.98766,4.00654,4.93935,2.59102,3.92397,2.37721,5.39987,3.84333,3.99183
4.62137,3.28518,2.69426,6.14028,4.5817,3.20083,4.76973,2.86247,5.60375,4.61288
4.12741,3.80761,4.29615,5.65377,6.02666,3.83484,4.07466,3.66776,2.63258,4.52408
2.66544,5.13686,4.39966,2.33229,4.96397,4.12566,3.00643,2.24726,1.74978,6.64823
7.54063,5.49236,3.83299,4.84867,4.41072,3.37828,5.92175,4.80706,4.5034,1.9069
4.01228,3.2681,3.40443,2.92449,4.85641,4.46622,3.31557,5.28021,2.09902,4.901
2.97854,2.98191,3.56756,1.78931,2.82735,4.61491,5.0426,1.76611,6.50766,3.04445
4.16314,4.82688,4.46464,4.49257,3.00195,4.81293,4.68508,2.95738,4.9736,1.85431
5.28457,5.02083,6.32088,3.13804,3.99428,4.65478,3.04087,2.81572,4.03084,4.92439
4.27848,4.78527,4.00326,4.99123,3.53557,4.13874,4.04787,3.76122,4.64462,3.84532
3.68538,5.6262,3.8369,4.64141,3.89494,4.51378,4.30032,3.48245,3.82138,4.55008
3.16578,3.60656,4.04996,3.9561,3.96481,4.9752,4.05365,3.90011,5.11195,3.49275
3.53554,4.96276,4.39159,4.97867,3.86819,3.65308,4.12645,6.19069,5.05594,5.20553
2.6869,4.93585,5.03822,2.86007,4.43699,4.45273,2.26602,4.46181,4.57579,5.13016
4.66031,4.58253,3.25502,4.19825,4.41689,3.09043,3.77525,5.96885,4.65002,3.83685
3.64183,4.50019,5.30054,3.87215,3.20354,3.35729,3.34821,5.8613,4.92048,4.82755
4.55831,4.68024,3.88039,3.3706,3.51828,4.18255,4.98942,5.52228,2.8482,4.71178
3.20269,2.26387,3.84674,3.21428,5.18028,3.72681,4.36277,3.92637,5.08541,4.44476
2.8099,4.22707,3.66846,6.03677,3.84712,6.36619,4.48074,4.54652,3.78909,3.50987
3.6823,2.62083,4.98008,2.19588,3.96567,4.60405,5.08899,4.57547,4.53367,2.56213
3.44975,4.03681,4.26838,4.69532,3.63584,4.86893,4.58121,3.85013,5.09,3.6863
4.66722,3.0333,3.51072,3.56755,4.07262,3.97337,3.24036,4.99147,4.9527,2.45405
2.85192,2.33717,1.4533,4.56154,3.46205,1.93326,4.26721,3.91744,2.83314,3.27976
4.56971,4.46274,4.80167,4.0739,5.87205,5.53057,3.56274,3.99211,3.23381,3.77283
4.43027,3.7227,3.78035,3.14886,4.14829,2.7642,2.55998,3.95509,3.19532,3.64496
4.63715,2.43817,3.36266,3.36803,2.85416,4.61636,4.52992,4.49183,1.7966,4.34819
6.0974,4.31244,1.74249,5.27854,2.32331,3.89247,4.0309,4.50741,3.42793,3.35244
3.13281,3.48384,3.66359,4.70553,4.15231,3.32403,4.71651,4.17387,3.76575,3.91901
2.6651,2.24054,4.48748,2.487,3.47616,5.32852,3.78881,4.32393,3.98226,3.95464
5.04409,4.32183,4.909,3.99463,2.57938,3.72273,3.83155,3.55007,2.91638,4.25252
5.23784,4.42198,4.44978,3.58737,3.75521,5.13726,6.69163,5.19677,3.06204,4.89169
4.72114,4.62691,5.90449,5.77411,4.64791,4.81808,3.34801,5.62035,4.22312,4.71469
4.94062,4.75318,3.28621,6.53319,4.06218,2.78772,4.59246,4.24383,4.15156,2.7661
4.49127,5.62764,5.31471,4.65716,4.93216,3.95401,1.94688,4.00417,3.96285,4.36757
3.62904,3.89464,6.34223,5.49447,4.47679,3.07826,3.47917,5.06171,5.47855,4.31387
4.76811,4.70949,1.92033,4.34618,5.06588,2.92795,5.76487,4.07638,3.45528,4.06469
4.58981,5.12732,5.27125,5.04356,5.60182,3.92071,6.7713,3.38141,4.09491,3.33133
2.73341,5.37329,3.15891,4.02802,3.79266,4.39015,1.92294,2.32032,5.7368,5.53725
4.21874,4.78118,3.0528,4.20822,3.76828,3.74609,3.8275,5.1036,4.18188,4.36457
5.20966,4.70401,4.59352,4.28779,6.65646,4.93434,4.95582,3.78825,3.98841,3.50306
3.15385,2.48389,5.08181,5.93777,4.26613,2.75172,5.57045,4.27545,3.96751,4.01264
3.28497,3.55081,3.09159,3.18577,4.20446,5.18485,3.0449,6.07432,2.88793,3.59822
3.15162,4.29893,3.83021,5.42022,4.84435,5.29097,3.35923,3.47309,4.85947,5.21338
4.02595,3.13569,5.37185,4.47963,3.10896,3.05761,5.90397,5.50311,5.11488,4.43245
3.00767,3.58866,5.61737,3.53811,4.17077,3.05759,2.85016,4.12049,4.80379,4.57132
4.54662,3.99743,3.25887,2.78594,2.0793,4.70685,3.56096,4.33716,3.0745,1.98929
2.62592,3.33531,3.33376,5.15905,2.63084,3.53394,4.8936,2.42886,3.48807,5.38286
3.43818,4.96166,4.51971,3.55816,3.08482,3.50341,5.73331,4.41179,4.36756,4.55224
3.48905,4.2399,4.5239,3.79985,4.50574,3.13637,2.98317,3.99522,3.62884,2.21128
4.46159,4.71071,2.05322,3.22422,5.06351,2.98702,3.99947,3.03973,4.08172,6.29297
2.80802,4.29064,4.69156,3.29431,3.78191,3.24043,4.75738,3.99791,4.44951,2.69407
5.47214,3.07154,2.41247,4.11083,3.26497,6.09052,3.93817,4.60612,4.82857,2.15224
2.57412,4.60616,3.60491,4.76509,4.88514,3.15461,5.43964,5.51446,3.62013,4.36545
3.27907,4.00774,4.64677,1.88546,5.09174,2.39908,3.21933,4.30444,4.60685,3.33017
3.51857,2.86756,4.40038,4.09815,4.31471,4.51389,4.26277,5.15396,2.79647,4.26367
5.12169,1.931,4.47448,1.45384,4.47282,2.44588,4.99885,3.96998,3.05012,5.36301
4.20058,6.33744,2.51846,2.746,3.51506,4.53271,3.72148,6.05386,3.69801,4.83294
2.98245,4.02088,3.24143,4.50319,3.28651,4.24016,4.13792,2.82357,4.38941,4.96071
4.12059,4.30478,2.37161,5.66487,3.11428,2.72883,3.44729,3.82996,4.25903,4.03206
2.51597,2.28301,4.09585,5.54322,3.31379,5.83655,3.07777,3.21562,4.7116,4.06996
3.56727,4.33689,3.8634,5.13341,4.17459,3.16808,4.4715,4.90509,3.45049,3.39277
3.49444,3.92593,2.37334,4.78132,4.40053,4.41455,4.02535,4.70873,4.41475,3.40488
4.62898,3.84901,3.62411,3.35073,3.37196,4.46774,6.73214,4.34572,4.87272,2.7261
3.95676,4.56871,4.58816,3.72273,2.39682,4.22025,3.67011,4.00917,5.29403,4.44799
4.01203,3.2599,2.56799,3.83723,4.37662,2.72929,3.40712,4.93295,4.03942,3.78806
4.11253,3.27333,3.92244,3.46628,2.67036,4.1897,5.56627,3.06806,3.30149,3.20541
4.85329,5.89323,5.01483,4.20387,3.14191,4.81516,4.86865,3.87527,4.79213,2.72744
3.70312,3.5953,5.20786,4.53921,5.46848,4.00414,5.93952,3.5374,3.22967,5.49806
3.52774,3.95962,4.1309,4.90476,4.77188,5.55868,4.14015,1.95308,3.95074,1.99022
4.64522,5.89031,5.84377,4.47809,6.33395,3.9218,4.00432,2.94201,3.69119,4.05959
5.09305,1.84535,3.38611,2.51287,5.12788,3.16738,4.91245,5.25848,3.86429,3.40046
3.84334,5.7768,4.20122,4.2671,3.52548,3.77046,4.22258,4.98204,2.86237,2.97121
5.58402,3.75664,2.73376,3.35065,5.28739,5.6121,4.52834,6.53425,3.25144,3.49582
3.60767,2.78682,5.09513,4.04794,3.75528,3.84046,2.79421,2.12675,3.55048,2.63552
3.9038,4.88946,3.48329,2.20618,5.74314,2.93553,4.52289,5.24744,4.33247,4.07779
4.19115,5.29896,3.42557,4.54471,3.5182,3.85555,3.74098,5.17133,5.61071,4.22158
3.28876,3.77537,3.81237,4.52565,4.17728,3.44269,4.9109,3.16382,3.14837,3.28264
5.33187,3.793,3.82032,3.47401,4.75503,4.75797,3.64547,4.15294,4.54363,3.24934
1.21883,2.48555,2.94254,3.23174,3.81753,4.20566,4.10245,3.32628,3.41489,3.36736
4.17663,3.98968,2.58169,5.22363,4.48871,5.8542,3.4981,3.50962,2.35246,5.67559
1.91352,3.57131,5.89603,5.0946,4.16791,4.74747,4.2683,4.77739,3.66885,4.81674
3.74395,4.01913,4.56677,4.04892,4.78467,4.6927,3.67587,1.11285,2.96578,4.64697
4.99467,4.49024,5.89435,5.82785,2.83359,4.06,5.53401,4.93527,2.7584,3.61954
4.40952,4.03053,5.76027,2.67618,3.90414,4.4282,2.85707,3.88663,4.55075,4.71718
3.93991,1.82273,3.96806,5.44443,5.90392,4.10251,4.61235,6.88299,4.5532,3.74106
3.80618,4.1289,4.3005,4.72573,3.8205,4.83184,2.06889,3.79295,5.19118,4.11207
2.16401,4.35875,4.30604,4.74988,3.74669,2.50585,4.8326,3.0591,3.85337,4.74426
2.20073,4.81472,4.15071,4.77438,3.46824,2.02033,3.39177,3.54491,4.27455,5.96826
3.66056,5.3454,4.813,5.24082,5.18861,2.66207,3.47125,3.45654,3.3644,5.07225
3.87231,2.75159,3.99675,5.59512,3.10872,4.39818,5.16632,3.82658,3.87644,4.44804
6.08548,3.71642,2.36231,4.68015,3.35577,4.49089,2.78518,3.28625,3.75308,5.20595
2.85257,4.11009,1.93294,6.43665,4.80843,0.382739,4.6505,4.72763,3.79857,3.76594
3.57218,3.37178,2.97122,3.97148,3.31046,2.02283,3.51833,3.63575,5.85849,5.55557
6.01819,3.37077,5.70484,2.76351,3.45484,3.46094,2.54323,3.11122,3.1705,3.23698
4.44082,5.12575,3.83533,3.44458,3.69274,3.65433,4.65046,4.53827,3.77298,4.72013
4.53085,1.98578,4.16341,4.37269,4.64874,3.83064,3.25566,3.58994,4.10688,4.79751
4.11427,3.66343,3.94132,2.79771,4.2635,4.32856,3.61896,5.09887,3.11898,3.07012
3.81496,3.20936,4.64338,2.05065,4.94122,4.2914,3.3746,3.7703,2.92763,4.35297
5.17117,4.56788,4.86092,4.89984,4.1411,3.73337,3.11195,5.49978,4.66316,4.87911
4.30819,4.09996,2.86768,2.27253,5.23826,4.27203,4.50304,4.12488,3.58475,3.93249
3.94761,6.06165,2.4324,2.58344,4.4188,5.05166,3.44359,4.15717,4.22902,5.11877
3.87079,5.42854,3.5022,4.09139,4.6461,3.81079,3.28414,3.6885,4.6768,3.3424
4.85963,3.31842,3.85976,4.39176,4.50929,2.17648,4.75339,3.52528,1.09417,4.81204
5.72632,4.5985,3.95953,3.71435,5.80411,4.3087,3.12593,4.32359,2.93583,4.55645
4.09495,4.80568,3.57202,5.10404,5.77144,5.12756,3.03517,4.51185,3.27177,4.73585
3.1032,3.19063,3.54937,3.29522,4.39404,3.54794,4.27825,4.18607,4.24815,5.63704
4.35112,4.11569,3.32783,5.05413,2.66304,4.88027,7.26851,4.52051,3.48319,3.55493
2.42993,4.47898,4.53936,2.8518,3.37409,4.90225,4.56347,2.67741,4.452,2.75873
3.96089,3.69847,5.42174,4.79454,2.58272,1.29896,4.81512,4.013,3.91946,2.22417
3.47132,5.24137,4.95328,3.37512,4.66142,3.80104,3.87743,4.82682,3.74923,2.4601
3.38546,3.23432,3.94181,3.81265,3.40657,4.0509,4.04081,3.05574,4.90422,2.94481
3.77439,6.6114,4.18013,3.46751,4.89985,2.07969,5.09053,4.9757,3.43947,2.6516
4.98253,3.7035,4.6491,3.92332,4.07,2.69672,5.01626,5.93847,3.76701,4.87904
4.73812,5.09283,2.03737,3.90212,5.55459,3.99633,3.60239,5.60568,5.54783,4.64815
2.83207,3.86512,2.75823,3.73807,4.62899,5.7345,4.55982,3.77345,3.49118,3.92833
2.71289,5.66894,2.55812,3.49655,4.55816,4.2393,2.26417,5.88911,3.90685,2.64381
3.14423,5.65387,3.75148,6.76195,2.75191,3.54995,5.02178,2.74872,4.99403,4.80179
4.733,3.68582,4.63903,5.37173,1.63104,2.09635,3.43929,4.06746,5.45511,2.94006
4.30638,4.25953,3.69721,5.7373,3.76139,6.32662,1.90962,3.64979,3.09071,2.98336
3.50449,4.16759,4.70759,3.04766,2.94615,4.42172,3.42198,5.13533,2.80804,5.00225
4.64444,3.54425,3.56402,3.54621,3.85904,3.94312,3.87913,4.0176,5.31745,3.36131
3.69137,3.56162,5.90459,2.5977,4.1598,4.86541,3.16743,4.18705,3.93437,2.85278
4.50708,2.25608,4.09972,2.5642,4.97014,4.84589,4.14441,3.47348,3.43767,5.92636
4.80595,3.35105,5.99794,3.24141,3.35346,2.416,3.49912,3.94821,3.02164,3.51441
5.33876,6.53303,3.6891,4.47715,6.30765,4.55513,4.68113,3.18558,2.79064,4.35037
3.97226,5.12349,3.51794,3.85499,3.73876,5.87987,4.19809,3.73171,4.23245,4.04884
2.75799,4.55695,1.77587,2.88694,4.32887,4.97554,3.95292,5.56694,4.93369,3.82906
6.35122,4.5864,3.57869,5.25636,4.69581,4.45909,4.77617,3.39525,3.56779,4.24283
5.60822,4.29261,2.96281,5.12925,4.20848,2.82345,3.97588,3.79733,3.60314,3.60346
3.94996,2.37774,4.23982,3.7567,4.81374,4.57604,3.55843,3.91952,5.03025,3.28558
6.16747,3.20332,4.37769,4.89303,4.37471,3.03283,5.17459,3.89582,5.37574,4.62775
3.84754,3.84042,4.82196,5.62573,2.9275,5.12476,3.93353,3.47741,3.56265,4.29685
3.63783,3.66664,3.47736,2.97919,4.46391,4.85227,4.52869,2.91455,3.72159,4.91275
4.27958,3.95898,4.23951,5.26776,2.79349,6.45543,3.46527,3.86959,5.0246,3.70843
4.42965,3.70727,4.92046,5.53684,4.3378,4.02462,2.91597,3.73674,4.593,4.76212
4.03184,2.46586,3.75466,4.43848,4.81715,3.20118,5.51434,4.15545,3.21509,4.79297
5.05422,5.30903,4.25565,2.5705,6.30922,3.38427,4.009,2.67952,4.4664,3.98392
2.30398,4.2339,2.81039,4.13679,4.42248,4.71624,3.57131,4.07002,3.88303,4.20966
4.6274,3.20849,3.71221,4.74735,3.24898,5.25635,3.7841,3.98628,2.56269,3.47738
5.26667,2.8961,4.28862,5.50572,3.22538,4.14486,4.32443,3.72792,5.14317,3.15878
4.12062,4.4466,5.23407,3.16796,3.32745,4.68754,3.47777,5.16585,3.04774,3.04707
4.26053,4.42251,4.16586,5.26553,3.20976,4.96581,3.53585,3.77099,4.01006,3.16531
2.96857,3.77241,5.59134,3.28852,1.98551,3.12559,4.16255,4.35794,2.9174,3.29527
3.32648,3.98872,3.12032,3.9219,3.13821,5.37013,5.0544,4.44479,4.55973,3.7037
5.22741,4.11056,4.653,4.19709,2.83702,4.00242,6.06029,3.25072,4.48661,0.925314
3.21616,2.7253,4.83412,3.86599,3.09645,4.83658,3.34907,2.87454,4.40046,5.11602
3.52722,3.62918,4.49368,5.37057,4.35134,4.99315,3.79306,4.22689,4.17736,2.35786
3.27785,3.98936,3.1849,3.82068,4.0044,2.76744,4.49757,2.93601,3.52284,2.78413
3.45856,3.62842,4.87923,5.1855,4.45363,3.60065,3.2529,2.28896,2.90852,3.90934
5.31893,4.5272,3.53289,5.46713,2.77412,3.33573,5.36583,4.35187,2.81106,4.07929
3.38285,4.95501,3.39287,1.05543,5.73229,3.79486,4.63686,3.83255,5.31473,2.97656
2.72854,6.50292,4.55259,4.71039,4.08026,3.0967,4.5695,3.16399,3.74984,3.81316
4.64128,2.58788,3.47601,4.5266,3.23348,3.2453,4.7524,4.49022,5.83211,2.21521
4.5951,3.73278,2.64272,4.09691,3.84259,3.20853,4.82554,6.14484,3.48743,3.19974
4.33446,3.9518,3.20024,4.11492,3.00381,4.04965,3.41437,4.19359,5.43997,5.89982
1.84697,4.71564,4.00259,3.19068,4.66003,4.22121,1.98491,3.51141,3.85524,4.33418
4.41308,3.55259,4.45982,4.7292,5.03688,3.71881,2.4819,3.68544,3.55633,3.75466
3.01009,3.5499,3.515,4.4112,4.90585,3.13468,4.90703,5.06053,2.82247,4.36767
3.35024,3.51764,3.61547,3.74689,5.38224,3.8443,3.82203,4.05525,3.69438,4.25876
3.54954,2.19668,5.58104,5.49347,3.95134,3.65125,3.15934,5.45508,3.95202,3.18152
5.80965,3.96191,5.59975,3.67974,4.65783,5.31197,3.22624,4.36713,5.16233,3.3219
2.87755,4.09866,4.05067,2.28056,5.22063,3.81781,3.58519,2.53075,3.12965,2.10145
4.0029,4.49003,2.60461,5.83395,3.76944,5.12767,4.86142,4.51545,3.33737,3.88872
3.30637,4.8065,4.27982,5.99377,4.02876,5.42933,1.84198,4.19876,4.2616,3.23338
3.80408,4.53259,3.84448,4.71698,2.78176,4.28345,3.60339,3.57494,5.38629,3.97357
4.03947,4.26501,3.99327,4.59674,2.86968,1.95128,3.63708,4.66128,4.14635,3.2018
5.38612,3.36168,4.87999,4.39568,2.95361,2.96965,2.95325,3.53726,4.00627,3.29989
3.99956,3.27301,4.37596,4.7775,3.45659,3.55994,3.29443,3.45306,3.65539,3.82146
4.2623,2.7179,4.87207,4.00176,2.74148,4.2959,3.59511,4.08938,3.86881,2.19657
4.23257,4.53673,3.0362,3.6742,4.04031,3.67571,4.5936,3.12843,4.36812,4.72492
4.32226,3.5244,5.70722,4.55891,3.51783,4.1792,5.09691,4.5005,2.52697,4.17973
4.14661,3.31342,2.09064,5.46058,2.76272,2.79013,3.64686,4.51076,5.22549,2.17518
4.23965,2.67306,4.38647,3.09822,3.8003,4.90895,3.7236,3.25571,1.8281,4.43434
4.46288,1.47067,4.60317,3.86141,3.18327,4.99184,3.00778,4.12557,4.26247,4.83449
4.30446,5.10461,2.65831,4.0639,3.79255,5.72641,5.15653,1.69204,4.2855,4.81342
2.87772,3.20811,4.57369,4.38999,4.69589,3.67303,3.90536,5.45344,4.48923,2.74105
4.12734,3.66185,3.16278,3.61096,3.14798,2.69973,5.6468,4.64674,4.31006,4.34762
4.71749,5.28782,3.65653,6.05268,5.36085,2.8769,5.82291,4.01252,5.27457,5.68671
4.49769,3.03167,3.7555,4.70495,4.04154,1.789,4.18765,4.34907,4.39065,5.97608
4.43139,3.24817,2.59686,2.58209,4.66185,3.04636,4.97815,3.15495,3.95659,4.21939
1.63281,4.62963,5.607,3.84382,5.30066,3.27171,4.68103,5.00457,2.82493,5.45618
2.14512,2.34917,4.07371,3.55752,3.98675,3.83503,3.16011,3.28672,2.97672,4.70532
3.99076,2.38783,2.81306,2.99891,1.40549,4.71,2.9531,3.65437,4.12403,4.59124
3.69092,4.94327,4.209,4.2609,3.40049,2.55017,5.39474,4.28394,4.85227,5.88686
4.25299,3.33758,2.86864,3.79579,3.75639,4.40323,4.84315,4.4844,4.49183,3.56962
2.53299,6.13965,4.04321,2.98828,4.00096,5.25957,3.15376,2.76915,3.67393,4.73642
5.03071,4.10146,3.33383,3.51097,0.835251,2.36873,6.07244,3.20733,4.90018,3.52619
2.60105,3.84957,3.81666,2.58778,3.89647,3.30595,3.41459,4.65675,4.95648,3.75818
4.31814,4.22324,4.61078,3.60254,5.44174,3.35629,5.15333,5.61269,4.27973,4.18474
4.33908,3.62435,4.42005,3.41273,4.66461,3.86291,1.79839,4.58183,2.87452,4.8403
5.05288,3.03632,5.4628,3.80646,4.83076,4.50735,2.70446,5.91647,3.11082,3.89726
2.54676,4.24827,3.43635,2.69933,4.44193,4.84022,4.01785,3.08603,4.52607,1.98143
4.99199,4.31096,3.58802,3.50228,3.18737,3.32523,3.79157,3.07934,3.85913,4.13547
4.07046,1.98158,3.27579,3.85841,4.16353,3.75044,3.31544,6.73721,3.95134,3.95783
4.87427,2.91096,3.44081,2.60682,2.11631,5.73589,3.61068,4.31452,2.27215,2.52904
2.84106,3.42102,3.50866,3.13646,4.16647,4.55977,2.63545,4.70064,4.29557,4.48392
4.8433,3.70518,2.16491,4.34734,5.89858,3.46752,4.425,3.9852,4.16132,3.83206
5.05249,5.61967,4.51888,3.52542,2.968,4.65348,4.55508,4.48732,4.14044,4.15863
3.66387,3.5776,2.93123,4.30836,3.87499,2.74137,4.57972,3.78421,3.9668,3.54328
3.26131,4.07568,5.00522,2.54683,5.06287,4.83105,3.52196,5.58087,4.33717,2.00596
4.69778,3.89194,4.38485,4.97711,6.08087,3.87318,2.86291,4.80605,6.38809,4.56731
5.08057,2.56428,3.67858,4.76527,5.69144,3.88757,3.18181,4.50954,3.87296,3.40087
4.17276,3.7255,5.72801,4.55076,4.0944,1.41916,4.21158,3.3938,5.7517,4.01862
3.5426,3.78907,4.18827,4.54271,2.91438,4.45766,4.26713,5.60687,4.49234,2.84105
5.40318,4.16226,6.20611,4.64842,4.59454,3.33978,4.10784,3.99012,4.34201,2.89213
4.78604,2.70894,4.40685,4.10942,6.87736,6.94723,3.78847,5.74587,4.64275,4.58372
4.6565,2.9114,4.10497,3.70626,3.63712,5.05535,3.91087,4.99428,3.54054,3.76
2.47219,4.05856,3.75976,4.13533,5.95867,4.91258,5.23135,4.5255,5.2815,3.77217
3.99686,4.07122,3.91193,4.99272,5.30298,4.95591,2.66534,5.34745,5.9834,3.3716
2.82068,2.09422,3.19823,4.90171,2.54696,4.95226,4.43728,2.80076,3.32557,4.8647
4.94726,4.06952,4.75051,3.28138,6.06417,3.67272,3.12209,3.68296,3.12797,5.78149
4.26748,4.02256,4.7253,3.92584,4.95668,3.47297,3.97493,3.58194,3.072,5.83611
2.9796,5.88345,3.43477,4.71538,3.33239,4.57873,5.48468,4.9981,3.21374,5.03971
2.72343,4.91518,3.42968,3.37325,3.11881,3.30729,4.40944,2.33498,4.45935,3.55467
4.81478,5.28228,4.53492,5.46111,3.29118,0.745476,4.08897,5.38809,4.79613,1.74683
3.45353,2.41672,4.27926,3.96869,4.57554,3.94361,3.38805,3.7104,4.3567,5.19724
3.74952,5.95535,2.97562,2.04523,4.84875,3.78452,4.89326,4.50493,4.10549,4.87223
4.3339,3.79739,3.00709,2.65597,5.55581,2.86874,4.55913,4.18673,4.38518,3.95758
1.81183,3.40472,2.83338,3.51515,3.71287,3.28487,3.76736,4.26576,4.26586,3.9561
5.01345,4.41139,3.77598,5.31536,3.37397,4.36545,4.1376,3.55065,4.32725,4.95928
2.73658,3.38435,4.5567,4.30744,3.46967,4.26561,4.60331,4.04759,4.35698,4.23555
2.176,3.60695,4.60453,3.36266,4.40588,4.39939,4.81991,3.82877,2.61222,3.82221
3.2434,2.30873,3.61981,4.312,3.67522,3.87249,4.50567,4.61214,1.25876,5.80977
2.96489,4.59753,5.01273,3.27897,2.92441,3.79535,4.1409,4.03635,4.75676,4.08224
1.6659,5.57411,3.64717,4.6841,4.18835,4.84409,5.12318,4.41062,3.57871,3.55755
5.04411,4.38247,2.354,3.44671,3.72151,2.91761,4.36304,5.27598,2.8615,2.63799
5.3345,4.97786,3.46557,4.3327,6.15972,5.76556,5.35423,3.18184,5.36678,3.64352
4.68579,4.50464,2.80474,1.97965,2.85854,5.9185,3.53597,5.2719,4.04071,5.1821
3.66427,4.41331,3.47491,3.6865,1.81563,5.2361,1.65582,5.98521,2.70296,5.49479
5.06962,3.86381,3.21479,4.29755,3.97199,2.988,5.90443,4.93179,2.91563,2.56462
4.01682,2.92423,4.95666,3.7935,3.09931,6.10874,4.58927,5.35879,4.88469,3.51707
5.40603,3.94593,3.9823,3.72174,4.98923,4.04096,3.26137,2.6554,4.44754,2.81543
3.48458,4.32118,5.30175,4.18968,4.67947,5.15034,5.48379,4.58686,3.95462,4.28788
3.62365,4.26416,5.35604,4.90258,4.7735,3.29362,6.91309,3.59231,5.45495,5.80093
2.40744,4.62338,5.67269,3.97329,3.01893,2.71469,3.86129,4.72137,3.88623,2.3662
4.50415,4.31762,4.84319,4.37626,5.33575,5.15446,3.07243,5.43345,4.29489,4.56274
3.76891,2.67016,4.98923,4.59039,3.8374,2.2143,3.86238,1.8937,0.754768,6.10639
3.77065,2.76508,3.32313,4.33369,1.50361,3.44099,4.45181,3.8636,4.82633,3.63595
2.89534,3.68577,3.51024,3.10092,2.42324,3.97098,4.64873,4.22267,2.98888,2.83362
2.96063,4.14089,2.69082,5.30418,3.9138,3.64043,2.56537,4.74411,4.11613,3.20705
2.99814,3.27139,6.46895,2.86956,4.22206,4.47972,5.32025,3.66741,4.44562,2.86504
3.81722,2.99071,3.25594,3.35803,3.77871,2.77331,2.86497,3.63502,4.29713,2.35401
3.56157,3.40071,3.37488,3.53569,3.90033,3.57049,4.71281,3.34114,2.51822,4.97415
6.42893,3.75548,3.94202,4.58615,3.22959,2.82101,3.99448,3.49472,3.5598,4.36251
4.94892,3.11956,3.19541,3.76692,2.14099,2.79349,4.47429,4.03465,3.17483,3.08747
3.50037,2.96012,3.14834,2.61056,2.86471,5.84919,3.43771,5.23435,4.08181,3.08842
3.67727,3.06221,2.36531,4.94038,6.04817,4.49234,5.14506,4.99118,3.09406,4.93799
4.75357,2.74251,3.54182,4.83955,4.06105,3.14858,6.16217,3.38824,4.03448,4.44294
3.17972,2.91162,4.71534,5.92489,4.2083,2.36593,3.26189,4.1598,3.86196,4.26954
3.89896,3.05846,4.9253,4.81917,3.67374,2.88416,4.12283,2.80251,6.83932,4.85933
3.62646,4.32272,2.75605,4.71147,4.36143,2.69871,4.23573,2.18741,4.94372,4.3532
4.02745,3.9293,3.89433,5.80014,2.34967,4.29931,4.82655,4.00507,3.08229,2.92021
4.14723,4.45197,5.1709,3.55561,4.49029,4.3309,3.90528,3.97924,5.84102,3.15432
3.58431,3.9135,3.46407,4.08551,3.88084,3.20721,3.69411,2.22233,3.40789,2.62403
3.8237,3.97898,4.48573,4.83407,3.56885,4.3254,4.39975,2.83632,4.68832,2.78534
5.8895,2.87707,4.37461,3.68061,5.83354,2.85008,4.75994,3.64796,2.48215,2.05207
3.10758,4.78024,6.19657,5.32864,5.05163,3.38981,4.53931,5.50653,5.16555,4.89587
4.32746,2.97811,5.37766,3.61719,4.10088,3.84623,4.2722,4.56469,6.15438,2.69781
6.04357,3.82798,2.11209,4.24746,2.2433,3.43332,5.1712,4.9351,3.04603,4.16346
3.20243,3.61814,5.39955,3.72926,3.23805,4.11805,1.82235,4.37693,4.29414,4.5731
4.91516,3.62211,4.84253,5.40182,3.97704,3.78682,4.48517,4.23333,4.80512,4.67069
4.35565,3.69345,4.23447,4.96101,2.88587,3.51034,3.86938,3.59763,4.50043,5.12366
3.71614,2.82613,3.18508,6.39033,4.36363,4.13796,3.51199,3.22777,2.80428,4.3199
3.46729,3.706,5.35943,3.19866,2.99525,3.40661,4.63976,4.60022,3.70599,5.19612
4.62358,4.45597,2.42405,4.21597,3.40634,3.54019,4.15054,3.17923,3.42193,4.53682
3.08565,4.96836,5.36597,4.39308,3.70721,4.53525,3.69093,5.30358,5.42913,2.82924
3.22755,2.53813,3.95373,4.60673,5.25404,3.7776,3.2347,2.7031,2.38117,2.694
4.64647,2.33415,4.4746,4.24421,3.70415,4.6451,3.77029,4.9658,3.95073,4.31517
4.08867,3.81067,2.28339,4.32281,1.61188,4.1572,6.47935,3.57766,4.51111,4.74469
4.08678,5.10172,4.22805,5.80709,4.55068,3.19809,4.53411,4.22145,3.83034,4.30476
4.81715,2.70276,3.47346,2.4178,4.26103,5.05218,5.15649,3.35367,3.92298,4.50384
4.32684,5.30295,3.68769,3.86669,4.38375,3.43756,3.90644,5.27678,3.44596,4.05435
3.1988,3.42229,4.97075,3.05212,5.58276,3.62034,3.75339,3.87804,5.73093,3.02785
2.3347,4.60571,5.521,6.54535,5.5873,4.52179,4.62193,4.73189,3.87932,4.71064
3.43793,3.90623,3.13645,4.58499,5.08332,4.8024,2.27973,5.5933,5.11843,4.63243
2.84756,5.82965,4.68611,4.80187,3.80009,3.42386,3.42441,4.21724,2.53506,5.51024
5.32351,2.61702,3.589,4.04329,3.98339,4.35053,5.22386,5.1557,2.013,3.40154
2.0211,4.037,2.54951,4.10354,4.89422,3.07025,2.73767,3.7999,4.81356,4.18502
3.27068,3.14929,5.77479,2.44429,4.45658,4.36324,3.98683,3.56087,3.39017,4.86206
3.91509,5.24305,3.77551,4.25506,5.20194,2.95679,4.54243,5.25738,3.80939,3.86965
3.72476,4.45188,4.00029,4.17277,4.94266,3.96073,2.12263,4.09593,1.9815,4.78651
3.08235,3.93549,5.61362,3.40159,4.12431,5.2251,3.35432,4.29161,1.99561,4.00419
4.0214,4.76492,4.15518,5.51593,3.55227,4.64842,4.47477,3.36932,2.54448,4.16344
2.73798,4.61122,2.71413,4.95249,4.05958,2.57321,2.18146,4.1869,4.86141,3.93334
1.62107,4.90313,2.62822,3.72544,4.75608,2.51482,5.17038,4.23437,3.93701,3.33213
2.89937,4.90236,4.25599,1.8899,3.55176,3.88353,4.40324,5.58734,4.8414,2.74948
5.25474,4.14412,5.98105,4.07415,4.20081,2.55574,3.54779,2.13697,2.2387,5.02729
3.86817,4.30438,2.1899,5.79651,2.95954,3.7849,3.33502,4.00755,4.8105,5.00446
3.61043,1.47162,3.07074,5.47997,3.81811,5.68546,3.33229,4.66825,4.89814,4.53763
3.71719,6.37646,4.94032,3.47336,4.34522,3.46735,4.79727,4.56067,3.95192,5.03659
3.03041,2.22721,4.81176,3.05508,4.44113,3.95094,4.37565,3.58924,5.09464,3.67092
4.90212,3.97028,3.74491,4.97779,2.50379,4.59601,3.51308,3.83034,2.76529,3.88065
6.01764,5.73221,3.66238,3.77553,4.71681,4.33095,1.62829,3.78526,4.89881,2.99549
4.34336,4.84265,2.73641,2.63503,4.28595,4.34463,3.9542,5.40286,3.1447,3.52876
5.0602,4.72084,3.71178,4.72363,4.09603,4.08321,3.68984,4.50411,4.15921,2.28635
4.06793,4.87191,2.07602,3.46872,4.77805,3.1489,5.95421,4.85143,3.64656,3.80426
4.08549,1.99554,5.32619,3.4106,4.58273,4.69166,3.10284,6.08329,3.82186,3.57135
5.03071,4.24283,4.36801,4.13988,5.5486,4.98112,6.05696,3.10906,4.30599,3.3994
5.31511,4.01498,3.7599,4.1931,4.37971,3.84321,2.78696,3.61721,3.68324,3.75234
4.66356,5.2841,3.4044,3.26652,5.78245,4.66772,2.19329,1.71959,4.85462,2.56997
4.63694,4.00169,2.60644,3.67065,3.35597,4.58108,5.5322,3.80437,6.62354,4.90361
3.84982,2.51357,5.28006,3.04984,4.10889,4.66817,2.54785,3.79742,4.17434,4.4639
2.62847,3.97337,5.31835,5.23291,4.98798,3.68279,3.73714,2.71857,4.26176,4.06923
4.11748,5.00752,4.20325,4.79561,4.61654,2.68007,3.033,3.38708,4.6734,4.00694
4.20365,4.3582,4.3555,3.22506,5.02828,3.27256,2.49674,5.77381,3.65841,5.73893
4.40625,4.64019,3.472,4.19146,3.61994,4.33067,4.52552,3.82085,5.09115,3.18709
2.97222,4.54433,5.48767,3.25613,5.23324,5.66766,2.67103,4.41934,4.52126,2.81536
2.80969,3.46424,3.09931,4.44354,5.45549,5.23038,4.19568,5.28842,4.71325,4.48563
3.26905,4.39883,4.44494,4.4888,5.04109,5.25415,3.26968,3.54225,4.73387,3.4306
3.5034,3.2015,1.79516,2.66687,3.23174,3.10234,4.19118,4.73803,5.15166,3.00269
2.55901,4.34797,4.32345,4.35418,4.95617,3.56186,4.94332,4.98039,3.09494,4.66284
3.92852,3.39186,3.80711,5.12159,2.90343,2.79742,2.61779,5.96732,3.31334,3.15565
3.91442,4.16625,4.77046,5.98333,3.15478,4.52548,4.76586,6.21443,3.26175,2.68031
3.87802,5.05835,5.43315,4.50239,3.08888,2.76171,5.68581,4.3835,4.73356,5.89156
4.8617,4.59908,4.24545,3.53422,3.95399,3.25893,6.34481,2.82367,6.07289,2.79936
4.19724,4.52785,4.37959,4.71659,3.12715,4.36392,4.17117,2.55004,4.19999,3.45332
5.29271,4.70524,3.1261,3.74089,4.80312,4.24689,3.57439,2.72262,4.82233,3.73294
3.98945,3.52205,3.53615,3.52112,4.29735,3.32623,4.45198,5.02763,3.76626,5.00077
4.69035,3.25227,4.39527,3.93969,5.02821,3.23838,3.52379,3.29432,4.14067,3.13164
3.83312,2.6112,5.5761,4.88017,2.99518,3.81456,3.29183,4.74394,5.07801,5.11498
3.25614,3.86922,3.83976,3.17394,4.5013,2.76633,3.97165,3.97697,1.70455,6.10215
5.38487,3.23012,3.61025,3.83069,4.93451,4.29639,1.04803,3.93835,4.17373,4.70888
0.324799,3.67616,4.97588,4.35143,4.85803,3.08162,2.18835,4.193,4.5576,1.13868
4.7949,3.70182,4.28185,3.59031,3.74881,1.82932,3.97536,5.51127,4.17872,5.17407
3.95796,4.20919,5.74298,4.10717,4.55455,4.46801,4.65043,5.03522,2.89989,3.37062
4.87565,3.50234,4.01592,4.56499,3.78863,4.41424,5.79299,2.73912,3.5745,3.706
3.67891,4.17525,2.10538,6.28603,4.83532,2.75272,3.79631,4.34983,3.48899,3.45227
4.37136,5.14581,5.18463,1.8142,4.22104,4.06793,3.74108,4.21488,1.16877,3.31826
3.25914,4.98528,5.35795,5.09512,1.8896,3.36406,4.75374,3.31569,2.46267,3.58877
4.17242,2.39639,3.86543,3.81266,5.42361,4.52785,4.73355,4.65785,4.53402,4.26221
3.74512,4.12422,3.84057,4.27448,3.20233,3.47652,2.88566,4.04329,7.3529,3.42639
3.5904,2.6306,4.81117,3.58973,5.13297,4.55012,3.08442,3.61027,4.5482,2.88227
5.00433,4.97843,4.61682,2.94534,4.97447,2.51194,5.63794,4.37903,5.31307,2.20445
3.97814,3.7959,4.53917,4.0903,5.42121,2.10449,2.73637,2.98356,3.25923,2.78599
2.50701,2.66051,4.16082,7.29511,3.9643,5.04938,5.07895,3.67966,2.1776,2.97602
3.93192,4.09158,5.5287,4.4009,3.57063,4.46995,4.27311,4.14096,4.45577,4.06173
3.69572,2.37744,5.53356,5.05604,4.98533,4.68804,4.27986,2.46262,3.67428,3.49615
4.22508,4.39899,4.32146,4.48145,3.1266,3.91646,3.14592,3.27436,2.92393,2.67206
4.99246,4.71151,2.50562,4.35175,3.65611,4.41782,4.50113,2.93125,3.1597,6.0721
7.14717,3.39926,3.67199,3.87304,3.77457,4.01038,2.95054,2.86604,3.64825,4.38909
3.85047,3.28221,3.49924,1.58869,2.99636,4.44212,5.5011,4.37554,3.9515,5.32645
3.97865,3.57682,5.07676,2.51435,3.4851,4.1658,3.97366,3.2035,2.85739,5.60118
3.06152,3.71474,2.21867,5.03215,3.64705,4.58078,6.47808,3.31199,4.07851,3.93992
4.17399,2.98067,4.61575,5.01255,4.68406,4.91553,3.92421,4.29053,5.58863,4.89912
4.79991,4.81627,3.51174,5.47032,4.20944,3.50092,4.52698,4.65495,5.57875,7.01492
3.58406,4.68353,3.91588,4.10919,5.31874,5.82151,4.45081,4.22926,2.42547,3.95168
4.56605,3.62277,5.431,3.10423,5.55781,5.89471,2.24151,3.70116,4.28567,4.75166
3.43725,3.01185,5.22988,4.68665,3.10916,3.10275,5.96203,3.10291,3.66115,4.44877
4.27558,4.75217,4.78901,4.17916,3.9103,2.60242,3.94409,2.18808,4.53508,4.9931
5.76334,3.87655,5.01861,2.53688,5.53117,4.64639,4.82689,4.00286,4.324,3.4945
3.41309,3.82867,3.63031,3.35978,4.09476,5.70847,4.41043,3.2626,3.20956,4.50668
3.56406,4.69778,5.75195,3.39076,4.79197,3.0541,4.06278,3.18526,5.59584,4.42415
4.78285,3.19,3.70491,4.85136,3.62282,5.82747,4.01471,4.70614,4.88745,3.46756
3.21181,3.67737,3.14153,5.37633,5.90188,3.61298,3.66488,2.35249,2.75989,5.6967
4.8631,3.15903,3.15977,4.92937,5.75225,3.8646,4.65882,5.03975,4.28131,4.31545
2.13658,4.4393,3.92535,3.13144,3.49226,3.62652,4.6124,3.76579,4.70533,2.87896
3.56342,3.70225,4.69478,4.62693,2.2857,5.63103,4.5995,2.93324,4.32087,3.2098
4.18027,4.01591,5.04822,3.65224,3.80633,3.66085,3.88847,2.71051,4.36482,4.82203
4.54176,3.07949,4.02703,3.18841,5.04037,3.84374,3.6931,4.52441,2.91322,4.29614
4.1972,5.47584,4.36281,4.25094,3.4004,3.44743,3.46093,2.85438,4.71064,3.44503
4.90555,4.79986,2.9248,2.72964,4.34521,3.69856,3.03404,3.85251,3.9694,3.30976
5.94276,4.04689,3.06825,4.13093,3.33468,4.61542,3.82057,3.91885,2.70085,5.32564
4.56686,2.38522,4.60067,4.69305,3.26938,3.4746,2.84886,2.49969,2.61375,4.64269
4.35691,3.39276,3.74206,4.94407,5.41633,3.54976,4.55778,5.42993,4.67298,2.6807
3.51223,2.15679,3.13702,5.00426,2.96053,3.8689,2.81329,2.88676,5.0146,4.2797
3.72429,4.48357,4.02979,1.8649,3.8629,3.12314,4.81857,3.63154,1.64735,3.44181
4.80293,2.93229,3.68584,3.48017,3.77346,3.91517,3.79613,3.71614,4.02139,3.42895
5.16359,4.98582,2.29114,5.34743,2.36266,4.92261,3.84202,3.32109,5.74834,3.26487
3.36863,4.44703,3.84352,4.42206,5.2049,3.87953,4.12997,3.66944,4.66221,4.05549
4.48427,4.33063,5.82807,4.33567,3.2261,5.19723,3.12408,5.16771,3.68285,4.96513
5.98375,4.30347,3.05729,4.84921,3.46281,4.4349,3.19973,3.08146,3.87379,3.8188
3.48599,3.48873,3.09226,4.52332,3.95347,4.26491,3.21426,3.63343,5.75555,3.79452
4.23099,4.9438,3.60391,4.69239,3.11966,2.57298,2.71058,3.81678,6.82387,3.73271
4.79112,3.45969,3.6802,4.21672,3.27972,3.40548,4.66079,2.9618,4.19516,4.58765
5.05794,4.70691,3.79083,5.55294,4.30061,3.66628,2.99516,3.98909,5.1338,4.99293
4.16551,3.28039,4.69398,4.87552,4.92612,3.10281,5.13821,3.32094,4.44486,3.93811
5.81336,4.74037,4.60254,4.88939,4.13965,3.37289,4.32623,3.12104,3.53384,4.78872
5.58331,3.06271,4.59655,4.18881,3.34234,4.00448,3.63316,3.82444,5.23232,4.14948
5.81925,3.67704,3.0212,3.29681,4.20687,3.34828,5.0405,5.64695,5.06415,4.02532
5.54024,3.90511,4.26594,3.45511,4.56448,3.57381,3.56766,5.08424,3.37159,2.64508
6.28591,4.6025,4.59931,4.10266,2.67577,6.23536,3.74908,4.16151,2.72052,3.34366
3.28183,4.00816,4.8329,5.61897,4.31438,3.00059,3.88818,3.2067,4.07597,2.26598
4.35555,1.08585,5.85305,4.67182,3.56785,2.64727,1.77712,4.17122,4.23836,3.86171
4.21666,7.91287,5.24284,4.26158,4.22905,5.25636,4.34597,2.95182,4.42509,4.06646
4.20108,3.89745,4.57143,4.64556,4.79359,4.50117,2.3001,5.32499,2.58165,4.872
4.09122,3.93574,2.45067,1.86613,4.85063,5.39498,3.37391,5.69462,4.8673,3.7544
4.56036,3.97321,4.00235,3.35324,3.59117,4.58761,5.36767,3.21086,4.62282,4.06388
4.89688,4.85723,4.09015,5.13764,4.70677,4.73934,3.65785,5.19022,5.44462,2.77064
2.82409,4.71353,6.1948,3.98263,3.50134,2.8865,4.50339,2.2053,4.19102,4.08545
3.92455,2.41859,3.94792,2.576,3.15433,4.26714,4.14635,4.61336,3.60288,3.37906
4.25268,4.84041,3.58103,5.12514,4.71446,4.68732,5.34332,4.31725,5.12979,3.57922
3.49068,5.20374,3.33491,2.89251,5.23994,2.64741,5.0515,4.25622,4.43296,4.89374
5.63302,4.01488,3.18085,4.54042,3.90448,4.34084,3.87393,4.42975,4.48164,3.79677
3.02559,3.18528,4.17718,4.83111,3.47576,3.02441,4.90338,3.80602,4.01735,4.24523
4.43731,4.47214,4.11762,4.17009,2.9367,4.39699,4.7816,2.84651,3.60748,2.90787
3.65425,3.89164,5.52695,3.65645,3.6239,3.94086,3.23056,5.25697,2.85154,2.45706
3.5719,3.24104,5.4038,5.9729,4.20425,3.47715,3.65499,3.75813,4.14192,2.47657
2.1498,4.16193,4.14618,4.29248,5.81759,4.92231,3.59035,5.48676,4.00593,5.33229
4.55736,2.96444,4.61366,5.8716,3.91863,3.00443,3.5812,3.92487,2.80359,4.26987
3.50785,3.10584,4.10977,5.70402,3.78366,6.00827,2.26894,4.50555,3.07249,3.53103
4.1134,3.50704,4.30572,4.72583,6.02214,3.91078,4.30932,5.34194,4.40932,4.72327
4.71973,2.54649,4.34382,4.09299,5.19445,2.8559,2.03901,3.33818,4.60382,4.04514
4.56411,1.74501,3.8501,5.87047,3.82628,3.59794,3.83915,2.17729,2.23054,3.50299
3.28554,3.81425,3.91346,5.35248,4.48558,3.04418,4.93718,4.77009,4.11389,3.14767
2.84477,2.99876,2.25436,3.5841,3.42879,3.48932,3.52813,4.70386,3.37811,6.22694
4.74244,3.80102,2.83422,3.39899,4.08976,3.97652,4.46164,3.39905,4.54653,2.97427
3.62848,3.34258,2.35566,4.26672,2.94778,4.08303,4.11392,3.26808,4.09448,2.39648
4.3078,5.34724,5.76685,2.79824,2.78279,4.36743,3.64106,3.89749,4.07092,3.95602
4.04393,6.28277,2.99884,3.44924,3.1084,3.89495,2.38311,4.26016,3.39738,2.83855
1.62929,3.68532,3.82998,3.46349,3.07069,4.77715,3.18266,2.55355,4.46002,1.91779
4.78235,4.05987,3.23109,4.28288,3.06391,2.58044,4.50682,3.10171,4.22255,2.70018
3.17009,3.82147,1.66785,4.87159,4.64798,3.07919,4.02479,5.63967,2.92782,3.12884
3.37931,3.69895,3.38904,3.84397,3.78631,4.42955,4.58394,3.16365,5.01386,4.0035
4.26333,4.41183,1.13027,4.12786,3.7109,4.58307,3.74523,3.62174,4.24011,5.32489
4.29179,4.56238,4.18606,2.74264,3.453,2.99614,3.61479,5.13979,2.3787,2.1715
6.5246,4.32234,3.72757,4.94526,4.21979,3.10646,4.92905,2.66796,3.90314,4.91904
3.63598,4.12314,4.75815,4.15005,4.44852,4.20079,2.00054,4.03625,2.80761,3.16037
3.00028,3.80605,4.25112,5.92675,4.34337,3.7912,5.34089,3.89293,3.69743,4.00966
4.57309,3.9168,4.34484,4.99375,3.20314,2.94945,4.26239,2.59437,4.84124,5.2293
4.73643,4.61864,3.41076,3.53956,3.0239,2.97551,1.89966,4.1341,4.68185,7.29817
5.23427,3.90887,4.21727,4.63683,3.3437,3.31799,3.93375,4.30391,3.23361,1.6566
5.58741,2.96185,3.93185,5.11273,5.37559,3.31773,2.86394,3.11152,5.26111,4.66761
4.89682,3.24765,5.54927,3.00825,3.17252,3.83488,4.30602,3.71192,4.12258,4.87505
3.1928,5.13973,5.03478,4.50284,3.82441,2.76488,4.37093,3.79134,4.87352,2.22451
5.16152,2.98452,5.03518,2.44274,4.18871,5.18349,3.5623,6.13654,4.75731,2.68337
6.12614,4.36112,3.98434,2.70708,3.45554,3.41233,1.49795,5.10795,3.20841,1.6534
4.74744,3.78056,4.9933,3.69993,3.47251,3.48045,4.3846,3.51384,4.43343,3.74211
3.81895,4.69595,4.30912,5.107,5.39322,3.6829,3.52167,4.17325,1.81798,4.61697
3.22752,5.02652,1.88723,2.73178,2.73923,3.56695,4.26768,3.62953,2.84746,2.66415
3.8672,4.61466,4.53102,3.4496,4.12561,3.99658,4.7057,3.70041,4.17087,2.04401
2.40249,2.23376,4.51829,3.42147,3.08284,3.89084,2.88273,6.15528,4.25853,2.67224
3.60913,3.62828,5.32366,2.11423,6.01059,4.09245,3.99647,3.80927,3.84353,5.13984
4.61893,4.64545,4.06235,3.81866,3.7662,3.56417,5.63767,3.71086,3.06732,3.22188
3.6566,5.25343,4.35053,4.50258,4.94754,3.35515,3.89312,2.91248,4.05504,4.64977
4.92313,1.56924,4.98435,4.07914,5.66357,4.71584,4.0272,4.73038,3.42307,5.03778
3.01572,5.0746,5.83083,5.39647,2.93848,3.48365,2.60533,4.55267,3.25708,4.6368
4.70596,3.11845,4.03506,3.03826,2.80867,4.57482,2.7823,3.87025,4.73221,4.68742
3.92476,3.91379,5.51276,1.91528,4.31111,3.88152,4.51414,3.44481,4.05582,5.30178
4.64168,3.15576,2.63032,3.779,4.72323,2.50263,4.94553,3.85754,6.21666,3.33135
2.09801,4.81554,4.85497,3.86045,2.14438,3.25431,4.65167,4.19551,3.81599,2.69766
2.67337,3.78158,2.93405,3.30761,2.4517,3.30743,4.61646,5.14524,4.26647,4.79566
5.08467,2.30302,2.03857,4.22619,4.80516,4.22603,5.67303,3.28502,3.26356,3.62253
3.23338,4.73467,4.44019,4.81097,4.58129,3.22865,2.34733,4.48915,4.65003,3.56259
5.30327,5.35447,5.90048,5.22853,3.53148,3.36715,4.66414,4.81569,5.77214,5.32748
3.35886,3.70676,1.72237,3.07493,4.77686,3.96366,3.24694,5.95008,3.5334,5.33025
4.14179,4.06729,3.21812,4.55303,3.30423,5.01391,3.29104,3.85063,4.33954,3.7148
2.92388,3.06932,2.17851,5.07688,3.85349,4.47162,5.15221,4.26014,3.61356,4.06643
2.05512,3.51362,4.34088,3.7994,5.09481,3.05491,4.55804,2.2351,3.32521,3.22001
5.46808,4.38454,4.0563,2.32347,4.76458,3.16755,4.57238,4.03253,4.24917,3.87383
3.42384,3.79836,4.87283,3.76665,6.29147,6.14472,1.38906,4.35497,4.44087,4.65563
5.70636,3.92241,4.22124,2.77663,3.55621,3.90562,5.20835,4.30348,4.35366,3.38114
3.7994,5.95512,2.758,3.87707,4.20009,3.44959,3.4641,4.18561,1.66389,4.39786
3.33256,4.53807,5.18345,3.18207,4.89764,2.72645,3.03288,3.02244,3.41084,3.19108
3.39368,5.18379,4.41488,4.00415,2.76727,2.86066,5.07268,3.80327,4.45759,3.26828
5.61804,4.8315,3.39189,4.29265,2.62541,2.95006,4.14121,5.02802,5.29098,3.74615
4.74384,4.45715,6.03712,2.99195,3.42305,3.31345,3.76368,4.22042,3.83032,4.88499
5.19148,5.34146,5.24563,3.93278,3.85821,3.52473,4.75305,3.14552,4.73751,5.62626
3.4488,3.15828,3.39731,3.63765,3.80655,4.76998,3.77938,2.77478,1.41677,3.62426
4.65574,4.26122,4.04833,2.49261,2.97373,3.54613,4.10632,5.37806,5.64688,3.11256
4.77857,3.38647,4.61827,5.33261,4.54955,1.10224,2.31457,4.16442,2.88556,4.39628
4.1385,4.20245,3.44682,4.96224,4.55803,2.42884,4.66442,3.11089,5.20309,3.4313
3.61896,3.45668,3.92013,4.85638,3.22457,3.64876,3.65992,3.7474,2.53034,4.72149
5.4652,3.37961,4.42672,4.4882,3.19164,3.76956,2.44975,3.511,3.55378,4.86868
3.57818,3.81435,3.80026,3.31193,3.65364,4.44347,2.32247,3.79557,4.49745,3.1903
4.88384,5.25504,3.82533,3.84117,4.58312,2.68704,4.43252,6.64039,4.46851,5.71243
2.74544,3.1889,3.30923,3.87133,3.95947,2.75708,2.60771,2.75316,4.67338,1.52522
4.37639,2.0789,5.29891,5.29041,4.30523,3.54727,4.95522,2.99644,2.90593,2.42658
2.21459,3.86306,4.57012,4.88798,5.36771,3.87511,5.03183,5.37465,4.7527,4.04418
4.94099,3.09823,4.69708,4.50392,3.03306,3.40167,4.33897,3.48634,5.14293,4.94125
5.04768,2.68103,5.2675,5.03086,2.58997,3.91752,4.07363,1.1897,4.83083,3.32313
3.17548,3.19456,4.81806,2.86879,3.96647,5.01283,3.07439,4.90122,3.52771,2.50366
4.06699,3.85998,3.43068,3.43006,3.48852,4.40537,4.06823,4.62939,2.98502,3.14792
4.08847,5.39648,2.47396,4.90135,4.20695,4.87613,3.56131,3.2241,3.79224,3.01703
4.29527,4.4866,5.16056,1.30809,3.62563,3.2602,3.77344,4.55349,4.37307,4.03959
4.83038,2.05057,3.52392,2.85504,3.29627,4.16796,4.24657,4.2971,3.93606,3.19598
3.56864,4.81693,4.32302,4.48734,4.28297,1.97821,4.16286,2.66795,3.43285,3.5127
3.88227,2.54217,1.76544,2.74814,6.73527,3.62292,3.34924,2.69084,2.37496,4.12406
4.18014,2.84369,4.50522,2.59228,3.31665,2.61985,3.53431,2.46851,4.11486,4.20424
2.99678,2.57276,2.94107,4.59418,3.30111,5.65467,2.74662,4.52489,4.01609,4.9241
1.37281,4.39722,2.84832,5.69151,2.55512,2.74512,3.22186,5.09563,4.2345,2.33472
4.64038,2.37054,4.16661,3.34763,4.70193,1.93893,4.30962,4.08128,2.87569,2.38282
4.55564,3.37835,3.63385,3.74143,3.49661,5.51638,3.33283,5.34205,4.11982,4.47838
3.9511,3.05951,3.88846,5.00211,2.53852,3.10038,3.09113,3.91808,2.77727,4.91633
5.22853,5.12078,4.05741,4.51474,3.39346,4.77757,0.683554,4.39501,2.76251,4.12735
3.49176,4.76763,5.80017,6.0869,2.85187,1.93748,3.95428,2.13311,3.23046,2.88548
3.93763,3.99519,3.46761,6.15048,6.79626,3.00141,5.11809,3.65796,2.69993,4.38527
2.90338,4.00318,4.16183,6.10744,4.49465,3.45962,4.18368,2.62532,4.15929,5.63471
4.91159,3.53488,4.91069,2.82223,4.86219,3.55814,3.16388,4.47139,5.10986,3.9235
4.20552,3.52978,3.77755,3.95607,2.58512,3.982,4.52879,2.34959,2.35442,4.65209
4.72882,5.19654,2.82362,2.72932,5.06656,3.93709,4.02937,3.43532,3.69482,3.23355
2.52538,4.93092,2.66507,4.20395,4.28838,1.36312,3.71285,3.68374,2.48908,2.63501
2.66517,2.62087,3.85899,1.98278,4.7734,3.84359,3.70342,5.54567,2.84336,2.97496
3.54157,3.41506,3.50451,3.19965,3.31103,4.82355,2.88042,3.94405,2.96712,4.37047
3.89758,3.47112,3.91339,4.57181,3.22708,3.18834,4.78054,2.97997,4.17558,4.71998
7.16298,3.2562,4.57172,4.78121,6.0952,3.39094,4.24355,4.4764,3.73509,2.93744
3.04704,3.23688,4.56703,4.7516,2.36075,3.20844,3.6695,2.18099,3.13275,4.33113
4.10478,3.44282,4.80588,3.91424,4.1892,2.784,2.99977,2.26939,4.03997,4.28825
3.41369,4.98508,2.74908,5.34123,4.50274,4.65016,4.43805,3.57385,4.14489,6.33653
2.4223,3.1617,3.48182,5.02241,5.72661,5.21787,4.42083,5.62504,4.98868,4.67612
4.10613,4.67755,1.87118,0.664966,3.8503,4.78758,3.31978,4.88828,4.47786,5.63001
2.49037,5.88673,4.58657,4.73523,4.48797,3.28351,3.34947,2.97682,4.7513,5.6627
5.29497,5.46159,3.84142,4.72657,3.83492,4.53377,4.90224,4.43445,4.9638,4.04847
6.57639,3.31941,3.12003,4.46943,3.73868,5.54744,2.07459,4.31854,3.41628,4.67048
3.35493,4.06185,3.54368,5.04787,3.91525,6.5817,4.42568,3.61751,3.31997,3.33651
3.29508,4.862,2.56281,4.51075,3.58185,3.48623,6.65459,4.63356,2.77196,4.13627
4.29014,3.89581,2.60175,2.90187,4.11142,2.32858,4.33039,5.65656,4.34335,2.14358
2.98465,5.06398,3.7288,2.73795,3.87918,3.09056,5.34832,4.79717,2.58163,3.23281
5.80464,3.78692,3.09948,6.31543,2.67245,3.50526,3.48423,3.10704,4.45963,2.87283
3.07721,4.27132,5.699,3.42184,2.98835,3.69257,4.6706,4.16652,5.05079,4.14687
3.2785,3.24502,2.92553,5.37793,3.96175,4.88895,3.07521,5.17439,4.92989,4.52653
3.86183,3.86692,2.55169,4.19662,3.10246,4.34595,3.18566,5.46089,2.13096,3.10477
4.28648,2.60045,4.15527,5.27474,4.86942,2.48976,4.82496,4.32738,4.2587,3.31535
4.76025,7.02132,4.56149,5.29126,3.78096,4.6561,4.33061,4.37378,4.34544,5.16714
4.85034,3.52091,3.81477,5.49586,4.04969,2.93622,3.77275,4.55182,3.69527,4.4681
3.56238,3.55736,3.07195,3.6205,2.68115,4.83639,4.39553,3.97203,4.87847,4.82307
3.7497,5.74454,3.13157,3.06202,4.60871,2.30684,3.12971,3.25799,4.10424,2.29723
1.96812,2.28835,5.98114,5.86716,4.89048,5.05549,5.29835,4.19948,2.35324,3.4967
6.03027,4.60401,2.9617,3.46234,3.06388,3.67115,3.59865,3.11125,4.24276,2.97515
3.68566,2.52343,3.48055,5.16926,3.53931,3.77116,4.6063,3.49298,4.01111,3.07058
4.94984,2.3267,4.59271,4.36361,3.6106,4.61445,2.83994,3.72406,1.70045,3.49121
2.13846,3.51779,3.32393,4.44594,3.44045,5.49349,3.87131,2.99692,4.69706,3.67183
3.94781,3.74772,5.13107,3.14279,4.17272,5.96006,4.01486,5.05899,3.93481,2.33658
4.77874,5.04498,5.37654,3.89857,3.78503,4.77562,4.59373,3.90769,2.75189,4.2254
4.85084,3.77163,3.07519,4.11233,1.88592,4.38835,4.2761,5.18972,4.86791,4.21552
4.95077,5.85608,4.82625,5.84199,4.59808,3.18438,3.88971,4.01981,4.90972,3.25108
4.98469,3.80569,4.75558,5.36381,5.06087,4.88547,4.01128,4.97351,4.41677,4.25833
6.49076,3.15853,3.69599,4.88279,4.702,4.36442,4.92331,4.83793,2.0622,2.845
5.71108,4.52821,4.2065,3.36284,3.54554,4.78639,3.32894,1.86645,4.23613,6.06778
2.39815,2.57399,4.18163,4.72097,2.70781,4.40669,3.61142,3.16661,4.77411,2.99322
4.53547,2.32191,4.26047,5.17116,5.1439,4.01713,3.02573,4.72306,4.19457,4.825
4.31693,5.85783,5.92616,5.62351,3.4956,4.21851,2.33329,3.16275,2.75702,4.11932
5.22197,3.67394,3.75919,5.43091,3.195,5.72632,5.35029,3.48659,1.87988,4.60485
3.59454,2.99507,4.35361,4.60895,3.82953,3.94553,5.09588,3.76274,2.41142,2.51228
3.7229,3.71903,4.73188,5.25916,5.07383,4.43431,2.9554,5.7551,2.39701,2.87479
3.28401,5.34399,5.19822,4.41296,4.74345,4.47589,3.89582,4.54715,4.04818,5.20445
3.81658,2.8095,4.90044,3.04309,5.03401,2.09132,5.96728,3.29517,5.34581,3.29256
4.67258,4.54026,5.22955,4.34851,3.99099,3.29543,6.04327,3.30839,3.99573,4.02501
4.1469,3.69906,4.51563,3.87806,3.53287,5.0959,3.6373,6.02547,4.1725,3.49373
2.88123,3.44912,3.86459,2.13086,4.53767,4.12447,4.27958,4.78847,3.7207,4.09712
4.01313,4.76384,5.00686,4.32873,3.44926,4.26099,4.73573,5.05948,3.39157,2.98733
4.26225,4.47,4.11795,3.89417,1.93853,2.79019,4.35024,4.98406,4.25066,3.0835
2.03867,4.1121,3.45991,5.04966,4.3442,4.95484,4.65173,5.84229,3.92478,3.86873
4.32835,5.09726,6.93314,4.4258,3.9676,4.60599,5.50671,3.64567,4.88741,4.41371
2.74313,4.03035,3.09417,2.73315,3.90831,3.30262,4.66352,3.96371,3.93642,3.44216
2.4735,4.14454,3.12788,5.76636,2.26158,4.14976,3.97093,5.33376,4.97044,5.72601
5.61224,4.51733,4.24635,3.89293,4.81246,6.05832,4.20789,3.96191,4.90516,5.83257
3.26211,3.36888,4.65686,4.17974,3.96864,4.02096,4.30296,4.93393,4.6412,4.55381
3.20552,3.65078,3.68741,4.06271,4.29496,2.47682,2.86282,3.30214,3.9687,4.69567
3.20191,4.44811,5.24349,4.26358,4.131,4.22231,3.07709,5.08131,2.09986,4.86506
6.31877,3.57454,5.18889,5.09756,3.66175,2.70258,2.55961,2.69416,3.51078,2.92895
2.61075,2.9986,6.10769,4.74299,4.17641,3.00912,3.80002,3.43492,2.81562,4.5275
4.99634,4.08232,4.55995,3.57422,5.50224,2.71979,4.12465,3.92197,4.83288,3.84519
4.9809,4.12697,4.18517,4.17259,4.55344,5.63836,3.36646,5.33814,3.6873,4.38614
2.57183,4.5419,3.69392,4.19916,3.0311,4.78516,6.4122,4.4289,2.4218,3.1615
4.40051,1.74495,3.7476,4.04794,4.45734,1.3081,2.94643,4.34222,4.97643,2.87865
4.5116,4.36506,3.33077,3.01278,4.71713,5.58596,4.74633,5.57656,4.27745,5.16255
3.75718,4.83861,4.51239,4.33281,2.96942,3.20031,3.82418,4.17365,5.6339,4.71331
5.07031,3.19984,3.80229,4.84703,3.10234,3.86612,4.63079,6.05843,1.69194,3.89459
3.81093,2.75275,4.73696,3.24211,4.07665,2.85273,4.23724,3.874,5.52368,2.03936
4.23458,2.54678,2.97111,3.42202,5.50113,3.40556,3.61616,3.55148,3.99181,1.52882
2.99568,5.13045,3.43924,3.17619,1.93149,3.97386,4.20331,5.89934,3.4284,4.28162
3.94014,3.34761,4.44271,3.54704,4.64881,4.30727,2.98118,3.70584,4.95566,3.49633
5.03799,3.88888,4.7649,3.36421,4.78772,2.57171,4.05601,3.54209,3.38892,3.25492
4.91211,4.67444,4.60797,1.93739,2.08101,5.07274,4.60627,3.88581,4.15415,4.3994
4.26392,3.54374,4.42019,4.89655,5.82812,4.40352,3.54914,6.29094,7.11347,3.53858
4.21792,3.45215,4.96111,3.34546,2.58366,3.74758,3.89725,2.42532,4.0706,4.22433
2.98091,2.48055,4.40649,3.90552,4.11372,3.61905,3.37598,2.80795,4.92423,4.44203
3.49494,5.0613,3.6478,5.40551,2.76145,3.33331,4.23806,4.29494,3.1274,2.09094
4.65875,3.26882,3.85105,3.65963,3.51748,4.215,3.58905,5.02819,4.64219,2.8409
1.9434,4.65203,4.17875,2.85067,5.7149,4.83495,4.24036,5.0088,3.46198,6.86459
6.97894,3.97137,4.02675,4.29381,3.18329,6.32707,5.82547,2.31397,3.02132,2.44302
5.29511,5.2012,4.9747,2.83407,3.88235,2.78053,4.62552,4.56641,5.29016,3.55258
5.37302,5.34829,4.07786,4.65238,4.8398,3.37342,5.52126,3.07943,2.44159,3.20583
4.60809,6.9201,3.14145,5.53306,4.80939,3.38334,3.09637,5.37364,3.36381,4.3198
4.33657,2.89228,5.04546,2.03553,2.86552,4.54882,3.99603,3.95832,4.15129,3.50662
2.92495,4.28914,4.43573,5.09339,4.03186,4.58955,4.78791,1.73865,4.24531,1.47786
3.02258,5.05037,5.18854,3.6413,5.38201,4.14829,5.98323,3.69602,4.49365,3.72211
3.78572,3.89815,5.44272,4.91177,3.32407,5.91545,4.7331,4.35419,4.69899,2.20823
5.2812,2.89085,4.50204,3.58242,3.58758,3.09321,3.24242,4.26471,3.40721,4.22936
3.17405,3.84086,3.09781,3.52107,3.77321,2.69762,3.59491,6.0693,3.59775,4.11737
3.82482,3.78449,3.96963,4.55415,3.25075,3.88612,2.65208,2.05852,4.66947,3.85668
6.32093,2.82928,5.18988,2.57456,5.74918,3.12469,4.276,3.27682,3.83295,4.65788
3.15119,2.68812,2.08971,2.58843,4.12728,6.21524,5.12358,2.88089,3.52103,2.18225
4.26851,2.95108,4.31474,2.03186,4.83178,3.93133,3.82268,4.58712,3.50165,2.31536
2.3344,4.97616,4.8453,4.57124,5.97927,4.20699,2.16581,4.59847,4.83725,4.40097
5.5473,3.78819,3.72134,4.04029,2.12319,2.3036,4.48988,4.07093,4.12387,4.26564
3.45763,4.91861,0.572814,3.54031,5.87953,1.25178,3.21691,3.96305,2.11375,3.41784
4.89389,5.27122,6.18945,1.77742,4.12912,4.83419,5.33074,4.86594,4.62903,4.01704
4.86468,4.19092,4.77222,4.11769,4.43748,3.63315,4.97307,3.7149,4.68148,3.34594
2.94817,4.18265,4.78414,5.13682,5.07435,3.8722,3.98069,3.87473,5.26276,3.51905
3.21497,3.49622,3.1485,4.14612,4.2854,2.63527,2.98156,4.15145,3.99129,5.17426
2.90607,5.0127,6.06453,3.79894,4.39768,4.70739,3.86982,4.35748,4.76966,3.15487
3.59367,4.02732,3.64791,4.53286,5.64715,4.18566,3.41421,4.10873,3.63949,4.22036
5.92192,2.70973,3.87046,5.55566,3.6455,4.75145,4.5376,3.01016,5.60769,3.47188
4.07852,3.50069,4.43984,4.43957,2.96991,2.84803,3.74106,3.08232,4.26988,4.78113
4.25561,4.87626,4.04628,2.9449,3.42702,2.37934,4.20524,4.11869,4.1004,3.09844
4.33541,3.16022,5.21444,3.86154,6.04807,3.22217,2.88111,2.76865,3.93367,4.56746
2.96807,3.57023,3.66545,3.69407,4.07444,4.15229,4.69421,3.62198,2.76513,3.6529
4.14441,3.35463,4.29796,5.67953,4.43194,2.45434,4.0014,3.273,4.47109,2.42459
3.71789,4.95814,3.79406,3.29822,5.3674,5.19784,2.38656,2.99925,0.936798,2.00029
4.21843,2.75938,5.15655,2.87058,4.82823,3.90336,4.39134,3.99229,2.89171,4.69018
4.48344,4.1779,5.02216,2.68617,3.37109,5.54385,5.15429,3.68873,1.68608,3.73018
4.38905,5.0453,3.33678,5.43601,4.70987,5.50762,1.22926,4.41829,2.94589,3.28148
3.62347,4.61384,0.767384,3.81107,2.41633,3.64925,3.73452,2.86311,2.83829,3.89966
5.19498,3.7483,4.26087,3.20971,3.76324,4.49582,3.18076,5.20094,2.9549,3.86459
3.02522,5.12816,5.63532,4.39057,4.37458,3.43374,2.51825,4.41478,6.058,5.5538
4.20081,4.80729,5.12693,4.39357,3.22579,3.85718,2.29832,3.57908,4.02143,5.81821
4.79184,4.68445,2.88699,4.11336,3.2834,4.98981,4.64959,2.61464,2.4266,4.92946
4.03244,3.01025,2.61853,2.99455,4.46267,4.01857,3.25949,4.21199,6.60207,1.99859
3.31504,4.91614,5.19062,3.72664,3.2476,4.95317,4.18281,5.93503,5.23298,4.6695
4.67575,5.33766,3.73067,3.63816,4.50114,3.0447,3.32262,3.13291,3.8584,3.94278
3.13629,3.76149,3.257,4.60526,2.66004,3.97012,3.05311,3.19549,4.48218,5.21825
3.41529,5.20069,4.32187,5.31354,4.88703,4.88239,5.49104,5.51261,5.17097,3.01286
2.86382,5.05879,6.5469,2.99379,3.61318,1.82314,3.8914,4.32058,4.4116,4.72121
5.3453,2.72333,3.1931,3.57207,5.01184,3.57895,3.42739,3.59225,4.20031,4.35769
3.62293,3.32924,2.95434,4.15572,3.94056,1.98774,4.3168,4.76418,3.54511,4.62666
3.36305,4.46158,4.90274,2.76387,4.64382,3.08508,3.65386,5.75759,5.03105,4.20946
5.5001,3.10527,3.22683,3.66693,5.29656,2.45283,4.53993,4.55652,2.09563,5.20277
4.41223,3.4541,2.77435,5.4715,3.3262,4.69841,3.62004,5.46058,4.32934,4.88242
4.22668,2.69758,3.65356,3.74479,4.09798,4.73543,3.73876,3.81866,3.40635,3.31798
4.6885,4.55038,3.17282,3.33018,4.15845,2.79825,3.29455,4.45237,5.9839,5.45547
3.46454,5.53891,4.42472,2.75414,3.41128,1.2203,2.30436,3.02873,4.6348,3.3803
5.04643,1.68652,3.35718,6.46259,3.96966,3.67938,2.92776,6.13481,4.60924,5.40407
4.25598,3.07547,5.22332,2.93319,4.14714,3.68418,3.024,3.98088,3.52449,4.2925
4.84378,2.93085,3.45747,5.10623,4.34596,3.94861,4.22411,3.16426,3.60122,3.54114
3.62175,3.23891,2.06679,4.72459,4.73115,4.6482,4.09242,3.23328,3.19883,4.98792
3.87743,5.19979,3.77284,4.80505,5.45075,4.31944,4.25646,5.19102,6.65282,4.80325
2.62049,4.98253,3.2295,4.31178,4.6466,3.21681,3.03959,3.42836,4.7381,3.63511
4.62102,5.71975,4.76965,3.89982,6.2989,3.80034,4.71047,5.01192,4.28645,2.74121
4.95399,2.78964,5.66119,1.85487,1.95338,3.15913,3.74233,4.79102,5.35224,3.87894
4.20615,4.75285,4.6673,3.61182,3.26012,4.33179,3.90128,4.72103,4.23636,3.79962
4.21943,4.23389,5.93781,4.49763,2.87641,4.71096,3.09818,4.02482,4.14634,2.79939
4.58635,3.55596,5.59784,3.83909,3.92059,3.36796,5.85885,4.38954,5.86072,2.84833
4.06325,4.11236,6.09628,4.13568,6.46207,3.55509,4.79309,4.13569,2.80564,2.21112
3.85664,3.98186,2.59363,5.06665,4.69337,1.75758,5.48003,5.11356,1.39952,3.70457
4.43642,4.19225,2.72124,5.66177,3.75322,4.17514,6.06156,3.18642,4.6276,3.88987
3.54332,5.00059,4.54045,3.89676,6.05432,3.96048,4.19797,4.39172,4.63917,3.30981
4.27309,4.29161,2.67104,4.54698,4.866,3.41111,4.04371,4.41989,4.39188,4.78398
4.55436,3.26604,2.84271,2.77157,3.07099,6.15827,3.10223,4.73759,3.15213,3.232
3.92145,4.87313,4.99842,5.0516,6.43347,3.79397,2.52477,4.54212,3.04888,3.49115
5.61887,4.22574,2.29899,6.15178,4.42664,3.23029,4.53816,2.83163,4.56398,3.19551
3.82457,5.75856,4.72928,3.39487,3.84659,5.32788,2.01363,3.60189,4.49281,3.52425
5.39448,3.81995,4.14486,3.75372,5.84992,4.43119,3.69327,4.70108,3.26519,3.1386
3.25736,4.54619,4.68776,4.76085,4.1929,5.98274,2.59761,3.60893,1.69888,4.62933
5.68075,4.94159,3.30089,4.65936,4.48047,5.60178,2.70747,3.05419,3.92146,4.10954
4.60984,4.53618,4.55608,5.0907,4.75006,3.05757,4.93906,2.9548,3.45456,3.58289
5.41508,4.12424,5.10804,4.70776,2.82365,2.98078,4.17494,4.82916,4.69084,3.71493
3.27651,2.91452,3.01178,6.11188,3.60323,3.66179,3.62064,2.86624,1.43564,6.46029
4.91724,3.62655,4.04671,4.201,3.1873,4.29515,4.82966,3.23088,5.62002,2.75893
6.12641,5.39461,2.89122,4.46802,6.1474,5.41049,3.60714,4.24035,5.83877,3.32028
2.88658,2.66886,2.95191,3.70734,1.45329,4.47727,4.39109,2.76694,2.48694,2.70659
3.42344,6.32026,4.88817,4.17056,4.52494,3.15071,2.01833,3.38926,4.39025,4.44343
5.87128,4.38379,3.72991,4.63641,4.18392,3.9747,2.97898,2.13737,3.47533,4.80902
3.83521,4.2511,3.25297,4.67419,3.465,3.18577,2.52266,2.58094,4.3968,3.29862
5.92724,5.96285,4.16975,3.52849,4.61577,3.51944,3.97882,3.26882,3.46806,3.73371
5.28673,4.90122,3.2965,3.27426,2.80595,5.90064,3.0549,4.8976,4.24859,4.44418
4.06996,4.17383,4.65174,4.81385,3.54349,4.07512,4.76783,1.90759,4.15054,4.14488
3.46318,4.11778,4.14152,3.0626,3.58927,2.95771,3.20385,4.15752,4.7189,2.99778
3.64741,4.16017,3.0241,3.92599,3.10436,2.57982,4.28914,4.86788,2.44618,3.02432
4.11804,2.98579,4.7785,4.46867,5.85769,3.99187,2.34063,5.10444,5.73453,4.62236
4.94079,3.34189,4.70308,4.10073,4.74567,4.0944,3.44867,4.24704,2.76902,3.51423
4.22276,3.90422,4.44397,5.69006,4.42218,4.57561,3.43001,3.33059,2.24725,3.3602
3.51113,5.96645,4.19832,3.15684,2.81038,3.48126,5.68028,4.97207,1.97353,3.46118
5.6631,4.39999,2.56362,3.83287,3.72579,2.89391,3.6869,3.70158,2.3646,3.80213
4.04661,2.92508,3.93537,1.25922,3.3051,4.93448,5.53802,3.53295,3.4411,3.62856
0.51909,3.91317,4.9538,1.11499,4.57184,4.69194,3.64045,3.6084,4.30194,4.63282
3.67909,3.68974,3.55926,3.6348,4.26988,2.95057,4.83982,4.14461,3.09222,4.91006
2.70681,3.45474,2.56697,3.37907,3.44882,3.7946,2.22119,2.84114,3.32129,3.90155
5.16026,5.06994,3.81263,5.09057,4.17737,4.1016,2.04371,3.97463,3.67038,2.89534
3.77195,4.35166,4.44077,5.14064,2.4646,3.86616,4.30832,4.49918,3.27204,4.90727
3.08022,4.05971,4.15059,5.62372,4.05934,5.98097,4.50349,4.56342,5.43503,2.58992
4.7766,1.73638,4.30186,4.45084,4.95447,2.41744,2.80497,5.70352,5.61869,5.62308
4.20107,6.13031,2.75489,3.70329,4.91978,4.23071,4.34933,4.15631,4.25464,4.48419
3.27902,4.90181,2.7391,4.51374,2.81649,4.40054,3.45061,3.43897,4.25047,4.26787
3.8045,4.66394,3.99852,2.97019,5.00156,5.24683,4.20448,2.38164,3.61647,5.5611
4.18903,4.04824,3.59263,4.73206,4.47369,3.35707,3.30047,5.48427,4.36371,5.22453
4.83377,5.68506,3.24671,3.19862,3.30542,4.81714,3.18222,5.00788,3.4648,2.91211
2.49113,4.1825,4.48555,4.80889,6.00516,2.47812,4.2091,4.46422,5.53797,4.43777
3.18664,5.87082,3.14006,3.65186,4.38222,5.40285,4.44849,4.56161,3.42558,3.92968
2.85965,4.86547,3.23217,0.977699,5.08517,5.75559,3.26364,3.28782,4.78757,3.81975
5.34075,4.50883,3.4788,4.24544,5.61102,4.98768,3.89227,6.62005,4.325,3.0976
4.7224,4.29447,4.18828,4.85794,4.16829,4.17008,5.8825,3.16587,4.59506,3.59767
4.12759,2.68151,4.9438,3.26814,2.28474,3.07018,5.0923,3.02469,4.10224,5.19086
6.13641,5.16411,3.30285,4.6379,5.9655,5.48021,4.06317,6.07845,3.59279,2.76229
3.65571,3.60493,3.44656,3.12046,3.94193,5.05518,4.57134,4.09997,4.41097,4.80748
4.03704,5.98041,3.32341,5.20478,4.45885,5.15047,4.36685,2.85444,2.46375,4.03793
3.84526,3.35625,4.62035,3.70144,4.52726,3.37361,3.86311,2.67164,4.19903,4.06968
4.18342,4.069,2.25774,3.27087,3.69688,2.79001,2.87336,3.63175,4.49213,2.44406
4.1137,3.60349,3.04454,4.62209,3.56019,3.65241,4.05073,3.51796,4.12364,3.64143
4.28905,3.99692,3.64222,3.17961,3.29744,4.19428,3.64254,4.93259,3.09607,4.56926
4.34857,3.67544,4.59591,5.47692,4.8019,4.32927,3.77197,4.44972,3.94116,4.01328
4.33949,5.09863,4.2792,4.52607,3.6344,4.32823,4.1903,4.55889,4.99289,4.83777
5.17615,4.6423,2.44553,2.85236,3.62651,3.50423,3.809,6.13918,3.37258,5.8685
4.23311,3.16458,4.15501,4.8848,4.86344,5.68355,3.29922,4.33909,4.6312,4.06403
3.8809,3.75005,3.21923,4.22125,5.09823,3.69244,5.52522,5.05903,3.47989,4.68388
4.765,5.11251,3.87866,3.90191,3.89303,3.6119,3.40883,3.18332,3.03699,1.23819
1.70318,3.39135,3.71109,3.97147,3.8501,4.3261,3.20204,4.86201,4.33779,3.52428
2.17638,4.19537,4.15591,3.56349,2.36149,3.26244,3.85596,3.3942,3.90353,4.14584
4.64353,4.70717,3.2051,4.47834,5.64662,4.11862,3.08641,3.95531,3.37213,4.64833
4.5586,3.35931,3.98098,4.01611,3.63051,4.39155,4.10947,3.01576,4.02457,3.50056
3.08329,4.39657,3.78715,4.49075,4.88252,2.46857,1.55959,5.17633,2.10092,2.59062
3.31717,4.32349,5.13538,2.83826,5.60455,2.30876,2.49912,4.74808,3.08832,2.94879
3.69174,4.79036,3.10615,3.70381,3.95249,1.7133,3.20353,3.26937,3.04407,4.29424
4.08562,4.39942,4.33156,1.88321,4.32038,5.06087,5.73767,4.46348,3.8259,3.2514
4.01382,2.47344,2.25786,5.1703,3.77828,4.65285,4.28787,4.65828,3.83971,4.68138
3.67964,4.78731,3.43046,4.04675,4.73949,5.87489,4.57797,6.9729,3.83553,2.54455
3.52569,5.17308,3.05668,3.7711,4.32865,5.5506,5.24819,5.6544,5.66817,3.13223
4.45779,1.85225,4.72448,4.47985,4.95953,4.92553,4.288,4.82563,5.03,4.58607
7.0703,4.70587,4.28765,4.7209,3.78757,3.88547,4.79632,4.44888,3.89129,3.86835
3.5972,6.1868,4.15204,3.46732,3.37667,4.84709,4.22383,3.66012,4.06743,3.25172
5.15788,4.94593,2.65064,4.48905,4.12592,4.64479,4.48963,4.45885,3.77706,2.70267
3.31483,2.20785,4.36658,2.39148,2.79413,2.41107,3.91444,4.12957,4.63152,2.52333
4.05493,2.75476,4.41761,4.11796,5.7393,3.72448,4.09216,3.46609,4.65458,4.30736
4.29821,2.45274,3.84869,3.82788,3.97487,4.81324,3.86279,4.59251,4.52057,4.35495
2.45255,3.84822,5.87113,2.98874,3.45466,3.84884,5.48401,5.1561,2.27595,3.80625
2.31373,3.51747,5.22232,5.13998,3.53442,6.642,4.36963,4.52345,4.14633,3.18868
