10
3.7393,3.64204,5.26045,4.2765,3.5092,4.34002,3.06181,2.41657,4.81371,4.24707
4.60874,3.41033,5.45215,3.5069,3.49528,2.91073,3.55921,5.69109,3.87807,3.63636
4.94987,2.4407,1.87195,4.65032,4.98391,3.23398,4.39792,3.59785,3.16327,2.41549
4.76598,4.65647,5.01246,4.00762,3.66882,4.75563,1.40957,4.85302,3.01709,3.58456
5.03233,3.68579,4.23529,1.68879,2.69338,4.10194,3.66044,3.024,3.54601,6.05466
3.58212,5.36724,2.0674,4.28966,2.49249,3.85223,4.64394,3.6643,3.77667,3.89615
5.51381,3.93705,5.14348,5.27078,5.35146,4.65507,3.91312,5.88085,4.26312,4.80407
5.33323,3.72531,2.22421,3.8199,3.0928,4.32202,3.80951,3.1066,4.03101,5.11122
2.86226,3.58071,2.97556,3.29283,3.1368,3.26309,2.34758,4.81982,4.74197,3.04652
5.01213,3.92446,3.13631,4.18119,2.47171,5.1073,4.90579,4.18952,2.87983,4.5932
4.51294,2.59721,2.9629,3.18667,3.13602,4.49118,2.57643,3.97372,4.64406,5.03286
4.60016,5.23999,4.44728,3.57148,4.78004,3.10064,2.40724,6.96116,2.84971,2.7362
4.75572,3.43153,3.64603,5.65197,4.88034,5.07951,4.96939,1.82136,3.50532,4.0856
3.39624,2.10066,4.35423,4.76278,3.3332,5.46355,3.22387,4.36955,3.8137,4.56312
5.66604,3.41106,4.31771,3.97039,3.88126,3.92386,4.73723,3.15984,5.05391,3.44844
5.26423,2.60268,4.04181,6.00373,3.24937,3.09024,2.69571,4.54763,2.54848,2.27094
4.78579,4.14502,4.25709,3.9291,4.18871,2.56333,6.74982,4.00825,3.64442,3.45779
3.74988,2.96048,4.12934,4.68839,5.35122,4.18409,5.22523,4.74419,2.49611,5.09678
0.475257,4.28768,4.80159,3.34923,4.36414,4.36395,3.56651,4.64461,3.96457,3.31045
2.7813,2.68746,2.85278,3.96388,4.41654,4.46964,4.03414,3.7529,3.24041,4.13278
5.16847,2.64619,4.79682,3.41061,4.84021,3.88732,5.36703,3.06431,2.95501,4.67512
4.24376,5.25428,4.10969,3.57136,5.00747,3.2461,3.64869,3.39837,4.08373,4.7356
4.0305,3.70756,4.62967,4.6252,5.24699,5.55011,4.9842,3.98068,3.79757,3.75392
3.7181,4.64759,4.13904,3.31191,4.61088,1.60106,5.43803,3.29699,3.02449,2.86408
5.82992,4.03186,2.80607,2.76229,4.2656,4.08414,4.4661,3.64753,3.53722,3.76891
2.78765,3.84477,3.65252,4.7197,4.25785,5.17267,2.52606,4.06153,2.03255,3.84033
4.96666,3.32314,4.27347,5.8444,5.33355,5.18369,4.19499,5.78581,3.3694,2.98422
4.46198,3.43519,3.55122,2.24496,3.19849,4.26763,2.99751,5.69757,3.61222,3.27189
5.27913,2.24682,3.06005,2.65518,3.4769,3.85782,5.2283,3.77102,3.66854,4.3128
3.37407,3.89721,4.45948,3.5097,3.47198,4.78549,4.4867,4.03656,2.2162,3.99522
4.17041,4.58385,3.64133,3.73668,3.91606,3.48574,1.34862,4.43673,5.35345,5.73848
5.30756,5.38489,4.50585,4.65305,2.53254,4.08199,4.68898,2.24926,4.08529,4.17205
3.3858,4.03649,5.12828,4.75909,4.58869,3.68153,4.50947,4.28708,4.11837,4.12662
4.4279,3.93002,1.58771,4.18801,4.27779,5.81412,1.94895,4.25854,3.2248,3.04944
4.5574,4.49894,3.43555,4.0763,5.06912,5.01238,3.43721,2.32648,6.06785,4.86915
2.4068,3.54106,3.99083,2.57456,5.77022,3.67154,6.28487,4.14269,2.41289,3.51776
2.11764,3.42298,4.02407,5.44603,1.62021,3.96089,3.77865,2.90486,5.39747,4.14136
5.11194,3.52896,3.28834,2.56807,4.77062,4.07282,4.79944,4.45003,5.18181,2.19997
4.20903,3.82997,3.55302,4.84892,4.59865,3.4606,5.70165,2.94339,3.31564,5.06969
3.89336,2.23476,4.0876,4.32975,4.40969,3.79244,3.55139,4.16902,4.24743,4.60864
2.56378,4.71756,3.48466,3.8009,4.13128,5.15374,2.4428,2.1173,5.09214,2.9277
4.11239,4.62914,4.15721,4.52459,2.03752,4.04348,3.63395,4.25774,4.16179,2.02228
1.42299,4.96494,4.10341,2.48995,3.5863,5.64986,5.31009,3.38491,3.01257,2.5558
3.99803,5.13808,4.10185,3.74541,5.14574,5.32546,4.97716,2.21286,5.16263,2.52641
4.42294,5.00111,2.9995,2.71083,4.66467,2.42538,4.8927,4.08613,2.85466,7.06288
4.38724,3.63189,3.72744,3.79465,4.36845,4.49496,2.33222,4.72411,4.19332,4.2641
3.14291,3.98772,3.32433,4.90624,2.65061,2.69459,4.06803,3.40013,3.56022,2.09513
3.56869,3.32359,4.36635,2.58581,3.98275,3.93328,5.12343,5.02193,4.96762,3.58039
3.24298,4.00194,4.41251,2.68817,3.42021,3.77246,4.4237,3.08739,3.64013,3.91483
2.72908,6.1561,3.65713,3.66674,3.58156,5.58828,5.19363,5.00567,4.18559,4.37803
3.12946,4.11896,5.39291,3.9464,3.35831,3.23329,3.54306,6.13386,4.2069,2.89485
3.34891,5.80595,5.85035,3.74485,4.06563,2.9701,5.33108,3.91101,4.21846,5.27059
2.93334,4.73104,3.20167,4.50072,3.44481,4.29893,3.71916,2.48905,4.89489,4.31892
4.3417,5.48028,2.78953,4.45361,3.28248,3.9981,2.37232,3.84989,3.59449,2.997
4.3306,5.71886,3.3015,3.82845,3.85586,4.24069,4.95356,3.60319,2.76277,2.28852
3.93948,5.24813,5.28181,3.06454,2.59404,1.96777,3.61285,4.48903,3.03586,3.72549
3.38811,5.87574,4.73359,3.99268,5.07728,6.54363,3.51334,5.29897,5.38413,3.55592
4.48082,4.38575,3.21186,2.33707,3.25715,3.9535,3.85011,2.68624,3.29157,4.29962
3.1431,4.68822,4.04868,2.45546,4.00281,2.45102,4.74943,4.27809,4.71388,4.77607
3.67951,2.63038,3.9888,3.95199,3.50188,3.7623,5.15605,4.50768,4.93948,4.8407
4.02286,2.86365,4.40787,3.28492,1.11977,3.90545,2.80297,3.82549,3.3741,4.952
3.72066,4.66907,3.57787,4.06059,2.9967,3.89601,6.0723,3.46372,4.33347,2.74092
4.96339,2.01681,4.73309,4.69843,5.52115,3.97888,3.3828,4.09205,2.62341,2.65688
2.53092,5.06202,4.83773,4.63884,3.07829,6.20935,4.24202,4.72401,3.52525,5.15952
4.34382,2.39413,4.11105,4.7157,3.35455,3.23895,3.60938,4.3858,3.04196,3.72589
4.37809,2.47577,3.49354,3.67997,2.85547,5.78821,3.15667,4.29244,4.05074,2.27377
3.55641,4.23878,3.13998,4.39393,5.96827,5.27698,2.59205,4.19029,2.90144,3.95305
2.77793,3.52991,3.31972,3.84943,4.14778,3.507,3.91682,3.77536,4.02521,3.19199
4.15995,3.84053,3.40891,3.8664,4.01413,2.61438,4.39351,5.04466,4.19321,4.3564
3.57574,5.11178,4.6868,5.1885,4.97365,4.02871,4.57288,4.38732,2.44762,4.79177
4.17458,3.90009,4.52697,2.98703,4.41889,5.36534,2.83486,3.77946,5.13409,3.57505
5.63763,2.93228,3.60554,3.25504,3.4023,5.69789,3.085,4.4001,3.65579,2.02954
4.16453,4.15203,2.86581,5.16074,3.29606,4.08928,2.96993,2.46373,3.23122,3.08503
5.13012,3.31668,3.08223,3.98513,3.90817,5.22055,2.94018,2.02526,3.75886,3.80325
2.71518,3.08953,3.40365,5.76583,6.09749,3.59393,4.31279,3.82001,4.86056,4.46199
1.88053,4.28871,2.48341,4.14692,4.46207,3.56098,4.65706,5.94332,4.5652,4.12767
3.49174,3.12731,2.99611,6.65799,3.34781,3.80535,4.03286,5.36408,2.15643,4.83303
4.47783,4.35709,4.02909,4.59085,2.58711,4.24951,3.30383,5.59369,3.66681,2.64939
3.68369,3.60946,4.97156,3.42699,3.11136,2.78516,3.88217,4.04396,4.70356,6.36372
4.38591,4.22644,4.12248,3.60357,4.23475,2.8628,4.48643,3.10537,4.24012,4.26673
4.06192,4.47013,4.66054,2.90569,4.99781,3.25582,4.49612,5.02444,2.46764,4.44594
6.27576,1.8558,1.16006,4.41872,3.9222,2.89545,5.6671,3.8421,4.15742,4.99251
3.12852,2.35347,6.13377,4.08809,3.60689,4.65032,2.17385,4.78348,3.96959,5.31057
2.5962,5.00456,4.90939,4.04387,3.43109,4.41503,4.95952,3.65556,4.13285,5.28595
6.54837,6.04866,2.76728,3.62905,4.76366,3.85766,2.81928,2.7602,2.68272,5.46479
3.53849,3.01515,3.29548,4.02025,3.70376,2.69131,4.55061,4.61517,3.03,4.01858
4.56928,5.12082,3.58806,3.75169,3.65433,2.45896,3.82202,4.54991,4.0297,5.08832
4.69221,4.53289,3.05159,6.30047,4.16119,3.99467,4.16069,4.59149,4.73758,4.43806
4.154,2.33266,3.75919,3.16952,3.91015,4.36041,5.51087,3.76743,4.82412,6.16736
5.35109,4.26275,5.18731,5.09471,4.6517,3.50706,4.95721,5.42922,4.43441,3.96853
4.09095,3.84853,4.36894,3.68282,3.70161,4.6014,2.3526,3.60966,4.6683,5.97665
2.41357,3.07237,5.25462,4.71222,3.86783,3.90156,3.75008,0.43503,4.17335,3.08508
5.31375,4.79777,3.12408,3.03387,2.8522,2.70166,1.88142,3.50684,4.05424,2.65548
3.9515,3.87158,3.65307,5.32751,3.19728,3.38875,3.52559,4.98811,3.02934,4.40426
3.57817,4.12055,4.86123,2.59293,3.12815,3.60027,2.41683,3.64345,4.44561,4.68219
4.61083,4.61691,4.78863,3.66851,4.8798,5.11852,2.21832,5.22606,4.47841,3.46477
3.46075,4.28913,4.34935,2.70619,4.13225,4.52936,4.56935,4.30369,5.06813,4.95271
5.36209,4.52734,4.81266,3.99591,2.91566,2.2035,3.14193,3.51905,4.42871,3.05849
5.19096,3.27293,4.5947,3.9749,4.35378,3.54436,3.33518,3.73957,4.92273,4.18923
4.51605,4.20064,4.86369,5.64904,4.64456,3.4972,3.94475,4.11194,3.03315,2.88203
5.26594,3.45191,3.52946,4.62013,3.1556,4.50407,4.22033,3.96675,5.36993,4.26478
4.24019,3.79089,4.38901,3.47852,2.25554,4.13918,3.0784,4.34883,3.76098,5.71748
4.49926,3.23305,4.31173,2.45571,4.52355,3.23371,5.1934,4.17476,3.96755,3.6005
3.0725,4.47641,5.76483,6.02477,2.22878,2.29452,4.40974,2.20863,3.2494,1.98064
4.70481,3.32623,3.79964,3.86199,5.71652,4.56461,3.2521,4.69117,4.45574,3.52649
4.67632,3.51687,4.81401,6.87869,3.34467,5.0799,3.74026,3.84172,3.41076,4.05412
3.13078,2.29848,3.88498,5.75935,2.90313,4.33666,3.81193,3.47898,3.2657,3.68973
3.40115,4.63872,4.12331,4.4589,4.75993,4.36572,3.35946,3.21513,5.54679,4.17841
4.7371,4.34336,4.80197,4.47677,5.33112,3.32888,4.42495,5.65137,2.77408,5.1067
3.11376,3.99048,2.86597,3.45979,4.25215,4.13948,4.48484,3.67399,3.74045,3.96171
3.97593,5.39641,5.91937,2.4472,4.51967,4.08351,3.37276,4.53409,3.5031,3.27527
4.84188,5.30749,2.25709,5.32857,2.76117,3.90582,3.74333,2.50568,3.2896,3.19035
4.64115,5.59669,5.57976,2.85442,5.20903,5.24308,5.13164,3.48842,3.5089,2.35238
5.52312,1.53643,6.50653,3.56022,3.81586,3.68519,4.46936,2.19123,3.20637,4.21767
4.38203,5.4104,4.40033,4.37987,3.56164,4.06425,3.52224,3.29359,4.55398,5.066
4.63686,3.94686,5.26621,4.86712,3.40621,1.66687,4.45757,4.26688,5.07344,3.8073
5.0009,4.51825,4.29404,2.86181,4.06062,4.94826,2.17046,4.23775,3.56013,5.23842
4.38842,6.11738,6.13752,4.3668,2.84633,4.97387,5.28095,4.72028,4.01606,4.09465
3.69424,3.60776,4.21651,5.26132,5.75225,3.68571,4.31302,2.37622,4.64681,3.03868
4.67274,4.18224,2.67314,3.02757,3.37399,2.60691,3.82892,3.40048,5.86397,2.95898
4.18105,4.6429,2.67926,4.58543,4.59056,3.63724,1.9159,4.52525,4.71399,4.45105
5.2022,3.72637,2.9148,4.52954,5.11583,3.82953,1.98063,3.10196,3.38405,2.77175
4.20335,2.9364,4.97222,4.36851,2.40899,4.9469,4.12984,2.94536,4.289,4.43629
3.33049,3.97403,5.86105,3.91536,5.76521,5.62807,5.60456,6.09331,4.89285,3.25213
4.60169,3.29391,3.52705,3.02975,4.77121,4.3555,3.01433,2.71326,5.28566,5.13633
2.66049,4.55045,2.29173,2.62481,4.60819,4.61229,3.90232,3.66155,3.36188,3.90681
5.21713,4.2358,2.82995,3.79718,4.27309,3.8783,4.90645,3.06393,4.46698,3.57997
5.25668,3.61737,3.96948,3.30241,3.55254,4.56094,3.31945,4.23324,4.86712,2.74656
3.45188,2.36397,5.52118,3.19545,5.11407,7.58873,1.73972,5.59742,4.13798,3.3684
2.76115,4.64573,3.43946,4.02192,3.32598,5.32518,5.25811,3.87159,3.05155,4.26997
5.2738,3.75168,5.45608,3.77617,4.03642,3.64948,5.90396,3.87353,4.14714,3.53418
2.89375,5.05684,4.45986,3.49423,2.74309,4.34456,5.91252,3.00908,5.22563,3.73478
4.63038,3.34503,3.57897,3.67273,5.91433,2.4411,4.26257,4.89602,3.66368,3.11994
3.18066,4.15397,4.43784,5.73385,4.51259,4.40635,3.54196,3.32042,4.28001,5.01772
5.15138,1.85443,2.56767,4.75089,3.88243,3.66205,2.87716,3.8891,4.01656,3.67773
3.02601,1.85268,3.8322,3.93438,4.77821,5.54228,4.59664,1.90288,6.1721,5.32964
3.98774,3.83191,3.80568,4.71024,4.72996,5.31706,5.43081,5.15934,4.10971,6.58841
4.40482,3.62103,3.76854,6.40147,3.87867,3.56604,4.70656,4.32843,5.81148,2.62624
3.04753,2.58245,3.79782,5.22842,4.6857,3.55764,2.91409,2.10221,4.58318,4.19295
4.02898,3.56881,5.32379,4.05041,5.34444,4.43584,2.90441,2.76104,4.84927,4.04192
3.46698,2.45681,3.49041,2.38516,2.89945,4.11083,4.94159,3.42938,4.07565,4.23431
4.11607,3.84669,2.95128,3.13342,3.44654,5.09852,2.80923,5.06249,5.5661,3.30059
3.71153,3.91496,2.24019,3.91369,3.47521,4.52758,3.89912,4.77952,5.90723,4.60529
4.25894,4.80439,4.93761,2.46601,5.67197,3.24944,4.0204,4.86167,4.72344,3.59666
3.58641,5.1184,3.6566,4.78113,3.02583,3.26012,4.05086,2.9325,6.07152,3.68921
3.65127,5.07816,3.64379,3.73127,3.68349,4.35214,5.07194,2.96678,4.96017,4.24973
3.09544,2.90309,3.70641,2.32809,4.17452,4.67583,3.88936,4.39989,5.35139,3.77207
1.72279,4.74945,3.70315,4.49421,3.46027,4.41207,3.07969,3.96262,4.0336,4.70061
4.65987,2.81611,4.19403,3.30216,3.76428,3.72139,3.00597,3.0938,3.01726,2.47365
4.34636,3.57094,4.86493,5.13747,4.32933,5.54506,3.59848,3.88316,4.53834,3.83668
3.68031,4.08699,3.01525,4.10038,4.03695,2.13829,4.38464,4.01497,3.72986,4.30008
3.83291,3.02772,3.12835,3.18213,3.0904,4.54089,5.9115,4.33487,4.84464,5.44846
4.63743,1.71166,4.93674,2.70682,5.398,4.2858,4.65633,4.50147,5.45511,5.39093
4.83024,4.39607,5.44083,2.64862,3.69458,5.38695,5.14308,4.54408,3.03232,3.76381
2.37246,3.93856,4.93016,3.98005,2.76697,4.07299,2.81393,4.4309,3.6808,5.16832
4.85514,3.97586,2.14554,2.96262,4.44963,3.64487,4.3195,4.87248,3.98167,4.25839
2.6019,2.92661,5.01956,2.97217,2.96583,5.54177,4.36469,5.20064,4.95636,3.93179
3.96946,2.10332,2.6366,2.84865,4.61292,5.19552,2.69414,4.89351,4.72133,2.87238
3.85596,3.27336,4.33027,4.33996,3.86596,4.75366,4.48375,6.27895,4.38891,2.64806
3.94353,4.32263,3.26751,4.39061,3.74963,5.05398,5.63402,3.74595,2.93774,3.68619
4.62948,4.54086,6.08705,4.55513,4.31062,5.9673,6.29633,3.0847,3.52888,1.22106
3.59311,2.89975,3.99447,2.37064,3.63446,4.30418,1.86443,4.63733,4.56895,4.62104
4.22298,2.68954,4.75497,4.82299,2.75079,5.012,3.79491,3.09366,3.65163,4.01657
4.25288,3.71903,5.59579,3.64662,4.78308,4.63803,5.87939,4.24221,5.33155,3.90167
4.15611,3.01431,4.35138,5.54866,5.98216,4.83577,4.64212,5.35262,3.87215,2.66688
4.98264,3.8427,6.54439,3.95541,2.48051,2.98888,2.7934,4.69804,4.43307,5.25651
3.39181,4.79726,3.93047,4.269,3.58347,5.5909,2.11491,3.40138,2.69126,5.75138
3.03216,2.91285,2.92959,3.88179,5.22305,4.18272,4.19747,4.67494,4.2262,3.55051
5.26237,3.26743,3.73813,3.07327,5.27038,3.26032,2.58644,4.99296,4.27279,4.47237
4.55362,6.08254,2.93192,6.01409,3.84285,4.52582,4.50788,5.63321,5.37555,5.11068
4.04316,4.27179,4.16597,4.91104,4.69178,2.25037,2.17114,3.20261,4.78849,3.4455
3.88736,4.0291,3.51262,4.20203,3.37494,5.32785,5.47854,2.73217,4.81352,3.11012
3.42026,2.3403,2.64104,5.50323,2.82473,4.1451,4.565,4.91687,4.48526,3.02499
4.98745,4.87291,4.18533,3.2886,3.9384,3.74354,3.79492,3.33881,4.2233,4.3391
6.22145,4.9077,3.30715,4.93779,3.36235,2.90692,2.04626,4.97956,3.05694,6.04699
5.39129,3.1449,5.07932,4.5914,4.60358,3.56715,3.98925,4.12767,3.21052,5.63116
3.31667,3.71272,3.00389,4.97607,4.75664,4.10029,3.87849,3.84401,5.16341,5.09333
5.99846,3.37959,5.21704,3.87576,3.65309,4.69784,4.43606,4.88302,5.99531,2.17718
2.35682,4.61189,4.14853,4.49516,4.09282,5.62389,4.3352,2.80347,3.96883,3.69148
2.73137,4.0336,4.41743,5.42532,3.68483,1.53201,3.93146,4.18041,4.84624,3.29321
2.25221,4.8305,4.03824,4.86987,3.52188,3.94658,3.79516,5.45789,3.43018,6.60304
2.94425,3.87629,5.08184,3.92088,3.23215,5.70712,6.04217,3.96068,3.82015,2.69517
4.28396,5.48805,3.61918,4.16563,3.7784,3.53548,5.38767,3.29506,4.74995,4.22728
3.86967,2.80791,4.36819,4.97766,4.27012,3.92797,5.0907,3.34788,3.52977,2.4049
5.68072,5.10209,5.10056,3.29914,2.89801,4.19362,3.79388,4.87115,5.6999,5.10959
3.0948,4.68672,3.18427,4.37418,3.72263,2.30863,1.74906,4.04422,3.88625,3.96898
3.34971,4.90928,3.91701,5.88986,4.05472,3.70494,4.69375,3.12665,4.4901,3.98424
1.78562,2.59173,3.7681,3.50524,3.70806,3.32418,3.32697,4.72033,2.44977,3.36312
4.38125,3.31755,4.16146,3.71294,3.71105,4.88629,3.79251,3.87534,3.78807,5.64179
3.77158,3.51676,2.83202,3.94417,3.01334,4.40419,4.09085,4.65958,2.77704,5.06385
4.64222,3.53642,4.18657,4.31596,3.04856,5.48948,3.57998,4.08542,5.50165,4.69728
3.86632,3.42542,4.33797,4.48862,5.40308,4.7503,5.34596,5.22743,3.87024,1.00368
2.26679,3.61047,4.32244,4.87232,3.08248,5.30706,4.33352,3.83018,4.19457,5.06
6.34032,4.73336,5.52247,2.31317,3.32196,2.95039,6.44671,4.25574,3.69234,4.03249
5.35261,3.32202,4.1119,5.01472,5.18929,3.34329,4.97808,2.94023,5.12684,2.87736
5.02945,5.26933,3.41901,2.77986,4.29285,5.16961,5.30342,2.07929,3.61868,3.92059
3.33154,4.78864,2.94283,3.43431,3.66741,4.36688,3.42412,5.78937,5.64046,4.44384
3.33093,3.53642,4.8151,3.94261,3.82291,3.40522,5.44093,1.60821,4.80424,4.89365
5.25765,5.91735,2.39117,5.55099,4.70678,3.4239,6.81196,4.32244,4.85926,3.5932
4.6277,4.49068,5.41654,2.80167,4.53426,4.40906,6.12561,3.50671,4.33785,4.66923
4.75432,5.05828,4.50215,3.46499,2.24112,3.69991,5.46553,3.80595,3.88321,3.80549
2.85187,4.93209,3.03544,5.1279,3.74958,5.42049,3.44426,5.03024,4.22363,4.59979
4.04958,6.20241,2.99418,4.097,3.80851,3.71682,3.63576,3.53043,4.25165,5.09692
4.94464,3.90214,5.36068,5.23532,3.45875,3.07148,2.13133,2.93803,4.28769,3.97579
3.13886,4.32168,3.88803,2.54476,4.42146,2.54789,4.81927,4.62357,3.95321,4.49103
4.75078,3.88015,3.42239,4.8663,3.1084,4.82282,3.68519,3.6006,3.99767,5.23467
3.32388,2.24902,4.18806,4.75143,4.39676,1.98499,4.21505,5.11147,5.14501,5.16257
3.94019,4.85144,4.13322,5.73262,2.44497,3.05189,3.11382,4.07101,3.90438,5.74871
1.94027,3.06687,3.39284,3.51632,4.4398,2.13583,5.51127,4.7616,3.33834,3.66967
3.03399,3.01899,4.53686,5.20073,4.00568,3.46783,4.12578,2.76156,3.82132,3.37411
3.40619,4.6822,2.76238,4.16784,5.3024,1.64435,4.59832,4.45974,5.42136,3.74217
4.30082,3.55078,5.51154,3.86888,2.92616,2.64124,4.12985,4.29856,3.70395,3.44544
2.89887,4.12695,3.47594,3.3437,3.58648,3.81091,5.24375,4.65139,3.27021,4.09705
3.4969,2.02865,3.40562,3.65825,5.31221,3.46068,4.9117,4.34287,6.86377,4.59706
4.77979,3.48579,2.95108,4.92198,4.99485,4.58938,5.79955,4.47497,3.17391,2.53942
2.96307,6.61623,2.90266,4.46995,3.57428,5.42726,6.13411,4.18951,6.5404,2.21772
4.79301,2.79808,4.48913,4.02248,3.87825,4.45203,4.58415,3.52444,4.37707,3.52942
3.61293,4.71954,3.57816,5.44189,4.90804,3.31879,3.79593,4.86857,4.84683,3.73014
3.59744,6.04939,3.93675,3.44747,2.77622,2.42635,4.95147,4.92507,5.0196,3.59463
3.9038,4.32067,4.38838,3.68625,4.71352,3.40441,4.61174,5.71155,5.65345,3.24351
4.64934,4.87484,3.34866,3.30682,4.37967,3.91298,4.54453,4.19053,3.8455,4.15144
1.68971,4.42463,2.26616,4.39537,1.58573,5.1805,5.48097,4.30574,5.0431,3.47097
4.60311,4.76403,3.2731,1.53017,4.44989,3.59645,5.03752,2.61521,3.77589,3.98902
3.9015,4.04172,2.86326,3.64507,4.58067,3.42796,3.90705,4.51633,4.44066,4.20203
4.24316,4.79239,4.08132,3.26376,3.84501,4.51308,3.74828,2.2039,4.51593,2.74401
4.79116,4.06157,4.45749,3.74016,2.16259,3.44356,3.79167,4.61814,5.48267,5.02319
4.16733,4.30569,2.27469,3.43704,6.89183,4.70065,3.05325,4.09537,2.69323,4.28939
2.63508,2.88506,3.58529,3.3909,4.40592,2.55048,5.0635,4.74933,5.78898,5.10159
3.78483,4.71109,3.66542,6.0763,4.55577,4.57203,3.39454,2.46173,5.21514,3.79641
3.05667,3.21277,3.36778,4.00809,5.58604,2.67011,5.35413,4.95446,3.45189,3.55616
5.33741,3.93938,2.54422,4.0718,4.96797,4.8155,3.56972,5.90771,3.99455,4.6207
3.56021,4.55031,3.59676,4.40943,4.56892,3.79186,4.49983,5.02163,1.79184,3.02763
4.0453,4.30218,3.78158,4.90187,5.45823,4.78892,1.92095,3.70685,3.0119,2.28691
3.41898,4.39675,4.09153,3.74974,2.51042,4.02596,2.36649,4.63529,6.50294,4.42102
1.59997,6.22286,5.59384,6.35511,2.37178,3.64874,4.15765,3.96766,5.21056,4.42419
4.36053,2.08358,3.97398,5.4002,2.86325,3.49546,3.6964,4.87498,4.82157,4.77218
5.51465,5.42315,3.24287,5.52027,5.42831,3.3901,4.46536,2.61157,4.73781,4.45097
3.2183,4.53452,4.63276,2.03556,2.81929,4.49417,4.55839,3.2961,3.98048,4.98928
4.00278,3.87685,4.23757,4.54634,3.54013,4.46735,5.94535,5.71046,4.93135,4.85179
5.63417,4.66931,3.85466,4.2908,3.34744,3.6617,3.64758,2.3087,4.36729,4.51248
3.523,4.65177,5.46781,6.18864,4.35997,3.88807,4.50533,5.26059,2.80173,4.2677
4.79291,3.05679,5.14867,5.30163,5.15861,3.39581,3.74883,4.7769,2.43992,5.14273
3.42522,4.09316,3.09826,2.91671,4.5375,4.82525,3.1986,4.97695,3.83089,3.68426
4.02441,4.89184,3.6483,4.01114,5.235,4.35984,4.97291,7.1615,6.20176,4.54438
5.00033,5.01293,3.33507,3.58869,3.89906,4.04745,2.39568,3.5574,0.939296,3.69145
3.39719,5.10215,3.33892,4.45727,4.16599,3.39685,2.46559,5.2302,5.32708,4.23917
2.22802,2.74715,3.42923,3.11696,2.55641,1.90492,5.30584,4.74154,3.88597,3.62997
4.9477,3.19793,5.17758,3.67923,5.86834,4.29689,3.47118,2.80359,4.83888,3.49677
2.97294,3.90006,3.40343,4.65982,4.228,3.52484,5.08059,2.33953,5.78816,3.5681
5.06451,4.15256,4.52007,4.4684,3.90904,2.35625,4.47565,4.82513,2.72186,2.86568
2.07969,3.44741,4.25049,2.7183,2.67936,4.14722,6.18774,4.64655,5.25057,3.35179
3.00554,3.43957,4.66712,2.742,2.79586,3.43967,2.78129,3.13704,4.25477,4.09044
2.2898,2.60302,3.57009,4.08635,4.64676,4.39346,3.61448,3.99328,1.78667,3.25705
4.98886,2.68798,5.3429,3.38572,4.18344,1.96388,3.07254,1.7015,5.48511,5.35546
2.80602,3.44595,4.26666,4.68195,5.27554,3.38509,5.77272,5.53012,3.46657,2.74461
2.74535,5.71905,3.02147,5.1587,4.52439,4.16874,3.40549,4.30943,3.72554,3.45389
1.73561,3.11537,3.33316,4.50558,5.60842,6.37754,3.98991,1.81193,4.32113,3.00454
3.85003,2.7758,2.48207,1.84693,2.89631,3.4835,3.16087,4.68233,3.7662,3.6309
3.00324,5.63147,3.44528,3.39547,3.46458,5.55156,6.05572,4.57071,2.46993,3.88886
4.69584,3.35629,4.43687,5.79117,4.63244,2.44481,4.13356,4.29796,4.64757,3.30672
2.44322,5.50587,4.20486,2.7451,4.786,4.17812,4.63618,1.64003,4.98619,3.86193
4.90144,5.26104,4.47107,6.04766,4.1419,3.73637,3.34454,4.0245,4.05258,3.27842
4.22433,2.74597,2.77638,4.88046,3.67334,5.73588,4.57738,4.81045,5.17334,3.32547
1.67561,4.98367,2.75541,4.45214,4.04896,3.11429,3.52962,5.06631,3.31597,4.65659
5.03597,3.81041,4.83253,5.86613,3.97648,4.4379,3.82314,4.13988,3.70969,6.01933
4.13609,2.01114,3.99554,3.89854,3.54665,3.16508,3.88778,5.63181,3.99669,3.98364
3.13225,5.45313,3.98944,6.63963,4.20859,4.565,5.06715,3.85944,3.98396,4.35741
3.42847,2.77702,3.0122,4.10174,3.90058,4.48773,3.35879,1.81016,3.71019,5.69601
2.52775,3.1169,4.09809,4.63293,4.33733,4.14382,2.81037,2.31402,4.83895,3.95834
5.75967,2.62887,3.34906,5.80744,3.89781,3.19337,5.24746,7.24342,3.92263,2.87043
3.93912,3.49713,4.65177,3.25631,4.42571,4.12278,4.99544,3.65212,3.18048,2.84861
3.8723,5.24687,4.09929,3.49726,4.78744,4.13596,3.56636,4.7508,1.99562,2.68395
3.3716,4.0808,3.5925,3.91515,2.11008,4.37166,4.095,3.3878,4.98544,3.81506
2.6804,4.9899,3.50287,4.0012,4.6123,5.24859,3.05363,5.37881,4.27226,7.12994
7.17461,2.25798,4.76161,4.53147,3.8269,4.72599,1.64852,3.72816,4.45979,4.16044
3.64305,2.83658,5.38192,5.47414,5.94267,4.15167,4.86288,4.37454,5.03834,4.18213
2.79145,4.79338,3.99062,4.47624,4.80061,3.50425,2.57826,3.78511,3.15357,3.48879
3.74481,3.46641,3.37476,2.32578,2.97802,5.95421,4.03972,3.81175,4.27071,3.12433
3.51611,4.87296,4.52951,6.07789,3.45417,3.19124,3.09424,3.35634,3.61094,4.43912
4.37532,3.73619,5.5323,3.41105,3.71208,4.6759,4.55222,2.29437,2.99808,5.14755
4.73036,4.73465,2.85074,2.97864,3.33632,1.64784,4.8973,3.80702,4.02068,3.58247
5.82633,3.68692,3.74056,1.78542,4.84213,2.56426,2.20948,5.29625,4.06831,4.66597
3.03357,4.43118,5.28468,4.57549,3.2836,4.28724,3.63937,3.2989,3.87194,3.80135
3.49319,3.09193,4.65394,3.82948,3.66961,3.81787,4.88183,3.28704,5.84539,3.03591
3.15311,6.69444,2.85435,2.68617,5.37218,3.37567,3.17227,3.02566,6.36691,2.91382
5.82158,4.16421,2.99058,2.77316,3.50746,2.46063,2.62632,3.99625,4.51366,3.56764
4.21647,2.78722,4.07485,4.40091,3.9736,4.86274,4.11971,4.40244,4.148,5.52124
5.1335,5.9974,4.83289,3.92021,4.74631,1.8488,4.32798,2.80707,2.12229,4.27885
4.14897,5.00265,4.12026,3.9451,3.11266,4.22345,4.5946,4.88429,6.12657,3.24492
3.78546,2.63108,4.35227,3.9842,4.58477,3.903,3.1071,4.41176,3.1901,3.62784
4.66118,3.95072,3.60905,1.99547,3.58053,4.44067,5.72487,4.82279,2.95265,5.33246
3.31423,3.20637,4.69671,3.74279,5.05887,1.76387,3.33138,3.72286,6.31388,2.49364
2.83021,5.22328,1.82358,6.37985,3.92204,4.64934,4.6693,0.715394,4.34559,3.74076
4.40334,1.42738,4.46044,3.49327,3.76598,3.234,2.00091,3.79505,3.83656,3.12709
2.91173,5.50526,3.60201,2.21104,4.28641,3.69146,3.61653,2.96204,4.19534,5.24333
2.58462,3.12264,4.96331,3.9163,5.29265,5.71894,3.29557,4.64685,3.5117,2.35646
4.75118,4.83369,4.51413,5.6208,6.17119,4.69435,4.59843,4.23309,3.32308,4.21478
2.93144,5.10812,4.78194,4.03922,3.09374,6.25178,2.99835,3.78098,3.66163,3.569
5.5121,1.88359,3.24837,5.60081,3.52645,5.78299,4.93129,4.01682,5.06826,5.25036
3.68669,2.56221,3.41086,2.43382,3.64592,3.48366,4.86299,6.41334,4.25989,4.57949
3.41458,4.68832,1.90963,4.19596,1.87362,5.53125,4.65014,5.06001,2.38647,4.39746
3.77446,4.79774,3.39467,2.41907,4.93405,4.08457,4.64112,3.3464,4.73853,2.46007
5.01332,5.01684,3.26924,1.88645,5.05336,4.60753,3.31705,3.21943,3.58332,3.60947
4.15328,1.21623,3.75359,3.99831,4.57735,4.1628,5.35927,5.06956,4.36271,2.97017
3.8466,3.78389,5.81186,4.02491,3.49448,4.43184,4.70956,3.62769,4.19081,4.01466
3.48034,3.94451,5.12823,3.02697,6.04131,2.49183,3.9463,3.95177,3.31933,1.65483
5.53504,4.50432,2.03392,3.05687,3.3286,3.70297,4.22381,3.82093,4.70015,4.90884
4.39812,2.16284,4.33347,3.60771,3.15163,5.64251,3.82669,2.413,1.61381,3.58956
3.614,4.43073,3.56873,3.19511,2.33637,3.09905,4.37449,4.18535,4.35959,2.09244
2.44609,5.26089,2.80347,4.92318,5.4864,5.43982,2.25347,5.01833,3.39975,3.70326
4.71503,3.79266,4.44046,3.27088,3.00362,4.29462,3.31312,4.30575,5.3289,2.90625
4.73686,4.11959,5.55013,3.97652,1.11359,5.10386,3.19425,3.52983,4.84159,4.88357
3.93521,3.10366,3.83917,5.35496,3.81977,4.37723,4.91327,3.11981,2.95533,4.64216
5.07119,5.25596,3.08059,3.22745,4.19676,4.03985,4.62569,3.92241,4.71399,4.06105
5.25998,3.51436,4.6661,3.56935,2.22164,3.54259,4.53115,5.031,5.13464,4.63195
3.42058,3.2984,4.37602,3.96632,4.07293,4.35432,4.9676,5.07945,3.42061,4.4343
2.93015,4.00344,3.29179,5.04485,5.64358,4.28064,5.0761,3.71997,4.48526,3.63347
2.83149,4.74931,3.35489,5.78493,4.47997,2.83202,3.93496,4.72164,2.81219,4.37341
4.79711,2.09671,4.97774,4.46569,3.9638,4.26888,4.04296,4.81725,3.58519,2.08776
6.20465,5.95697,4.12663,3.53385,3.40678,3.52737,3.48356,3.12261,4.22069,3.15359
3.30679,2.87834,5.20795,4.46413,2.1913,3.55268,2.34749,3.23147,2.70592,3.18087
4.9959,4.86031,6.05739,4.8288,3.32434,2.42532,4.51867,5.06361,4.9696,3.55509
1.58681,2.25961,7.01668,3.72146,3.45898,3.43999,4.34158,2.72414,4.92611,3.45057
1.81968,3.90257,4.50059,5.40491,3.50094,4.37918,2.02726,4.58762,3.87784,4.21641
3.18291,5.0736,3.5172,4.40245,1.91626,4.06197,2.98058,3.98187,3.65507,4.91256
4.3331,6.17367,1.56976,3.55528,5.67681,4.55519,4.02834,4.78176,3.67347,4.38382
4.87082,3.92262,4.87995,4.60591,4.47293,4.8416,2.84514,4.19799,3.94417,4.47572
3.61974,4.48835,3.34793,2.27602,1.92137,6.39793,3.71186,4.17404,3.05799,4.59085
2.05935,3.14374,2.99066,4.52168,3.25022,3.5998,2.30221,4.60992,3.00247,5.47386
2.93661,2.90644,4.21299,4.8514,6.00894,2.78607,5.03901,3.70593,5.22847,3.66764
3.50736,2.97456,4.85952,4.13902,4.12137,3.9028,3.1119,4.61952,2.98134,2.81571
3.8672,3.98039,4.82568,4.35264,4.27483,3.55355,3.83081,5.87246,4.26479,2.03802
3.62896,5.52306,4.33049,5.3744,4.11798,4.72321,4.22299,5.17022,3.94588,4.96204
3.21145,4.9258,5.28016,4.31603,3.46727,3.54653,4.27048,3.51257,3.34325,3.64346
4.37646,6.54784,3.3511,5.57059,5.09409,5.01632,5.52993,4.18962,3.77141,4.29154
4.64523,3.75595,4.63773,3.38213,4.11102,2.95623,5.09494,4.46748,3.6081,4.27725
4.47623,3.78085,4.29067,3.83228,5.55069,4.41679,5.31301,2.83624,3.37383,4.97323
5.53961,4.96944,4.2004,2.68437,4.73362,3.55813,3.55495,3.81499,4.12497,3.77873
2.44487,1.862,3.9019,4.46895,4.92995,4.00509,6.0164,3.32925,5.16301,2.37885
4.44724,5.89377,3.46272,4.21132,3.01298,2.11173,3.26973,2.61894,4.54656,4.10331
4.12286,4.46729,4.99544,5.68202,5.48441,6.5194,3.38853,4.39352,3.32249,4.22908
3.84842,3.45624,3.33423,4.90632,3.8947,3.15872,3.30074,3.16535,2.88685,4.14367
3.83014,3.88293,3.2014,3.26534,4.47564,4.01845,4.13218,3.81889,3.5964,6.55452
3.74603,4.48278,4.99677,4.4139,3.79112,4.19956,4.067,4.25147,3.99747,3.76249
4.31554,2.98747,3.24617,6.17904,2.98485,2.64862,3.90782,4.70328,5.17198,4.79023
3.19249,3.84049,3.58679,3.14548,1.40311,5.09998,2.63392,3.75048,5.09636,3.76277
2.96379,4.75455,3.69268,5.713,3.77533,2.45916,3.76434,4.6639,3.67331,4.14768
6.0594,3.67308,1.20024,4.90226,1.77523,2.8686,5.4983,1.35431,2.99556,3.4883
4.2438,3.15145,1.26052,1.75586,1.69668,3.978,5.39339,2.90835,3.56882,3.41018
4.13005,4.34385,4.00524,4.63697,4.42806,4.55026,4.09643,4.07112,3.21922,4.22695
3.71866,3.31133,3.81563,2.39338,4.4602,6.00591,4.405,2.87281,4.02131,6.53878
4.04436,3.99169,2.18244,4.38401,2.54097,3.27194,4.22575,5.6768,4.08224,3.95558
4.51272,3.82917,4.86445,3.3718,2.96594,4.01368,4.86789,4.50429,5.1458,5.25846
4.52783,5.85701,3.56833,4.45296,4.64731,2.86253,3.6791,2.63319,2.89046,2.30934
2.32382,3.3145,5.2264,4.60689,3.05573,5.5395,2.8191,2.43314,4.35095,4.43738
3.71258,3.47788,3.8026,4.42181,3.77983,4.20719,5.69241,2.20771,4.1711,4.01535
3.1806,3.6074,3.97708,3.24237,3.83335,4.58849,5.34173,3.31325,4.50284,2.19198
3.91022,3.60571,4.65994,5.36351,5.27894,3.38461,6.27144,3.6964,4.01179,2.91699
2.79451,3.43651,1.50822,5.62803,4.12044,3.68566,3.51165,3.89264,4.67451,4.00075
3.58681,3.6833,3.95302,4.20485,4.92838,2.56545,3.8438,3.03828,0.696084,4.51125
3.62819,5.57427,3.83423,5.68323,4.93397,5.31865,3.67884,4.01146,3.89917,3.99359
6.58243,3.11706,5.1047,3.08282,4.04154,3.86236,5.03688,3.08826,3.8599,3.70007
4.26593,3.13544,5.37088,3.81864,2.33015,4.41006,4.13234,3.43728,3.2075,3.97044
4.75811,3.42189,4.33428,2.42193,5.4501,3.31632,4.71606,2.41012,4.80864,3.7964
4.60737,4.91532,3.64527,3.66016,2.84941,3.33106,4.09767,4.78801,3.85984,3.40037
4.68404,3.7581,3.06137,3.72571,3.74151,4.51918,4.12803,3.82328,3.61461,5.73216
4.18872,5.53813,4.9372,3.47289,1.78715,4.78253,2.83369,3.55279,5.40117,3.99672
3.16771,3.301,3.84127,4.78419,3.6677,3.77655,5.6379,3.04738,3.49119,4.65042
6.15234,3.98224,5.58024,2.3073,5.10736,2.75413,5.24201,4.87397,4.8651,2.28823
4.75892,2.93619,4.65757,4.9776,3.36635,4.29845,4.9225,3.91876,3.69023,4.56846
2.87887,3.72379,4.69048,5.93307,4.15158,3.66972,3.73791,4.96798,4.24335,3.70355
5.01234,5.29241,6.11851,2.98486,4.40085,4.49648,3.76188,5.38654,4.24516,4.02763
4.05718,4.38096,1.897,4.68558,4.09618,4.48726,4.80253,1.89559,2.52335,5.50381
3.37912,5.50189,5.71758,4.40183,4.01188,3.96471,3.39544,2.5323,3.91456,5.77912
3.776,4.32014,4.64785,4.65189,4.65846,3.96173,3.6976,3.05241,3.11613,1.84734
4.37944,3.39645,3.79179,5.25794,3.56522,5.95564,3.80215,4.20925,4.56584,3.76133
3.05263,2.51651,4.37166,4.31365,3.78069,3.97396,2.18727,3.21908,3.88607,3.66299
4.44773,5.57815,3.97899,1.47253,2.51261,3.00692,4.40912,3.11597,3.45533,3.53761
4.29296,3.08302,4.18523,4.00655,3.92505,4.6977,4.71396,3.4007,3.23114,2.11321
3.63746,4.91586,2.91046,3.60842,4.41262,5.05778,2.9349,2.85196,3.16901,4.10536
2.74956,5.77269,2.15739,3.89651,3.59352,4.54653,3.45725,1.30963,5.49941,3.1021
3.83842,3.55274,5.70629,4.02773,3.19395,3.99339,4.1748,2.70354,4.38416,3.19863
3.88122,4.6568,2.56777,3.50079,4.284,4.48041,5.13927,2.51127,5.29268,4.41766
2.55386,4.02807,3.24722,4.77672,4.83617,1.83984,3.57294,5.77929,4.17638,5.55439
6.01162,4.08232,4.73171,4.30472,3.92028,4.53372,3.61786,5.31607,5.13864,3.39699
4.2938,3.39419,3.50907,5.04494,5.06825,4.05703,3.64324,3.64201,3.30085,2.8887
2.87692,4.11785,4.12752,4.66719,4.09794,2.50676,3.50476,2.50773,2.93119,3.98238
4.19936,6.13329,6.0493,3.39948,3.30645,4.49566,4.82115,4.70034,3.88358,3.87988
3.55547,2.73636,2.66788,4.62715,4.3571,3.16862,6.16017,3.75302,3.88789,5.05204
3.5397,3.63678,2.29264,4.974,4.03454,3.64511,4.22154,2.42024,4.65871,5.32445
4.44583,4.2542,5.8803,3.82521,3.42815,3.64487,3.78583,4.57016,2.41043,3.26853
4.4167,3.5649,4.00845,3.48771,2.95293,3.4091,3.52075,3.68087,4.83961,4.55245
4.02619,5.61394,3.01623,4.57846,3.61076,3.92958,3.80229,5.25535,4.00225,5.14907
5.55453,4.68154,5.14291,3.72295,4.17952,4.78524,2.02062,2.20267,3.96716,3.10911
4.16392,3.63108,2.96691,1.91635,4.49352,4.09387,4.80646,3.31912,5.88417,2.64483
5.47766,3.61081,3.6705,4.37616,4.34406,2.97831,3.03687,4.73777,2.8633,4.10178
7.12991,3.63039,3.33818,4.27509,4.34595,4.47917,5.07389,2.94784,2.58028,3.41945
5.56061,3.03842,5.08459,3.7174,3.33887,2.42975,2.29188,4.96271,2.67667,1.80795
3.50648,1.90851,3.80028,5.26376,2.65635,3.5754,3.97384,4.13706,4.14278,4.3015
5.62935,4.36176,4.14107,3.35484,3.59217,2.60875,4.07079,5.7999,3.57585,4.70782
4.99091,4.68932,4.59343,3.3225,4.22949,5.3889,5.36435,5.42274,4.64624,3.8589
3.90823,1.55511,5.04911,4.21977,3.90535,4.67228,2.41589,3.05587,4.92533,3.62989
4.73013,4.70336,4.43168,3.34594,3.63364,3.55145,3.55918,4.51021,3.48531,3.73063
3.61445,5.26774,4.37992,3.72521,4.38135,4.17709,4.00949,3.42587,3.77776,3.71181
4.97808,3.94603,3.9217,4.03321,4.00567,4.34833,3.81383,4.54256,2.94631,2.11394
3.09222,4.53402,1.60926,4.36072,3.9881,4.16462,1.76491,2.4421,4.46747,3.42238
4.77038,2.80538,3.65054,5.10898,3.81117,4.89567,4.33494,4.20254,5.91818,3.38058
3.75572,4.39663,4.05473,3.03072,4.9265,4.48704,2.40535,4.95074,4.49489,4.71607
4.43948,2.52814,3.13304,3.98903,5.29938,3.14784,3.88215,4.11842,5.34702,4.29178
3.75738,3.79432,4.98636,3.57834,3.59507,5.63999,4.41998,4.14124,4.61179,4.2818
5.55144,4.1416,4.81074,4.27512,4.97475,5.07228,4.3505,6.74234,4.57751,4.64352
3.77505,1.61018,4.01118,6.0574,4.8671,2.61165,5.38102,3.39157,2.45143,4.21073
4.345,3.39507,1.10691,3.54127,3.46921,2.78263,3.65762,1.97723,3.13653,4.71742
4.15287,2.69139,4.2248,3.87321,3.2476,4.5477,3.87348,2.76021,4.05605,3.7381
5.45358,3.85855,3.87356,4.34886,5.04026,2.94849,4.82259,3.48227,2.3437,4.21699
4.26178,5.21663,3.79248,4.90739,3.42341,3.25207,6.78221,5.22538,4.70314,4.67147
7.38304,2.99599,4.72813,3.00538,2.19962,4.98705,3.97825,4.0283,4.68079,3.69836
3.92554,4.65539,3.33044,3.15201,5.74257,4.62246,4.22969,5.19876,5.04055,2.47363
3.86445,3.9646,2.75911,3.97327,4.57249,3.66385,2.67818,2.95753,4.45836,4.70398
4.3164,1.96363,3.03812,4.50353,2.5968,4.2339,3.12792,4.41701,4.19414,3.60479
4.66751,2.70871,4.81468,4.19337,3.16989,1.61082,3.65974,3.13161,3.68328,3.90695
4.19932,3.83754,4.2729,5.22662,3.48942,4.67277,4.00834,3.05358,5.00871,4.76116
3.41121,3.9236,3.10365,3.82759,5.68251,4.68121,3.59107,3.51297,4.64262,4.46081
5.17223,2.40237,4.88098,4.91129,3.14837,5.20391,3.02859,3.68252,4.37655,2.33186
2.94727,4.83603,4.67179,3.93056,3.35216,2.86029,4.91858,4.24249,3.52986,5.26048
4.15826,2.96846,3.46481,3.94335,3.59931,2.44253,3.57086,4.52316,5.08345,4.43444
3.66184,3.56814,5.39799,5.42561,3.79228,5.15014,4.11889,4.76278,4.85663,3.1957
5.09949,4.8549,4.40119,2.98834,4.76972,3.82628,3.92046,3.83616,3.31284,5.99682
3.97661,4.19,3.56969,3.21589,3.88644,4.41161,2.21114,5.95661,4.72726,3.84896
3.34237,3.02389,4.1068,7.00007,5.12634,5.0188,3.84756,3.6047,3.71525,4.33629
3.09839,4.17738,4.71766,4.33784,4.18993,5.23724,3.06277,3.94916,5.49042,2.96434
3.1057,5.30905,4.12664,4.68524,6.5898,4.31386,3.59264,2.94902,4.2426,3.7413
6.24253,5.30506,3.28712,3.82704,4.55313,4.84101,4.39586,5.19992,5.96789,3.37958
3.74675,4.25196,1.99471,4.84165,5.76737,4.31061,4.98394,3.7854,2.38565,3.89135
4.24801,4.94819,4.38178,3.7995,4.52414,2.809,4.13721,5.2062,2.71288,3.80414
4.0039,3.26342,4.43416,3.55076,3.43234,5.18414,3.82419,3.06357,4.65944,3.86663
3.78453,3.09045,3.58829,4.37774,3.48263,2.16132,4.95036,2.50741,5.12592,3.40935
4.4639,3.23348,1.67226,1.67177,3.81331,3.06859,2.07858,3.55875,5.15412,3.58029
3.50093,1.58679,4.58456,3.71668,4.83978,3.07256,4.13479,4.01788,3.36465,3.65543
5.69728,3.6791,2.40517,3.73162,2.75793,2.92249,5.77939,3.66874,2.59174,4.60246
3.62325,2.49991,4.19888,4.68558,4.55537,3.64896,2.88465,2.39703,2.12494,4.85675
3.87783,2.51949,4.61162,3.20766,3.92805,4.59321,2.8314,4.86616,4.34496,5.57956
4.25761,3.82054,5.58355,5.55382,5.3432,3.64873,3.71894,3.41637,4.26184,6.66594
0.591711,3.91672,3.00268,4.05262,3.14449,5.28208,3.87333,2.8186,2.76228,4.71165
4.27162,2.72041,2.57214,4.42266,2.41061,2.11534,4.91873,3.34283,4.95309,4.00501
3.47769,3.18709,4.20152,2.98251,3.09279,2.6378,4.41881,4.64272,2.93751,3.69494
4.48954,3.35691,4.59028,4.42895,3.65361,5.06289,2.39658,4.52048,1.21694,4.08021
4.75542,5.65298,4.30298,3.99293,3.62945,3.88838,4.69129,3.67373,3.93881,3.32167
3.71071,4.67665,4.89952,3.93524,4.36493,4.09776,4.78212,4.32899,6.1524,4.83401
2.91549,4.02375,3.8087,5.48116,2.65782,2.75238,4.91434,5.14537,2.57026,3.6006
4.07756,3.54473,2.36081,4.56362,4.20182,2.16215,2.31452,2.61437,3.90755,4.19239
4.37869,1.39965,4.6609,4.61639,2.65822,3.85386,3.93985,3.2026,4.10794,3.70494
3.9898,2.66498,0.998175,4.71902,5.03993,5.18703,2.80931,4.68751,4.75423,3.36278
3.41745,4.03429,4.41313,4.971,3.89488,4.2044,3.33865,6.16539,5.48335,4.71753
4.54869,2.65674,4.77382,2.24427,5.8202,3.94029,5.84606,4.45236,4.09325,3.81592
4.28138,5.97435,2.78895,4.86799,4.4279,3.9978,4.08432,5.67791,4.52087,3.73269
3.67873,5.06802,4.14563,4.71896,3.16956,4.24786,5.54366,3.15996,3.81786,5.58232
4.19934,3.72573,4.27748,4.08667,3.80605,3.18137,4.291,4.71652,4.38367,3.6061
3.44054,3.69929,5.69445,3.85981,5.31634,1.65356,3.24579,4.78574,4.07219,3.12018
2.64127,4.48149,3.94483,4.17403,2.61517,2.67725,4.06051,5.01536,3.93827,4.43757
4.02872,4.6058,4.87491,4.53271,2.28564,4.85948,4.15992,4.64957,3.56885,5.24541
2.46844,4.60543,3.06713,6.02745,2.69403,4.709,3.21213,2.68501,3.75161,4.56783
3.61835,4.26593,4.17024,4.45629,4.71317,6.39045,4.84615,4.10002,4.48004,1.86529
3.5651,3.76942,3.6073,3.65356,3.79393,3.8348,3.05295,2.86428,3.08888,1.4715
2.82206,4.82337,4.31343,2.64183,2.88026,5.52906,4.742,4.07805,3.12309,3.109
3.8958,5.03054,3.97533,3.35856,6.15789,1.99204,5.52093,3.97129,4.52358,4.1472
3.02871,4.63992,4.76328,2.41288,4.9905,4.46561,3.49746,4.73936,2.72262,3.36861
3.08502,2.26043,4.10102,4.54545,3.03836,2.92481,3.25715,6.13533,5.02259,2.37054
3.6702,4.12354,2.38941,4.44832,4.3253,4.03689,4.19253,4.5074,3.53861,3.91073
2.74106,3.88147,4.28842,6.21229,3.38828,2.06489,2.70308,6.80975,3.23543,4.36697
3.28543,3.68726,5.00523,4.25282,2.55482,2.80958,3.04304,4.1145,2.15669,3.71727
5.10058,4.67007,2.75883,5.1026,2.52964,4.55851,4.28525,4.97427,4.91283,2.14318
4.41493,5.37809,4.69106,4.17128,4.1569,3.84698,4.6927,3.83736,3.13508,4.22025
4.73311,2.13545,3.66938,5.73534,6.17818,4.57808,4.57989,3.80918,3.62912,3.21393
3.60283,4.60522,4.57379,8.00686,3.83903,3.9405,2.13627,5.34112,2.46509,3.00545
4.97158,5.05456,2.38137,5.01894,3.73253,3.8704,3.15691,2.34512,3.02088,5.56897
3.32711,6.10139,2.52455,4.33389,3.56902,5.42918,5.08587,5.44016,5.40271,4.509
4.14785,3.58366,2.92964,4.4169,4.33047,4.56,3.66072,3.83342,5.48586,3.2265
4.34499,4.37068,4.77422,5.84447,4.04088,3.04861,4.12113,5.99171,5.4233,5.07349
3.86849,3.05889,6.80986,2.51663,4.97134,4.97121,5.18204,4.74554,4.72929,3.66777
3.82198,4.50811,2.64951,2.37719,5.20216,2.9058,2.4424,3.3804,6.35299,1.20253
3.78319,1.63253,5.77263,4.13024,5.13841,6.85682,3.92139,4.2405,4.63077,4.2672
2.1946,5.27504,1.2476,4.03124,4.23122,3.96319,3.17033,5.57804,4.572,4.24898
3.40662,4.23671,4.56755,3.18295,4.54846,4.75205,5.21013,3.87576,4.60767,5.1678
5.40394,3.41129,3.58139,3.85861,4.32716,4.50639,3.40888,3.71995,4.15642,4.97822
5.49586,4.43416,3.83276,3.22938,5.10705,3.90698,3.72162,4.53077,3.96979,4.12715
2.88139,5.22439,3.50567,4.79457,6.23522,3.8215,2.13245,3.61333,4.71948,2.592
4.08845,3.68538,4.99013,3.87696,4.28368,4.59175,2.82785,2.68061,2.49325,4.09949
3.53692,3.07524,3.65842,5.81197,3.60208,3.24611,2.17441,2.89463,4.06039,2.96411
4.39905,4.49533,4.65682,2.74679,5.32989,2.93589,2.9611,5.1303,5.16459,3.67164
4.46691,3.50151,2.25725,2.94195,5.0749,5.32165,2.42329,3.71945,4.4764,4.3357
4.18679,4.05407,4.64157,5.29081,3.46116,5.75422,4.07716,2.74984,3.76985,4.1926
2.59289,4.03913,4.00076,1.42245,3.73338,3.73451,5.15089,3.66555,4.90179,4.52403
3.90802,3.31274,3.29678,3.78382,4.59593,5.1663,5.41504,4.16566,3.66133,3.59342
5.05412,4.64862,2.80848,2.85018,5.17639,3.7732,3.49041,2.97676,4.41179,2.58786
3.5287,3.284,3.59428,3.69295,4.58084,3.59268,5.28546,4.52923,4.74871,4.85414
3.28572,4.17667,3.44983,3.12679,4.93077,3.52171,5.51111,4.70299,2.29707,4.4266
5.77772,2.88671,4.5446,1.62427,3.62704,5.03847,5.01586,3.56749,3.6048,6.56014
1.89041,4.4021,4.50932,4.7213,2.24674,5.49431,4.38592,2.77817,5.80216,5.24924
4.30673,3.28023,3.65033,2.48471,5.15293,5.17551,3.72684,4.78673,4.70507,4.74523
3.89433,4.70896,3.95776,4.61044,4.91413,5.02671,5.34631,5.66471,3.9043,3.36866
3.16583,3.48497,4.6792,5.29432,2.91535,4.55313,5.05829,3.35996,3.14526,3.5433
4.21074,5.13587,2.54759,4.27749,3.80945,2.91954,3.96879,3.13348,2.53271,3.74146
1.8217,4.78274,4.65152,3.59967,2.29663,4.0192,2.23317,2.33447,4.52205,4.53485
3.73584,3.88499,5.88703,5.78142,3.9528,4.33092,5.50655,4.2593,5.28609,4.92774
2.97563,2.83724,5.15054,1.55775,5.51028,3.83645,3.53804,2.16522,4.67238,3.55698
4.33659,3.69567,5.96048,4.04635,4.39261,3.91128,4.10845,2.52944,4.38045,4.15173
4.2677,3.18276,5.18617,4.58239,4.49133,3.63632,3.75546,4.28734,3.95269,4.19031
4.88585,3.1575,4.34283,3.55509,3.06085,3.62488,3.97616,4.24011,3.21495,5.28723
3.70707,4.55444,5.14405,5.41773,3.50899,4.45549,4.37242,2.13166,4.1121,5.96564
3.78468,3.69037,3.9789,3.1163,5.11233,4.09143,4.21422,3.04395,3.95276,3.39921
2.68945,4.95857,2.82646,2.41238,2.92823,4.58367,3.64876,4.45656,3.54944,5.36015
4.25094,3.66815,4.23472,5.02854,5.88579,3.34567,5.56673,5.50369,4.27795,3.91969
3.74882,3.92305,4.85433,3.88165,4.38766,3.15909,2.59431,3.27902,3.59475,4.08761
5.32461,3.57638,4.02488,4.65515,4.93653,4.47559,3.27303,5.08246,4.62444,3.90008
3.95685,2.52423,4.28965,2.64958,1.81983,5.06855,4.2827,3.50758,1.84169,4.72951
5.43778,5.30386,6.09461,5.82432,4.42733,4.26876,4.75907,3.30999,4.67812,2.73659
5.40954,5.34382,4.11476,4.7943,4.47724,4.01503,4.67546,4.12478,4.98951,4.93569
4.13606,5.00209,4.56704,5.50315,5.04872,4.18427,4.45576,4.61688,4.30143,4.11083
5.90479,3.34307,3.69425,3.34624,4.06727,3.03418,5.11484,6.5536,4.51957,4.65216
3.73049,4.83434,2.32576,4.12248,3.77864,3.68001,6.07461,3.93261,1.98219,3.76907
4.10023,5.286,3.9541,3.53764,3.96803,3.58844,4.22281,3.32891,4.53866,3.91986
4.00208,5.00252,2.77488,5.16238,2.52952,3.17141,3.94463,3.69779,3.71367,3.929
4.39528,4.69482,4.08341,4.47406,4.4229,4.2711,4.53854,4.61124,4.19662,4.14265
4.45173,4.05648,2.18651,5.40183,3.73634,3.39141,3.72609,3.59438,3.48706,2.84891
4.14962,4.08773,3.87185,3.81226,3.11904,5.35082,2.53154,4.96081,3.9438,3.17503
3.74719,3.08439,3.74939,3.19716,5.07496,4.37914,2.35252,4.41944,4.23337,3.50269
4.04234,3.15812,2.41208,4.23811,4.6812,4.68773,3.42616,2.50605,4.75123,4.07743
4.52426,5.11646,4.60207,3.77606,4.81045,2.66802,4.20961,4.90716,5.01427,3.84849
4.27402,3.47415,3.68307,5.09458,5.20825,2.51445,6.06983,5.64302,5.99376,4.22239
2.93018,5.57115,2.64667,4.02567,4.8503,5.45667,4.06857,3.13463,4.39333,4.56086
4.34411,3.85155,2.85239,4.09579,3.71805,3.80669,3.6506,3.73016,3.92083,3.70453
4.87075,4.42162,5.15461,3.70403,3.05395,3.66238,3.00009,2.62682,2.99865,4.6397
1.90767,5.07542,4.60717,3.86667,4.97675,3.24757,3.82506,3.94284,5.36632,2.76291
2.8359,5.20235,2.71669,2.60996,3.46865,3.21086,4.95071,3.4575,3.99799,2.78451
4.39183,4.01805,3.07178,3.43573,5.77281,5.14383,2.4885,4.50125,3.20653,3.63525
3.24414,4.39598,1.42424,4.96601,5.65563,4.80383,1.9734,1.92939,5.04186,5.00375
4.24143,4.38243,2.45937,2.36389,3.97251,3.93058,3.73729,4.18602,4.4487,4.80626
5.16434,4.50684,2.73451,3.83317,5.80072,5.89413,2.98159,3.97962,4.35376,2.33182
3.92634,4.39306,4.32709,3.44066,4.18991,4.21164,4.42737,2.33454,3.63832,4.50418
2.25487,2.48548,5.63132,4.69783,4.06764,4.70578,4.2011,4.96775,4.86094,4.04685
6.26774,3.97183,4.56468,4.02962,4.0263,3.1383,5.38204,3.92222,2.76644,2.51665
4.60727,2.99371,3.83571,4.83691,2.48993,2.28681,3.11551,4.46666,3.49312,4.58852
2.90081,4.39616,3.6004,3.2922,3.76979,5.39852,3.84025,3.74051,3.24253,2.82025
4.91253,4.12278,4.68782,2.72619,2.6746,4.68266,2.08227,4.98686,2.70397,6.17303
2.80385,4.34232,5.52124,3.67235,3.32205,5.07565,5.3596,2.39077,3.80656,4.6879
3.87494,3.31843,2.67063,2.31871,3.05124,5.05309,3.33801,2.44325,3.29919,2.58092
2.14985,4.14295,3.03662,3.15231,3.91571,3.91899,3.08418,3.30677,4.1573,4.25669
4.21677,3.98813,4.60513,3.2601,3.40282,4.91959,4.22393,5.11457,5.10385,4.23079
4.25481,2.27156,4.27445,3.73188,2.69707,3.97058,3.71372,2.87233,2.74335,4.22474
3.47317,4.51681,6.40652,3.37932,4.46067,4.64262,4.119,3.81888,2.96589,2.9931
2.40835,2.98321,3.71623,3.43728,3.78319,4.065,3.81439,5.00794,3.87686,3.3343
5.5269,3.29989,4.18954,5.50525,4.68835,4.96455,2.2927,4.25215,3.6188,3.89971
3.29948,4.38358,5.21132,4.65681,2.39142,4.33652,3.51386,2.26185,4.2053,3.3909
4.61453,3.89223,5.23595,4.07573,3.67466,4.40387,3.31461,3.76813,3.74808,4.11885
5.07477,2.04573,3.25236,4.74474,2.08034,3.71523,6.7298,2.09781,2.93278,3.92636
3.62562,4.55593,4.70946,2.71579,2.42082,2.08739,3.73622,4.37048,4.91319,2.5246
3.83674,4.66804,5.15722,4.02077,5.61732,4.9531,3.35429,3.49403,5.66756,4.6318
2.47243,2.20427,5.28275,3.67811,3.8325,3.40667,2.81307,2.14649,3.48414,3.02055
3.58193,4.43685,4.93815,5.04841,3.97211,5.92129,3.46205,2.73256,3.57297,4.09411
3.52601,3.31653,4.71329,4.49263,4.98435,4.0004,3.73383,2.8843,4.48891,3.43123
4.21029,5.79945,1.85295,3.60699,3.7617,3.86645,3.72456,3.84888,1.56566,5.50994
4.44079,4.71629,5.54829,4.4984,3.22431,3.90281,6.04025,3.61181,4.20062,3.4658
4.73348,4.24684,4.35573,2.84308,4.84866,4.79474,4.56597,5.00244,5.39248,3.31714
4.52356,4.78468,3.64813,4.12282,3.6412,6.45753,4.15133,6.13662,3.8118,2.25679
5.46761,3.52452,3.80808,5.42093,4.2791,2.57809,6.37972,3.72699,3.19665,5.19506
4.86225,4.77529,4.7075,2.28925,3.98925,4.85801,4.78755,5.89648,3.84154,5.21268
6.29268,4.55082,3.38869,4.14673,3.38155,2.55814,5.84348,3.59658,4.77004,3.71826
4.80659,5.57876,2.77185,2.0307,4.12979,1.82632,3.6939,4.68102,4.94874,6.95941
4.62089,3.99181,4.98119,3.8728,6.98632,2.86136,5.56513,4.79859,3.61678,4.82292
3.72521,2.62889,4.36914,2.82967,1.21181,3.39787,4.56735,5.43126,4.71034,4.47909
4.53469,3.55616,5.37836,4.40916,4.15521,4.66993,4.23159,2.72572,4.21761,2.2751
2.65252,3.26675,5.43963,5.17818,6.02359,4.07095,3.04176,3.3963,3.77781,4.62573
4.63845,2.95307,3.91121,3.69544,4.08724,4.73863,3.06765,5.0149,2.82463,3.9957
3.56549,4.70036,2.57509,4.17877,3.95094,2.80403,3.65796,4.36558,2.61893,3.82147
4.54181,2.04667,4.7664,4.68516,3.71333,4.93286,2.80895,2.78255,5.67238,4.04044
4.73426,5.48701,5.28358,3.21197,3.69458,4.36311,4.36173,4.17462,4.58905,4.55166
3.5829,4.4453,4.384,4.72301,2.87406,4.67053,3.01446,3.31982,3.63316,3.33905
3.15306,4.84383,4.14954,5.02708,5.89791,4.85663,5.52858,4.79174,2.28899,5.67059
2.65151,4.63899,4.88113,4.63887,3.25084,4.79149,3.24146,4.64847,2.23082,3.79001
3.28572,4.53532,4.799,4.74396,4.4107,1.5499,2.95946,4.46547,3.49689,3.5928
2.92127,4.5443,3.89094,3.54798,3.66705,3.57139,4.01652,3.84214,4.71411,3.4071
3.36854,4.61117,3.23969,3.19081,3.89504,3.62912,4.15404,3.50591,3.88357,4.6632
4.09901,4.27777,4.21624,2.2639,4.09656,4.83402,1.86652,5.94364,4.62433,2.33342
4.07033,5.03498,6.76235,5.41497,4.30671,4.15812,5.00846,5.45375,3.70807,3.04865
3.763,3.18458,3.15616,4.7907,3.48759,3.57273,3.60322,3.40208,3.64001,4.41438
4.23131,5.07885,3.06302,3.83766,3.65132,1.91223,3.40154,3.29103,3.84252,4.29409
4.41389,4.95658,4.73304,1.99095,5.19672,3.65016,4.46508,4.61511,3.89831,3.91991
5.86429,2.77261,3.87726,4.85446,6.55903,3.96525,1.45842,2.65589,3.02684,2.41905
4.1052,4.82894,3.14652,2.96392,4.71021,3.96763,4.52214,3.35915,3.12356,5.15047
3.60211,4.9798,6.20176,3.53451,4.6915,3.17648,4.30549,2.73748,2.94416,4.14135
4.89696,3.82276,3.86399,4.51437,4.08387,4.88266,4.54338,4.10076,2.56959,4.84716
4.04955,3.9177,2.16616,3.30774,4.55256,2.93321,4.97575,2.26047,3.95316,2.69562
2.59385,3.16018,4.33114,4.65894,5.53779,3.16451,2.73157,5.41918,2.80103,4.58576
4.10654,3.62691,4.1669,3.72469,3.71251,4.68347,3.05806,4.68509,6.05393,3.5596
3.64585,3.83347,4.05704,3.63794,2.63346,4.33704,4.43786,3.88563,5.23196,3.13235
5.69894,2.93454,5.29083,4.06776,3.82297,3.81187,3.63044,3.91677,4.26907,5.64513
4.83772,5.40107,4.41046,4.26094,2.80805,3.76431,4.50032,5.02839,4.35823,4.91954
4.23588,4.60429,6.96043,3.76622,4.01317,3.085,2.45138,4.52618,2.33149,4.02011
3.59554,1.62462,4.1846,4.0363,3.98797,2.81215,3.7711,4.45761,4.49972,3.48495
4.27608,3.15618,2.98704,4.46185,5.38236,4.3635,2.77747,3.55969,3.38268,3.43837
4.84143,5.17993,4.01212,4.22348,4.52854,5.26051,3.89508,5.39491,4.78141,3.82881
2.87911,6.5347,3.85236,4.30682,4.92901,4.30571,3.27749,5.75644,3.52797,3.00998
4.46928,4.60907,4.58919,3.036,2.11927,4.21672,3.97347,3.67515,3.45929,2.71318
4.28322,3.54786,3.85685,6.17277,3.28724,3.55734,3.04936,3.87351,3.57164,5.20397
3.41539,6.08927,3.65597,5.22143,6.75795,5.1763,3.87205,4.93901,4.63475,5.02666
3.1721,4.57721,5.26977,3.61523,3.56766,4.38287,5.69767,4.74722,4.38198,2.99541
4.35666,4.41085,3.97259,4.19593,4.71764,4.1989,1.79081,4.2107,4.56304,2.6833
2.5802,2.56574,2.45867,5.04335,5.2829,3.83413,3.15661,5.77716,3.69336,4.08422
4.40699,2.90926,4.81068,4.53026,5.20701,4.77978,5.43859,5.38203,3.72934,3.33052
3.46467,4.67481,2.76264,4.45316,4.28053,4.17599,5.52984,2.84242,4.16911,6.58037
5.85412,3.91528,3.56254,4.21945,3.50442,4.86447,3.021,3.82197,4.68451,4.54009
4.97008,3.42933,3.88506,3.13015,2.56053,4.77522,4.7812,5.1061,3.00638,2.4781
2.54119,4.3065,4.46951,3.94176,2.20962,4.14358,4.09737,3.06586,3.53627,5.06935
4.33868,5.25019,4.458,2.40333,2.86094,4.92382,5.43571,4.64545,4.05898,3.04134
3.68434,3.7002,5.75026,4.31956,3.34922,4.00498,3.60129,2.46478,4.44496,3.32365
3.56798,2.24244,4.04889,3.8509,5.12135,2.41235,4.20254,4.12769,5.76749,4.08193
2.59724,2.92405,3.12864,2.54832,5.65581,4.30757,6.35886,5.20152,5.02682,4.04425
3.80813,2.83535,4.4283,3.49933,6.10337,3.43922,3.72532,5.32665,4.80948,3.52514
3.80175,3.07217,5.16112,4.60377,4.39937,2.60357,4.33354,3.85469,4.32896,3.51858
3.85779,2.94455,3.8684,2.34875,2.16419,3.75952,3.82817,4.78477,5.21697,5.21878
3.28886,0.694547,4.28054,4.56971,3.97722,4.29922,3.49311,4.64912,3.97067,4.12931
3.07255,5.89326,4.23795,4.16237,3.85277,5.03696,4.71152,4.97554,2.69325,3.97502
3.98377,5.85618,4.81846,3.67099,2.68921,3.38937,3.59741,3.31922,2.07188,4.38275
4.34338,3.49604,5.33192,4.10708,4.46494,4.90514,3.40861,3.93286,6.34534,2.27693
3.09162,2.95747,3.26939,3.91457,5.36682,4.42592,4.86428,3.07892,4.77235,3.96192
4.41889,3.77971,2.51641,4.01733,3.78446,4.13654,4.88307,4.07789,4.10049,5.71757
2.77368,4.63608,3.74791,4.59042,2.50508,6.08609,4.50084,2.94857,4.24133,5.07459
5.62174,3.35428,3.10414,5.27976,2.94646,2.91904,4.33116,1.39789,3.59,4.45141
4.93913,3.53981,4.2923,3.6162,4.51618,3.78512,5.74886,3.3999,5.30939,4.10038
4.04831,2.96738,3.95636,2.62391,4.69382,3.14546,4.07337,4.83012,3.21297,4.12827
1.94139,3.58286,2.91434,3.94691,3.90352,2.77031,4.67193,4.26406,5.04922,4.84731
3.79434,3.43598,4.28823,3.62777,3.20327,3.30718,4.96644,4.71497,6.25172,2.97853
3.15658,6.88256,4.30823,3.29557,3.11446,2.48369,5.37077,2.52165,3.01027,5.11621
5.2223,5.21244,3.36275,5.43921,5.24844,5.0136,2.77129,5.03645,3.82689,4.03462
4.35167,3.82846,4.90736,5.87731,5.12548,3.1233,3.22321,5.68699,4.91835,4.96828
4.06093,4.25278,3.27901,2.97216,5.63594,3.81509,2.68407,5.35862,3.89933,5.10064
4.18405,1.48938,3.86277,2.18901,4.53965,4.39916,4.82284,4.46441,4.19974,3.22692
4.8237,3.72506,4.08245,5.82857,5.24746,4.16167,4.19977,5.47459,3.69168,3.80087
4.31035,4.12553,2.55134,5.43897,3.99432,4.45244,4.47558,3.63903,4.34175,3.07373
4.3199,5.55376,3.43598,4.56102,5.35261,3.09207,3.39949,3.25021,3.43488,3.19374
1.23356,3.1365,4.40337,3.89825,3.62488,3.5842,4.20006,2.8761,3.30048,4.99966
5.2486,4.33487,4.7443,3.7818,4.80052,4.38966,3.6427,2.76552,4.1744,4.12005
5.63553,4.85384,2.02259,5.37984,4.57644,4.04564,6.1233,5.25811,5.49807,3.86305
4.32579,2.93291,5.85087,4.6516,5.25704,2.78573,3.94062,5.7721,3.36123,5.48674
3.03295,1.32516,2.04596,4.10632,4.53164,3.80533,4.66222,4.12067,3.19291,3.10836
3.51363,2.04885,4.85514,3.83651,2.0331,3.50637,4.23638,4.55416,4.05739,3.55767
4.13832,4.0797,3.29897,3.83699,4.01897,2.83817,4.06618,4.17484,4.76761,4.32576
6.54596,3.68813,4.70005,3.28435,3.34934,2.09171,4.41528,4.96076,4.2405,3.33006
4.16794,2.95473,4.61539,4.35599,3.22264,2.77655,4.05265,4.2874,6.33959,3.90588
3.50847,3.91777,4.28158,5.09341,3.18945,5.08836,3.7899,4.05938,2.47158,3.41369
4.64876,3.55697,4.86598,3.56485,4.88472,3.84902,4.18431,2.02745,2.49086,4.52168
4.34143,4.81339,3.27184,4.11319,3.54708,4.06794,1.43676,3.07619,4.92349,4.6511
5.39273,4.95147,5.01848,4.13859,3.66629,0.548056,2.72019,4.44471,2.67989,4.99269
2.87475,4.95448,3.54278,4.96196,5.32046,2.86817,0.969709,3.58852,4.36758,5.41678
4.52165,3.52423,5.16003,2.02616,3.30171,4.84718,4.61008,4.06816,3.50203,4.78367
3.41609,2.53646,4.96857,3.10416,3.65389,4.11377,6.38609,4.26231,4.26416,3.48833
5.56273,5.20281,4.96272,3.63254,4.32466,3.86693,4.51213,4.47899,4.35944,5.42217
2.78721,3.00528,5.22393,3.4824,3.67483,4.30994,3.16088,4.90593,4.60869,3.69618
3.44468,4.48681,4.22407,3.19847,2.06508,3.81157,5.33522,3.76953,3.32219,3.30583
3.56903,4.3867,3.84841,3.98497,3.33093,3.49937,4.76152,3.45323,2.51301,2.802
4.79734,3.79945,5.38433,2.33175,3.83995,4.39706,3.25612,3.91579,4.21815,2.68259
4.07155,3.01193,4.45128,4.64402,1.97905,3.48117,4.57193,4.34543,3.98373,2.88853
4.27282,4.59585,2.70615,3.2347,3.98766,3.89302,4.05528,2.38754,3.99658,4.55548
3.45505,4.23053,3.11159,3.47953,3.08457,3.33704,4.25742,3.20287,3.18225,2.97921
5.37878,4.3254,2.46223,2.10689,3.87156,2.29291,4.42065,4.12907,4.53951,4.0066
5.33687,3.00241,4.39431,3.91584,4.07378,3.32606,2.84656,4.65122,4.94064,4.50851
3.69819,4.62992,3.96317,4.65943,5.14479,2.11088,3.69368,4.22955,2.99065,2.82199
4.00675,3.15014,3.60916,4.79148,5.54617,4.66125,4.41615,5.71997,4.98014,4.34411
3.93928,3.01046,2.1706,3.05819,5.01429,4.20853,4.74636,3.68179,2.57213,2.27463
3.24137,3.62037,3.47168,3.58614,4.35602,2.99229,3.29287,4.92481,3.09184,4.86011
3.65811,6.40436,5.4048,4.0947,3.47046,3.93075,3.39045,3.29039,2.9482,4.47077
3.46025,3.34054,3.16974,4.12234,2.62408,3.95266,4.18064,5.68949,4.97928,4.59366
4.24603,1.66094,5.72866,2.87355,3.00047,5.51886,4.10917,3.15755,5.38368,4.43636
2.96839,4.54983,4.62953,4.18427,3.64156,4.61674,3.50141,4.79775,3.8764,2.8132
3.61828,4.50425,4.11751,4.50359,4.24714,4.57164,3.42848,4.7003,3.15219,4.2291
2.85094,3.51297,3.16718,2.40752,2.73203,4.45431,3.01334,3.40856,4.71258,5.06933
3.60554,4.43473,3.6307,3.15483,4.59023,5.9006,2.88762,4.34416,3.1207,3.1755
3.50115,4.03648,1.70908,3.17443,2.97932,3.58871,3.61922,3.55035,3.55552,5.77151
5.56323,3.86508,4.78997,4.45369,4.04037,5.07298,3.13685,4.87774,2.54826,2.2725
3.61221,2.69884,4.77762,4.40695,4.71116,4.09615,2.32743,3.36075,6.66772,4.3169
3.32386,5.6652,2.49184,3.03132,1.95537,4.71527,4.62558,3.27746,3.63859,2.94453
3.86759,5.13787,5.23028,4.02334,2.89018,3.05269,4.7194,2.34289,5.96045,5.06539
3.80303,4.66216,2.65558,6.17796,5.82336,3.74491,3.30121,3.59282,4.24817,2.90795
6.75926,4.98489,3.91457,4.61194,4.64719,4.87407,3.93755,3.81657,3.12321,2.72966
5.19497,3.18891,6.65403,3.659,4.29674,3.79367,2.89404,6.4959,4.4444,1.72074
3.25414,6.764,4.37575,4.52404,1.36428,3.38365,4.79018,4.19335,4.39412,4.87458
2.8235,3.10907,3.28187,3.55937,4.1027,4.3812,3.64349,2.43574,2.33766,2.84407
5.39393,4.35714,4.7353,4.5116,3.95299,4.61194,5.13267,2.15178,2.49168,2.35195
2.87652,1.79072,3.6037,2.72109,5.42611,4.63557,3.95623,4.56693,4.4292,5.22896
3.96204,3.94405,4.7289,4.26237,2.18052,2.95452,4.97515,4.61778,5.10214,3.73127
4.54267,4.78267,5.82264,3.90463,4.69572,4.46429,3.60236,5.10259,2.61446,5.52871
2.58907,5.28713,4.31348,4.21285,3.65167,2.47273,3.32384,4.84952,4.22216,3.61302
3.372,5.53342,4.28908,4.14312,2.24775,3.56017,3.44304,4.8831,2.96112,4.22827
3.90852,4.37129,4.96606,4.85234,4.50098,3.70753,1.99298,5.12471,4.11171,3.67155
2.85865,4.34988,4.06759,4.15632,2.68019,5.14591,4.72044,3.64443,4.42326,2.58931
3.82238,2.64794,3.88287,4.00692,2.97397,4.66483,2.88127,5.12106,3.14368,4.20953
3.37098,4.65343,4.11213,4.33035,4.55814,4.20113,3.47716,2.54235,4.83844,3.56961
5.48859,4.8257,4.13593,5.17743,2.66579,4.37257,4.3658,3.82132,4.93467,1.81891
4.93121,4.75447,4.27344,3.11811,5.02653,4.45872,2.16147,3.87281,2.54247,4.21361
4.24049,3.48849,4.81869,4.36719,4.10472,2.81785,4.57637,5.74565,4.80691,4.17334
4.03003,4.1523,1.83692,4.17262,4.1316,4.59815,4.04313,3.82093,3.18065,4.6597
7.54424,5.729,3.19711,3.23775,4.30319,5.01999,4.31562,3.54319,2.13221,3.77678
3.57193,3.94968,4.99029,5.55235,3.53357,2.49737,4.01052,2.9393,5.22082,2.40973
7.1981,3.51227,4.78284,4.04618,4.48729,3.58305,4.41024,2.64281,4.41063,2.57136
5.72741,4.47621,1.3213,4.65423,3.92374,2.12756,4.54205,3.7837,4.80961,4.53325
4.36358,5.71444,3.46494,3.5934,5.12505,4.93902,3.52126,4.33202,4.39529,3.64075
3.47135,3.73129,3.65833,0.892219,2.77845,3.66258,3.78586,3.67807,4.94591,2.48695
4.66301,3.58777,3.0256,3.10772,3.27784,4.8227,4.05878,5.28677,3.72659,3.28383
2.01041,5.74403,3.1832,4.54352,3.56173,4.76616,4.6803,4.78306,4.00171,4.03388
4.67857,3.45406,3.4635,2.55485,4.28303,3.28246,2.6628,2.32673,5.26889,3.60308
4.13515,4.17632,4.67379,4.05136,2.91509,3.93995,4.35787,3.4812,2.45954,4.92073
4.47364,3.987,3.39705,4.7889,5.23104,4.62204,5.25337,4.9043,5.20714,4.12575
3.65272,4.23587,3.49044,4.94497,4.4042,2.79899,2.62437,4.80687,6.83679,3.41026
4.19695,4.28365,5.24776,3.30579,2.79836,5.07445,4.45585,3.74166,5.82254,4.05223
2.16718,3.79684,5.35032,1.54154,4.08733,3.44919,4.53602,5.30584,4.17087,4.52497
5.63523,4.58951,2.71801,3.6277,4.80767,2.84033,3.91526,3.69893,3.72537,3.93093
2.50186,2.77041,3.87468,4.4027,3.54485,3.8643,2.66766,3.74063,5.47599,2.70363
5.18937,6.47571,2.6485,5.06083,3.95617,4.97617,4.32064,4.29941,3.71647,5.40538
3.64249,3.26893,3.97884,5.33992,5.09107,2.20416,3.97778,3.22044,2.62906,3.41533
3.12723,3.65827,4.37799,3.83415,4.11034,3.57228,3.85849,5.16256,1.25333,4.16714
2.96649,5.02279,6.13869,3.82004,5.40882,3.81005,3.93906,5.35625,3.96952,4.9303
4.51446,3.85483,3.54388,4.34493,4.43531,4.42369,2.37996,4.47432,3.83958,3.06027
4.79561,4.75916,3.17621,2.77259,3.68888,2.68114,4.96435,3.53551,3.99008,3.31175
2.83143,2.56906,4.42525,3.93546,4.55563,5.33627,4.20862,6.21155,2.35616,2.7557
3.76498,6.04226,2.87469,4.04452,1.59147,4.2863,4.59192,3.11412,2.7813,5.22896
4.88819,4.08232,4.45161,2.96171,4.69174,4.00372,3.85113,3.95503,2.59072,2.43605
2.3979,3.16324,4.12206,3.78373,3.01419,3.92338,3.7399,4.38076,2.86465,3.0569
3.07268,3.54173,2.54159,4.84952,5.12405,3.19655,3.84457,3.31848,4.01477,3.29044
4.34748,5.33708,4.85836,3.35542,4.54472,3.27098,3.57301,4.15698,4.81939,2.5716
3.40833,3.16818,2.60355,3.90704,1.83362,5.21945,3.51855,4.79364,1.98241,4.19581
5.17895,2.91871,4.72679,4.79014,4.81827,2.81808,3.56214,4.37646,3.71558,3.74103
3.92004,3.39004,3.67531,4.51152,3.21219,2.64148,4.98775,3.33487,4.89138,4.71935
3.85055,5.07065,4.193,3.5296,3.60221,2.75976,4.33188,4.11432,3.28089,3.27499
4.44507,4.60657,4.09556,4.52138,3.96179,5.52212,2.03171,5.23827,5.92315,3.51577
2.50221,3.71362,6.01952,2.92373,3.18572,2.82856,5.68303,2.42177,3.26344,3.76503
3.05132,3.68312,3.99315,6.59053,2.66206,3.79833,5.51593,5.28329,4.60625,3.57635
5.73358,3.98531,5.69651,4.05745,3.51231,4.65754,3.30727,3.37625,6.05018,3.60933
4.51077,3.96192,2.88022,2.44043,4.16617,4.5037,2.97915,2.7867,3.5699,2.40981
4.00875,2.78449,4.18655,4.78408,5.74845,2.27534,3.86208,3.98284,6.50117,4.48165
5.32927,4.04741,4.25554,2.63425,4.29978,4.68855,4.0494,3.26996,2.09256,3.3865
4.88604,5.12627,3.69403,3.90768,4.77726,5.42523,6.07451,3.44882,1.75786,2.7371
6.43365,3.43214,4.21148,2.80606,5.01593,3.54379,3.77079,3.989,5.10181,4.2643
5.34104,2.57372,4.8847,3.25661,5.11746,4.60927,3.51985,5.26186,3.36045,3.70484
3.72525,5.00728,3.94973,4.08311,2.89667,4.48674,3.6246,3.74333,1.38078,3.82976
4.71237,4.9788,3.84504,3.89084,4.42233,3.57099,3.26429,2.86022,2.17201,4.73224
3.86912,3.354,3.72659,2.87432,4.56657,6.24154,3.72612,3.51759,5.4416,5.95755
3.78843,3.59872,4.34128,5.70995,4.53107,5.45338,2.73873,4.29126,5.0387,2.9607
4.31487,4.76468,5.5956,4.19403,2.95238,4.458,3.62053,3.42589,2.54421,3.83593
2.85317,5.20759,4.9719,2.85077,4.08826,4.22768,2.74449,4.17371,2.73462,5.40612
3.7432,3.48659,3.4974,4.37849,5.39425,4.60243,3.21185,4.15944,7.53609,1.89769
5.54528,2.45259,3.54999,2.39319,3.37896,2.64283,3.37016,6.21626,2.54043,2.81484
5.4304,5.50006,2.74184,5.70494,5.04448,4.63394,2.87134,4.50155,3.24169,4.67971
4.68076,1.54435,1.40389,4.13523,3.88757,4.73517,2.74637,4.93002,2.83054,4.13821
6.10984,3.20082,1.93363,3.91544,2.99594,5.16295,3.16601,4.0516,4.67409,4.29229
1.72935,4.39244,2.51923,4.26529,3.31445,4.24886,4.02162,5.60612,4.03412,3.17884
4.08707,3.94798,3.32212,4.90752,3.53283,3.8458,3.36302,4.05924,1.94068,4.87364
4.23522,2.14257,3.59923,4.38654,2.59118,2.86182,0.528132,2.08338,1.96525,3.0683
3.43887,3.80843,4.2261,5.10829,3.84421,3.18399,4.95355,4.28804,4.40835,3.99258
6.0129,4.47967,5.64071,4.51949,4.08751,4.2412,5.45124,4.53069,4.12672,3.96191
3.64923,4.93238,4.51458,5.39564,7.06244,4.52637,3.88477,4.52869,2.81759,1.22505
3.57381,5.3628,3.88225,4.1556,1.10641,3.41413,4.59468,3.32481,3.75749,1.33707
3.82712,4.25802,3.40084,3.64513,3.68449,2.90867,4.55015,5.04341,3.72067,4.87154
3.61683,3.2527,3.4586,4.19844,4.55195,4.60618,3.41229,1.6848,3.02548,2.80111
1.77416,4.47252,2.3957,4.37005,4.12775,5.66968,3.63274,3.47251,2.78059,3.77365
2.44969,4.10375,4.42435,4.60239,5.64536,4.03773,3.88709,3.29299,4.55346,4.53895
2.92964,3.22555,5.27797,3.239,3.60764,3.86655,5.37101,5.58978,3.48951,3.15027
3.27544,2.40599,4.2372,2.69322,5.07211,4.52542,5.76478,3.9178,5.12024,4.01191
4.55355,2.86496,4.92834,4.46906,4.93487,3.54399,4.93995,3.76239,3.68139,5.31937
4.74968,3.06749,4.56792,4.92292,4.35007,3.66388,4.0308,4.24667,3.50445,3.97522
4.47738,3.05226,4.77963,4.87692,4.64958,6.319,5.23229,3.68657,3.34289,2.95436
2.75368,3.55785,4.15641,3.81207,2.79993,4.43177,3.95282,3.4618,3.55592,4.66195
3.14209,5.15877,3.71946,5.79796,4.55028,3.29985,4.1031,4.62747,4.53558,2.92796
4.46145,4.51939,3.82241,4.00485,4.67643,5.72049,5.49047,3.11983,3.67648,4.30667
3.37968,4.19803,3.54745,2.19507,3.3256,3.08549,5.08016,5.78174,4.52866,3.12674
4.80991,3.49357,4.05298,3.14199,3.8938,4.98198,3.87158,3.44309,3.48073,3.99459
2.95807,4.37015,4.46279,4.69875,5.15987,5.29094,1.79204,5.12879,6.20086,4.64926
3.90115,5.2601,4.64836,5.01071,3.93099,4.37034,5.79501,4.99124,3.43002,4.71996
3.89871,4.21346,2.44019,4.51191,3.78959,3.5788,2.85346,4.49367,3.29124,3.52854
2.28065,2.11875,2.43074,5.22511,4.93148,4.10385,5.61274,4.19208,4.05917,5.89798
4.60061,2.63461,3.97666,3.0385,2.57088,4.21173,4.41603,4.89095,2.53733,1.75407
3.27809,5.24331,4.71781,4.15165,4.35993,3.03948,3.12639,4.55608,5.42316,3.86617
4.50239,4.08051,4.32587,5.10414,3.94732,3.66108,3.46276,4.39684,4.33588,4.10032
3.60506,4.03493,2.07031,3.7019,4.39576,3.47241,6.11657,4.8818,5.59208,4.58584
1.63327,4.75849,5.54945,4.35226,5.6708,4.91194,5.01181,4.96525,3.12854,4.87706
4.29149,5.08375,4.55196,3.22434,4.67783,3.63515,5.75262,4.81683,4.76795,4.15082
2.68046,5.29421,5.80386,4.51127,5.5017,2.56417,3.69451,4.53504,4.53761,4.85507
4.36535,4.48229,5.61482,4.07678,2.65535,5.25063,3.59913,2.59401,3.91459,3.8386
2.7694,4.04544,5.1945,5.5231,5.80358,3.83404,3.11851,3.88907,5.48816,3.49151
4.53346,4.52758,4.1999,2.84437,1.60712,3.75791,3.23211,4.9097,3.28434,4.45158
5.59105,3.79122,3.82866,3.13403,2.89329,5.34558,2.44232,3.0885,5.24997,3.99286
4.47109,4.95569,2.83125,4.56493,3.69762,3.55317,5.77714,3.87993,4.93845,5.18013
6.0312,5.33659,4.20272,4.10403,5.29956,4.52622,4.03528,3.85518,3.17459,3.43846
4.55908,3.39874,4.73441,3.76973,2.8024,4.30883,3.44582,2.48137,3.36442,4.63757
3.13459,4.42733,5.54949,2.41994,2.8836,4.21025,2.78466,4.43495,5.69854,4.92481
5.38401,3.28319,1.41322,2.12903,4.76106,4.78464,2.56499,5.68266,3.92603,4.53988
3.99235,3.31288,3.52013,4.00396,3.73023,2.42931,4.67462,3.92257,3.18223,4.6497
5.59799,4.0748,5.1676,3.0022,5.94481,2.97219,4.48824,3.51969,4.52631,4.22006
4.29748,3.12738,4.43894,5.30555,3.11938,4.01253,2.85323,4.24983,3.39757,4.58571
4.59498,3.83796,5.62516,4.57359,3.77989,3.61065,4.61481,3.71764,6.54917,3.98266
3.44744,4.84557,4.15953,4.85703,5.2692,3.77951,3.06266,4.66421,4.54142,3.48587
4.05709,4.51092,3.97671,4.60378,4.62228,4.7268,4.91025,5.61806,3.39947,4.28491
4.55786,4.79748,4.6391,3.89456,1.91144,3.23523,4.18785,4.16809,4.52946,3.59437
3.32015,4.79334,4.31565,2.79894,4.36783,5.80859,3.8835,5.27462,4.58683,3.61752
4.2686,3.78166,2.3522,4.82453,5.11525,2.05128,6.37244,4.25466,4.24248,3.82552
4.63872,3.96213,4.77512,1.51068,5.51241,3.71991,6.02322,3.95378,2.60096,2.52777
4.90784,2.0818,4.62511,3.97397,4.68296,3.64611,4.98504,4.10591,3.72826,2.59658
3.04974,3.30519,5.18307,4.99862,4.56526,3.33303,3.81348,4.70129,3.79045,4.41815
5.44977,4.99169,4.10213,6.0662,3.95917,4.6026,3.93063,4.19285,2.71214,3.04711
6.13381,3.97573,3.56265,3.29579,4.80612,2.06377,2.18548,3.2467,3.30115,3.1052
3.78345,5.32111,1.67736,6.07457,4.22003,6.34276,5.68892,5.00823,2.80316,3.32398
5.44989,3.79448,3.49822,5.07503,3.42638,3.64675,5.17413,3.87819,5.29737,2.33903
4.15476,4.15795,4.15637,3.43293,6.35275,4.01058,3.70441,3.99158,3.76604,1.96764
4.28081,4.4181,2.8458,2.27082,4.17106,2.02225,3.06426,4.52982,5.15424,4.21141
4.21619,3.4082,4.16969,4.1185,4.45134,4.94528,4.16425,3.75397,4.21149,4.35935
5.80371,1.67742,4.55525,3.78752,4.25878,3.61544,3.80074,4.26375,4.26675,3.93196
4.39493,3.91422,2.70775,3.44315,3.98806,2.96409,4.97514,3.86727,4.67647,3.37321
4.13172,5.00761,3.14082,3.36443,4.57253,3.46092,4.43808,3.59534,4.13951,3.66741
3.74687,3.12728,2.21738,4.93482,4.10241,5.27375,4.75178,2.69151,6.17893,4.28105
2.46092,4.09122,3.97845,4.60459,2.76222,5.84372,4.62438,5.03882,4.21644,2.5447
1.47568,4.38752,4.75211,3.66229,3.72361,3.46897,3.82034,3.39173,2.92129,3.33786
2.64672,4.32008,4.15685,4.03987,4.41074,4.44079,4.72464,4.59246,2.94732,5.16902
4.5709,3.20695,4.45968,4.38857,5.01071,3.42173,5.02158,4.70036,4.98063,3.37007
4.38718,3.51207,4.52328,3.42823,3.76806,4.03182,4.46408,5.07817,2.66782,5.04756
3.55483,3.92382,5.15595,3.17619,3.71366,3.24798,2.00502,3.47707,5.74832,3.72832
5.51961,4.29627,4.1643,3.91706,3.22487,4.62304,3.49116,5.00046,3.2302,1.85078
3.93563,3.62742,2.98123,4.99767,3.77868,3.36952,3.61204,3.72848,4.09578,4.84713
3.77592,4.67399,5.63541,4.1946,5.18867,3.70642,5.00896,4.30821,5.74015,4.75872
3.15066,3.68257,4.90621,6.10921,3.34666,3.99001,3.21052,4.45825,6.24592,3.9983
4.13674,3.87515,4.31913,3.77759,4.46324,4.24611,3.90229,4.03586,3.09144,3.76045
3.61474,3.46568,4.28153,2.72437,3.20876,4.50042,5.58665,3.20942,4.53491,3.47107
4.10387,3.44357,4.76738,4.22612,5.26889,4.80431,5.84943,3.05321,2.50113,3.9908
3.49397,2.89651,5.9382,4.04624,3.14745,4.43431,3.44735,3.53754,2.69342,3.23617
4.68319,3.52736,4.12802,1.67521,3.94213,3.19125,5.41274,3.55013,3.54725,1.64324
5.47999,6.0195,3.72131,2.22188,3.77354,4.3529,2.83742,3.84684,3.94897,2.92674
5.75946,2.92702,2.60087,4.45423,4.11038,3.85821,6.17266,4.3842,4.78939,5.56868
4.21957,4.11576,3.54484,3.89044,4.27269,4.0254,3.51661,4.22188,5.60873,4.08665
4.96726,2.59559,5.41374,5.22155,3.32949,3.18096,4.27289,2.59315,3.07842,3.66731
5.57785,5.44234,5.05966,6.92307,3.26225,3.5238,5.65977,2.73397,5.50524,2.51708
3.39828,3.73171,5.90957,3.44556,3.88416,2.21351,5.32053,4.1867,5.19069,4.52058
2.6023,2.2347,5.43654,3.08494,4.0628,5.72764,3.94689,6.29258,4.78292,5.16018
5.51593,2.14789,2.4701,5.15091,3.35632,3.86926,2.61953,3.87649,2.33705,4.8963
2.5297,2.51255,4.4598,3.94346,3.90795,3.87963,5.01778,1.61428,4.08837,5.5897
4.0665,5.72263,2.97936,6.8148,2.94805,3.96186,3.07498,3.82176,4.1364,4.43866
1.6192,3.10345,2.01681,5.20189,3.33788,3.98847,5.6724,2.93444,3.51998,3.81942
3.82848,3.34848,3.34054,2.71345,2.95163,5.3248,2.05171,4.5311,4.93584,6.29586
4.95169,3.2636,3.74735,4.46276,3.51932,3.30152,3.61485,6.4019,2.71985,2.77433
3.55647,3.89291,4.72868,4.40941,3.93746,4.40113,3.81139,2.73365,3.13252,3.66527
5.10353,3.81422,4.05153,3.25206,3.9327,4.91864,3.27863,3.72499,5.6167,4.44097
2.71561,1.61916,4.40808,3.16754,4.2092,5.18759,3.07619,2.78576,4.28889,2.3401
3.14448,1.60478,4.35952,4.21874,4.36581,5.46118,4.15735,3.06115,4.11754,3.63405
4.46922,3.77844,4.95814,2.42253,5.09065,4.77073,5.29126,2.59517,5.02473,4.56485
3.91695,5.20125,4.35586,3.20191,4.40099,5.16623,3.4623,5.0508,4.13294,5.62296
4.49105,5.86823,4.76233,4.47863,3.68428,3.23917,4.33306,2.64833,3.54609,4.87558
5.37828,2.61091,4.15761,3.36605,4.57202,2.77913,3.77169,4.79555,2.86799,4.94817
4.35813,3.37725,4.48076,4.63278,3.16109,4.70538,3.91308,3.55722,4.37042,4.10011
3.61895,4.82844,2.51798,3.98698,4.9642,5.09788,3.9738,5.13554,4.56931,3.24815
4.00106,2.97992,4.45863,3.40772,6.22506,3.25399,4.43983,0.349169,4.18153,3.04839
2.80098,5.06619,5.92961,4.59925,2.86327,5.70718,4.62908,4.29062,2.66818,3.826
5.74683,3.51313,2.44634,3.44716,4.2378,3.26191,4.8022,5.46741,3.37666,4.46668
1.47685,2.39804,2.57915,4.6402,4.8358,4.35262,5.21885,5.04715,3.34488,4.02225
5.62123,2.11989,5.91451,2.79092,4.49188,1.60089,3.15043,3.82947,4.68846,3.01221
3.3527,3.54933,2.38067,3.83232,3.72806,3.37502,4.41191,4.88955,2.99995,3.87917
3.6004,3.47741,4.06151,5.72306,2.54331,4.19175,4.36448,5.53211,4.68809,2.77492
4.5881,5.28716,3.09573,5.93134,4.89142,4.45662,4.84588,4.84352,3.76809,3.87366
5.04386,4.63323,4.6833,4.61354,4.44519,3.78716,3.59354,4.58649,4.48526,5.12327
5.26082,4.43369,6.24645,4.62128,3.59618,4.27354,6.72202,3.68844,3.97231,4.06502
3.72575,4.98155,6.05906,5.306,3.88623,4.45546,2.85281,4.70065,5.34197,4.25082
4.51044,1.9734,3.28755,4.30435,3.80178,3.69959,2.90876,5.00352,3.87288,4.12914
4.45597,3.91461,2.00544,4.66869,3.88733,3.11518,4.07093,5.23314,4.67844,2.9419
3.06543,3.09041,4.06707,4.15024,2.59271,2.7673,4.93343,4.24241,4.41629,4.46133
3.59806,3.74048,2.67704,4.23369,4.90377,5.57562,3.70077,4.12592,2.40156,2.3145
3.62557,4.3211,4.29641,4.41316,5.54356,4.93415,4.1748,4.78235,2.67973,3.88615
4.29967,4.04796,4.29777,3.20063,3.62624,3.88359,5.73734,2.89905,4.30949,4.13035
3.67233,4.37927,3.60237,5.16238,2.84527,4.47619,3.29027,2.4626,3.48509,6.44162
4.39473,4.02365,2.44823,3.8237,4.04532,4.48772,4.28695,2.51013,3.55426,4.01192
2.5746,3.16466,3.40534,4.13069,4.29853,3.57723,4.64115,5.56179,3.64307,5.24257
4.34341,4.20813,3.94403,4.96973,2.39714,2.76265,3.56451,3.84833,4.42315,3.4138
6.153,3.90276,3.84701,3.5961,4.02201,4.00733,5.0258,3.95747,3.85297,3.7574
5.13793,3.61449,2.08661,5.74033,3.90559,3.77062,4.58132,3.47066,2.57076,4.03224
3.48468,5.63272,4.18725,3.57495,3.02325,4.24299,4.34353,4.10809,4.59699,3.73618
1.76039,5.11385,4.84608,0.588171,4.04363,5.4682,6.12866,2.24721,3.91738,4.41499
2.167,4.01074,3.6797,3.48839,4.42444,4.56456,4.78597,4.9794,2.84796,4.51296
3.21783,4.55884,3.12091,2.75473,3.74749,3.49866,5.72442,3.34204,3.16732,5.03351
4.74179,5.02316,2.86089,4.627,4.5909,4.11832,5.05533,6.41967,4.54938,3.97735
2.80388,2.81785,4.67702,4.86648,2.83578,4.7208,3.51613,6.52703,3.72628,3.92069
6.76511,4.65401,3.26764,4.23769,4.22397,2.95801,4.63722,3.42753,3.96947,4.95841
2.85325,3.8008,4.03689,3.41688,4.80153,3.91602,3.47258,2.54025,5.34369,3.86308
3.72764,3.063,3.15207,4.43315,4.34579,2.88298,3.36434,3.14779,3.49955,2.85945
2.9691,2.54432,3.82285,4.16267,4.04981,4.22702,4.24498,3.02508,3.83437,4.84559
4.3396,4.78084,2.04401,3.76005,5.76623,3.2369,4.09177,2.88145,4.65353,4.02189
2.27052,2.49232,4.44666,3.23824,3.98169,4.02883,2.60332,3.59058,4.74457,4.16725
3.6545,3.10153,3.63384,3.67933,4.81677,2.9999,3.61913,4.55787,3.82096,2.88813
4.78701,3.80549,4.04491,4.01688,2.7015,5.17053,4.28221,2.51123,2.87516,4.27788
4.72409,4.09308,4.62088,4.68826,4.29382,2.89815,2.83594,3.36616,3.38631,5.05175
4.27898,3.24772,4.74119,4.00605,4.47265,4.50204,5.15842,5.15023,4.1004,2.40863
6.22356,5.04733,5.31438,3.36836,3.94854,5.55005,5.21468,3.34172,2.95243,4.59339
5.13808,3.66945,4.29534,4.98776,4.05959,3.63504,3.32425,4.84775,3.47149,4.82529
4.3641,5.14394,4.97225,3.54769,4.13505,4.74224,2.89953,2.66221,3.93922,4.14736
5.10642,5.67056,3.24923,3.68222,2.75688,4.40679,6.28196,4.7881,3.59874,3.17568
3.81796,5.70926,4.01086,4.77485,4.60303,4.76824,2.1274,4.26068,4.77932,4.0038
4.30668,4.36545,3.50921,4.36697,4.69779,4.27868,4.35681,3.37995,3.18908,3.84808
3.68833,2.76486,6.02449,5.62108,4.89713,4.7583,4.45634,4.00556,3.02295,1.47913
3.61018,2.98116,4.76407,5.45604,5.44123,4.10754,2.3,4.20343,2.49157,2.41705
3.97337,4.35974,2.79239,3.35705,3.41129,3.32922,3.94786,3.67029,4.52879,3.10202
2.39364,6.88895,3.01331,2.66702,3.80151,5.27161,5.7402,4.02186,3.684,4.14826
3.67123,4.44216,4.81824,3.66804,4.11376,4.7589,4.20201,3.17307,3.38945,6.80516
3.82806,3.8227,5.28512,4.3106,4.15187,5.35217,4.21346,3.77737,5.36571,3.14041
6.39386,3.72688,3.69813,5.47894,4.99211,3.68951,3.40519,2.09494,4.04273,4.20476
2.56647,3.81793,5.06471,3.27435,5.31037,3.89423,2.44357,4.76737,2.85024,4.93915
2.27623,6.1324,3.82146,4.24896,4.03306,2.78451,4.03841,5.27799,4.49752,4.46959
3.03036,5.42027,4.66646,4.63971,4.00408,5.05727,4.59187,2.96864,4.51736,6.62017
4.05981,3.00972,3.34875,2.70315,2.70012,4.45331,4.18626,4.10139,3.50922,2.67571
6.46501,4.17211,4.17143,2.40118,3.60945,2.9677,3.32675,3.05792,4.81227,3.95933
3.48247,5.83669,2.52868,3.36533,3.45117,4.0888,4.05761,3.83747,4.07109,2.30803
3.93859,4.51437,3.69446,3.01056,4.50674,4.8552,4.86614,3.7163,4.67458,4.16202
5.12975,5.2946,3.9774,2.98394,4.0118,3.72811,4.19893,4.74518,6.19067,4.50419
5.37014,2.86485,2.91898,5.37104,3.2538,5.18139,3.46075,3.56747,4.3152,4.03218
3.35486,5.33339,2.87392,5.69914,3.45631,5.01673,4.40102,4.19724,5.36246,4.18143
4.17389,5.79654,3.35544,4.71432,3.9134,1.72961,4.13607,4.2763,4.49766,4.40578
6.11167,5.26265,2.836,3.7729,3.55895,2.94191,1.79669,3.99967,4.22047,4.05748
3.14448,5.1811,3.55384,2.39361,4.7055,4.70277,4.16776,3.58428,4.465,2.59131
2.81214,4.36329,3.429,5.61043,3.75679,3.0172,3.15064,2.87852,2.26703,6.58157
4.96251,2.71378,5.00625,3.86569,4.58095,3.55686,3.92336,3.11091,4.81179,4.55013
3.72269,4.08799,2.75507,5.29913,3.9567,5.04403,4.59655,4.55038,5.06659,4.61849
4.24406,4.5237,0.50774,0.58483,2.45496,4.3632,5.22831,2.18521,2.78086,5.88346
4.82304,4.49583,3.49223,3.58733,2.76629,4.99063,4.39838,5.09987,4.58957,5.59451
2.40707,5.15569,3.7812,5.39081,3.99153,4.87098,4.97566,4.40033,4.17392,3.42857
4.31461,5.55083,4.25814,6.57091,4.11446,2.26363,4.51568,1.93587,4.56285,3.89304
3.95094,4.45999,3.56143,4.00386,6.11152,2.46264,4.76986,5.06638,2.66184,3.98857
4.51557,2.93759,6.17424,3.55402,4.92596,3.58197,4.17094,2.94167,3.34215,5.47324
5.11369,4.88945,3.26598,3.97005,3.40556,3.10914,6.75618,3.37014,4.50022,2.01575
5.18463,3.127,3.22455,1.62472,3.23184,4.04734,1.63473,4.54446,3.42468,3.28103
4.44885,4.16292,4.43277,2.72999,3.78515,3.67315,1.57419,4.76797,3.27493,3.05424
5.09419,4.07748,5.14973,3.29436,4.30794,1.52909,3.87613,3.90389,4.38414,4.30395
4.26371,2.72313,4.97502,4.49482,3.11126,2.77661,5.39546,4.68859,2.82794,4.58978
5.34571,2.78101,4.87683,2.42216,3.52818,3.88125,3.57093,4.56288,3.16403,3.36099
2.95469,3.64317,3.23804,3.62001,4.53569,3.53675,3.58461,1.91942,5.50915,4.21069
4.61479,4.92333,3.74776,3.89281,4.50853,1.62542,3.44961,3.70494,4.75348,3.66453
2.48979,4.13116,4.95828,3.05088,4.31858,3.777,5.39931,2.82179,3.57534,5.16749
2.19709,2.48419,5.3708,4.28151,5.42039,4.14593,6.93858,3.94887,4.7688,3.487
2.80783,6.02384,4.16091,3.91533,1.62924,4.34949,2.50776,2.77894,4.43837,4.06213
3.14642,3.51461,3.93912,2.94685,5.14613,3.5737,2.09437,1.99789,2.67087,2.51008
3.94359,3.83413,2.18062,4.13398,3.25082,3.08395,3.57696,5.25466,4.03177,4.08656
3.62168,4.05853,2.10967,4.28055,2.46251,3.82573,2.41239,4.37833,4.31696,5.15223
4.02809,2.63198,4.61328,3.53755,4.84254,3.48326,3.96579,2.84975,4.21499,3.51362
6.08857,4.09105,4.11389,5.00048,4.75634,3.88459,5.62119,4.12377,3.65749,5.55491
5.52282,3.61364,2.95188,4.53838,1.66904,4.89873,4.46152,2.71683,2.99905,2.56381
4.77147,3.65784,3.59183,4.48199,3.55285,4.05318,3.76157,2.67578,2.89792,3.79863
5.03161,5.31802,4.24717,4.39216,5.50405,4.43374,2.61589,5.21718,5.90921,4.29181
4.32552,6.83348,4.8563,3.58847,6.25695,4.03396,3.70079,5.21631,4.57647,3.93009
4.29712,3.11933,3.12418,4.3153,4.85871,3.58928,4.56083,5.58962,4.86656,4.81398
3.83381,4.04014,5.02384,5.58662,3.80609,2.8158,4.30017,4.70686,3.52419,6.55889
2.58155,3.32859,3.22263,3.07493,2.86191,3.71453,5.71008,3.5189,4.69861,5.06569
3.74037,2.10613,4.46912,5.61237,3.71762,2.56831,5.5792,3.10099,2.4389,4.13229
4.00446,3.79525,4.89728,5.17233,5.41386,3.96739,2.74233,5.61868,5.65617,4.48537
2.95517,4.35014,4.13844,4.29183,5.40907,4.46734,5.14766,2.3427,4.09996,3.21725
3.53035,3.62837,2.56298,5.5164,2.19645,3.54884,3.80256,4.59619,4.65398,4.50536
2.84377,2.54057,4.27495,2.53374,4.11057,6.15969,5.49136,4.76075,5.59985,3.20565
5.74248,4.44622,2.95376,3.54391,3.62577,4.35606,4.88478,1.19446,4.20512,5.59425
4.79001,1.59945,3.19919,4.79138,3.73872,5.40987,7.3068,3.84133,3.8266,4.88215
5.56044,4.12829,3.61553,2.81309,4.56689,4.0684,3.52772,3.54465,2.39699,3.92722
6.03599,4.25302,5.00502,4.37298,3.43104,3.99454,3.03579,1.93517,4.24706,3.8916
4.36076,5.38199,4.60481,6.44472,2.00612,1.96319,4.82599,5.06751,5.49739,2.10832
4.00151,4.58419,4.6693,4.11101,3.19448,3.11952,4.51675,4.44825,4.53533,5.22587
3.11422,3.86761,4.10864,5.41483,4.31019,5.08482,4.61186,4.11778,5.50035,4.31388
4.50035,4.47374,4.23213,2.74859,3.60233,3.67361,3.61141,4.68151,3.00903,3.52848
5.066,2.49427,2.73004,3.59775,5.4631,3.24575,2.27523,2.94147,5.28314,5.10717
4.10121,4.66253,4.85276,3.14826,4.25469,5.6553,2.98894,4.60519,4.61774,5.55663
5.08261,2.43188,3.22049,3.79579,4.38492,4.20624,3.85678,4.04238,4.85632,3.51135
5.0542,4.96827,2.70099,6.2722,4.55947,4.16758,5.53427,2.517,5.5813,4.27741
3.93201,4.97806,3.34579,2.95158,4.71452,2.9198,3.70117,3.00272,3.28567,5.54889
4.15283,4.17037,4.95623,3.16496,4.22883,4.81118,2.36514,5.25564,5.81507,3.28575
4.28446,3.62778,3.48014,5.15951,3.11265,3.20475,3.19763,3.5496,3.98636,3.9716
3.32419,3.96878,4.51063,3.5733,4.7173,4.686,3.18107,3.00758,4.32493,1.24117
4.39265,2.42428,4.87157,4.04055,5.85435,3.40749,5.8476,5.46801,5.73241,3.75392
3.09939,3.78552,5.51136,2.34235,3.42421,3.26437,2.91338,2.89769,1.9485,4.27666
2.76676,4.91717,4.09868,3.56392,4.44729,3.98212,4.34325,3.16167,2.68312,4.57106
3.22288,4.60717,2.88226,2.52485,2.703,4.76494,3.60371,4.14186,4.25948,4.68241
5.42225,2.88366,4.9334,5.53423,3.50808,2.2118,5.05037,3.93521,4.26464,2.57867
5.58982,4.50851,3.41896,1.88646,3.9017,3.64714,2.23708,2.23092,3.91171,2.20176
4.01809,2.88919,4.27308,4.89665,3.79358,3.54256,6.65215,4.06092,5.39936,3.76696
3.75126,4.70376,3.58518,4.04231,3.93108,5.75615,4.5218,2.02962,3.47723,5.55629
5.0596,3.16802,3.73188,3.23275,3.30514,3.80078,3.65577,3.46256,5.03547,3.0675
3.10651,2.4203,3.24947,5.24928,5.67385,3.64466,3.45126,4.85854,3.86275,3.09612
2.76642,4.77764,3.42471,5.12658,3.01123,2.40927,4.73162,3.82172,3.83886,4.45317
2.39043,3.04293,3.2692,5.10011,4.28432,2.06886,3.69862,3.55603,0.360446,4.17134
2.16906,4.59302,3.09888,3.14283,4.60968,4.25418,4.24457,3.37204,3.16791,4.46487
4.48661,4.3218,3.48419,4.24175,4.15969,4.81051,3.50211,4.68631,2.82324,1.98856
4.21142,4.75345,3.03125,3.96804,1.84251,2.41472,4.42192,4.34332,3.48714,3.96705
1.78461,3.70998,3.87696,4.90646,4.37433,4.83538,3.34165,4.08346,4.59069,2.57196
4.5772,3.97693,4.56413,4.44207,4.11044,4.73844,6.0145,5.02096,4.20822,4.23779
4.34263,2.91365,4.84593,3.37863,3.53098,3.40135,4.19579,3.57175,4.52616,4.25794
5.7125,2.2091,2.18498,4.86057,3.36224,4.32325,5.46603,4.02233,2.88246,4.90636
2.02839,2.92924,3.43774,4.69776,3.45554,3.90599,2.7696,4.88825,3.68232,3.0305
4.40706,2.10957,2.33169,5.53325,3.59056,1.59265,4.19787,5.32874,2.76231,4.06508
4.30921,3.11653,3.63341,3.81197,3.4036,4.48392,2.78434,3.78619,1.78094,3.88577
4.09814,3.45342,2.86253,3.64934,4.88123,3.34114,2.53634,3.87772,4.55415,3.19448
5.16087,3.77037,4.59953,3.29609,3.78155,6.02022,5.55673,5.14515,4.35756,4.56637
4.10836,4.1092,4.00616,4.92435,3.61293,3.12346,4.52659,4.12378,4.47728,6.18945
